194 197 241 
190 194 219 
345 346 370 
346 349 370 
178 265 266 
147 265 266 
262 265 266 
146 265 266 
147 178 265 
178 262 265 
146 178 265 
178 261 265 
147 262 265 
146 147 265 
261 262 265 
147 178 266 
178 262 266 
146 178 266 
147 262 266 
146 147 266 
147 178 180 
147 178 262 
146 147 178 
178 180 262 
178 180 181 
178 180 182 
178 229 262 
178 181 262 
178 182 262 
178 261 262 
178 181 229 
178 182 229 
178 229 261 
178 181 182 
178 181 261 
178 182 261 
147 180 262 
388 390 412 
390 391 412 
388 391 412 
180 181 262 
180 182 262 
180 181 182 
390 435 437 
390 391 437 
390 436 437 
435 437 440 
391 437 440 
437 438 440 
436 437 440 
391 435 437 
435 437 438 
435 436 437 
391 437 438 
391 436 437 
436 437 438 
181 229 262 
182 229 262 
229 261 262 
181 182 262 
181 261 262 
182 261 262 
388 390 435 
388 390 391 
390 391 435 
390 435 436 
390 391 436 
181 182 229 
181 229 261 
182 229 261 
376 377 379 
181 182 261 
190 215 219 
140 215 219 
139 140 219 
139 215 219 
388 391 435 
391 435 440 
435 438 440 
435 436 440 
391 438 440 
391 436 440 
436 438 440 
140 142 215 
139 140 142 
136 140 215 
136 139 140 
139 140 215 
391 435 438 
391 435 436 
435 436 438 
391 436 438 
376 379 419 
139 142 215 
400 403 419 
123 127 208 
123 126 127 
126 127 208 
126 127 197 
123 126 208 
123 136 139 
136 139 215 
