146 147 265 
146 178 265 
147 178 265 
178 261 265 
146 147 178 
147 178 180 
178 229 261 
281 290 293 
285 290 293 
281 285 293 
229 259 261 
190 194 219 
190 193 194 
193 194 219 
190 217 219 
190 215 217 
190 193 219 
190 215 219 
190 193 215 
438 439 440 
437 438 440 
435 438 440 
437 439 440 
435 439 440 
435 440 443 
435 437 440 
324 400 401 
400 401 403 
400 401 419 
401 403 419 
437 438 439 
435 438 439 
435 437 438 
140 217 219 
215 217 219 
140 215 217 
281 285 290 
285 290 443 
290 443 444 
285 290 444 
258 259 261 
120 121 123 
120 121 124 
120 123 124 
120 123 208 
120 124 208 
193 215 219 
140 215 219 
136 140 141 
136 141 215 
140 141 215 
136 140 215 
400 403 419 
121 123 124 
280 281 285 
435 437 439 
345 348 370 
345 347 348 
345 346 348 
345 347 370 
345 346 370 
345 346 347 
123 126 127 
124 126 127 
126 127 208 
123 124 127 
123 127 208 
124 127 208 
123 124 126 
123 126 208 
124 126 208 
123 124 208 
285 443 444 
347 348 370 
346 348 370 
348 370 450 
346 347 348 
347 348 450 
346 347 370 
347 370 450 
390 435 437 
