190 193 194 
193 194 241 
130 193 194 
193 194 197 
128 193 194 
193 194 220 
193 194 196 
193 194 239 
130 190 193 
190 193 220 
190 193 215 
130 193 241 
193 197 241 
128 193 241 
193 196 241 
193 239 241 
130 193 197 
128 130 193 
130 193 220 
130 193 196 
130 193 239 
128 193 197 
193 196 197 
193 197 239 
128 193 196 
128 193 239 
193 215 220 
193 196 239 
130 190 194 
190 194 220 
130 194 241 
194 197 241 
128 194 241 
194 196 241 
194 239 241 
130 194 197 
128 130 194 
130 194 220 
130 194 196 
130 194 239 
128 194 197 
194 196 197 
194 197 239 
128 194 196 
128 194 239 
194 196 239 
146 147 268 
146 147 178 
146 147 177 
146 147 270 
143 146 147 
145 146 147 
146 147 175 
146 268 270 
145 146 268 
146 177 178 
145 146 178 
146 175 178 
143 146 177 
145 146 177 
146 175 177 
143 145 146 
143 146 175 
145 146 175 
130 190 220 
190 215 220 
147 268 270 
145 147 268 
147 178 180 
147 178 262 
147 177 178 
145 147 178 
147 175 178 
147 180 262 
147 177 180 
147 177 262 
147 175 262 
143 147 177 
145 147 177 
147 175 177 
143 145 147 
143 147 175 
145 147 175 
130 197 241 
128 130 241 
130 196 241 
130 239 241 
128 197 241 
196 197 241 
197 239 241 
128 196 241 
128 239 241 
196 239 241 
178 180 262 
177 178 180 
178 180 182 
177 178 262 
178 261 262 
178 229 262 
178 182 262 
175 178 262 
177 178 261 
145 177 178 
177 178 182 
175 177 178 
178 229 261 
178 182 261 
175 178 261 
145 175 178 
178 182 229 
177 180 262 
180 182 262 
177 180 182 
128 130 197 
127 130 197 
130 196 197 
130 197 239 
127 128 130 
128 130 196 
128 130 239 
127 130 196 
130 196 239 
127 128 197 
128 196 197 
128 197 239 
127 196 197 
196 197 239 
127 128 196 
128 196 239 
177 261 262 
177 182 262 
175 177 262 
259 261 262 
229 261 262 
182 261 262 
175 261 262 
229 259 262 
182 229 262 
258 259 261 
177 182 261 
175 177 261 
143 145 177 
143 175 177 
145 175 177 
119 120 122 
119 120 123 
119 122 123 
276 281 284 
229 259 261 
182 229 261 
281 284 285 
120 122 123 
143 145 175 
387 407 412 
406 407 412 
336 403 407 
338 403 407 
403 406 407 
335 403 407 
336 338 407 
336 406 407 
335 336 407 
338 406 407 
335 338 407 
335 406 407 
336 338 403 
336 403 406 
335 336 403 
338 403 406 
335 338 403 
335 403 406 
336 338 406 
335 336 338 
335 336 406 
335 338 406 
