143 144 177 
144 149 177 
144 175 177 
141 143 144 
140 143 144 
143 144 212 
143 144 175 
140 141 144 
141 144 212 
140 144 212 
144 149 175 
229 259 261 
178 229 261 
193 241 242 
193 194 242 
193 216 220 
193 215 216 
193 215 220 
130 193 220 
193 194 220 
130 193 241 
193 194 241 
130 193 194 
150 171 173 
149 150 173 
150 151 173 
150 173 175 
150 177 178 
149 150 177 
150 151 177 
150 175 177 
150 151 258 
149 150 178 
150 175 178 
150 151 171 
150 171 175 
149 150 151 
149 150 175 
150 151 175 
258 259 261 
151 259 261 
177 178 261 
149 177 261 
151 177 261 
175 177 261 
151 258 261 
149 178 261 
175 178 261 
149 151 261 
149 175 261 
151 175 261 
151 258 259 
151 171 173 
171 173 175 
149 151 173 
149 173 175 
151 173 175 
143 175 177 
149 177 178 
175 177 178 
149 151 177 
149 175 177 
151 175 177 
136 141 216 
136 140 141 
136 141 215 
136 141 212 
136 140 216 
136 215 216 
136 140 215 
136 140 212 
136 212 215 
123 136 212 
140 141 143 
141 143 215 
141 143 212 
140 143 215 
140 143 212 
143 212 215 
140 141 216 
141 216 220 
141 215 216 
140 141 220 
140 141 215 
140 141 212 
141 215 220 
141 212 220 
141 212 215 
149 175 178 
242 243 244 
241 243 244 
194 243 244 
241 242 244 
194 242 244 
194 241 244 
241 242 243 
194 242 243 
194 241 243 
140 216 217 
216 217 220 
215 216 217 
140 217 220 
140 215 217 
215 217 220 
120 123 212 
120 123 124 
120 124 212 
194 241 242 
140 216 220 
140 215 216 
215 216 220 
140 215 220 
140 212 220 
140 212 215 
151 171 175 
212 215 220 
130 194 220 
130 194 241 
149 151 175 
123 124 127 
123 124 212 
