339mGLU: 00,01,04,05,06,10,11,12,14,15,16,17,18,19,20,21,22,23,27,28,29|21|15.2888
403mALA: 00,01,05,06,10,12,14,15,16,20,21,22,23,27,28|15|12.3156
401mGLY: 00,05,06,09,10,12,14,16,19,20,21,22,23,26,27|15|8.7465
403mLYS: 00,01,05,06,10,12,14,15,16,20,21,22,23,27,28|15|7.4143
403mSER: 00,01,05,06,10,12,14,15,16,20,21,22,23,27,28|15|10.4906
403mGLY: 00,01,05,06,10,12,14,15,16,20,21,22,23,27,28|15|10.4997
419mALA: 05,12,14,15,19,21,22,23,26,27|10|4.4953
419mTHR: 05,12,14,15,19,21,22,23,26,27|10|2.8931
414mGLY: 00,02,09,10,20,21,23,27|8|4.2478
414mMET: 00,02,09,10,20,21,23,27|8|2.6364
414mGLN: 00,02,09,10,20,21,23,27|8|3.9325
414mHIS: 00,02,09,10,20,21,23,27|8|2.7665
414mTHR: 00,02,09,10,20,21,23,27|8|5.3187
414mVAL: 00,02,09,10,20,21,23,27|8|4.356
414mASN: 00,02,09,10,20,21,23,27|8|4.4507
414mSER: 00,02,09,10,20,21,23,27|8|4.0151
414mGLU: 00,02,09,10,20,21,23,27|8|6.8387
376mGLU: 00,01,11,12,14,15,18,19|8|1.3039
414mASP: 00,02,09,10,20,21,23,27|8|5.1232
402mSER: 00,05,10,16,21,23,27|7|1.3489
342mTHR: 00,04,11,15,17,18,29|7|4.2814
342mCYS: 00,04,11,15,17,18,29|7|11.1175
342mGLU: 00,04,11,15,17,18,29|7|6.5323
342mASP: 00,04,11,15,17,18,29|7|4.6258
342mALA: 00,04,11,15,17,18,29|7|6.0076
342mPRO: 00,04,11,15,17,18,29|7|2.4643
342mLEU: 00,04,11,15,17,18,29|7|2.6609
342mILE: 00,04,11,15,17,18,29|7|3.6017
342mGLN: 00,04,11,15,17,18,29|7|1.553
402mGLU: 00,05,10,16,21,23,27|7|1.3209
412mGLU: 07,09,10,13,20,28|6|1.2326
418mSER: 05,14,19,22,23,26|6|1.0011
434mTHR: 09,10,16,20,28|5|1.279
421mCYS: 12,19,22,26,27|5|6.3715
421mALA: 12,19,22,26,27|5|3.4638
434mALA: 09,10,16,20,28|5|1.8056
434mGLY: 09,10,16,20,28|5|1.7346
434mSER: 09,10,16,20,28|5|1.4231
434mASP: 09,10,16,20,28|5|2.4124
434mGLU: 09,10,16,20,28|5|1.7458
392mILE: 10,20,27,28|4|1.3314
392mTHR: 10,20,27,28|4|1.9623
392mGLN: 10,20,27,28|4|1.3472
392mCYS: 10,20,27,28|4|4.7129
432mASP: 09,16,20,21|4|2.3377
392mPRO: 10,20,27,28|4|1.8473
432mGLY: 09,16,20,21|4|1.5202
392mASP: 10,20,27,28|4|2.721
432mGLU: 09,16,20,21|4|1.8554
432mCYS: 09,16,20,21|4|2.5367
392mGLU: 10,20,27,28|4|2.8547
380mCYS: 01,12,22,26|4|2.2441
392mVAL: 10,20,27,28|4|1.9813
437mGLU: 07,09,20|3|1.183
420mASP: 12,22,26|3|1.5243
420mVAL: 12,22,26|3|1.4386
381mPHE: 12,22,23|3|1.2288
381mTHR: 12,22,23|3|1.8688
420mALA: 12,22,26|3|1.6343
381mGLY: 12,22,23|3|1.3416
420mCYS: 12,22,26|3|2.8747
381mVAL: 12,22,23|3|1.5786
381mSER: 12,22,23|3|1.2372
420mTHR: 12,22,26|3|1.64
381mASN: 12,22,23|3|1.5322
420mASN: 12,22,26|3|1.2616
420mGLU: 12,22,26|3|2.2379
381mLYS: 12,22,23|3|1.2195
420mILE: 12,22,26|3|1.3191
370mALA: 13,17,24|3|1.0534
420mPHE: 12,22,26|3|1.212
420mLYS: 12,22,26|3|1.1499
381mLEU: 12,22,23|3|1.1238
381mILE: 12,22,23|3|1.3902
381mGLU: 12,22,23|3|2.4473
420mPRO: 12,22,26|3|1.2217
420mGLY: 12,22,26|3|1.0318
381mALA: 12,22,23|3|1.7303
381mASP: 12,22,23|3|1.5494
381mGLN: 12,22,23|3|1.1102
349mALA: 13,24|2|1.1694
391mASP: 10,20|2|1.2637
391mLYS: 10,20|2|1.3712
349mTHR: 13,24|2|1.3415
369mGLY: 02,24|2|1.0815
369mASP: 02,24|2|1.6209
349mGLU: 13,24|2|1.8553
349mVAL: 13,24|2|1.1744
391mCYS: 10,20|2|2.5084
369mCYS: 02,24|2|1.4493
369mGLU: 02,24|2|1.0091
391mGLU: 10,20|2|1.4216
369mASN: 02,24|2|1.2043
391mALA: 10,20|2|1.6578
430mCYS: 21,27|2|1.9509
391mGLY: 10,20|2|1.2101
391mTHR: 10,20|2|1.1106
369mLYS: 02,24|2|1.2508
360mCYS: 24|1|1.3851
427mCYS: 19|1|1.6076
397mCYS: 19|1|1.127
351mCYS: 24|1|1.127
451mCYS: 24|1|1.7248
451mGLU: 24|1|1.088
