262mALA: 00,04,07,08,15,19,28,29|8|4.015
262mGLY: 00,04,07,08,15,19,28,29|8|3.3183
136mALA: 05,06,16,17,23,26,27|7|6.4648
229mHIS: 00,04,07,08,15,19,20|7|2.1011
229mGLY: 00,04,07,08,15,19,20|7|1.5572
134mGLU: 03,06,11,17,23,26,27|7|8.7095
134mASP: 03,06,11,17,23,26,27|7|5.7578
229mSER: 00,04,07,08,15,19,20|7|1.7479
146mCYS: 00,04,05,07,10,28,29|7|4.5004
146mTHR: 00,04,05,07,10,28,29|7|4.9577
136mGLU: 05,06,16,17,23,26,27|7|5.2489
261mALA: 00,04,07,08,15,19,28|7|4.7143
136mASP: 05,06,16,17,23,26,27|7|3.4229
136mTHR: 05,06,16,17,23,26,27|7|5.8627
134mALA: 03,06,11,17,23,26,27|7|6.0274
229mMET: 00,04,07,08,15,19,20|7|1.5082
119mASP: 00,04,05,08,10,16,26|7|2.4265
134mVAL: 03,06,11,17,23,26,27|7|4.7623
146mGLU: 00,04,05,07,10,28,29|7|6.5651
134mLEU: 03,06,11,17,23,26,27|7|5.858
136mGLN: 05,06,16,17,23,26,27|7|2.5326
261mGLU: 00,04,07,08,15,19,28|7|5.1271
119mGLU: 00,04,05,08,10,16,26|7|2.7192
136mGLY: 05,06,16,17,23,26,27|7|5.3841
136mILE: 05,06,16,17,23,26,27|7|2.7239
134mSER: 03,06,11,17,23,26,27|7|3.5078
136mLEU: 05,06,16,17,23,26,27|7|3.3914
134mTHR: 03,06,11,17,23,26,27|7|6.6433
134mGLY: 03,06,11,17,23,26,27|7|4.1765
146mASP: 00,04,05,07,10,28,29|7|3.4622
127mTHR: 06,11,16,17,26,27|6|2.0092
127mGLU: 06,11,16,17,26,27|6|2.0896
147mALA: 00,05,07,10,28,29|6|2.2901
263mGLU: 00,04,07,19,21,28|6|4.2237
130mGLN: 03,11,16,17,23|5|2.689
130mGLU: 03,11,16,17,23|5|3.8799
182mASP: 00,08,10,15,19|5|3.1721
206mASP: 06,11,15,17,26|5|2.6949
130mGLY: 03,11,16,17,23|5|2.2449
130mVAL: 03,11,16,17,23|5|2.1853
130mASN: 03,11,16,17,23|5|2.8482
130mALA: 03,11,16,17,23|5|2.2568
245mALA: 02,06,11,17,27|5|1.0462
130mSER: 03,11,16,17,23|5|2.7638
206mILE: 06,11,15,17,26|5|2.06
130mASP: 03,11,16,17,23|5|2.754
130mILE: 03,11,16,17,23|5|2.5877
206mGLN: 06,11,15,17,26|5|2.7213
126mTHR: 06,11,16,17,26|5|2.491
130mPHE: 03,11,16,17,23|5|2.4145
130mTRP: 03,11,16,17,23|5|2.0072
126mGLU: 06,11,16,17,26|5|3.1877
206mSER: 06,11,15,17,26|5|1.7706
206mTHR: 06,11,15,17,26|5|2.3682
206mASN: 06,11,15,17,26|5|1.5134
130mTHR: 03,11,16,17,23|5|3.3189
141mALA: 00,05,10,16,23|5|1.5761
123mLYS: 06,16,17,26|4|1.7191
197mASN: 02,06,11,17|4|1.0112
193mSER: 03,11,23,27|4|1.716
123mMET: 06,16,17,26|4|2.1908
259mALA: 15,20,21,28|4|2.0386
123mGLU: 06,16,17,26|4|1.8666
244mGLY: 03,06,11,27|4|3.1187
244mLEU: 03,06,11,27|4|2.1575
135mSER: 06,16,17,26|4|1.692
135mALA: 06,16,17,26|4|2.0031
244mVAL: 03,06,11,27|4|1.5208
193mGLU: 03,11,23,27|4|2.2893
123mTHR: 06,16,17,26|4|2.2311
244mMET: 03,06,11,27|4|1.2258
123mGLY: 06,16,17,26|4|2.5459
197mTHR: 02,06,11,17|4|1.3666
123mASN: 06,16,17,26|4|1.9825
123mSER: 06,16,17,26|4|2.1963
123mGLN: 06,16,17,26|4|1.3408
135mGLY: 06,16,17,26|4|1.8824
244mHIS: 03,06,11,27|4|1.7025
244mGLU: 03,06,11,27|4|2.0473
244mSER: 03,06,11,27|4|2.3435
268mGLY: 04,05,07,28|4|1.3205
197mSER: 02,06,11,17|4|1.3495
259mTHR: 15,20,21,28|4|1.859
123mILE: 06,16,17,26|4|1.106
244mALA: 03,06,11,27|4|2.8068
123mVAL: 06,16,17,26|4|1.7502
244mILE: 03,06,11,27|4|1.0263
259mVAL: 15,20,21,28|4|1.1714
123mLEU: 06,16,17,26|4|1.5868
244mCYS: 03,06,11,27|4|2.2009
123mHIS: 06,16,17,26|4|2.5821
135mGLU: 06,16,17,26|4|1.5699
123mALA: 06,16,17,26|4|1.9818
217mHIS: 03,23,27|3|1.0811
178mSER: 00,19,29|3|1.2696
208mGLN: 08,15,26|3|1.5453
243mVAL: 02,03,27|3|1.3817
145mTHR: 00,10,29|3|1.7271
196mGLU: 11,16,17|3|1.612
243mGLY: 02,03,27|3|1.946
218mGLU: 03,23,27|3|1.3357
208mASN: 08,15,26|3|1.4519
178mGLY: 00,19,29|3|1.3746
217mALA: 03,23,27|3|1.2978
164mGLU: 02,03,25|3|1.0278
208mTHR: 08,15,26|3|1.5864
124mGLU: 11,16,26|3|1.11
217mGLY: 03,23,27|3|1.8337
400mVAL: 18,21,24|3|1.2884
196mGLY: 11,16,17|3|1.4307
243mALA: 02,03,27|3|2.3973
196mSER: 11,16,17|3|1.5098
196mMET: 11,16,17|3|1.2264
243mCYS: 02,03,27|3|2.7859
400mASP: 18,21,24|3|1.0366
208mASP: 08,15,26|3|1.6779
178mGLU: 00,19,29|3|1.0022
196mTHR: 11,16,17|3|1.4268
219mALA: 03,23,27|3|1.0483
400mTHR: 18,21,24|3|1.3713
196mASN: 11,16,17|3|1.3447
243mGLU: 02,03,27|3|1.5261
400mCYS: 18,21,24|3|3.6046
178mMET: 00,19,29|3|1.0096
178mTHR: 00,19,29|3|1.1776
400mGLU: 18,21,24|3|2.3697
217mSER: 03,23,27|3|1.2327
178mHIS: 00,19,29|3|1.5365
400mALA: 18,21,24|3|1.915
196mHIS: 11,16,17|3|1.3996
243mLEU: 02,03,27|3|1.7061
218mLEU: 03,23,27|3|1.0047
178mALA: 00,19,29|3|1.4444
208mSER: 08,15,26|3|1.9705
243mLYS: 02,03,27|3|1.5462
243mSER: 02,03,27|3|1.6652
208mGLU: 08,15,26|3|1.8889
243mILE: 02,03,27|3|1.338
218mTHR: 03,23,27|3|1.1126
400mLEU: 18,21,24|3|1.3255
145mGLU: 00,10,29|3|2.0342
