293 296 
293 297 
290 293 
178 179 
179 265 
146 179 
179 261 
179 263 
177 179 
438 440 
436 440 
178 265 
146 178 
178 261 
178 263 
178 229 
177 178 
146 265 
265 269 
261 265 
263 265 
177 265 
436 438 
329 336 
322 329 
329 331 
146 269 
146 177 
296 297 
290 296 
261 263 
258 261 
259 261 
229 261 
177 261 
290 297 
336 339 
339 406 
339 403 
339 415 
259 263 
177 263 
258 259 
229 259 
336 406 
336 403 
331 336 
136 141 
123 136 
132 136 
403 406 
406 412 
406 415 
290 444 
388 412 
388 415 
123 132 
120 123 
345 346 
400 403 
331 403 
403 415 
412 415 
331 400 
