146 268 
265 268 
144 146 
146 265 
146 178 
126 206 
201 206 
205 206 
121 122 
121 123 
121 124 
140 144 
126 127 
127 197 
123 127 
127 196 
124 127 
127 135 
293 297 
297 300 
292 297 
297 299 
297 311 
126 197 
123 126 
126 196 
124 126 
178 180 
178 265 
197 248 
196 248 
248 250 
248 251 
245 248 
242 248 
299 305 
303 305 
305 311 
305 308 
196 197 
197 250 
293 300 
292 293 
293 299 
299 300 
300 303 
300 311 
300 308 
201 205 
201 251 
122 123 
122 124 
122 135 
123 136 
136 140 
135 136 
436 438 
438 439 
438 440 
123 124 
123 135 
292 299 
292 311 
196 245 
196 244 
196 242 
436 439 
436 440 
439 440 
250 251 
299 303 
299 311 
299 308 
303 308 
124 135 
244 245 
242 245 
243 245 
308 311 
242 244 
243 244 
135 140 
140 217 
242 243 
