M = 393 440 443 
443 444 445 | 435 438 440 | 391 412 414 | 435 440 443 | 400 401 403 | 435 440 443 | 388 390 435 | 437 438 440 | 400 401 428 | 435 437 440 | 400 401 428 | 440 441 443 | 355 362 445 | 394 401 403 | 393 401 432 | 363 443 444 | 440 441 443 | 396 432 443 | 388 390 393 | 394 443 445 | 388 407 411 | 432 434 440 | 388 410 411 | 387 388 391 | 400 401 403 | 434 438 440 | 

M = 345 346 370 
345 347 370 | 349 351 454 | 339 403 405 | 339 342 376 | 419 420 421 | 347 351 370 | 358 450 454 | 346 347 370 | 339 342 406 | 379 419 421 | 339 403 407 | 365 368 370 | 370 450 451 | 339 405 408 | 351 453 454 | 341 345 375 | 375 377 379 | 375 378 419 | 

M = 152 167 173 
164 165 249 | 130 194 220 | 146 265 267 | 180 182 262 | 127 130 196 | 163 165 249 | 196 241 242 | 182 226 231 | 149 263 267 | 121 123 138 | 162 164 165 | 146 265 267 | 149 150 173 | 194 196 242 | 229 261 262 | 120 124 208 | 162 164 165 | 193 196 242 | 164 165 249 | 146 150 267 | 194 242 244 | 146 265 267 | 178 229 262 | 146 147 267 | 193 196 197 | 163 164 165 | 164 165 249 | 146 149 266 | 126 127 130 | 146 150 267 | 164 165 249 | 123 127 134 | 162 164 167 | 232 258 261 | 126 127 130 | 119 120 123 | 146 147 267 | 194 242 244 | 196 241 242 | 144 146 149 | 162 167 253 | 194 196 242 | 228 229 259 | 164 165 249 | 146 175 267 | 235 249 251 | 194 197 239 | 

FREQUENCIES
440: 10
146: 10
165: 9
443: 9
164: 9
267: 9
370: 8
196: 7
242: 7
249: 7
194: 6
401: 6
345: 5
403: 5
388: 5
435: 5
339: 5
130: 4
400: 4
127: 4
346: 4
162: 4
149: 4
347: 3
262: 3
123: 3
265: 3
375: 3
419: 3
393: 3
445: 3
438: 3
432: 3
454: 3
229: 3
167: 3
150: 3
351: 3
126: 2
407: 2
405: 2
342: 2
261: 2
379: 2
411: 2
197: 2
193: 2
391: 2
390: 2
394: 2
428: 2
421: 2
441: 2
444: 2
244: 2
241: 2
437: 2
434: 2
450: 2
173: 2
182: 2
163: 2
147: 2
120: 2
134: 1
138: 1
341: 1
220: 1
349: 1
408: 1
263: 1
124: 1
266: 1
378: 1
410: 1
412: 1
377: 1
376: 1
396: 1
119: 1
414: 1
368: 1
420: 1
365: 1
362: 1
363: 1
451: 1
453: 1
258: 1
259: 1
178: 1
253: 1
175: 1
251: 1
406: 1
387: 1
180: 1
228: 1
226: 1
152: 1
239: 1
235: 1
231: 1
232: 1
144: 1
208: 1
121: 1
355: 1
358: 1
