D106n1.txt,0, | 158 163 250 | 130 194 220 | 146 150 178 | ,Score: 0

D106n2.txt,0, | 394 432 444 | 389 432 435 | 389 407 411 | ,Score: 0

D110n1.txt,0, | 149 262 265 | 146 150 267 | 126 130 196 | ,Score: 0

D110n2.txt,0, | 393 430 444 | 394 400 403 | 391 435 439 | ,Score: 0

D204n1.txt,0, | 196 199 249 | 165 191 194 | 120 123 208 | ,Score: 0

D204n2.txt,0, | 381 402 419 | 381 419 421 | 392 412 414 | ,Score: 0

D206n1.txt,0, | 148 179 262 | 144 147 149 | 165 190 240 | ,Score: 0

D206n2.txt,0, | 363 392 444 | 351 367 372 | 403 405 414 | ,Score: 0

D214n1.txt,0, | 150 178 267 | 150 152 258 | 153 156 167 | ,Score: 0

D214n2.txt,0, | 391 435 439 | 366 389 412 | 389 391 435 | ,Score: 0

D301n1.txt,0, | 229 259 262 | 178 262 267 | 165 190 194 | ,Score: 0

D301n2.txt,0, | 388 390 435 | 401 403 419 | 351 364 370 | ,Score: 0

D302n1.txt,0, | 190 194 219 | 163 164 249 | 143 147 175 | ,Score: 0

D302n2.txt,0, | 345 346 370 | 351 366 369 | 394 400 403 | ,Score: 0

D305n1.txt,0, | 152 167 171 | 149 262 267 | 228 259 262 | ,Score: 0

D305n2.txt,0, | 347 370 450 | 392 440 443 | 401 430 432 | ,Score: 0

D307n1.txt,0, | 148 179 261 | 196 237 249 | 165 190 194 | ,Score: 0

D307n2.txt,0, | 398 420 424 | 390 432 435 | 402 405 414 | ,Score: 0

D312n1.txt,0, | 196 197 249 | 167 172 190 | 124 127 135 | ,Score: 0

D312n2.txt,0, | 366 391 413 | 350 426 454 | 391 395 432 | ,Score: 0

D318n1.txt,0, | 163 165 167 | 157 164 249 | 130 194 241 | ,Score: 0

D318n2.txt,0, | 391 432 440 | 401 403 419 | 363 391 443 | ,Score: 0

D323n1.txt,0, | 149 152 172 | 256 259 261 | 126 130 196 | ,Score: 0

D323n2.txt,0, | 391 394 441 | 351 372 450 | 351 426 453 | ,Score: 0

D324n1.txt,0, | 149 178 262 | 146 150 178 | 153 167 173 | ,Score: 0

D324n2.txt,0, | 366 391 414 | 401 430 432 | 389 393 395 | ,Score: 0

D410n1.txt,0, | 128 193 241 | 149 151 261 | 165 190 194 | ,Score: 0

D410n2.txt,0, | 401 403 419 | 392 440 443 | 385 406 412 | ,Score: 0

D430n1.txt,0, | 194 196 242 | 228 259 261 | 156 164 249 | ,Score: 0

D430n2.txt,0, | 432 434 444 | 401 403 419 | 391 434 439 | ,Score: 0

D431n1.txt,0, | 122 135 141 | 163 165 249 | 193 197 241 | ,Score: 0

D431n2.txt,0, | 391 439 442 | 387 414 416 | 391 435 439 | ,Score: 0

