M = 193 194 220 
194 243 244 | 194 242 243 | 123 127 134 | 146 265 267 | 146 150 267 | 204 205 206 | 146 149 265 | 242 244 245 | 237 250 251 | 127 130 135 | 146 265 267 | 194 242 244 | 150 257 258 | 119 120 123 | 130 196 241 | 144 146 149 | 233 257 258 | 

M = 391 440 443 
391 435 440 | 391 438 440 | 391 392 414 | 393 440 443 | 362 443 444 | 437 438 440 | 366 389 390 | 391 438 440 | 434 436 440 | 355 362 445 | 393 440 443 | 444 445 447 | 438 439 440 | 366 387 391 | 391 438 440 | 393 440 442 | 

M = 401 402 419 
341 342 345 | 347 348 349 | 400 401 430 | 400 401 419 | 345 346 347 | 351 364 369 | 346 347 370 | 400 401 430 | 375 377 379 | 342 345 346 | 401 402 404 | 375 378 419 | 

FREQUENCIES
440: 11
391: 7
146: 5
401: 5
438: 5
194: 4
443: 4
265: 3
393: 3
345: 3
346: 3
347: 3
400: 3
244: 3
267: 3
242: 3
419: 3
150: 2
127: 2
257: 2
342: 2
366: 2
402: 2
445: 2
444: 2
123: 2
243: 2
149: 2
362: 2
258: 2
130: 2
375: 2
430: 2
193: 1
392: 1
390: 1
135: 1
134: 1
250: 1
237: 1
119: 1
369: 1
204: 1
379: 1
251: 1
206: 1
341: 1
364: 1
233: 1
348: 1
349: 1
144: 1
196: 1
205: 1
370: 1
351: 1
447: 1
245: 1
389: 1
442: 1
387: 1
220: 1
120: 1
404: 1
414: 1
378: 1
355: 1
241: 1
377: 1
439: 1
436: 1
437: 1
434: 1
435: 1
