D106n1.txt,0, | ,Score: 0

D106n2.txt,0, | 435 440 443 | 435 438 440 | 391 440 443 | ,Score: 0

D110n1.txt,0, | 194 242 244 | 194 243 244 | 194 242 243 | ,Score: 0

D110n2.txt,0, | ,Score: 0

D204n1.txt,0, | ,Score: 0

D204n2.txt,0, | 402 419 420 | 392 434 436 | 342 345 381 | ,Score: 0

D206n1.txt,0, | ,Score: 0

D206n2.txt,0, | 362 443 446 | 372 375 418 | 355 361 430 | ,Score: 0

D214n1.txt,0, | 150 153 258 | 147 178 267 | 147 150 178 | ,Score: 0

D214n2.txt,0, | ,Score: 0

D301n1.txt,0, | ,Score: 0

D301n2.txt,0, | 426 428 450 | 346 347 370 | 394 443 444 | ,Score: 0

D302n1.txt,0, | ,Score: 0

D302n2.txt,0, | 351 364 369 | 437 438 440 | 389 390 394 | ,Score: 0

D305n1.txt,0, | ,Score: 0

D305n2.txt,0, | 391 435 439 | 391 438 440 | 391 441 443 | ,Score: 0

D307n1.txt,0, | ,Score: 0

D307n2.txt,0, | 434 436 439 | 398 420 424 | 355 362 445 | ,Score: 0

D312n1.txt,0, | 126 206 208 | 146 150 267 | 127 130 135 | ,Score: 0

D312n2.txt,0, | ,Score: 0

D318n1.txt,0, | ,Score: 0

D318n2.txt,0, | 400 402 419 | 432 435 440 | 402 405 415 | ,Score: 0

D323n1.txt,0, | 152 153 259 | 178 261 265 | 149 262 267 | ,Score: 0

D323n2.txt,0, | ,Score: 0

D324n1.txt,0, | 134 139 219 | 149 178 262 | 120 123 208 | ,Score: 0

D324n2.txt,0, | ,Score: 0

D410n1.txt,0, | 128 193 241 | 146 149 265 | 151 152 259 | ,Score: 0

D410n2.txt,0, | ,Score: 0

D430n1.txt,0, | ,Score: 0

D430n2.txt,0, | 401 430 432 | 432 434 440 | 419 421 424 | ,Score: 0

D431n1.txt,0, | ,Score: 0

D431n2.txt,0, | 391 432 435 | 435 438 440 | 393 435 442 | ,Score: 0

