M = 351 365 369 
438 439 441 | 343 345 346 | 436 438 441 | 390 392 414 | 342 376 380 | 349 370 451 | 349 350 426 | 345 375 376 | 432 444 445 | 389 390 394 | 426 428 450 | 345 346 370 | 362 364 365 | 389 390 394 | 364 365 369 | 447 450 454 | 391 438 441 | 391 435 438 | 432 434 444 | 355 362 444 | 362 364 365 | 342 345 346 | 391 438 441 | 404 406 415 | 342 375 378 | 421 423 424 | 391 434 438 | 390 391 434 | 362 442 444 | 

M = 130 196 241 
193 194 242 | 194 243 244 | 193 194 220 | 123 127 134 | 242 244 245 | 122 123 208 | 123 126 208 | 190 193 219 | 196 242 244 | 123 136 139 | 

M = 232 258 261 
229 259 262 | 147 149 150 | 150 152 173 | 180 181 182 | 150 173 257 | 233 257 258 | 

FREQUENCIES
438: 6
391: 5
390: 4
345: 4
365: 4
362: 4
441: 4
444: 4
123: 4
150: 3
193: 3
346: 3
342: 3
194: 3
364: 3
244: 3
242: 3
434: 3
450: 2
173: 2
369: 2
257: 2
349: 2
426: 2
196: 2
394: 2
208: 2
389: 2
432: 2
258: 2
370: 2
375: 2
376: 2
152: 1
229: 1
451: 1
127: 1
454: 1
190: 1
219: 1
130: 1
392: 1
261: 1
136: 1
134: 1
181: 1
139: 1
232: 1
233: 1
428: 1
180: 1
182: 1
404: 1
421: 1
147: 1
351: 1
447: 1
343: 1
445: 1
380: 1
122: 1
241: 1
406: 1
243: 1
442: 1
149: 1
378: 1
423: 1
220: 1
245: 1
350: 1
126: 1
424: 1
414: 1
415: 1
355: 1
259: 1
439: 1
436: 1
435: 1
262: 1
