D106n1.txt,0, | ,Score: 0

D106n2.txt,0, | 391 439 441 | 343 345 346 | 436 438 441 | ,Score: 0

D110n1.txt,0, | 194 242 243 | 194 243 244 | 193 194 220 | ,Score: 0

D110n2.txt,0, | ,Score: 0

D204n1.txt,0, | ,Score: 0

D204n2.txt,0, | 397 402 420 | 342 345 381 | 349 351 370 | ,Score: 0

D206n1.txt,0, | ,Score: 0

D206n2.txt,0, | 350 369 372 | 345 348 371 | 354 364 431 | ,Score: 0

D214n1.txt,0, | 178 182 229 | 150 153 258 | 149 178 266 | ,Score: 0

D214n2.txt,0, | ,Score: 0

D301n1.txt,0, | ,Score: 0

D301n2.txt,0, | 389 390 394 | 359 360 362 | 346 347 370 | ,Score: 0

D302n1.txt,0, | ,Score: 0

D302n2.txt,0, | 351 364 369 | 389 390 394 | 364 365 369 | ,Score: 0

D305n1.txt,0, | ,Score: 0

D305n2.txt,0, | 347 370 450 | 391 438 441 | 391 435 439 | ,Score: 0

D307n1.txt,0, | ,Score: 0

D307n2.txt,0, | 434 436 438 | 355 361 445 | 364 365 369 | ,Score: 0

D312n1.txt,0, | 149 173 175 | 126 132 196 | 123 135 139 | ,Score: 0

D312n2.txt,0, | ,Score: 0

D318n1.txt,0, | ,Score: 0

D318n2.txt,0, | 405 415 418 | 435 438 441 | 404 405 415 | ,Score: 0

D323n1.txt,0, | 149 183 261 | 124 127 135 | 150 152 171 | ,Score: 0

D323n2.txt,0, | ,Score: 0

D324n1.txt,0, | 178 181 261 | 149 261 262 | 123 134 139 | ,Score: 0

D324n2.txt,0, | ,Score: 0

D410n1.txt,0, | 124 127 128 | 193 196 242 | 151 233 258 | ,Score: 0

D410n2.txt,0, | ,Score: 0

D430n1.txt,0, | ,Score: 0

D430n2.txt,0, | 351 358 447 | 342 345 375 | 421 423 424 | ,Score: 0

D431n1.txt,0, | ,Score: 0

D431n2.txt,0, | 391 435 438 | 390 391 435 | 391 435 442 | ,Score: 0

