M = 366 390 391 
438 439 441 | 436 438 441 | 391 436 438 | 342 376 380 | 390 392 414 | 349 370 451 | 375 376 377 | 351 354 426 | 432 444 445 | 389 390 409 | 389 390 394 | 426 428 450 | 437 438 441 | 362 364 365 | 389 390 394 | 447 450 454 | 391 438 439 | 435 438 441 | 355 356 444 | 355 362 444 | 432 434 444 | 402 404 405 | 342 406 415 | 380 418 421 | 351 365 369 | 421 423 424 | 342 375 378 | 362 442 444 | 390 391 434 | 

M = 126 127 130 
190 193 194 | 190 193 194 | 123 126 127 | 140 217 220 | 140 217 219 | 123 126 208 | 123 136 137 | 126 127 196 | 123 135 136 | 

M = 232 258 261 
229 259 262 | 152 257 259 | 229 259 261 | 180 181 182 | 152 173 257 | 233 257 258 | 

FREQUENCIES
390: 6
438: 6
444: 5
126: 4
391: 4
441: 4
123: 4
257: 3
342: 3
362: 3
127: 3
389: 3
259: 3
217: 2
152: 2
450: 2
194: 2
190: 2
193: 2
136: 2
394: 2
421: 2
365: 2
426: 2
140: 2
380: 2
261: 2
229: 2
432: 2
258: 2
355: 2
351: 2
439: 2
436: 2
434: 2
375: 2
376: 2
418: 1
454: 1
219: 1
130: 1
392: 1
137: 1
135: 1
181: 1
173: 1
232: 1
233: 1
406: 1
180: 1
182: 1
428: 1
405: 1
404: 1
402: 1
451: 1
364: 1
349: 1
409: 1
196: 1
208: 1
369: 1
447: 1
445: 1
262: 1
442: 1
378: 1
423: 1
220: 1
366: 1
435: 1
415: 1
424: 1
414: 1
356: 1
354: 1
370: 1
437: 1
377: 1
