D106n1.txt,0, | ,Score: 0

D106n2.txt,0, | 391 439 441 | 436 439 441 | 391 436 438 | ,Score: 0

D110n1.txt,0, | 190 193 194 | 167 171 190 | ,Score: 0

D110n2.txt,0, | ,Score: 0

D204n1.txt,0, | ,Score: 0

D204n2.txt,0, | 376 381 420 | 390 434 436 | 420 424 427 | ,Score: 0

D206n1.txt,0, | ,Score: 0

D206n2.txt,0, | 350 369 372 | 354 364 446 | 361 431 445 | ,Score: 0

D214n1.txt,0, | 152 258 259 | 152 257 259 | 152 153 232 | ,Score: 0

D214n2.txt,0, | ,Score: 0

D301n1.txt,0, | ,Score: 0

D301n2.txt,0, | 389 390 409 | 389 390 394 | 426 428 450 | ,Score: 0

D302n1.txt,0, | ,Score: 0

D302n2.txt,0, | 389 390 409 | 351 364 369 | 389 390 394 | ,Score: 0

D305n1.txt,0, | ,Score: 0

D305n2.txt,0, | 447 450 454 | 391 438 441 | 435 438 441 | ,Score: 0

D307n1.txt,0, | ,Score: 0

D307n2.txt,0, | 355 428 445 | 355 361 445 | 434 436 438 | ,Score: 0

D312n1.txt,0, | 201 208 226 | 135 138 140 | 124 127 135 | ,Score: 0

D312n2.txt,0, | ,Score: 0

D318n1.txt,0, | ,Score: 0

D318n2.txt,0, | 402 404 418 | 402 405 415 | 380 418 421 | ,Score: 0

D323n1.txt,0, | 171 190 219 | 183 259 262 | 123 131 135 | ,Score: 0

D323n2.txt,0, | ,Score: 0

D324n1.txt,0, | 181 229 262 | 152 172 257 | 123 127 208 | ,Score: 0

D324n2.txt,0, | ,Score: 0

D410n1.txt,0, | 127 130 197 | 152 233 259 | 124 127 135 | ,Score: 0

D410n2.txt,0, | ,Score: 0

D430n1.txt,0, | ,Score: 0

D430n2.txt,0, | 351 358 447 | 421 423 424 | 342 375 378 | ,Score: 0

D431n1.txt,0, | ,Score: 0

D431n2.txt,0, | 435 438 442 | 390 432 435 | 387 390 409 | ,Score: 0

