M = 432 434 444 
438 439 441 | 436 438 441 | 391 436 438 | 390 409 414 | 349 370 451 | 376 381 420 | 349 350 426 | 371 372 418 | 432 444 445 | 389 390 409 | 389 390 394 | 426 428 450 | 389 390 394 | 362 364 365 | 364 365 369 | 391 438 439 | 447 450 454 | 391 438 441 | 355 362 444 | 362 364 365 | 380 418 421 | 404 406 415 | 391 438 441 | 351 358 447 | 351 365 369 | 421 423 424 | 390 391 434 | 362 442 444 | 391 432 434 | 

M = 258 259 261 
153 258 259 | 178 262 266 | 232 258 259 | 229 259 261 | 232 258 259 | 178 180 182 | 154 233 258 | 

M = 140 217 220 
190 193 194 | 190 193 194 | 130 134 135 | 122 124 208 | 140 217 219 | 136 137 140 | 156 250 251 | 135 136 137 | 

FREQUENCIES
391: 6
438: 6
390: 5
258: 5
259: 5
365: 4
362: 4
441: 4
444: 4
364: 3
140: 3
389: 3
432: 3
434: 3
217: 2
450: 2
194: 2
394: 2
190: 2
193: 2
137: 2
136: 2
135: 2
178: 2
369: 2
232: 2
421: 2
349: 2
409: 2
426: 2
351: 2
439: 2
447: 2
261: 2
436: 2
418: 2
153: 1
122: 1
154: 1
134: 1
454: 1
219: 1
130: 1
250: 1
251: 1
233: 1
406: 1
156: 1
182: 1
428: 1
180: 1
404: 1
451: 1
420: 1
208: 1
445: 1
380: 1
381: 1
423: 1
124: 1
266: 1
229: 1
358: 1
442: 1
220: 1
262: 1
424: 1
414: 1
415: 1
355: 1
350: 1
371: 1
370: 1
372: 1
376: 1
