D106n1.txt,0, | ,Score: 0

D106n2.txt,0, | 391 439 441 | 436 438 441 | 391 436 438 | ,Score: 0

D110n1.txt,0, | 190 193 194 | 167 171 190 | ,Score: 0

D110n2.txt,0, | ,Score: 0

D204n1.txt,0, | ,Score: 0

D204n2.txt,0, | 390 434 436 | 397 420 427 | 376 381 420 | ,Score: 0

D206n1.txt,0, | ,Score: 0

D206n2.txt,0, | 350 364 370 | 349 370 372 | 354 364 431 | ,Score: 0

D214n1.txt,0, | 154 232 258 | 229 259 262 | 232 258 259 | ,Score: 0

D214n2.txt,0, | ,Score: 0

D301n1.txt,0, | ,Score: 0

D301n2.txt,0, | 389 390 409 | 389 390 394 | 426 428 450 | ,Score: 0

D302n1.txt,0, | ,Score: 0

D302n2.txt,0, | 389 390 394 | 351 362 364 | 351 365 369 | ,Score: 0

D305n1.txt,0, | ,Score: 0

D305n2.txt,0, | 391 435 438 | 447 450 454 | 435 438 441 | ,Score: 0

D307n1.txt,0, | ,Score: 0

D307n2.txt,0, | 355 362 445 | 434 436 438 | 364 365 369 | ,Score: 0

D312n1.txt,0, | 201 208 226 | 135 138 140 | 134 136 138 | ,Score: 0

D312n2.txt,0, | ,Score: 0

D318n1.txt,0, | ,Score: 0

D318n2.txt,0, | 405 415 418 | 404 406 415 | 391 438 441 | ,Score: 0

D323n1.txt,0, | 229 259 261 | 180 183 262 | 134 140 219 | ,Score: 0

D323n2.txt,0, | ,Score: 0

D324n1.txt,0, | 139 140 218 | 181 229 262 | 196 237 248 | ,Score: 0

D324n2.txt,0, | ,Score: 0

D410n1.txt,0, | 154 233 235 | 124 128 135 | 151 259 262 | ,Score: 0

D410n2.txt,0, | ,Score: 0

D430n1.txt,0, | ,Score: 0

D430n2.txt,0, | 351 358 447 | 351 365 369 | 421 423 424 | ,Score: 0

D431n1.txt,0, | ,Score: 0

D431n2.txt,0, | 390 391 435 | 435 438 442 | 390 432 434 | ,Score: 0

