D106n1.txt,0, | ,Score: 0

D106n2.txt,3, | 438 439 441 | 436 438 441 | 391 436 438 | ,Score: 15.0089

D110n1.txt,6, | 190 193 194 | 190 193 194 | ,Score: 11.2968

D110n2.txt,0, | ,Score: 0

D204n1.txt,0, | ,Score: 0

D204n2.txt,17, | 390 409 414 | 349 370 451 | 376 381 420 | ,Score: 21.4611

D206n1.txt,0, | ,Score: 0

D206n2.txt,10, | 349 350 426 | 371 372 418 | 432 444 445 | ,Score: 22.6926

D214n1.txt,11, | 153 258 259 | 178 262 266 | 232 258 259 | ,Score: 17.5119

D214n2.txt,0, | ,Score: 0

D301n1.txt,0, | ,Score: 0

D301n2.txt,14, | 389 390 409 | 389 390 394 | 426 428 450 | ,Score: 16.6137

D302n1.txt,0, | ,Score: 0

D302n2.txt,4, | 389 390 394 | 362 364 365 | 364 365 369 | ,Score: 14.9074

D305n1.txt,0, | ,Score: 0

D305n2.txt,16, | 391 438 439 | 447 450 454 | 391 438 441 | ,Score: 15.6283

D307n1.txt,0, | ,Score: 0

D307n2.txt,12, | 355 362 444 | 432 434 444 | 362 364 365 | ,Score: 44.6057

D312n1.txt,13, | 229 259 261 | 140 217 220 | 130 134 135 | ,Score: 12.3836

D312n2.txt,0, | ,Score: 0

D318n1.txt,0, | ,Score: 0

D318n2.txt,14, | 380 418 421 | 404 406 415 | 391 438 441 | ,Score: 14.4083

D323n1.txt,15, | 232 258 259 | 122 124 208 | 140 217 219 | ,Score: 19.647

D323n2.txt,0, | ,Score: 0

D324n1.txt,16, | 136 137 140 | 178 180 182 | 156 250 251 | ,Score: 23.4725

D324n2.txt,0, | ,Score: 0

D410n1.txt,14, | 154 233 258 | 135 136 137 | 258 259 261 | ,Score: 31.0932

D410n2.txt,0, | ,Score: 0

D430n1.txt,0, | ,Score: 0

D430n2.txt,6, | 351 358 447 | 351 365 369 | 421 423 424 | ,Score: 17.418

D431n1.txt,0, | ,Score: 0

D431n2.txt,5, | 390 391 434 | 362 442 444 | 391 432 434 | ,Score: 19.5465

