M = 351 362 365 
391 438 441 | 436 438 441 | 438 439 441 | 390 409 414 | 376 381 420 | 349 370 451 | 371 372 418 | 354 426 446 | 432 444 445 | 389 390 409 | 359 360 362 | 426 428 450 | 389 390 394 | 362 364 365 | 391 438 439 | 447 450 454 | 391 438 441 | 355 362 444 | 432 434 444 | 362 364 365 | 402 405 418 | 391 438 441 | 380 418 421 | 351 358 447 | 351 365 369 | 421 423 424 | 391 434 438 | 366 390 391 | 362 442 444 | 

M = 143 144 175 
153 258 259 | 229 232 259 | 153 232 258 | 140 217 220 | 140 217 219 | 258 259 261 | 181 182 261 | 140 141 142 | 154 233 258 | 

M = 204 206 237 
190 193 194 | 190 193 194 | 204 205 206 | 158 159 251 | 156 250 251 | 128 130 196 | 

FREQUENCIES
438: 7
391: 6
362: 6
441: 5
390: 4
365: 4
444: 4
258: 4
351: 3
140: 3
259: 3
418: 3
217: 2
153: 2
450: 2
194: 2
190: 2
193: 2
251: 2
232: 2
204: 2
421: 2
364: 2
409: 2
426: 2
206: 2
447: 2
261: 2
389: 2
432: 2
439: 2
434: 2
366: 1
154: 1
156: 1
196: 1
454: 1
219: 1
130: 1
394: 1
142: 1
250: 1
175: 1
237: 1
141: 1
405: 1
182: 1
428: 1
159: 1
181: 1
402: 1
451: 1
420: 1
349: 1
144: 1
205: 1
442: 1
369: 1
446: 1
445: 1
158: 1
381: 1
423: 1
229: 1
358: 1
128: 1
436: 1
220: 1
380: 1
143: 1
424: 1
414: 1
355: 1
354: 1
233: 1
360: 1
371: 1
370: 1
372: 1
359: 1
376: 1
