D106n1.txt,0, | ,Score: 0

D106n2.txt,0, | 391 439 441 | 436 438 441 | 438 439 441 | ,Score: 0

D110n1.txt,0, | 190 193 194 | 167 171 190 | ,Score: 0

D110n2.txt,0, | ,Score: 0

D204n1.txt,0, | ,Score: 0

D204n2.txt,0, | 390 434 436 | 381 397 420 | 420 424 427 | ,Score: 0

D206n1.txt,0, | ,Score: 0

D206n2.txt,0, | 350 369 372 | 354 364 446 | 361 431 445 | ,Score: 0

D214n1.txt,0, | 154 232 258 | 229 232 259 | 153 232 258 | ,Score: 0

D214n2.txt,0, | ,Score: 0

D301n1.txt,0, | ,Score: 0

D301n2.txt,0, | 389 390 394 | 359 360 362 | 426 428 450 | ,Score: 0

D302n1.txt,0, | ,Score: 0

D302n2.txt,0, | 389 390 394 | 362 364 365 | 351 364 369 | ,Score: 0

D305n1.txt,0, | ,Score: 0

D305n2.txt,0, | 391 435 438 | 447 450 454 | 435 438 441 | ,Score: 0

D307n1.txt,0, | ,Score: 0

D307n2.txt,0, | 355 362 445 | 434 436 438 | 364 365 369 | ,Score: 0

D312n1.txt,0, | 138 140 142 | 206 208 226 | 158 159 251 | ,Score: 0

D312n2.txt,0, | ,Score: 0

D318n1.txt,0, | ,Score: 0

D318n2.txt,0, | 402 405 418 | 435 438 441 | 380 418 421 | ,Score: 0

D323n1.txt,0, | 190 193 219 | 183 259 261 | 204 206 237 | ,Score: 0

D323n2.txt,0, | ,Score: 0

D324n1.txt,0, | 156 235 237 | 182 229 261 | 140 217 219 | ,Score: 0

D324n2.txt,0, | ,Score: 0

D410n1.txt,0, | 203 233 235 | 151 259 261 | 154 233 235 | ,Score: 0

D410n2.txt,0, | ,Score: 0

D430n1.txt,0, | ,Score: 0

D430n2.txt,0, | 351 358 447 | 351 365 369 | 421 423 424 | ,Score: 0

D431n1.txt,0, | ,Score: 0

D431n2.txt,0, | 390 432 435 | 366 387 391 | 432 434 442 | ,Score: 0

