120 122 208 
120 123 208 
120 124 208 
120 122 123 
120 122 124 
120 123 124 
142 145 146 
145 146 265 
145 146 268 
145 146 177 
146 265 268 
146 177 265 
123 127 208 
124 127 208 
123 127 134 
123 124 127 
127 196 197 
145 265 268 
145 177 265 
123 134 136 
134 136 139 
123 136 139 
136 139 141 
139 141 142 
177 181 182 
248 250 251 
197 248 250 
196 197 248 
196 241 248 
197 241 248 
122 123 208 
122 124 208 
123 124 208 
123 134 139 
122 123 124 
159 160 251 
193 196 197 
193 196 241 
193 197 241 
390 407 412 
196 197 241 
377 379 380 
375 377 379 
344 377 379 
375 377 380 
344 377 380 
344 375 377 
375 379 380 
344 379 380 
344 375 379 
344 375 380 
