142 143 146 
146 177 178 
146 178 179 
146 178 264 
146 149 178 
146 175 178 
143 146 177 
143 146 175 
146 177 179 
146 177 264 
146 149 177 
146 175 177 
146 149 264 
146 149 175 
163 249 250 
163 249 251 
156 163 249 
159 163 251 
159 162 163 
156 159 163 
163 250 251 
156 163 250 
162 163 251 
156 163 251 
156 162 163 
240 241 249 
196 241 249 
197 241 249 
240 249 250 
196 240 249 
197 240 249 
249 250 251 
235 249 250 
197 249 250 
156 249 250 
196 197 249 
235 249 251 
156 249 251 
156 235 249 
193 240 241 
130 240 241 
196 240 241 
197 240 241 
130 193 241 
193 196 241 
193 197 241 
130 196 241 
130 197 241 
196 197 241 
130 193 240 
193 196 240 
193 197 240 
197 240 250 
130 196 240 
130 197 240 
196 197 240 
141 142 143 
141 142 212 
141 142 213 
141 142 215 
142 143 212 
142 143 213 
142 143 215 
142 212 213 
142 212 215 
142 213 215 
130 193 196 
130 193 220 
130 193 197 
193 218 220 
193 215 218 
193 196 197 
193 215 220 
135 136 141 
136 141 212 
136 141 213 
136 141 215 
135 136 212 
135 136 213 
136 212 213 
136 212 215 
136 213 215 
178 229 261 
178 226 229 
228 229 261 
229 231 261 
229 259 261 
229 232 261 
226 228 229 
228 229 231 
228 229 233 
228 229 259 
228 229 232 
226 229 231 
229 231 233 
229 231 259 
229 231 232 
229 233 259 
229 232 233 
229 232 259 
213 217 218 
217 218 220 
215 217 218 
213 217 220 
213 215 217 
215 217 220 
159 162 251 
156 159 251 
156 159 162 
141 143 212 
141 143 213 
141 143 215 
135 141 212 
135 141 213 
141 212 213 
141 212 220 
141 212 215 
141 213 220 
141 213 215 
141 215 220 
205 206 235 
203 206 235 
206 207 235 
205 206 208 
206 208 226 
125 206 208 
206 207 208 
205 206 228 
206 226 228 
203 206 228 
206 207 228 
203 205 206 
205 206 207 
206 207 226 
125 206 207 
203 206 207 
312 313 318 
312 317 318 
312 313 317 
306 312 313 
235 250 251 
156 250 251 
156 235 250 
125 130 135 
127 130 135 
125 130 196 
127 130 196 
130 196 197 
125 127 130 
125 130 197 
127 130 197 
177 178 179 
177 178 261 
177 178 226 
177 178 264 
149 177 178 
175 177 178 
178 179 261 
178 179 226 
178 261 264 
149 178 261 
175 178 261 
175 178 226 
149 178 264 
149 175 178 
143 175 177 
143 212 213 
143 212 215 
143 213 215 
177 179 261 
177 179 226 
177 261 264 
149 177 261 
175 177 261 
175 177 226 
149 177 264 
149 175 177 
171 218 220 
213 218 220 
213 215 218 
215 218 220 
124 135 212 
124 125 135 
124 127 135 
135 212 213 
125 135 212 
125 127 135 
275 303 305 
303 305 306 
275 303 306 
231 258 261 
258 259 261 
232 258 261 
228 231 261 
228 259 261 
228 232 261 
149 261 264 
149 175 261 
231 259 261 
231 232 261 
232 259 261 
313 317 318 
317 318 324 
275 305 306 
282 313 317 
275 282 283 
282 283 284 
170 171 220 
170 171 172 
170 171 175 
171 172 175 
231 257 258 
233 257 258 
257 258 259 
232 257 258 
231 233 258 
231 258 259 
231 232 258 
233 258 259 
232 233 258 
232 258 259 
125 127 196 
125 196 197 
127 196 197 
156 235 251 
156 162 251 
203 205 235 
205 207 235 
231 233 235 
203 231 235 
231 232 235 
203 233 235 
232 233 235 
156 233 235 
203 207 235 
203 232 235 
124 208 226 
124 125 208 
124 127 208 
124 207 208 
205 207 208 
207 208 226 
125 127 208 
125 207 208 
124 125 212 
124 207 226 
124 125 127 
124 125 207 
203 205 228 
205 207 228 
226 228 231 
207 226 228 
228 231 233 
203 228 231 
228 231 259 
228 231 232 
203 228 233 
228 233 259 
228 232 233 
203 207 228 
203 228 232 
228 232 259 
212 213 220 
212 213 215 
212 215 220 
203 205 207 
213 215 220 
231 233 257 
231 257 259 
231 232 257 
233 257 259 
232 233 257 
232 257 259 
172 175 257 
125 127 197 
149 172 175 
327 400 401 
324 400 401 
396 400 401 
327 330 401 
324 327 401 
327 396 401 
324 330 401 
324 401 432 
396 401 432 
324 396 401 
203 231 233 
231 233 259 
231 232 233 
203 231 232 
231 232 259 
203 232 233 
232 233 259 
324 327 400 
327 396 400 
324 396 400 
326 327 330 
324 326 327 
324 326 330 
324 327 330 
324 327 396 
324 396 432 
170 172 175 
