120mGLU: 01,07,08,09,10,11,14,21,23,26|10|3.777
123mGLU: 07,08,09,14,15,21,23,26|8|6.0631
123mTHR: 07,08,09,14,15,21,23,26|8|5.4999
123mASP: 07,08,09,14,15,21,23,26|8|3.3026
123mILE: 07,08,09,14,15,21,23,26|8|3.1534
123mPHE: 07,08,09,14,15,21,23,26|8|1.7835
135mGLU: 07,08,09,14,15,21,23,26|8|3.0888
136mALA: 07,08,09,10,14,23,26|7|4.4234
206mGLY: 07,08,09,14,15,20,21|7|5.0071
124mTHR: 07,08,09,11,14,15,21|7|2.6968
127mTHR: 07,08,09,14,15,20,21|7|2.3329
124mGLU: 07,08,09,11,14,15,21|7|3.6198
136mGLU: 07,08,09,10,14,23,26|7|6.8718
124mLEU: 07,08,09,11,14,15,21|7|1.5075
122mALA: 01,07,08,09,10,14,23|7|3.4088
127mGLU: 07,08,09,14,15,20,21|7|3.5277
136mASP: 07,08,09,10,14,23,26|7|3.7694
136mTHR: 07,08,09,10,14,23,26|7|5.7074
124mALA: 07,08,09,11,14,15,21|7|1.2997
122mGLU: 01,07,08,09,10,14,23|7|3.2813
136mSER: 07,08,09,10,14,23,26|7|4.9122
136mGLN: 07,08,09,10,14,23,26|7|3.5326
136mGLY: 07,08,09,10,14,23,26|7|5.7652
206mGLU: 07,08,09,14,15,20,21|7|7.9903
126mGLU: 07,08,09,14,15,20,21|7|5.4969
206mSER: 07,08,09,14,15,20,21|7|4.4974
206mTHR: 07,08,09,14,15,20,21|7|6.7733
206mASN: 07,08,09,14,15,20,21|7|3.9038
146mTHR: 01,05,10,23,26,27|6|5.77
146mGLY: 01,05,10,23,26,27|6|5.1056
205mGLN: 07,08,11,15,20,21|6|2.8816
146mASN: 01,05,10,23,26,27|6|4.3709
180mALA: 01,05,11,23,26,27|6|3.7671
146mGLU: 01,05,10,23,26,27|6|7.2439
205mASN: 07,08,11,15,20,21|6|1.6105
205mLEU: 07,08,11,15,20,21|6|3.492
205mSER: 07,08,11,15,20,21|6|2.8841
178mSER: 01,05,11,26,27|5|2.1284
178mLYS: 01,05,11,26,27|5|1.2536
197mGLU: 08,09,15,20,21|5|2.5767
265mALA: 01,05,11,26,27|5|3.1048
178mGLY: 01,05,11,26,27|5|2.4739
268mALA: 01,05,10,26,27|5|2.8726
178mLEU: 01,05,11,26,27|5|1.3894
268mCYS: 01,05,10,26,27|5|4.2619
197mTHR: 08,09,15,20,21|5|1.7955
178mGLU: 01,05,11,26,27|5|1.6959
178mMET: 01,05,11,26,27|5|1.5502
178mTHR: 01,05,11,26,27|5|1.6681
268mGLY: 01,05,10,26,27|5|2.4342
197mSER: 08,09,15,20,21|5|1.0368
178mHIS: 01,05,11,26,27|5|2.048
178mGLN: 01,05,11,26,27|5|1.2214
268mASP: 01,05,10,26,27|5|2.6527
178mALA: 01,05,11,26,27|5|2.2436
208mILE: 08,15,20,21|4|1.4005
335mTHR: 13,19,25,29|4|1.7785
196mALA: 07,08,09,15|4|1.9005
341mTHR: 13,16,19,25|4|8.9949
139mTHR: 01,10,14,23|4|1.5975
318mSER: 03,06,18,29|4|1.2338
341mHIS: 13,16,19,25|4|2.8484
341mPRO: 13,16,19,25|4|3.5856
318mGLY: 03,06,18,29|4|1.7252
139mGLU: 01,10,14,23|4|2.2379
336mSER: 13,19,25,29|4|2.0444
196mGLU: 07,08,09,15|4|2.2777
318mHIS: 03,06,18,29|4|1.2815
439mVAL: 03,06,18,29|4|2.2733
318mTHR: 03,06,18,29|4|1.8311
130mALA: 07,08,09,14|4|1.5759
130mCYS: 07,08,09,14|4|1.5602
439mGLU: 03,06,18,29|4|2.1609
439mSER: 03,06,18,29|4|2.869
141mLEU: 01,10,23,26|4|1.7046
196mCYS: 07,08,09,15|4|1.7088
441mCYS: 03,06,18,29|4|1.7618
439mILE: 03,06,18,29|4|1.3408
196mSER: 07,08,09,15|4|1.6544
130mGLY: 07,08,09,14|4|1.1147
341mILE: 13,16,19,25|4|4.9973
441mALA: 03,06,18,29|4|1.8722
341mGLY: 13,16,19,25|4|6.4559
130mSER: 07,08,09,14|4|1.0146
141mSER: 01,10,23,26|4|1.2909
196mASN: 07,08,09,15|4|1.3046
266mSER: 01,05,26,27|4|2.5683
196mTHR: 07,08,09,15|4|1.7257
141mCYS: 01,10,23,26|4|2.8122
341mALA: 13,16,19,25|4|6.1031
141mGLY: 01,10,23,26|4|1.9445
318mLEU: 03,06,18,29|4|1.7764
341mPHE: 13,16,19,25|4|4.8494
208mVAL: 08,15,20,21|4|1.4087
266mVAL: 01,05,26,27|4|3.174
318mALA: 03,06,18,29|4|1.6427
141mMET: 01,10,23,26|4|1.3363
208mCYS: 08,15,20,21|4|1.499
208mASP: 08,15,20,21|4|1.382
341mCYS: 13,16,19,25|4|9.302
341mGLN: 13,16,19,25|4|5.8298
196mASP: 07,08,09,15|4|1.3629
341mASN: 13,16,19,25|4|4.9856
341mVAL: 13,16,19,25|4|6.2863
439mCYS: 03,06,18,29|4|1.3368
318mMET: 03,06,18,29|4|1.6085
266mILE: 01,05,26,27|4|3.0774
196mILE: 07,08,09,15|4|1.2248
196mLEU: 07,08,09,15|4|1.0889
335mSER: 13,19,25,29|4|1.6254
208mTHR: 08,15,20,21|4|2.6567
341mASP: 13,16,19,25|4|7.3826
335mGLU: 13,19,25,29|4|2.4212
336mGLU: 13,19,25,29|4|2.9141
266mALA: 01,05,26,27|4|4.0024
141mASP: 01,10,23,26|4|2.3703
439mLYS: 03,06,18,29|4|3.2493
141mTHR: 01,10,23,26|4|2.3206
339mTHR: 13,16,19,25|4|1.7
336mTHR: 13,19,25,29|4|2.6346
336mGLY: 13,19,25,29|4|2.9634
439mALA: 03,06,18,29|4|3.6354
341mLEU: 13,16,19,25|4|6.9086
208mGLU: 08,15,20,21|4|3.1425
341mSER: 13,16,19,25|4|4.5133
266mLEU: 01,05,26,27|4|3.9253
266mGLY: 01,05,26,27|4|3.3722
341mMET: 13,16,19,25|4|5.4936
439mGLY: 03,06,18,29|4|3.0314
341mTRP: 13,16,19,25|4|3.044
339mGLU: 13,16,19,25|4|2.8293
208mPHE: 08,15,20,21|4|1.0068
341mGLU: 13,16,19,25|4|11.1694
266mCYS: 01,05,26,27|4|5.1306
196mGLY: 07,08,09,15|4|1.3107
196mLYS: 07,08,09,15|4|1.7178
141mALA: 01,10,23,26|4|1.7039
322mLEU: 03,18,29|3|1.0874
203mGLU: 04,11,20|3|1.0686
325mMET: 03,18,29|3|1.2282
326mGLY: 03,18,29|3|2.1995
296mGLU: 03,06,18|3|1.5104
326mTHR: 03,18,29|3|2.258
293mLEU: 03,06,18|3|1.15
293mGLY: 03,06,18|3|1.4105
325mTHR: 03,18,29|3|1.4969
311mVAL: 03,06,18|3|1.8481
300mGLU: 03,06,18|3|2.3145
325mGLU: 03,18,29|3|1.6079
311mGLY: 03,06,18|3|1.8638
297mASN: 03,06,18|3|1.1687
325mHIS: 03,18,29|3|1.6954
322mMET: 03,18,29|3|1.3311
296mTHR: 03,06,18|3|1.0009
319mGLN: 03,18,29|3|1.7333
319mSER: 03,18,29|3|1.4528
325mALA: 03,18,29|3|2.1071
322mGLY: 03,18,29|3|1.133
271mCYS: 05,10,27|3|1.0904
293mTRP: 03,06,18|3|1.0471
319mMET: 03,18,29|3|2.005
319mHIS: 03,18,29|3|1.7674
326mALA: 03,18,29|3|1.5424
293mASN: 03,06,18|3|1.8955
319mTHR: 03,18,29|3|1.9587
410mGLY: 13,16,19|3|1.2301
311mSER: 03,06,18|3|1.6295
319mTRP: 03,18,29|3|1.3901
293mPHE: 03,06,18|3|1.1836
296mGLY: 03,06,18|3|1.0315
293mGLN: 03,06,18|3|1.1948
326mASN: 03,18,29|3|1.5734
293mGLU: 03,06,18|3|2.5884
326mSER: 03,18,29|3|1.6285
325mLYS: 03,18,29|3|1.0508
311mLEU: 03,06,18|3|2.0083
203mGLN: 04,11,20|3|1.0618
311mGLN: 03,06,18|3|2.3192
297mGLY: 03,06,18|3|1.4325
307mSER: 03,06,18|3|1.1574
319mGLY: 03,18,29|3|1.9872
325mSER: 03,18,29|3|1.9186
293mTHR: 03,06,18|3|2.0511
311mALA: 03,06,18|3|1.3919
293mSER: 03,06,18|3|1.6489
311mASN: 03,06,18|3|1.5476
293mALA: 03,06,18|3|1.3423
322mGLU: 03,18,29|3|1.7235
297mTHR: 03,06,18|3|1.822
325mLEU: 03,18,29|3|1.2302
311mGLU: 03,06,18|3|3.0317
311mHIS: 03,06,18|3|1.1966
293mVAL: 03,06,18|3|1.3098
326mASP: 03,18,29|3|1.0976
300mTHR: 03,06,18|3|1.0701
307mGLN: 03,06,18|3|1.5491
322mTHR: 03,18,29|3|1.4059
319mGLU: 03,18,29|3|2.0603
311mTHR: 03,06,18|3|2.4414
293mILE: 03,06,18|3|1.2917
319mALA: 03,18,29|3|1.6028
325mGLY: 03,18,29|3|2.2493
293mASP: 03,06,18|3|1.1034
319mASN: 03,18,29|3|1.2499
319mLEU: 03,18,29|3|1.8153
307mLEU: 03,06,18|3|1.6539
