243mGLY: 03,05,06,14,22,23,25,27|8|1.7778
243mHIS: 03,05,06,14,22,23,25,27|8|1.5768
164mTHR: 03,06,11,14,22,23,25|7|6.0552
165mASP: 03,06,11,14,22,23,25|7|3.1136
164mGLU: 03,06,11,14,22,23,25|7|8.1599
165mTHR: 03,06,11,14,22,23,25|7|4.087
165mGLU: 03,06,11,14,22,23,25|7|4.3302
165mGLY: 03,06,11,14,22,23,25|7|4.1492
165mHIS: 03,06,11,14,22,23,25|7|3.3849
165mSER: 03,06,11,14,22,23,25|7|3.6943
242mGLU: 05,06,11,14,22,23,25|7|3.022
242mASP: 05,06,11,14,22,23,25|7|2.6528
164mGLY: 03,06,11,14,22,23,25|7|6.3039
164mLYS: 03,06,11,14,22,23,25|7|5.5217
165mGLN: 03,06,11,14,22,23,25|7|4.2403
164mHIS: 03,06,11,14,22,23,25|7|5.5878
164mALA: 03,06,11,14,22,23,25|7|4.4417
242mTHR: 05,06,11,14,22,23,25|7|1.7237
164mGLN: 03,06,11,14,22,23,25|7|3.3342
164mSER: 03,06,11,14,22,23,25|7|6.6042
168mGLU: 03,06,14,22,23,25|6|3.1213
158mHIS: 06,11,14,22,28|5|1.8702
158mGLU: 06,11,14,22,28|5|1.068
158mGLY: 06,11,14,22,28|5|1.3347
359mTHR: 03,06,11,14,22|5|1.5422
158mSER: 06,11,14,22,28|5|1.1322
359mCYS: 03,06,11,14,22|5|2.7812
359mGLY: 03,06,11,14,22|5|1.6847
130mGLN: 05,09,27,28|4|1.2343
127mTHR: 09,12,27,28|4|1.5091
130mGLU: 05,09,27,28|4|1.3946
191mTHR: 03,14,23,25|4|1.2542
127mGLY: 09,12,27,28|4|1.5526
249mHIS: 06,11,14,25|4|1.5649
159mGLU: 06,11,14,22|4|2.0076
127mALA: 09,12,27,28|4|1.0604
191mGLU: 03,14,23,25|4|1.3403
130mLEU: 05,09,27,28|4|1.1487
130mGLY: 05,09,27,28|4|1.3548
130mVAL: 05,09,27,28|4|1.0423
130mASN: 05,09,27,28|4|1.1745
191mCYS: 03,14,23,25|4|2.3861
130mSER: 05,09,27,28|4|1.1183
126mGLY: 09,12,27,28|4|1.5057
249mSER: 06,11,14,25|4|1.6954
249mTHR: 06,11,14,25|4|1.5594
159mGLY: 06,11,14,22|4|1.9315
127mHIS: 09,12,27,28|4|1.2461
249mALA: 06,11,14,25|4|1.3497
127mMET: 09,12,27,28|4|1.123
249mASP: 06,11,14,25|4|1.0742
191mALA: 03,14,23,25|4|1.5992
249mGLY: 06,11,14,25|4|1.6141
159mHIS: 06,11,14,22|4|2.485
159mSER: 06,11,14,22|4|1.9606
130mTRP: 05,09,27,28|4|1.0668
130mHIS: 05,09,27,28|4|1.4599
249mLEU: 06,11,14,25|4|1.5061
130mTHR: 05,09,27,28|4|1.3573
130mMET: 05,09,27,28|4|1.5493
249mGLN: 06,11,14,25|4|1.7195
249mGLU: 06,11,14,25|4|1.5716
219mLEU: 03,05,23|3|1.1081
167mASN: 06,22,23|3|1.3148
206mALA: 09,27,28|3|1.1345
219mASN: 03,05,23|3|1.0243
219mTHR: 03,05,23|3|1.587
219mSER: 03,05,23|3|1.408
219mHIS: 03,05,23|3|1.4028
167mSER: 06,22,23|3|1.3832
167mHIS: 06,22,23|3|1.1545
124mHIS: 09,12,27|3|1.0023
206mHIS: 09,27,28|3|1.5476
167mGLU: 06,22,23|3|1.6778
206mTRP: 09,27,28|3|1.3473
219mGLU: 03,05,23|3|1.3445
219mALA: 03,05,23|3|1.638
219mVAL: 03,05,23|3|1.1792
206mGLY: 09,27,28|3|1.5412
206mVAL: 09,27,28|3|1.5404
167mASP: 06,22,23|3|1.2586
167mGLN: 06,22,23|3|1.6169
206mLEU: 09,27,28|3|1.7753
167mTHR: 06,22,23|3|1.3617
206mGLN: 09,27,28|3|2.0605
219mGLY: 03,05,23|3|1.6864
206mGLU: 09,27,28|3|2.047
206mSER: 09,27,28|3|1.5884
219mMET: 03,05,23|3|1.1597
206mTHR: 09,27,28|3|1.9275
206mASN: 09,27,28|3|1.4547
167mGLY: 06,22,23|3|1.3285
219mLYS: 03,05,23|3|1.3618
