262mALA: 00,04,07,08,15,19,28,29|8|4.015
262mGLY: 00,04,07,08,15,19,28,29|8|3.3183
229mHIS: 00,04,07,08,15,19,20|7|2.1011
229mGLY: 00,04,07,08,15,19,20|7|1.5572
229mSER: 00,04,07,08,15,19,20|7|1.7479
146mCYS: 00,04,05,07,10,28,29|7|4.5004
146mTHR: 00,04,05,07,10,28,29|7|4.9577
261mALA: 00,04,07,08,15,19,28|7|4.7143
229mMET: 00,04,07,08,15,19,20|7|1.5082
119mASP: 00,04,05,08,10,16,26|7|2.4265
146mGLU: 00,04,05,07,10,28,29|7|6.5651
261mGLU: 00,04,07,08,15,19,28|7|5.1271
119mGLU: 00,04,05,08,10,16,26|7|2.7192
146mASP: 00,04,05,07,10,28,29|7|3.4622
147mALA: 00,05,07,10,28,29|6|2.2901
263mGLU: 00,04,07,19,21,28|6|4.2237
182mASP: 00,08,10,15,19|5|3.1721
141mALA: 00,05,10,16,23|5|1.5761
136mVAL: 05,16,23,26|4|2.0973
136mALA: 05,16,23,26|4|4.6708
259mALA: 15,20,21,28|4|2.0386
136mLYS: 05,16,23,26|4|3.0446
136mMET: 05,16,23,26|4|2.2207
136mGLU: 05,16,23,26|4|3.9967
136mASP: 05,16,23,26|4|2.5887
136mTHR: 05,16,23,26|4|4.2487
136mASN: 05,16,23,26|4|2.5023
268mGLY: 04,05,07,28|4|1.3205
136mSER: 05,16,23,26|4|3.7191
259mTHR: 15,20,21,28|4|1.859
136mGLN: 05,16,23,26|4|1.6605
136mGLY: 05,16,23,26|4|3.93
136mILE: 05,16,23,26|4|1.7992
136mLEU: 05,16,23,26|4|2.2455
259mVAL: 15,20,21,28|4|1.1714
130mGLN: 11,16,23|3|2.2548
127mTHR: 11,16,26|3|1.3289
130mGLU: 11,16,23|3|3.0294
127mGLY: 11,16,26|3|1.2771
178mSER: 00,19,29|3|1.2696
145mTHR: 00,10,29|3|1.7271
208mASN: 08,15,26|3|1.4519
130mCYS: 11,16,23|3|2.6439
134mGLU: 11,23,26|3|3.7486
178mGLY: 00,19,29|3|1.3746
134mASP: 11,23,26|3|1.9768
206mASP: 11,15,26|3|1.6972
124mGLU: 11,16,26|3|1.11
127mALA: 11,16,26|3|1.5069
400mVAL: 18,21,24|3|1.2884
130mPRO: 11,16,23|3|1.7452
178mHIS: 00,19,29|3|1.5365
130mGLY: 11,16,23|3|1.6399
130mVAL: 11,16,23|3|1.7361
130mASN: 11,16,23|3|2.0737
127mGLU: 11,16,26|3|1.3866
130mALA: 11,16,23|3|1.7823
130mSER: 11,16,23|3|2.0381
400mASP: 18,21,24|3|1.0366
178mGLU: 00,19,29|3|1.0022
134mALA: 11,23,26|3|2.2864
206mILE: 11,15,26|3|1.3709
400mTHR: 18,21,24|3|1.3713
126mALA: 11,16,26|3|1.6591
400mCYS: 18,21,24|3|3.6046
134mVAL: 11,23,26|3|1.7237
208mASP: 08,15,26|3|1.6779
178mMET: 00,19,29|3|1.0096
178mTHR: 00,19,29|3|1.1776
130mASP: 11,16,23|3|2.4176
127mSER: 11,16,26|3|1.3544
400mGLU: 18,21,24|3|2.3697
130mILE: 11,16,23|3|2.1673
206mGLN: 11,15,26|3|1.6996
208mTHR: 08,15,26|3|1.5864
126mTHR: 11,16,26|3|1.9642
134mLEU: 11,23,26|3|2.0799
400mALA: 18,21,24|3|1.915
130mPHE: 11,16,23|3|2.074
178mALA: 00,19,29|3|1.4444
208mSER: 08,15,26|3|1.9705
130mTRP: 11,16,23|3|1.6184
134mSER: 11,23,26|3|1.3395
126mGLU: 11,16,26|3|2.7313
206mSER: 11,15,26|3|1.0521
208mGLU: 08,15,26|3|1.8889
206mTHR: 11,15,26|3|1.5496
208mGLN: 08,15,26|3|1.5453
134mTHR: 11,23,26|3|2.6321
134mGLY: 11,23,26|3|1.3597
130mTHR: 11,16,23|3|2.6092
400mLEU: 18,21,24|3|1.3255
145mGLU: 00,10,29|3|2.0342
