206mALA: 01,02,04,07,08,13,17,19,21,24,29|11|6.4778
206mGLY: 01,02,04,07,08,13,17,19,21,24,29|11|6.5162
206mGLU: 01,02,04,07,08,13,17,19,21,24,29|11|11.3331
206mSER: 01,02,04,07,08,13,17,19,21,24,29|11|4.4261
206mTHR: 01,02,04,07,08,13,17,19,21,24,29|11|8.7581
206mASN: 01,02,04,07,08,13,17,19,21,24,29|11|4.7678
126mGLU: 02,04,07,08,13,17,19,21,24,29|10|8.3257
124mVAL: 02,07,08,13,17,19,21,24,29|9|1.3134
124mTHR: 02,07,08,13,17,19,21,24,29|9|2.893
124mGLU: 02,07,08,13,17,19,21,24,29|9|5.386
127mGLU: 02,04,07,08,13,19,21,24|8|5.6353
201mLEU: 01,02,07,17,19,24,29|7|3.6561
201mSER: 01,02,07,17,19,24,29|7|3.3057
268mALA: 00,03,06,10,11,12,16|7|3.6363
268mCYS: 00,03,06,10,11,12,16|7|5.4959
201mTRP: 01,02,07,17,19,24,29|7|2.8168
201mGLY: 01,02,07,17,19,24,29|7|3.6872
201mASP: 01,02,07,17,19,24,29|7|2.9343
201mTHR: 01,02,07,17,19,24,29|7|4.6825
237mGLU: 01,02,04,07,17,19,24|7|1.9795
201mHIS: 01,02,07,17,19,24,29|7|3.301
268mGLY: 00,03,06,10,11,12,16|7|3.2567
201mILE: 01,02,07,17,19,24,29|7|3.031
119mTHR: 02,07,08,13,17,19,21|7|2.1478
201mGLN: 01,02,07,17,19,24,29|7|3.7239
201mGLU: 01,02,07,17,19,24,29|7|4.7494
201mMET: 01,02,07,17,19,24,29|7|3.7491
201mASN: 01,02,07,17,19,24,29|7|3.3213
201mALA: 01,02,07,17,19,24,29|7|3.2898
201mVAL: 01,02,07,17,19,24,29|7|3.7771
250mGLU: 01,02,04,07,19,24,29|7|2.465
123mGLU: 02,07,08,13,19,21|6|4.5623
123mCYS: 02,07,08,13,19,21|6|5.2022
123mTHR: 02,07,08,13,19,21|6|2.2867
197mGLU: 01,02,13,19,24,29|6|4.2458
123mASP: 02,07,08,13,19,21|6|2.9877
197mSER: 01,02,13,19,24,29|6|2.3336
123mVAL: 02,07,08,13,19,21|6|1.7595
197mGLY: 01,02,13,19,24,29|6|2.7451
305mTHR: 03,06,10,11,12|5|5.9688
305mTRP: 03,06,10,11,12|5|3.7332
300mGLU: 03,10,11,16,25|5|2.8128
244mGLY: 01,08,13,15,24|5|1.9373
303mCYS: 03,10,11,12,16|5|2.8969
305mMET: 03,06,10,11,12|5|4.2559
305mHIS: 03,06,10,11,12|5|2.7299
305mGLN: 03,06,10,11,12|5|4.9291
305mILE: 03,06,10,11,12|5|4.5614
303mGLN: 03,10,11,12,16|5|1.4264
299mTHR: 03,10,11,16,25|5|2.0084
208mASP: 02,08,13,17,21|5|1.2853
303mGLU: 03,10,11,12,16|5|5.1023
134mALA: 07,08,15,21,24|5|1.6557
303mTHR: 03,10,11,12,16|5|4.2498
303mASP: 03,10,11,12,16|5|2.3201
208mCYS: 02,08,13,17,21|5|3.0235
299mGLU: 03,10,11,16,25|5|3.5455
244mGLU: 01,08,13,15,24|5|2.1629
208mLEU: 02,08,13,17,21|5|1.275
244mSER: 01,08,13,15,24|5|1.542
208mTHR: 02,08,13,17,21|5|1.5208
244mALA: 01,08,13,15,24|5|2.4712
305mSER: 03,06,10,11,12|5|3.4706
305mALA: 03,06,10,11,12|5|5.0772
208mGLU: 02,08,13,17,21|5|2.6095
305mASN: 03,06,10,11,12|5|3.1094
248mGLU: 01,02,04,13,19|5|3.9563
305mLEU: 03,06,10,11,12|5|5.6861
305mGLY: 03,06,10,11,12|5|4.4037
305mVAL: 03,06,10,11,12|5|5.2396
305mGLU: 03,06,10,11,12|5|7.1185
135mGLU: 07,08,13,19,21|5|2.2483
303mILE: 03,10,11,12,16|5|1.5186
301mASP: 03,11,16,25|4|3.2278
239mGLU: 01,13,19,29|4|1.6035
296mGLU: 03,10,16,25|4|2.2175
196mALA: 01,13,24,29|4|1.5913
301mGLY: 03,11,16,25|4|2.9498
301mTHR: 03,11,16,25|4|2.9358
196mGLU: 01,13,24,29|4|1.8221
158mASN: 01,02,04,29|4|2.8374
196mVAL: 01,13,24,29|4|1.4394
297mASN: 03,11,16,25|4|3.2101
297mTRP: 03,11,16,25|4|4.0004
296mTHR: 03,10,16,25|4|1.656
158mGLU: 01,02,04,29|4|4.5368
297mSER: 03,11,16,25|4|2.9827
196mPHE: 01,13,24,29|4|1.2785
146mTHR: 00,06,10,12|4|3.2993
297mGLU: 03,11,16,25|4|5.9993
297mILE: 03,11,16,25|4|4.19
297mMET: 03,11,16,25|4|4.226
196mMET: 01,13,24,29|4|1.0957
196mSER: 01,13,24,29|4|1.3485
301mSER: 03,11,16,25|4|1.7326
314mCYS: 03,10,16,25|4|1.156
158mGLY: 01,02,04,29|4|2.9018
297mHIS: 03,11,16,25|4|2.9137
297mPRO: 03,11,16,25|4|3.6045
297mVAL: 03,11,16,25|4|4.6593
297mGLY: 03,11,16,25|4|4.2613
297mALA: 03,11,16,25|4|4.2353
196mASP: 01,13,24,29|4|1.1688
297mGLN: 03,11,16,25|4|4.6238
297mLEU: 03,11,16,25|4|5.3925
196mILE: 01,13,24,29|4|1.4938
146mGLU: 00,06,10,12|4|4.6471
297mTHR: 03,11,16,25|4|5.1772
196mLEU: 01,13,24,29|4|1.4245
301mVAL: 03,11,16,25|4|2.4136
196mGLY: 01,13,24,29|4|1.4787
158mTHR: 01,02,04,29|4|4.0819
301mALA: 03,11,16,25|4|2.482
239mTHR: 01,13,19,29|4|1.1762
301mASN: 03,11,16,25|4|1.9698
146mGLY: 00,06,10,12|4|1.6481
158mSER: 01,02,04,29|4|2.0627
301mGLU: 03,11,16,25|4|4.4706
301mGLN: 03,11,16,25|4|2.0116
297mASP: 03,11,16,25|4|4.6304
297mTYR: 03,11,16,25|4|1.4301
297mPHE: 03,11,16,25|4|4.6626
146mASP: 00,06,10,12|4|1.889
297mCYS: 03,11,16,25|4|5.9311
130mGLN: 07,08,24|3|1.2722
235mGLU: 01,02,04|3|2.6193
251mILE: 01,02,04|3|2.7001
307mTHR: 03,10,16|3|1.477
130mGLU: 07,08,24|3|2.0495
274mGLN: 03,11,16|3|1.3209
251mGLY: 01,02,04|3|2.5564
136mALA: 08,19,21|3|1.1901
274mASP: 03,11,16|3|2.4205
311mASP: 03,10,16|3|3.2777
235mALA: 01,02,04|3|1.8114
235mVAL: 01,02,04|3|2.1176
245mGLU: 01,04,13|3|1.5067
235mTRP: 01,02,04|3|1.9791
311mVAL: 03,10,16|3|3.4199
251mASN: 01,02,04|3|1.6702
251mALA: 01,02,04|3|2.7143
235mHIS: 01,02,04|3|1.2448
311mGLY: 03,10,16|3|2.761
251mTHR: 01,02,04|3|3.3454
245mASN: 01,04,13|3|1.0658
272mCYS: 03,11,12|3|1.0612
136mCYS: 08,19,21|3|2.4809
307mGLY: 03,10,16|3|1.1307
266mASP: 00,06,12|3|2.2512
267mTHR: 00,06,10|3|1.054
251mLEU: 01,02,04|3|3.3432
251mPHE: 01,02,04|3|2.6996
274mALA: 03,11,16|3|1.5759
274mPRO: 03,11,16|3|1.2636
311mPHE: 03,10,16|3|3.5715
267mGLU: 00,06,10|3|1.3636
130mLEU: 07,08,24|3|1.2302
235mGLY: 01,02,04|3|1.6967
251mMET: 01,02,04|3|2.7867
311mSER: 03,10,16|3|2.094
130mGLY: 07,08,24|3|1.2349
235mILE: 01,02,04|3|2.0469
136mGLU: 08,19,21|3|1.5212
130mVAL: 07,08,24|3|1.3955
130mASN: 07,08,24|3|1.1695
130mALA: 07,08,24|3|1.5069
181mASP: 00,06,17|3|1.9455
302mSER: 03,11,16|3|1.0473
130mSER: 07,08,24|3|1.3104
274mGLU: 03,11,16|3|2.3894
266mASN: 00,06,12|3|1.7952
311mLEU: 03,10,16|3|3.7099
302mGLU: 03,11,16|3|1.4217
181mGLU: 00,06,17|3|2.3784
235mGLN: 01,02,04|3|2.1696
266mSER: 00,06,12|3|2.2406
311mCYS: 03,10,16|3|4.5496
311mGLN: 03,10,16|3|3.4479
274mCYS: 03,11,16|3|2.6091
136mASP: 08,19,21|3|1.555
266mGLU: 00,06,12|3|3.036
136mTHR: 08,19,21|3|1.2021
235mLEU: 01,02,04|3|2.34
251mHIS: 01,02,04|3|1.6929
307mASN: 03,10,16|3|1.1515
251mGLU: 01,02,04|3|3.7529
235mTHR: 01,02,04|3|2.3522
307mSER: 03,10,16|3|1.1786
251mSER: 01,02,04|3|1.5945
266mVAL: 00,06,12|3|2.1142
251mPRO: 01,02,04|3|1.9815
130mASP: 07,08,24|3|1.6959
311mALA: 03,10,16|3|2.9642
274mTHR: 03,11,16|3|1.5532
251mVAL: 01,02,04|3|2.5771
235mMET: 01,02,04|3|1.9834
311mASN: 03,10,16|3|2.5778
266mILE: 00,06,12|3|1.452
130mILE: 07,08,24|3|1.2423
245mGLY: 01,04,13|3|1.1754
266mTHR: 00,06,12|3|2.569
302mASN: 03,11,16|3|1.1937
311mMET: 03,10,16|3|3.033
311mGLU: 03,10,16|3|4.6111
235mASN: 01,02,04|3|1.4694
311mHIS: 03,10,16|3|1.849
274mVAL: 03,11,16|3|1.0281
251mASP: 01,02,04|3|2.8482
136mGLY: 08,19,21|3|1.0751
266mALA: 00,06,12|3|2.0224
311mPRO: 03,10,16|3|2.798
235mSER: 01,02,04|3|1.2128
251mTRP: 01,02,04|3|2.5283
251mGLN: 01,02,04|3|2.984
307mGLU: 03,10,16|3|1.8985
311mILE: 03,10,16|3|3.3192
130mTRP: 07,08,24|3|1.0066
274mGLY: 03,11,16|3|1.6281
311mTHR: 03,10,16|3|4.0122
266mGLN: 00,06,12|3|2.2906
311mTRP: 03,10,16|3|3.111
266mLEU: 00,06,12|3|2.0014
266mGLY: 00,06,12|3|2.5002
251mCYS: 01,02,04|3|4.3564
130mTHR: 07,08,24|3|1.617
266mHIS: 00,06,12|3|2.1872
