401mLEU: 01,03,04,09,10,11,13,15,19,21,23,25,28|13|8.8814
401mGLY: 01,03,04,09,10,11,13,15,19,21,23,25,28|13|11.3115
401mASP: 01,03,04,09,10,11,13,15,19,21,23,25,28|13|5.959
401mGLU: 01,03,04,09,10,11,13,15,19,21,23,25,28|13|10.9912
401mSER: 01,03,04,09,10,11,13,15,19,21,23,25,28|13|10.3003
401mALA: 01,03,04,09,10,11,13,15,19,21,23,25,28|13|11.0292
401mLYS: 01,03,04,09,10,11,13,15,19,21,23,25,28|13|6.7041
401mHIS: 01,03,04,09,10,11,13,15,19,21,23,25,28|13|8.4025
401mILE: 01,03,04,09,10,11,13,15,19,21,23,25,28|13|6.3679
394mLEU: 01,03,04,10,12,13,15,19,21,23,28|11|3.5598
400mSER: 01,03,04,09,10,11,13,15,21,25,28|11|3.4182
394mGLU: 01,03,04,10,12,13,15,19,21,23,28|11|4.777
400mGLY: 01,03,04,09,10,11,13,15,21,25,28|11|4.7819
394mALA: 01,03,04,10,12,13,15,19,21,23,28|11|4.6342
400mGLU: 01,03,04,09,10,11,13,15,21,25,28|11|4.7144
394mGLY: 01,03,04,10,12,13,15,19,21,23,28|11|6.1969
403mPHE: 00,04,09,10,11,13,19,21,23,25|10|3.4433
403mLEU: 00,04,09,10,11,13,19,21,23,25|10|6.7254
403mVAL: 00,04,09,10,11,13,19,21,23,25|10|5.2109
403mALA: 00,04,09,10,11,13,19,21,23,25|10|7.0517
403mLYS: 00,04,09,10,11,13,19,21,23,25|10|3.6876
403mILE: 00,04,09,10,11,13,19,21,23,25|10|4.8496
403mHIS: 00,04,09,10,11,13,19,21,23,25|10|6.8396
403mGLU: 00,04,09,10,11,13,19,21,23,25|10|8.3165
403mSER: 00,04,09,10,11,13,19,21,23,25|10|7.2406
403mASP: 00,04,09,10,11,13,19,21,23,25|10|4.379
403mMET: 00,04,09,10,11,13,19,21,23,25|10|6.769
403mGLY: 00,04,09,10,11,13,19,21,23,25|10|8.1247
349mGLY: 02,06,08,16,17,18,20,22,27|9|3.4195
370mLEU: 08,14,16,17,18,20,22,26,27|9|6.3529
370mMET: 08,14,16,17,18,20,22,26,27|9|6.817
370mASP: 08,14,16,17,18,20,22,26,27|9|4.9564
370mGLU: 08,14,16,17,18,20,22,26,27|9|8.6375
370mILE: 08,14,16,17,18,20,22,26,27|9|5.4853
370mPHE: 08,14,16,17,18,20,22,26,27|9|2.8185
456mALA: 02,05,06,07,08,17,18,20,27|9|3.8667
370mHIS: 08,14,16,17,18,20,22,26,27|9|8.6244
370mALA: 08,14,16,17,18,20,22,26,27|9|8.2858
370mVAL: 08,14,16,17,18,20,22,26,27|9|5.818
370mGLY: 08,14,16,17,18,20,22,26,27|9|10.0894
370mARG: 08,14,16,17,18,20,22,26,27|9|1.3641
370mSER: 08,14,16,17,18,20,22,26,27|9|9.4705
370mLYS: 08,14,16,17,18,20,22,26,27|9|6.5109
432mALA: 01,03,04,12,13,19,21,23,28|9|1.6697
451mGLU: 05,06,08,16,17,18,20,22,27|9|2.7337
419mASP: 02,03,04,09,11,13,15,25|8|2.9456
419mPHE: 02,03,04,09,11,13,15,25|8|1.799
339mALA: 00,04,09,10,11,13,19,25|8|9.3441
393mGLY: 01,04,10,13,19,21,23,28|8|2.8083
339mGLN: 00,04,09,10,11,13,19,25|8|4.3326
419mSER: 02,03,04,09,11,13,15,25|8|4.0664
393mSER: 01,04,10,13,19,21,23,28|8|2.4872
339mSER: 00,04,09,10,11,13,19,25|8|9.7673
339mHIS: 00,04,09,10,11,13,19,25|8|8.4606
339mILE: 00,04,09,10,11,13,19,25|8|4.6734
339mGLY: 00,04,09,10,11,13,19,25|8|10.3332
419mVAL: 02,03,04,09,11,13,15,25|8|2.6531
430mALA: 01,03,04,09,12,15,23,28|8|1.2322
419mALA: 02,03,04,09,11,13,15,25|8|5.7891
368mSER: 08,14,16,17,18,22,26,29|8|2.2037
339mASP: 00,04,09,10,11,13,19,25|8|6.4647
339mLEU: 00,04,09,10,11,13,19,25|8|7.2376
419mGLY: 02,03,04,09,11,13,15,25|8|4.9184
419mILE: 02,03,04,09,11,13,15,25|8|3.4947
368mMET: 08,14,16,17,18,22,26,29|8|2.3604
368mHIS: 08,14,16,17,18,22,26,29|8|3.0831
368mGLY: 08,14,16,17,18,22,26,29|8|2.543
339mTHR: 00,04,09,10,11,13,19,25|8|7.7846
377mGLY: 00,02,04,09,10,11,13,25|8|4.414
365mGLY: 14,16,17,18,20,22,24,26|8|1.6018
377mHIS: 00,02,04,09,10,11,13,25|8|2.5469
339mLYS: 00,04,09,10,11,13,19,25|8|6.7968
339mGLU: 00,04,09,10,11,13,19,25|8|10.939
419mLEU: 02,03,04,09,11,13,15,25|8|4.1222
419mGLU: 02,03,04,09,11,13,15,25|8|4.6057
358mHIS: 05,07,08,18,20,22,27|7|1.3959
390mGLY: 01,10,19,21,23,24,29|7|2.1907
436mGLY: 01,12,19,21,23,24,29|7|2.5521
436mASN: 01,12,19,21,23,24,29|7|1.7792
390mSER: 01,10,19,21,23,24,29|7|2.0732
358mGLY: 05,07,08,18,20,22,27|7|1.1229
436mSER: 01,12,19,21,23,24,29|7|2.6234
351mSER: 08,16,17,18,20,22,27|7|2.1665
379mSER: 00,02,09,11,13,15,25|7|2.1514
364mALA: 08,14,16,18,20,22,27|7|1.5286
351mGLY: 08,16,17,18,20,22,27|7|2.019
387mSER: 14,16,17,18,22,26,29|7|1.0629
402mGLY: 04,09,13,19,21,23,25|7|1.8825
436mMET: 01,12,19,21,23,24,29|7|2.5141
390mTHR: 01,10,19,21,23,24,29|7|1.6004
379mGLY: 00,02,09,11,13,15,25|7|3.0481
359mHIS: 05,08,18,20,22,24,26|7|1.9348
407mALA: 04,10,19,21,23,25,29|7|1.4546
379mHIS: 00,02,09,11,13,15,25|7|2.5573
407mGLY: 04,10,19,21,23,25,29|7|2.4939
436mHIS: 01,12,19,21,23,24,29|7|3.3497
351mGLU: 08,16,17,18,20,22,27|7|2.1702
390mGLU: 01,10,19,21,23,24,29|7|1.7884
436mGLU: 01,12,19,21,23,24,29|7|2.3095
387mGLY: 14,16,17,18,22,26,29|7|1.1654
436mTHR: 01,12,19,21,23,24,29|7|1.9628
359mGLY: 05,08,18,20,22,24,26|7|3.562
450mGLY: 02,06,07,08,20,22|6|2.3628
450mLEU: 02,06,07,08,20,22|6|1.3618
450mHIS: 02,06,07,08,20,22|6|2.1962
450mALA: 02,06,07,08,20,22|6|1.5234
410mGLY: 14,16,19,21,26,29|6|1.7924
450mSER: 02,06,07,08,20,22|6|2.0252
441mGLY: 01,12,19,21,23,28|6|2.8377
441mSER: 01,12,19,21,23,28|6|2.3249
450mVAL: 02,06,07,08,20,22|6|1.081
450mGLU: 02,06,07,08,20,22|6|1.5474
350mGLU: 16,18,20,22,27|5|1.4744
366mHIS: 14,18,22,24,26|5|1.9265
366mMET: 14,18,22,24,26|5|1.6102
412mHIS: 14,16,24,26,29|5|1.0205
392mMET: 01,04,10,19,23|5|1.1649
414mGLY: 01,04,10,19,21|5|1.6748
443mASN: 03,12,21,23,28|5|1.5427
395mGLY: 01,04,19,21,23|5|1.2139
414mMET: 01,04,10,19,21|5|1.2159
418mGLY: 03,09,13,15,25|5|1.1302
421mALA: 02,03,09,13,15|5|1.8177
350mMET: 16,18,20,22,27|5|1.9404
366mSER: 14,18,22,24,26|5|1.3609
443mGLU: 03,12,21,23,28|5|3.2689
346mMET: 02,08,17,20,27|5|1.3317
366mGLU: 14,18,22,24,26|5|1.234
412mGLY: 14,16,24,26,29|5|1.2509
414mHIS: 01,04,10,19,21|5|1.4765
350mSER: 16,18,20,22,27|5|2.0514
343mGLY: 00,02,11,17,25|5|1.2237
346mGLY: 02,08,17,20,27|5|1.0925
411mGLU: 14,16,18,26,29|5|2.531
341mGLY: 00,10,11,19,25|5|2.0274
392mGLY: 01,04,10,19,23|5|1.9089
341mILE: 00,10,11,19,25|5|1.4707
414mSER: 01,04,10,19,21|5|1.3922
341mALA: 00,10,11,19,25|5|2.5094
346mSER: 02,08,17,20,27|5|1.064
443mGLY: 03,12,21,23,28|5|2.9291
414mVAL: 01,04,10,19,21|5|1.0046
414mALA: 01,04,10,19,21|5|1.3006
443mMET: 03,12,21,23,28|5|1.0635
366mGLY: 14,18,22,24,26|5|1.3478
350mASN: 16,18,20,22,27|5|1.2884
350mGLY: 16,18,20,22,27|5|2.3622
350mTHR: 16,18,20,22,27|5|1.082
343mSER: 00,02,11,17,25|5|1.0254
418mALA: 03,09,13,15,25|5|1.4508
443mHIS: 03,12,21,23,28|5|2.0843
454mGLY: 05,07,18,20,27|5|1.465
350mLYS: 16,18,20,22,27|5|1.2514
454mTHR: 05,07,18,20,27|5|1.06
443mSER: 03,12,21,23,28|5|3.0436
454mSER: 05,07,18,20,27|5|1.324
454mHIS: 05,07,18,20,27|5|1.9445
392mHIS: 01,04,10,19,23|5|1.4676
392mSER: 01,04,10,19,23|5|1.5273
454mASN: 05,07,18,20,27|5|1.269
395mALA: 01,04,19,21,23|5|1.1871
350mALA: 16,18,20,22,27|5|1.7742
350mVAL: 16,18,20,22,27|5|1.5222
346mHIS: 02,08,17,20,27|5|1.735
350mHIS: 16,18,20,22,27|5|2.2598
350mLEU: 16,18,20,22,27|5|1.5458
366mTHR: 14,18,22,24,26|5|1.1079
350mILE: 16,18,20,22,27|5|1.4142
426mGLY: 02,03,07,09,15|5|1.4309
454mMET: 05,07,18,20,27|5|1.6505
414mLEU: 01,04,10,19,21|5|1.0161
408mSER: 14,19,23,29|4|1.0729
438mGLU: 12,21,24,26|4|1.751
408mHIS: 14,19,23,29|4|1.5187
391mSER: 01,21,24,26|4|1.1264
391mASN: 01,21,24,26|4|1.0824
391mGLY: 01,21,24,26|4|1.2392
389mALA: 01,10,19,21|4|1.3067
438mGLY: 12,21,24,26|4|1.1397
408mGLU: 14,19,23,29|4|1.0607
391mHIS: 01,21,24,26|4|1.6228
438mALA: 12,21,24,26|4|1.6455
391mMET: 01,21,24,26|4|1.3876
408mGLY: 14,19,23,29|4|1.4648
440mGLU: 12,24,28|3|1.7482
344mASN: 00,02,17|3|1.1711
440mLYS: 12,24,28|3|1.0433
440mTHR: 12,24,28|3|1.3474
344mGLU: 00,02,17|3|1.3955
420mILE: 02,09,15|3|1.2009
440mLEU: 12,24,28|3|1.1815
344mTHR: 00,02,17|3|1.2713
420mVAL: 02,09,15|3|1.1022
420mALA: 02,09,15|3|1.4862
440mSER: 12,24,28|3|1.8623
440mMET: 12,24,28|3|1.4581
440mASN: 12,24,28|3|1.3267
428mGLU: 03,09,15|3|1.6685
420mLEU: 02,09,15|3|1.0895
413mGLY: 14,16,29|3|1.1182
420mSER: 02,09,15|3|1.2066
440mALA: 12,24,28|3|1.3602
344mMET: 00,02,17|3|1.6915
428mMET: 03,09,15|3|1.3239
428mHIS: 03,09,15|3|1.5841
428mSER: 03,09,15|3|1.5889
440mGLY: 12,24,28|3|1.9104
420mLYS: 02,09,15|3|1.0426
428mASN: 03,09,15|3|1.2099
344mGLY: 00,02,17|3|1.834
420mGLY: 02,09,15|3|1.4328
440mVAL: 12,24,28|3|1.1137
420mHIS: 02,09,15|3|1.0427
428mTHR: 03,09,15|3|1.4389
440mHIS: 12,24,28|3|1.7322
428mGLY: 03,09,15|3|1.5514
344mHIS: 00,02,17|3|2.2116
344mSER: 00,02,17|3|1.7299
342mCYS: 10,25|2|1.3426
