193mGLU: 06,09,23,24,29|5|2.357
179mGLU: 01,02,05,12,18|5|1.7337
262mGLU: 01,02,05,17,18|5|1.6267
193mGLY: 06,09,23,24,29|5|1.9502
244mTHR: 09,23,24,25,29|5|1.1233
179mASP: 01,02,05,12,18|5|1.7319
136mASP: 07,16,17,23,29|5|1.3732
136mTHR: 07,16,17,23,29|5|1.9532
193mTHR: 06,09,23,24,29|5|1.4977
193mASN: 06,09,23,24,29|5|1.9862
262mLYS: 01,02,05,17,18|5|1.7584
440mGLU: 00,11,14,21|4|3.15
440mLYS: 00,11,14,21|4|3.0662
178mVAL: 01,05,17,18|4|2.0088
127mCYS: 07,16,23,25|4|3.3763
122mALA: 12,16,17,18|4|1.774
194mTHR: 06,09,24,29|4|3.0425
288mCYS: 03,20,22,27|4|7.723
284mSER: 06,09,20,22|4|1.3644
440mTHR: 00,11,14,21|4|2.8348
288mHIS: 03,20,22,27|4|1.282
288mVAL: 03,20,22,27|4|1.838
127mGLY: 07,16,23,25|4|1.6548
194mASP: 06,09,24,29|4|3.1294
241mALA: 09,23,24,29|4|1.142
178mLYS: 01,05,17,18|4|3.9149
126mASP: 07,16,23,25|4|3.3848
323mCYS: 03,21,22,27|4|5.0581
122mGLN: 12,16,17,18|4|1.0767
191mASN: 06,09,24,29|4|1.1497
178mGLY: 01,05,17,18|4|3.0534
181mLYS: 02,05,12,18|4|1.6507
291mHIS: 03,20,22,27|4|1.0983
194mPRO: 06,09,24,29|4|2.0015
169mGLU: 06,09,24,29|4|2.2863
241mGLY: 09,23,24,29|4|1.3968
194mCYS: 06,09,24,29|4|6.0636
191mGLU: 06,09,24,29|4|2.8184
297mGLU: 06,09,15,21|4|1.7874
146mGLY: 01,12,17,18|4|4.7077
288mALA: 03,20,22,27|4|2.5605
440mSER: 00,11,14,21|4|2.2089
122mTHR: 12,16,17,18|4|1.5022
147mLYS: 01,12,17,18|4|2.5449
178mPRO: 01,05,17,18|4|2.7257
146mLYS: 01,12,17,18|4|3.3971
440mASN: 00,11,14,21|4|3.2795
242mGLY: 06,09,24,29|4|2.5016
122mSER: 12,16,17,18|4|1.2338
122mASP: 12,16,17,18|4|1.4011
191mTHR: 06,09,24,29|4|1.5924
194mHIS: 06,09,24,29|4|2.2868
286mGLY: 03,20,22,27|4|1.2646
127mGLU: 07,16,23,25|4|1.6885
241mCYS: 09,23,24,29|4|2.1969
122mASN: 12,16,17,18|4|1.3952
181mASP: 02,05,12,18|4|3.5787
146mTHR: 01,12,17,18|4|1.893
242mHIS: 06,09,24,29|4|2.0828
288mPRO: 03,20,22,27|4|1.4245
126mGLY: 07,16,23,25|4|2.7751
122mGLY: 12,16,17,18|4|1.7626
194mILE: 06,09,24,29|4|1.6278
283mASP: 03,20,22,27|4|3.1192
181mGLU: 02,05,12,18|4|1.8873
288mASP: 03,20,22,27|4|2.16
178mGLU: 01,05,17,18|4|4.1311
283mGLY: 03,20,22,27|4|3.3164
178mASP: 01,05,17,18|4|4.388
242mALA: 06,09,24,29|4|2.9202
194mARG: 06,09,24,29|4|1.1068
440mASP: 00,11,14,21|4|2.7011
191mASP: 06,09,24,29|4|2.2759
284mGLN: 06,09,20,22|4|1.926
194mGLU: 06,09,24,29|4|3.2138
440mALA: 00,11,14,21|4|1.2009
122mMET: 12,16,17,18|4|1.1923
122mLYS: 12,16,17,18|4|1.6616
178mCYS: 01,05,17,18|4|4.8773
400mTHR: 03,20,22,27|4|1.2831
284mGLY: 06,09,20,22|4|1.8454
284mALA: 06,09,20,22|4|2.0814
242mVAL: 06,09,24,29|4|1.4763
147mCYS: 01,12,17,18|4|4.4203
243mGLU: 06,09,24,29|4|1.3632
421mGLY: 03,20,22,27|4|1.4824
181mTHR: 02,05,12,18|4|2.3388
122mVAL: 12,16,17,18|4|1.617
126mALA: 07,16,23,25|4|3.3437
146mHIS: 01,12,17,18|4|2.9974
178mTHR: 01,05,17,18|4|3.0101
242mGLU: 06,09,24,29|4|2.8563
440mGLY: 00,11,14,21|4|3.0291
242mASP: 06,09,24,29|4|2.5099
169mGLY: 06,09,24,29|4|1.1906
283mSER: 03,20,22,27|4|2.2432
400mGLU: 03,20,22,27|4|1.3972
127mLYS: 07,16,23,25|4|2.2661
146mLEU: 01,12,17,18|4|2.1906
194mVAL: 06,09,24,29|4|2.0738
242mTHR: 06,09,24,29|4|2.7325
126mLYS: 07,16,23,25|4|2.0566
146mGLN: 01,12,17,18|4|1.2321
122mGLU: 12,16,17,18|4|1.808
242mILE: 06,09,24,29|4|1.5547
284mTHR: 06,09,20,22|4|2.4101
146mGLU: 01,12,17,18|4|3.6516
297mTHR: 06,09,15,21|4|1.1491
194mLYS: 06,09,24,29|4|3.9873
181mGLY: 02,05,12,18|4|1.938
144mGLY: 01,12,17,18|4|1.1844
400mASN: 03,20,22,27|4|1.2844
169mLYS: 06,09,24,29|4|2.307
146mCYS: 01,12,17,18|4|4.5718
126mTHR: 07,16,23,25|4|1.477
284mASN: 06,09,20,22|4|1.3325
178mHIS: 01,05,17,18|4|1.9443
146mSER: 01,12,17,18|4|3.9791
178mASN: 01,05,17,18|4|3.184
242mPRO: 06,09,24,29|4|1.3756
284mILE: 06,09,20,22|4|1.8893
178mALA: 01,05,17,18|4|2.1427
194mGLY: 06,09,24,29|4|2.7121
146mALA: 01,12,17,18|4|5.0955
178mILE: 01,05,17,18|4|1.1623
288mLYS: 03,20,22,27|4|2.4775
284mGLU: 06,09,20,22|4|2.8062
122mILE: 12,16,17,18|4|1.0121
194mASN: 06,09,24,29|4|2.3653
131mASP: 07,16,23,25|4|1.2048
122mHIS: 12,16,17,18|4|2.1917
146mVAL: 01,12,17,18|4|1.7313
242mLYS: 06,09,24,29|4|3.4073
146mMET: 01,12,17,18|4|1.6141
284mVAL: 06,09,20,22|4|1.6561
126mGLU: 07,16,23,25|4|2.7251
194mALA: 06,09,24,29|4|3.1901
147mGLU: 01,12,17,18|4|1.8148
242mASN: 06,09,24,29|4|2.0369
288mGLU: 03,20,22,27|4|1.795
283mTHR: 03,20,22,27|4|2.3676
440mGLN: 00,11,14,21|4|1.3759
284mTRP: 06,09,20,22|4|1.6039
146mASP: 01,12,17,18|4|4.3289
191mLYS: 06,09,24,29|4|2.9554
283mALA: 03,20,22,27|4|3.4146
126mCYS: 07,16,23,25|4|4.3453
320mCYS: 03,20,22,27|4|5.9827
191mGLY: 06,09,24,29|4|1.6173
284mLEU: 06,09,20,22|4|2.1852
127mASP: 07,16,23,25|4|2.6658
123mLYS: 07,16,23|3|2.2642
419mASP: 03,22,27|3|2.0996
324mCYS: 03,22,27|3|9.3334
362mGLY: 00,09,11|3|1.8249
279mCYS: 20,22,27|3|2.3034
327mHIS: 03,19,27|3|1.0316
259mALA: 02,05,10|3|1.3758
268mGLU: 01,12,17|3|1.3824
123mGLU: 07,16,23|3|2.1485
265mCYS: 01,17,18|3|3.5521
324mPRO: 03,22,27|3|1.7542
362mALA: 00,09,11|3|1.5132
324mVAL: 03,22,27|3|2.3714
190mGLU: 06,09,24|3|2.2153
362mCYS: 00,09,11|3|1.7147
133mGLY: 16,23,29|3|1.3063
329mALA: 14,19,21|3|1.0766
133mLYS: 16,23,29|3|1.8102
133mPRO: 16,23,29|3|1.1513
267mILE: 01,17,18|3|1.0763
259mASP: 02,05,10|3|2.266
310mASP: 20,22,27|3|1.7888
317mCYS: 20,22,27|3|3.1561
217mASP: 06,24,29|3|2.1135
141mSER: 12,17,18|3|1.0529
324mHIS: 03,22,27|3|1.2946
259mCYS: 02,05,10|3|1.8524
324mLYS: 03,22,27|3|3.4046
123mASN: 07,16,23|3|1.4449
362mLYS: 00,09,11|3|1.9635
267mLYS: 01,17,18|3|2.1176
419mTHR: 03,22,27|3|1.4408
324mGLY: 03,22,27|3|1.252
311mASP: 15,20,21|3|1.1211
324mILE: 03,22,27|3|1.257
190mCYS: 06,09,24|3|7.3841
133mASP: 16,23,29|3|2.1173
190mHIS: 06,09,24|3|1.3619
141mMET: 12,17,18|3|1.405
267mALA: 01,17,18|3|1.583
190mALA: 06,09,24|3|2.6048
324mASP: 03,22,27|3|2.762
362mSER: 00,09,11|3|1.3888
324mTHR: 03,22,27|3|1.5712
267mSER: 01,17,18|3|1.4192
428mASN: 03,20,22|3|1.542
280mCYS: 06,09,22|3|1.2202
329mGLU: 14,19,21|3|1.0947
281mGLU: 06,09,15|3|1.3678
123mTHR: 07,16,23|3|1.7396
133mGLU: 16,23,29|3|1.7807
133mCYS: 16,23,29|3|2.0693
267mGLY: 01,17,18|3|1.8079
259mTHR: 02,05,10|3|1.3512
419mGLY: 03,22,27|3|1.6243
268mASP: 01,12,17|3|1.3254
190mTHR: 06,09,24|3|1.1645
141mGLU: 12,17,18|3|1.2798
190mPRO: 06,09,24|3|1.1353
190mLYS: 06,09,24|3|2.559
330mGLY: 03,19,27|3|1.204
259mGLU: 02,05,10|3|1.9457
428mLYS: 03,20,22|3|1.3152
141mGLY: 12,17,18|3|1.2961
141mTHR: 12,17,18|3|1.1338
428mTHR: 03,20,22|3|1.2557
362mTHR: 00,09,11|3|1.534
317mALA: 20,22,27|3|1.0771
310mGLU: 20,22,27|3|1.3108
267mCYS: 01,17,18|3|2.2773
281mASP: 06,09,15|3|1.3681
190mVAL: 06,09,24|3|1.857
190mASP: 06,09,24|3|2.0662
428mGLU: 03,20,22|3|1.9394
141mALA: 12,17,18|3|1.1055
324mGLU: 03,22,27|3|2.9836
141mHIS: 12,17,18|3|1.4861
217mLYS: 06,24,29|3|1.1253
419mSER: 03,22,27|3|1.4013
128mCYS: 07,23,25|3|2.5868
123mASP: 07,16,23|3|2.1662
190mGLY: 06,09,24|3|1.1033
362mASP: 00,09,11|3|2.2411
419mGLU: 03,22,27|3|2.0073
324mALA: 03,22,27|3|3.377
133mTHR: 16,23,29|3|1.2746
