244mGLY: 00,01,04,08,12,14,24,25,27,28|10|4.2822
127mTHR: 00,04,05,08,13,21,22,27,28|9|4.0287
127mGLU: 00,04,05,08,13,21,22,27,28|9|5.7571
134mGLU: 00,01,04,05,12,14,27,28|8|6.9307
134mVAL: 00,01,04,05,12,14,27,28|8|2.6708
134mTHR: 00,01,04,05,12,14,27,28|8|6.4055
134mGLY: 00,01,04,05,12,14,27,28|8|3.4183
206mALA: 00,05,08,13,21,22,29|7|2.9289
124mTHR: 00,04,05,13,21,28,29|7|2.2381
124mGLU: 00,04,05,13,21,28,29|7|2.7605
124mLEU: 00,04,05,13,21,28,29|7|1.4543
243mASP: 01,12,14,22,23,24,25|7|3.5174
243mTHR: 01,12,14,22,23,24,25|7|3.2706
243mGLU: 01,12,14,22,23,24,25|7|5.4164
242mGLU: 01,11,12,14,23,24,25|7|4.037
206mGLU: 00,05,08,13,21,22,29|7|6.4873
206mTHR: 00,05,08,13,21,22,29|7|5.0335
250mASN: 05,08,13,21,22,23|6|2.8443
136mVAL: 00,04,05,20,27,28|6|1.8757
218mGLU: 01,11,12,14,20,24|6|4.8265
250mILE: 05,08,13,21,22,23|6|3.0227
218mALA: 01,11,12,14,20,24|6|4.2934
217mGLY: 01,11,12,14,20,27|6|2.2083
190mGLU: 01,11,12,14,24,25|6|1.6383
250mLYS: 05,08,13,21,22,23|6|2.7384
250mVAL: 05,08,13,21,22,23|6|3.7018
245mALA: 00,08,22,23,27,28|6|1.8319
250mGLY: 05,08,13,21,22,23|6|3.1652
218mGLY: 01,11,12,14,20,24|6|2.8799
136mASP: 00,04,05,20,27,28|6|2.1084
136mTHR: 00,04,05,20,27,28|6|2.5121
250mALA: 05,08,13,21,22,23|6|4.6478
169mGLY: 01,11,12,14,24,25|6|1.3385
245mGLY: 00,08,22,23,27,28|6|2.1045
190mTHR: 01,11,12,14,24,25|6|1.7625
219mGLY: 01,11,12,14,25,27|6|1.3713
250mTHR: 05,08,13,21,22,23|6|4.4679
218mTHR: 01,11,12,14,20,24|6|3.9134
218mLEU: 01,11,12,14,20,24|6|3.4898
250mGLU: 05,08,13,21,22,23|6|2.7275
191mGLY: 01,11,12,14,24,25|6|1.6553
139mLEU: 01,04,20,27,28|5|3.2378
123mLYS: 00,04,05,21,28|5|3.0013
122mALA: 00,04,05,15,21|5|1.0453
122mHIS: 00,04,05,15,21|5|2.9211
139mTHR: 01,04,20,27,28|5|3.2615
139mGLU: 01,04,20,27,28|5|3.5735
122mLEU: 00,04,05,15,21|5|1.5955
139mGLN: 01,04,20,27,28|5|2.9532
122mTHR: 00,04,05,15,21|5|2.1109
165mPHE: 01,11,14,24,25|5|1.3664
130mGLY: 04,12,14,22,28|5|1.9049
165mTHR: 01,11,14,24,25|5|3.0201
122mSER: 00,04,05,15,21|5|2.0831
130mVAL: 04,12,14,22,28|5|1.527
130mASN: 04,12,14,22,28|5|1.4951
123mTHR: 00,04,05,21,28|5|3.9265
139mVAL: 01,04,20,27,28|5|2.5418
130mALA: 04,12,14,22,28|5|1.576
122mASN: 00,04,05,15,21|5|2.0953
123mGLY: 00,04,05,21,28|5|4.2431
139mHIS: 01,04,20,27,28|5|2.0371
122mGLY: 00,04,05,15,21|5|2.4324
165mASN: 01,11,14,24,25|5|2.3796
140mTHR: 01,11,14,20,27|5|2.0275
165mSER: 01,11,14,24,25|5|1.856
122mMET: 00,04,05,15,21|5|2.7753
139mGLY: 01,04,20,27,28|5|2.718
122mVAL: 00,04,05,15,21|5|1.4407
139mILE: 01,04,20,27,28|5|2.6654
283mSER: 03,06,17,18,19|5|1.4311
165mGLY: 01,11,14,24,25|5|3.298
139mALA: 01,04,20,27,28|5|2.7664
283mGLU: 03,06,17,18,19|5|2.6168
165mILE: 01,11,14,24,25|5|1.9839
122mGLU: 00,04,05,15,21|5|2.0706
122mGLN: 00,04,05,15,21|5|1.8947
140mGLU: 01,11,14,20,27|5|1.8036
165mLYS: 01,11,14,24,25|5|1.4901
123mILE: 00,04,05,21,28|5|1.9463
165mGLN: 01,11,14,24,25|5|1.9383
123mVAL: 00,04,05,21,28|5|2.9545
139mTRP: 01,04,20,27,28|5|2.548
165mHIS: 01,11,14,24,25|5|2.3107
139mASN: 01,04,20,27,28|5|1.8945
165mALA: 01,11,14,24,25|5|3.3925
139mMET: 01,04,20,27,28|5|2.8651
122mTRP: 00,04,05,15,21|5|1.5712
139mSER: 01,04,20,27,28|5|1.908
165mVAL: 01,11,14,24,25|5|3.0353
130mTHR: 04,12,14,22,28|5|1.8632
283mALA: 03,06,17,18,19|5|1.1047
123mALA: 00,04,05,21,28|5|3.5157
130mILE: 04,12,14,22,28|5|1.0265
196mGLN: 08,13,22,27|4|2.4842
197mASN: 00,08,13,22|4|1.6954
251mILE: 08,13,22,23|4|1.0246
193mSER: 01,11,12,27|4|1.2991
258mTHR: 03,07,18,19|4|1.1543
196mLEU: 08,13,22,27|4|2.6942
193mHIS: 01,11,12,27|4|1.6141
197mHIS: 00,08,13,22|4|1.5842
279mMET: 03,06,17,19|4|1.0449
196mGLU: 08,13,22,27|4|2.9559
251mASN: 08,13,22,23|4|1.0744
196mVAL: 08,13,22,27|4|2.0683
251mTHR: 08,13,22,23|4|1.5227
196mGLY: 08,13,22,27|4|2.4414
196mPHE: 08,13,22,27|4|2.0374
196mSER: 08,13,22,27|4|1.7833
258mGLU: 03,07,18,19|4|1.7579
193mGLY: 01,11,12,27|4|1.5377
196mALA: 08,13,22,27|4|2.3803
197mMET: 00,08,13,22|4|2.591
286mGLY: 06,17,18,19|4|1.0871
196mMET: 08,13,22,27|4|2.5053
251mGLY: 08,13,22,23|4|1.419
196mASN: 08,13,22,27|4|1.6806
196mTHR: 08,13,22,27|4|2.7394
279mHIS: 03,06,17,19|4|1.3918
197mVAL: 00,08,13,22|4|2.7246
286mSER: 06,17,18,19|4|1.1646
197mLEU: 00,08,13,22|4|3.2622
197mGLY: 00,08,13,22|4|2.3788
197mGLU: 00,08,13,22|4|3.8152
248mASN: 08,13,22,23|4|1.3169
196mASP: 08,13,22,27|4|2.3052
251mVAL: 08,13,22,23|4|1.5362
196mILE: 08,13,22,27|4|2.1925
286mTHR: 06,17,18,19|4|1.5402
197mSER: 00,08,13,22|4|1.7444
196mHIS: 08,13,22,27|4|1.9431
251mALA: 08,13,22,23|4|1.8464
196mTRP: 08,13,22,27|4|2.1295
193mMET: 01,11,12,27|4|1.2804
197mGLN: 00,08,13,22|4|2.5042
248mTHR: 08,13,22,23|4|2.2037
248mGLU: 08,13,22,23|4|2.1166
197mILE: 00,08,13,22|4|2.4336
286mGLU: 06,17,18,19|4|2.1281
197mTHR: 00,08,13,22|4|3.3056
197mTRP: 00,08,13,22|4|1.8772
197mALA: 00,08,13,22|4|2.5654
424mASN: 03,06,18|3|1.0371
182mLEU: 07,15,29|3|1.1894
273mGLY: 03,18,19|3|2.0498
182mGLU: 07,15,29|3|2.1158
158mLEU: 13,22,23|3|2.3183
264mTHR: 03,18,19|3|1.0026
454mASP: 03,06,19|3|1.012
182mTHR: 07,15,29|3|1.6909
158mGLU: 13,22,23|3|2.3072
158mVAL: 13,22,23|3|1.8972
158mGLN: 13,22,23|3|1.5736
297mGLU: 01,11,24|3|1.8388
182mMET: 07,15,29|3|1.3743
158mTHR: 13,22,23|3|2.1785
424mTHR: 03,06,18|3|1.7687
273mLYS: 03,18,19|3|1.0872
424mGLY: 03,06,18|3|1.0359
297mMET: 01,11,24|3|1.3834
182mVAL: 07,15,29|3|1.2742
454mLYS: 03,06,19|3|1.3197
146mTHR: 09,15,20|3|1.8176
454mALA: 03,06,19|3|1.0704
146mGLY: 09,15,20|3|1.9963
264mGLU: 03,18,19|3|1.0497
142mGLU: 09,15,20|3|2.4881
266mGLU: 15,18,19|3|1.3995
273mTHR: 03,18,19|3|2.4294
266mALA: 15,18,19|3|1.2611
297mGLY: 01,11,24|3|1.0056
297mALA: 01,11,24|3|1.3141
454mTHR: 03,06,19|3|1.4599
424mGLU: 03,06,18|3|1.9026
182mGLY: 07,15,29|3|1.5505
454mGLY: 03,06,19|3|1.4632
297mGLN: 01,11,24|3|1.3593
182mGLN: 07,15,29|3|1.5839
158mALA: 13,22,23|3|2.7028
146mGLU: 09,15,20|3|2.6605
297mTHR: 01,11,24|3|1.5273
273mHIS: 03,18,19|3|1.2785
273mASN: 03,18,19|3|1.9147
259mTHR: 03,07,19|3|1.0346
266mTHR: 15,18,19|3|1.2454
273mSER: 03,18,19|3|1.6428
273mGLN: 03,18,19|3|1.1198
273mGLU: 03,18,19|3|2.8253
454mSER: 03,06,19|3|1.1408
454mHIS: 03,06,19|3|1.1584
305mALA: 03,09,18|3|1.71
454mASN: 03,06,19|3|1.1887
297mASP: 01,11,24|3|1.7086
158mGLY: 13,22,23|3|2.0492
158mILE: 13,22,23|3|1.7513
266mGLY: 15,18,19|3|1.3345
182mHIS: 07,15,29|3|1.11
454mGLU: 03,06,19|3|1.188
305mGLY: 03,09,18|3|1.8439
142mTHR: 09,15,20|3|1.7768
305mVAL: 03,09,18|3|1.3966
146mCYS: 09,15,20|3|3.2677
146mASP: 09,15,20|3|2.3867
396mGLU: 06,17,18|3|1.2007
230mASP: 07,19,29|3|1.099
182mSER: 07,15,29|3|1.0177
182mASN: 07,15,29|3|1.3176
145mGLU: 09,15,20|3|1.3475
