248mALA: 06,09,18,19,22,26,27|7|4.928
164mALA: 03,09,18,19,26,27,28|7|5.9008
248mCYS: 06,09,18,19,22,26,27|7|7.0287
248mGLY: 06,09,18,19,22,26,27|7|4.4702
164mLEU: 03,09,18,19,26,27,28|7|2.2314
249mALA: 06,09,18,19,22,26,27|7|5.0735
164mSER: 03,09,18,19,26,27,28|7|2.4209
249mLYS: 06,09,18,19,22,26,27|7|3.0727
164mGLU: 03,09,18,19,26,27,28|7|5.1954
249mTHR: 06,09,18,19,22,26,27|7|1.8686
164mGLY: 03,09,18,19,26,27,28|7|4.4271
248mASP: 06,09,18,19,22,26,27|7|5.5554
249mGLY: 06,09,18,19,22,26,27|7|4.1551
249mGLN: 06,09,18,19,22,26,27|7|2.0982
249mSER: 06,09,18,19,22,26,27|7|3.3035
165mALA: 03,09,18,19,27,28|6|6.0412
251mGLN: 06,18,19,22,26,27|6|2.1893
251mSER: 06,18,19,22,26,27|6|2.511
165mTHR: 03,09,18,19,27,28|6|3.0976
251mGLY: 06,18,19,22,26,27|6|3.3761
242mGLU: 03,09,18,19,26,27|6|1.9424
165mCYS: 03,09,18,19,27,28|6|6.1241
251mTHR: 06,18,19,22,26,27|6|2.7544
165mASP: 03,09,18,19,27,28|6|4.8769
165mGLU: 03,09,18,19,27,28|6|4.3574
165mGLY: 03,09,18,19,27,28|6|4.5366
251mALA: 06,18,19,22,26,27|6|4.6323
165mLEU: 03,09,18,19,27,28|6|3.0652
251mCYS: 06,18,19,22,26,27|6|5.4971
165mSER: 03,09,18,19,27,28|6|2.9853
251mGLU: 06,18,19,22,26,27|6|2.1092
242mCYS: 03,09,18,19,26,27|6|6.2978
251mASP: 06,18,19,22,26,27|6|3.1353
158mALA: 06,18,19,22,26|5|3.021
158mGLY: 06,18,19,22,26|5|2.2349
245mASP: 06,09,18,26,27|5|6.4105
245mGLU: 06,09,18,26,27|5|5.3706
245mALA: 06,09,18,26,27|5|3.4478
245mSER: 06,09,18,26,27|5|3.6481
158mASP: 06,18,19,22,26|5|2.4806
245mGLY: 06,09,18,26,27|5|3.599
245mGLN: 06,09,18,26,27|5|4.3329
245mCYS: 06,09,18,26,27|5|6.7411
245mTHR: 06,09,18,26,27|5|4.1688
245mLEU: 06,09,18,26,27|5|2.1968
159mGLU: 09,18,19,26|4|1.6238
244mLYS: 03,09,26,27|4|1.2372
159mTHR: 09,18,19,26|4|2.9987
240mASP: 03,18,19,26|4|1.7042
159mCYS: 09,18,19,26|4|2.4811
240mGLY: 03,18,19,26|4|1.0995
159mGLY: 09,18,19,26|4|2.8778
159mLEU: 09,18,19,26|4|1.4441
163mALA: 09,18,19,27|4|1.3594
163mASP: 09,18,19,27|4|1.2222
244mCYS: 03,09,26,27|4|4.6859
159mPRO: 09,18,19,26|4|2.3027
244mGLY: 03,09,26,27|4|1.1279
157mALA: 09,18,19,26|4|1.9359
159mALA: 09,18,19,26|4|5.2017
240mCYS: 03,18,19,26|4|3.6349
244mALA: 03,09,26,27|4|2.2476
240mALA: 03,18,19,26|4|2.3383
163mGLY: 09,18,19,27|4|1.0319
191mALA: 03,19,28|3|1.5471
169mCYS: 03,19,28|3|1.1531
