146mTHR: 00,05,07,12,19,22,24,28|8|5.4142
180mALA: 00,05,07,12,13,18,22,24|8|4.1718
146mGLU: 00,05,07,12,19,22,24,28|8|7.1915
303mGLY: 00,02,05,12,19,24,28|7|3.3515
303mASN: 00,02,05,12,19,24,28|7|4.786
303mGLU: 00,02,05,12,19,24,28|7|6.0881
303mTHR: 00,02,05,12,19,24,28|7|5.1305
303mASP: 00,02,05,12,19,24,28|7|4.9632
272mTHR: 00,02,05,12,24,28|6|1.0104
178mSER: 00,05,07,12,13,24|6|2.08
274mASP: 00,02,05,12,19,28|6|2.5071
178mGLY: 00,05,07,12,13,24|6|2.2033
178mLEU: 00,05,07,12,13,24|6|1.1767
178mGLU: 00,05,07,12,13,24|6|1.8761
272mGLU: 00,02,05,12,24,28|6|1.796
178mMET: 00,05,07,12,13,24|6|1.8133
178mTHR: 00,05,07,12,13,24|6|1.7609
274mASN: 00,02,05,12,19,28|6|3.037
178mHIS: 00,05,07,12,13,24|6|2.2217
178mGLN: 00,05,07,12,13,24|6|1.0717
178mALA: 00,05,07,12,13,24|6|1.3437
120mGLU: 00,05,07,12,13,22|6|2.1901
305mTHR: 02,05,12,24,28|5|3.8461
121mGLU: 00,05,07,12,22|5|1.6994
305mMET: 02,05,12,24,28|5|2.3976
305mGLN: 02,05,12,24,28|5|2.0027
267mGLU: 12,18,19,22,28|5|1.62
305mASP: 02,05,12,24,28|5|3.103
259mTHR: 13,16,18,26,27|5|2.0404
259mGLU: 13,16,18,26,27|5|2.9869
305mSER: 02,05,12,24,28|5|2.1724
305mALA: 02,05,12,24,28|5|3.2764
259mASP: 13,16,18,26,27|5|1.3576
305mGLY: 02,05,12,24,28|5|2.8209
305mGLU: 02,05,12,24,28|5|4.9831
261mHIS: 12,13,16,18|4|1.0627
275mTHR: 02,05,12,28|4|1.5021
127mTHR: 01,07,10,26|4|1.0584
229mGLY: 12,13,18,22|4|1.3274
229mCYS: 12,13,18,22|4|2.1862
278mGLU: 00,02,05,28|4|1.4384
168mCYS: 10,16,19,23|4|1.1669
220mSER: 00,19,24,28|4|1.1655
336mVAL: 08,11,17,20|4|1.4028
220mTHR: 00,19,24,28|4|1.123
339mGLY: 08,11,17,20|4|1.7742
127mGLU: 01,07,10,26|4|1.4064
232mCYS: 13,16,26,27|4|2.3352
261mALA: 12,13,16,18|4|1.3879
220mGLY: 00,19,24,28|4|1.0773
261mGLY: 12,13,16,18|4|1.5228
220mASP: 00,19,24,28|4|1.4267
119mGLY: 07,12,13,22|4|1.974
220mASN: 00,19,24,28|4|1.4959
336mLEU: 08,11,17,20|4|1.4784
261mGLU: 12,13,16,18|4|1.8427
336mGLU: 08,11,17,20|4|2.0536
261mSER: 12,13,16,18|4|1.633
261mTHR: 12,13,16,18|4|1.5091
336mTHR: 08,11,17,20|4|1.1341
232mGLY: 13,16,26,27|4|1.475
220mLYS: 00,19,24,28|4|1.0552
275mGLU: 02,05,12,28|4|2.2877
232mSER: 13,16,26,27|4|1.2701
261mLYS: 12,13,16,18|4|1.0624
168mGLU: 10,16,19,23|4|1.7124
194mTHR: 10,19,23|3|1.6559
326mGLY: 03,15,20|3|1.386
326mTHR: 03,15,20|3|1.8752
244mLYS: 01,10,23|3|1.8587
237mASP: 01,26,27|3|1.0828
262mGLU: 12,13,18|3|1.0219
219mGLU: 10,19,23|3|1.0216
243mGLY: 01,23,27|3|1.117
237mCYS: 01,26,27|3|1.518
164mGLU: 16,19,23|3|1.4048
169mGLU: 10,19,23|3|1.2883
244mGLY: 01,10,23|3|1.9338
258mCYS: 16,18,27|3|1.92
158mGLU: 16,26,27|3|1.0859
190mGLU: 10,19,23|3|2.1298
242mSER: 01,23,27|3|1.759
262mALA: 12,13,18|3|1.2071
244mASP: 01,10,23|3|1.6208
326mALA: 03,15,20|3|1.4417
243mALA: 01,23,27|3|1.2157
122mALA: 05,12,13|3|1.3786
194mHIS: 10,19,23|3|1.5112
244mTHR: 01,10,23|3|1.24
326mSER: 03,15,20|3|1.0702
341mALA: 08,11,17|3|1.17
258mALA: 16,18,27|3|1.704
242mALA: 01,23,27|3|1.5203
345mGLU: 08,11,17|3|1.3714
194mGLU: 10,19,23|3|1.4962
190mCYS: 10,19,23|3|1.2052
244mHIS: 01,10,23|3|1.1322
122mCYS: 05,12,13|3|1.6619
242mGLU: 01,23,27|3|2.6011
341mCYS: 08,11,17|3|3.3941
244mGLU: 01,10,23|3|3.0398
326mGLU: 03,15,20|3|2.277
244mSER: 01,10,23|3|1.3334
194mSER: 10,19,23|3|1.4365
326mMET: 03,15,20|3|1.3344
194mLYS: 10,19,23|3|1.2216
262mGLY: 12,13,18|3|1.2886
341mASP: 08,11,17|3|1.153
190mTHR: 10,19,23|3|1.1788
244mALA: 01,10,23|3|2.7105
194mGLY: 10,19,23|3|1.5485
262mSER: 12,13,18|3|1.1726
194mASN: 10,19,23|3|1.813
242mLYS: 01,23,27|3|1.5362
326mLEU: 03,15,20|3|1.8008
160mCYS: 16,26,27|3|1.2297
258mGLU: 16,18,27|3|1.6552
242mASN: 01,23,27|3|1.5161
244mCYS: 01,10,23|3|4.7038
160mGLU: 16,26,27|3|1.2197
341mGLU: 08,11,17|3|2.8101
330mCYS: 15,17,20|3|1.3897
242mTHR: 01,23,27|3|1.6665
