244mGLU: 03,06,11,16,17,18,19,20,23,29|10|4.8884
266mASP: 00,01,02,05,07,10,12,21,27|9|6.9687
127mTHR: 03,04,06,11,14,16,20,29|8|5.3375
127mGLY: 03,04,06,11,14,16,20,29|8|2.9536
217mGLY: 08,16,17,18,19,23,25,28|8|5.3496
127mGLU: 03,04,06,11,14,16,20,29|8|5.9317
146mTHR: 00,01,02,05,08,12,25,27|8|3.5709
127mSER: 03,04,06,11,14,16,20,29|8|2.5753
268mGLY: 00,01,02,07,12,25,27,28|8|4.1769
146mGLU: 00,01,02,05,08,12,25,27|8|3.0049
130mGLU: 06,11,16,17,18,20,23|7|3.844
245mGLU: 03,04,06,09,11,16,29|7|6.7524
130mCYS: 06,11,16,17,18,20,23|7|4.8929
124mGLU: 03,04,06,14,20,26,29|7|3.5089
135mALA: 03,04,06,14,16,20,29|7|2.4519
130mPRO: 06,11,16,17,18,20,23|7|3.2322
196mCYS: 04,06,11,14,16,20,29|7|2.8671
267mGLU: 00,01,05,12,25,27,28|7|2.0004
135mCYS: 03,04,06,14,16,20,29|7|5.3073
135mPRO: 03,04,06,14,16,20,29|7|1.5265
130mASN: 06,11,16,17,18,20,23|7|2.3922
135mGLN: 03,04,06,14,16,20,29|7|1.7396
245mASP: 03,04,06,09,11,16,29|7|5.7095
135mTHR: 03,04,06,14,16,20,29|7|2.3145
178mCYS: 00,01,05,07,10,21,27|7|2.0502
135mGLY: 03,04,06,14,16,20,29|7|1.4922
124mASP: 03,04,06,14,20,26,29|7|3.4412
196mASP: 04,06,11,14,16,20,29|7|3.224
135mLEU: 03,04,06,14,16,20,29|7|2.1864
130mILE: 06,11,16,17,18,20,23|7|3.0545
245mGLY: 03,04,06,09,11,16,29|7|4.6805
196mGLY: 04,06,11,14,16,20,29|7|2.843
245mCYS: 03,04,06,09,11,16,29|7|8.488
135mASP: 03,04,06,14,16,20,29|7|3.1437
130mTHR: 06,11,16,17,18,20,23|7|4.2919
135mGLU: 03,04,06,14,16,20,29|7|2.9288
193mGLU: 11,16,17,18,19,23|6|2.8518
241mASP: 06,16,17,19,20,23|6|2.8565
123mGLU: 03,04,06,14,20,29|6|2.3166
243mGLY: 06,16,17,18,19,23|6|1.4916
241mGLY: 06,16,17,19,20,23|6|1.8474
136mCYS: 08,14,16,20,25,28|6|3.2202
136mGLU: 08,14,16,20,25,28|6|4.3744
123mTHR: 03,04,06,14,20,29|6|2.095
241mCYS: 06,16,17,19,20,23|6|3.605
218mGLY: 08,17,18,19,23,28|6|1.9758
241mGLN: 06,16,17,19,20,23|6|1.9613
136mASP: 08,14,16,20,25,28|6|4.0736
136mTHR: 08,14,16,20,25,28|6|3.59
193mTHR: 11,16,17,18,19,23|6|3.5948
229mGLU: 00,01,05,07,10,21|6|2.5773
241mTHR: 06,16,17,19,20,23|6|3.2584
123mCYS: 03,04,06,14,20,29|6|2.5922
136mGLN: 08,14,16,20,25,28|6|1.9308
123mILE: 03,04,06,14,20,29|6|1.2349
241mGLU: 06,16,17,19,20,23|6|3.5995
241mILE: 06,16,17,19,20,23|6|1.6132
229mASP: 00,01,05,07,10,21|6|1.5197
145mTHR: 02,08,12,25,28|5|1.9851
143mILE: 02,08,12,25,28|5|1.8021
219mTHR: 16,17,18,19,23|5|2.6495
143mPRO: 02,08,12,25,28|5|1.5062
143mTHR: 02,08,12,25,28|5|2.782
143mSER: 02,08,12,25,28|5|1.177
262mTHR: 01,05,07,10,21|5|1.622
139mGLY: 08,16,19,25,28|5|2.0565
143mALA: 02,08,12,25,28|5|2.473
139mALA: 08,16,19,25,28|5|2.1741
143mCYS: 02,08,12,25,28|5|3.3993
144mTHR: 02,08,12,25,28|5|2.4993
144mGLU: 02,08,12,25,28|5|2.7492
145mGLU: 02,08,12,25,28|5|1.6122
239mGLU: 04,06,11,29|4|1.4514
191mTHR: 17,18,19,23|4|1.7436
194mTHR: 16,17,18,19|4|4.5753
201mLEU: 03,09,14,26|4|1.729
122mASP: 02,04,12,25|4|1.2707
201mSER: 03,09,14,26|4|1.3493
122mLEU: 02,04,12,25|4|1.1487
140mLYS: 08,19,25,28|4|1.1244
194mCYS: 16,17,18,19|4|2.1324
140mGLY: 08,19,25,28|4|1.2779
201mTRP: 03,09,14,26|4|1.0701
194mTRP: 16,17,18,19|4|1.6386
201mGLY: 03,09,14,26|4|1.4349
122mALA: 02,04,12,25|4|1.5889
201mASP: 03,09,14,26|4|1.6614
122mGLY: 02,04,12,25|4|1.1896
194mILE: 16,17,18,19|4|2.1478
201mTHR: 03,09,14,26|4|2.1585
140mTHR: 08,19,25,28|4|2.1233
204mTHR: 03,09,14,26|4|1.9359
261mGLY: 01,07,10,21|4|2.737
237mGLU: 03,04,09,26|4|1.0655
194mGLU: 16,17,18,19|4|4.4434
194mGLN: 16,17,18,19|4|2.2065
194mPRO: 16,17,18,19|4|3.2115
261mASP: 01,07,10,21|4|2.4328
261mPRO: 01,07,10,21|4|1.627
201mHIS: 03,09,14,26|4|1.1252
194mSER: 16,17,18,19|4|2.4713
122mGLU: 02,04,12,25|4|1.0156
201mILE: 03,09,14,26|4|1.5255
194mLYS: 16,17,18,19|4|4.7008
201mGLN: 03,09,14,26|4|1.6748
261mGLU: 01,07,10,21|4|3.8674
201mGLU: 03,09,14,26|4|1.9712
140mSER: 08,19,25,28|4|1.6286
201mMET: 03,09,14,26|4|1.3631
261mGLN: 01,07,10,21|4|1.8061
194mGLY: 16,17,18,19|4|2.79
261mSER: 01,07,10,21|4|2.4772
261mTHR: 01,07,10,21|4|4.0992
140mASN: 08,19,25,28|4|1.1805
194mTYR: 16,17,18,19|4|1.2471
239mASP: 04,06,11,29|4|1.0996
194mASN: 16,17,18,19|4|4.423
261mASN: 01,07,10,21|4|4.0871
201mASN: 03,09,14,26|4|1.1817
201mALA: 03,09,14,26|4|1.8042
194mASP: 16,17,18,19|4|3.2687
204mALA: 03,09,14,26|4|1.5206
194mALA: 16,17,18,19|4|1.6953
201mVAL: 03,09,14,26|4|1.966
264mCYS: 07,10,21,27|4|1.5445
237mTHR: 03,04,09,26|4|1.0197
191mLYS: 17,18,19,23|4|2.0381
261mLYS: 01,07,10,21|4|3.8773
300mSER: 17,18,19|3|1.4087
250mTHR: 03,06,09|3|1.0125
228mPHE: 01,10,26|3|1.0117
242mGLN: 18,19,23|3|1.9033
182mASP: 05,10,26|3|2.791
168mCYS: 17,18,19|3|1.3165
242mSER: 18,19,23|3|2.151
242mCYS: 18,19,23|3|1.985
228mCYS: 01,10,26|3|1.6742
228mLEU: 01,10,26|3|1.1272
242mGLY: 18,19,23|3|2.6415
300mALA: 17,18,19|3|1.9765
300mGLY: 17,18,19|3|1.3123
242mALA: 18,19,23|3|1.5926
182mCYS: 05,10,26|3|4.4682
182mALA: 05,10,26|3|2.7799
208mCYS: 14,26,29|3|1.2207
228mGLU: 01,10,26|3|1.4065
242mGLU: 18,19,23|3|2.9808
242mASP: 18,19,23|3|3.0135
182mGLY: 05,10,26|3|2.2158
242mILE: 18,19,23|3|1.0461
168mGLN: 17,18,19|3|1.1149
242mHIS: 18,19,23|3|1.5158
242mPRO: 18,19,23|3|1.6824
242mLYS: 18,19,23|3|2.6869
228mTHR: 01,10,26|3|1.1394
242mTHR: 18,19,23|3|2.5277
300mLYS: 17,18,19|3|1.2131
168mTHR: 17,18,19|3|2.104
168mASP: 17,18,19|3|1.4281
242mTYR: 18,19,23|3|1.0127
168mGLU: 17,18,19|3|2.1818
