146mCYS: 00,05,06,14,17,18,26|7|4.8304
146mTHR: 00,05,06,14,17,18,26|7|2.7456
146mGLU: 00,05,06,14,17,18,26|7|4.4345
267mGLU: 00,05,06,14,19,26|6|2.5099
147mGLY: 06,14,17,18,19,26|6|2.6691
268mASP: 00,05,06,14,20,26|6|2.7275
267mCYS: 00,05,06,14,19,26|6|1.9712
178mGLY: 06,14,17,19,26|5|1.7241
178mGLU: 06,14,17,19,26|5|1.8501
180mCYS: 06,14,18,19,26|5|2.4352
178mTHR: 06,14,17,19,26|5|1.1408
180mGLU: 06,14,18,19,26|5|2.0415
178mGLN: 06,14,17,19,26|5|1.0311
273mGLY: 00,06,19,20|4|2.1464
244mLYS: 01,09,16,28|4|4.0654
128mCYS: 01,09,16,28|4|2.2697
243mGLY: 01,09,12,16|4|2.0535
218mGLU: 05,09,25,27|4|1.19
244mGLY: 01,09,16,28|4|3.2446
243mALA: 01,09,12,16|4|2.4622
273mLYS: 00,06,19,20|4|1.7998
244mTHR: 01,09,16,28|4|3.1693
243mASP: 01,09,12,16|4|2.5279
273mTHR: 00,06,19,20|4|1.4997
243mGLU: 01,09,12,16|4|2.2006
242mGLU: 01,09,12,16|4|1.2325
244mGLU: 01,09,16,28|4|4.7387
244mASP: 01,09,16,28|4|4.1412
273mASP: 00,06,19,20|4|2.8956
262mGLY: 14,19,20,26|4|1.5534
273mASN: 00,06,19,20|4|1.9315
244mALA: 01,09,16,28|4|5.622
273mSER: 00,06,19,20|4|1.4876
273mGLU: 00,06,19,20|4|2.3222
243mSER: 01,09,12,16|4|1.6176
244mCYS: 01,09,16,28|4|6.7581
258mASN: 00,19,20|3|2.0598
303mGLY: 05,06,14|3|1.1604
127mTHR: 01,16,28|3|1.2188
258mGLY: 00,19,20|3|2.3129
220mALA: 05,09,27|3|1.7967
220mTHR: 05,09,27|3|1.6922
194mTHR: 01,09,28|3|1.0739
217mCYS: 05,09,27|3|2.5216
193mGLU: 01,09,28|3|1.3259
274mGLN: 05,06,14|3|1.7635
258mTHR: 00,19,20|3|2.1943
220mGLN: 05,09,27|3|1.3123
127mGLY: 01,16,28|3|1.3528
194mASP: 01,09,28|3|1.8628
241mALA: 01,09,28|3|2.0915
220mMET: 05,09,27|3|1.2748
241mASP: 01,09,28|3|1.3266
197mGLU: 01,16,28|3|1.8241
197mGLY: 01,16,28|3|1.3657
177mGLU: 06,17,18|3|1.3787
193mALA: 01,09,28|3|1.6082
220mILE: 05,09,27|3|1.786
193mCYS: 01,09,28|3|2.5344
119mSER: 17,18,26|3|1.772
274mILE: 05,06,14|3|1.3681
217mALA: 05,09,27|3|1.889
193mSER: 01,09,28|3|1.115
274mLEU: 05,06,14|3|1.7525
241mGLY: 01,09,28|3|1.1233
258mCYS: 00,19,20|3|1.5697
177mALA: 06,17,18|3|1.0621
362mALA: 13,21,25|3|2.7079
220mVAL: 05,09,27|3|1.7322
220mSER: 05,09,27|3|1.2925
127mALA: 01,16,28|3|2.0126
217mGLY: 05,09,27|3|1.5599
362mCYS: 13,21,25|3|3.4352
362mASN: 13,21,25|3|1.6993
258mGLU: 00,19,20|3|2.0529
136mGLU: 01,17,27|3|1.2175
193mGLY: 01,09,28|3|1.8332
303mSER: 05,06,14|3|1.149
362mGLU: 13,21,25|3|2.8382
194mHIS: 01,09,28|3|1.0869
193mLYS: 01,09,28|3|1.7373
241mCYS: 01,09,28|3|2.371
303mASN: 05,06,14|3|1.102
177mGLY: 06,17,18|3|1.7255
274mGLU: 05,06,14|3|2.0724
362mGLY: 13,21,25|3|2.4902
276mASP: 00,19,20|3|1.3139
258mLYS: 00,19,20|3|2.4818
261mALA: 00,19,26|3|1.9526
362mLYS: 13,21,25|3|3.0801
194mSER: 01,09,28|3|1.2981
274mHIS: 05,06,14|3|1.6141
258mALA: 00,19,20|3|1.8172
303mGLU: 05,06,14|3|1.8063
220mGLY: 05,09,27|3|1.5746
261mGLY: 00,19,26|3|1.8743
197mASP: 01,16,28|3|1.8461
220mASP: 05,09,27|3|1.4787
136mTHR: 01,17,27|3|1.0124
119mGLY: 17,18,26|3|1.3164
274mALA: 05,06,14|3|1.2692
220mGLU: 05,09,27|3|2.259
194mGLU: 01,09,28|3|1.3036
127mVAL: 01,16,28|3|1.0764
303mTHR: 05,06,14|3|1.0966
194mGLN: 01,09,28|3|1.0444
303mASP: 05,06,14|3|1.0104
261mASP: 00,19,26|3|2.1309
220mASN: 05,09,27|3|1.1602
130mASP: 01,16,28|3|1.0565
362mSER: 13,21,25|3|2.2381
362mHIS: 13,21,25|3|1.0135
274mTHR: 05,06,14|3|1.9396
362mILE: 13,21,25|3|1.4854
274mASN: 05,06,14|3|1.4486
127mILE: 01,16,28|3|1.4444
194mLYS: 01,09,28|3|1.2844
220mPHE: 05,09,27|3|1.648
274mSER: 05,06,14|3|1.3032
261mGLU: 00,19,26|3|2.0454
274mVAL: 05,06,14|3|1.576
274mTRP: 05,06,14|3|1.5455
120mASP: 06,17,18|3|1.4367
270mALA: 00,19,20|3|1.4386
194mGLY: 01,09,28|3|1.7345
220mLEU: 05,09,27|3|1.7874
258mASP: 00,19,20|3|2.6178
261mSER: 00,19,26|3|1.7295
220mTRP: 05,09,27|3|1.1492
261mTHR: 00,19,26|3|1.5009
261mASN: 00,19,26|3|1.6146
274mGLY: 05,06,14|3|1.6916
193mASP: 01,09,28|3|2.3227
270mLYS: 00,19,20|3|1.0568
362mPRO: 13,21,25|3|1.2876
362mTHR: 13,21,25|3|2.319
194mALA: 01,09,28|3|1.5477
177mSER: 06,17,18|3|1.1165
197mCYS: 01,16,28|3|2.1911
143mCYS: 05,17,18|3|1.3729
305mGLU: 05,06,20|3|1.0334
145mASP: 06,17,18|3|1.4187
261mCYS: 00,19,26|3|2.2594
217mLYS: 05,09,27|3|2.2601
261mLYS: 00,19,26|3|2.2049
258mSER: 00,19,20|3|1.4321
362mASP: 13,21,25|3|2.6347
274mMET: 05,06,14|3|1.9693
