411mSER: 04,06,09,14|4|1.5114
411mHIS: 04,06,09,14|4|1.2284
411mGLY: 04,06,09,14|4|1.6558
410mALA: 04,06,09,14|4|1.0007
388mHIS: 09,13,14|3|1.4054
440mGLU: 07,13,14|3|1.1078
391mASP: 06,07,14|3|1.3086
345mGLY: 04,06,08|3|2.0989
388mMET: 09,13,14|3|1.1531
347mGLY: 04,08,10|3|1.518
438mTHR: 07,13,14|3|1.7536
438mGLU: 07,13,14|3|2.0491
339mALA: 06,08,12|3|2.2716
339mGLN: 06,08,12|3|1.8438
391mLYS: 06,07,14|3|1.0418
391mSER: 06,07,14|3|1.0939
339mSER: 06,08,12|3|3.2424
370mASP: 04,10,11|3|1.0829
379mGLY: 08,10,12|3|1.0755
346mGLY: 04,08,10|3|1.3383
370mGLU: 04,10,11|3|1.1591
391mGLY: 06,07,14|3|1.5115
388mGLU: 09,13,14|3|1.5971
339mGLY: 06,08,12|3|3.0267
391mCYS: 06,07,14|3|1.6111
435mCYS: 07,13,14|3|1.691
388mSER: 09,13,14|3|1.7633
346mSER: 04,08,10|3|1.2273
345mGLU: 04,06,08|3|1.9744
346mGLU: 04,08,10|3|1.3042
438mSER: 07,13,14|3|1.2374
370mGLY: 04,10,11|3|1.1873
391mGLU: 06,07,14|3|1.0448
388mGLY: 09,13,14|3|1.9666
370mASN: 04,10,11|3|1.0272
339mASN: 06,08,12|3|2.123
339mASP: 06,08,12|3|2.5757
339mHIS: 06,08,12|3|3.7256
438mALA: 07,13,14|3|2.2784
339mLEU: 06,08,12|3|2.068
345mSER: 04,06,08|3|1.6079
438mGLY: 07,13,14|3|1.3706
438mLEU: 07,13,14|3|1.5001
345mASN: 04,06,08|3|2.2021
345mTHR: 04,06,08|3|2.3367
339mTHR: 06,08,12|3|3.1056
438mLYS: 07,13,14|3|1.6572
370mLYS: 04,10,11|3|1.0193
339mLYS: 06,08,12|3|1.9783
435mALA: 07,13,14|3|1.4379
408mALA: 04,06,08|3|2.742
388mLEU: 09,13,14|3|1.6247
339mVAL: 06,08,12|3|1.275
339mGLU: 06,08,12|3|3.6908
438mTYR: 07,13,14|3|1.354
339mMET: 06,08,12|3|2.7257
388mALA: 09,13,14|3|2.5375
356mLYS: 07,11,13|3|1.6112
357mLYS: 11,13|2|1.2334
398mASP: 10,12|2|1.1246
419mASP: 10,12|2|1.4699
445mSER: 07,13|2|1.0154
421mCYS: 10,12|2|3.5709
443mALA: 07,13|2|1.0848
444mILE: 07,13|2|1.3076
365mCYS: 07,14|2|2.1676
421mALA: 10,12|2|2.6293
421mILE: 10,12|2|1.3996
444mLYS: 07,13|2|1.6766
443mGLU: 07,13|2|1.0654
421mPRO: 10,12|2|2.006
348mCYS: 04,10|2|1.3315
419mSER: 10,12|2|1.2095
421mGLU: 10,12|2|2.3985
357mVAL: 11,13|2|1.1894
343mGLY: 04,08|2|1.3103
357mALA: 11,13|2|2.1568
348mALA: 04,10|2|1.1253
445mGLU: 07,13|2|1.4447
424mALA: 10,12|2|1.0143
444mGLU: 07,13|2|1.292
343mLYS: 04,08|2|1.5928
424mCYS: 10,12|2|1.7616
421mARG: 10,12|2|1.2574
400mASP: 10,12|2|1.3968
444mASN: 07,13|2|1.098
443mGLY: 07,13|2|1.1057
444mSER: 07,13|2|1.383
444mCYS: 07,13|2|1.4775
419mLYS: 10,12|2|1.1887
344mCYS: 04,08|2|1.3349
421mGLY: 10,12|2|2.9357
400mCYS: 10,12|2|1.0918
421mASN: 10,12|2|2.3719
444mTHR: 07,13|2|1.2723
419mALA: 10,12|2|1.2639
421mSER: 10,12|2|1.8443
343mCYS: 04,08|2|2.8575
421mLYS: 10,12|2|3.6342
343mALA: 04,08|2|2.8165
412mGLU: 09,14|2|1.009
419mGLY: 10,12|2|1.7992
444mGLY: 07,13|2|1.0163
357mCYS: 11,13|2|1.0962
389mHIS: 09,12|2|1.1418
421mASP: 10,12|2|3.4946
445mALA: 07,13|2|1.0026
377mALA: 08,12|2|1.1383
357mGLY: 11,13|2|1.1889
421mTHR: 10,12|2|2.6062
419mGLU: 10,12|2|1.1174
444mALA: 07,13|2|1.6014
444mVAL: 07,13|2|1.3213
358mGLY: 11|1|1.003
358mALA: 11|1|1.7296
358mCYS: 11|1|1.0724
401mALA: 12|1|1.5332
358mLYS: 11|1|1.324
401mLYS: 12|1|1.1939
351mASP: 11|1|1.1271
