346mSER: 01,02,15,21,23,24,26,29|8|2.8098
347mALA: 01,02,15,23,24,25,26|7|2.3518
400mSER: 10,12,13,21,27,29|6|1.8614
450mGLY: 01,15,21,24,26,29|6|1.5903
443mGLU: 00,04,06,08,13,19|6|1.4178
450mASN: 01,15,21,24,26,29|6|1.8798
421mGLU: 10,13,15,21,27,29|6|2.7963
400mGLY: 10,12,13,21,27,29|6|1.655
443mGLY: 00,04,06,08,13,19|6|1.467
419mTHR: 10,12,13,21,27,29|6|2.2848
419mLYS: 10,12,13,21,27,29|6|2.6601
400mTHR: 10,12,13,21,27,29|6|2.8148
421mASN: 10,13,15,21,27,29|6|1.4035
406mGLY: 05,14,18,20,22,24|6|1.6481
419mALA: 10,12,13,21,27,29|6|1.9338
400mGLU: 10,12,13,21,27,29|6|2.2202
421mSER: 10,13,15,21,27,29|6|2.3624
443mTHR: 00,04,06,08,13,19|6|1.4025
400mASN: 10,12,13,21,27,29|6|2.3644
422mTHR: 01,02,15,21,26,29|6|1.2854
443mSER: 00,04,06,08,13,19|6|1.288
450mTHR: 01,15,21,24,26,29|6|2.3282
451mTHR: 01,15,23,24,25,26|6|1.1333
421mTHR: 10,13,15,21,27,29|6|3.3963
440mGLU: 00,04,08,11,28|5|1.2452
401mGLY: 10,12,13,19,27|5|2.2231
401mASP: 10,12,13,19,27|5|2.4451
393mGLU: 10,11,13,19,22|5|1.0113
401mSER: 10,12,13,19,27|5|1.6858
401mALA: 10,12,13,19,27|5|2.1505
370mTHR: 01,02,23,24,25|5|2.3019
401mLYS: 10,12,13,19,27|5|3.1727
370mLYS: 01,02,23,24,25|5|2.5127
370mALA: 01,02,23,24,25|5|1.2221
444mLYS: 00,04,06,08|4|1.6073
438mTHR: 04,11,25,28|4|1.5682
356mGLY: 00,06,08,27|4|2.0577
444mILE: 00,04,06,08|4|1.1969
403mALA: 10,12,13,19|4|1.8818
438mGLU: 04,11,25,28|4|1.7124
454mASP: 01,08,23,25|4|1.428
403mLYS: 10,12,13,19|4|2.6954
444mHIS: 00,04,06,08|4|3.1233
438mASN: 04,11,25,28|4|1.3463
391mSER: 05,18,25,28|4|1.3977
444mTRP: 00,04,06,08|4|1.164
391mASN: 05,18,25,28|4|1.3086
391mGLY: 05,18,25,28|4|1.3426
444mGLN: 00,04,06,08|4|1.7856
438mGLY: 04,11,25,28|4|1.4944
444mGLU: 00,04,06,08|4|2.0185
454mLYS: 01,08,23,25|4|1.6405
405mGLY: 12,13,18,22|4|1.251
454mALA: 01,08,23,25|4|1.8825
438mSER: 04,11,25,28|4|1.6328
444mASN: 00,04,06,08|4|2.3577
444mSER: 00,04,06,08|4|2.7573
403mGLU: 10,12,13,19|4|1.9805
405mALA: 12,13,18,22|4|1.0967
356mGLU: 00,06,08,27|4|2.5079
403mASN: 10,12,13,19|4|2.1032
356mTHR: 00,06,08,27|4|3.1279
444mTHR: 00,04,06,08|4|2.5416
403mSER: 10,12,13,19|4|2.1126
454mLEU: 01,08,23,25|4|1.1667
454mGLY: 01,08,23,25|4|1.8829
391mHIS: 05,18,25,28|4|1.8515
438mALA: 04,11,25,28|4|1.0283
391mVAL: 05,18,25,28|4|1.0208
403mTHR: 10,12,13,19|4|2.5657
444mMET: 00,04,06,08|4|2.5297
454mTHR: 01,08,23,25|4|1.7804
444mGLY: 00,04,06,08|4|2.7557
454mSER: 01,08,23,25|4|2.03
454mHIS: 01,08,23,25|4|1.1739
356mSER: 00,06,08,27|4|2.0523
356mASN: 00,06,08,27|4|1.2607
391mMET: 05,18,25,28|4|1.5205
391mTHR: 05,18,25,28|4|1.3813
454mGLU: 01,08,23,25|4|1.7583
444mLEU: 00,04,06,08|4|1.6248
403mASP: 10,12,13,19|4|2.0127
444mALA: 00,04,06,08|4|1.8791
444mVAL: 00,04,06,08|4|1.4841
366mHIS: 23,25,28|3|1.3363
366mMET: 23,25,28|3|1.0737
392mTHR: 10,11,19|3|1.0691
342mGLY: 18,24,26|3|2.554
366mASN: 23,25,28|3|1.1954
339mALA: 10,12,13|3|2.1317
366mSER: 23,25,28|3|1.1796
342mTHR: 18,24,26|3|1.8027
366mGLU: 23,25,28|3|1.0878
339mSER: 10,12,13|3|1.7001
441mALA: 04,10,19|3|1.029
339mGLY: 10,12,13|3|1.645
342mLYS: 18,24,26|3|2.4916
342mCYS: 18,24,26|3|2.3868
441mTHR: 04,10,19|3|1.5078
366mGLY: 23,25,28|3|1.1435
342mGLU: 18,24,26|3|2.5082
441mSER: 04,10,19|3|1.2678
342mASP: 18,24,26|3|3.8221
342mALA: 18,24,26|3|1.6781
342mASN: 18,24,26|3|2.0812
339mASN: 10,12,13|3|1.1014
342mPRO: 18,24,26|3|1.1139
430mTHR: 06,10,13|3|1.2359
339mASP: 10,12,13|3|1.0102
441mLYS: 04,10,19|3|1.1274
339mTHR: 10,12,13|3|2.2871
339mLYS: 10,12,13|3|2.225
392mASN: 10,11,19|3|1.0305
350mHIS: 23,24,26|3|1.0401
366mTHR: 23,25,28|3|1.0052
339mCYS: 10,12,13|3|1.7049
339mGLU: 10,12,13|3|1.9545
342mSER: 18,24,26|3|1.6617
432mHIS: 04,10,19|3|1.0083
441mGLU: 04,10,19|3|1.4201
447mASN: 00,27|2|1.0283
447mGLU: 00,27|2|1.0431
439mLYS: 04,19|2|1.0679
418mASP: 12|1|1.0111
