120mGLY: 06,13,16,20,21,26,27,28|8|2.8687
180mGLU: 05,06,08,13,16,20,21,28|8|4.1957
119mGLU: 06,13,16,20,21,26,27,28|8|6.0615
258mGLY: 04,05,07,08,12,18,29|7|1.7567
258mTHR: 04,05,07,08,12,18,29|7|2.2093
262mGLU: 05,06,08,12,13,16,28|7|2.6594
173mTHR: 00,04,07,09,12,18,29|7|3.5674
173mMET: 00,04,07,09,12,18,29|7|3.5238
173mSER: 00,04,07,09,12,18,29|7|3.27
258mGLU: 04,05,07,08,12,18,29|7|2.4282
173mALA: 00,04,07,09,12,18,29|7|2.5795
173mGLU: 00,04,07,09,12,18,29|7|3.6521
146mTHR: 06,08,12,13,16,27,28|7|4.7371
181mGLU: 05,06,08,13,20,21,28|7|2.9184
147mGLY: 05,06,08,12,13,16,28|7|1.9376
146mHIS: 06,08,12,13,16,27,28|7|4.6248
173mASP: 00,04,07,09,12,18,29|7|1.8822
146mGLU: 06,08,12,13,16,27,28|7|6.0148
262mGLY: 05,06,08,12,13,16,28|7|2.0955
146mLEU: 06,08,12,13,16,27,28|7|2.1816
146mALA: 06,08,12,13,16,27,28|7|3.1405
142mGLY: 06,09,13,16,17,27,28|7|3.5318
173mASN: 00,04,07,09,12,18,29|7|3.0084
146mASP: 06,08,12,13,16,27,28|7|3.2282
263mGLU: 05,06,08,12,13,16,28|7|2.1111
173mGLY: 00,04,07,09,12,18,29|7|3.7188
229mGLY: 05,06,08,12,13,28|6|1.2265
159mALA: 00,01,02,04,18,19|6|1.0074
152mTHR: 00,04,07,12,18,29|6|2.7336
126mGLY: 19,20,21,24,26,27|6|2.1673
172mGLU: 00,04,07,09,18,29|6|5.0396
152mGLU: 00,04,07,12,18,29|6|2.622
257mGLU: 00,02,04,07,18,29|6|2.173
162mGLU: 00,01,02,07,18,29|6|3.3183
257mTHR: 00,02,04,07,18,29|6|1.7019
162mTHR: 00,01,02,07,18,29|6|3.2776
172mTHR: 00,04,07,09,18,29|6|4.4144
141mALA: 09,13,16,17,27,28|6|1.4546
178mVAL: 08,12,13,16,28|5|1.125
127mTHR: 20,21,24,26,27|5|2.1858
182mLEU: 05,06,20,21,28|5|1.4246
136mVAL: 17,21,24,26,27|5|1.701
136mALA: 17,21,24,26,27|5|3.0146
127mGLY: 20,21,24,26,27|5|1.9459
178mSER: 08,12,13,16,28|5|2.1284
178mLYS: 08,12,13,16,28|5|2.445
150mARG: 04,12,16,18,29|5|1.1682
267mVAL: 04,08,12,18,29|5|2.698
164mASP: 00,01,07,18,29|5|4.1656
134mGLU: 17,21,24,26,27|5|2.0272
178mGLY: 08,12,13,16,28|5|2.3556
150mPHE: 04,12,16,18,29|5|1.2799
182mTHR: 05,06,20,21,28|5|2.3036
150mTHR: 04,12,16,18,29|5|3.3693
164mGLU: 00,01,07,18,29|5|6.3995
124mSER: 20,21,24,26,27|5|1.669
150mTYR: 04,12,16,18,29|5|1.3227
124mGLU: 20,21,24,26,27|5|2.5188
190mGLU: 07,09,17,18,29|5|1.0767
267mTHR: 04,08,12,18,29|5|4.4934
242mSER: 00,01,07,17,19|5|1.5888
178mLEU: 08,12,13,16,28|5|1.3309
127mASN: 20,21,24,26,27|5|1.2537
267mGLU: 04,08,12,18,29|5|6.0383
150mGLU: 04,12,16,18,29|5|3.2779
150mMET: 04,12,16,18,29|5|4.2814
164mMET: 00,01,07,18,29|5|1.4304
267mILE: 04,08,12,18,29|5|1.9007
167mGLU: 00,01,07,18,29|5|3.1934
242mGLY: 00,01,07,17,19|5|1.758
182mGLU: 05,06,20,21,28|5|3.0937
150mASP: 04,12,16,18,29|5|1.4106
127mGLU: 20,21,24,26,27|5|2.4049
150mASN: 04,12,16,18,29|5|3.515
165mGLU: 00,01,07,09,29|5|1.2972
178mMET: 08,12,13,16,28|5|1.3169
167mALA: 00,01,07,18,29|5|2.2078
264mGLU: 05,08,12,16,28|5|1.7058
178mGLU: 08,12,13,16,28|5|2.8454
178mASP: 08,12,13,16,28|5|1.9555
156mALA: 00,02,04,18,29|5|1.1345
134mALA: 17,21,24,26,27|5|1.1966
178mTYR: 08,12,13,16,28|5|1.7292
178mCYS: 08,12,13,16,28|5|1.9445
242mMET: 00,01,07,17,19|5|1.9806
178mALA: 08,12,13,16,28|5|2.6374
124mALA: 20,21,24,26,27|5|1.8326
156mGLU: 00,02,04,18,29|5|1.7018
182mALA: 05,06,20,21,28|5|1.2208
164mVAL: 00,01,07,18,29|5|3.0709
178mTHR: 08,12,13,16,28|5|2.6148
267mASN: 04,08,12,18,29|5|2.1091
242mGLU: 00,01,07,17,19|5|1.1556
150mHIS: 04,12,16,18,29|5|4.78
150mLEU: 04,12,16,18,29|5|2.691
127mSER: 20,21,24,26,27|5|1.8232
164mLEU: 00,01,07,18,29|5|2.436
127mHIS: 20,21,24,26,27|5|1.528
150mILE: 04,12,16,18,29|5|1.7701
164mTHR: 00,01,07,18,29|5|5.3325
164mGLY: 00,01,07,18,29|5|4.7077
156mLEU: 00,02,04,18,29|5|1.278
150mSER: 04,12,16,18,29|5|3.8059
134mLEU: 17,21,24,26,27|5|1.2529
267mLEU: 04,08,12,18,29|5|1.9676
150mALA: 04,12,16,18,29|5|2.2088
124mGLY: 20,21,24,26,27|5|2.4348
164mALA: 00,01,07,18,29|5|5.2159
242mTHR: 00,01,07,17,19|5|1.272
165mALA: 00,01,07,09,29|5|1.1233
150mVAL: 04,12,16,18,29|5|2.4656
267mCYS: 04,08,12,18,29|5|5.4473
134mTHR: 17,21,24,26,27|5|1.6661
242mGLN: 00,01,07,17,19|5|1.1322
164mGLN: 00,01,07,18,29|5|1.4101
150mGLY: 04,12,16,18,29|5|4.0449
242mASN: 00,01,07,17,19|5|1.5228
150mLYS: 04,12,16,18,29|5|1.9049
242mHIS: 00,01,07,17,19|5|2.3334
267mGLN: 04,08,12,18,29|5|1.3268
124mTHR: 20,21,24,26,27|5|2.294
150mGLN: 04,12,16,18,29|5|2.8884
259mPHE: 05,08,12,29|4|1.1906
123mLYS: 21,24,26,27|4|3.0949
149mMET: 04,12,16,18|4|2.4075
247mMET: 00,01,07,19|4|1.1
123mGLN: 21,24,26,27|4|1.8317
123mGLU: 21,24,26,27|4|4.9819
208mGLY: 06,20,21,26|4|2.9837
204mGLU: 02,19,20,21|4|1.4114
259mLEU: 05,08,12,29|4|2.4407
247mHIS: 00,01,07,19|4|1.5704
149mGLY: 04,12,16,18|4|2.4771
123mGLY: 21,24,26,27|4|4.5253
123mASN: 21,24,26,27|4|3.0404
208mASP: 06,20,21,26|4|1.7323
149mALA: 04,12,16,18|4|1.4586
208mCYS: 06,20,21,26|4|1.9935
149mTHR: 04,12,16,18|4|2.1513
123mSER: 21,24,26,27|4|3.9827
259mILE: 05,08,12,29|4|1.3893
123mTHR: 21,24,26,27|4|4.1176
149mLEU: 04,12,16,18|4|1.7271
208mTHR: 06,20,21,26|4|3.1905
259mTHR: 05,08,12,29|4|2.7667
123mMET: 21,24,26,27|4|2.8962
149mHIS: 04,12,16,18|4|2.6685
149mVAL: 04,12,16,18|4|1.305
259mGLN: 05,08,12,29|4|1.7835
123mILE: 21,24,26,27|4|1.9124
208mALA: 06,20,21,26|4|2.5738
259mGLU: 05,08,12,29|4|3.0148
123mVAL: 21,24,26,27|4|2.4637
208mGLU: 06,20,21,26|4|3.5905
259mASP: 05,08,12,29|4|1.3405
149mGLN: 04,12,16,18|4|1.1979
259mVAL: 05,08,12,29|4|1.9606
149mGLU: 04,12,16,18|4|2.2845
123mLEU: 21,24,26,27|4|2.9509
123mHIS: 21,24,26,27|4|3.6546
149mASN: 04,12,16,18|4|1.7106
123mASP: 21,24,26,27|4|2.3004
250mGLU: 02,19,20,26|4|1.924
205mCYS: 19,20,21,26|4|2.6631
123mALA: 21,24,26,27|4|3.2218
149mSER: 04,12,16,18|4|2.3523
149mLYS: 04,12,16,18|4|1.1013
196mGLN: 20,24,26|3|1.0675
197mASN: 19,20,26|3|1.2289
194mTHR: 07,09,17|3|1.272
196mALA: 20,24,26|3|1.0715
153mASN: 00,04,07|3|1.0152
197mGLU: 19,20,26|3|1.6403
245mGLU: 01,19,24|3|1.6153
153mGLY: 00,04,07|3|1.172
196mGLU: 20,24,26|3|1.5783
137mGLU: 21,26,27|3|1.7853
196mVAL: 20,24,26|3|1.1077
217mALA: 09,17,18|3|2.376
196mGLY: 20,24,26|3|1.3015
196mSER: 20,24,26|3|1.108
201mGLY: 19,20,26|3|1.0543
122mSER: 13,26,28|3|1.1264
194mHIS: 07,09,17|3|2.3334
196mMET: 20,24,26|3|1.3615
122mASN: 13,26,28|3|1.0824
197mTHR: 19,20,26|3|1.5586
122mGLY: 13,26,28|3|1.2392
261mALA: 08,12,28|3|2.6948
261mMET: 08,12,28|3|1.5432
201mTHR: 19,20,26|3|1.492
153mSER: 00,04,07|3|1.0592
196mTHR: 20,24,26|3|1.4384
194mSER: 07,09,17|3|1.5888
261mGLY: 08,12,28|3|2.4359
153mMET: 00,04,07|3|1.3204
201mGLU: 19,20,26|3|1.3274
261mPHE: 08,12,28|3|1.2396
194mGLU: 07,09,17|3|1.1556
251mGLU: 02,19,20|3|1.3532
261mCYS: 08,12,28|3|3.3011
122mMET: 13,26,28|3|1.3876
194mGLN: 07,09,17|3|1.1322
197mLEU: 19,20,26|3|1.2086
194mGLY: 07,09,17|3|1.758
261mASP: 08,12,28|3|1.1706
217mTHR: 09,17,18|3|1.7387
217mLYS: 09,17,18|3|2.1339
261mLEU: 08,12,28|3|2.2399
197mHIS: 19,20,26|3|1.8336
261mVAL: 08,12,28|3|1.9498
197mMET: 19,20,26|3|1.836
217mGLU: 09,17,18|3|3.0193
194mMET: 07,09,17|3|1.9806
197mSER: 19,20,26|3|1.3866
196mLEU: 20,24,26|3|1.3185
140mGLU: 09,17,27|3|1.5017
194mASN: 07,09,17|3|1.5228
261mGLU: 08,12,28|3|2.12
261mSER: 08,12,28|3|1.9602
261mTHR: 08,12,28|3|1.1919
201mASN: 19,20,26|3|1.1722
197mGLN: 19,20,26|3|1.1178
218mCYS: 09,17,18|3|1.6083
137mTHR: 21,26,27|3|1.0419
122mHIS: 13,26,28|3|1.6228
261mILE: 08,12,28|3|1.912
153mHIS: 00,04,07|3|1.5556
261mHIS: 08,12,28|3|1.4601
197mGLY: 19,20,26|3|1.6647
261mLYS: 08,12,28|3|1.2886
217mASP: 09,17,18|3|1.5864
196mHIS: 20,24,26|3|1.1827
245mTHR: 01,19,24|3|1.431
245mLEU: 01,19,24|3|1.1697
235mPHE: 02,19|2|1.3156
219mCYS: 09,17|2|1.0528
235mGLU: 02,19|2|1.9076
139mTHR: 17,27|2|1.0745
193mHIS: 09,17|2|1.0341
235mALA: 02,19|2|1.2827
235mVAL: 02,19|2|1.3623
139mGLU: 17,27|2|1.0763
235mILE: 02,19|2|1.2168
219mGLU: 09,17|2|1.2522
235mASP: 02,19|2|1.2607
235mGLN: 02,19|2|1.2521
235mLEU: 02,19|2|1.6311
235mTHR: 02,19|2|1.6528
244mGLU: 19,24|2|1.0081
235mMET: 02,19|2|1.2955
235mGLY: 02,19|2|1.1894
235mCYS: 02,19|2|1.8767
