339mASN: 01,06,08,12,13,16,24,26|8|1.8677
339mTHR: 01,06,08,12,13,16,24,26|8|5.1613
339mLYS: 01,06,08,12,13,16,24,26|8|4.5125
378mTHR: 01,04,08,12,19,24,25,26|8|3.744
403mLEU: 01,06,08,12,24,25,26|7|5.142
403mALA: 01,06,08,12,24,25,26|7|4.2504
403mLYS: 01,06,08,12,24,25,26|7|1.6174
403mGLN: 01,06,08,12,24,25,26|7|6.2844
403mHIS: 01,06,08,12,24,25,26|7|4.5137
345mASP: 01,04,08,12,13,17,19|7|3.5031
403mGLU: 01,06,08,12,24,25,26|7|6.2594
403mASN: 01,06,08,12,24,25,26|7|4.4749
403mSER: 01,06,08,12,24,25,26|7|5.8789
400mGLU: 05,06,12,21,24,25,26|7|3.069
403mTHR: 01,06,08,12,24,25,26|7|5.7412
405mTHR: 01,06,12,13,16,17,24|7|1.2638
403mASP: 01,06,08,12,24,25,26|7|4.1151
403mVAL: 01,06,08,12,24,25,26|7|4.3994
403mTRP: 01,06,08,12,24,25,26|7|3.5273
403mGLY: 01,06,08,12,24,25,26|7|4.8319
375mLYS: 04,08,12,19,24,25|6|6.2806
375mASN: 04,08,12,19,24,25|6|6.2842
375mGLN: 04,08,12,19,24,25|6|5.3769
375mGLU: 04,08,12,19,24,25|6|7.1601
375mILE: 04,08,12,19,24,25|6|3.6017
375mVAL: 04,08,12,19,24,25|6|2.7373
375mSER: 04,08,12,19,24,25|6|5.6402
375mALA: 04,08,12,19,24,25|6|4.2951
375mASP: 04,08,12,19,24,25|6|7.5604
375mTHR: 04,08,12,19,24,25|6|6.8645
375mGLY: 04,08,12,19,24,25|6|5.8473
419mTHR: 05,06,12,25,26|5|1.2361
421mLYS: 05,12,14,24,25|5|3.0875
421mTHR: 05,12,14,24,25|5|5.0263
419mGLU: 05,06,12,25,26|5|2.1899
401mGLN: 06,21,24,26|4|2.961
406mGLU: 06,13,16,17|4|1.5053
401mTHR: 06,21,24,26|4|3.2346
342mTRP: 01,06,17,19|4|1.3289
452mLYS: 05,14,15,25|4|2.2379
342mGLY: 01,06,17,19|4|2.1703
342mILE: 01,06,17,19|4|1.4919
401mGLY: 06,21,24,26|4|3.0447
342mTHR: 01,06,17,19|4|3.1768
401mASP: 06,21,24,26|4|3.0792
401mASN: 06,21,24,26|4|2.8295
342mCYS: 01,06,17,19|4|2.1863
401mTRP: 06,21,24,26|4|2.1051
342mGLU: 01,06,17,19|4|3.4555
342mASP: 01,06,17,19|4|2.975
401mGLU: 06,21,24,26|4|4.1839
342mALA: 01,06,17,19|4|1.3377
342mASN: 01,06,17,19|4|2.7426
342mPRO: 01,06,17,19|4|2.0908
401mSER: 06,21,24,26|4|3.3673
401mALA: 06,21,24,26|4|2.3146
342mVAL: 01,06,17,19|4|1.4361
401mLYS: 06,21,24,26|4|1.3798
401mHIS: 06,21,24,26|4|3.0236
342mGLN: 01,06,17,19|4|2.9917
342mSER: 01,06,17,19|4|2.5062
445mASN: 20,21,22|3|3.1151
445mTHR: 20,21,22|3|4.108
445mLYS: 20,21,22|3|2.2646
445mSER: 20,21,22|3|2.1999
423mGLU: 05,14,25|3|2.9264
411mCYS: 13,16,17|3|1.2727
423mCYS: 05,14,25|3|2.1824
393mGLY: 20,21,22|3|1.247
423mASP: 05,14,25|3|1.4178
432mTRP: 20,21,22|3|2.6065
432mASP: 20,21,22|3|2.7535
432mPRO: 20,21,22|3|2.4995
424mTHR: 05,14,25|3|1.2782
445mGLU: 20,21,22|3|3.8657
432mGLY: 20,21,22|3|2.1822
423mALA: 05,14,25|3|1.4359
445mILE: 20,21,22|3|2.4925
355mTHR: 20,21,22|3|1.7547
456mGLU: 05,14,15|3|1.7837
445mGLN: 20,21,22|3|2.5335
426mALA: 05,14,20|3|1.5878
393mASP: 20,21,22|3|2.2032
432mALA: 20,21,22|3|2.4064
432mTHR: 20,21,22|3|3.0832
423mTHR: 05,14,25|3|3.5992
432mASN: 20,21,22|3|1.8922
411mTHR: 13,16,17|3|1.0973
432mCYS: 20,21,22|3|3.9285
424mGLU: 05,14,25|3|1.4884
432mGLN: 20,21,22|3|2.8475
445mGLY: 20,21,22|3|2.1958
432mGLU: 20,21,22|3|3.4458
432mMET: 20,21,22|3|2.5521
445mCYS: 20,21,22|3|3.0571
424mASP: 05,14,25|3|1.3464
432mILE: 20,21,22|3|2.7287
445mASP: 20,21,22|3|2.7431
393mCYS: 20,21,22|3|1.9107
432mLEU: 20,21,22|3|3.0925
410mTHR: 13,16,17|3|2.0748
445mALA: 20,21,22|3|2.451
426mASP: 05,14,20|3|1.0359
445mPRO: 20,21,22|3|2.6689
432mSER: 20,21,22|3|1.5464
410mGLU: 13,16,17|3|1.3051
432mVAL: 20,21,22|3|2.8
456mTHR: 05,14,15|3|1.655
432mHIS: 20,21,22|3|1.5477
432mPHE: 20,21,22|3|2.9836
443mASN: 20,22|2|1.6191
443mALA: 20,22|2|1.6206
369mPRO: 15,17|2|1.1058
443mGLU: 20,22|2|2.0703
369mGLY: 15,17|2|1.5483
370mASP: 15,17|2|1.0388
369mCYS: 15,17|2|1.1592
444mCYS: 20,22|2|1.0702
369mASN: 15,17|2|1.4897
443mTHR: 20,22|2|2.9293
369mALA: 15,17|2|1.9041
388mASP: 16,17|2|1.0034
369mTHR: 15,17|2|1.5301
443mCYS: 20,22|2|1.4434
443mLYS: 20,22|2|1.9182
443mPRO: 20,22|2|1.1301
447mCYS: 15,20|2|1.6199
369mLYS: 15,17|2|2.3647
358mTHR: 15|1|1.0143
434mGLN: 22|1|1.1736
434mTHR: 22|1|1.2861
365mCYS: 15|1|1.2972
437mGLY: 17|1|1.0478
437mALA: 17|1|1.1919
434mLYS: 22|1|1.3261
437mCYS: 17|1|1.9525
434mGLY: 22|1|1.0136
435mCYS: 17|1|1.815
434mSER: 22|1|1.097
437mASP: 17|1|1.3638
434mASP: 22|1|1.6346
358mGLU: 15|1|1.0061
435mASP: 17|1|1.0606
435mALA: 17|1|1.4124
351mASP: 15|1|1.2348
434mASN: 22|1|1.3853
434mGLU: 22|1|1.2463
