180 182 262 
177 180 182 
177 180 262 
126 127 130 
127 130 196 
127 130 134 
126 130 196 
130 134 219 
124 126 127 
126 127 196 
123 126 127 
126 127 210 
123 124 127 
124 127 210 
123 127 210 
123 127 134 
122 123 124 
122 124 210 
122 124 224 
122 123 210 
122 123 224 
122 210 224 
145 177 224 
145 149 177 
123 124 126 
124 126 210 
123 126 210 
182 261 262 
177 182 262 
177 182 261 
123 134 136 
134 136 140 
261 262 264 
177 262 264 
149 262 264 
177 261 262 
149 261 262 
149 177 262 
123 124 210 
123 124 224 
124 210 224 
177 261 264 
149 261 264 
149 177 264 
149 177 261 
204 205 206 
123 210 224 
134 140 219 
