400 401 419 
401 418 419 
401 416 419 
396 401 419 
395 400 401 
400 401 418 
396 400 401 
400 401 431 
395 401 418 
395 401 416 
395 396 401 
395 401 431 
401 416 418 
396 401 418 
396 401 416 
396 401 431 
387 388 412 
387 412 414 
366 387 412 
387 391 412 
387 392 412 
387 412 415 
388 412 414 
366 388 412 
388 391 412 
388 392 412 
388 412 415 
366 412 414 
391 412 414 
392 412 414 
412 414 415 
366 391 412 
366 392 412 
366 412 415 
391 392 412 
345 347 370 
347 370 372 
347 351 370 
347 348 370 
346 347 370 
347 350 370 
347 370 371 
364 365 370 
351 364 370 
364 367 370 
352 364 370 
350 364 370 
364 370 371 
351 365 370 
365 367 370 
352 365 370 
345 370 372 
345 348 370 
345 346 370 
345 370 371 
351 370 372 
348 370 372 
346 370 372 
367 370 372 
350 370 372 
370 371 372 
348 351 370 
351 367 370 
351 352 370 
350 351 370 
351 370 371 
346 348 370 
348 350 370 
348 370 371 
346 350 370 
346 370 371 
352 367 370 
350 367 370 
367 370 371 
350 352 370 
352 370 371 
350 370 371 
347 369 372 
347 351 369 
347 348 369 
346 347 369 
347 350 369 
347 369 371 
345 347 372 
345 347 348 
345 346 347 
344 345 347 
345 347 371 
347 351 372 
347 348 372 
346 347 372 
344 347 372 
347 350 372 
347 371 372 
347 348 351 
347 350 351 
347 351 371 
346 347 348 
347 348 350 
347 348 371 
344 346 347 
346 347 350 
346 347 371 
347 350 371 
362 364 365 
361 362 364 
351 362 364 
362 364 366 
354 362 364 
362 363 364 
362 364 367 
352 362 364 
362 364 446 
362 364 431 
361 362 365 
351 362 365 
362 365 366 
362 363 365 
362 365 367 
352 362 365 
351 361 362 
361 362 444 
361 362 366 
361 362 445 
354 361 362 
361 362 363 
361 362 367 
352 361 362 
361 362 446 
355 361 362 
361 362 431 
351 362 366 
351 354 362 
351 362 363 
351 362 367 
351 352 362 
351 362 446 
362 444 445 
354 362 444 
362 363 444 
352 362 444 
362 444 446 
355 362 444 
362 431 444 
362 363 366 
362 366 367 
352 362 366 
362 366 431 
354 362 445 
362 363 445 
352 362 445 
362 445 446 
355 362 445 
362 431 445 
354 362 363 
352 354 362 
354 362 446 
354 355 362 
354 362 431 
362 363 367 
352 362 363 
362 363 446 
355 362 363 
362 363 431 
352 362 367 
352 362 446 
352 355 362 
352 362 431 
355 362 446 
362 431 446 
355 362 431 
434 437 438 
391 434 437 
434 435 437 
388 391 434 
388 434 435 
388 392 434 
392 434 444 
431 434 444 
391 434 438 
434 435 438 
391 434 435 
391 392 434 
391 431 434 
392 434 435 
392 431 434 
364 369 387 
364 365 387 
364 366 387 
363 364 387 
364 367 387 
365 369 387 
366 369 387 
367 369 387 
365 387 388 
365 366 387 
363 365 387 
365 367 387 
387 388 414 
366 387 388 
387 388 391 
387 388 392 
363 387 388 
367 387 388 
387 388 415 
366 387 414 
387 391 414 
387 392 414 
367 387 414 
387 414 416 
387 414 415 
366 387 391 
366 387 392 
363 366 387 
366 367 387 
366 387 415 
387 391 392 
363 387 391 
363 387 392 
367 387 392 
363 367 387 
367 387 416 
367 387 415 
387 415 416 
364 365 369 
351 364 369 
364 366 369 
364 367 369 
352 364 369 
350 364 369 
364 369 371 
361 364 365 
351 364 365 
364 365 366 
363 364 365 
364 365 367 
352 364 365 
351 361 364 
361 364 366 
354 361 364 
361 363 364 
361 364 367 
352 361 364 
361 364 446 
361 364 431 
351 364 366 
351 354 364 
351 363 364 
351 364 367 
351 352 364 
351 364 446 
350 351 364 
351 364 371 
363 364 366 
364 366 367 
352 364 366 
364 366 371 
364 366 431 
354 363 364 
352 354 364 
354 364 446 
354 364 431 
363 364 367 
352 363 364 
363 364 446 
363 364 431 
352 364 367 
350 364 367 
364 367 371 
352 364 446 
350 352 364 
352 364 371 
352 364 431 
364 431 446 
350 364 371 
400 418 419 
396 400 419 
372 418 419 
372 375 419 
372 416 419 
376 418 419 
375 376 419 
418 419 421 
375 418 419 
416 418 419 
396 418 419 
396 416 419 
395 400 418 
395 396 400 
395 400 431 
396 400 418 
396 400 431 
351 365 369 
365 366 369 
365 367 369 
352 365 369 
351 369 372 
348 369 372 
346 369 372 
367 369 372 
350 369 372 
369 371 372 
351 366 369 
348 351 369 
351 367 369 
351 352 369 
350 351 369 
351 369 371 
366 367 369 
352 366 369 
366 369 371 
346 348 369 
348 350 369 
348 369 371 
346 350 369 
346 369 371 
352 367 369 
350 367 369 
367 369 371 
350 352 369 
352 369 371 
350 369 371 
391 437 438 
435 437 438 
391 435 437 
351 361 365 
361 365 366 
361 363 365 
361 365 367 
352 361 365 
365 366 388 
363 365 388 
365 367 388 
351 365 366 
351 363 365 
351 365 367 
351 352 365 
363 365 366 
365 366 367 
352 365 366 
363 365 367 
352 363 365 
352 365 367 
351 361 366 
351 354 361 
351 361 363 
351 361 367 
351 352 361 
351 361 446 
361 444 445 
354 361 444 
361 363 444 
356 361 444 
352 361 444 
361 444 446 
355 361 444 
361 431 444 
361 363 366 
361 366 367 
352 361 366 
361 366 431 
354 361 445 
361 363 445 
356 361 445 
352 361 445 
361 445 446 
355 361 445 
361 431 445 
354 361 363 
354 356 361 
352 354 361 
354 361 446 
354 355 361 
354 361 431 
361 363 367 
352 361 363 
361 363 446 
355 361 363 
361 363 431 
352 361 367 
352 356 361 
356 361 446 
355 356 361 
352 361 446 
352 355 361 
352 361 431 
355 361 446 
361 431 446 
355 361 431 
343 376 377 
343 375 377 
343 344 377 
375 376 377 
344 376 377 
344 375 377 
343 345 372 
343 345 376 
343 345 346 
343 345 375 
343 344 345 
345 348 372 
345 346 372 
345 372 375 
344 345 372 
345 371 372 
345 375 376 
344 345 376 
345 346 348 
345 348 371 
345 346 375 
344 345 346 
345 346 371 
344 345 375 
343 346 372 
343 372 375 
343 344 372 
343 375 376 
343 344 376 
343 346 375 
343 344 346 
343 344 375 
348 351 372 
351 367 372 
350 351 372 
351 371 372 
346 348 372 
348 350 372 
348 371 372 
346 372 375 
344 346 372 
346 350 372 
346 371 372 
372 375 418 
372 416 418 
372 415 418 
371 372 418 
367 372 416 
367 372 415 
350 367 372 
367 371 372 
344 372 375 
372 415 416 
371 372 416 
371 372 415 
350 371 372 
375 376 418 
376 405 418 
344 375 376 
366 388 414 
388 391 414 
388 392 414 
367 388 414 
388 414 415 
366 388 391 
366 388 392 
363 366 388 
366 367 388 
366 388 415 
388 391 435 
388 391 392 
363 388 391 
388 392 435 
363 388 392 
367 388 392 
363 367 388 
367 388 415 
351 363 366 
351 366 367 
351 352 366 
351 366 371 
348 350 351 
348 351 371 
351 354 363 
351 354 426 
351 352 354 
351 354 446 
351 363 367 
351 352 363 
351 363 446 
351 352 367 
350 351 367 
351 367 371 
351 352 426 
351 426 446 
350 351 426 
351 352 446 
350 351 352 
351 352 371 
350 351 371 
395 444 445 
392 395 444 
363 395 444 
395 444 446 
395 396 444 
395 431 444 
354 444 445 
363 444 445 
356 444 445 
352 444 445 
444 445 446 
355 444 445 
396 444 445 
431 444 445 
354 363 444 
354 356 444 
352 354 444 
354 444 446 
354 355 444 
354 431 444 
363 392 444 
392 396 444 
392 431 444 
352 363 444 
363 444 446 
355 363 444 
363 431 444 
352 356 444 
356 444 446 
355 356 444 
352 444 446 
352 355 444 
352 431 444 
355 444 446 
396 444 446 
431 444 446 
355 431 444 
396 431 444 
366 391 414 
366 392 414 
366 367 414 
366 414 415 
391 395 414 
392 395 414 
395 414 416 
391 392 414 
367 392 414 
367 414 416 
367 414 415 
405 414 416 
414 415 416 
405 414 415 
366 391 392 
363 366 391 
366 391 431 
363 366 392 
366 367 392 
366 392 431 
363 366 367 
352 363 366 
363 366 431 
352 366 367 
366 367 415 
366 367 371 
352 366 371 
352 366 431 
366 371 415 
391 435 438 
421 423 426 
391 392 395 
363 391 395 
391 395 431 
363 395 445 
395 445 446 
395 396 445 
395 431 445 
395 416 418 
395 396 418 
363 392 395 
392 395 396 
392 395 431 
363 395 446 
363 395 431 
395 396 416 
395 396 446 
395 431 446 
395 396 431 
391 392 435 
363 391 392 
391 392 431 
363 391 431 
346 348 350 
346 348 371 
348 350 371 
344 346 375 
346 350 371 
354 363 445 
354 356 445 
352 354 445 
354 445 446 
354 355 445 
354 431 445 
352 363 445 
363 445 446 
355 363 445 
363 431 445 
352 356 445 
356 445 446 
355 356 445 
352 445 446 
352 355 445 
352 431 445 
355 445 446 
396 445 446 
431 445 446 
355 431 445 
396 431 445 
352 354 363 
354 363 446 
354 355 363 
354 363 431 
352 354 356 
354 356 446 
354 355 356 
352 354 426 
354 426 446 
354 355 426 
352 354 446 
352 354 355 
352 354 431 
354 355 446 
354 431 446 
354 355 431 
405 416 418 
415 416 418 
396 416 418 
371 416 418 
405 415 418 
371 415 418 
363 367 392 
363 392 431 
392 396 431 
352 363 367 
352 363 446 
352 355 363 
352 363 431 
355 363 446 
363 431 446 
355 363 431 
367 415 416 
367 371 416 
350 352 367 
352 367 371 
367 371 415 
350 367 371 
352 356 446 
352 355 356 
355 356 446 
352 426 446 
352 355 426 
350 352 426 
355 426 446 
405 415 416 
371 415 416 
352 355 446 
352 431 446 
352 355 431 
350 352 371 
355 431 446 
396 431 446 
