146 178 266 
146 266 268 
146 147 266 
178 262 266 
147 262 266 
147 178 266 
147 266 268 
266 268 272 
146 147 178 
146 177 178 
146 147 268 
146 147 177 
180 182 262 
178 180 262 
147 180 262 
177 180 262 
178 180 182 
177 180 182 
147 178 180 
177 178 180 
147 177 180 
178 182 262 
182 261 262 
182 230 262 
182 229 262 
177 182 262 
147 178 262 
178 261 262 
178 229 262 
177 178 262 
147 177 262 
230 261 262 
229 261 262 
177 261 262 
229 230 262 
119 120 121 
119 121 123 
119 121 122 
120 121 123 
120 121 122 
121 123 137 
121 122 137 
121 122 123 
178 182 261 
178 182 229 
177 178 182 
182 230 261 
182 229 261 
177 182 261 
182 229 230 
147 177 178 
178 229 261 
177 178 261 
318 319 322 
123 136 137 
134 136 137 
123 134 136 
296 299 300 
296 300 301 
296 297 300 
299 300 301 
297 299 300 
299 300 303 
297 300 301 
300 301 303 
119 120 123 
119 120 122 
119 122 123 
120 122 123 
123 134 137 
122 123 137 
299 301 305 
299 303 305 
301 303 305 
296 299 301 
296 297 299 
296 297 301 
134 193 219 
297 299 301 
299 301 303 
229 230 261 
