M = 193 242 
205 206 | 122 123 | 245 248 | 242 243 | 242 248 | 144 146 | 165 249 | 131 194 | 165 249 | 164 165 | 146 178 | 165 248 | 242 245 | 147 180 | 134 136 | 259 262 | 127 134 | 243 245 | 177 261 | 242 245 | 265 268 | 165 248 | 181 262 | 194 242 | 178 180 | 146 265 | 164 165 | 146 265 | 194 242 | 196 242 | 145 178 | 146 270 | 164 165 | 126 206 | 194 196 | 146 178 | 165 248 | 242 248 | 242 245 | 182 261 | 239 242 | 177 180 | 126 127 | 146 268 | 243 245 | 242 245 | 262 266 | 158 163 | 134 136 | 164 249 | 142 146 | 242 248 | 249 251 | 146 268 | 196 242 | 146 265 | 194 242 | 242 244 | 165 194 | 206 235 | 190 217 | 165 248 | 120 123 | 194 245 | 242 244 | 146 178 | 164 165 | 194 242 | 241 242 | 119 124 | 242 245 | 164 249 | 146 267 | 127 134 | 157 164 | 119 120 | 164 165 | 242 244 | 242 244 | 164 165 | 123 127 | 146 270 | 242 245 | 242 245 | 242 244 | 119 123 | 242 244 | 

M = 287 293 
301 303 | 329 336 | 146 269 | 284 286 | 324 326 | 344 345 | 288 293 | 377 379 | 346 370 | 326 334 | 291 297 | 279 301 | 299 303 | 439 440 | 290 293 | 330 336 | 391 440 | 301 305 | 299 305 | 279 303 | 388 410 | 146 266 | 290 317 | 266 268 | 345 346 | 341 376 | 336 408 | 146 266 | 341 377 | 336 408 | 146 266 | 281 293 | 400 403 | 341 343 | 266 268 | 146 264 | 434 440 | 301 305 | 324 326 | 336 339 | 

FREQUENCIES
242: 29
146: 18
165: 13
245: 11
164: 9
194: 8
248: 8
266: 6
244: 6
268: 5
249: 5
336: 5
178: 5
134: 4
123: 4
265: 4
127: 4
293: 4
193: 4
301: 4
341: 3
262: 3
196: 3
119: 3
303: 3
440: 3
305: 3
243: 3
180: 3
326: 3
206: 3
126: 2
136: 2
346: 2
120: 2
299: 2
290: 2
270: 2
279: 2
377: 2
177: 2
345: 2
408: 2
324: 2
261: 2
217: 1
264: 1
131: 1
344: 1
288: 1
403: 1
400: 1
281: 1
284: 1
287: 1
286: 1
122: 1
124: 1
269: 1
379: 1
410: 1
370: 1
376: 1
317: 1
190: 1
391: 1
241: 1
388: 1
439: 1
434: 1
291: 1
339: 1
334: 1
330: 1
259: 1
251: 1
182: 1
181: 1
297: 1
343: 1
142: 1
163: 1
157: 1
158: 1
239: 1
235: 1
329: 1
147: 1
144: 1
145: 1
205: 1
267: 1
