M = 165 194 
205 206 | 123 126 | 191 219 | 165 248 | 140 219 | 165 248 | 136 141 | 164 165 | 357 358 | 165 249 | 134 136 | 126 127 | 194 245 | 163 164 | 165 248 | 248 249 | 359 362 | 165 168 | 196 237 | 164 165 | 126 206 | 123 136 | 165 248 | 164 165 | 123 136 | 244 245 | 157 165 | 158 250 | 235 237 | 194 244 | 193 219 | 194 196 | 164 165 | 196 249 | 206 235 | 165 248 | 164 165 | 241 244 | 164 165 | 249 251 | 194 245 | 165 249 | 127 130 | 363 368 | 206 228 | 123 127 | 158 251 | 354 357 | 194 245 | 

M = 267 273 
301 303 | 329 336 | 179 265 | 336 339 | 229 259 | 324 326 | 344 345 | 144 147 | 288 293 | 178 181 | 377 379 | 296 297 | 145 178 | 147 180 | 293 313 | 259 262 | 279 297 | 299 303 | 232 258 | 181 262 | 178 180 | 439 440 | 336 403 | 261 265 | 342 377 | 261 265 | 178 267 | 178 180 | 391 440 | 145 178 | 147 268 | 301 305 | 316 318 | 299 305 | 268 272 | 388 410 | 290 317 | 178 180 | 232 261 | 290 293 | 321 326 | 177 180 | 338 342 | 147 268 | 286 293 | 312 319 | 268 274 | 265 268 | 119 120 | 286 288 | 341 379 | 178 264 | 336 408 | 265 268 | 303 304 | 318 322 | 147 268 | 293 318 | 147 178 | 341 377 | 178 180 | 336 408 | 281 293 | 147 265 | 264 265 | 341 379 | 264 268 | 305 311 | 177 262 | 379 419 | 265 268 | 434 440 | 119 120 | 299 305 | 265 271 | 336 339 | 144 147 | 119 123 | 336 408 | 

FREQUENCIES
165: 18
178: 10
265: 9
268: 9
194: 8
147: 8
336: 7
164: 7
293: 6
248: 6
180: 6
123: 5
249: 5
136: 4
379: 4
206: 4
305: 4
245: 4
126: 3
264: 3
219: 3
341: 3
262: 3
261: 3
127: 3
299: 3
318: 3
196: 3
119: 3
303: 3
440: 3
244: 3
377: 3
408: 3
288: 2
342: 2
286: 2
120: 2
267: 2
297: 2
290: 2
301: 2
339: 2
259: 2
177: 2
251: 2
181: 2
158: 2
235: 2
237: 2
232: 2
326: 2
144: 2
145: 2
357: 2
130: 1
134: 1
344: 1
403: 1
281: 1
410: 1
296: 1
319: 1
313: 1
311: 1
191: 1
316: 1
193: 1
271: 1
272: 1
273: 1
274: 1
279: 1
368: 1
362: 1
363: 1
304: 1
241: 1
388: 1
419: 1
439: 1
434: 1
338: 1
258: 1
179: 1
250: 1
345: 1
312: 1
317: 1
168: 1
229: 1
228: 1
163: 1
391: 1
157: 1
322: 1
321: 1
324: 1
329: 1
205: 1
140: 1
141: 1
354: 1
359: 1
358: 1
