D102m2.txt,0, | 201 226 | 278 299 | ,Score: 0

D106m3.txt,0, | 388 415 | 150 177 | ,Score: 0

D107m0.txt,0, | 318 325 | 126 206 | ,Score: 0

D110m2.txt,0, | 165 191 | 158 249 | ,Score: 0

D202m2.txt,0, | 201 208 | 327 402 | ,Score: 0

D203m5.txt,0, | 345 370 | 167 190 | ,Score: 0

D204m0.txt,0, | 199 210 | 167 171 | ,Score: 0

D206mR.txt,0, | 288 325 | 124 128 | ,Score: 0

D210m8.txt,0, | 177 265 | 317 324 | ,Score: 0

D214m3.txt,0, | 190 194 | 164 167 | ,Score: 0

D215m7.txt,0, | 293 297 | 124 226 | ,Score: 0

D216m1.txt,0, | 357 359 | 157 164 | ,Score: 0

D217m3.txt,0, | 178 229 | 291 316 | ,Score: 0

D218m7.txt,0, | 123 127 | 259 262 | ,Score: 0

D221m4.txt,0, | 193 197 | 258 261 | ,Score: 0

D222m6.txt,0, | 293 299 | 182 230 | ,Score: 0

D228m5.txt,0, | 165 194 | 163 250 | ,Score: 0

D229m1.txt,0, | 191 240 | 157 249 | ,Score: 0

D231m7.txt,0, | 179 262 | 366 391 | ,Score: 0

D239m5.txt,0, | 179 261 | 356 444 | ,Score: 0

D301m9.txt,0, | 440 443 | 120 123 | ,Score: 0

D302m1.txt,0, | 338 342 | 259 262 | ,Score: 0

D304m4.txt,0, | 183 259 | 172 190 | ,Score: 0

D305m1.txt,0, | 281 290 | 391 412 | ,Score: 0

D306m2.txt,0, | 125 135 | 228 262 | ,Score: 0

D307m2.txt,0, | 276 284 | 143 177 | ,Score: 0

D308m5.txt,0, | 274 302 | 196 249 | ,Score: 0

D310m9.txt,0, | 124 138 | 401 419 | ,Score: 0

D311m8.txt,0, | 197 237 | 278 294 | ,Score: 0

D312m9.txt,0, | 190 193 | 157 164 | ,Score: 0

D313m5.txt,0, | 122 143 | 388 408 | ,Score: 0

D314m8.txt,0, | 290 314 | 150 178 | ,Score: 0

D315m6.txt,0, | 233 259 | 290 297 | ,Score: 0

D317m4.txt,0, | 324 331 | 293 300 | ,Score: 0

D318m3.txt,0, | 336 340 | 124 135 | ,Score: 0

D319m6.txt,0, | 120 123 | 393 441 | ,Score: 0

D320m3.txt,0, | 158 250 | 157 164 | ,Score: 0

D321m1.txt,0, | 156 237 | 311 317 | ,Score: 0

D322m0.txt,0, | 201 237 | 292 298 | ,Score: 0

D323m1.txt,0, | 165 194 | 194 219 | ,Score: 0

D324m6.txt,0, | 196 249 | 157 164 | ,Score: 0

D325m0.txt,0, | 126 196 | 292 299 | ,Score: 0

D326m0.txt,0, | 199 210 | 398 419 | ,Score: 0

D327m7.txt,0, | 376 405 | 125 196 | ,Score: 0

D328m3.txt,0, | 337 408 | 140 218 | ,Score: 0

D330m1.txt,0, | 400 403 | 124 128 | ,Score: 0

D331m0.txt,0, | 162 251 | 194 219 | ,Score: 0

D332m4.txt,0, | 293 299 | 177 261 | ,Score: 0

D333m4.txt,0, | 333 403 | 132 211 | ,Score: 0

D403m6.txt,0, | 165 190 | 403 406 | ,Score: 0

D407m5.txt,0, | 182 262 | 335 403 | ,Score: 0

D408m8.txt,0, | 290 442 | 178 226 | ,Score: 0

D409m5.txt,0, | 178 267 | 401 419 | ,Score: 0

D410mR.txt,0, | 193 241 | 165 249 | ,Score: 0

D413m2.txt,0, | 201 251 | 164 249 | ,Score: 0

D414m2.txt,0, | 212 220 | 267 274 | ,Score: 0

D421m7.txt,0, | 201 237 | 296 308 | ,Score: 0

D428m7.txt,0, | 363 442 | 177 261 | ,Score: 0

D430mR.txt,0, | 403 419 | 259 262 | ,Score: 0

D431m9.txt,0, | 231 235 | 139 143 | ,Score: 0

D438m9.txt,0, | 290 297 | 178 182 | ,Score: 0

D450m5.txt,0, | 123 127 | 232 235 | ,Score: 0

D453m0.txt,0, | 293 300 | 247 250 | ,Score: 0

D459m2.txt,0, | 163 167 | 194 219 | ,Score: 0

D462m1.txt,0, | 325 333 | 147 262 | ,Score: 0

D464m0.txt,0, | 122 143 | 259 262 | ,Score: 0

