M = 401 403 
329 336 | 336 339 | 324 326 | 344 345 | 288 293 | 377 379 | 358 359 | 357 358 | 293 313 | 339 341 | 359 362 | 439 440 | 336 403 | 326 334 | 391 440 | 356 359 | 316 318 | 388 410 | 290 317 | 286 293 | 321 326 | 338 342 | 286 293 | 312 319 | 377 379 | 286 356 | 341 379 | 336 408 | 318 322 | 293 318 | 341 377 | 336 408 | 290 442 | 341 379 | 363 368 | 379 421 | 434 440 | 438 440 | 354 357 | 336 339 | 336 408 | 

M = 177 267 
301 303 | 205 206 | 179 265 | 123 126 | 164 165 | 126 130 | 229 259 | 140 219 | 274 280 | 206 235 | 178 181 | 136 141 | 164 165 | 126 206 | 145 178 | 165 249 | 261 265 | 134 136 | 259 262 | 126 127 | 279 297 | 299 303 | 163 164 | 130 219 | 165 248 | 165 194 | 181 262 | 178 265 | 261 265 | 261 265 | 127 208 | 267 272 | 178 261 | 196 237 | 145 178 | 301 305 | 126 206 | 123 136 | 165 248 | 299 305 | 165 194 | 164 165 | 268 272 | 178 182 | 232 261 | 177 182 | 123 136 | 119 123 | 135 136 | 157 165 | 158 250 | 268 274 | 165 248 | 193 219 | 194 196 | 164 165 | 265 268 | 196 249 | 119 120 | 178 264 | 265 268 | 206 235 | 303 304 | 165 248 | 165 194 | 178 262 | 178 267 | 164 165 | 178 265 | 261 265 | 264 265 | 193 196 | 164 165 | 190 217 | 158 249 | 264 268 | 305 311 | 127 130 | 177 262 | 265 268 | 127 208 | 267 273 | 119 120 | 123 127 | 299 305 | 265 271 | 126 130 | 261 265 | 119 123 | 

FREQUENCIES
165: 15
265: 13
178: 10
261: 7
336: 7
164: 7
126: 6
123: 6
268: 6
136: 5
127: 5
379: 5
293: 5
206: 5
130: 4
341: 4
262: 4
267: 4
194: 4
196: 4
119: 4
440: 4
305: 4
248: 4
264: 3
219: 3
286: 3
299: 3
318: 3
303: 3
249: 3
377: 3
339: 3
177: 3
408: 3
326: 3
359: 3
403: 2
120: 2
290: 2
193: 2
272: 2
274: 2
301: 2
259: 2
182: 2
181: 2
158: 2
235: 2
145: 2
208: 2
357: 2
356: 2
358: 2
217: 1
135: 1
134: 1
344: 1
288: 1
342: 1
280: 1
410: 1
297: 1
319: 1
313: 1
311: 1
317: 1
316: 1
271: 1
273: 1
279: 1
368: 1
442: 1
421: 1
362: 1
363: 1
304: 1
388: 1
438: 1
439: 1
434: 1
338: 1
334: 1
179: 1
250: 1
345: 1
312: 1
401: 1
190: 1
229: 1
163: 1
391: 1
157: 1
237: 1
232: 1
322: 1
321: 1
324: 1
329: 1
205: 1
140: 1
141: 1
354: 1
