D102m2.txt,0, | 277 298 | 125 206 | ,Score: 0

D106m3.txt,0, | 388 415 | 150 177 | ,Score: 0

D107m0.txt,0, | 201 208 | 318 325 | ,Score: 0

D110m2.txt,0, | 165 191 | 164 249 | ,Score: 0

D202m2.txt,0, | 201 208 | 401 419 | ,Score: 0

D203m5.txt,0, | 345 370 | 167 190 | ,Score: 0

D204m0.txt,0, | 290 297 | 199 224 | ,Score: 0

D206mR.txt,0, | 288 396 | 124 128 | ,Score: 0

D210m8.txt,0, | 177 265 | 317 324 | ,Score: 0

D214m3.txt,0, | 165 190 | 358 359 | ,Score: 0

D215m7.txt,0, | 201 251 | 143 177 | ,Score: 0

D216m1.txt,0, | 357 359 | 157 164 | ,Score: 0

D217m3.txt,0, | 291 316 | 228 262 | ,Score: 0

D218m7.txt,0, | 123 127 | 259 262 | ,Score: 0

D221m4.txt,0, | 206 228 | 167 190 | ,Score: 0

D222m6.txt,0, | 274 302 | 325 441 | ,Score: 0

D228m5.txt,0, | 163 251 | 165 194 | ,Score: 0

D229m1.txt,0, | 163 249 | 191 218 | ,Score: 0

D231m7.txt,0, | 363 391 | 178 261 | ,Score: 0

D239m5.txt,0, | 179 261 | 352 444 | ,Score: 0

D301m9.txt,0, | 280 285 | 345 348 | ,Score: 0

D302m1.txt,0, | 167 253 | 258 261 | ,Score: 0

D304m4.txt,0, | 120 208 | 172 274 | ,Score: 0

D305m1.txt,0, | 284 356 | 391 412 | ,Score: 0

D306m2.txt,0, | 125 212 | 262 267 | ,Score: 0

D307m2.txt,0, | 406 412 | 175 273 | ,Score: 0

D308m5.txt,0, | 274 302 | 196 237 | ,Score: 0

D310m9.txt,0, | 366 369 | 124 138 | ,Score: 0

D311m8.txt,0, | 197 237 | 281 292 | ,Score: 0

D312m9.txt,0, | 190 193 | 157 164 | ,Score: 0

D313m5.txt,0, | 122 143 | 388 435 | ,Score: 0

D314m8.txt,0, | 290 314 | 172 175 | ,Score: 0

D315m6.txt,0, | 290 297 | 201 233 | ,Score: 0

D317m4.txt,0, | 401 403 | 281 290 | ,Score: 0

D318m3.txt,0, | 123 208 | 336 403 | ,Score: 0

D319m6.txt,0, | 393 401 | 143 215 | ,Score: 0

D320m3.txt,0, | 158 250 | 157 164 | ,Score: 0

D321m1.txt,0, | 156 237 | 311 317 | ,Score: 0

D322m0.txt,0, | 333 403 | 273 279 | ,Score: 0

D323m1.txt,0, | 165 194 | 194 219 | ,Score: 0

D324m6.txt,0, | 196 249 | 157 164 | ,Score: 0

D325m0.txt,0, | 292 299 | 126 197 | ,Score: 0

D326m0.txt,0, | 177 267 | 161 251 | ,Score: 0

D327m7.txt,0, | 125 197 | 376 405 | ,Score: 0

D328m3.txt,0, | 140 218 | 403 407 | ,Score: 0

D330m1.txt,0, | 125 206 | 329 336 | ,Score: 0

D331m0.txt,0, | 162 251 | 193 216 | ,Score: 0

D332m4.txt,0, | 322 329 | 177 261 | ,Score: 0

D333m4.txt,0, | 199 211 | 324 330 | ,Score: 0

D403m6.txt,0, | 165 190 | 289 443 | ,Score: 0

D407m5.txt,0, | 178 229 | 364 370 | ,Score: 0

D408m8.txt,0, | 177 226 | 290 442 | ,Score: 0

D409m5.txt,0, | 178 267 | 396 419 | ,Score: 0

D410mR.txt,0, | 130 219 | 196 249 | ,Score: 0

D413m2.txt,0, | 165 190 | 201 251 | ,Score: 0

D414m2.txt,0, | 396 403 | 177 267 | ,Score: 0

D421m7.txt,0, | 233 257 | 127 208 | ,Score: 0

D428m7.txt,0, | 177 260 | 396 443 | ,Score: 0

D430mR.txt,0, | 375 419 | 175 262 | ,Score: 0

D431m9.txt,0, | 213 220 | 175 273 | ,Score: 0

D438m9.txt,0, | 290 297 | 178 182 | ,Score: 0

D450m5.txt,0, | 201 253 | 296 307 | ,Score: 0

D453m0.txt,0, | 184 261 | 289 441 | ,Score: 0

D459m2.txt,0, | 284 356 | 166 190 | ,Score: 0

D462m1.txt,0, | 318 325 | 419 424 | ,Score: 0

D464m0.txt,0, | 335 407 | 178 226 | ,Score: 0

