M = 290 444 
290 293 | 388 391 | 324 325 | 344 345 | 333 434 | 281 293 | 392 434 | 364 387 | 377 379 | 357 358 | 401 428 | 400 419 | 279 297 | 299 303 | 318 320 | 326 331 | 356 359 | 325 441 | 362 443 | 362 366 | 356 359 | 368 369 | 303 305 | 336 408 | 303 305 | 410 411 | 283 284 | 339 403 | 390 437 | 390 412 | 319 326 | 312 319 | 273 274 | 305 311 | 310 316 | 341 379 | 336 408 | 336 403 | 318 322 | 330 403 | 341 377 | 336 408 | 400 403 | 401 403 | 363 368 | 293 318 | 435 441 | 424 426 | 303 305 | 336 337 | 271 272 | 357 358 | 336 339 | 342 375 | 

M = 127 208 
267 274 | 205 206 | 122 123 | 203 206 | 130 191 | 164 165 | 229 259 | 140 219 | 136 141 | 194 219 | 164 165 | 126 206 | 145 178 | 165 249 | 178 182 | 182 262 | 126 127 | 232 258 | 194 219 | 235 251 | 165 248 | 165 194 | 181 262 | 178 181 | 164 165 | 267 272 | 196 237 | 145 178 | 126 206 | 123 136 | 165 248 | 165 194 | 164 165 | 119 123 | 178 182 | 123 136 | 232 261 | 177 182 | 119 123 | 157 164 | 135 136 | 158 250 | 235 237 | 165 248 | 193 219 | 194 196 | 164 165 | 196 249 | 119 120 | 178 264 | 182 262 | 206 235 | 165 248 | 165 194 | 178 262 | 178 267 | 164 165 | 178 261 | 181 261 | 248 251 | 182 261 | 193 197 | 164 165 | 249 251 | 190 217 | 178 264 | 232 261 | 127 130 | 177 262 | 119 120 | 123 127 | 126 130 | 182 261 | 119 123 | 

FREQUENCIES
165: 15
178: 10
164: 8
123: 7
182: 7
194: 6
336: 6
261: 6
403: 5
262: 5
119: 5
206: 5
248: 5
219: 4
136: 4
126: 4
127: 4
303: 4
305: 4
130: 3
408: 3
267: 3
318: 3
196: 3
249: 3
293: 3
251: 3
181: 3
235: 3
232: 3
264: 2
341: 2
401: 2
400: 2
120: 2
379: 2
377: 2
319: 2
193: 2
390: 2
274: 2
368: 2
362: 2
441: 2
290: 2
434: 2
339: 2
177: 2
272: 2
237: 2
326: 2
325: 2
145: 2
357: 2
356: 2
359: 2
358: 2
217: 1
135: 1
344: 1
345: 1
281: 1
283: 1
284: 1
122: 1
424: 1
410: 1
411: 1
412: 1
299: 1
297: 1
375: 1
419: 1
311: 1
191: 1
316: 1
392: 1
391: 1
279: 1
428: 1
369: 1
366: 1
364: 1
363: 1
426: 1
443: 1
444: 1
387: 1
388: 1
437: 1
435: 1
337: 1
331: 1
330: 1
333: 1
258: 1
259: 1
250: 1
312: 1
197: 1
310: 1
342: 1
190: 1
229: 1
271: 1
273: 1
157: 1
158: 1
322: 1
320: 1
324: 1
203: 1
205: 1
140: 1
141: 1
208: 1
