D102m2.txt,0, | 298 303 | 125 206 | ,Score: 0

D106m3.txt,0, | 290 297 | 388 391 | ,Score: 0

D107m0.txt,0, | 123 127 | 156 235 | ,Score: 0

D110m2.txt,0, | 126 130 | 165 191 | ,Score: 0

D202m2.txt,0, | 201 208 | 401 419 | ,Score: 0

D203m5.txt,0, | 346 349 | 167 190 | ,Score: 0

D204m0.txt,0, | 333 391 | 281 293 | ,Score: 0

D206mR.txt,0, | 388 393 | 360 366 | ,Score: 0

D210m8.txt,0, | 177 261 | 317 324 | ,Score: 0

D214m3.txt,0, | 190 194 | 165 190 | ,Score: 0

D215m7.txt,0, | 201 208 | 177 182 | ,Score: 0

D216m1.txt,0, | 357 359 | 157 164 | ,Score: 0

D217m3.txt,0, | 401 428 | 273 279 | ,Score: 0

D218m7.txt,0, | 400 419 | 123 224 | ,Score: 0

D221m4.txt,0, | 130 219 | 257 259 | ,Score: 0

D222m6.txt,0, | 228 259 | 292 299 | ,Score: 0

D228m5.txt,0, | 157 165 | 235 251 | ,Score: 0

D229m1.txt,0, | 163 249 | 191 218 | ,Score: 0

D231m7.txt,0, | 320 327 | 178 261 | ,Score: 0

D239m5.txt,0, | 331 400 | 179 261 | ,Score: 0

D301m9.txt,0, | 435 443 | 354 357 | ,Score: 0

D302m1.txt,0, | 164 165 | 164 167 | ,Score: 0

D304m4.txt,0, | 183 259 | 275 283 | ,Score: 0

D305m1.txt,0, | 290 443 | 362 366 | ,Score: 0

D306m2.txt,0, | 201 237 | 124 138 | ,Score: 0

D307m2.txt,0, | 359 451 | 368 369 | ,Score: 0

D308m5.txt,0, | 299 303 | 196 237 | ,Score: 0

D310m9.txt,0, | 369 387 | 124 138 | ,Score: 0

D311m8.txt,0, | 206 237 | 281 292 | ,Score: 0

D312m9.txt,0, | 190 194 | 158 162 | ,Score: 0

D313m5.txt,0, | 411 415 | 122 143 | ,Score: 0

D314m8.txt,0, | 400 403 | 143 175 | ,Score: 0

D315m6.txt,0, | 201 237 | 258 261 | ,Score: 0

D317m4.txt,0, | 127 210 | 403 406 | ,Score: 0

D318m3.txt,0, | 390 437 | 390 412 | ,Score: 0

D319m6.txt,0, | 400 403 | 123 127 | ,Score: 0

D320m3.txt,0, | 157 250 | 158 249 | ,Score: 0

D321m1.txt,0, | 282 313 | 156 237 | ,Score: 0

D322m0.txt,0, | 296 318 | 196 237 | ,Score: 0

D323m1.txt,0, | 165 248 | 194 219 | ,Score: 0

D324m6.txt,0, | 130 219 | 165 249 | ,Score: 0

D325m0.txt,0, | 292 299 | 126 197 | ,Score: 0

D326m0.txt,0, | 199 210 | 398 419 | ,Score: 0

D327m7.txt,0, | 125 197 | 376 405 | ,Score: 0

D328m3.txt,0, | 139 218 | 403 407 | ,Score: 0

D330m1.txt,0, | 125 206 | 337 403 | ,Score: 0

D331m0.txt,0, | 162 251 | 193 216 | ,Score: 0

D332m4.txt,0, | 322 329 | 177 261 | ,Score: 0

D333m4.txt,0, | 199 211 | 330 403 | ,Score: 0

D403m6.txt,0, | 165 190 | 341 406 | ,Score: 0

D407m5.txt,0, | 178 229 | 335 403 | ,Score: 0

D408m8.txt,0, | 175 178 | 126 197 | ,Score: 0

D409m5.txt,0, | 137 142 | 396 419 | ,Score: 0

D410mR.txt,0, | 193 196 | 241 249 | ,Score: 0

D413m2.txt,0, | 201 251 | 165 249 | ,Score: 0

D414m2.txt,0, | 401 403 | 177 267 | ,Score: 0

D421m7.txt,0, | 233 257 | 127 208 | ,Score: 0

D428m7.txt,0, | 177 260 | 324 396 | ,Score: 0

D430mR.txt,0, | 296 318 | 355 362 | ,Score: 0

D431m9.txt,0, | ,Score: 0

D438m9.txt,0, | 178 182 | 421 426 | ,Score: 0

D450m5.txt,0, | 123 127 | 233 257 | ,Score: 0

D453m0.txt,0, | 336 337 | 184 261 | ,Score: 0

D459m2.txt,0, | 354 358 | 165 194 | ,Score: 0

D462m1.txt,0, | 335 403 | 206 226 | ,Score: 0

D464m0.txt,0, | 122 141 | 232 261 | ,Score: 0

