120 121 124 
120 121 122 
120 121 123 
121 122 124 
121 123 124 
121 122 123 
120 124 208 
120 122 208 
120 123 208 
122 124 208 
124 207 208 
124 208 226 
123 124 208 
124 127 208 
124 199 208 
122 123 208 
207 208 226 
199 207 208 
201 207 208 
202 207 208 
201 208 226 
202 208 226 
123 127 208 
127 199 208 
199 201 208 
199 202 208 
201 202 208 
120 122 124 
120 123 124 
120 122 123 
122 123 124 
122 124 135 
124 207 226 
124 199 207 
123 124 127 
123 124 135 
124 127 135 
124 127 199 
179 182 226 
179 182 261 
146 179 265 
179 261 265 
203 207 235 
199 207 235 
201 207 235 
202 207 235 
231 233 235 
203 233 235 
201 233 235 
202 233 235 
203 231 235 
201 231 235 
202 231 235 
201 203 235 
202 203 235 
235 250 251 
158 235 250 
199 235 250 
235 249 250 
158 235 251 
199 235 251 
235 249 251 
201 235 251 
158 235 249 
199 235 249 
199 201 235 
199 202 235 
201 202 235 
122 123 135 
122 135 141 
201 207 226 
202 207 226 
201 203 207 
202 203 207 
199 201 207 
199 202 207 
201 202 207 
182 226 231 
201 226 231 
202 226 231 
201 202 226 
182 230 231 
182 231 261 
182 230 261 
203 231 233 
231 233 259 
230 231 233 
201 231 233 
202 231 233 
201 203 233 
202 203 233 
230 233 259 
202 230 233 
201 202 233 
201 203 231 
202 203 231 
230 231 259 
231 259 261 
230 231 261 
202 230 231 
201 202 231 
123 127 135 
123 135 136 
201 202 203 
127 196 197 
127 196 199 
127 197 199 
146 149 150 
146 150 267 
146 150 264 
149 150 267 
149 150 264 
150 264 267 
146 149 267 
146 149 265 
146 149 266 
144 146 149 
146 149 264 
146 265 267 
146 266 267 
146 264 267 
146 265 266 
146 264 265 
146 264 266 
149 265 267 
149 266 267 
149 264 267 
149 265 266 
149 261 265 
149 264 265 
149 264 266 
149 261 264 
248 250 251 
158 250 251 
199 250 251 
249 250 251 
197 248 250 
248 249 250 
197 199 250 
197 249 250 
158 249 250 
199 249 250 
196 197 248 
196 248 249 
196 197 199 
196 197 249 
196 199 249 
248 249 251 
158 249 251 
199 249 251 
199 201 251 
197 248 249 
135 136 141 
265 266 267 
264 265 267 
264 266 267 
230 259 261 
197 199 249 
264 265 266 
261 264 265 
199 201 202 
