150 152 258 
150 257 258 
150 151 258 
152 257 258 
151 152 258 
152 233 258 
152 258 259 
152 154 258 
151 257 258 
233 257 258 
257 258 259 
154 257 258 
151 233 258 
151 258 259 
151 258 261 
151 154 258 
233 258 259 
154 233 258 
258 259 261 
149 265 267 
149 150 267 
146 149 267 
149 266 267 
149 263 267 
149 175 267 
146 265 267 
265 266 267 
263 265 267 
146 150 267 
150 175 267 
146 266 267 
146 175 267 
263 266 267 
146 149 265 
149 265 266 
149 263 265 
149 261 265 
146 149 150 
149 150 152 
149 150 173 
149 150 151 
149 150 175 
149 150 172 
146 149 266 
146 149 175 
144 146 149 
149 152 173 
149 151 152 
149 152 175 
149 152 172 
149 263 266 
149 151 173 
149 173 175 
149 261 263 
149 151 175 
149 151 261 
149 151 172 
144 149 175 
149 175 261 
149 172 175 
146 265 266 
263 265 266 
261 263 265 
146 150 175 
150 152 257 
150 152 173 
150 151 152 
150 152 175 
150 152 172 
150 173 257 
150 151 257 
150 175 257 
150 172 257 
150 151 173 
150 173 175 
150 151 175 
150 151 172 
150 172 175 
143 146 175 
144 146 175 
143 144 146 
152 173 257 
151 152 257 
152 175 257 
152 233 257 
152 257 259 
152 154 257 
152 172 257 
151 152 173 
152 173 175 
152 154 173 
151 152 175 
151 152 233 
151 152 259 
151 152 154 
151 152 172 
152 172 175 
152 233 259 
152 154 233 
152 154 172 
151 173 257 
173 175 257 
154 173 257 
151 175 257 
151 233 257 
151 257 259 
151 154 257 
151 172 257 
172 175 257 
233 257 259 
154 233 257 
154 172 257 
134 135 136 
123 135 136 
135 136 139 
135 136 137 
123 134 136 
134 136 139 
134 136 137 
123 136 139 
123 136 137 
136 137 139 
151 173 175 
151 154 173 
259 261 263 
127 128 135 
127 130 135 
127 134 135 
123 127 135 
124 127 135 
128 130 135 
128 134 135 
124 128 135 
130 134 135 
123 134 135 
134 135 139 
134 135 137 
123 135 139 
123 124 135 
123 135 137 
135 137 139 
151 175 261 
151 172 175 
151 233 259 
151 154 233 
151 259 261 
151 154 172 
203 233 253 
203 228 233 
127 128 196 
127 130 196 
126 127 196 
128 130 196 
126 128 196 
126 130 196 
127 128 130 
127 128 134 
126 127 128 
124 127 128 
127 130 134 
126 127 130 
123 127 134 
123 126 127 
123 124 127 
124 126 127 
128 130 134 
126 128 130 
124 126 128 
143 144 175 
123 134 139 
123 134 137 
134 137 139 
154 233 253 
228 233 259 
123 137 139 
119 120 123 
119 123 124 
123 124 126 
120 123 124 
119 120 124 
228 259 261 
