391mASP: 04,10,12,21|4|1.988
391mASN: 04,10,12,21|4|1.1713
391mGLY: 04,10,12,21|4|1.2658
393mALA: 10,12,16,21|4|1.7073
391mGLU: 04,10,12,21|4|2.1645
391mGLN: 04,10,12,21|4|1.1603
391mTHR: 04,10,12,21|4|1.4593
391mSER: 04,10,12,21|4|1.1687
391mVAL: 04,10,12,21|4|1.0959
362mVAL: 04,10,12|3|1.742
440mGLU: 04,10,12|3|6.0497
362mASN: 04,10,12|3|2.3673
440mSER: 04,10,12|3|2.6273
440mLYS: 04,10,12|3|3.9407
438mCYS: 04,10,12|3|1.9259
440mILE: 04,10,12|3|1.7785
440mTHR: 04,10,12|3|5.4679
432mCYS: 12,16,21|3|2.354
440mASN: 04,10,12|3|4.4869
362mLEU: 04,10,12|3|1.6568
438mLYS: 04,10,12|3|1.1155
440mPRO: 04,10,12|3|2.0594
362mGLY: 04,10,12|3|3.8205
432mGLY: 12,16,21|3|1.2666
362mPRO: 04,10,12|3|2.9841
362mTHR: 04,10,12|3|2.6669
440mGLY: 04,10,12|3|3.0754
362mPHE: 04,10,12|3|1.3142
438mTHR: 04,10,12|3|2.3743
362mSER: 04,10,12|3|2.9588
362mHIS: 04,10,12|3|1.43
434mGLY: 12,16,21|3|1.1639
440mCYS: 04,10,12|3|2.9596
438mGLU: 04,10,12|3|2.417
440mGLN: 04,10,12|3|1.2637
390mALA: 04,16,21|3|1.8056
432mALA: 12,16,21|3|1.5236
438mALA: 04,10,12|3|1.6373
362mILE: 04,10,12|3|3.0536
435mTHR: 04,10,12|3|1.5857
362mLYS: 04,10,12|3|4.6123
362mARG: 04,10,12|3|1.4549
434mALA: 12,16,21|3|1.9865
362mALA: 04,10,12|3|4.5077
438mASP: 04,10,12|3|2.2285
438mASN: 04,10,12|3|1.0159
438mGLY: 04,10,12|3|1.0321
440mASP: 04,10,12|3|3.7879
432mASP: 12,16,21|3|1.4858
435mGLU: 04,10,12|3|1.5593
440mALA: 04,10,12|3|2.6008
362mCYS: 04,10,12|3|6.1971
407mGLN: 16,21|2|1.3558
407mLEU: 16,21|2|1.505
407mTRP: 16,21|2|1.2548
444mASP: 10,12|2|1.2028
444mGLU: 10,12|2|1.2266
410mHIS: 04,21|2|1.0299
442mGLU: 10,12|2|1.431
407mASP: 16,21|2|1.399
407mALA: 16,21|2|1.19
407mGLU: 16,21|2|1.653
366mCYS: 04,12|2|1.5692
407mPRO: 16,21|2|1.3384
409mGLU: 16,21|2|1.594
407mCYS: 16,21|2|2.083
407mMET: 16,21|2|1.1374
407mILE: 16,21|2|1.3636
407mTHR: 16,21|2|1.462
366mGLU: 04,12|2|1.0399
407mVAL: 16,21|2|1.3648
407mPHE: 16,21|2|1.5182
401mTHR: 16|1|1.0028
401mGLU: 16|1|1.2268
387mCYS: 04|1|1.1748
