M = 267 272 274 
274 301 303 | 329 331 336 | 146 265 266 | 119 123 124 | 283 284 286 | 324 326 331 | 344 345 346 | 144 146 147 | 323 324 329 | 400 403 419 | 345 346 370 | 146 178 179 | 326 329 334 | 282 288 293 | 147 262 263 | 146 264 266 | 299 303 309 | 341 377 379 | 265 266 268 | 178 181 261 | 178 180 181 | 146 178 265 | 146 265 269 | 385 388 408 | 146 266 268 | 146 147 268 | 301 303 305 | 146 178 267 | 299 303 305 | 279 303 306 | 146 266 267 | 388 410 411 | 290 317 318 | 178 182 261 | 177 178 180 | 287 321 324 | 146 147 268 | 336 337 339 | 146 265 268 | 146 178 265 | 341 376 405 | 336 408 409 | 318 319 322 | 146 147 266 | 146 147 178 | 339 341 415 | 336 339 403 | 146 265 266 | 281 290 293 | 261 264 265 | 341 343 377 | 146 267 268 | 301 303 305 | 177 180 262 | 178 181 261 | 146 264 267 | 119 120 122 | 146 265 270 | 146 147 265 | 336 339 403 | 119 122 123 | 

M = 193 239 242 
203 205 206 | 131 193 194 | 196 245 248 | 241 242 248 | 193 194 242 | 157 165 249 | 194 242 245 | 165 239 249 | 242 243 244 | 242 245 248 | 242 245 248 | 157 164 165 | 130 134 219 | 242 244 245 | 242 243 245 | 194 242 245 | 165 248 249 | 194 242 244 | 165 190 194 | 242 243 246 | 164 165 167 | 164 165 249 | 164 165 249 | 194 196 242 | 165 190 194 | 196 237 248 | 196 242 244 | 242 245 248 | 196 242 248 | 242 245 248 | 163 164 165 | 123 127 134 | 243 244 245 | 157 158 251 | 123 136 139 | 123 134 136 | 158 163 251 | 158 163 249 | 140 218 219 | 120 123 208 | 193 194 242 | 204 235 237 | 196 242 245 | 242 245 248 | 242 243 244 | 165 190 194 | 190 217 220 | 235 237 251 | 120 123 124 | 194 242 243 | 194 242 244 | 165 167 190 | 193 194 242 | 193 194 242 | 193 196 242 | 205 206 235 | 242 244 245 | 194 242 244 | 196 237 248 | 163 164 165 | 242 243 244 | 241 242 244 | 164 165 167 | 158 249 251 | 123 127 134 | 242 243 245 | 242 245 248 | 193 241 242 | 194 242 244 | 

FREQUENCIES
242: 34
146: 20
194: 16
245: 15
165: 14
244: 12
248: 12
265: 10
178: 10
123: 8
196: 8
193: 8
243: 8
266: 7
249: 7
164: 7
147: 7
268: 6
303: 6
336: 5
190: 5
267: 5
134: 4
341: 4
261: 4
339: 4
251: 4
163: 4
158: 4
237: 4
403: 3
264: 3
119: 3
301: 3
305: 3
241: 3
180: 3
181: 3
167: 3
157: 3
235: 3
324: 3
329: 3
120: 3
127: 2
219: 2
136: 2
345: 2
346: 2
262: 2
124: 2
299: 2
293: 2
290: 2
318: 2
274: 2
388: 2
377: 2
331: 2
177: 2
408: 2
239: 2
326: 2
205: 2
206: 2
122: 2
217: 1
218: 1
131: 1
130: 1
139: 1
344: 1
400: 1
281: 1
283: 1
282: 1
284: 1
287: 1
286: 1
263: 1
269: 1
379: 1
415: 1
410: 1
411: 1
370: 1
376: 1
319: 1
317: 1
203: 1
270: 1
272: 1
279: 1
309: 1
306: 1
246: 1
385: 1
419: 1
334: 1
337: 1
179: 1
288: 1
405: 1
182: 1
343: 1
220: 1
409: 1
322: 1
323: 1
321: 1
144: 1
204: 1
140: 1
208: 1
