D102m2.txt,0, | 172 274 277 | 175 178 267 | ,Score: 0

D106m3.txt,0, | 123 127 131 | 157 164 249 | ,Score: 0

D107m0.txt,0, | 126 130 197 | 296 311 318 | ,Score: 0

D110m2.txt,0, | 122 124 138 | 280 283 286 | ,Score: 0

D202m2.txt,0, | 325 331 401 | 157 165 249 | ,Score: 0

D203m5.txt,0, | 345 347 370 | 165 190 194 | ,Score: 0

D204m0.txt,0, | 130 194 220 | 196 237 249 | ,Score: 0

D206mR.txt,0, | 279 284 291 | 165 190 240 | ,Score: 0

D210m8.txt,0, | 144 147 177 | 400 403 419 | ,Score: 0

D214m3.txt,0, | 178 181 261 | 388 391 412 | ,Score: 0

D215m7.txt,0, | 177 182 261 | 123 127 208 | ,Score: 0

D216m1.txt,0, | 296 299 301 | 157 165 249 | ,Score: 0

D217m3.txt,0, | 279 284 291 | 281 290 296 | ,Score: 0

D218m7.txt,0, | 190 194 219 | 124 127 135 | ,Score: 0

D221m4.txt,0, | 123 134 139 | 196 245 248 | ,Score: 0

D222m6.txt,0, | 274 278 302 | 293 299 300 | ,Score: 0

D228m5.txt,0, | 157 164 249 | 336 339 408 | ,Score: 0

D229m1.txt,0, | 237 240 249 | 146 265 268 | ,Score: 0

D231m7.txt,0, | 147 179 262 | 164 165 249 | ,Score: 0

D239m5.txt,0, | 179 261 265 | 165 190 194 | ,Score: 0

D301m9.txt,0, | 146 178 267 | 165 190 194 | ,Score: 0

D302m1.txt,0, | 179 261 265 | 163 165 249 | ,Score: 0

D304m4.txt,0, | 274 278 301 | 232 258 261 | ,Score: 0

D305m1.txt,0, | 366 391 412 | 147 178 263 | ,Score: 0

D306m2.txt,0, | 169 194 219 | 145 178 267 | ,Score: 0

D307m2.txt,0, | 146 178 267 | 128 193 241 | ,Score: 0

D308m5.txt,0, | 196 237 249 | 299 302 311 | ,Score: 0

D310m9.txt,0, | 123 134 139 | 194 196 245 | ,Score: 0

D311m8.txt,0, | 157 164 167 | 197 241 249 | ,Score: 0

D312m9.txt,0, | 157 162 167 | 196 245 248 | ,Score: 0

D313m5.txt,0, | 146 178 267 | 388 411 415 | ,Score: 0

D314m8.txt,0, | 146 150 178 | 281 290 297 | ,Score: 0

D315m6.txt,0, | 165 194 239 | 163 249 251 | ,Score: 0

D317m4.txt,0, | 177 182 262 | 290 293 321 | ,Score: 0

D318m3.txt,0, | 165 169 194 | 123 127 135 | ,Score: 0

D319m6.txt,0, | 165 190 194 | 146 178 266 | ,Score: 0

D320m3.txt,0, | 157 165 167 | 201 237 251 | ,Score: 0

D321m1.txt,0, | 201 203 233 | 157 164 249 | ,Score: 0

D322m0.txt,0, | 163 165 167 | 237 240 249 | ,Score: 0

D323m1.txt,0, | 123 127 208 | 336 339 408 | ,Score: 0

D324m6.txt,0, | 193 196 242 | 158 235 250 | ,Score: 0

D325m0.txt,0, | 292 299 311 | 163 165 249 | ,Score: 0

D326m0.txt,0, | 177 262 267 | 163 249 251 | ,Score: 0

D327m7.txt,0, | 337 341 405 | 165 190 194 | ,Score: 0

D328m3.txt,0, | 407 410 412 | 165 190 194 | ,Score: 0

D330m1.txt,0, | 169 194 220 | 201 237 251 | ,Score: 0

D331m0.txt,0, | 177 181 261 | 165 190 194 | ,Score: 0

D332m4.txt,0, | 299 301 303 | 177 182 261 | ,Score: 0

D333m4.txt,0, | 147 262 267 | 132 193 194 | ,Score: 0

D403m6.txt,0, | 162 165 168 | 168 171 190 | ,Score: 0

D407m5.txt,0, | 331 336 403 | 146 178 266 | ,Score: 0

D408m8.txt,0, | 148 178 266 | 436 438 441 | ,Score: 0

D409m5.txt,0, | 146 265 269 | 146 178 266 | ,Score: 0

D410mR.txt,0, | 340 343 377 | 126 196 199 | ,Score: 0

D413m2.txt,0, | 163 249 251 | 132 194 197 | ,Score: 0

D414m2.txt,0, | 194 242 244 | 167 172 190 | ,Score: 0

D421m7.txt,0, | 196 242 248 | 201 233 235 | ,Score: 0

D428m7.txt,0, | 143 146 177 | 165 191 240 | ,Score: 0

D430mR.txt,0, | 194 241 244 | 178 262 265 | ,Score: 0

D431m9.txt,0, | 193 240 242 | 143 146 177 | ,Score: 0

D438m9.txt,0, | 146 177 179 | 157 164 249 | ,Score: 0

D450m5.txt,0, | 201 237 251 | 193 197 241 | ,Score: 0

D453m0.txt,0, | 158 249 251 | 146 265 271 | ,Score: 0

D459m2.txt,0, | 147 265 268 | 165 190 194 | ,Score: 0

D462m1.txt,0, | 326 329 334 | 163 165 249 | ,Score: 0

D464m0.txt,0, | 157 162 165 | 120 122 208 | ,Score: 0

