M = 150 177 178 
203 205 206 | 274 301 303 | 120 123 208 | 164 165 168 | 126 127 130 | 229 259 261 | 140 217 219 | 273 274 280 | 204 206 235 | 122 123 208 | 145 265 268 | 194 197 241 | 164 165 167 | 206 208 226 | 145 178 179 | 196 248 249 | 178 180 182 | 259 261 262 | 123 134 136 | 126 127 130 | 264 265 267 | 134 135 136 | 299 303 309 | 130 194 219 | 164 165 249 | 164 165 169 | 165 248 249 | 178 181 261 | 178 180 181 | 178 261 265 | 178 261 265 | 126 127 208 | 267 272 274 | 178 261 263 | 145 178 267 | 196 241 244 | 145 267 268 | 301 303 305 | 126 206 208 | 123 134 136 | 299 303 305 | 130 190 194 | 164 165 167 | 267 268 272 | 178 182 261 | 232 259 261 | 177 178 180 | 123 135 136 | 119 120 123 | 157 158 251 | 193 196 197 | 158 250 251 | 268 273 274 | 194 241 244 | 134 193 219 | 130 194 196 | 164 165 249 | 297 302 311 | 121 122 124 | 119 120 122 | 178 261 264 | 180 182 262 | 205 206 235 | 131 194 196 | 178 180 262 | 178 262 267 | 164 165 168 | 178 261 265 | 178 181 182 | 261 264 265 | 241 244 246 | 164 165 249 | 164 165 249 | 158 249 251 | 164 165 249 | 264 267 268 | 205 206 235 | 301 303 305 | 177 180 262 | 178 181 261 | 124 127 208 | 267 273 274 | 119 120 122 | 299 303 305 | 206 235 237 | 265 270 271 | 158 250 251 | 261 262 265 | 119 122 123 | 

M = 330 401 403 
329 331 336 | 335 336 339 | 324 326 331 | 344 345 346 | 320 325 327 | 324 325 401 | 357 358 359 | 288 293 313 | 359 360 362 | 439 440 441 | 336 337 403 | 342 343 377 | 364 366 385 | 387 407 412 | 288 316 318 | 388 410 411 | 290 317 318 | 290 293 297 | 287 321 324 | 336 408 409 | 283 286 290 | 312 316 319 | 341 377 379 | 284 286 288 | 341 342 379 | 336 408 409 | 329 335 336 | 359 360 362 | 318 319 322 | 293 296 318 | 341 344 377 | 336 339 403 | 286 290 443 | 341 377 379 | 361 363 444 | 378 379 419 | 434 440 443 | 438 440 441 | 354 357 359 | 336 339 403 | 336 407 408 | 

FREQUENCIES
178: 17
261: 13
165: 11
164: 10
336: 9
265: 8
267: 8
249: 8
123: 7
206: 7
262: 6
194: 6
303: 6
180: 6
208: 6
130: 5
268: 5
196: 5
274: 5
122: 5
127: 4
136: 4
403: 4
341: 4
120: 4
126: 4
264: 4
379: 4
377: 4
318: 4
134: 4
119: 4
305: 4
241: 4
290: 4
251: 4
182: 4
181: 4
158: 4
235: 4
145: 4
359: 4
219: 3
288: 3
408: 3
299: 3
293: 3
273: 3
301: 3
440: 3
244: 3
339: 3
259: 3
177: 3
286: 3
324: 3
205: 3
135: 2
344: 2
342: 2
297: 2
319: 2
197: 2
316: 2
193: 2
272: 2
362: 2
360: 2
443: 2
441: 2
248: 2
335: 2
331: 2
250: 2
407: 2
401: 2
168: 2
167: 2
409: 2
325: 2
329: 2
357: 2
124: 2
217: 1
131: 1
346: 1
343: 1
280: 1
283: 1
284: 1
287: 1
363: 1
378: 1
410: 1
411: 1
412: 1
296: 1
313: 1
317: 1
270: 1
271: 1
366: 1
364: 1
302: 1
361: 1
309: 1
444: 1
246: 1
385: 1
387: 1
388: 1
419: 1
438: 1
439: 1
434: 1
337: 1
330: 1
179: 1
345: 1
312: 1
311: 1
190: 1
169: 1
229: 1
226: 1
150: 1
157: 1
237: 1
232: 1
322: 1
320: 1
321: 1
326: 1
327: 1
203: 1
204: 1
140: 1
263: 1
121: 1
354: 1
358: 1
