D102m2.txt,0, | 201 208 226 | 278 299 303 | ,Score: 0

D106m3.txt,0, | 150 177 178 | 406 412 415 | ,Score: 0

D107m0.txt,0, | 296 311 318 | 123 127 208 | ,Score: 0

D110m2.txt,0, | 165 168 191 | 123 126 127 | ,Score: 0

D202m2.txt,0, | 401 403 419 | 124 126 207 | ,Score: 0

D203m5.txt,0, | 345 347 370 | 165 190 194 | ,Score: 0

D204m0.txt,0, | 274 277 302 | 196 199 249 | ,Score: 0

D206mR.txt,0, | 291 292 320 | 124 128 135 | ,Score: 0

D210m8.txt,0, | 317 321 324 | 177 262 267 | ,Score: 0

D214m3.txt,0, | 194 197 241 | 165 190 194 | ,Score: 0

D215m7.txt,0, | 201 208 226 | 178 182 261 | ,Score: 0

D216m1.txt,0, | 157 235 250 | 357 359 360 | ,Score: 0

D217m3.txt,0, | 291 313 318 | 279 291 296 | ,Score: 0

D218m7.txt,0, | 229 259 262 | 124 127 135 | ,Score: 0

D221m4.txt,0, | 130 134 219 | 229 259 261 | ,Score: 0

D222m6.txt,0, | 229 259 261 | 278 299 306 | ,Score: 0

D228m5.txt,0, | 163 165 167 | 157 163 250 | ,Score: 0

D229m1.txt,0, | 169 194 219 | 157 164 249 | ,Score: 0

D231m7.txt,0, | 366 391 412 | 179 261 263 | ,Score: 0

D239m5.txt,0, | 179 261 265 | 284 355 356 | ,Score: 0

D301m9.txt,0, | 435 440 443 | 120 123 124 | ,Score: 0

D302m1.txt,0, | 341 342 345 | 179 261 265 | ,Score: 0

D304m4.txt,0, | 169 194 219 | 175 183 261 | ,Score: 0

D305m1.txt,0, | 281 284 290 | 366 391 412 | ,Score: 0

D306m2.txt,0, | 182 229 262 | 134 138 140 | ,Score: 0

D307m2.txt,0, | 387 407 411 | 177 262 267 | ,Score: 0

D308m5.txt,0, | 299 303 307 | 126 130 197 | ,Score: 0

D310m9.txt,0, | 347 351 368 | 123 134 139 | ,Score: 0

D311m8.txt,0, | 341 343 378 | 278 281 294 | ,Score: 0

D312m9.txt,0, | 127 130 197 | 157 165 249 | ,Score: 0

D313m5.txt,0, | 161 164 167 | 388 411 415 | ,Score: 0

D314m8.txt,0, | 150 178 267 | 290 296 317 | ,Score: 0

D315m6.txt,0, | 233 258 259 | 232 258 261 | ,Score: 0

D317m4.txt,0, | 177 182 262 | 287 293 321 | ,Score: 0

D318m3.txt,0, | 336 340 403 | 124 127 135 | ,Score: 0

D319m6.txt,0, | 393 440 441 | 179 182 262 | ,Score: 0

D320m3.txt,0, | 157 235 251 | 193 197 241 | ,Score: 0

D321m1.txt,0, | 157 235 250 | 312 317 319 | ,Score: 0

D322m0.txt,0, | 171 190 218 | 292 298 311 | ,Score: 0

D323m1.txt,0, | 194 196 244 | 134 193 219 | ,Score: 0

D324m6.txt,0, | 127 130 196 | 157 164 249 | ,Score: 0

D325m0.txt,0, | 292 299 311 | 126 132 197 | ,Score: 0

D326m0.txt,0, | 178 261 264 | 124 127 199 | ,Score: 0

D327m7.txt,0, | 125 132 197 | 336 403 405 | ,Score: 0

D328m3.txt,0, | 337 339 408 | 388 408 411 | ,Score: 0

D330m1.txt,0, | 336 339 403 | 139 141 220 | ,Score: 0

D331m0.txt,0, | 359 360 362 | 126 131 196 | ,Score: 0

D332m4.txt,0, | 296 300 307 | 177 182 261 | ,Score: 0

D333m4.txt,0, | 124 132 138 | 333 335 403 | ,Score: 0

D403m6.txt,0, | 165 168 191 | 339 403 407 | ,Score: 0

D407m5.txt,0, | 331 336 403 | 178 181 261 | ,Score: 0

D408m8.txt,0, | 177 182 262 | 434 440 443 | ,Score: 0

D409m5.txt,0, | 396 403 419 | 178 265 267 | ,Score: 0

D410mR.txt,0, | 130 241 246 | 191 193 241 | ,Score: 0

D413m2.txt,0, | 164 165 249 | 201 235 251 | ,Score: 0

D414m2.txt,0, | 140 212 220 | 178 262 267 | ,Score: 0

D421m7.txt,0, | 201 205 208 | 299 305 311 | ,Score: 0

D428m7.txt,0, | 441 442 444 | 177 182 262 | ,Score: 0

D430mR.txt,0, | 178 261 264 | 342 344 378 | ,Score: 0

D431m9.txt,0, | 135 140 212 | 228 259 262 | ,Score: 0

D438m9.txt,0, | 178 182 262 | 293 297 300 | ,Score: 0

D450m5.txt,0, | 299 305 308 | 201 237 253 | ,Score: 0

D453m0.txt,0, | 265 270 271 | 438 441 442 | ,Score: 0

D459m2.txt,0, | 354 356 359 | 165 190 194 | ,Score: 0

D462m1.txt,0, | 318 322 325 | 333 337 403 | ,Score: 0

D464m0.txt,0, | 122 141 143 | 228 259 262 | ,Score: 0

