M = 177 182 226 
203 205 206 | 274 301 303 | 120 123 208 | 164 165 168 | 126 127 130 | 229 259 261 | 140 217 219 | 145 265 268 | 164 165 167 | 194 197 241 | 145 177 179 | 205 206 235 | 196 248 249 | 261 262 265 | 259 261 262 | 123 134 136 | 126 127 130 | 134 135 136 | 299 303 309 | 130 194 219 | 164 165 249 | 165 248 249 | 165 240 248 | 179 261 262 | 179 261 265 | 164 165 167 | 267 272 274 | 126 127 208 | 264 267 268 | 196 241 244 | 126 206 208 | 267 268 274 | 123 134 136 | 299 303 305 | 194 240 244 | 164 165 167 | 267 268 272 | 182 229 261 | 267 268 273 | 201 205 206 | 177 182 261 | 119 120 123 | 157 158 251 | 193 196 197 | 204 206 237 | 268 273 274 | 123 134 136 | 194 241 244 | 130 194 196 | 164 165 249 | 121 122 124 | 119 120 122 | 123 125 127 | 265 267 268 | 205 206 235 | 131 194 196 | 248 250 251 | 177 182 262 | 122 135 141 | 164 165 168 | 261 262 265 | 261 262 265 | 261 264 265 | 164 165 249 | 194 241 244 | 164 165 249 | 248 249 251 | 264 267 268 | 232 258 261 | 127 130 197 | 177 262 263 | 119 120 122 | 206 235 237 | 299 303 305 | 265 270 271 | 182 184 261 | 158 250 251 | 261 262 265 | 119 122 123 | 

M = 396 401 403 
388 391 412 | 290 293 296 | 337 339 341 | 324 326 331 | 344 345 346 | 333 390 434 | 281 290 293 | 333 392 434 | 368 387 388 | 400 403 419 | 357 358 359 | 283 284 288 | 279 282 297 | 315 318 320 | 331 400 403 | 356 358 359 | 435 437 439 | 281 290 293 | 362 364 366 | 343 345 346 | 330 336 403 | 345 346 370 | 326 329 334 | 336 339 403 | 400 401 419 | 312 316 319 | 341 377 379 | 325 329 401 | 310 312 316 | 341 342 379 | 336 408 409 | 336 339 403 | 319 322 326 | 330 335 403 | 341 344 377 | 336 339 403 | 341 377 379 | 363 368 387 | 293 296 318 | 354 362 444 | 421 424 426 | 357 358 359 | 335 336 339 | 342 344 375 | 

FREQUENCIES
261: 13
165: 11
265: 9
164: 9
403: 8
262: 8
268: 8
123: 7
267: 7
194: 7
249: 7
206: 7
336: 6
130: 5
341: 5
127: 5
196: 5
248: 5
339: 5
177: 5
182: 5
122: 5
136: 4
134: 4
120: 4
126: 4
274: 4
119: 4
303: 4
244: 4
241: 4
293: 4
251: 4
205: 4
264: 3
344: 3
346: 3
401: 3
400: 3
379: 3
299: 3
290: 3
197: 3
377: 3
179: 3
345: 3
167: 3
235: 3
326: 3
208: 3
359: 3
358: 3
219: 2
135: 2
281: 2
296: 2
419: 2
319: 2
318: 2
316: 2
368: 2
362: 2
305: 2
240: 2
387: 2
388: 2
434: 2
335: 2
331: 2
330: 2
333: 2
259: 2
250: 2
312: 2
342: 2
168: 2
229: 2
272: 2
273: 2
158: 2
237: 2
329: 2
145: 2
357: 2
217: 1
131: 1
288: 1
283: 1
282: 1
284: 1
409: 1
408: 1
125: 1
424: 1
412: 1
297: 1
375: 1
315: 1
270: 1
392: 1
391: 1
390: 1
396: 1
279: 1
141: 1
226: 1
366: 1
364: 1
363: 1
426: 1
309: 1
301: 1
444: 1
439: 1
437: 1
435: 1
334: 1
337: 1
258: 1
184: 1
310: 1
370: 1
343: 1
193: 1
271: 1
157: 1
232: 1
322: 1
320: 1
324: 1
325: 1
201: 1
203: 1
204: 1
140: 1
263: 1
121: 1
356: 1
354: 1
421: 1
124: 1
