D102m2.txt,0, | 125 206 208 | 294 298 311 | ,Score: 0

D106m3.txt,0, | 388 391 412 | 290 293 297 | ,Score: 0

D107m0.txt,0, | 336 339 403 | 123 127 208 | ,Score: 0

D110m2.txt,0, | 165 168 191 | 123 126 127 | ,Score: 0

D202m2.txt,0, | 401 403 419 | 124 126 207 | ,Score: 0

D203m5.txt,0, | 345 347 370 | 165 190 194 | ,Score: 0

D204m0.txt,0, | 333 390 407 | 281 293 297 | ,Score: 0

D206mR.txt,0, | 388 393 434 | 351 361 366 | ,Score: 0

D210m8.txt,0, | 288 317 324 | 177 262 267 | ,Score: 0

D214m3.txt,0, | 165 190 194 | 194 197 241 | ,Score: 0

D215m7.txt,0, | 124 208 226 | 235 249 251 | ,Score: 0

D216m1.txt,0, | 157 164 167 | 157 235 250 | ,Score: 0

D217m3.txt,0, | 282 288 313 | 201 205 228 | ,Score: 0

D218m7.txt,0, | 229 259 262 | 124 127 135 | ,Score: 0

D221m4.txt,0, | 396 400 419 | 130 190 219 | ,Score: 0

D222m6.txt,0, | 229 259 261 | 275 301 306 | ,Score: 0

D228m5.txt,0, | 163 165 167 | 157 163 251 | ,Score: 0

D229m1.txt,0, | 157 164 249 | 165 191 240 | ,Score: 0

D231m7.txt,0, | 152 259 260 | 148 179 262 | ,Score: 0

D239m5.txt,0, | 179 261 265 | 401 403 419 | ,Score: 0

D301m9.txt,0, | 354 356 359 | 390 435 437 | ,Score: 0

D302m1.txt,0, | 164 165 167 | ,Score: 0

D304m4.txt,0, | 274 278 303 | 183 259 261 | ,Score: 0

D305m1.txt,0, | 281 290 293 | 362 364 366 | ,Score: 0

D306m2.txt,0, | 182 228 262 | 135 139 212 | ,Score: 0

D307m2.txt,0, | ,Score: 0

D308m5.txt,0, | 126 130 197 | 297 302 307 | ,Score: 0

D310m9.txt,0, | 366 369 387 | 123 134 139 | ,Score: 0

D311m8.txt,0, | 330 336 403 | 281 290 296 | ,Score: 0

D312m9.txt,0, | 193 197 240 | 165 190 240 | ,Score: 0

D313m5.txt,0, | 119 122 124 | 408 411 415 | ,Score: 0

D314m8.txt,0, | 401 403 419 | 150 172 175 | ,Score: 0

D315m6.txt,0, | 267 271 274 | 201 203 233 | ,Score: 0

D317m4.txt,0, | 123 126 208 | 336 403 406 | ,Score: 0

D318m3.txt,0, | ,Score: 0

D319m6.txt,0, | 335 339 403 | 140 143 215 | ,Score: 0

D320m3.txt,0, | 201 237 251 | 130 197 241 | ,Score: 0

D321m1.txt,0, | 156 233 235 | 201 204 237 | ,Score: 0

D322m0.txt,0, | 278 280 298 | 330 401 403 | ,Score: 0

D323m1.txt,0, | 123 127 134 | 193 196 241 | ,Score: 0

D324m6.txt,0, | 127 130 196 | 157 164 249 | ,Score: 0

D325m0.txt,0, | 341 375 378 | 132 194 197 | ,Score: 0

D326m0.txt,0, | 336 405 408 | 125 199 210 | ,Score: 0

D327m7.txt,0, | 125 132 197 | 336 403 405 | ,Score: 0

D328m3.txt,0, | 139 140 218 | 337 403 407 | ,Score: 0

D330m1.txt,0, | 337 403 407 | 124 128 135 | ,Score: 0

D331m0.txt,0, | 123 131 136 | 159 162 251 | ,Score: 0

D332m4.txt,0, | 337 340 403 | 183 230 261 | ,Score: 0

D333m4.txt,0, | 124 132 138 | 333 336 403 | ,Score: 0

D403m6.txt,0, | 169 191 220 | 339 408 415 | ,Score: 0

D407m5.txt,0, | 229 259 262 | 335 339 403 | ,Score: 0

D408m8.txt,0, | 175 262 267 | 175 177 261 | ,Score: 0

D409m5.txt,0, | 396 403 419 | 137 140 142 | ,Score: 0

D410mR.txt,0, | 157 164 249 | 193 197 241 | ,Score: 0

D413m2.txt,0, | 158 163 251 | 235 249 252 | ,Score: 0

D414m2.txt,0, | 336 339 403 | 177 262 267 | ,Score: 0

D421m7.txt,0, | 203 232 235 | 123 127 208 | ,Score: 0

D428m7.txt,0, | 327 396 402 | 177 260 262 | ,Score: 0

D430mR.txt,0, | 293 296 318 | 354 362 444 | ,Score: 0

D431m9.txt,0, | ,Score: 0

D438m9.txt,0, | 182 228 262 | 177 182 262 | ,Score: 0

D450m5.txt,0, | 201 233 253 | 299 303 308 | ,Score: 0

D453m0.txt,0, | 265 270 271 | 182 184 261 | ,Score: 0

D459m2.txt,0, | 354 357 358 | 165 194 240 | ,Score: 0

D462m1.txt,0, | 122 123 135 | 335 337 403 | ,Score: 0

D464m0.txt,0, | 122 141 143 | 347 349 369 | ,Score: 0

