M = 396 401 403 
274 301 303 | 388 391 412 | 290 293 296 | 335 336 339 | 324 326 331 | 344 345 346 | 333 390 434 | 281 290 293 | 333 392 434 | 368 387 388 | 400 403 419 | 357 358 359 | 283 284 288 | 282 283 286 | 299 303 309 | 315 318 320 | 331 400 403 | 356 358 359 | 435 437 439 | 281 290 293 | 362 364 366 | 343 345 346 | 299 303 305 | 345 346 370 | 281 283 284 | 336 339 403 | 400 401 419 | 312 316 319 | 329 330 401 | 273 274 278 | 299 305 311 | 310 312 316 | 335 403 405 | 336 408 409 | 336 339 403 | 319 322 326 | 336 339 403 | 336 339 403 | 281 283 284 | 401 403 419 | 363 368 387 | 293 296 318 | 354 362 444 | 421 424 426 | 299 303 305 | 357 358 359 | 335 336 339 | 342 344 375 | 

M = 120 123 208 
203 205 206 | 164 165 168 | 126 127 130 | 229 259 261 | 140 217 219 | 135 136 141 | 164 165 167 | 194 197 241 | 177 179 182 | 205 206 235 | 196 248 249 | 119 120 121 | 259 261 262 | 123 134 136 | 126 127 130 | 134 135 136 | 130 194 219 | 164 165 249 | 248 249 251 | 165 248 249 | 179 261 262 | 119 120 121 | 164 165 167 | 267 272 274 | 126 127 208 | 262 264 267 | 135 136 212 | 126 206 208 | 267 272 274 | 123 134 136 | 119 120 122 | 164 165 167 | 130 194 197 | 119 122 123 | 119 120 123 | 127 196 197 | 232 259 261 | 177 182 261 | 119 120 123 | 157 158 251 | 193 196 197 | 204 206 237 | 123 134 136 | 194 241 244 | 130 194 196 | 164 165 249 | 132 194 196 | 119 120 122 | 123 125 127 | 136 139 140 | 205 206 235 | 131 194 196 | 248 250 251 | 177 182 262 | 262 263 267 | 122 123 135 | 164 165 168 | 229 259 261 | 177 182 226 | 182 183 261 | 164 165 249 | 193 197 241 | 164 165 167 | 165 248 249 | 177 261 264 | 232 258 261 | 127 130 197 | 177 262 263 | 119 120 122 | 206 235 237 | 270 271 272 | 182 184 261 | 158 250 251 | 182 261 262 | 119 122 123 | 

FREQUENCIES
261: 11
165: 11
123: 10
403: 9
119: 9
164: 9
120: 8
136: 7
194: 7
249: 7
336: 7
182: 7
262: 7
130: 6
127: 6
197: 6
196: 6
206: 6
339: 6
177: 6
122: 6
248: 5
135: 4
134: 4
401: 4
281: 4
283: 4
267: 4
126: 4
299: 4
274: 4
303: 4
293: 4
259: 4
251: 4
167: 4
346: 3
400: 3
284: 3
419: 3
290: 3
305: 3
241: 3
335: 3
345: 3
272: 3
235: 3
205: 3
208: 3
359: 3
358: 3
264: 2
219: 2
344: 2
121: 2
296: 2
319: 2
318: 2
316: 2
368: 2
362: 2
387: 2
388: 2
434: 2
331: 2
333: 2
179: 2
250: 2
312: 2
168: 2
193: 2
229: 2
158: 2
237: 2
232: 2
326: 2
140: 2
263: 2
357: 2
217: 1
212: 1
132: 1
131: 1
139: 1
288: 1
282: 1
409: 1
286: 1
125: 1
424: 1
412: 1
370: 1
375: 1
315: 1
270: 1
392: 1
391: 1
390: 1
396: 1
278: 1
226: 1
366: 1
364: 1
363: 1
426: 1
309: 1
301: 1
444: 1
244: 1
439: 1
437: 1
435: 1
330: 1
258: 1
405: 1
183: 1
184: 1
311: 1
310: 1
342: 1
343: 1
271: 1
273: 1
408: 1
157: 1
322: 1
320: 1
324: 1
329: 1
203: 1
204: 1
141: 1
356: 1
354: 1
421: 1
