123 134 136 
134 135 136 
130 134 193 
134 193 219 
127 130 134 
130 134 219 
130 134 135 
123 127 134 
127 134 135 
123 134 135 
229 261 262 
182 229 262 
229 259 262 
178 229 262 
261 262 263 
182 261 262 
259 261 262 
178 261 262 
147 262 263 
147 178 262 
259 262 263 
178 262 263 
178 182 262 
182 229 261 
229 259 261 
178 229 261 
229 232 261 
178 182 229 
229 232 259 
242 243 245 
194 243 245 
194 242 243 
164 165 168 
164 165 167 
164 167 168 
161 164 167 
146 147 268 
146 147 178 
145 146 147 
146 147 150 
145 146 268 
146 150 268 
145 146 178 
146 150 178 
145 146 150 
135 136 141 
123 135 136 
130 193 219 
130 193 197 
130 193 196 
130 190 193 
130 193 194 
193 218 219 
190 193 218 
190 193 219 
193 194 219 
193 196 242 
193 194 242 
193 196 197 
193 194 197 
193 194 196 
190 193 194 
259 261 263 
178 261 263 
178 182 261 
232 259 261 
119 123 124 
119 122 123 
119 122 124 
126 127 130 
127 130 197 
127 130 135 
127 130 196 
130 190 219 
130 194 219 
126 130 197 
126 130 196 
130 196 197 
130 194 197 
130 194 196 
130 190 194 
123 126 127 
126 127 197 
126 127 208 
126 127 196 
124 126 127 
123 127 135 
123 127 208 
123 124 127 
127 196 197 
124 127 135 
124 127 208 
217 218 219 
190 217 218 
190 218 219 
190 217 219 
190 194 219 
196 242 245 
242 245 248 
194 242 245 
196 245 248 
194 196 245 
147 178 263 
145 147 268 
147 150 268 
145 147 178 
147 150 178 
145 147 150 
165 168 190 
165 167 168 
165 167 190 
165 190 194 
126 206 208 
196 242 248 
194 196 242 
123 126 208 
123 124 126 
126 196 197 
124 126 208 
122 135 141 
167 168 190 
168 172 190 
167 168 172 
123 124 135 
122 123 135 
123 124 208 
122 123 208 
123 208 224 
122 123 124 
123 124 224 
122 123 224 
196 197 248 
194 196 197 
122 124 135 
145 150 268 
150 268 272 
145 150 178 
122 124 208 
124 208 224 
122 208 224 
122 124 224 
400 401 419 
167 172 190 
