123 124 127 
123 127 134 
127 130 134 
127 196 197 
127 130 197 
127 130 196 
201 206 228 
122 123 124 
243 244 245 
196 244 245 
242 244 245 
242 243 245 
196 245 248 
242 245 248 
196 242 245 
197 248 250 
248 250 251 
158 250 251 
242 243 244 
196 242 244 
123 134 136 
134 136 139 
123 136 139 
136 139 141 
279 283 284 
283 284 286 
282 283 284 
281 283 284 
279 282 284 
279 281 284 
284 286 356 
282 284 286 
281 284 286 
281 282 284 
123 134 139 
130 134 193 
279 282 283 
279 281 283 
282 283 286 
281 283 286 
281 282 283 
196 197 248 
130 196 197 
193 196 197 
130 193 197 
196 242 248 
139 141 142 
130 193 196 
130 191 196 
193 196 242 
191 196 242 
191 193 196 
230 258 259 
258 259 261 
257 258 259 
232 258 259 
230 258 261 
230 232 258 
232 258 261 
232 257 258 
279 281 282 
130 190 193 
130 191 193 
130 190 191 
356 358 359 
282 286 293 
281 286 293 
281 282 286 
191 193 242 
182 230 261 
182 228 230 
182 229 230 
182 228 261 
182 229 261 
182 228 229 
190 191 193 
146 264 266 
146 264 265 
146 264 267 
264 265 266 
264 266 267 
261 264 265 
264 265 267 
301 305 307 
358 359 454 
164 165 169 
419 421 424 
421 422 424 
419 422 424 
165 169 190 
165 190 191 
165 169 191 
142 145 146 
146 265 266 
146 266 267 
145 146 265 
145 146 267 
146 265 267 
265 266 267 
169 190 191 
230 259 261 
228 230 259 
229 230 259 
230 232 259 
228 259 261 
229 259 261 
232 259 261 
232 257 259 
228 229 259 
228 232 259 
229 232 259 
396 400 419 
327 396 400 
228 230 261 
229 230 261 
230 232 261 
228 229 230 
228 230 232 
229 230 232 
145 265 267 
281 282 293 
379 419 421 
419 421 422 
379 421 422 
379 419 422 
228 229 261 
228 232 261 
229 232 261 
228 229 232 
319 323 326 
323 326 327 
