300 301 303 
278 300 303 
299 300 303 
300 302 303 
300 303 306 
274 301 303 
278 301 303 
299 301 303 
301 302 303 
275 301 303 
301 303 306 
274 278 303 
274 302 303 
274 275 303 
278 299 303 
278 302 303 
275 278 303 
278 303 306 
299 302 303 
299 303 309 
299 303 306 
275 302 303 
302 303 309 
302 303 306 
275 303 306 
303 306 309 
268 274 275 
268 273 274 
267 268 274 
265 267 268 
268 273 275 
267 268 273 
278 300 301 
299 300 301 
300 301 302 
300 301 306 
293 299 300 
278 299 300 
278 300 302 
278 300 306 
299 300 302 
299 300 311 
299 300 306 
300 302 311 
300 302 306 
300 306 311 
274 278 301 
274 301 302 
274 275 301 
278 299 301 
278 301 302 
275 278 301 
278 301 306 
299 301 302 
299 301 306 
275 301 302 
301 302 306 
275 301 306 
274 278 302 
274 275 278 
273 274 278 
274 275 302 
273 274 275 
267 273 274 
436 441 442 
436 440 441 
436 438 441 
434 436 441 
436 440 442 
436 438 442 
434 436 442 
436 438 440 
434 436 440 
434 436 438 
290 293 318 
293 315 318 
293 299 315 
318 319 325 
311 315 318 
315 318 319 
278 299 302 
278 299 306 
275 278 302 
278 302 306 
273 275 278 
275 278 306 
299 302 309 
299 302 311 
299 302 306 
299 309 311 
299 306 309 
299 309 315 
299 306 311 
299 311 315 
134 135 136 
275 302 306 
302 309 311 
302 306 309 
302 306 311 
440 441 442 
438 441 442 
434 441 442 
438 440 441 
434 440 441 
434 438 441 
196 244 245 
243 244 245 
242 244 245 
196 242 244 
242 243 244 
232 259 261 
258 259 261 
229 259 261 
228 259 261 
230 259 261 
232 258 259 
229 232 259 
228 232 259 
230 232 259 
230 258 259 
228 229 259 
229 230 259 
228 230 259 
127 134 135 
196 245 248 
196 242 245 
242 243 245 
242 245 248 
438 440 442 
434 440 442 
434 438 442 
434 438 440 
196 242 248 
126 127 196 
339 407 408 
336 339 408 
336 339 407 
339 403 407 
336 339 403 
306 309 311 
309 311 315 
336 407 408 
407 408 410 
232 258 261 
229 232 261 
228 232 261 
230 232 261 
182 229 261 
182 228 261 
182 230 261 
181 182 261 
230 258 261 
228 229 261 
229 230 261 
181 229 261 
228 230 261 
181 228 261 
230 232 258 
228 229 232 
229 230 232 
228 230 232 
341 377 379 
336 403 407 
182 228 229 
182 229 230 
181 182 229 
182 228 230 
181 182 228 
228 229 230 
181 228 229 
204 206 235 
