177 178 180 
177 180 182 
177 180 262 
177 180 183 
178 180 182 
178 180 262 
178 180 183 
180 182 262 
180 182 183 
180 183 262 
293 297 300 
293 299 300 
293 296 300 
292 293 297 
292 293 299 
290 292 293 
292 293 321 
292 293 318 
292 293 296 
287 292 293 
288 292 293 
281 292 293 
286 292 293 
293 297 299 
290 293 297 
293 296 297 
281 293 297 
293 296 299 
290 293 321 
290 293 318 
290 293 296 
287 290 293 
288 290 293 
281 290 293 
286 290 293 
293 318 321 
287 293 321 
288 293 321 
293 296 318 
287 293 318 
288 293 318 
281 293 296 
287 288 293 
281 287 293 
286 287 293 
286 288 293 
281 286 293 
177 178 182 
146 177 178 
145 177 178 
177 178 262 
177 178 183 
177 178 261 
177 182 262 
177 182 183 
177 182 261 
145 146 177 
177 183 262 
177 261 262 
177 183 261 
439 440 441 
438 439 440 
437 439 440 
438 439 441 
437 439 441 
437 438 439 
438 440 441 
440 441 443 
437 440 441 
437 438 440 
437 438 441 
441 443 444 
178 182 262 
178 182 183 
178 182 261 
145 146 178 
146 178 266 
178 183 262 
178 261 262 
178 262 266 
178 183 261 
321 322 326 
322 324 326 
321 324 326 
326 331 334 
324 326 331 
182 183 262 
182 261 262 
182 183 261 
297 299 300 
296 297 300 
297 300 307 
296 299 300 
299 300 307 
299 300 303 
296 300 307 
300 303 307 
292 321 322 
292 318 322 
288 292 322 
292 297 299 
290 292 297 
292 296 297 
281 292 297 
292 296 299 
290 292 321 
290 292 318 
290 292 296 
287 290 292 
288 290 292 
281 290 292 
286 290 292 
292 318 321 
287 292 321 
288 292 321 
292 296 318 
287 292 318 
288 292 318 
281 292 296 
287 288 292 
281 287 292 
286 287 292 
286 288 292 
281 286 292 
318 321 322 
321 322 324 
288 321 322 
318 322 324 
288 318 322 
288 322 324 
145 146 268 
142 145 146 
146 266 268 
146 266 269 
146 268 269 
296 297 299 
297 299 307 
290 296 297 
281 290 297 
296 297 307 
281 296 297 
296 299 307 
299 303 307 
122 123 208 
122 208 210 
122 124 208 
123 208 210 
123 126 208 
123 124 208 
123 127 208 
126 208 210 
124 208 210 
127 208 210 
124 126 208 
126 127 208 
124 127 208 
287 290 443 
288 290 443 
290 443 444 
286 290 443 
287 288 443 
287 443 444 
286 287 443 
288 443 444 
286 288 443 
286 443 444 
122 123 137 
122 123 210 
122 123 124 
122 124 210 
290 318 321 
287 290 321 
288 290 321 
290 296 318 
287 290 318 
288 290 318 
281 290 296 
287 288 290 
287 290 444 
281 287 290 
286 287 290 
288 290 444 
286 288 290 
286 290 444 
281 286 290 
318 321 324 
287 318 321 
288 318 321 
287 321 324 
288 321 324 
287 288 321 
183 261 262 
183 259 262 
259 261 262 
331 334 336 
334 336 407 
336 339 403 
336 339 407 
336 339 406 
331 336 403 
336 403 407 
336 403 406 
336 406 407 
183 259 261 
287 318 324 
288 318 324 
287 288 318 
123 136 137 
134 136 137 
136 137 139 
136 137 140 
123 134 137 
123 137 139 
137 139 142 
137 140 142 
134 137 139 
134 137 140 
137 139 140 
334 390 407 
242 243 244 
324 400 401 
324 331 400 
324 331 401 
287 288 324 
266 268 269 
123 134 136 
123 136 139 
134 136 139 
134 136 140 
136 139 140 
123 126 210 
123 124 210 
123 127 210 
123 134 139 
123 127 134 
123 124 126 
123 126 127 
123 124 127 
124 126 210 
126 127 210 
124 127 210 
400 401 403 
331 400 401 
400 401 428 
331 400 403 
139 217 219 
140 217 219 
190 217 219 
134 139 219 
134 140 219 
139 140 219 
139 140 217 
356 428 444 
286 356 444 
286 356 428 
162 164 165 
164 165 249 
331 401 403 
339 403 407 
339 403 406 
339 406 407 
403 406 407 
287 288 444 
286 287 288 
287 428 444 
286 287 444 
281 286 287 
286 287 428 
139 140 142 
134 139 140 
346 347 370 
346 350 370 
346 347 350 
286 288 444 
286 428 444 
124 126 127 
347 350 370 
