162 164 165 
164 165 167 
164 165 249 
163 164 165 
157 164 165 
162 164 167 
162 163 164 
157 162 164 
163 164 167 
157 164 167 
163 164 249 
157 164 249 
157 163 164 
162 165 167 
162 163 165 
157 162 165 
165 191 194 
165 191 240 
163 165 167 
157 165 167 
165 194 240 
165 240 249 
163 165 249 
157 165 249 
157 163 165 
162 163 167 
157 162 167 
162 163 251 
158 162 251 
157 162 251 
158 162 163 
157 162 163 
157 158 162 
177 180 262 
180 182 262 
178 180 262 
177 180 182 
177 178 180 
178 180 182 
143 145 146 
142 143 146 
143 146 177 
142 145 146 
145 146 177 
145 146 178 
146 177 178 
191 194 242 
191 193 242 
191 240 242 
193 194 242 
194 240 242 
193 240 242 
191 193 218 
191 214 218 
191 193 194 
191 194 240 
133 191 194 
191 193 240 
133 191 193 
191 193 214 
133 191 214 
177 262 263 
261 262 263 
178 262 263 
259 262 263 
260 262 263 
229 261 262 
182 229 262 
178 229 262 
228 229 262 
229 259 262 
229 260 262 
177 261 262 
177 182 262 
177 178 262 
177 260 262 
182 261 262 
178 261 262 
228 261 262 
259 261 262 
260 261 262 
178 182 262 
182 228 262 
182 260 262 
178 260 262 
228 259 262 
228 260 262 
259 260 262 
281 286 293 
281 291 293 
281 290 293 
281 286 291 
281 286 290 
281 290 291 
177 261 263 
177 178 263 
177 260 263 
178 261 263 
259 261 263 
260 261 263 
178 260 263 
259 260 263 
438 440 442 
436 438 440 
438 440 441 
433 438 440 
436 440 442 
440 441 442 
440 442 443 
433 440 442 
436 440 441 
433 436 440 
440 441 443 
433 440 441 
433 440 443 
142 143 145 
143 145 177 
143 145 224 
139 142 143 
140 142 143 
142 143 214 
143 177 224 
143 210 224 
139 140 143 
139 143 214 
140 143 214 
436 438 442 
438 441 442 
433 438 442 
436 438 441 
433 436 438 
433 438 441 
157 163 167 
193 214 218 
139 140 218 
139 214 218 
140 214 218 
182 229 261 
178 229 261 
228 229 261 
229 259 261 
229 232 261 
229 260 261 
178 182 229 
182 228 229 
182 229 260 
178 229 260 
228 229 259 
228 229 232 
228 229 260 
229 232 259 
229 259 260 
229 232 260 
368 369 371 
350 368 369 
350 368 371 
349 369 371 
349 350 369 
350 369 371 
323 326 327 
323 324 326 
323 324 327 
288 323 324 
288 316 323 
193 194 240 
133 193 194 
145 177 178 
145 177 224 
139 140 142 
139 142 214 
140 142 214 
363 442 444 
363 442 443 
363 433 442 
363 443 444 
363 433 444 
363 433 443 
327 400 401 
324 400 401 
400 401 403 
399 400 401 
400 401 402 
396 400 401 
400 401 418 
324 327 400 
327 400 402 
327 396 400 
324 399 400 
324 396 400 
400 402 403 
396 400 403 
400 403 418 
399 400 402 
396 399 400 
399 400 418 
396 400 402 
400 402 418 
396 400 418 
324 326 327 
177 182 261 
177 178 261 
177 260 261 
177 178 182 
177 182 260 
177 178 260 
119 120 210 
324 327 401 
327 401 402 
327 396 401 
324 399 401 
324 396 401 
401 402 403 
396 401 403 
401 403 418 
399 401 402 
396 399 401 
399 401 418 
396 401 402 
401 402 418 
396 401 418 
324 327 396 
327 396 402 
349 452 454 
349 350 452 
349 350 454 
349 350 371 
133 134 193 
134 193 214 
133 193 214 
133 134 136 
134 136 139 
134 136 140 
134 136 214 
133 136 139 
133 136 140 
133 136 214 
136 139 140 
136 139 214 
136 140 214 
240 249 250 
178 182 261 
182 228 261 
182 260 261 
178 260 261 
228 259 261 
228 232 261 
228 260 261 
232 259 261 
259 260 261 
232 260 261 
350 452 454 
336 339 403 
288 324 399 
324 396 399 
288 324 396 
163 249 251 
158 249 251 
249 250 251 
157 249 251 
158 163 251 
163 250 251 
157 163 251 
158 250 251 
157 158 251 
157 250 251 
158 163 249 
163 249 250 
157 163 249 
158 249 250 
157 158 249 
157 249 250 
286 288 293 
286 291 293 
286 290 293 
288 291 293 
288 290 293 
290 291 293 
441 442 444 
442 443 444 
290 442 444 
433 442 444 
436 441 442 
433 436 442 
441 442 443 
433 441 442 
290 442 443 
433 442 443 
441 443 444 
433 441 444 
286 288 444 
286 443 444 
286 290 444 
286 396 444 
288 443 444 
288 290 444 
288 396 444 
290 443 444 
396 443 444 
433 443 444 
396 433 444 
158 163 250 
157 158 163 
157 163 250 
396 402 403 
402 403 418 
396 403 418 
133 134 139 
133 134 140 
133 134 214 
134 139 140 
134 139 214 
134 140 214 
288 291 316 
178 182 260 
182 228 260 
433 436 441 
433 441 443 
157 158 250 
286 288 399 
286 396 399 
396 399 402 
399 402 418 
288 396 399 
396 399 418 
286 288 291 
286 288 443 
286 288 290 
286 288 396 
286 291 443 
286 290 291 
286 290 443 
286 396 443 
396 402 418 
288 291 443 
288 290 291 
288 290 443 
288 396 443 
290 291 443 
396 433 443 
228 232 259 
228 259 260 
228 232 260 
205 206 228 
133 139 140 
133 139 214 
133 140 214 
232 259 260 
139 140 214 
