164 165 167 
164 165 249 
157 164 165 
157 164 167 
157 164 249 
119 120 122 
120 122 208 
434 438 440 
436 438 440 
437 438 440 
434 440 443 
434 436 440 
434 437 440 
436 437 440 
147 178 179 
147 177 179 
146 147 179 
147 179 262 
178 179 181 
177 179 181 
179 181 182 
179 181 262 
177 178 179 
146 178 179 
178 179 182 
178 179 262 
146 177 179 
177 179 182 
177 179 262 
179 182 262 
147 177 178 
146 147 178 
147 178 262 
146 147 177 
147 177 262 
146 147 268 
177 178 181 
178 181 182 
178 181 229 
178 181 262 
177 181 182 
177 181 262 
181 182 229 
181 182 262 
181 182 228 
181 229 262 
181 228 229 
181 228 262 
296 297 300 
293 297 300 
297 300 301 
297 299 300 
297 300 311 
290 296 297 
293 296 297 
296 297 301 
296 297 299 
292 296 297 
296 297 311 
279 296 297 
290 293 297 
290 292 297 
293 297 299 
292 293 297 
297 299 301 
279 297 301 
292 297 299 
297 299 311 
279 297 299 
292 297 311 
293 296 300 
296 300 301 
296 299 300 
296 300 311 
293 299 300 
299 300 301 
300 301 306 
299 300 306 
299 300 311 
300 306 311 
362 443 444 
146 177 178 
177 178 182 
177 178 262 
178 182 229 
178 182 262 
178 229 262 
242 243 247 
165 247 249 
165 247 248 
157 165 167 
165 248 249 
157 165 249 
242 247 248 
196 242 247 
196 242 248 
434 436 438 
434 437 438 
436 437 438 
247 248 249 
197 247 249 
196 247 249 
197 247 248 
196 247 248 
196 197 247 
177 182 262 
290 293 296 
290 292 296 
293 296 299 
292 293 296 
296 299 301 
279 296 301 
292 296 299 
296 299 311 
279 296 299 
292 296 311 
286 356 444 
290 443 444 
286 290 443 
434 443 444 
286 443 444 
290 292 293 
286 290 293 
286 290 444 
286 290 292 
283 290 292 
283 286 290 
292 293 299 
286 292 293 
248 249 251 
197 248 249 
196 248 249 
157 158 249 
157 249 251 
158 249 251 
196 197 249 
196 197 248 
157 158 251 
434 436 437 
299 301 306 
279 299 301 
279 301 306 
182 229 262 
182 228 229 
182 228 262 
228 229 262 
292 299 311 
299 306 311 
279 299 306 
283 286 292 
421 424 426 
