242 243 245 
242 245 247 
242 244 245 
241 242 245 
243 245 247 
243 244 245 
241 243 245 
244 245 247 
241 245 247 
241 244 245 
242 243 247 
242 243 244 
241 242 243 
242 244 247 
241 242 247 
241 242 244 
193 241 242 
243 244 247 
241 243 247 
241 243 244 
241 244 247 
165 247 249 
247 249 250 
237 247 250 
241 247 249 
237 247 249 
164 165 249 
163 164 165 
162 164 165 
161 163 164 
161 162 164 
163 164 249 
162 163 164 
329 334 336 
333 334 336 
334 336 337 
336 339 403 
333 336 403 
336 337 403 
336 403 406 
329 333 336 
336 337 339 
336 339 406 
333 336 337 
336 337 406 
147 265 266 
147 262 265 
146 147 265 
147 262 266 
146 147 266 
144 146 147 
262 265 266 
146 265 266 
261 262 265 
326 329 334 
326 333 334 
329 333 334 
333 334 337 
342 377 379 
319 322 326 
318 319 322 
319 322 325 
322 326 329 
322 325 326 
322 325 329 
318 322 325 
319 325 326 
318 319 325 
312 318 319 
314 318 319 
312 314 319 
134 136 139 
123 134 136 
123 136 139 
130 134 193 
130 193 241 
337 339 403 
339 403 406 
333 337 403 
400 403 419 
337 403 406 
326 329 333 
325 326 329 
325 326 333 
325 329 333 
337 339 406 
339 342 406 
296 312 318 
312 314 318 
293 296 318 
293 314 318 
296 314 318 
182 261 262 
229 261 262 
182 229 262 
182 229 261 
142 144 146 
163 165 249 
162 163 165 
127 130 134 
123 127 134 
123 134 139 
161 163 251 
161 162 163 
161 162 251 
163 249 250 
249 250 251 
237 249 250 
163 250 251 
237 250 251 
126 127 130 
123 126 127 
163 249 251 
237 249 251 
162 163 251 
296 312 314 
119 122 123 
379 419 421 
204 205 206 
204 206 237 
293 296 297 
293 296 314 
293 297 314 
296 297 314 
365 387 388 
365 368 388 
365 368 387 
419 421 424 
410 411 412 
388 410 412 
387 410 412 
388 410 411 
387 410 411 
387 388 410 
437 438 440 
406 411 412 
388 411 412 
387 411 412 
387 388 412 
182 226 229 
387 388 411 
368 387 388 
342 346 372 
