293mHIS: 02,06,19,24,25,29|6|3.9836
293mGLN: 02,06,19,24,25,29|6|2.5376
293mGLY: 02,06,19,24,25,29|6|5.0815
293mASN: 02,06,19,24,25,29|6|2.1325
293mGLU: 02,06,19,24,25,29|6|3.9185
293mASP: 02,06,19,24,25,29|6|4.4034
293mTHR: 02,06,19,24,25,29|6|2.7382
293mLYS: 02,06,19,24,25,29|6|3.0473
293mSER: 02,06,19,24,25,29|6|4.2335
293mALA: 02,06,19,24,25,29|6|4.2506
179mGLY: 03,08,09,15,16,28|6|2.5808
440mGLU: 02,06,19,25,29|5|2.5532
178mVAL: 07,08,09,16,28|5|1.2526
178mSER: 07,08,09,16,28|5|1.8454
265mLYS: 03,07,08,09,16|5|3.7893
329mTHR: 04,06,23,24,29|5|1.8673
438mTHR: 02,06,19,25,29|5|4.8366
438mGLU: 02,06,19,25,29|5|5.8687
178mGLY: 07,08,09,16,28|5|2.3848
438mASP: 02,06,19,25,29|5|1.0225
329mSER: 04,06,23,24,29|5|1.2196
329mLYS: 04,06,23,24,29|5|2.0462
178mLEU: 07,08,09,16,28|5|1.119
146mGLY: 03,07,15,16,28|5|3.3947
329mALA: 04,06,23,24,29|5|2.0927
146mLYS: 03,07,15,16,28|5|2.4747
269mGLY: 07,08,09,16,26|5|1.6505
296mGLY: 06,19,24,25,29|5|1.1642
438mGLY: 02,06,19,25,29|5|2.6568
146mASN: 03,07,15,16,28|5|2.3043
146mTHR: 03,07,15,16,28|5|2.2283
265mGLU: 03,07,08,09,16|5|2.8082
261mALA: 03,07,08,09,16|5|2.11
329mASP: 04,06,23,24,29|5|1.9087
261mGLY: 03,07,08,09,16|5|1.9426
297mGLY: 06,19,24,25,29|5|1.127
178mLYS: 07,08,09,16,28|5|1.3619
178mALA: 07,08,09,16,28|5|1.7557
329mGLY: 04,06,23,24,29|5|2.0738
297mALA: 06,19,24,25,29|5|1.0272
438mCYS: 02,06,19,25,29|5|2.3147
438mSER: 02,06,19,25,29|5|2.7052
261mLEU: 03,07,08,09,16|5|1.2818
440mALA: 02,06,19,25,29|5|4.7966
438mALA: 02,06,19,25,29|5|3.2425
146mGLU: 03,07,15,16,28|5|3.0954
131mGLY: 01,05,12,15,28|5|1.3474
146mSER: 03,07,15,16,28|5|2.9459
261mGLU: 03,07,08,09,16|5|2.3646
261mSER: 03,07,08,09,16|5|1.9512
146mALA: 03,07,15,16,28|5|2.5731
261mTHR: 03,07,08,09,16|5|1.8126
438mLYS: 02,06,19,25,29|5|4.0177
339mGLU: 10,17,18,23,27|5|3.615
438mTYR: 02,06,19,25,29|5|2.2951
146mASP: 03,07,15,16,28|5|2.0369
329mGLU: 04,06,23,24,29|5|1.422
263mLYS: 03,07,08,09,16|5|1.9165
258mASN: 03,07,08,09|4|2.2092
259mGLY: 03,07,08,09|4|2.4857
336mILE: 04,18,23,27|4|2.7723
258mGLY: 03,07,08,09|4|2.4916
259mASN: 03,07,08,09|4|1.4503
258mTHR: 03,07,08,09|4|2.0879
136mALA: 05,13,15,28|4|2.7534
127mGLY: 05,12,15,28|4|1.3618
259mALA: 03,07,08,09|4|2.3055
259mSER: 03,07,08,09|4|2.301
136mLYS: 05,13,15,28|4|3.3502
229mGLY: 03,07,08,09|4|1.7093
336mSER: 04,18,23,27|4|3.7404
406mLYS: 10,17,23,27|4|1.0636
336mASN: 04,18,23,27|4|2.4313
336mALA: 04,18,23,27|4|6.0886
229mSER: 03,07,08,09|4|1.1135
136mCYS: 05,13,15,28|4|2.4717
139mALA: 12,13,15,28|4|1.1507
290mGLY: 02,06,19,25|4|1.9214
290mLEU: 02,06,19,25|4|1.1554
336mVAL: 04,18,23,27|4|2.8285
229mALA: 03,07,08,09|4|1.8264
259mASP: 03,07,08,09|4|1.4428
258mGLU: 03,07,08,09|4|2.1394
290mALA: 02,06,19,25|4|1.8382
136mGLU: 05,13,15,28|4|2.1696
177mGLY: 03,15,16,28|4|1.7174
290mMET: 02,06,19,25|4|1.4438
259mMET: 03,07,08,09|4|1.7245
136mTHR: 05,13,15,28|4|2.428
259mLEU: 03,07,08,09|4|1.6994
229mGLU: 03,07,08,09|4|1.1242
290mASP: 02,06,19,25|4|1.179
259mHIS: 03,07,08,09|4|2.0741
336mGLU: 04,18,23,27|4|4.4007
259mILE: 03,07,08,09|4|1.2151
136mSER: 05,13,15,28|4|1.7373
177mHIS: 03,15,16,28|4|1.132
259mTHR: 03,07,08,09|4|2.0098
259mGLN: 03,07,08,09|4|1.3412
136mGLY: 05,13,15,28|4|2.1932
290mGLU: 02,06,19,25|4|1.6669
259mGLU: 03,07,08,09|4|2.152
336mTHR: 04,18,23,27|4|4.5651
336mGLY: 04,18,23,27|4|4.1199
258mMET: 03,07,08,09|4|1.231
177mSER: 03,15,16,28|4|1.2168
336mCYS: 04,18,23,27|4|4.1815
290mLYS: 02,06,19,25|4|1.1827
290mHIS: 02,06,19,25|4|1.8602
290mSER: 02,06,19,25|4|1.88
259mLYS: 03,07,08,09|4|1.5828
336mLYS: 04,18,23,27|4|5.8838
258mSER: 03,07,08,09|4|1.7907
141mALA: 05,13,15,28|4|1.217
388mLYS: 02,19,25|3|1.4567
123mLYS: 05,15,28|3|1.6641
345mGLY: 10,17,23|3|2.744
217mCYS: 05,12,13|3|1.8215
193mGLU: 01,12,13|3|1.5852
132mASN: 05,15,28|3|1.2441
123mGLU: 05,15,28|3|1.5369
444mILE: 06,19,25|3|1.4307
120mALA: 03,16,28|3|1.7454
403mALA: 04,18,27|3|1.6391
217mALA: 05,12,13|3|1.9962
403mLYS: 04,18,27|3|1.3817
444mHIS: 06,19,25|3|1.0276
412mGLY: 02,19,25|3|1.2608
346mGLY: 10,17,21|3|1.3383
193mGLY: 01,12,13|3|1.2255
403mCYS: 04,18,27|3|2.1871
412mASP: 02,19,25|3|1.0799
444mGLU: 06,19,25|3|1.3678
400mGLY: 04,18,21|3|1.5445
193mLYS: 01,12,13|3|1.0017
132mGLU: 05,15,28|3|1.1366
123mGLY: 05,15,28|3|2.0123
436mASP: 02,06,29|3|1.4613
400mASP: 04,18,21|3|2.1282
444mLYS: 06,19,25|3|1.3652
123mSER: 05,15,28|3|1.1491
120mGLY: 03,16,28|3|1.5233
346mSER: 10,17,21|3|1.2273
322mGLY: 06,24,29|3|1.5789
345mGLU: 10,17,23|3|2.567
444mSER: 06,19,25|3|1.5312
403mGLU: 04,18,27|3|1.0025
444mLEU: 06,19,25|3|1.1945
388mCYS: 02,19,25|3|1.9656
120mCYS: 03,16,28|3|1.5662
120mSER: 03,16,28|3|1.2945
400mCYS: 04,18,21|3|1.1553
346mGLU: 10,17,21|3|1.3042
331mGLY: 04,23,27|3|1.1156
388mGLY: 02,19,25|3|1.411
403mSER: 04,18,27|3|1.1665
415mASP: 10,17,23|3|1.0671
400mGLU: 04,18,21|3|1.2402
120mLEU: 03,16,28|3|1.2362
345mHIS: 10,17,23|3|1.3972
345mMET: 10,17,23|3|1.305
217mSER: 05,12,13|3|1.1432
400mASN: 04,18,21|3|1.3438
345mSER: 10,17,23|3|2.0656
322mLYS: 06,24,29|3|2.754
345mASN: 10,17,23|3|2.9952
444mGLY: 06,19,25|3|1.6085
345mTHR: 10,17,23|3|2.7398
345mGLN: 10,17,23|3|1.2276
322mTHR: 06,24,29|3|1.47
400mLYS: 04,18,21|3|1.4701
322mCYS: 06,24,29|3|2.543
120mGLU: 03,16,28|3|1.2819
322mALA: 06,24,29|3|3.3724
403mGLY: 04,18,27|3|1.827
322mSER: 06,24,29|3|1.6762
132mGLY: 05,15,28|3|1.1835
123mASP: 05,15,28|3|2.3152
388mALA: 02,19,25|3|1.9003
403mASP: 04,18,27|3|1.5271
444mALA: 06,19,25|3|1.7452
444mVAL: 06,19,25|3|1.2919
419mLYS: 18,21|2|1.026
194mTHR: 01,12|2|1.8239
244mLYS: 01,12|2|1.0658
348mGLY: 10,21|2|1.0004
377mTHR: 17,18|2|1.3834
272mLEU: 08,26|2|1.1687
411mCYS: 10,27|2|1.3779
411mALA: 10,27|2|1.2392
119mSER: 15,28|2|1.1772
316mLYS: 11,24|2|1.9269
377mCYS: 17,18|2|2.448
124mCYS: 15,28|2|1.3173
272mCYS: 08,26|2|1.2875
257mGLY: 08,09|2|1.0464
316mALA: 11,24|2|2.8363
348mALA: 10,21|2|1.4706
316mILE: 11,24|2|1.1803
242mSER: 01,12|2|1.5618
419mASP: 18,21|2|1.7615
338mALA: 04,27|2|1.6034
273mGLY: 08,09|2|1.5115
272mGLY: 08,26|2|1.8403
391mALA: 19,25|2|1.2549
173mHIS: 08,13|2|1.0268
377mALA: 17,18|2|2.5439
140mGLY: 05,13|2|1.9084
140mLEU: 05,13|2|1.2925
150mGLU: 08,13|2|1.0883
150mMET: 08,13|2|1.4588
347mCYS: 10,21|2|1.5401
273mLYS: 08,09|2|1.0418
150mVAL: 08,13|2|1.0428
242mGLY: 01,12|2|2.0803
194mHIS: 01,12|2|1.4174
377mLYS: 17,18|2|2.6798
244mTHR: 01,12|2|1.212
150mASN: 08,13|2|1.0565
343mLYS: 10,17|2|1.5505
391mCYS: 19,25|2|1.7088
119mCYS: 15,28|2|2.208
243mCYS: 01,12|2|1.4664
119mGLU: 15,28|2|1.1007
194mSER: 01,12|2|1.7531
242mALA: 01,12|2|2.0607
194mASP: 01,12|2|1.8893
243mASP: 01,12|2|1.1299
119mGLY: 15,28|2|1.3763
242mCYS: 01,12|2|2.5849
316mVAL: 11,24|2|1.654
194mGLU: 01,12|2|2.0164
194mGLN: 01,12|2|1.1507
347mALA: 10,21|2|1.2519
272mSER: 08,26|2|1.3773
344mCYS: 10,17|2|1.5401
273mALA: 08,09|2|1.2065
344mALA: 10,17|2|1.2519
242mGLU: 01,12|2|1.7359
316mGLY: 11,24|2|1.6563
242mASP: 01,12|2|2.2484
273mCYS: 08,09|2|1.6111
272mHIS: 08,26|2|1.1028
244mGLU: 01,12|2|1.4525
150mHIS: 08,13|2|1.6773
150mLEU: 08,13|2|1.0667
194mVAL: 01,12|2|1.0129
272mALA: 08,26|2|2.1848
343mALA: 10,17|2|2.0347
194mMET: 01,12|2|1.4255
268mGLY: 16,26|2|1.0315
272mVAL: 08,26|2|1.3932
194mLYS: 01,12|2|1.6529
273mASP: 08,09|2|1.3086
268mCYS: 16,26|2|1.0016
140mGLU: 05,13|2|1.11
150mSER: 08,13|2|1.449
419mGLY: 18,21|2|1.2735
140mSER: 05,13|2|1.3572
316mSER: 11,24|2|1.09
273mSER: 08,09|2|1.0939
194mGLY: 01,12|2|2.1112
273mGLU: 08,09|2|1.0448
194mASN: 01,12|2|1.9846
377mGLU: 17,18|2|1.6953
272mLYS: 08,26|2|1.5841
377mGLY: 17,18|2|1.5791
242mLYS: 01,12|2|1.972
150mALA: 08,13|2|1.1248
140mCYS: 05,13|2|1.9147
338mLYS: 04,27|2|1.1218
270mLYS: 08,16|2|1.132
119mALA: 15,28|2|1.9711
140mALA: 05,13|2|2.6809
194mALA: 01,12|2|1.2786
338mCYS: 04,27|2|1.269
119mLYS: 15,28|2|1.119
268mALA: 16,26|2|1.1718
150mGLY: 08,13|2|1.6326
419mASN: 18,21|2|1.0877
126mCYS: 15,28|2|1.0815
316mCYS: 11,24|2|1.0853
419mGLU: 18,21|2|1.3652
140mLYS: 05,13|2|1.6404
