146mTHR: 01,03,10,24,25|5|2.3674
146mLYS: 01,03,10,24,25|5|2.5659
146mGLU: 01,03,10,24,25|5|3.2248
146mALA: 01,03,10,24,25|5|3.0169
146mASP: 01,03,10,24,25|5|2.4877
144mLYS: 03,10,24,25|4|1.5513
147mSER: 01,03,10,24|4|1.4092
303mSER: 03,10,13,25|4|1.9788
217mASN: 09,10,13,25|4|3.6787
303mASN: 03,10,13,25|4|1.0978
147mGLY: 01,03,10,24|4|1.6861
303mGLU: 03,10,13,25|4|3.1441
303mTHR: 03,10,13,25|4|1.4507
303mASP: 03,10,13,25|4|2.3939
217mTHR: 09,10,13,25|4|3.5939
217mGLU: 09,10,13,25|4|4.0348
217mSER: 09,10,13,25|4|2.4825
144mASP: 03,10,24,25|4|1.5099
144mCYS: 03,10,24,25|4|5.9757
144mALA: 03,10,24,25|4|2.5501
144mGLU: 03,10,24,25|4|2.3445
220mTHR: 09,10,25|3|1.1967
179mGLU: 01,03,24|3|1.3749
302mASP: 10,13,25|3|1.2968
220mLYS: 09,10,25|3|1.2204
220mALA: 09,10,25|3|1.3368
220mSER: 09,10,25|3|1.164
266mASP: 03,10,25|3|1.2689
267mGLU: 03,10,25|3|1.3257
136mGLU: 10,23,24|3|1.0994
119mCYS: 01,23,24|3|5.2084
220mGLU: 09,10,25|3|1.6655
220mASN: 09,10,25|3|1.0061
220mCYS: 09,10,25|3|1.1802
274mCYS: 03,10,25|3|2.1945
119mGLU: 01,23,24|3|2.5646
302mGLY: 10,13,25|3|1.0135
267mCYS: 03,10,25|3|2.3482
171mGLU: 10,25|2|1.2225
137mCYS: 23,24|2|1.4984
122mALA: 23,24|2|1.2684
219mTHR: 09,13|2|1.0683
296mGLU: 09,13|2|1.2827
177mASP: 03,24|2|2.161
293mLEU: 09,13|2|1.7956
293mGLY: 09,13|2|1.7897
219mSER: 09,13|2|1.3742
219mHIS: 09,13|2|1.2202
177mGLU: 03,24|2|1.2404
438mGLU: 09,15|2|1.0144
178mGLY: 03,24|2|1.0957
177mALA: 03,24|2|1.0372
297mSER: 09,13|2|1.035
438mASN: 09,15|2|1.0049
210mCYS: 01,23|2|1.3274
297mGLU: 09,13|2|1.4822
293mTRP: 09,13|2|1.0397
293mASN: 09,13|2|1.7454
122mASP: 23,24|2|1.0312
293mGLN: 09,13|2|1.7664
293mGLU: 09,13|2|3.4645
177mGLY: 03,24|2|1.4868
296mALA: 09,13|2|1.0878
122mGLY: 23,24|2|1.0556
172mGLU: 10,25|2|1.3485
181mGLU: 01,03|2|1.9356
178mASP: 03,24|2|1.4328
219mALA: 09,13|2|1.1014
219mVAL: 09,13|2|1.0226
293mASP: 09,13|2|2.7271
297mVAL: 09,13|2|1.1448
178mCYS: 03,24|2|1.2868
297mGLY: 09,13|2|1.1289
297mALA: 09,13|2|1.5304
190mCYS: 09,13|2|1.5371
181mTHR: 01,03|2|1.5446
296mLEU: 09,13|2|1.0096
208mCYS: 01,23|2|3.5579
190mALA: 09,13|2|1.0832
123mSER: 23,24|2|1.1902
293mTHR: 09,13|2|2.5943
293mLYS: 09,13|2|1.1381
293mSER: 09,13|2|1.6401
293mALA: 09,13|2|2.5809
219mLYS: 09,13|2|1.0338
273mHIS: 03,19|2|1.0558
293mVAL: 09,13|2|2.3431
208mALA: 01,23|2|1.3658
219mGLY: 09,13|2|1.241
177mCYS: 03,24|2|1.869
205mGLU: 01,23|2|1.0564
208mGLU: 01,23|2|1.4475
297mASP: 09,13|2|1.5494
206mCYS: 01,23|2|2.186
281mASP: 09,13|2|1.2426
177mLYS: 03,24|2|1.1778
293mILE: 09,13|2|2.0303
143mCYS: 10,24|2|1.2584
296mCYS: 09,13|2|1.8747
307mASP: 13,25|2|1.3163
122mSER: 23,24|2|1.0351
