243mTHR: 02,06,14,15,18,22,25|7|3.7639
165mGLN: 02,06,14,15,18,22,25|7|1.7539
194mGLY: 02,06,14,15,18,22,25|7|2.5996
242mMET: 02,06,14,15,18,22,25|7|1.9971
164mHIS: 02,14,15,18,19,22,25|7|6.8735
164mMET: 02,14,15,18,19,22,25|7|4.0639
242mLYS: 02,06,14,15,18,22,25|7|3.6178
194mTHR: 02,06,14,15,18,22,25|7|2.5867
165mPHE: 02,06,14,15,18,22,25|7|1.0043
165mMET: 02,06,14,15,18,22,25|7|3.2534
242mGLY: 02,06,14,15,18,22,25|7|3.1731
165mTHR: 02,06,14,15,18,22,25|7|2.9799
194mALA: 02,06,14,15,18,22,25|7|3.285
164mALA: 02,14,15,18,19,22,25|7|4.9374
242mTHR: 02,06,14,15,18,22,25|7|3.7831
242mGLU: 02,06,14,15,18,22,25|7|4.5687
194mHIS: 02,06,14,15,18,22,25|7|2.6864
242mASP: 02,06,14,15,18,22,25|7|3.6588
243mGLU: 02,06,14,15,18,22,25|7|6.1018
165mGLU: 02,06,14,15,18,22,25|7|3.7214
243mGLY: 02,06,14,15,18,22,25|7|4.8024
164mASP: 02,14,15,18,19,22,25|7|3.1566
165mALA: 02,06,14,15,18,22,25|7|3.8706
165mGLY: 02,06,14,15,18,22,25|7|4.7546
165mVAL: 02,06,14,15,18,22,25|7|2.9866
194mMET: 02,06,14,15,18,22,25|7|1.8926
164mSER: 02,14,15,18,19,22,25|7|5.6641
164mTHR: 02,14,15,18,19,22,25|7|5.4044
164mGLU: 02,14,15,18,19,22,25|7|6.3985
242mLEU: 02,06,14,15,18,22,25|7|2.0693
194mLYS: 02,06,14,15,18,22,25|7|2.3985
165mASN: 02,06,14,15,18,22,25|7|2.9449
194mSER: 02,06,14,15,18,22,25|7|2.6594
243mHIS: 02,06,14,15,18,22,25|7|4.2848
164mGLY: 02,14,15,18,19,22,25|7|6.4864
242mALA: 02,06,14,15,18,22,25|7|4.6311
242mHIS: 02,06,14,15,18,22,25|7|3.0487
165mLYS: 02,06,14,15,18,22,25|7|3.6208
165mHIS: 02,06,14,15,18,22,25|7|4.8963
165mSER: 02,06,14,15,18,22,25|7|3.9765
242mSER: 02,06,14,15,18,22,25|7|3.2119
164mLYS: 02,14,15,18,19,22,25|7|4.8004
244mHIS: 02,06,14,15,18,22|6|1.8258
244mMET: 02,06,14,15,18,22|6|1.6673
244mSER: 02,06,14,15,18,22|6|2.2972
244mGLY: 02,06,14,15,18,22|6|2.2073
167mGLU: 14,15,18,22,25|5|1.327
190mHIS: 02,06,15,18|4|1.011
219mLYS: 02,06,14,15|4|1.1744
219mALA: 02,06,14,15|4|1.5944
359mHIS: 18,19,22,25|4|1.46
159mHIS: 02,22,25|3|1.6711
360mALA: 19,25|2|1.0632
358mCYS: 22,25|2|1.4021
358mALA: 22,25|2|1.4013
