119mSER: 01,02,03,04,06,11,17,21,25|9|5.4165
120mHIS: 01,02,03,04,06,11,17,21,25|9|4.2787
120mGLY: 01,02,03,04,06,11,17,21,25|9|5.1575
119mGLY: 01,02,03,04,06,11,17,21,25|9|7.3474
265mTHR: 01,02,04,11,17,19,20,21,25|9|4.0845
120mSER: 01,02,03,04,06,11,17,21,25|9|3.4641
119mTHR: 01,02,03,04,06,11,17,21,25|9|4.2127
120mMET: 01,02,03,04,06,11,17,21,25|9|3.0881
119mALA: 01,02,03,04,06,11,17,21,25|9|9.3269
266mGLY: 01,02,04,10,11,17,20,25|8|1.8334
146mLYS: 01,02,10,11,17,25|6|4.5627
146mTHR: 01,02,10,11,17,25|6|4.6141
146mHIS: 01,02,10,11,17,25|6|3.6848
146mSER: 01,02,10,11,17,25|6|4.1058
146mGLY: 01,02,10,11,17,25|6|5.1096
146mASP: 01,02,10,11,17,25|6|2.531
210mGLN: 02,03,06,11,21|5|1.0554
210mHIS: 02,03,06,11,21|5|1.4645
210mTHR: 02,03,06,11,21|5|1.2277
182mGLU: 02,04,06,11,21|5|2.2552
178mSER: 02,04,17,21,25|5|3.2297
178mLYS: 02,04,17,21,25|5|3.7304
208mGLY: 02,03,04,06,21|5|3.3642
229mGLY: 02,04,17,21,25|5|1.5299
182mASP: 02,04,06,11,21|5|2.8358
178mGLY: 02,04,17,21,25|5|4.1501
177mALA: 01,02,11,17,25|5|1.3841
178mLEU: 02,04,17,21,25|5|1.7853
178mARG: 02,04,17,21,25|5|1.6958
177mGLY: 01,02,11,17,25|5|1.3976
178mMET: 02,04,17,21,25|5|1.8039
261mALA: 04,17,19,20,21|5|2.7088
208mASP: 02,03,04,06,21|5|3.0063
178mGLU: 02,04,17,21,25|5|3.6131
178mASP: 02,04,17,21,25|5|3.5128
261mGLY: 04,17,19,20,21|5|2.2254
210mLEU: 02,03,06,11,21|5|1.0628
182mALA: 02,04,06,11,21|5|2.5339
261mASP: 04,17,19,20,21|5|2.5377
210mGLY: 02,03,06,11,21|5|1.5017
178mTHR: 02,04,17,21,25|5|3.8128
178mTRP: 02,04,17,21,25|5|1.4838
182mGLY: 02,04,06,11,21|5|1.8566
210mSER: 02,03,06,11,21|5|1.1192
210mALA: 02,03,06,11,21|5|1.0078
262mGLY: 04,17,19,21,25|5|1.6305
208mTHR: 02,03,04,06,21|5|2.2156
178mHIS: 02,04,17,21,25|5|2.9072
178mGLN: 02,04,17,21,25|5|2.5872
261mGLU: 04,17,19,20,21|5|2.0717
208mALA: 02,03,04,06,21|5|4.1301
178mALA: 02,04,17,21,25|5|3.2278
261mSER: 04,17,19,20,21|5|1.8512
178mILE: 02,04,17,21,25|5|1.9906
261mTHR: 04,17,19,20,21|5|1.5452
208mGLU: 02,03,04,06,21|5|2.8825
210mGLU: 02,03,06,11,21|5|1.2338
261mLYS: 04,17,19,20,21|5|1.9583
210mMET: 02,03,06,11,21|5|1.4363
401mGLN: 22,24,27,29|4|1.8052
286mTHR: 19,20,22,24|4|1.5655
401mTHR: 22,24,27,29|4|2.5204
286mLEU: 19,20,22,24|4|1.6109
400mSER: 22,24,27,29|4|1.6407
268mGLU: 01,10,11,19|4|1.8718
264mTHR: 04,19,20,25|4|1.7355
401mLEU: 22,24,27,29|4|1.8344
316mGLU: 19,22,24,29|4|1.0709
122mASP: 01,03,17,21|4|1.5204
286mALA: 19,20,22,24|4|1.9813
122mLEU: 01,03,17,21|4|1.5606
401mGLY: 22,24,27,29|4|2.3113
124mSER: 02,03,06,21|4|1.337
316mALA: 19,22,24,29|4|1.0513
124mGLU: 02,03,06,21|4|1.0267
286mMET: 19,20,22,24|4|1.4548
267mTHR: 01,10,11,25|4|1.1696
401mPHE: 22,24,27,29|4|1.3693
401mHIS: 22,24,27,29|4|2.1197
401mMET: 22,24,27,29|4|1.9838
401mASP: 22,24,27,29|4|2.0543
312mGLY: 19,20,22,29|4|1.002
401mASN: 22,24,27,29|4|1.8922
122mSER: 01,03,17,21|4|1.4937
267mHIS: 01,10,11,25|4|1.6684
122mALA: 01,03,17,21|4|2.262
286mGLY: 19,20,22,24|4|1.5968
400mGLY: 22,24,27,29|4|1.9083
126mGLY: 03,06,07,13|4|1.9417
122mGLY: 01,03,17,21|4|2.1821
205mGLY: 04,06,07,21|4|1.7835
286mSER: 19,20,22,24|4|1.1121
400mTHR: 22,24,27,29|4|2.5528
401mTRP: 22,24,27,29|4|1.4748
124mALA: 02,03,06,21|4|2.0165
126mALA: 03,06,07,13|4|2.1262
401mGLU: 22,24,27,29|4|2.9868
286mHIS: 19,20,22,24|4|1.2701
267mALA: 01,10,11,25|4|1.4373
272mHIS: 10,19,20,22|4|2.3574
267mSER: 01,10,11,25|4|1.3614
400mGLU: 22,24,27,29|4|2.2333
124mGLY: 02,03,06,21|4|1.9396
401mSER: 22,24,27,29|4|2.3659
401mALA: 22,24,27,29|4|2.2873
122mGLU: 01,03,17,21|4|1.1802
268mGLY: 01,10,11,19|4|1.0539
400mASN: 22,24,27,29|4|2.3021
267mGLY: 01,10,11,25|4|1.5822
126mTHR: 03,06,07,13|4|2.0136
267mLEU: 01,10,11,25|4|1.0354
122mILE: 01,03,17,21|4|1.0582
268mTHR: 01,10,11,19|4|2.0428
122mHIS: 01,03,17,21|4|1.2428
126mGLU: 03,06,07,13|4|2.2105
401mVAL: 22,24,27,29|4|1.3404
401mLYS: 22,24,27,29|4|1.309
286mGLU: 19,20,22,24|4|1.8146
126mCYS: 03,06,07,13|4|3.3689
127mCYS: 03,06,13|3|2.4607
419mLYS: 22,24,27|3|1.2011
288mHIS: 08,24,29|3|1.1419
283mLEU: 19,20,22|3|1.2051
419mHIS: 22,24,27|3|1.8916
377mTHR: 23,24,27|3|1.7937
377mSER: 23,24,27|3|1.51
377mGLU: 23,24,27|3|2.0328
228mASP: 02,17,21|3|1.553
127mALA: 03,06,13|3|1.1734
305mHIS: 19,20,22|3|1.3994
419mGLY: 22,24,27|3|1.5735
228mCYS: 02,17,21|3|2.4682
419mALA: 22,24,27|3|1.0865
421mGLU: 20,22,24|3|1.1938
419mVAL: 22,24,27|3|1.2657
419mSER: 22,24,27|3|1.7775
284mALA: 08,20,22|3|1.484
283mALA: 19,20,22|3|1.2014
283mGLU: 19,20,22|3|1.2983
419mGLN: 22,24,27|3|1.1378
419mMET: 22,24,27|3|1.5332
377mLEU: 23,24,27|3|1.023
377mGLY: 23,24,27|3|1.913
305mSER: 19,20,22|3|1.1377
284mASP: 08,20,22|3|1.5368
419mTHR: 22,24,27|3|1.7979
377mALA: 23,24,27|3|2.7718
283mTHR: 19,20,22|3|1.3495
419mASN: 22,24,27|3|1.7482
305mGLY: 19,20,22|3|1.6657
419mGLU: 22,24,27|3|1.3448
356mCYS: 08,20|2|1.1837
123mLYS: 03,06|2|1.344
259mGLY: 14,20|2|1.2668
339mALA: 23,27|2|2.8609
123mMET: 03,06|2|1.177
259mALA: 14,20|2|1.5473
337mGLU: 23,27|2|1.6868
259mSER: 14,20|2|1.4242
123mGLU: 03,06|2|1.5494
339mLEU: 23,27|2|1.7033
335mHIS: 24,27|2|1.1004
217mALA: 10,13|2|1.3851
337mTHR: 23,27|2|1.3239
376mHIS: 23,27|2|1.0084
337mASP: 23,27|2|1.2644
199mCYS: 03,07|2|1.9501
303mHIS: 10,19|2|1.0268
135mCYS: 03,13|2|1.5241
197mCYS: 03,07|2|1.017
258mGLU: 19,20|2|1.1432
339mILE: 23,27|2|1.0529
217mASP: 10,13|2|1.0697
339mGLY: 23,27|2|1.5877
123mTHR: 03,06|2|1.4454
159mCYS: 07,14|2|1.332
341mTHR: 23,27|2|1.584
123mGLY: 03,06|2|1.8916
341mALA: 23,27|2|2.3
274mHIS: 10,19|2|1.0299
123mSER: 03,06|2|1.6292
356mALA: 08,20|2|1.5856
337mSER: 23,27|2|1.5392
158mCYS: 07,14|2|1.3929
199mALA: 03,07|2|1.2949
337mGLN: 23,27|2|1.0216
259mHIS: 14,20|2|1.0269
217mTHR: 10,13|2|1.0856
336mGLU: 24,27|2|1.0393
337mLYS: 23,27|2|1.0371
405mHIS: 23,24|2|1.0038
398mHIS: 22,24|2|1.1778
123mASP: 03,06|2|1.33
259mTHR: 14,20|2|1.5111
310mALA: 20,22|2|1.3509
310mGLY: 20,22|2|1.1793
335mGLU: 24,27|2|1.1143
341mSER: 23,27|2|1.759
259mGLU: 14,20|2|1.1682
339mTHR: 23,27|2|1.9894
341mLEU: 23,27|2|1.6439
135mASP: 03,13|2|1.2031
341mGLY: 23,27|2|1.6709
341mASP: 23,27|2|2.4016
335mASP: 24,27|2|1.5141
123mLEU: 03,06|2|1.5568
339mCYS: 23,27|2|2.8284
259mLYS: 14,20|2|1.3412
339mGLU: 23,27|2|2.1965
341mGLU: 23,27|2|2.8867
123mHIS: 03,06|2|1.351
135mGLU: 03,13|2|1.0784
217mLYS: 10,13|2|1.2899
337mGLY: 23,27|2|1.7653
123mALA: 03,06|2|2.1438
336mASP: 24,27|2|1.2565
335mGLY: 24,27|2|1.1867
