206mALA: 00,05,08,10,17,18,24|7|3.1921
127mGLU: 00,05,08,15,16,18,24|7|3.3418
205mGLY: 00,08,10,17,18,24,28|7|3.4811
119mGLU: 01,02,05,08,10,12,18|7|1.717
237mGLU: 00,08,10,17,18,24|6|1.4125
237mTHR: 00,08,10,17,18,24|6|1.141
248mASN: 00,08,13,17,18,24|6|2.2652
251mCYS: 00,10,13,17,24|5|3.5656
217mCYS: 01,15,16,20,26|5|5.7855
201mLEU: 00,13,17,18,24|5|1.5987
251mGLY: 00,10,13,17,24|5|3.0443
251mASN: 00,10,13,17,24|5|2.1841
217mALA: 01,15,16,20,26|5|4.9811
251mTHR: 00,10,13,17,24|5|3.5573
244mGLY: 05,08,15,16,18|5|3.6539
217mGLY: 01,15,16,20,26|5|4.4127
217mILE: 01,15,16,20,26|5|2.4892
201mTRP: 00,13,17,18,24|5|1.1447
201mGLY: 00,13,17,18,24|5|1.4552
244mTHR: 05,08,15,16,18|5|2.7925
201mASP: 00,13,17,18,24|5|1.3897
146mTHR: 01,02,12,20,26|5|2.8189
201mTHR: 00,13,17,18,24|5|1.5887
251mASP: 00,10,13,17,24|5|3.0427
158mGLY: 00,13,17,24,28|5|1.6413
251mHIS: 00,10,13,17,24|5|1.8734
251mGLU: 00,10,13,17,24|5|4.366
251mSER: 00,10,13,17,24|5|2.1972
124mASP: 00,05,08,10,18|5|2.0665
217mTHR: 01,15,16,20,26|5|4.1585
244mGLU: 05,08,15,16,18|5|4.0631
146mILE: 01,02,12,20,26|5|1.7977
146mLEU: 01,02,12,20,26|5|1.7232
201mHIS: 00,13,17,18,24|5|1.0436
251mVAL: 00,10,13,17,24|5|2.3307
244mSER: 05,08,15,16,18|5|1.7647
217mGLU: 01,15,16,20,26|5|4.5368
201mILE: 00,13,17,18,24|5|1.2487
146mGLU: 01,02,12,20,26|5|2.7791
217mSER: 01,15,16,20,26|5|3.5353
158mTHR: 00,13,17,24,28|5|2.0177
201mGLN: 00,13,17,18,24|5|1.4099
201mGLU: 00,13,17,18,24|5|1.7291
244mALA: 05,08,15,16,18|5|4.9731
201mMET: 00,13,17,18,24|5|1.3988
146mGLY: 01,02,12,20,26|5|3.0981
146mALA: 01,02,12,20,26|5|4.2055
251mGLN: 00,10,13,17,24|5|2.7481
201mALA: 00,13,17,18,24|5|1.4984
124mCYS: 00,05,08,10,18|5|3.0661
146mASP: 01,02,12,20,26|5|2.0273
217mLYS: 01,15,16,20,26|5|5.2924
268mILE: 01,02,12,20|4|4.1722
136mALA: 05,16,20,26|4|1.7845
178mSER: 01,02,12,20|4|1.3337
235mALA: 00,13,24,28|4|2.3994
268mGLU: 01,02,12,20|4|5.0705
268mMET: 01,02,12,20|4|3.7567
142mALA: 01,12,20,26|4|1.1505
235mCYS: 00,13,24,28|4|4.1415
120mALA: 01,02,10,12|4|1.67
134mGLU: 05,15,16,18|4|2.611
178mGLY: 01,02,12,20|4|2.1568
268mASN: 01,02,12,20|4|2.5553
120mTHR: 01,02,10,12|4|1.8332
268mALA: 01,02,12,20|4|3.8314
267mGLU: 01,02,12,20|4|1.4443
268mCYS: 01,02,12,20|4|6.2352
235mGLY: 00,13,24,28|4|1.5673
136mGLU: 05,16,20,26|4|1.6104
268mPHE: 01,02,12,20|4|4.3147
268mGLN: 01,02,12,20|4|3.9379
235mASP: 00,13,24,28|4|2.3611
147mGLY: 01,02,12,20|4|1.4223
136mASP: 05,16,20,26|4|1.106
136mTHR: 05,16,20,26|4|1.6579
134mALA: 05,15,16,18|4|3.2806
120mGLN: 01,02,10,12|4|1.3173
144mALA: 01,12,20,26|4|1.5179
268mVAL: 01,02,12,20|4|4.2298
181mALA: 02,10,12,28|4|2.2756
268mSER: 01,02,12,20|4|2.4016
268mLEU: 01,02,12,20|4|4.6622
120mCYS: 01,02,10,12|4|4.6085
178mALA: 01,02,12,20|4|2.2523
178mTHR: 01,02,12,20|4|1.2978
120mLEU: 01,02,10,12|4|1.7307
180mGLU: 01,02,12,28|4|1.2834
268mTRP: 01,02,12,20|4|3.5402
268mGLY: 01,02,12,20|4|3.4684
120mILE: 01,02,10,12|4|1.3371
268mASP: 01,02,12,20|4|3.9277
120mASP: 01,02,10,12|4|1.7947
136mGLY: 05,16,20,26|4|1.2805
268mTHR: 01,02,12,20|4|4.3013
134mSER: 05,15,16,18|4|1.1412
136mHIS: 05,16,20,26|4|1.4757
267mCYS: 01,02,12,20|4|1.5846
268mPRO: 01,02,12,20|4|3.3555
120mGLU: 01,02,10,12|4|2.4421
134mGLY: 05,15,16,18|4|1.8961
266mCYS: 01,02,12,20|4|5.0005
268mHIS: 01,02,12,20|4|2.3216
326mCYS: 09,19,29|3|3.2949
303mGLY: 01,25,26|3|1.715
326mGLY: 09,19,29|3|1.9995
326mTHR: 09,19,29|3|1.8193
303mLYS: 01,25,26|3|1.4219
304mCYS: 25,26,29|3|2.951
182mASP: 10,12,28|3|2.1413
140mLYS: 01,20,26|3|1.6408
303mLEU: 01,25,26|3|1.2516
377mCYS: 06,09,19|3|1.1165
139mALA: 16,20,26|3|1.5076
303mCYS: 01,25,26|3|3.0667
141mLEU: 01,20,26|3|3.0611
326mALA: 09,19,29|3|1.8286
303mSER: 01,25,26|3|1.3793
326mSER: 09,19,29|3|1.1887
141mSER: 01,20,26|3|1.7828
141mILE: 01,20,26|3|2.265
303mGLU: 01,25,26|3|1.2679
243mASP: 13,15,16|3|1.4798
141mGLY: 01,20,26|3|2.3796
242mGLU: 15,16,24|3|1.2325
141mHIS: 01,20,26|3|1.7773
141mVAL: 01,20,26|3|2.3215
303mTHR: 01,25,26|3|1.0911
135mGLY: 08,16,18|3|1.0647
182mCYS: 10,12,28|3|3.4836
141mASP: 01,20,26|3|2.9183
182mALA: 10,12,28|3|2.3886
303mASP: 01,25,26|3|1.678
243mGLU: 13,15,16|3|1.4821
141mMET: 01,20,26|3|2.5047
196mASP: 05,16,24|3|1.1081
141mGLN: 01,20,26|3|1.8123
326mGLU: 09,19,29|3|2.4157
141mTHR: 01,20,26|3|2.4392
141mGLU: 01,20,26|3|3.596
326mASP: 09,19,29|3|2.1382
125mCYS: 05,10,18|3|1.3454
135mASP: 08,16,18|3|1.9057
141mPHE: 01,20,26|3|2.5388
141mCYS: 01,20,26|3|4.2631
303mALA: 01,25,26|3|2.6798
135mGLU: 08,16,18|3|1.4162
141mALA: 01,20,26|3|3.1381
319mASP: 09,29|2|1.5233
401mGLN: 09,19|2|1.2343
403mPHE: 09,19|2|1.288
401mTHR: 09,19|2|1.3573
130mGLU: 05,18|2|1.3894
194mTHR: 15,16|2|1.4305
293mHIS: 25,29|2|1.7241
403mLEU: 09,19|2|1.8161
293mGLY: 25,29|2|2.0565
401mLEU: 09,19|2|1.1487
440mLEU: 25,29|2|1.3224
293mGLU: 25,29|2|1.5166
193mALA: 15,16|2|1.2329
403mVAL: 09,19|2|1.2724
403mALA: 09,19|2|1.7158
130mCYS: 05,18|2|1.2473
336mALA: 06,19|2|2.1428
401mGLY: 09,19|2|1.3548
339mALA: 06,19|2|1.9425
419mCYS: 09,19|2|1.4507
403mGLN: 09,19|2|1.6273
263mASP: 12,28|2|1.2328
336mGLU: 06,19|2|2.5946
401mMET: 09,19|2|1.5493
403mILE: 09,19|2|1.4661
339mSER: 06,19|2|1.1035
440mLYS: 25,29|2|1.2952
293mASN: 25,29|2|1.6852
401mASN: 09,19|2|1.1745
130mGLY: 05,18|2|1.079
261mHIS: 12,28|2|1.0177
193mGLY: 15,16|2|1.0504
336mASP: 06,19|2|2.4316
403mCYS: 09,19|2|2.2823
441mALA: 25,29|2|1.0246
130mASN: 05,18|2|1.1452
194mHIS: 15,16|2|1.0285
339mGLY: 06,19|2|1.4183
400mGLY: 09,19|2|1.0675
319mCYS: 09,29|2|2.8937
123mGLY: 08,18|2|1.2425
403mHIS: 09,19|2|1.261
261mALA: 12,28|2|1.6738
261mMET: 12,28|2|1.3667
263mCYS: 12,28|2|1.329
261mGLY: 12,28|2|2.4223
220mASP: 20,26|2|1.1942
220mGLU: 20,26|2|1.248
194mGLU: 15,16|2|1.5592
403mGLU: 09,19|2|1.9465
440mGLY: 25,29|2|1.7408
194mGLN: 15,16|2|1.0518
401mTRP: 09,19|2|1.0668
319mGLY: 09,29|2|1.3002
261mASP: 12,28|2|2.8756
440mILE: 25,29|2|1.3872
401mGLU: 09,19|2|1.3946
208mCYS: 08,10|2|1.779
403mASN: 09,19|2|1.0137
293mGLN: 25,29|2|1.2642
130mASP: 05,18|2|1.7125
440mSER: 25,29|2|1.3968
293mTHR: 25,29|2|1.5592
403mSER: 09,19|2|1.1946
261mVAL: 12,28|2|1.1446
400mGLU: 09,19|2|1.0889
293mLYS: 25,29|2|1.2832
339mASP: 06,19|2|1.3798
401mSER: 09,19|2|1.1183
194mSER: 15,16|2|1.3455
300mCYS: 25,26|2|1.1971
157mCYS: 17,24|2|1.3125
440mALA: 25,29|2|2.046
123mASP: 08,18|2|1.5291
335mSER: 06,09|2|1.0913
194mLYS: 15,16|2|1.4503
337mCYS: 06,19|2|1.3465
441mCYS: 25,29|2|1.4672
400mALA: 09,19|2|1.4154
261mGLU: 12,28|2|2.5449
403mTHR: 09,19|2|1.8061
261mGLN: 12,28|2|1.3921
194mGLY: 15,16|2|1.6902
261mSER: 12,28|2|1.8321
261mTHR: 12,28|2|2.2879
440mCYS: 25,29|2|2.4886
194mASN: 15,16|2|1.7799
336mTHR: 06,19|2|1.4799
261mASN: 12,28|2|2.3567
336mGLY: 06,19|2|1.4126
318mGLU: 25,29|2|1.1653
293mSER: 25,29|2|1.6396
194mASP: 15,16|2|1.825
440mHIS: 25,29|2|1.1125
403mTRP: 09,19|2|1.3621
319mALA: 09,29|2|1.8971
220mGLY: 20,26|2|1.1257
440mASP: 25,29|2|1.0214
293mASP: 25,29|2|1.0782
401mVAL: 09,19|2|1.0423
403mMET: 09,19|2|1.6162
336mCYS: 06,19|2|3.5401
293mVAL: 25,29|2|1.3218
403mGLY: 09,19|2|1.6726
401mHIS: 09,19|2|1.4599
130mTHR: 05,18|2|1.1458
261mCYS: 12,28|2|1.0117
301mCYS: 25,26|2|1.3125
261mLYS: 12,28|2|1.2719
194mMET: 15,16|2|1.0648
403mASP: 09,19|2|1.6071
123mALA: 08,18|2|1.0392
329mCYS: 06,29|2|2.5868
335mGLY: 06,09|2|1.2344
