180 182 262 
177 180 182 
177 180 262 
126 127 130 
127 130 196 
127 130 134 
126 130 196 
130 134 219 
124 126 127 
126 127 196 
123 126 127 
126 127 210 
123 124 127 
124 127 210 
123 127 210 
123 127 134 
122 123 124 
122 124 210 
122 124 224 
122 123 210 
122 123 224 
122 210 224 
145 146 265 
142 145 146 
145 146 267 
145 146 177 
145 265 267 
145 177 265 
145 177 267 
145 177 224 
123 124 126 
124 126 210 
123 126 210 
182 261 262 
177 182 262 
177 182 261 
123 134 136 
262 264 265 
261 262 265 
262 265 267 
177 262 265 
261 262 264 
262 264 267 
177 262 264 
177 261 262 
177 262 267 
123 124 210 
123 124 224 
124 210 224 
146 264 265 
146 265 267 
146 177 265 
146 264 267 
146 177 264 
146 177 267 
261 264 265 
264 265 267 
177 264 265 
177 261 265 
177 265 267 
177 261 264 
177 264 267 
204 205 206 
123 210 224 
