438 439 440 
435 438 440 
438 440 441 
391 438 440 
393 440 443 
435 440 443 
440 441 443 
391 440 443 
432 440 443 
392 440 443 
393 435 440 
393 440 441 
391 393 440 
393 432 440 
392 393 440 
435 439 440 
439 440 441 
391 439 440 
435 440 441 
391 435 440 
432 435 440 
392 435 440 
391 440 441 
432 440 441 
392 440 441 
391 432 440 
391 392 440 
392 432 440 
435 438 439 
438 439 441 
391 438 439 
435 438 441 
391 435 438 
391 438 441 
393 435 443 
393 443 444 
393 441 443 
391 393 443 
393 432 443 
392 393 443 
393 430 443 
435 441 443 
391 435 443 
432 435 443 
392 435 443 
441 443 444 
432 443 444 
392 443 444 
430 443 444 
391 441 443 
432 441 443 
392 441 443 
391 432 443 
391 392 443 
392 432 443 
430 432 443 
392 430 443 
346 347 370 
346 347 350 
346 350 370 
393 435 441 
391 393 435 
393 432 435 
392 393 435 
393 441 444 
393 432 444 
392 393 444 
393 430 444 
391 393 441 
393 432 441 
392 393 441 
393 401 432 
393 401 430 
391 393 432 
391 392 393 
392 393 432 
393 430 432 
392 393 430 
435 439 441 
391 435 439 
391 439 441 
391 435 441 
432 435 441 
392 435 441 
391 432 435 
391 392 435 
392 432 435 
347 370 450 
347 350 450 
347 350 370 
432 441 444 
392 441 444 
356 444 447 
392 432 444 
430 432 444 
392 430 444 
430 444 447 
400 401 419 
400 403 419 
400 401 403 
400 401 430 
370 450 451 
450 451 454 
350 450 451 
447 450 451 
350 370 450 
350 450 454 
447 450 454 
350 447 450 
419 421 422 
350 370 451 
350 451 454 
447 451 454 
350 447 451 
401 403 419 
391 432 441 
391 392 441 
392 432 441 
403 405 406 
339 403 406 
342 405 406 
339 405 406 
339 342 406 
401 430 432 
391 392 432 
366 391 392 
392 430 432 
339 403 405 
350 447 454 
339 342 405 
