180mALA: 00,05,07,12,13,18,22,24|8|4.1718
146mTHR: 00,05,07,12,22,24,28|7|5.3524
146mGLU: 00,05,07,12,22,24,28|7|7.0342
146mSER: 00,05,07,12,22,24,28|7|6.1461
146mGLY: 00,05,07,12,22,24,28|7|7.4408
146mALA: 00,05,07,12,22,24,28|7|6.2623
303mGLN: 00,02,05,12,24,28|6|3.3001
303mGLY: 00,02,05,12,24,28|6|3.2337
272mTHR: 00,02,05,12,24,28|6|1.0104
178mSER: 00,05,07,12,13,24|6|2.08
178mGLY: 00,05,07,12,13,24|6|2.2033
178mLEU: 00,05,07,12,13,24|6|1.1767
303mSER: 00,02,05,12,24,28|6|4.9481
303mASN: 00,02,05,12,24,28|6|4.5102
178mGLU: 00,05,07,12,13,24|6|1.8761
303mGLU: 00,02,05,12,24,28|6|6.085
303mTHR: 00,02,05,12,24,28|6|5.0028
272mGLU: 00,02,05,12,24,28|6|1.796
303mASP: 00,02,05,12,24,28|6|4.6871
178mMET: 00,05,07,12,13,24|6|1.8133
178mTHR: 00,05,07,12,13,24|6|1.7609
178mHIS: 00,05,07,12,13,24|6|2.2217
178mGLN: 00,05,07,12,13,24|6|1.0717
178mALA: 00,05,07,12,13,24|6|1.3437
120mGLU: 00,05,07,12,13,22|6|2.1901
305mTHR: 02,05,12,24,28|5|3.8461
121mGLU: 00,05,07,12,22|5|1.6994
274mASP: 00,02,05,12,28|5|2.4482
305mMET: 02,05,12,24,28|5|2.3976
305mGLN: 02,05,12,24,28|5|2.0027
274mGLU: 00,02,05,12,28|5|4.7574
274mHIS: 00,02,05,12,28|5|1.147
305mASP: 02,05,12,24,28|5|3.103
274mTHR: 00,02,05,12,28|5|3.3144
274mASN: 00,02,05,12,28|5|2.9784
259mTHR: 13,16,18,26,27|5|2.0404
274mSER: 00,02,05,12,28|5|2.106
259mGLU: 13,16,18,26,27|5|2.9869
274mGLY: 00,02,05,12,28|5|1.6794
305mSER: 02,05,12,24,28|5|2.1724
305mALA: 02,05,12,24,28|5|3.2764
259mASP: 13,16,18,26,27|5|1.3576
305mGLY: 02,05,12,24,28|5|2.8209
305mGLU: 02,05,12,24,28|5|4.9831
261mHIS: 12,13,16,18|4|1.0627
275mTHR: 02,05,12,28|4|1.5021
127mTHR: 01,07,10,26|4|1.0584
229mGLY: 12,13,18,22|4|1.3274
229mCYS: 12,13,18,22|4|2.1862
278mGLU: 00,02,05,28|4|1.4384
267mTHR: 12,18,22,28|4|1.3956
336mVAL: 08,11,17,20|4|1.4028
267mGLU: 12,18,22,28|4|1.5526
339mGLY: 08,11,17,20|4|1.7742
127mGLU: 01,07,10,26|4|1.4064
232mCYS: 13,16,26,27|4|2.3352
261mALA: 12,13,16,18|4|1.3879
267mLYS: 12,18,22,28|4|1.0891
261mGLY: 12,13,16,18|4|1.5228
119mGLY: 07,12,13,22|4|1.974
267mASN: 12,18,22,28|4|1.6733
267mSER: 12,18,22,28|4|1.2738
336mLEU: 08,11,17,20|4|1.4784
261mGLU: 12,13,16,18|4|1.8427
336mGLU: 08,11,17,20|4|2.0536
261mSER: 12,13,16,18|4|1.633
261mTHR: 12,13,16,18|4|1.5091
336mTHR: 08,11,17,20|4|1.1341
232mGLY: 13,16,26,27|4|1.475
275mGLU: 02,05,12,28|4|2.2877
232mSER: 13,16,26,27|4|1.2701
261mLYS: 12,13,16,18|4|1.0624
326mGLY: 03,15,20|3|1.386
326mTHR: 03,15,20|3|1.8752
237mASP: 01,26,27|3|1.0828
262mGLU: 12,13,18|3|1.0219
237mCYS: 01,26,27|3|1.518
258mCYS: 16,18,27|3|1.92
158mGLU: 16,26,27|3|1.0859
262mALA: 12,13,18|3|1.2071
326mALA: 03,15,20|3|1.4417
122mALA: 05,12,13|3|1.3786
326mSER: 03,15,20|3|1.0702
341mALA: 08,11,17|3|1.17
258mALA: 16,18,27|3|1.704
345mGLU: 08,11,17|3|1.3714
220mASP: 00,24,28|3|1.4016
122mCYS: 05,12,13|3|1.6619
220mASN: 00,24,28|3|1.2253
341mCYS: 08,11,17|3|3.3941
326mGLU: 03,15,20|3|2.277
326mMET: 03,15,20|3|1.3344
262mGLY: 12,13,18|3|1.2886
341mASP: 08,11,17|3|1.153
262mSER: 12,13,18|3|1.1726
326mLEU: 03,15,20|3|1.8008
160mCYS: 16,26,27|3|1.2297
258mGLU: 16,18,27|3|1.6552
160mGLU: 16,26,27|3|1.2197
341mGLU: 08,11,17|3|2.8101
330mCYS: 15,17,20|3|1.3897
171mCYS: 00,24,28|3|1.0773
