242mVAL: 00,01,03,04,05,06,07,10,13,16,20,22,26|13|4.7238
242mILE: 00,01,03,04,05,06,07,10,13,16,20,22,26|13|3.4979
242mALA: 00,01,03,04,05,06,07,10,13,16,20,22,26|13|8.2031
243mGLY: 00,01,03,04,05,06,10,13,16,20,22,26|12|4.7923
165mGLN: 04,05,06,07,10,13,14,16,20,22,26|11|3.74
164mVAL: 04,05,06,07,10,13,14,16,20,22,26|11|3.2688
164mGLU: 04,05,06,07,10,13,14,16,20,22,26|11|7.9521
165mMET: 04,05,06,07,10,13,14,16,20,22,26|11|6.2556
165mTHR: 04,05,06,07,10,13,14,16,20,22,26|11|5.9926
164mALA: 04,05,06,07,10,13,14,16,20,22,26|11|5.6104
165mGLU: 04,05,06,07,10,13,14,16,20,22,26|11|7.435
164mLEU: 04,05,06,07,10,13,14,16,20,22,26|11|4.18
165mALA: 04,05,06,07,10,13,14,16,20,22,26|11|5.3929
165mGLY: 04,05,06,07,10,13,14,16,20,22,26|11|7.95
165mLEU: 04,05,06,07,10,13,14,16,20,22,26|11|4.7031
165mVAL: 04,05,06,07,10,13,14,16,20,22,26|11|4.6746
164mSER: 04,05,06,07,10,13,14,16,20,22,26|11|7.6916
164mTHR: 04,05,06,07,10,13,14,16,20,22,26|11|5.1858
165mASN: 04,05,06,07,10,13,14,16,20,22,26|11|6.0002
164mGLY: 04,05,06,07,10,13,14,16,20,22,26|11|8.096
165mLYS: 04,05,06,07,10,13,14,16,20,22,26|11|4.0104
165mHIS: 04,05,06,07,10,13,14,16,20,22,26|11|7.5384
165mSER: 04,05,06,07,10,13,14,16,20,22,26|11|7.8921
194mGLY: 00,01,03,05,06,07,10,20,26|9|4.0164
194mALA: 00,01,03,05,06,07,10,20,26|9|2.789
194mLYS: 00,01,03,05,06,07,10,20,26|9|1.6835
194mSER: 00,01,03,05,06,07,10,20,26|9|3.8368
194mLEU: 00,01,03,05,06,07,10,20,26|9|2.4081
167mASN: 04,07,10,13,16,20,22,26|8|1.3268
167mLEU: 04,07,10,13,16,20,22,26|8|2.7998
167mPHE: 04,07,10,13,16,20,22,26|8|1.8114
167mGLU: 04,07,10,13,16,20,22,26|8|2.2202
167mASP: 04,07,10,13,16,20,22,26|8|1.6063
167mGLN: 04,07,10,13,16,20,22,26|8|1.0425
161mGLU: 04,06,10,13,14,16,20,22|8|1.4793
167mSER: 04,07,10,13,16,20,22,26|8|3.1573
167mLYS: 04,07,10,13,16,20,22,26|8|2.6413
167mGLY: 04,07,10,13,16,20,22,26|8|3.7369
167mALA: 04,07,10,13,16,20,22,26|8|3.7635
167mVAL: 04,07,10,13,16,20,22,26|8|2.8255
162mHIS: 04,06,07,13,14,16,22,26|8|1.9308
162mSER: 04,06,07,13,14,16,22,26|8|1.87
167mMET: 04,07,10,13,16,20,22,26|8|2.4227
167mTHR: 04,07,10,13,16,20,22,26|8|1.1034
162mMET: 04,06,07,13,14,16,22,26|8|1.3714
162mGLU: 04,06,07,13,14,16,22,26|8|1.3138
167mHIS: 04,07,10,13,16,20,22,26|8|2.8096
162mGLY: 04,06,07,13,14,16,22,26|8|2.048
167mILE: 04,07,10,13,16,20,22,26|8|3.0378
190mGLU: 05,06,07,10,13,20,26|7|1.6365
190mASN: 05,06,07,10,13,20,26|7|1.0671
190mGLY: 05,06,07,10,13,20,26|7|1.803
190mHIS: 05,06,07,10,13,20,26|7|2.3443
159mGLU: 04,13,14,16,20,22|6|5.2069
244mHIS: 00,01,03,05,06,10|6|1.9093
244mGLU: 00,01,03,05,06,10|6|2.5214
244mTHR: 00,01,03,05,06,10|6|1.917
244mMET: 00,01,03,05,06,10|6|1.9213
159mGLY: 04,13,14,16,20,22|6|3.4667
159mLEU: 04,13,14,16,20,22|6|2.4039
244mGLY: 00,01,03,05,06,10|6|2.0518
159mALA: 04,13,14,16,20,22|6|2.8454
157mGLU: 04,13,14,16,22|5|1.0434
193mGLU: 01,03,07,10,20|5|1.3411
193mHIS: 01,03,07,10,20|5|1.594
157mMET: 04,13,14,16,22|5|1.0289
193mGLY: 01,03,07,10,20|5|1.3805
157mSER: 04,13,14,16,22|5|1.039
193mSER: 01,03,07,10,20|5|1.3831
157mHIS: 04,13,14,16,22|5|1.2311
157mGLY: 04,13,14,16,22|5|1.1356
193mTHR: 01,03,07,10,20|5|1.0222
163mHIS: 07,14,16,20|4|1.2343
249mHIS: 13,14,20,26|4|2.0285
249mASN: 13,14,20,26|4|1.353
249mSER: 13,14,20,26|4|1.408
249mTHR: 13,14,20,26|4|1.144
249mGLU: 13,14,20,26|4|1.047
249mMET: 13,14,20,26|4|1.7345
249mGLY: 13,14,20,26|4|1.549
249mGLN: 13,14,20,26|4|1.0275
158mMET: 04,14,16|3|1.4546
251mGLN: 04,14,16|3|1.1999
251mSER: 04,14,16|3|1.4687
158mSER: 04,14,16|3|1.7192
158mHIS: 04,14,16|3|1.6675
158mALA: 04,14,16|3|1.3646
251mGLY: 04,14,16|3|1.7468
217mHIS: 06,07,26|3|1.883
248mGLY: 10,14,16|3|1.0694
251mVAL: 04,14,16|3|1.0436
217mSER: 06,07,26|3|1.2496
251mMET: 04,14,16|3|1.9181
251mTHR: 04,14,16|3|1.6407
251mASN: 04,14,16|3|1.311
158mGLU: 04,14,16|3|1.9137
158mTHR: 04,14,16|3|1.4042
217mGLY: 06,07,26|3|1.4134
158mGLY: 04,14,16|3|2.1068
251mHIS: 04,14,16|3|1.9157
251mGLU: 04,14,16|3|1.7224
251mLEU: 04,14,16|3|1.2907
