164mASP: 02,03,10,14,16,17,21,23,25,27|10|4.3637
164mGLU: 02,03,10,14,16,17,21,23,25,27|10|5.2283
164mGLY: 02,03,10,14,16,17,21,23,25,27|10|5.1697
164mTHR: 02,03,10,14,16,17,21,23,25,27|10|6.8657
164mLYS: 02,03,10,14,16,17,21,23,25,27|10|4.269
164mALA: 02,03,10,14,16,17,21,23,25,27|10|5.6001
164mSER: 02,03,10,14,16,17,21,23,25,27|10|3.7929
165mGLU: 02,03,10,16,25,27|6|1.1781
180mTHR: 00,01,05,06,13,18|6|5.4858
180mASN: 00,01,05,06,13,18|6|3.3283
146mCYS: 05,06,13,18,24|5|2.1068
162mHIS: 14,21,23,25,27|5|1.9319
262mTHR: 00,01,05,06,18|5|2.4497
262mCYS: 00,01,05,06,18|5|5.9791
262mPRO: 00,01,05,06,18|5|3.8994
361mGLY: 08,10,21,22,23|5|1.1448
263mASN: 00,05,06,18|4|2.7656
143mGLU: 05,13,18,24|4|2.8054
243mGLY: 02,03,16,29|4|1.496
143mILE: 05,13,18,24|4|1.7839
229mPRO: 00,01,05,06|4|1.744
143mASN: 05,13,18,24|4|2.3695
263mASP: 00,05,06,18|4|3.4502
263mALA: 00,05,06,18|4|1.9038
368mCYS: 08,10,14,22|4|2.6089
263mPRO: 00,05,06,18|4|5.2783
263mTHR: 00,05,06,18|4|3.5522
143mASP: 05,13,18,24|4|3.3208
368mALA: 08,10,14,22|4|1.8249
243mALA: 02,03,16,29|4|2.0393
143mPRO: 05,13,18,24|4|4.146
369mCYS: 10,11,14,22|4|4.1655
143mTHR: 05,13,18,24|4|3.5408
243mCYS: 02,03,16,29|4|6.1981
263mVAL: 00,05,06,18|4|2.1782
323mGLY: 04,09,12,20|4|1.4994
243mASP: 02,03,16,29|4|2.023
263mGLY: 00,05,06,18|4|1.2376
143mGLY: 05,13,18,24|4|1.6566
143mLEU: 05,13,18,24|4|1.3924
243mGLU: 02,03,16,29|4|2.8664
145mCYS: 05,13,18,24|4|2.2652
369mALA: 10,11,14,22|4|3.9863
281mLYS: 02,16,23,27|4|1.2575
263mCYS: 00,05,06,18|4|5.4045
281mCYS: 02,16,23,27|4|1.5129
263mILE: 00,05,06,18|4|1.1834
323mSER: 04,09,12,20|4|1.3869
143mALA: 05,13,18,24|4|2.3936
368mGLY: 08,10,14,22|4|1.56
243mLYS: 02,03,16,29|4|1.9625
369mVAL: 10,11,14,22|4|2.1229
143mCYS: 05,13,18,24|4|4.7047
369mILE: 10,11,14,22|4|1.9268
143mPHE: 05,13,18,24|4|1.3635
142mTHR: 05,13,18,24|4|1.4405
263mGLU: 00,05,06,18|4|2.1759
369mSER: 10,11,14,22|4|1.8355
143mVAL: 05,13,18,24|4|1.9675
369mLYS: 10,11,14,22|4|2.5029
356mLYS: 02,16,23,27|4|1.3333
440mGLU: 04,11,27|3|2.0358
363mCYS: 08,11,21|3|2.8536
400mSER: 09,12,20|3|1.5801
326mGLY: 04,09,20|3|1.0191
440mTHR: 04,11,27|3|2.2717
177mASP: 05,13,24|3|1.3051
438mTHR: 04,11,27|3|2.2353
363mPRO: 08,11,21|3|4.6998
167mMET: 23,25,27|3|1.2322
300mGLU: 04,24,29|3|1.1783
120mALA: 05,13,18|3|1.5061
119mSER: 05,13,18|3|1.238
400mILE: 09,12,20|3|1.7472
120mTHR: 05,13,18|3|2.0128
438mGLU: 04,11,27|3|2.2729
400mASN: 09,12,20|3|6.2786
438mASP: 04,11,27|3|2.7404
438mASN: 04,11,27|3|2.1756
400mVAL: 09,12,20|3|2.9418
177mTHR: 05,13,24|3|1.47
401mASP: 09,12,20|3|3.2601
120mPRO: 05,13,18|3|1.4468
401mASN: 09,12,20|3|2.7672
242mGLY: 16,17,29|3|1.3308
440mPRO: 04,11,27|3|3.5572
119mLEU: 05,13,18|3|1.1646
327mALA: 09,12,20|3|1.4766
120mVAL: 05,13,18|3|1.1243
349mGLU: 10,21,22|3|2.9613
363mVAL: 08,11,21|3|1.2675
400mGLY: 09,12,20|3|3.34
349mVAL: 10,21,22|3|2.2707
438mPRO: 04,11,27|3|3.1397
119mCYS: 05,13,18|3|2.6514
349mTHR: 10,21,22|3|2.9054
400mPRO: 09,12,20|3|8.0062
400mASP: 09,12,20|3|5.4304
349mCYS: 10,21,22|3|5.2619
242mALA: 16,17,29|3|1.2825
136mTHR: 13,24,29|3|1.1087
119mGLY: 05,13,18|3|1.203
242mGLU: 16,17,29|3|1.7222
440mASP: 04,11,27|3|2.8792
440mALA: 04,11,27|3|1.6776
400mTHR: 09,12,20|3|5.6826
120mCYS: 05,13,18|3|4.1902
119mASP: 05,13,18|3|1.521
349mALA: 10,21,22|3|2.2745
242mVAL: 16,17,29|3|1.0519
261mASP: 01,05,06|3|1.5626
438mCYS: 04,11,27|3|4.1954
400mCYS: 09,12,20|3|4.8633
440mGLY: 04,11,27|3|1.1154
242mASP: 16,17,29|3|1.381
401mGLU: 09,12,20|3|1.4958
349mPRO: 10,21,22|3|2.8199
401mCYS: 09,12,20|3|4.5437
400mGLU: 09,12,20|3|3.6003
136mASN: 13,24,29|3|1.2605
349mASN: 10,21,22|3|1.3597
438mALA: 04,11,27|3|1.1291
119mTHR: 05,13,18|3|1.9771
438mVAL: 04,11,27|3|1.144
242mHIS: 16,17,29|3|1.446
363mASP: 08,11,21|3|2.4789
400mALA: 09,12,20|3|3.2868
438mGLY: 04,11,27|3|1.3806
261mGLU: 01,05,06|3|1.2692
119mGLU: 05,13,18|3|1.6157
120mASP: 05,13,18|3|1.0281
440mVAL: 04,11,27|3|1.5336
261mTHR: 01,05,06|3|1.9176
349mASP: 10,21,22|3|2.7484
440mCYS: 04,11,27|3|5.5595
242mLYS: 16,17,29|3|1.7802
400mLYS: 09,12,20|3|2.3903
363mTHR: 08,11,21|3|2.679
363mASN: 08,11,21|3|2.5473
401mPRO: 09,12,20|3|4.7648
177mCYS: 05,13,24|3|1.8969
119mALA: 05,13,18|3|2.5916
452mCYS: 10,21,22|3|1.9356
440mASN: 04,11,27|3|1.8875
327mCYS: 09,12,20|3|1.3671
167mHIS: 23,25,27|3|1.4615
119mLYS: 05,13,18|3|1.3395
167mSER: 23,25,27|3|1.0013
