165 249 163 
165 249 157 
165 249 239 
165 190 194 
165 190 167 
165 163 162 
165 163 167 
165 163 157 
165 194 239 
165 162 167 
165 162 157 
165 167 157 
243 242 194 
243 242 241 
243 194 241 
242 194 241 
242 194 193 
242 194 196 
242 194 239 
242 241 193 
242 241 196 
242 241 239 
242 193 196 
242 193 239 
242 196 239 
249 163 251 
249 163 157 
249 241 196 
249 241 197 
249 241 239 
249 251 157 
249 251 235 
249 251 237 
249 251 199 
249 251 239 
249 157 235 
249 157 237 
249 196 237 
249 196 199 
249 196 197 
249 196 239 
249 235 237 
249 235 199 
249 237 199 
249 237 197 
249 237 239 
249 199 197 
249 199 239 
249 197 239 
190 194 219 
190 194 193 
190 194 220 
190 194 130 
190 219 217 
190 219 193 
190 219 216 
190 219 171 
190 219 220 
190 219 130 
190 219 215 
190 217 216 
190 217 220 
190 217 215 
190 167 171 
190 193 216 
190 193 220 
190 193 130 
190 193 215 
190 216 220 
190 216 215 
190 171 220 
190 220 130 
190 220 215 
163 162 167 
163 162 251 
163 162 157 
163 162 160 
163 167 157 
163 251 157 
163 251 160 
163 157 160 
194 219 193 
194 219 220 
194 219 130 
194 241 193 
194 241 196 
194 241 130 
194 241 197 
194 241 239 
194 193 220 
194 193 196 
194 193 130 
194 193 197 
194 193 239 
194 220 130 
194 196 130 
194 196 197 
194 196 239 
194 130 197 
194 130 239 
194 197 239 
219 217 216 
219 217 220 
219 217 215 
219 217 139 
219 193 216 
219 193 220 
219 193 130 
219 193 215 
219 216 220 
219 216 215 
219 216 139 
219 171 220 
219 220 130 
219 220 215 
219 220 139 
219 215 139 
162 167 157 
162 251 157 
162 251 160 
162 157 160 
241 193 196 
241 193 130 
241 193 197 
241 193 239 
241 196 130 
241 196 197 
241 196 239 
241 130 197 
241 130 239 
241 197 239 
217 216 220 
217 216 215 
217 216 139 
217 220 215 
217 220 139 
217 215 139 
297 281 293 
297 302 307 
193 216 220 
193 216 215 
193 220 130 
193 220 215 
193 196 130 
193 196 197 
193 196 239 
193 130 197 
193 130 239 
193 197 239 
251 157 235 
251 157 237 
251 157 160 
251 235 237 
251 235 199 
251 235 201 
251 237 199 
251 237 239 
251 237 201 
251 199 239 
251 199 201 
280 281 285 
280 281 277 
280 277 274 
280 277 273 
280 274 273 
281 293 285 
216 220 141 
216 220 215 
216 220 139 
216 136 141 
216 136 215 
216 136 139 
216 141 215 
216 141 139 
216 215 139 
157 235 237 
220 141 215 
220 141 139 
220 215 139 
146 144 147 
146 144 177 
146 144 143 
146 147 269 
146 147 267 
146 147 179 
146 147 266 
146 147 177 
146 147 178 
146 147 265 
146 147 143 
146 269 267 
146 269 266 
146 269 265 
146 267 266 
146 267 177 
146 267 178 
146 267 265 
146 179 177 
146 179 178 
146 179 265 
146 266 178 
146 266 265 
146 177 178 
146 177 265 
146 177 143 
146 178 265 
196 237 199 
196 237 197 
196 237 239 
196 130 127 
196 130 197 
196 130 239 
196 127 199 
196 127 197 
196 199 197 
196 199 239 
196 197 239 
144 147 177 
144 147 143 
144 141 143 
144 177 143 
147 269 267 
147 269 266 
147 269 265 
147 267 266 
147 267 177 
147 267 178 
147 267 265 
147 179 177 
147 179 178 
147 179 265 
147 179 180 
147 266 178 
147 266 265 
147 177 178 
147 177 265 
147 177 143 
147 177 180 
147 178 265 
147 178 180 
235 237 206 
235 237 199 
235 237 207 
235 237 201 
235 206 199 
235 206 207 
235 206 201 
235 199 207 
235 199 201 
235 233 201 
235 233 232 
235 207 201 
303 302 274 
303 302 307 
303 274 272 
237 206 199 
237 206 207 
237 206 201 
237 199 197 
237 199 239 
237 199 207 
237 199 201 
237 197 239 
237 207 201 
206 199 208 
206 199 207 
206 199 201 
206 208 207 
206 208 201 
206 207 201 
269 267 266 
269 267 274 
269 267 273 
269 267 265 
269 267 272 
269 266 265 
269 266 272 
269 274 273 
269 274 272 
269 273 272 
440 438 439 
130 127 197 
130 197 239 
124 127 199 
124 127 123 
124 127 208 
124 127 210 
124 199 208 
124 199 207 
124 199 210 
124 119 123 
124 119 122 
124 119 210 
124 123 122 
124 123 208 
124 123 210 
124 122 208 
124 122 210 
124 208 207 
124 208 210 
124 207 210 
127 199 197 
127 199 208 
127 199 210 
127 123 208 
127 123 210 
127 208 210 
136 141 137 
136 141 215 
136 141 139 
136 137 123 
136 137 139 
136 123 139 
136 215 139 
267 266 178 
267 266 265 
267 266 272 
267 274 273 
267 274 272 
267 177 178 
267 177 265 
267 273 272 
267 178 265 
179 177 178 
179 177 181 
179 177 265 
179 177 180 
179 178 181 
179 178 265 
179 178 180 
179 181 180 
277 302 274 
277 274 273 
277 274 272 
277 273 272 
266 178 265 
199 197 239 
199 208 207 
199 208 201 
199 208 210 
199 207 201 
199 207 210 
119 123 122 
119 123 210 
119 122 210 
274 273 272 
141 137 122 
141 137 139 
141 122 143 
141 143 215 
141 143 139 
141 215 139 
177 178 181 
177 178 265 
177 178 180 
177 181 180 
137 123 122 
137 123 139 
123 122 208 
123 122 210 
123 208 210 
122 208 210 
122 143 210 
178 181 180 
208 207 201 
208 207 210 
143 215 139 
