164 165 249 
164 165 163 
164 165 162 
164 165 157 
164 165 167 
164 249 163 
164 249 157 
164 163 162 
164 163 157 
164 163 167 
164 162 157 
164 162 167 
164 157 167 
165 194 190 
165 190 167 
165 249 163 
165 249 157 
165 163 162 
165 163 157 
165 163 167 
165 162 157 
165 162 167 
165 157 167 
242 194 193 
242 194 244 
242 194 245 
242 194 246 
242 244 245 
242 244 246 
242 245 246 
194 190 193 
194 190 220 
194 190 192 
194 193 220 
194 193 192 
194 244 245 
194 244 246 
194 245 246 
194 220 192 
190 193 218 
190 193 220 
190 193 192 
190 218 220 
190 218 192 
190 220 192 
190 172 167 
193 218 220 
193 218 192 
193 220 192 
244 245 246 
440 439 441 
440 439 438 
440 441 443 
440 441 438 
218 220 192 
439 441 438 
441 443 289 
441 443 444 
441 443 325 
441 289 444 
441 289 325 
421 419 418 
421 419 420 
421 418 420 
421 420 423 
362 443 444 
362 443 355 
362 361 444 
362 361 355 
362 444 355 
249 163 157 
335 403 336 
335 329 336 
293 299 296 
293 299 292 
293 289 296 
293 289 290 
293 289 285 
293 289 291 
293 289 292 
293 289 287 
293 296 290 
293 296 281 
293 296 291 
293 296 292 
293 290 281 
293 290 285 
293 290 291 
293 290 292 
293 290 287 
293 281 285 
293 281 291 
293 281 292 
293 281 287 
293 285 291 
293 285 292 
293 285 287 
293 291 292 
293 291 287 
293 292 287 
377 375 340 
443 289 290 
443 289 285 
443 289 444 
443 289 291 
443 289 325 
443 289 287 
443 290 285 
443 290 444 
443 290 291 
443 290 287 
443 285 444 
443 285 291 
443 285 355 
443 285 287 
443 444 396 
443 444 355 
443 444 287 
443 396 325 
443 396 287 
443 291 287 
443 355 287 
319 289 324 
319 289 322 
319 289 325 
319 289 292 
319 324 322 
319 324 325 
319 322 325 
319 322 292 
319 292 312 
400 399 401 
400 399 324 
400 399 418 
400 399 396 
400 399 397 
400 401 419 
400 401 403 
400 401 324 
400 401 418 
400 401 396 
400 401 397 
400 419 403 
400 419 418 
400 419 396 
400 419 397 
400 403 418 
400 403 396 
400 403 397 
400 324 396 
400 418 396 
400 418 397 
400 396 397 
179 180 181 
179 180 178 
179 180 184 
179 180 262 
179 180 147 
179 180 182 
179 181 261 
179 181 226 
179 181 178 
179 181 184 
179 181 262 
179 181 182 
179 261 263 
179 261 178 
179 261 184 
179 261 262 
179 261 182 
179 146 178 
179 146 147 
179 263 178 
179 263 262 
179 263 147 
179 226 178 
179 226 184 
179 226 182 
179 178 184 
179 178 262 
179 178 147 
179 178 182 
179 184 262 
179 184 147 
179 184 182 
179 262 147 
179 262 182 
163 162 157 
163 162 167 
163 157 167 
399 401 324 
399 401 418 
399 401 396 
399 401 397 
399 324 396 
399 324 287 
399 418 396 
399 418 397 
399 396 397 
399 396 287 
399 397 287 
162 157 167 
180 181 178 
180 181 184 
180 181 262 
180 181 182 
180 178 184 
180 178 262 
180 178 147 
180 178 182 
180 184 262 
180 184 147 
180 184 182 
180 262 147 
180 262 182 
358 361 355 
299 296 301 
299 296 311 
299 296 292 
299 296 312 
299 296 279 
299 296 308 
299 301 279 
299 311 292 
299 311 312 
299 311 308 
299 292 312 
299 312 308 
289 296 290 
289 296 291 
289 296 292 
289 290 285 
289 290 444 
289 290 291 
289 290 292 
289 290 287 
289 324 322 
289 324 325 
289 324 287 
289 285 444 
289 285 291 
289 285 292 
289 285 287 
289 322 325 
289 322 292 
289 444 287 
289 291 292 
289 291 287 
289 292 287 
401 419 403 
401 419 418 
401 419 396 
401 419 397 
401 403 418 
401 403 396 
401 403 397 
401 324 396 
401 324 329 
401 324 325 
401 418 396 
401 418 397 
401 396 325 
401 396 397 
401 329 325 
120 119 123 
120 123 208 
419 403 418 
419 403 396 
419 403 397 
419 418 396 
419 418 420 
419 418 397 
419 418 375 
419 396 397 
419 420 397 
419 420 375 
296 290 281 
296 290 291 
296 290 292 
296 281 291 
296 281 292 
296 281 279 
296 301 279 
296 291 292 
296 291 279 
296 311 292 
296 311 312 
296 311 308 
296 292 312 
296 312 308 
181 261 178 
181 261 184 
181 261 262 
181 261 229 
181 261 182 
181 226 178 
181 226 184 
181 226 229 
181 226 182 
181 178 184 
181 178 262 
181 178 229 
181 178 182 
181 184 262 
181 184 229 
181 184 182 
181 262 229 
181 262 182 
181 229 182 
261 259 263 
261 259 258 
261 259 262 
261 259 229 
261 263 178 
261 263 262 
261 178 184 
261 178 262 
261 178 229 
261 178 182 
261 184 262 
261 184 229 
261 184 182 
261 262 229 
261 262 182 
261 229 182 
144 146 142 
144 146 147 
403 418 396 
403 418 397 
403 396 397 
403 336 340 
266 146 178 
266 146 268 
266 146 147 
266 263 178 
266 263 262 
266 263 147 
266 178 262 
266 178 147 
266 268 272 
266 268 147 
266 262 147 
290 281 285 
290 281 291 
290 281 292 
290 281 287 
290 285 444 
290 285 291 
290 285 292 
290 285 287 
290 444 287 
290 291 292 
290 291 287 
290 292 287 
146 178 147 
146 268 147 
324 322 329 
324 322 325 
324 396 325 
324 396 287 
324 329 325 
281 285 291 
281 285 292 
281 285 279 
281 285 287 
281 285 280 
281 291 292 
281 291 279 
281 291 287 
281 291 280 
281 292 287 
281 279 276 
281 279 280 
281 279 275 
281 276 280 
281 276 275 
281 280 275 
285 444 355 
285 444 287 
285 291 292 
285 291 279 
285 291 287 
285 291 280 
285 292 287 
285 279 280 
285 355 287 
322 329 325 
361 444 355 
259 263 262 
259 262 229 
263 178 262 
263 178 147 
263 262 147 
226 178 184 
226 178 229 
226 178 182 
226 184 229 
226 184 208 
226 184 182 
226 229 182 
178 184 262 
178 184 229 
178 184 147 
178 184 182 
178 262 229 
178 262 147 
178 262 182 
178 229 182 
444 396 287 
444 355 287 
184 262 229 
184 262 147 
184 262 182 
184 229 182 
301 279 275 
418 396 397 
418 420 397 
418 420 375 
396 397 287 
291 292 287 
291 279 280 
268 272 275 
262 229 182 
311 292 312 
311 312 308 
272 279 276 
272 279 275 
272 276 275 
279 276 280 
279 276 275 
279 280 275 
276 280 275 
