165 164 157 
165 164 249 
165 164 167 
165 194 190 
165 194 239 
165 157 249 
165 157 167 
165 190 167 
165 249 239 
242 194 245 
242 194 244 
242 194 239 
242 245 244 
242 245 239 
164 157 249 
164 157 167 
194 190 220 
194 190 130 
194 245 244 
194 245 239 
194 239 130 
194 220 130 
157 249 158 
157 249 251 
157 249 250 
157 249 237 
157 249 235 
157 158 251 
157 158 250 
157 158 237 
157 158 235 
157 251 250 
157 251 237 
157 251 235 
157 250 237 
157 250 235 
157 237 235 
190 218 217 
190 218 220 
190 217 220 
190 167 172 
190 220 130 
218 217 220 
249 158 251 
249 158 250 
249 158 237 
249 158 235 
249 251 250 
249 251 237 
249 251 239 
249 251 235 
249 250 237 
249 250 239 
249 250 235 
249 237 239 
249 237 235 
158 251 250 
158 251 237 
158 251 235 
158 250 237 
158 250 235 
158 237 235 
251 250 237 
251 250 239 
251 250 235 
251 237 239 
251 237 235 
144 145 147 
144 145 146 
144 145 177 
144 145 148 
144 147 146 
144 147 177 
144 147 148 
144 146 177 
144 146 148 
144 177 148 
268 145 147 
268 145 146 
268 145 265 
268 145 267 
268 145 148 
268 147 146 
268 147 266 
268 147 265 
268 147 267 
268 147 148 
268 146 266 
268 146 265 
268 146 267 
268 146 148 
268 266 265 
268 266 267 
268 266 148 
268 265 267 
268 265 148 
268 267 148 
400 403 419 
400 403 401 
400 403 418 
400 419 401 
400 419 418 
400 401 418 
400 401 324 
356 284 286 
356 444 286 
250 237 239 
250 237 235 
379 419 418 
379 419 422 
145 147 146 
145 147 265 
145 147 178 
145 147 177 
145 147 267 
145 147 148 
145 146 265 
145 146 178 
145 146 177 
145 146 267 
145 146 148 
145 265 178 
145 265 177 
145 265 267 
145 265 148 
145 178 177 
145 178 267 
145 178 148 
145 177 267 
145 177 148 
145 267 148 
297 296 281 
297 296 293 
297 296 311 
297 296 314 
297 281 293 
297 293 314 
297 311 314 
326 322 319 
326 322 324 
326 322 325 
326 322 321 
326 319 324 
326 319 325 
326 319 321 
326 324 325 
326 324 321 
326 325 321 
403 419 401 
403 419 418 
403 401 418 
403 336 339 
136 141 135 
136 123 134 
136 123 135 
136 134 135 
419 401 418 
147 146 266 
147 146 265 
147 146 178 
147 146 177 
147 146 267 
147 146 148 
147 266 265 
147 266 262 
147 266 178 
147 266 263 
147 266 267 
147 266 148 
147 265 262 
147 265 178 
147 265 177 
147 265 263 
147 265 267 
147 265 148 
147 180 262 
147 180 178 
147 180 177 
147 262 178 
147 262 177 
147 262 263 
147 262 267 
147 262 148 
147 178 177 
147 178 263 
147 178 267 
147 178 148 
147 177 263 
147 177 267 
147 177 148 
147 263 267 
147 263 148 
147 267 148 
401 324 325 
146 266 265 
146 266 178 
146 266 267 
146 266 148 
146 265 178 
146 265 177 
146 265 267 
146 265 148 
146 178 177 
146 178 267 
146 178 148 
146 177 267 
146 177 148 
146 267 148 
141 122 135 
266 265 262 
266 265 178 
266 265 263 
266 265 267 
266 265 148 
266 262 178 
266 262 263 
266 262 267 
266 262 148 
266 178 263 
266 178 267 
266 178 148 
266 263 267 
266 263 148 
266 267 148 
439 440 438 
265 262 178 
265 262 177 
265 262 261 
265 262 263 
265 262 267 
265 262 148 
265 178 177 
265 178 261 
265 178 263 
265 178 267 
265 178 148 
265 177 261 
265 177 263 
265 177 267 
265 177 148 
265 261 263 
265 261 148 
265 263 267 
265 263 148 
265 267 148 
322 316 319 
322 316 288 
322 316 317 
322 316 321 
322 316 318 
322 319 324 
322 319 288 
322 319 325 
322 319 317 
322 319 321 
322 319 318 
322 324 288 
322 324 325 
322 324 317 
322 324 321 
322 324 318 
322 288 325 
322 288 317 
322 288 321 
322 288 318 
322 325 321 
322 325 318 
322 317 321 
322 317 318 
322 321 318 
180 262 178 
180 262 177 
180 262 182 
180 178 177 
180 178 182 
180 177 182 
123 126 124 
123 126 127 
123 122 119 
123 122 124 
123 122 135 
123 134 135 
123 134 127 
123 119 124 
123 124 135 
123 124 127 
123 135 127 
126 124 127 
126 127 130 
284 281 283 
284 281 286 
284 288 283 
284 288 286 
284 283 286 
296 281 293 
296 293 313 
296 293 317 
296 293 314 
296 293 318 
296 313 317 
296 313 311 
296 313 314 
296 313 318 
296 317 311 
296 317 314 
296 317 318 
296 311 314 
296 311 318 
296 314 318 
122 119 124 
122 124 135 
262 178 177 
262 178 261 
262 178 263 
262 178 267 
262 178 148 
262 178 182 
262 177 261 
262 177 263 
262 177 267 
262 177 148 
262 177 182 
262 261 263 
262 261 148 
262 261 182 
262 263 267 
262 263 148 
262 267 148 
281 293 286 
281 283 286 
134 135 127 
134 135 130 
134 127 130 
178 177 261 
178 177 263 
178 177 267 
178 177 148 
178 177 182 
178 261 263 
178 261 148 
178 261 182 
178 263 267 
178 263 148 
178 267 148 
124 135 127 
177 261 263 
177 261 148 
177 261 182 
177 263 267 
177 263 148 
177 267 148 
316 319 288 
316 319 313 
316 319 317 
316 319 314 
316 319 321 
316 319 318 
316 288 313 
316 288 317 
316 288 314 
316 288 321 
316 288 318 
316 313 317 
316 313 311 
316 313 314 
316 313 321 
316 313 318 
316 317 311 
316 317 314 
316 317 321 
316 317 318 
316 311 314 
316 311 318 
316 314 321 
316 314 318 
316 321 318 
444 288 286 
319 324 288 
319 324 325 
319 324 317 
319 324 321 
319 324 318 
319 288 325 
319 288 313 
319 288 317 
319 288 314 
319 288 321 
319 288 318 
319 325 321 
319 325 318 
319 313 317 
319 313 314 
319 313 321 
319 313 318 
319 317 314 
319 317 321 
319 317 318 
319 314 321 
319 314 318 
319 321 318 
237 235 204 
237 235 206 
237 204 206 
135 127 130 
235 204 206 
324 288 325 
324 288 317 
324 288 321 
324 288 318 
324 325 321 
324 325 318 
324 317 321 
324 317 318 
324 321 318 
288 293 313 
288 293 317 
288 293 314 
288 293 321 
288 293 286 
288 293 318 
288 325 321 
288 325 318 
288 313 317 
288 313 314 
288 313 321 
288 313 318 
288 317 314 
288 317 321 
288 317 318 
288 283 286 
288 314 321 
288 314 318 
288 321 318 
293 313 317 
293 313 314 
293 313 321 
293 313 318 
293 317 314 
293 317 321 
293 317 318 
293 314 321 
293 314 318 
293 321 318 
261 263 148 
325 321 318 
263 267 148 
313 317 311 
313 317 314 
313 317 321 
313 317 318 
313 311 314 
313 311 318 
313 314 321 
313 314 318 
313 321 318 
317 311 314 
317 311 318 
317 314 321 
317 314 318 
317 321 318 
311 314 318 
314 321 318 
