146 179 178 
146 179 145 
146 179 177 
146 178 145 
146 178 177 
146 145 143 
146 145 268 
146 145 177 
146 143 177 
146 268 271 
146 268 269 
146 271 269 
179 178 181 
179 178 145 
179 178 182 
179 178 226 
179 178 177 
179 178 261 
179 181 182 
179 181 226 
179 181 177 
179 181 261 
179 145 177 
179 182 226 
179 182 177 
179 182 261 
179 226 177 
179 177 261 
178 181 182 
178 181 226 
178 181 177 
178 181 229 
178 181 261 
178 145 177 
178 182 226 
178 182 177 
178 182 229 
178 182 261 
178 226 177 
178 226 229 
178 177 261 
178 229 261 
181 182 226 
181 182 177 
181 182 229 
181 182 261 
181 226 177 
181 226 229 
181 177 261 
181 229 261 
145 143 177 
145 143 212 
182 226 177 
182 226 229 
182 226 231 
182 177 261 
182 229 261 
182 229 231 
182 261 231 
143 141 122 
143 141 212 
143 141 139 
143 141 138 
143 122 212 
143 122 210 
143 122 138 
143 212 210 
143 212 139 
143 212 138 
143 210 138 
143 139 138 
226 208 206 
226 208 124 
226 208 210 
226 208 201 
226 208 207 
226 229 231 
226 206 201 
226 206 207 
226 124 210 
226 124 207 
226 231 201 
226 210 207 
226 201 207 
268 271 269 
268 271 272 
268 269 272 
141 122 212 
141 122 138 
141 122 135 
141 136 212 
141 136 139 
141 136 138 
141 136 135 
141 212 139 
141 212 138 
141 212 135 
141 139 138 
141 139 135 
141 138 135 
165 164 169 
165 164 167 
165 164 249 
165 164 163 
165 164 157 
165 248 249 
165 169 167 
165 169 190 
165 169 194 
165 169 163 
165 167 190 
165 167 163 
165 167 157 
165 190 194 
165 249 163 
165 249 157 
165 163 157 
164 169 167 
164 169 163 
164 167 161 
164 167 163 
164 167 157 
164 161 163 
164 161 157 
164 249 163 
164 249 157 
164 163 157 
242 244 245 
242 244 194 
242 244 196 
242 245 248 
242 245 194 
242 245 196 
242 248 196 
242 194 196 
242 194 193 
242 196 193 
244 245 194 
244 245 196 
244 194 196 
208 122 124 
208 122 123 
208 122 210 
208 206 205 
208 206 126 
208 206 201 
208 206 207 
208 205 201 
208 205 207 
208 124 123 
208 124 127 
208 124 126 
208 124 210 
208 124 207 
208 123 127 
208 123 126 
208 123 210 
208 127 126 
208 127 210 
208 126 210 
208 126 207 
208 210 207 
208 201 207 
251 248 250 
251 248 249 
251 248 237 
251 253 235 
251 253 159 
251 253 250 
251 253 161 
251 253 249 
251 253 163 
251 253 157 
251 253 237 
251 253 201 
251 235 250 
251 235 249 
251 235 157 
251 235 237 
251 235 201 
251 159 161 
251 159 163 
251 159 157 
251 250 249 
251 250 163 
251 250 157 
251 250 237 
251 161 163 
251 161 157 
251 249 163 
251 249 157 
251 249 237 
251 163 157 
251 157 237 
251 237 201 
229 261 231 
229 261 232 
229 231 232 
245 248 196 
245 194 196 
122 124 123 
122 124 212 
122 124 132 
122 124 210 
122 124 138 
122 124 135 
122 123 212 
122 123 132 
122 123 210 
122 123 138 
122 123 135 
122 212 132 
122 212 210 
122 212 138 
122 212 135 
122 132 210 
122 132 138 
122 132 135 
122 210 138 
122 138 135 
206 205 235 
206 205 201 
206 205 207 
206 235 237 
206 235 201 
206 235 207 
206 126 207 
206 237 201 
206 237 207 
206 201 207 
205 235 201 
205 235 207 
205 201 207 
248 250 197 
248 250 249 
248 250 237 
248 196 197 
248 196 249 
248 196 237 
248 197 249 
248 197 237 
248 249 237 
440 438 439 
440 438 441 
440 438 436 
440 438 442 
440 439 441 
440 439 436 
440 439 442 
440 441 436 
440 441 442 
440 436 442 
136 123 134 
136 123 212 
136 123 132 
136 123 139 
136 123 138 
136 123 135 
136 134 132 
136 134 139 
136 134 138 
136 134 135 
136 212 132 
136 212 139 
136 212 138 
136 212 135 
136 132 139 
136 132 138 
136 132 135 
136 139 138 
136 139 135 
136 138 135 
293 296 300 
293 296 297 
293 296 299 
293 296 290 
293 296 292 
293 300 297 
293 300 299 
293 297 299 
293 297 290 
293 297 292 
293 299 292 
293 321 290 
293 321 292 
293 290 292 
296 300 297 
296 300 299 
296 297 299 
296 297 290 
296 297 292 
296 299 292 
296 290 292 
300 297 299 
438 439 441 
438 439 436 
438 439 442 
438 441 436 
438 441 442 
438 436 442 
124 123 127 
124 123 212 
124 123 126 
124 123 132 
124 123 210 
124 123 138 
124 123 135 
124 127 126 
124 127 132 
124 127 210 
124 127 135 
124 212 132 
124 212 210 
124 212 138 
124 212 135 
124 126 132 
124 126 210 
124 126 207 
124 132 210 
124 132 138 
124 132 135 
124 210 138 
124 210 207 
124 138 135 
169 167 190 
169 167 163 
169 190 218 
169 190 194 
439 441 436 
439 441 442 
439 436 442 
167 253 161 
167 253 163 
167 253 157 
167 161 163 
167 161 157 
167 163 157 
123 127 134 
123 127 126 
123 127 132 
123 127 210 
123 127 135 
123 134 132 
123 134 139 
123 134 138 
123 134 135 
123 212 132 
123 212 210 
123 212 139 
123 212 138 
123 212 135 
123 126 132 
123 126 210 
123 132 210 
123 132 139 
123 132 138 
123 132 135 
123 210 138 
123 139 138 
123 139 135 
123 138 135 
127 130 134 
127 130 126 
127 130 196 
127 130 197 
127 130 132 
127 130 135 
127 134 132 
127 134 135 
127 126 196 
127 126 197 
127 126 132 
127 126 210 
127 196 197 
127 196 132 
127 197 132 
127 132 210 
127 132 135 
130 190 194 
130 190 193 
130 134 132 
130 134 135 
130 134 193 
130 194 196 
130 194 197 
130 194 132 
130 194 193 
130 126 196 
130 126 197 
130 126 132 
130 196 197 
130 196 132 
130 196 193 
130 197 132 
130 197 193 
130 132 135 
130 132 193 
297 299 292 
297 290 292 
326 325 322 
326 325 321 
326 325 329 
326 322 321 
326 322 329 
217 190 218 
217 218 139 
325 322 321 
325 322 329 
253 235 250 
253 235 249 
253 235 157 
253 235 237 
253 235 201 
253 235 232 
253 159 161 
253 159 163 
253 159 157 
253 250 249 
253 250 163 
253 250 157 
253 250 237 
253 161 163 
253 161 157 
253 249 163 
253 249 157 
253 249 237 
253 163 157 
253 157 237 
253 237 201 
190 218 193 
190 194 193 
235 250 249 
235 250 157 
235 250 237 
235 231 201 
235 231 232 
235 249 157 
235 249 237 
235 157 237 
235 237 201 
235 237 207 
235 201 207 
159 161 163 
159 161 157 
159 163 157 
134 132 139 
134 132 138 
134 132 135 
134 132 193 
134 139 138 
134 139 135 
134 138 135 
212 132 210 
212 132 139 
212 132 138 
212 132 135 
212 210 138 
212 139 138 
212 139 135 
212 138 135 
250 197 249 
250 197 237 
250 249 163 
250 249 157 
250 249 237 
250 163 157 
250 157 237 
194 196 197 
194 196 132 
194 196 193 
194 197 132 
194 197 193 
194 132 193 
261 231 232 
161 163 157 
322 321 316 
322 321 292 
322 316 292 
126 196 197 
126 196 132 
126 197 132 
126 132 210 
126 210 207 
441 436 442 
196 197 132 
196 197 249 
196 197 237 
196 197 193 
196 132 193 
196 249 237 
271 269 272 
197 132 193 
197 249 237 
132 210 138 
132 139 138 
132 139 135 
132 138 135 
321 316 292 
321 290 292 
139 138 135 
249 163 157 
249 157 237 
237 201 207 
