326 329 334 
326 329 333 
326 329 327 
326 329 325 
326 334 333 
326 334 327 
326 319 321 
326 319 325 
326 333 327 
326 333 325 
326 327 321 
326 327 325 
326 321 325 
245 242 248 
245 242 194 
245 242 196 
245 248 196 
245 194 196 
329 336 334 
329 336 333 
329 334 333 
329 334 327 
329 333 327 
329 333 401 
329 333 325 
329 327 401 
329 327 325 
329 401 325 
266 265 268 
266 265 146 
266 265 267 
266 265 178 
266 265 263 
266 265 262 
266 268 146 
266 268 267 
266 268 272 
266 146 267 
266 146 178 
266 267 178 
266 267 263 
266 267 262 
266 267 272 
266 178 263 
266 178 262 
266 263 262 
265 268 146 
265 268 267 
265 146 267 
265 146 178 
265 267 178 
265 267 263 
265 267 262 
265 178 263 
265 178 261 
265 178 262 
265 263 261 
265 263 262 
265 261 262 
251 159 157 
251 159 160 
251 159 163 
251 159 162 
251 250 248 
251 250 157 
251 250 249 
251 250 163 
251 250 235 
251 250 237 
251 248 249 
251 248 237 
251 157 249 
251 157 160 
251 157 163 
251 157 235 
251 157 237 
251 157 162 
251 249 163 
251 249 235 
251 249 237 
251 160 163 
251 160 162 
251 163 162 
251 235 237 
251 235 201 
251 237 201 
268 146 267 
268 267 273 
268 267 272 
268 273 272 
142 146 144 
142 141 140 
142 141 137 
142 141 139 
142 141 144 
142 141 138 
142 140 137 
142 140 139 
142 140 144 
142 140 138 
142 137 139 
142 137 138 
142 139 138 
300 293 296 
300 293 297 
300 293 299 
300 296 297 
300 296 301 
300 296 299 
300 296 311 
300 297 301 
300 297 299 
300 297 311 
300 301 299 
300 299 311 
159 157 160 
159 157 163 
159 157 162 
159 160 163 
159 160 162 
159 163 162 
336 334 333 
336 334 407 
336 334 337 
336 403 333 
336 403 339 
336 403 338 
336 403 406 
336 403 407 
336 403 337 
336 333 407 
336 333 337 
336 339 408 
336 339 338 
336 339 406 
336 339 407 
336 339 337 
336 408 406 
336 408 407 
336 408 337 
336 338 406 
336 338 407 
336 338 337 
336 406 407 
336 406 337 
336 407 337 
164 157 165 
164 157 249 
164 157 163 
164 157 167 
164 157 162 
164 165 249 
164 165 163 
164 165 167 
164 165 162 
164 249 163 
164 163 167 
164 163 162 
164 167 162 
146 267 178 
242 248 196 
242 194 196 
250 248 249 
250 248 237 
250 157 249 
250 157 163 
250 157 235 
250 157 237 
250 249 163 
250 249 235 
250 249 237 
250 235 237 
141 140 137 
141 140 136 
141 140 139 
141 140 144 
141 140 216 
141 140 138 
141 137 136 
141 137 139 
141 137 138 
141 137 122 
141 136 139 
141 136 216 
141 136 138 
141 139 216 
141 139 138 
141 216 138 
141 138 122 
140 137 136 
140 137 139 
140 137 138 
140 137 134 
140 136 139 
140 136 216 
140 136 138 
140 136 134 
140 139 216 
140 139 218 
140 139 219 
140 139 138 
140 139 134 
140 216 218 
140 216 219 
140 216 138 
140 216 134 
140 218 219 
140 219 134 
140 138 134 
248 165 249 
248 249 237 
248 249 196 
248 237 196 
334 333 327 
334 333 390 
334 333 407 
334 333 337 
334 390 407 
334 407 337 
357 360 359 
357 360 358 
357 359 358 
400 403 419 
400 403 401 
400 327 401 
400 419 401 
400 428 401 
400 428 399 
400 401 399 
360 359 358 
360 359 362 
360 359 364 
360 362 364 
360 362 365 
360 364 365 
293 296 318 
293 296 313 
293 296 297 
293 296 299 
293 296 282 
293 296 292 
293 296 291 
293 318 313 
293 318 321 
293 318 292 
293 318 288 
293 318 291 
293 318 287 
293 313 299 
293 313 282 
293 313 321 
293 313 292 
293 313 288 
293 313 291 
293 286 282 
293 286 285 
293 286 292 
293 286 288 
293 286 291 
293 286 287 
293 297 299 
293 297 282 
293 297 292 
293 297 291 
293 299 282 
293 299 292 
293 282 285 
293 282 292 
293 282 288 
293 282 291 
293 282 287 
293 321 292 
293 321 288 
293 321 291 
293 321 287 
293 285 292 
293 285 288 
293 285 291 
293 285 287 
293 292 288 
293 292 291 
293 292 287 
293 288 291 
293 288 287 
293 291 287 
296 318 313 
296 318 312 
296 318 311 
296 318 292 
296 318 291 
296 313 312 
296 313 299 
296 313 311 
296 313 282 
296 313 292 
296 313 291 
296 312 299 
296 312 311 
296 312 292 
296 297 301 
296 297 299 
296 297 311 
296 297 282 
296 297 292 
296 297 291 
296 297 279 
296 301 299 
296 301 279 
296 299 311 
296 299 282 
296 299 292 
296 299 279 
296 311 292 
296 282 292 
296 282 291 
296 282 279 
296 292 291 
296 291 279 
121 137 138 
121 137 122 
121 138 122 
439 436 441 
439 436 440 
439 436 438 
439 436 437 
439 441 440 
439 441 438 
439 441 437 
439 440 438 
439 440 437 
439 438 437 
283 286 280 
283 286 284 
283 286 282 
283 286 285 
283 286 292 
283 286 288 
283 286 291 
283 286 287 
283 280 284 
283 280 282 
283 280 285 
283 280 291 
283 280 279 
283 284 282 
283 284 285 
283 284 288 
283 284 291 
283 284 287 
283 284 279 
283 282 285 
283 282 292 
283 282 288 
283 282 291 
283 282 287 
283 282 279 
283 285 292 
283 285 288 
283 285 291 
283 285 287 
283 285 279 
283 292 288 
283 292 291 
283 292 287 
283 288 291 
283 288 287 
283 291 287 
283 291 279 
318 313 312 
318 313 319 
318 313 311 
318 313 316 
318 313 321 
318 313 292 
318 313 288 
318 313 291 
318 312 319 
318 312 311 
318 312 316 
318 312 292 
318 319 316 
318 319 321 
318 319 292 
318 319 288 
318 319 325 
318 311 316 
318 311 292 
318 316 321 
318 316 292 
318 316 288 
318 316 291 
318 321 292 
318 321 288 
318 321 291 
318 321 325 
318 321 287 
318 292 288 
318 292 291 
318 292 287 
318 288 291 
318 288 325 
318 288 287 
318 291 287 
157 165 249 
157 165 163 
157 165 167 
157 165 162 
157 249 163 
157 249 235 
157 249 237 
157 160 163 
157 160 162 
157 163 167 
157 163 162 
157 167 162 
157 235 237 
359 358 455 
359 362 364 
267 178 263 
267 178 262 
267 273 272 
267 263 262 
424 426 425 
424 426 421 
424 426 428 
424 425 421 
424 425 428 
424 421 419 
165 249 163 
165 163 167 
165 163 162 
165 167 162 
249 235 237 
249 237 196 
137 136 139 
137 136 138 
137 136 134 
137 139 138 
137 139 134 
137 138 122 
137 138 134 
436 441 440 
436 441 438 
436 441 437 
436 440 438 
436 440 437 
436 438 437 
436 437 390 
403 333 401 
403 333 407 
403 333 337 
403 419 401 
403 339 338 
403 339 406 
403 339 407 
403 339 337 
403 338 406 
403 338 407 
403 338 337 
403 406 407 
403 406 337 
403 407 337 
313 312 319 
313 312 299 
313 312 311 
313 312 316 
313 312 292 
313 319 316 
313 319 321 
313 319 292 
313 319 288 
313 299 311 
313 299 282 
313 299 292 
313 311 316 
313 311 292 
313 316 321 
313 316 292 
313 316 288 
313 316 291 
313 282 292 
313 282 288 
313 282 291 
313 321 292 
313 321 288 
313 321 291 
313 292 288 
313 292 291 
313 288 291 
286 280 284 
286 280 282 
286 280 285 
286 280 291 
286 284 282 
286 284 285 
286 284 288 
286 284 291 
286 284 287 
286 428 287 
286 428 399 
286 282 285 
286 282 292 
286 282 288 
286 282 291 
286 282 287 
286 285 292 
286 285 288 
286 285 291 
286 285 287 
286 292 288 
286 292 291 
286 292 287 
286 288 291 
286 288 287 
286 288 399 
286 291 287 
286 287 399 
160 163 162 
163 167 162 
312 319 316 
312 319 292 
312 299 311 
312 299 292 
312 311 316 
312 311 292 
312 316 292 
441 440 438 
441 440 437 
441 438 437 
426 425 421 
426 425 428 
426 425 452 
319 316 321 
319 316 292 
319 316 288 
319 321 292 
319 321 288 
319 321 325 
319 292 288 
319 288 325 
235 203 204 
235 203 201 
235 203 206 
235 204 237 
235 204 201 
235 204 206 
235 237 201 
235 237 206 
235 201 206 
203 204 201 
203 204 206 
203 201 206 
178 263 261 
178 263 262 
178 261 262 
204 237 201 
204 237 206 
204 201 206 
440 438 437 
273 280 279 
273 272 279 
136 139 216 
136 139 138 
136 139 134 
136 216 138 
136 216 134 
136 138 134 
280 284 282 
280 284 285 
280 284 291 
280 284 279 
280 282 285 
280 282 291 
280 282 279 
280 285 291 
280 285 279 
280 291 279 
297 301 299 
297 301 279 
297 299 311 
297 299 282 
297 299 292 
297 299 279 
297 311 292 
297 282 292 
297 282 291 
297 282 279 
297 292 291 
297 291 279 
284 282 285 
284 282 288 
284 282 291 
284 282 287 
284 282 279 
284 285 288 
284 285 291 
284 285 287 
284 285 279 
284 288 291 
284 288 287 
284 291 287 
284 291 279 
139 216 218 
139 216 219 
139 216 138 
139 216 134 
139 218 219 
139 219 134 
139 138 134 
301 299 305 
301 299 279 
237 201 206 
333 327 401 
333 327 325 
333 401 325 
333 390 407 
333 407 337 
421 419 379 
299 311 292 
299 311 305 
299 282 292 
299 282 279 
311 316 292 
316 321 292 
316 321 288 
316 321 291 
316 292 288 
316 292 291 
316 288 291 
263 261 262 
327 321 325 
327 401 325 
419 379 378 
339 408 406 
339 408 407 
339 408 337 
339 338 406 
339 338 407 
339 338 337 
339 338 341 
339 406 407 
339 406 337 
339 406 341 
339 407 337 
339 337 341 
428 401 399 
428 287 399 
216 218 219 
216 219 134 
216 138 134 
362 364 365 
282 285 292 
282 285 288 
282 285 291 
282 285 287 
282 285 279 
282 292 288 
282 292 291 
282 292 287 
282 288 291 
282 288 287 
282 291 287 
282 291 279 
321 292 288 
321 292 291 
321 292 287 
321 288 291 
321 288 325 
321 288 287 
321 291 287 
285 292 288 
285 292 291 
285 292 287 
285 288 291 
285 288 287 
285 291 287 
285 291 279 
292 288 291 
292 288 287 
292 291 287 
408 390 407 
408 406 407 
408 406 337 
408 407 410 
408 407 337 
288 291 287 
288 287 399 
338 406 407 
338 406 337 
338 406 341 
338 407 337 
338 337 341 
406 407 337 
406 337 341 
343 341 379 
343 341 378 
343 379 378 
341 379 378 
