297 293 296 
297 293 291 
297 293 282 
297 293 290 
297 293 299 
297 293 292 
297 293 281 
297 293 295 
297 293 314 
297 296 301 
297 296 291 
297 296 279 
297 296 282 
297 296 290 
297 296 299 
297 296 292 
297 296 281 
297 296 295 
297 296 314 
297 301 279 
297 301 299 
297 301 295 
297 291 279 
297 291 282 
297 291 290 
297 291 292 
297 291 281 
297 291 295 
297 291 314 
297 279 282 
297 279 299 
297 279 281 
297 279 295 
297 282 290 
297 282 299 
297 282 292 
297 282 281 
297 282 295 
297 282 314 
297 290 292 
297 290 281 
297 290 295 
297 290 314 
297 299 292 
297 299 295 
297 299 314 
297 292 281 
297 292 295 
297 292 314 
297 281 295 
297 295 314 
438 440 441 
438 440 442 
438 440 435 
438 440 437 
438 441 442 
438 441 435 
438 441 437 
438 442 435 
438 435 437 
164 165 162 
164 165 167 
164 165 157 
164 162 167 
164 162 157 
164 167 157 
319 316 288 
319 316 313 
319 316 312 
319 316 322 
319 316 292 
319 316 321 
319 316 318 
319 316 314 
319 288 313 
319 288 322 
319 288 292 
319 288 321 
319 288 318 
319 288 314 
319 288 325 
319 313 312 
319 313 292 
319 313 321 
319 313 318 
319 313 314 
319 312 292 
319 312 318 
319 312 314 
319 322 292 
319 322 321 
319 322 326 
319 322 318 
319 322 325 
319 292 321 
319 292 318 
319 292 314 
319 321 326 
319 321 318 
319 321 314 
319 321 325 
319 326 325 
319 318 314 
319 318 325 
440 441 442 
440 441 435 
440 441 443 
440 441 437 
440 442 435 
440 442 443 
440 435 443 
440 435 437 
356 284 355 
356 428 444 
356 428 355 
356 359 358 
356 359 361 
356 359 355 
356 358 361 
356 358 355 
356 361 444 
356 361 355 
356 444 355 
316 288 313 
316 288 291 
316 288 322 
316 288 292 
316 288 321 
316 288 295 
316 288 318 
316 288 314 
316 313 291 
316 313 312 
316 313 292 
316 313 321 
316 313 295 
316 313 318 
316 313 314 
316 291 292 
316 291 321 
316 291 295 
316 291 318 
316 291 314 
316 312 292 
316 312 295 
316 312 318 
316 312 314 
316 322 292 
316 322 321 
316 322 318 
316 292 321 
316 292 295 
316 292 318 
316 292 314 
316 321 318 
316 321 314 
316 295 318 
316 295 314 
316 318 314 
165 162 167 
165 162 157 
165 167 190 
165 167 157 
165 190 194 
165 190 240 
165 190 191 
165 194 240 
165 194 191 
165 240 191 
288 283 284 
288 283 291 
288 283 282 
288 283 290 
288 283 292 
288 283 285 
288 283 295 
288 293 313 
288 293 291 
288 293 282 
288 293 290 
288 293 292 
288 293 285 
288 293 321 
288 293 295 
288 293 318 
288 293 314 
288 284 291 
288 284 282 
288 284 290 
288 284 285 
288 313 291 
288 313 282 
288 313 292 
288 313 321 
288 313 295 
288 313 318 
288 313 314 
288 291 282 
288 291 290 
288 291 292 
288 291 443 
288 291 285 
288 291 321 
288 291 295 
288 291 318 
288 291 314 
288 282 290 
288 282 292 
288 282 285 
288 282 295 
288 282 314 
288 322 292 
288 322 321 
288 322 318 
288 322 325 
288 290 292 
288 290 443 
288 290 285 
288 290 321 
288 290 295 
288 290 318 
288 290 444 
288 290 314 
288 292 285 
288 292 321 
288 292 295 
288 292 318 
288 292 314 
288 443 285 
288 443 444 
288 443 325 
288 285 295 
288 285 444 
288 321 318 
288 321 314 
288 321 325 
288 295 318 
288 295 314 
288 318 314 
288 318 325 
283 284 291 
283 284 279 
283 284 282 
283 284 290 
283 284 276 
283 284 281 
283 284 285 
283 291 279 
283 291 282 
283 291 290 
283 291 292 
283 291 281 
283 291 285 
283 291 295 
283 279 282 
283 279 276 
283 279 281 
283 279 285 
283 279 275 
283 279 295 
283 282 290 
283 282 276 
283 282 292 
283 282 281 
283 282 285 
283 282 275 
283 282 295 
283 290 292 
283 290 281 
283 290 285 
283 290 295 
283 276 281 
283 276 275 
283 292 281 
283 292 285 
283 292 295 
283 281 285 
283 281 275 
283 281 295 
283 285 295 
293 313 296 
293 313 291 
293 313 282 
293 313 299 
293 313 292 
293 313 321 
293 313 295 
293 313 318 
293 313 314 
293 296 291 
293 296 282 
293 296 290 
293 296 299 
293 296 292 
293 296 281 
293 296 295 
293 296 318 
293 296 314 
293 291 282 
293 291 290 
293 291 292 
293 291 281 
293 291 285 
293 291 321 
293 291 295 
293 291 318 
293 291 314 
293 282 290 
293 282 299 
293 282 292 
293 282 281 
293 282 285 
293 282 295 
293 282 314 
293 290 292 
293 290 281 
293 290 285 
293 290 321 
293 290 295 
293 290 318 
293 290 314 
293 299 292 
293 299 295 
293 299 314 
293 292 281 
293 292 285 
293 292 321 
293 292 295 
293 292 318 
293 292 314 
293 281 285 
293 281 295 
293 285 295 
293 321 318 
293 321 314 
293 295 318 
293 295 314 
293 318 314 
243 194 240 
243 194 245 
243 194 244 
243 240 245 
243 240 244 
243 245 244 
162 167 157 
162 157 159 
162 157 158 
162 159 158 
167 190 172 
167 190 171 
167 172 171 
167 172 152 
167 171 152 
180 178 147 
180 178 182 
180 178 262 
180 178 177 
180 147 262 
180 147 177 
180 182 262 
180 182 177 
180 262 177 
284 291 279 
284 291 282 
284 291 290 
284 291 281 
284 291 285 
284 279 282 
284 279 276 
284 279 281 
284 279 285 
284 282 290 
284 282 276 
284 282 281 
284 282 285 
284 290 281 
284 290 285 
284 276 281 
284 281 285 
284 285 355 
313 296 291 
313 296 312 
313 296 282 
313 296 299 
313 296 292 
313 296 308 
313 296 295 
313 296 318 
313 296 314 
313 291 282 
313 291 292 
313 291 321 
313 291 295 
313 291 318 
313 291 314 
313 312 299 
313 312 292 
313 312 308 
313 312 295 
313 312 318 
313 312 314 
313 282 299 
313 282 292 
313 282 295 
313 282 314 
313 299 292 
313 299 308 
313 299 295 
313 299 314 
313 292 321 
313 292 295 
313 292 318 
313 292 314 
313 308 295 
313 308 314 
313 321 318 
313 321 314 
313 295 318 
313 295 314 
313 318 314 
401 419 403 
401 329 325 
296 301 279 
296 301 299 
296 301 295 
296 291 279 
296 291 282 
296 291 290 
296 291 292 
296 291 281 
296 291 295 
296 291 318 
296 291 314 
296 279 282 
296 279 299 
296 279 281 
296 279 295 
296 312 299 
296 312 292 
296 312 308 
296 312 295 
296 312 318 
296 312 314 
296 282 290 
296 282 299 
296 282 292 
296 282 281 
296 282 295 
296 282 314 
296 290 292 
296 290 281 
296 290 295 
296 290 318 
296 290 314 
296 299 292 
296 299 308 
296 299 295 
296 299 314 
296 292 281 
296 292 295 
296 292 318 
296 292 314 
296 281 295 
296 308 295 
296 308 314 
296 295 318 
296 295 314 
296 318 314 
301 279 299 
301 279 275 
301 279 295 
301 299 305 
301 299 295 
301 275 305 
291 279 282 
291 279 281 
291 279 285 
291 279 295 
291 282 290 
291 282 292 
291 282 281 
291 282 285 
291 282 295 
291 282 314 
291 290 292 
291 290 281 
291 290 443 
291 290 285 
291 290 321 
291 290 295 
291 290 318 
291 290 314 
291 292 281 
291 292 285 
291 292 321 
291 292 295 
291 292 318 
291 292 314 
291 281 285 
291 281 295 
291 443 285 
291 285 295 
291 321 318 
291 321 314 
291 295 318 
291 295 314 
291 318 314 
441 442 435 
441 442 443 
441 442 444 
441 435 443 
441 435 437 
441 443 444 
441 443 325 
120 121 119 
419 379 421 
178 147 265 
178 147 146 
178 147 145 
178 147 266 
178 147 262 
178 147 263 
178 147 177 
178 147 267 
178 265 146 
178 265 145 
178 265 266 
178 265 262 
178 265 261 
178 265 263 
178 265 177 
178 265 267 
178 146 145 
178 146 266 
178 146 177 
178 146 267 
178 145 177 
178 145 267 
178 182 262 
178 182 261 
178 182 177 
178 182 229 
178 266 262 
178 266 263 
178 266 267 
178 262 261 
178 262 263 
178 262 177 
178 262 229 
178 262 267 
178 261 263 
178 261 177 
178 261 229 
178 263 177 
178 263 267 
178 177 267 
428 444 355 
147 265 146 
147 265 145 
147 265 268 
147 265 266 
147 265 262 
147 265 269 
147 265 263 
147 265 177 
147 265 267 
147 265 270 
147 146 144 
147 146 145 
147 146 268 
147 146 266 
147 146 269 
147 146 177 
147 146 267 
147 146 270 
147 144 145 
147 144 177 
147 145 268 
147 145 177 
147 145 267 
147 268 266 
147 268 269 
147 268 267 
147 268 270 
147 266 262 
147 266 269 
147 266 263 
147 266 267 
147 266 270 
147 262 263 
147 262 177 
147 262 267 
147 269 267 
147 269 270 
147 263 177 
147 263 267 
147 263 270 
147 177 267 
147 267 270 
279 282 276 
279 282 299 
279 282 281 
279 282 285 
279 282 275 
279 282 295 
279 273 276 
279 273 272 
279 273 275 
279 276 281 
279 276 272 
279 276 275 
279 299 295 
279 281 285 
279 281 275 
279 281 295 
279 272 275 
279 285 295 
190 194 240 
190 194 191 
190 194 219 
190 240 191 
190 172 171 
190 191 218 
190 191 171 
190 191 217 
190 191 216 
190 191 219 
190 218 171 
190 218 217 
190 218 216 
190 218 219 
190 171 219 
190 217 216 
190 217 219 
190 216 219 
265 146 145 
265 146 268 
265 146 266 
265 146 269 
265 146 177 
265 146 267 
265 146 270 
265 145 268 
265 145 177 
265 145 267 
265 268 266 
265 268 269 
265 268 267 
265 268 270 
265 266 262 
265 266 269 
265 266 263 
265 266 267 
265 266 270 
265 262 261 
265 262 263 
265 262 177 
265 262 267 
265 269 267 
265 269 270 
265 261 263 
265 261 177 
265 263 177 
265 263 267 
265 263 270 
265 177 267 
265 267 270 
403 338 335 
312 299 292 
312 299 308 
312 299 295 
312 299 314 
312 292 295 
312 292 318 
312 292 314 
312 308 295 
312 308 314 
312 295 318 
312 295 314 
312 318 314 
194 240 245 
194 240 244 
194 240 191 
194 245 244 
194 191 219 
442 290 443 
442 290 444 
442 435 443 
442 443 444 
146 144 145 
146 144 142 
146 144 177 
146 145 268 
146 145 142 
146 145 177 
146 145 267 
146 268 266 
146 268 269 
146 268 267 
146 268 270 
146 266 269 
146 266 267 
146 266 270 
146 269 267 
146 269 270 
146 177 267 
146 267 270 
144 145 142 
144 145 177 
144 142 141 
359 358 361 
359 358 455 
359 358 451 
359 358 355 
359 361 355 
359 455 451 
240 245 244 
145 268 267 
145 177 267 
282 290 292 
282 290 281 
282 290 285 
282 290 295 
282 290 314 
282 276 281 
282 276 275 
282 299 292 
282 299 295 
282 299 314 
282 292 281 
282 292 285 
282 292 295 
282 292 314 
282 281 285 
282 281 275 
282 281 295 
282 285 295 
282 295 314 
273 268 269 
273 268 272 
273 268 275 
273 268 267 
273 268 270 
273 276 272 
273 276 275 
273 276 270 
273 172 152 
273 269 272 
273 269 275 
273 269 267 
273 269 270 
273 272 275 
273 272 267 
273 272 270 
273 275 270 
273 267 270 
322 292 321 
322 292 318 
322 329 326 
322 329 325 
322 321 326 
322 321 318 
322 321 325 
322 326 325 
322 318 325 
290 292 281 
290 292 285 
290 292 321 
290 292 295 
290 292 318 
290 292 314 
290 281 285 
290 281 295 
290 443 285 
290 443 444 
290 285 295 
290 285 444 
290 321 318 
290 321 314 
290 295 318 
290 295 314 
290 318 314 
268 266 269 
268 266 272 
268 266 267 
268 266 270 
268 269 272 
268 269 275 
268 269 267 
268 269 270 
268 272 275 
268 272 267 
268 272 270 
268 275 270 
268 267 270 
276 281 275 
276 272 275 
276 272 270 
276 275 270 
182 262 261 
182 262 177 
182 262 229 
182 262 228 
182 261 177 
182 261 229 
182 261 228 
182 229 228 
299 292 295 
299 292 314 
299 308 305 
299 308 295 
299 308 314 
299 295 314 
157 159 158 
157 158 250 
292 281 285 
292 281 295 
292 285 295 
292 321 318 
292 321 314 
292 295 318 
292 295 314 
292 318 314 
172 171 152 
172 152 257 
281 285 295 
191 218 171 
191 218 217 
191 218 216 
191 218 219 
191 171 219 
191 217 216 
191 217 219 
191 216 219 
443 285 444 
443 285 355 
443 444 355 
266 262 263 
266 262 267 
266 269 272 
266 269 267 
266 269 270 
266 272 267 
266 272 270 
266 263 267 
266 263 270 
266 267 270 
262 261 263 
262 261 177 
262 261 229 
262 261 228 
262 263 177 
262 263 267 
262 177 267 
262 229 228 
358 361 355 
358 455 456 
358 455 451 
358 456 451 
269 272 275 
269 272 267 
269 272 270 
269 275 270 
269 267 270 
261 263 177 
261 229 228 
308 295 314 
218 171 219 
218 217 216 
218 217 219 
218 216 219 
329 326 325 
329 326 334 
329 334 335 
272 275 270 
272 267 270 
285 444 355 
263 177 267 
263 267 270 
258 152 257 
321 326 325 
321 318 314 
321 318 325 
349 455 451 
349 347 370 
349 370 451 
361 444 355 
217 216 219 
295 318 314 
455 456 451 
