244 243 242 
244 243 245 
244 242 245 
244 242 196 
244 245 196 
127 124 123 
127 124 208 
127 124 125 
127 124 132 
127 124 209 
127 124 198 
127 134 123 
127 134 130 
127 134 132 
127 123 208 
127 123 125 
127 123 132 
127 123 209 
127 197 130 
127 197 196 
127 197 125 
127 197 132 
127 197 209 
127 197 198 
127 208 125 
127 208 209 
127 208 198 
127 130 196 
127 130 125 
127 130 132 
127 130 198 
127 196 125 
127 196 132 
127 196 198 
127 125 132 
127 125 209 
127 125 198 
127 132 209 
127 132 198 
127 209 198 
243 242 245 
242 245 248 
242 245 196 
242 193 196 
242 248 196 
124 123 122 
124 123 208 
124 123 125 
124 123 132 
124 123 209 
124 122 208 
124 122 125 
124 122 132 
124 122 209 
124 208 125 
124 208 209 
124 208 198 
124 208 207 
124 125 132 
124 125 209 
124 125 198 
124 125 207 
124 132 209 
124 132 198 
124 209 198 
124 209 207 
124 198 207 
206 208 125 
206 208 201 
206 208 209 
206 208 198 
206 208 207 
206 125 209 
206 125 198 
206 125 207 
206 201 209 
206 201 228 
206 201 198 
206 201 203 
206 201 207 
206 209 198 
206 209 207 
206 228 203 
206 228 207 
206 198 207 
206 203 207 
134 136 139 
134 136 123 
134 136 140 
134 136 132 
134 139 123 
134 139 140 
134 139 132 
134 123 132 
134 193 130 
134 193 132 
134 130 132 
165 190 169 
165 190 167 
165 169 164 
165 169 167 
165 169 163 
165 164 167 
165 164 163 
165 164 249 
165 164 162 
165 248 249 
165 167 163 
165 167 162 
165 163 249 
165 163 162 
190 169 167 
190 169 220 
190 193 130 
190 193 220 
190 130 220 
245 248 196 
250 197 248 
250 197 249 
250 197 198 
250 251 248 
250 251 158 
250 251 163 
250 251 249 
250 251 198 
250 248 249 
250 248 198 
250 158 163 
250 158 249 
250 163 249 
250 249 198 
169 164 167 
169 164 163 
169 167 163 
136 139 123 
136 139 140 
136 139 132 
136 123 132 
283 277 279 
283 277 275 
283 277 282 
283 277 281 
283 279 275 
283 279 291 
283 279 282 
283 279 281 
283 286 291 
283 286 288 
283 286 282 
283 286 281 
283 275 282 
283 275 281 
283 291 288 
283 291 282 
283 291 281 
283 288 282 
283 282 281 
139 123 132 
139 140 142 
139 140 220 
123 122 208 
123 122 125 
123 122 132 
123 122 209 
123 208 125 
123 208 209 
123 125 132 
123 125 209 
123 132 209 
197 193 130 
197 193 196 
197 193 132 
197 130 196 
197 130 125 
197 130 132 
197 130 198 
197 248 196 
197 248 249 
197 248 198 
197 196 125 
197 196 132 
197 196 249 
197 196 198 
197 125 132 
197 125 209 
197 125 198 
197 132 209 
197 132 198 
197 249 198 
197 209 198 
193 130 196 
193 130 132 
193 130 220 
193 196 132 
122 208 125 
122 208 209 
122 125 132 
122 125 209 
122 132 209 
251 248 249 
251 248 198 
251 158 163 
251 158 249 
251 158 162 
251 158 161 
251 201 198 
251 163 249 
251 163 162 
251 163 161 
251 249 198 
251 162 161 
208 125 209 
208 125 198 
208 125 207 
208 201 209 
208 201 198 
208 201 207 
208 209 198 
208 209 207 
208 198 207 
164 167 163 
164 167 162 
164 167 161 
164 163 249 
164 163 162 
164 163 161 
164 162 161 
130 196 125 
130 196 132 
130 196 198 
130 125 132 
130 125 198 
130 132 198 
248 196 249 
248 196 198 
248 249 198 
277 301 279 
277 301 275 
277 279 275 
277 279 273 
277 279 282 
277 279 281 
277 275 273 
277 275 282 
277 275 281 
277 273 152 
277 282 281 
196 125 132 
196 125 198 
196 132 198 
196 249 198 
258 259 230 
258 259 152 
258 259 257 
258 259 231 
258 259 232 
258 259 261 
258 230 231 
258 230 232 
258 230 261 
258 152 257 
258 152 232 
258 257 231 
258 257 232 
258 231 232 
258 231 261 
258 232 261 
158 163 249 
158 163 162 
158 163 161 
158 162 161 
301 279 275 
301 279 303 
301 279 306 
301 275 305 
301 275 303 
301 275 306 
301 300 303 
301 300 306 
301 305 303 
301 305 306 
301 303 306 
279 275 273 
279 275 282 
279 275 303 
279 275 306 
279 275 281 
279 291 282 
279 291 281 
279 282 281 
279 303 306 
356 286 428 
286 428 396 
286 428 430 
286 396 430 
286 396 288 
286 430 288 
286 291 288 
286 291 282 
286 291 293 
286 291 281 
286 288 282 
286 288 293 
286 282 293 
286 282 281 
286 293 281 
125 132 209 
125 132 198 
125 209 198 
125 209 207 
125 198 207 
181 182 229 
181 182 228 
181 182 261 
181 229 228 
181 229 261 
181 228 261 
269 275 273 
269 273 267 
269 273 149 
269 264 266 
269 264 146 
269 264 147 
269 264 265 
269 264 267 
269 264 149 
269 266 146 
269 266 147 
269 266 265 
269 266 267 
269 266 149 
269 146 147 
269 146 265 
269 146 267 
269 146 149 
269 147 265 
269 147 267 
269 147 149 
269 265 267 
269 265 149 
269 267 149 
167 163 162 
167 163 161 
167 162 161 
275 305 303 
275 305 306 
275 282 281 
275 303 306 
424 426 428 
424 426 453 
424 426 425 
424 426 421 
424 428 425 
424 453 425 
424 419 421 
424 425 421 
182 230 229 
182 230 231 
182 230 228 
182 230 261 
182 229 231 
182 229 228 
182 229 261 
182 231 228 
182 231 261 
182 228 261 
273 152 149 
273 267 149 
454 426 453 
454 426 425 
454 453 425 
201 209 198 
201 209 207 
201 231 228 
201 231 203 
201 228 203 
201 228 207 
201 198 207 
201 203 207 
264 266 146 
264 266 147 
264 266 265 
264 266 267 
264 266 149 
264 146 147 
264 146 265 
264 146 267 
264 146 149 
264 147 265 
264 147 267 
264 147 149 
264 265 267 
264 265 149 
264 265 261 
264 267 149 
264 149 261 
145 146 142 
145 146 147 
145 146 265 
145 146 267 
145 146 149 
145 147 265 
145 147 267 
145 147 149 
145 265 267 
145 265 149 
145 267 149 
132 209 198 
163 162 161 
426 428 425 
426 453 425 
426 425 421 
266 146 147 
266 146 265 
266 146 267 
266 146 149 
266 147 265 
266 147 267 
266 147 149 
266 265 267 
266 265 149 
266 267 149 
428 396 430 
428 396 400 
428 430 400 
396 430 288 
396 430 400 
396 419 400 
146 147 265 
146 147 267 
146 147 149 
146 265 267 
146 265 149 
146 267 149 
147 265 267 
147 265 149 
147 267 149 
291 288 282 
291 288 293 
291 288 313 
291 282 293 
291 282 281 
291 282 313 
291 293 281 
291 293 313 
308 300 303 
308 300 306 
308 305 303 
308 305 306 
308 312 306 
308 312 313 
308 303 306 
308 306 313 
259 230 229 
259 230 231 
259 230 228 
259 230 232 
259 230 261 
259 152 257 
259 152 232 
259 229 231 
259 229 228 
259 229 232 
259 229 261 
259 257 231 
259 257 232 
259 231 228 
259 231 232 
259 231 261 
259 228 232 
259 228 261 
259 232 261 
300 303 306 
305 303 306 
288 282 293 
288 282 313 
288 293 313 
230 229 231 
230 229 228 
230 229 232 
230 229 261 
230 231 228 
230 231 232 
230 231 261 
230 228 232 
230 228 261 
230 232 261 
312 306 313 
282 293 281 
282 293 313 
265 267 149 
265 149 261 
209 198 207 
152 257 232 
229 231 228 
229 231 232 
229 231 261 
229 228 232 
229 228 261 
229 232 261 
257 231 232 
231 228 232 
231 228 261 
231 228 203 
231 232 261 
231 232 203 
228 232 261 
228 232 203 
228 203 207 
