164 165 163 
164 165 157 
164 165 167 
164 165 249 
164 163 157 
164 163 167 
164 163 249 
164 157 167 
164 157 249 
245 242 194 
165 163 157 
165 163 167 
165 163 249 
165 157 167 
165 157 249 
126 127 130 
126 127 197 
126 127 123 
126 127 124 
126 130 197 
126 123 124 
180 182 177 
250 163 157 
250 163 251 
250 163 249 
250 157 251 
250 157 249 
250 251 249 
250 197 249 
194 130 197 
194 130 219 
341 339 337 
341 379 377 
127 130 134 
127 130 197 
127 134 123 
127 123 124 
265 145 146 
265 145 177 
265 146 266 
265 146 177 
265 261 177 
145 146 142 
145 146 177 
339 337 336 
339 337 408 
339 336 408 
130 134 219 
261 182 177 
163 157 251 
163 157 167 
163 157 249 
163 251 249 
134 136 123 
204 206 205 
157 251 249 
337 334 336 
337 334 331 
337 336 409 
337 336 331 
337 336 408 
337 409 408 
334 336 331 
334 326 331 
336 409 408 
409 410 408 
