411 410 413 
411 410 408 
411 410 412 
411 410 388 
411 410 407 
411 410 389 
411 410 387 
411 413 408 
411 413 415 
411 413 412 
411 413 388 
411 413 407 
411 413 389 
411 413 387 
411 408 415 
411 408 412 
411 408 388 
411 408 407 
411 408 389 
411 408 387 
411 415 412 
411 415 388 
411 415 407 
411 415 389 
411 415 387 
411 412 388 
411 412 407 
411 412 389 
411 412 387 
411 388 407 
411 388 389 
411 388 387 
411 407 389 
411 407 387 
411 389 387 
410 413 408 
410 413 412 
410 413 388 
410 413 407 
410 413 389 
410 413 387 
410 408 412 
410 408 388 
410 408 407 
410 408 389 
410 408 387 
410 412 388 
410 412 407 
410 412 389 
410 412 387 
410 388 407 
410 388 389 
410 388 387 
410 407 389 
410 407 387 
410 389 387 
413 408 415 
413 408 412 
413 408 388 
413 408 407 
413 408 389 
413 408 387 
413 415 412 
413 415 388 
413 415 407 
413 415 366 
413 415 389 
413 415 387 
413 412 388 
413 412 407 
413 412 391 
413 412 366 
413 412 389 
413 412 387 
413 388 407 
413 388 391 
413 388 366 
413 388 389 
413 388 387 
413 407 389 
413 407 387 
413 391 366 
413 391 389 
413 391 387 
413 366 389 
413 366 387 
413 389 387 
268 146 266 
268 146 267 
268 146 271 
268 266 267 
268 266 271 
268 266 272 
268 267 271 
268 267 272 
268 271 275 
268 271 272 
268 275 272 
146 266 267 
146 266 271 
146 266 178 
146 267 271 
146 267 178 
146 267 177 
146 144 142 
146 144 143 
146 144 177 
146 178 177 
146 142 143 
146 143 177 
266 267 271 
266 267 178 
266 267 262 
266 267 272 
266 271 272 
266 178 262 
408 415 337 
408 415 412 
408 415 388 
408 415 407 
408 415 389 
408 415 387 
408 337 407 
408 337 336 
408 412 388 
408 412 407 
408 412 389 
408 412 387 
408 388 407 
408 388 389 
408 388 387 
408 407 336 
408 407 389 
408 407 387 
408 389 387 
161 164 162 
161 164 167 
161 164 157 
161 162 167 
161 162 251 
161 162 157 
161 162 158 
161 167 157 
161 251 157 
161 251 158 
161 157 158 
415 337 407 
415 337 338 
415 412 388 
415 412 407 
415 412 366 
415 412 389 
415 412 387 
415 388 407 
415 388 366 
415 388 389 
415 388 387 
415 407 389 
415 407 338 
415 407 387 
415 342 383 
415 342 338 
415 366 389 
415 366 387 
415 389 387 
345 346 342 
345 346 370 
345 346 344 
345 346 383 
345 346 374 
345 346 348 
345 346 380 
345 346 373 
345 346 375 
345 342 344 
345 342 383 
345 342 374 
345 342 380 
345 342 373 
345 342 375 
345 370 383 
345 370 348 
345 370 373 
345 344 383 
345 344 374 
345 344 380 
345 344 373 
345 344 375 
345 383 374 
345 383 348 
345 383 380 
345 383 373 
345 383 375 
345 374 348 
345 374 380 
345 374 373 
345 374 375 
345 348 373 
345 380 373 
345 380 375 
345 373 375 
337 407 336 
337 407 338 
337 336 338 
356 361 444 
356 361 355 
356 444 355 
243 242 245 
243 242 244 
243 242 194 
243 245 244 
243 245 194 
243 244 194 
242 245 244 
242 245 194 
242 245 248 
242 244 194 
242 194 193 
242 194 191 
242 193 191 
267 271 272 
267 178 262 
267 178 177 
267 262 177 
120 119 122 
120 119 123 
120 122 123 
119 122 123 
362 443 444 
362 443 355 
362 365 364 
362 365 366 
362 365 361 
362 364 366 
362 364 361 
362 366 361 
362 361 444 
362 361 355 
362 444 355 
412 388 407 
412 388 391 
412 388 366 
412 388 389 
412 388 387 
412 407 389 
412 407 387 
412 391 366 
412 391 389 
412 391 387 
412 366 389 
412 366 387 
412 389 387 
165 164 162 
165 164 167 
165 164 157 
165 162 167 
165 162 157 
165 167 157 
165 194 191 
122 123 138 
122 143 138 
122 143 141 
122 138 141 
443 290 444 
443 440 391 
443 440 441 
443 440 435 
443 391 441 
443 391 435 
443 441 444 
443 441 435 
443 444 355 
164 162 167 
164 162 157 
164 167 157 
181 178 262 
181 178 229 
181 178 177 
181 262 229 
181 262 177 
438 440 391 
438 440 441 
438 440 435 
438 391 441 
438 391 435 
438 441 435 
290 293 297 
290 293 296 
290 297 296 
451 456 454 
451 456 450 
451 456 425 
451 370 450 
451 370 348 
451 454 450 
451 454 426 
451 454 425 
451 450 348 
451 450 426 
451 450 425 
451 348 425 
451 426 425 
346 342 344 
346 342 383 
346 342 374 
346 342 380 
346 342 373 
346 342 375 
346 370 383 
346 370 348 
346 370 373 
346 344 383 
346 344 374 
346 344 380 
346 344 373 
346 344 375 
346 383 374 
346 383 348 
346 383 380 
346 383 373 
346 383 375 
346 374 348 
346 374 380 
346 374 373 
346 374 375 
346 348 373 
346 380 373 
346 380 375 
346 373 375 
216 217 139 
216 217 219 
216 217 218 
216 217 191 
216 217 140 
216 139 136 
216 139 219 
216 139 218 
216 139 138 
216 139 140 
216 139 141 
216 136 138 
216 136 140 
216 136 141 
216 219 193 
216 219 218 
216 219 191 
216 219 140 
216 193 218 
216 193 191 
216 218 191 
216 218 140 
216 138 140 
216 138 141 
216 140 141 
271 275 272 
456 454 450 
456 454 425 
456 450 425 
162 167 157 
162 251 157 
162 251 158 
162 157 158 
144 142 143 
144 142 140 
144 142 141 
144 143 177 
144 143 140 
144 143 141 
144 140 141 
388 407 389 
388 407 387 
388 365 366 
388 365 387 
388 391 366 
388 391 389 
388 391 435 
388 391 387 
388 366 389 
388 366 387 
388 389 435 
388 389 387 
407 336 338 
407 389 387 
365 364 370 
365 364 366 
365 364 361 
365 364 387 
365 366 361 
365 366 387 
342 344 383 
342 344 374 
342 344 380 
342 344 377 
342 344 373 
342 344 375 
342 383 374 
342 383 380 
342 383 373 
342 383 375 
342 374 380 
342 374 377 
342 374 373 
342 374 375 
342 380 377 
342 380 373 
342 380 375 
342 377 375 
342 373 375 
440 391 441 
440 391 435 
440 441 435 
364 366 361 
364 366 387 
391 441 435 
391 366 389 
391 366 387 
391 389 435 
391 389 387 
217 139 219 
217 139 218 
217 139 140 
217 219 218 
217 219 191 
217 219 140 
217 218 191 
217 218 140 
139 136 123 
139 136 138 
139 136 140 
139 136 141 
139 123 138 
139 142 143 
139 142 138 
139 142 140 
139 142 141 
139 219 218 
139 219 140 
139 143 138 
139 143 140 
139 143 141 
139 218 140 
139 138 140 
139 138 141 
139 140 141 
136 123 138 
136 138 140 
136 138 141 
136 140 141 
178 262 229 
178 262 177 
293 297 296 
293 297 300 
293 296 300 
370 383 348 
370 383 373 
370 450 348 
370 348 373 
245 244 194 
142 143 138 
142 143 140 
142 143 141 
142 138 140 
142 138 141 
142 140 141 
454 450 426 
454 450 425 
454 426 425 
424 450 426 
424 450 425 
424 450 423 
424 426 425 
424 426 423 
424 425 423 
194 219 193 
194 219 191 
194 193 191 
194 193 128 
297 296 300 
344 383 374 
344 383 380 
344 383 373 
344 383 375 
344 374 380 
344 374 377 
344 374 373 
344 374 375 
344 380 377 
344 380 373 
344 380 375 
344 377 375 
344 373 375 
248 251 250 
383 374 348 
383 374 380 
383 374 373 
383 374 375 
383 348 373 
383 380 373 
383 380 375 
383 373 375 
219 193 218 
219 193 191 
219 218 191 
219 218 140 
275 303 305 
275 303 272 
450 348 425 
450 426 425 
450 426 423 
450 425 423 
193 218 191 
366 389 387 
251 157 158 
251 157 250 
251 158 250 
361 444 355 
374 348 373 
374 380 377 
374 380 373 
374 380 375 
374 377 375 
374 373 375 
157 158 250 
143 138 140 
143 138 141 
143 140 141 
380 377 375 
380 373 375 
426 425 423 
138 140 141 
