120 122 208 
120 123 208 
120 124 208 
120 122 123 
120 122 124 
120 123 124 
142 145 146 
145 146 265 
145 146 267 
145 146 268 
146 265 267 
146 265 268 
146 267 268 
180 181 182 
196 242 244 
194 242 244 
196 242 248 
193 196 242 
193 194 242 
194 196 242 
194 196 244 
123 127 208 
124 127 208 
123 127 134 
123 124 127 
145 265 267 
145 265 268 
145 267 268 
123 134 136 
336 339 408 
336 337 339 
336 339 407 
337 339 408 
339 407 408 
337 339 407 
248 250 251 
122 123 208 
122 124 208 
123 124 208 
134 193 219 
122 123 124 
336 337 408 
336 407 408 
336 337 407 
265 267 268 
408 410 412 
407 408 410 
407 410 412 
267 268 272 
407 408 412 
390 408 412 
337 407 408 
390 407 408 
193 194 196 
193 194 219 
390 407 412 
164 165 167 
