194 242 193 
194 242 241 
194 242 245 
194 242 239 
194 165 190 
194 165 239 
194 219 193 
194 219 190 
194 219 220 
194 193 190 
194 193 241 
194 193 239 
194 193 220 
194 190 220 
194 241 245 
194 241 239 
194 245 239 
164 165 168 
164 165 167 
164 165 249 
164 165 163 
164 165 162 
164 168 167 
164 168 163 
164 168 162 
164 167 163 
164 167 162 
164 249 163 
164 163 162 
242 193 241 
242 193 239 
242 241 245 
242 241 239 
242 245 239 
165 168 167 
165 168 190 
165 168 163 
165 168 162 
165 167 190 
165 167 163 
165 167 162 
165 249 163 
165 249 239 
165 163 162 
168 167 190 
168 167 163 
168 167 172 
168 167 162 
168 167 171 
168 190 172 
168 190 171 
168 163 162 
168 172 171 
219 193 190 
219 193 216 
219 193 220 
219 190 217 
219 190 216 
219 190 171 
219 190 220 
219 217 216 
219 217 140 
219 217 139 
219 217 220 
219 216 140 
219 216 139 
219 216 220 
219 140 139 
219 140 220 
219 171 220 
219 139 220 
167 190 172 
167 190 171 
167 163 162 
167 172 171 
193 190 216 
193 190 220 
193 241 239 
193 216 220 
368 388 387 
368 388 365 
368 383 372 
368 383 371 
368 383 370 
368 383 351 
368 383 369 
368 383 348 
368 383 347 
368 372 371 
368 372 370 
368 372 351 
368 372 369 
368 372 348 
368 372 347 
368 387 365 
368 387 369 
368 371 370 
368 371 351 
368 371 369 
368 371 348 
368 371 347 
368 370 351 
368 370 365 
368 370 348 
368 370 347 
368 351 365 
368 351 369 
368 351 348 
368 351 347 
368 365 369 
368 369 348 
368 369 347 
368 348 347 
190 217 216 
190 217 220 
190 172 171 
190 216 220 
190 171 220 
336 339 408 
336 339 405 
336 339 337 
336 339 407 
336 339 338 
336 408 409 
336 408 405 
336 408 337 
336 408 407 
336 409 337 
336 409 407 
336 405 337 
336 405 407 
336 405 338 
336 405 331 
336 337 407 
336 337 338 
336 337 331 
336 337 330 
336 337 334 
336 407 338 
336 407 334 
336 338 331 
336 331 330 
336 331 334 
336 330 334 
241 245 239 
241 249 239 
339 408 405 
339 408 337 
339 408 407 
339 341 405 
339 341 337 
339 341 338 
339 341 342 
339 405 337 
339 405 407 
339 405 338 
339 405 342 
339 337 407 
339 337 338 
339 407 338 
339 338 342 
217 216 140 
217 216 139 
217 216 220 
217 140 139 
217 140 220 
217 139 220 
408 411 412 
408 411 410 
408 411 388 
408 411 409 
408 411 390 
408 411 387 
408 411 407 
408 412 410 
408 412 388 
408 412 409 
408 412 390 
408 412 387 
408 412 407 
408 410 388 
408 410 409 
408 410 387 
408 410 407 
408 388 409 
408 388 390 
408 388 387 
408 388 407 
408 409 390 
408 409 337 
408 409 387 
408 409 407 
408 405 337 
408 405 407 
408 390 387 
408 390 407 
408 337 407 
408 387 407 
411 412 410 
411 412 388 
411 412 409 
411 412 390 
411 412 387 
411 412 407 
411 410 388 
411 410 409 
411 410 387 
411 410 407 
411 388 409 
411 388 390 
411 388 387 
411 388 407 
411 409 390 
411 409 387 
411 409 407 
411 390 387 
411 390 407 
411 387 407 
341 383 405 
341 383 345 
341 383 342 
341 405 337 
341 405 338 
341 405 342 
341 337 338 
341 338 342 
341 345 342 
341 378 377 
341 378 342 
341 378 379 
341 377 342 
341 377 379 
341 342 379 
412 410 388 
412 410 409 
412 410 387 
412 410 407 
412 388 409 
412 388 390 
412 388 387 
412 388 407 
412 409 390 
412 409 387 
412 409 407 
412 390 387 
412 390 407 
412 387 407 
410 388 409 
410 388 387 
410 388 407 
410 409 387 
410 409 407 
410 387 407 
388 409 390 
388 409 387 
388 409 407 
388 390 387 
388 390 407 
388 387 407 
388 387 365 
249 163 158 
249 163 251 
249 239 251 
249 158 251 
265 146 266 
265 146 268 
265 146 267 
265 146 145 
265 146 179 
265 266 262 
265 266 268 
265 266 267 
265 262 267 
265 262 179 
265 268 267 
265 268 145 
265 267 145 
265 145 179 
229 181 182 
229 181 262 
229 181 226 
229 181 228 
229 182 262 
229 182 226 
229 182 228 
229 262 228 
229 226 228 
146 266 268 
146 266 267 
146 268 267 
146 268 145 
146 267 145 
146 144 145 
146 145 179 
266 262 267 
266 268 267 
163 159 162 
163 159 158 
163 159 251 
163 162 158 
163 162 251 
163 158 251 
409 390 387 
409 390 407 
409 337 407 
409 387 407 
316 319 317 
316 319 313 
316 319 288 
316 317 313 
316 317 288 
316 313 288 
181 182 262 
181 182 226 
181 182 180 
181 182 228 
181 182 179 
181 262 180 
181 262 228 
181 262 179 
181 226 228 
181 226 179 
181 180 179 
119 120 121 
383 405 342 
383 405 418 
383 419 372 
383 419 418 
383 372 371 
383 372 345 
383 372 370 
383 372 342 
383 372 418 
383 372 351 
383 372 369 
383 372 348 
383 372 347 
383 371 345 
383 371 370 
383 371 418 
383 371 351 
383 371 369 
383 371 348 
383 371 347 
383 345 370 
383 345 342 
383 345 348 
383 345 347 
383 370 351 
383 370 348 
383 370 347 
383 351 369 
383 351 348 
383 351 347 
383 369 348 
383 369 347 
383 348 347 
405 337 407 
405 337 338 
405 337 331 
405 407 338 
405 338 342 
405 338 331 
419 400 401 
419 400 418 
419 372 418 
419 401 418 
419 378 379 
419 421 418 
419 421 379 
419 418 379 
390 387 407 
390 407 334 
400 399 401 
400 399 418 
400 399 324 
400 401 418 
400 401 331 
400 401 324 
400 331 324 
297 278 301 
297 278 300 
297 278 281 
297 301 300 
182 262 180 
182 262 228 
182 262 179 
182 226 228 
182 226 179 
182 180 179 
262 180 179 
208 226 207 
208 205 207 
268 267 274 
268 267 145 
337 407 338 
337 407 334 
337 338 331 
337 331 330 
337 331 334 
337 330 334 
356 284 286 
372 371 345 
372 371 349 
372 371 370 
372 371 418 
372 371 351 
372 371 369 
372 371 348 
372 371 347 
372 345 370 
372 345 342 
372 345 348 
372 345 347 
372 349 370 
372 349 351 
372 349 369 
372 349 348 
372 349 347 
372 370 351 
372 370 348 
372 370 347 
372 351 369 
372 351 348 
372 351 347 
372 369 348 
372 369 347 
372 348 347 
172 274 277 
387 365 369 
159 162 158 
159 162 251 
159 158 251 
319 326 324 
319 317 313 
319 317 324 
319 317 288 
319 313 288 
319 324 288 
226 207 228 
162 158 251 
359 451 351 
359 451 455 
399 401 418 
399 401 324 
399 324 288 
399 286 288 
216 136 140 
216 136 139 
216 136 138 
216 140 139 
216 140 138 
216 140 220 
216 139 138 
216 139 220 
216 138 220 
278 303 301 
278 303 274 
278 303 300 
278 301 274 
278 301 277 
278 301 300 
278 284 277 
278 284 276 
278 284 281 
278 274 277 
278 274 276 
278 277 276 
278 277 281 
278 276 281 
371 345 370 
371 345 348 
371 345 347 
371 349 370 
371 349 451 
371 349 351 
371 349 369 
371 349 348 
371 349 347 
371 370 451 
371 370 351 
371 370 348 
371 370 347 
371 451 351 
371 451 348 
371 351 369 
371 351 348 
371 351 347 
371 369 348 
371 369 347 
371 348 347 
303 301 274 
303 301 300 
303 301 304 
303 300 304 
301 274 277 
301 300 304 
401 331 324 
401 331 330 
401 324 330 
345 370 348 
345 370 347 
345 348 347 
136 140 139 
136 140 137 
136 140 138 
136 139 137 
136 139 138 
136 137 138 
140 139 137 
140 139 138 
140 139 220 
140 137 138 
140 138 220 
326 331 324 
326 331 330 
326 331 334 
326 324 330 
326 330 334 
284 277 276 
284 277 281 
284 276 281 
284 286 281 
284 286 288 
284 286 285 
284 281 285 
284 288 285 
378 377 342 
378 377 379 
378 342 379 
121 137 138 
274 277 276 
139 137 138 
139 138 220 
377 342 379 
349 370 451 
349 370 351 
349 370 348 
349 370 347 
349 451 351 
349 451 348 
349 451 455 
349 351 369 
349 351 348 
349 351 347 
349 369 348 
349 369 347 
349 348 347 
370 451 351 
370 451 348 
370 351 365 
370 351 348 
370 351 347 
370 348 347 
421 418 379 
205 207 228 
331 324 330 
331 330 334 
451 351 348 
351 365 369 
351 369 348 
351 369 347 
351 348 347 
277 276 281 
317 313 288 
317 324 288 
369 348 347 
286 281 285 
286 288 285 
