146 147 178 
146 147 268 
146 147 269 
146 147 267 
146 178 267 
146 268 269 
146 268 267 
146 269 267 
122 135 123 
122 135 141 
122 135 124 
122 135 132 
122 123 124 
122 123 132 
122 124 132 
164 165 249 
164 165 163 
164 165 157 
164 249 163 
164 249 157 
164 163 157 
242 244 240 
242 244 194 
242 240 193 
242 240 194 
242 193 194 
147 178 262 
147 178 263 
147 178 267 
147 268 269 
147 268 267 
147 262 263 
147 262 267 
147 263 267 
147 269 267 
178 262 229 
178 262 263 
178 262 267 
178 229 226 
178 263 267 
165 240 190 
165 240 194 
165 240 249 
165 190 194 
165 249 163 
165 249 157 
165 163 157 
244 240 194 
268 269 267 
240 193 190 
240 193 194 
240 193 130 
240 190 194 
240 190 130 
240 194 130 
240 250 249 
193 190 194 
193 190 130 
193 190 218 
193 194 130 
193 194 132 
193 130 134 
193 130 132 
193 134 132 
142 140 141 
217 190 218 
217 218 140 
190 194 130 
194 130 132 
262 263 267 
250 249 163 
250 249 157 
250 249 251 
250 163 157 
250 163 251 
250 157 251 
130 127 126 
130 127 135 
130 127 134 
130 127 132 
130 126 132 
130 135 134 
130 135 132 
130 134 132 
127 126 123 
127 126 124 
127 126 132 
127 135 123 
127 135 134 
127 135 124 
127 135 132 
127 123 134 
127 123 124 
127 123 132 
127 134 132 
127 124 132 
136 135 123 
136 135 134 
136 135 140 
136 135 141 
136 135 132 
136 123 134 
136 123 132 
136 134 140 
136 134 132 
136 140 141 
126 123 124 
126 123 132 
126 124 132 
249 163 157 
249 163 251 
249 157 251 
163 157 251 
135 123 134 
135 123 124 
135 123 132 
135 134 140 
135 134 132 
135 140 141 
135 124 132 
329 330 334 
123 134 132 
123 124 132 
376 377 379 
297 293 290 
297 293 300 
