164 165 168 
162 164 165 
164 165 167 
164 165 169 
163 164 165 
164 165 249 
162 164 168 
164 167 168 
164 168 169 
163 164 168 
162 164 167 
162 163 164 
164 167 169 
163 164 167 
163 164 169 
163 164 249 
162 165 168 
165 167 168 
165 168 190 
165 168 169 
163 165 168 
162 165 167 
162 163 165 
165 167 190 
165 167 169 
163 165 167 
165 190 194 
165 169 194 
165 169 190 
163 165 169 
163 165 249 
165 248 249 
162 167 168 
162 163 168 
167 168 190 
167 168 169 
163 167 168 
167 168 171 
168 169 190 
168 171 190 
163 168 169 
168 169 171 
162 163 167 
159 162 163 
167 169 190 
167 171 190 
163 167 169 
167 169 171 
169 190 194 
190 193 194 
194 245 246 
169 171 190 
245 246 248 
339 341 406 
339 341 415 
341 406 415 
246 248 249 
146 147 268 
147 266 268 
146 266 268 
336 339 407 
339 406 407 
339 407 415 
336 339 406 
339 406 415 
147 180 262 
147 262 266 
146 147 266 
336 406 407 
406 407 415 
