240 242 248 
165 248 249 
165 240 248 
240 248 249 
248 249 250 
248 249 251 
240 248 250 
248 250 251 
242 243 244 
194 242 243 
240 242 243 
194 242 244 
240 242 244 
194 240 242 
193 194 242 
193 240 242 
194 243 244 
240 243 244 
194 240 243 
194 240 244 
164 165 249 
163 164 165 
164 165 168 
157 164 165 
163 165 249 
165 240 249 
157 165 249 
163 165 168 
157 163 165 
165 194 240 
130 194 240 
130 193 194 
130 193 240 
163 164 249 
157 164 249 
163 164 168 
157 163 164 
163 249 250 
163 249 251 
157 163 249 
240 249 250 
249 250 251 
157 249 250 
157 249 251 
163 250 251 
157 163 250 
157 163 251 
193 194 240 
157 250 251 
