245 243 242 
245 243 244 
245 243 241 
245 243 240 
245 243 194 
245 242 244 
245 242 241 
245 242 239 
245 242 240 
245 242 194 
245 244 241 
245 244 240 
245 244 194 
245 241 239 
245 241 240 
245 241 194 
245 239 240 
245 239 194 
245 240 194 
243 242 244 
243 242 241 
243 242 240 
243 242 194 
243 244 241 
243 244 240 
243 244 194 
243 241 240 
243 241 194 
243 240 194 
164 165 163 
164 165 249 
164 165 169 
164 165 167 
164 165 162 
164 165 157 
164 161 163 
164 161 167 
164 161 162 
164 161 157 
164 163 249 
164 163 169 
164 163 167 
164 163 162 
164 163 157 
164 249 157 
164 169 167 
164 167 162 
164 167 157 
164 162 157 
242 244 241 
242 244 240 
242 244 194 
242 193 241 
242 193 239 
242 193 240 
242 193 194 
242 241 239 
242 241 240 
242 241 194 
242 239 240 
242 239 194 
242 240 194 
244 241 240 
244 241 194 
244 240 194 
193 134 219 
193 134 130 
193 241 239 
193 241 240 
193 241 130 
193 241 194 
193 190 218 
193 190 219 
193 190 240 
193 190 130 
193 190 194 
193 218 219 
193 239 240 
193 239 130 
193 239 194 
193 219 130 
193 219 194 
193 240 130 
193 240 194 
193 130 194 
336 334 335 
336 334 329 
336 334 333 
336 334 337 
336 335 403 
336 335 329 
336 335 333 
336 335 339 
336 335 337 
336 335 406 
336 403 333 
336 403 339 
336 403 337 
336 403 406 
336 329 333 
336 333 337 
336 339 337 
336 339 408 
336 339 406 
336 337 408 
336 337 406 
336 408 406 
165 190 169 
165 190 240 
165 190 167 
165 190 194 
165 163 249 
165 163 169 
165 163 167 
165 163 162 
165 163 157 
165 249 239 
165 249 240 
165 249 157 
165 239 240 
165 239 194 
165 169 240 
165 169 167 
165 169 194 
165 240 194 
165 167 162 
165 167 157 
165 162 157 
134 136 139 
134 139 219 
134 127 130 
134 219 130 
147 265 266 
147 265 262 
147 265 146 
147 265 267 
147 265 178 
147 265 145 
147 266 262 
147 266 146 
147 266 267 
147 266 178 
147 262 267 
147 262 178 
147 146 144 
147 146 267 
147 146 178 
147 146 145 
147 144 145 
147 267 178 
147 267 145 
147 178 145 
265 266 262 
265 266 146 
265 266 267 
265 266 178 
265 262 261 
265 262 267 
265 262 178 
265 261 178 
265 146 267 
265 146 178 
265 146 145 
265 267 178 
265 267 145 
265 178 145 
334 335 329 
334 335 333 
334 335 337 
334 326 329 
334 326 333 
334 329 333 
334 333 337 
334 333 390 
335 403 333 
335 403 339 
335 403 337 
335 403 406 
335 329 333 
335 333 337 
335 339 337 
335 339 406 
335 337 406 
159 161 163 
159 161 158 
159 161 251 
159 161 162 
159 161 160 
159 161 157 
159 163 158 
159 163 251 
159 163 162 
159 163 160 
159 163 157 
159 158 251 
159 158 162 
159 158 160 
159 158 157 
159 251 162 
159 251 160 
159 251 157 
159 162 160 
159 162 157 
159 160 157 
266 262 267 
266 262 178 
266 146 267 
266 146 178 
266 272 267 
266 267 178 
377 378 379 
377 378 376 
377 379 376 
322 323 319 
322 323 326 
322 323 329 
322 323 318 
322 323 325 
322 323 321 
322 323 289 
322 319 326 
322 319 318 
322 319 325 
322 319 321 
322 319 292 
322 319 289 
322 326 329 
322 326 325 
322 326 321 
322 329 325 
322 318 325 
322 318 321 
322 318 292 
322 318 289 
322 325 321 
322 325 289 
322 321 292 
322 321 289 
322 292 289 
323 319 326 
323 319 318 
323 319 325 
323 319 321 
323 319 289 
323 326 329 
323 326 325 
323 326 321 
323 329 325 
323 318 325 
323 318 321 
323 318 289 
323 325 321 
323 325 289 
323 321 289 
319 326 325 
319 326 321 
319 318 325 
319 318 312 
319 318 321 
319 318 314 
319 318 292 
319 318 289 
319 325 321 
319 325 289 
319 312 314 
319 312 292 
319 321 314 
319 321 292 
319 321 289 
319 314 292 
319 314 289 
319 292 289 
305 299 311 
403 333 337 
403 339 337 
403 339 406 
403 400 419 
403 337 406 
326 329 333 
326 329 325 
326 333 325 
326 325 321 
241 249 239 
241 249 240 
241 239 240 
241 239 130 
241 239 194 
241 240 130 
241 240 194 
241 130 194 
329 333 325 
190 218 169 
190 218 219 
190 169 219 
190 169 240 
190 169 167 
190 169 194 
190 169 172 
190 219 130 
190 219 194 
190 240 130 
190 240 194 
190 130 194 
190 167 172 
218 139 219 
218 169 219 
339 337 408 
339 337 406 
339 408 406 
318 325 321 
318 325 289 
318 312 296 
318 312 314 
318 312 292 
318 312 311 
318 321 293 
318 321 314 
318 321 292 
318 321 289 
318 293 296 
318 293 314 
318 293 292 
318 293 289 
318 296 314 
318 296 292 
318 296 289 
318 296 311 
318 314 292 
318 314 289 
318 314 311 
318 292 289 
318 292 311 
262 261 178 
262 261 182 
262 267 178 
262 178 182 
261 178 182 
146 144 142 
146 144 145 
146 142 145 
146 267 178 
146 267 145 
146 178 145 
250 163 249 
250 163 158 
250 163 251 
250 163 157 
250 249 239 
250 249 158 
250 249 251 
250 249 240 
250 249 237 
250 249 157 
250 239 251 
250 239 240 
250 239 237 
250 158 251 
250 158 237 
250 158 157 
250 251 237 
250 251 157 
250 240 237 
250 237 157 
272 267 273 
272 275 273 
161 163 158 
161 163 251 
161 163 167 
161 163 162 
161 163 160 
161 163 157 
161 158 251 
161 158 162 
161 158 160 
161 158 157 
161 251 162 
161 251 160 
161 251 157 
161 167 162 
161 167 157 
161 162 160 
161 162 157 
161 160 157 
126 127 130 
126 127 208 
126 206 208 
121 119 122 
163 249 158 
163 249 251 
163 249 157 
163 169 167 
163 158 251 
163 158 162 
163 158 160 
163 158 157 
163 251 162 
163 251 160 
163 251 157 
163 167 162 
163 167 157 
163 162 160 
163 162 157 
163 160 157 
249 239 251 
249 239 240 
249 239 237 
249 158 251 
249 158 237 
249 158 157 
249 251 237 
249 251 157 
249 240 237 
249 237 157 
144 142 145 
325 321 289 
325 441 289 
239 251 237 
239 240 130 
239 240 194 
239 240 237 
239 130 194 
378 379 419 
378 379 376 
378 419 376 
169 219 194 
169 240 194 
169 167 172 
158 251 162 
158 251 237 
158 251 160 
158 251 157 
158 162 160 
158 162 157 
158 237 157 
158 160 157 
267 178 145 
379 419 376 
337 408 406 
219 130 194 
251 162 160 
251 162 157 
251 237 157 
251 160 157 
312 296 299 
312 296 314 
312 296 292 
312 296 311 
312 299 314 
312 299 292 
312 299 311 
312 314 292 
312 314 311 
312 292 311 
240 130 194 
321 293 314 
321 293 292 
321 293 289 
321 314 292 
321 314 289 
321 292 289 
408 412 406 
408 412 411 
408 412 410 
408 412 388 
408 412 390 
408 406 411 
408 411 410 
408 411 388 
408 411 390 
408 410 388 
408 388 390 
440 441 437 
167 162 157 
206 237 204 
206 204 205 
206 204 203 
206 205 203 
206 205 208 
293 296 297 
293 296 299 
293 296 300 
293 296 314 
293 296 292 
293 296 289 
293 297 299 
293 297 300 
293 297 314 
293 297 292 
293 299 300 
293 299 314 
293 299 292 
293 314 292 
293 314 289 
293 292 289 
296 297 299 
296 297 300 
296 297 314 
296 297 292 
296 297 311 
296 299 300 
296 299 314 
296 299 292 
296 299 311 
296 300 311 
296 314 292 
296 314 289 
296 314 311 
296 292 289 
296 292 311 
162 160 157 
297 299 300 
297 299 314 
297 299 292 
297 299 311 
297 300 311 
297 314 292 
297 314 311 
297 292 311 
412 406 411 
412 411 410 
412 411 388 
412 411 390 
412 410 388 
412 388 390 
299 300 311 
299 314 292 
299 314 311 
299 292 311 
411 410 388 
411 388 390 
204 205 203 
314 292 289 
314 292 311 
