M = 393 435 443 
443 444 445 | 391 393 443 | 435 438 440 | 391 412 414 | 366 388 414 | 435 440 443 | 388 390 411 | 435 440 443 | 437 438 440 | 435 440 443 | 391 438 439 | 434 436 440 | 390 393 394 | 393 401 432 | 435 438 440 | 394 441 443 | 391 438 440 | 432 440 443 | 388 393 435 | 438 439 440 | 434 438 440 | 366 387 391 | 

M = 372 418 419 
345 347 370 | 349 351 454 | 339 403 405 | 339 342 376 | 418 419 420 | 358 450 454 | 400 401 428 | 345 346 370 | 339 403 407 | 345 346 370 | 346 347 370 | 339 403 407 | 425 454 456 | 339 407 408 | 370 450 451 | 342 345 346 | 339 405 408 | 351 370 450 | 401 403 419 | 341 345 375 | 346 349 370 | 339 403 407 | 375 378 419 | 400 401 403 | 

M = 152 167 173 
164 165 249 | 130 194 220 | 146 265 267 | 180 182 262 | 127 130 196 | 164 165 249 | 182 226 231 | 196 241 242 | 162 164 165 | 146 149 267 | 119 121 123 | 194 196 242 | 146 265 267 | 162 164 165 | 146 178 267 | 165 190 194 | 120 124 208 | 193 196 242 | 164 165 249 | 146 150 267 | 194 242 244 | 146 265 267 | 146 178 267 | 232 258 259 | 146 147 149 | 194 243 245 | 152 258 259 | 140 218 219 | 194 196 242 | 123 127 134 | 164 165 249 | 146 150 267 | 152 232 258 | 193 196 242 | 180 182 262 | 150 257 258 | 194 242 244 | 119 120 123 | 196 241 242 | 144 146 149 | 162 167 253 | 194 242 244 | 228 229 259 | 196 197 249 | 165 194 239 | 146 175 267 | 201 235 251 | 

FREQUENCIES
440: 11
146: 11
194: 9
242: 9
267: 9
165: 8
196: 8
443: 8
370: 7
438: 7
435: 7
339: 7
403: 6
164: 6
345: 5
393: 5
391: 5
249: 5
346: 5
407: 4
419: 4
258: 4
401: 4
123: 3
265: 3
244: 3
388: 3
450: 3
454: 3
259: 3
182: 3
162: 3
150: 3
152: 3
149: 3
130: 2
405: 2
347: 2
342: 2
400: 2
349: 2
408: 2
120: 2
262: 2
127: 2
414: 2
418: 2
193: 2
390: 2
394: 2
119: 2
366: 2
241: 2
375: 2
439: 2
434: 2
432: 2
178: 2
180: 2
167: 2
232: 2
351: 2
218: 1
219: 1
341: 1
124: 1
378: 1
411: 1
412: 1
372: 1
376: 1
201: 1
134: 1
197: 1
190: 1
428: 1
420: 1
425: 1
441: 1
445: 1
444: 1
245: 1
243: 1
436: 1
437: 1
451: 1
387: 1
456: 1
253: 1
175: 1
251: 1
173: 1
257: 1
229: 1
228: 1
226: 1
220: 1
239: 1
235: 1
231: 1
147: 1
144: 1
140: 1
208: 1
121: 1
358: 1
