D106n1.txt,0, | 158 163 250 | 130 194 220 | 146 150 178 | ,Score: 0

D106n2.txt,0, | 394 432 444 | 389 432 435 | 391 393 443 | ,Score: 0

D110n1.txt,0, | 146 149 266 | 149 262 265 | 126 130 196 | ,Score: 0

D110n2.txt,0, | 393 401 430 | 403 405 407 | 391 435 439 | ,Score: 0

D204n1.txt,0, | 165 169 191 | 124 207 226 | 193 197 241 | ,Score: 0

D204n2.txt,0, | 392 412 414 | 381 402 420 | 381 418 419 | ,Score: 0

D206n1.txt,0, | 165 190 240 | 147 150 178 | 148 179 263 | ,Score: 0

D206n2.txt,0, | 345 370 372 | 351 361 367 | 363 392 430 | ,Score: 0

D214n1.txt,0, | 193 196 242 | 150 178 267 | 153 156 167 | ,Score: 0

D214n2.txt,0, | 345 346 370 | 366 389 412 | 391 435 439 | ,Score: 0

D301n1.txt,0, | 178 262 267 | 165 190 194 | 228 259 262 | ,Score: 0

D301n2.txt,0, | 388 390 435 | 401 403 419 | 351 364 370 | ,Score: 0

D302n1.txt,0, | 190 194 219 | 163 164 249 | 143 147 175 | ,Score: 0

D302n2.txt,0, | 388 407 411 | 435 440 443 | 351 364 370 | ,Score: 0

D305n1.txt,0, | 152 167 171 | 146 150 264 | 149 262 265 | ,Score: 0

D305n2.txt,0, | 392 441 444 | 392 435 443 | 435 438 440 | ,Score: 0

D307n1.txt,0, | 148 262 267 | 147 150 178 | 165 190 194 | ,Score: 0

D307n2.txt,0, | 387 391 414 | 398 419 424 | 391 435 439 | ,Score: 0

D312n1.txt,0, | 167 171 173 | 134 139 219 | 126 132 196 | ,Score: 0

D312n2.txt,0, | 366 391 413 | 392 395 443 | 402 418 420 | ,Score: 0

D318n1.txt,0, | 130 193 241 | 163 165 249 | 146 150 267 | ,Score: 0

D318n2.txt,0, | 393 435 443 | 401 403 419 | 391 435 439 | ,Score: 0

D323n1.txt,0, | 152 256 259 | 167 172 190 | 149 262 267 | ,Score: 0

D323n2.txt,0, | 394 401 404 | 351 372 450 | 391 393 440 | ,Score: 0

D324n1.txt,0, | 149 178 262 | 156 165 249 | 122 137 141 | ,Score: 0

D324n2.txt,0, | 366 389 391 | 392 396 432 | 391 395 414 | ,Score: 0

D410n1.txt,0, | 130 190 194 | 146 149 265 | 151 233 258 | ,Score: 0

D410n2.txt,0, | 394 401 432 | 345 375 380 | 385 406 412 | ,Score: 0

D430n1.txt,0, | 194 196 242 | 156 234 251 | 196 197 249 | ,Score: 0

D430n2.txt,0, | 391 432 440 | 401 403 419 | 391 435 439 | ,Score: 0

D431n1.txt,0, | 194 196 242 | 163 165 249 | 193 197 241 | ,Score: 0

D431n2.txt,0, | 401 416 419 | 434 439 442 | 387 391 414 | ,Score: 0

