D106n1.txt,30, | 164 165 249 | 130 194 220 | 146 265 267 | ,Score: 49.5743

D106n2.txt,19, | 443 444 445 | 345 347 370 | 391 393 443 | ,Score: 30.8003

D110n1.txt,29, | 152 167 173 | 180 182 262 | 127 130 196 | ,Score: 25.6273

D110n2.txt,30, | 349 351 454 | 339 403 405 | 435 438 440 | ,Score: 28.782

D204n1.txt,29, | 164 165 249 | 182 226 231 | 196 241 242 | ,Score: 85.1524

D204n2.txt,29, | 391 412 414 | 339 342 376 | 418 419 420 | ,Score: 48.2714

D206n1.txt,24, | 162 164 165 | 146 149 267 | 119 121 123 | ,Score: 65.5706

D206n2.txt,30, | 372 418 419 | 366 388 414 | 435 440 443 | ,Score: 46.1643

D214n1.txt,30, | 194 196 242 | 146 265 267 | 162 164 165 | ,Score: 61.5561

D214n2.txt,28, | 358 450 454 | 388 390 411 | 435 440 443 | ,Score: 32.3859

D301n1.txt,29, | 146 178 267 | 165 190 194 | 120 124 208 | ,Score: 38.3382

D301n2.txt,30, | 437 438 440 | 400 401 428 | 345 346 370 | ,Score: 39.2097

D302n1.txt,29, | 193 196 242 | 164 165 249 | 146 150 267 | ,Score: 57.1655

D302n2.txt,29, | 339 403 407 | 435 440 443 | 345 346 370 | ,Score: 33.5683

D305n1.txt,26, | 194 242 244 | 146 265 267 | 146 178 267 | ,Score: 50.8345

D305n2.txt,26, | 346 347 370 | 393 435 443 | 391 438 439 | ,Score: 30.9612

D307n1.txt,29, | 232 258 259 | 146 147 149 | 194 243 245 | ,Score: 43.5235

D307n2.txt,30, | 339 403 407 | 425 454 456 | 434 436 440 | ,Score: 40.5526

D312n1.txt,29, | 152 258 259 | 140 218 219 | 194 196 242 | ,Score: 27.1898

D312n2.txt,30, | 339 407 408 | 390 393 394 | 370 450 451 | ,Score: 41.3334

D318n1.txt,29, | 123 127 134 | 164 165 249 | 146 150 267 | ,Score: 55.2421

D318n2.txt,29, | 393 401 432 | 342 345 346 | 435 438 440 | ,Score: 38.1714

D323n1.txt,29, | 152 232 258 | 193 196 242 | 180 182 262 | ,Score: 29.1432

D323n2.txt,29, | 339 405 408 | 351 370 450 | 394 441 443 | ,Score: 30.7806

D324n1.txt,30, | 150 257 258 | 194 242 244 | 119 120 123 | ,Score: 41.34

D324n2.txt,30, | 391 438 440 | 401 403 419 | 341 345 375 | ,Score: 47.5461

D410n1.txt,30, | 196 241 242 | 144 146 149 | 162 167 253 | ,Score: 37.2944

D410n2.txt,30, | 432 440 443 | 346 349 370 | 339 403 407 | ,Score: 45.6049

D430n1.txt,28, | 194 242 244 | 228 229 259 | 196 197 249 | ,Score: 39.8228

D430n2.txt,25, | 388 393 435 | 375 378 419 | 438 439 440 | ,Score: 45.7207

D431n1.txt,28, | 165 194 239 | 146 175 267 | 201 235 251 | ,Score: 42.1399

D431n2.txt,24, | 400 401 403 | 434 438 440 | 366 387 391 | ,Score: 47.7784

