M = 126 127 130 
136 140 216 | 242 243 244 | 127 130 196 | 203 207 235 | 242 243 244 | 123 126 127 | 123 127 134 | 120 124 208 | 123 127 134 | 120 123 208 | 124 127 208 | 196 242 244 | 242 244 245 | 204 205 206 | 123 127 208 | 201 205 235 | 194 242 244 | 130 196 241 | 194 196 244 | 136 139 141 | 158 235 250 | 

M = 392 412 414 
345 347 370 | 391 438 440 | 388 408 411 | 347 349 351 | 435 438 440 | 401 428 430 | 342 380 381 | 419 420 421 | 372 418 419 | 354 361 362 | 391 392 440 | 358 450 454 | 388 390 411 | 435 438 440 | 437 438 440 | 345 346 370 | 400 401 428 | 437 438 440 | 345 346 370 | 400 401 428 | 346 347 370 | 391 438 440 | 435 438 440 | 355 362 445 | 398 419 421 | 406 412 414 | 379 419 421 | 370 450 451 | 366 387 390 | 342 345 346 | 435 438 440 | 393 435 440 | 389 390 408 | 351 426 454 | 345 347 370 | 372 375 419 | 390 408 414 | 393 432 440 | 364 369 385 | 344 375 377 | 400 401 419 | 432 435 440 | 419 421 424 | 342 345 375 | 387 388 414 | 376 379 380 | 396 401 416 | 

M = 146 150 267 
146 265 267 | 145 146 267 | 149 262 267 | 179 261 265 | 149 261 263 | 263 264 267 | 149 150 173 | 146 265 267 | 265 266 267 | 152 258 259 | 150 171 173 | 146 265 267 | 232 259 261 | 146 147 267 | 146 149 265 | 258 259 261 | 232 258 259 | 149 265 267 | 146 147 267 | 149 266 267 | 144 146 149 | 149 265 267 | 228 229 259 | 146 149 150 | 

FREQUENCIES
267: 14
440: 12
146: 11
149: 9
265: 8
438: 8
127: 7
419: 7
370: 6
244: 6
435: 6
345: 6
401: 5
123: 5
242: 5
259: 5
150: 5
346: 4
347: 4
261: 4
196: 4
390: 4
414: 4
421: 4
208: 4
130: 3
400: 3
408: 3
391: 3
428: 3
388: 3
375: 3
258: 3
342: 3
235: 3
126: 2
136: 2
134: 2
120: 2
124: 2
266: 2
379: 2
411: 2
412: 2
372: 2
194: 2
393: 2
392: 2
362: 2
380: 2
243: 2
387: 2
437: 2
432: 2
450: 2
454: 2
173: 2
232: 2
147: 2
205: 2
263: 2
351: 2
216: 1
139: 1
344: 1
406: 1
349: 1
366: 1
264: 1
416: 1
418: 1
377: 1
376: 1
201: 1
144: 1
396: 1
398: 1
140: 1
141: 1
369: 1
420: 1
364: 1
424: 1
361: 1
445: 1
381: 1
241: 1
385: 1
389: 1
245: 1
430: 1
451: 1
179: 1
250: 1
171: 1
229: 1
228: 1
152: 1
158: 1
426: 1
203: 1
145: 1
204: 1
207: 1
206: 1
262: 1
355: 1
354: 1
358: 1
