D106n1.txt,0, | 146 150 178 | 140 212 215 | 193 194 242 | ,Score: 0

D106n2.txt,0, | 345 347 370 | 391 438 440 | 388 408 411 | ,Score: 0

D110n1.txt,0, | 147 150 264 | 177 262 267 | 123 127 210 | ,Score: 0

D110n2.txt,0, | 351 359 454 | 432 435 440 | 400 428 430 | ,Score: 0

D204n1.txt,0, | 149 261 265 | 199 202 208 | 196 241 249 | ,Score: 0

D204n2.txt,0, | 376 380 419 | 381 419 421 | 401 402 419 | ,Score: 0

D206n1.txt,0, | 127 132 196 | 148 175 261 | 148 179 263 | ,Score: 0

D206n2.txt,0, | 351 367 372 | 352 363 446 | 389 395 433 | ,Score: 0

D214n1.txt,0, | 123 127 134 | 150 153 258 | 149 262 267 | ,Score: 0

D214n2.txt,0, | 346 350 370 | 366 389 412 | 391 435 439 | ,Score: 0

D301n1.txt,0, | 265 266 267 | 147 262 266 | 120 123 208 | ,Score: 0

D301n2.txt,0, | 388 410 411 | 351 364 370 | 400 428 430 | ,Score: 0

D302n1.txt,0, | 140 219 222 | 140 143 222 | 144 147 149 | ,Score: 0

D302n2.txt,0, | 388 410 411 | 351 364 370 | 400 428 430 | ,Score: 0

D305n1.txt,0, | 150 152 172 | 149 262 267 | 228 259 262 | ,Score: 0

D305n2.txt,0, | 350 447 451 | 391 438 440 | 391 435 439 | ,Score: 0

D307n1.txt,0, | 148 179 261 | 193 196 242 | 147 150 267 | ,Score: 0

D307n2.txt,0, | 420 424 426 | 398 402 420 | 390 413 414 | ,Score: 0

D312n1.txt,0, | 193 196 242 | 124 132 138 | 146 150 267 | ,Score: 0

D312n2.txt,0, | 342 379 417 | 351 450 454 | 401 418 428 | ,Score: 0

D318n1.txt,0, | 229 259 261 | 150 178 267 | 124 127 135 | ,Score: 0

D318n2.txt,0, | 400 402 419 | 391 434 438 | 392 435 440 | ,Score: 0

D323n1.txt,0, | 149 262 267 | 149 264 266 | 124 127 135 | ,Score: 0

D323n2.txt,0, | 366 389 391 | 347 351 450 | 346 372 380 | ,Score: 0

D324n1.txt,0, | 181 229 262 | 147 150 264 | 123 134 139 | ,Score: 0

D324n2.txt,0, | 396 400 419 | 366 389 392 | 392 432 440 | ,Score: 0

D410n1.txt,0, | 149 263 266 | 146 149 266 | 172 175 257 | ,Score: 0

D410n2.txt,0, | 385 389 408 | 372 375 420 | 400 428 430 | ,Score: 0

D430n1.txt,0, | 196 242 248 | 149 262 265 | 228 259 262 | ,Score: 0

D430n2.txt,0, | 391 432 440 | 399 428 445 | 342 405 406 | ,Score: 0

D431n1.txt,0, | 171 175 222 | 139 212 220 | 196 237 239 | ,Score: 0

D431n2.txt,0, | 387 391 414 | 396 402 419 | 396 402 416 | ,Score: 0

