M = 123 134 136 
180 182 262 | 149 150 173 | 150 173 257 | 147 150 178 | 152 232 259 | 135 136 140 | 242 244 245 | 123 124 208 | 258 259 261 | 237 250 251 | 194 242 244 | 119 120 123 | 150 257 258 | 241 242 243 | 233 257 258 | 123 136 139 | 

M = 432 434 440 
391 435 440 | 391 438 440 | 401 428 430 | 401 402 419 | 400 401 419 | 433 434 444 | 389 390 409 | 438 439 440 | 400 401 428 | 391 435 438 | 435 438 440 | 400 401 419 | 434 438 440 | 438 439 440 | 400 401 428 | 400 401 430 | 438 439 440 | 391 436 440 | 391 435 436 | 

M = 346 349 369 
343 344 345 | 347 349 351 | 349 351 454 | 349 370 451 | 341 342 345 | 346 347 348 | 358 450 454 | 360 364 366 | 345 346 347 | 364 366 369 | 351 364 366 | 351 364 369 | 342 344 345 | 345 347 370 | 425 454 456 | 375 377 379 | 366 368 387 | 341 377 379 | 349 426 454 | 342 345 346 | 418 419 421 | 450 453 454 | 346 347 370 | 341 344 375 | 375 379 419 | 375 378 419 | 346 347 348 | 

FREQUENCIES
440: 9
401: 7
438: 7
346: 6
345: 6
347: 6
419: 6
454: 5
391: 5
349: 5
400: 5
123: 5
150: 4
136: 4
366: 4
364: 4
351: 4
435: 4
375: 4
257: 3
344: 3
428: 3
341: 3
242: 3
342: 3
369: 3
258: 3
379: 3
439: 3
370: 3
434: 3
450: 2
134: 2
173: 2
348: 2
377: 2
244: 2
259: 2
436: 2
430: 2
152: 1
451: 1
178: 1
444: 1
390: 1
135: 1
194: 1
250: 1
237: 1
232: 1
233: 1
251: 1
140: 1
119: 1
421: 1
182: 1
180: 1
368: 1
343: 1
409: 1
402: 1
147: 1
453: 1
208: 1
426: 1
149: 1
245: 1
262: 1
261: 1
124: 1
456: 1
243: 1
389: 1
387: 1
418: 1
120: 1
139: 1
425: 1
433: 1
378: 1
432: 1
241: 1
360: 1
358: 1
