D106n1.txt,0, | ,Score: 0

D106n2.txt,0, | 343 345 346 | 391 435 440 | 391 438 440 | ,Score: 0

D110n1.txt,0, | 147 149 262 | 173 175 257 | 123 210 224 | ,Score: 0

D110n2.txt,0, | 347 351 450 | 400 428 430 | 351 450 454 | ,Score: 0

D204n1.txt,0, | ,Score: 0

D204n2.txt,0, | 349 351 370 | 343 376 381 | 397 401 419 | ,Score: 0

D206n1.txt,0, | ,Score: 0

D206n2.txt,0, | 346 350 371 | 373 375 418 | 363 391 431 | ,Score: 0

D214n1.txt,0, | 150 153 258 | 123 134 136 | 149 178 266 | ,Score: 0

D214n2.txt,0, | 389 390 409 | 358 450 454 | 391 435 439 | ,Score: 0

D301n1.txt,0, | ,Score: 0

D301n2.txt,0, | 364 366 369 | 346 347 370 | 400 428 430 | ,Score: 0

D302n1.txt,0, | ,Score: 0

D302n2.txt,0, | 364 366 369 | 351 364 366 | 351 364 370 | ,Score: 0

D305n1.txt,0, | ,Score: 0

D305n2.txt,0, | 345 346 370 | 342 345 346 | 346 347 370 | ,Score: 0

D307n1.txt,0, | ,Score: 0

D307n2.txt,0, | 398 420 424 | 435 438 440 | 398 401 419 | ,Score: 0

D312n1.txt,0, | 124 135 138 | 134 139 219 | 193 194 220 | ,Score: 0

D312n2.txt,0, | 400 417 419 | 342 344 377 | 350 426 454 | ,Score: 0

D318n1.txt,0, | ,Score: 0

D318n2.txt,0, | 342 346 380 | 402 405 415 | 392 435 440 | ,Score: 0

D323n1.txt,0, | 149 183 262 | 229 259 262 | 150 153 171 | ,Score: 0

D323n2.txt,0, | 400 418 428 | 349 426 453 | 346 349 370 | ,Score: 0

D324n1.txt,0, | 193 197 241 | 122 137 141 | 149 178 261 | ,Score: 0

D324n2.txt,0, | 390 392 414 | 396 401 419 | 393 401 430 | ,Score: 0

D410n1.txt,0, | 193 196 242 | 151 233 258 | 120 123 208 | ,Score: 0

D410n2.txt,0, | 372 375 419 | 401 428 430 | 380 419 421 | ,Score: 0

D430n1.txt,0, | ,Score: 0

D430n2.txt,0, | 432 434 444 | 434 439 442 | 399 428 445 | ,Score: 0

D431n1.txt,0, | ,Score: 0

D431n2.txt,0, | 391 434 440 | 434 436 440 | 391 434 436 | ,Score: 0

