M = 346 349 369 
343 344 345 | 343 344 346 | 424 428 450 | 347 349 351 | 351 359 454 | 375 418 420 | 349 370 451 | 345 375 376 | 351 354 426 | 358 450 454 | 360 364 366 | 345 346 347 | 426 428 450 | 364 366 369 | 351 364 369 | 342 344 345 | 345 346 370 | 345 346 375 | 410 412 414 | 359 451 454 | 349 426 450 | 342 343 344 | 342 345 346 | 426 453 454 | 349 453 454 | 346 347 370 | 396 428 430 | 344 375 378 | 342 375 378 | 346 347 348 | 

M = 434 438 440 
391 438 440 | 392 430 432 | 391 392 435 | 435 438 440 | 438 439 440 | 437 438 440 | 391 435 438 | 435 438 440 | 393 434 440 | 389 390 409 | 438 439 440 | 430 432 445 | 438 439 440 | 391 435 440 | 391 436 440 | 

M = 120 123 208 
262 264 266 | 134 140 219 | 123 124 210 | 229 259 262 | 123 134 136 | 152 258 259 | 152 172 175 | 201 205 206 | 242 244 245 | 123 135 136 | 237 250 251 | 261 262 264 | 257 258 259 | 194 242 244 | 241 242 243 | 233 257 258 | 123 136 139 | 

FREQUENCIES
440: 12
438: 10
346: 8
345: 7
454: 5
391: 5
344: 5
349: 5
123: 5
435: 5
375: 5
450: 4
347: 4
342: 4
426: 4
351: 4
242: 3
259: 3
136: 3
369: 3
428: 3
343: 3
364: 3
262: 3
434: 3
258: 3
430: 3
439: 3
370: 3
152: 2
451: 2
392: 2
257: 2
134: 2
378: 2
432: 2
366: 2
453: 2
264: 2
244: 2
359: 2
243: 1
210: 1
219: 1
393: 1
135: 1
194: 1
175: 1
237: 1
233: 1
250: 1
251: 1
396: 1
172: 1
420: 1
348: 1
360: 1
201: 1
205: 1
140: 1
206: 1
208: 1
445: 1
245: 1
261: 1
124: 1
266: 1
229: 1
389: 1
409: 1
390: 1
120: 1
139: 1
418: 1
424: 1
414: 1
241: 1
437: 1
354: 1
410: 1
436: 1
358: 1
412: 1
376: 1
