D106n1.txt,0, | ,Score: 0

D106n2.txt,0, | 343 345 346 | 343 344 346 | 391 438 440 | ,Score: 0

D110n1.txt,0, | 147 175 262 | 123 134 136 | 123 210 224 | ,Score: 0

D110n2.txt,0, | 424 428 450 | 347 349 351 | 351 450 454 | ,Score: 0

D204n1.txt,0, | ,Score: 0

D204n2.txt,0, | 343 375 381 | 349 351 369 | 397 402 420 | ,Score: 0

D206n1.txt,0, | ,Score: 0

D206n2.txt,0, | 346 350 371 | 355 361 444 | 363 391 431 | ,Score: 0

D214n1.txt,0, | 229 259 262 | 123 134 136 | 153 232 258 | ,Score: 0

D214n2.txt,0, | 391 435 439 | 438 439 440 | 389 391 435 | ,Score: 0

D301n1.txt,0, | ,Score: 0

D301n2.txt,0, | 364 366 369 | 346 347 370 | 426 428 450 | ,Score: 0

D302n1.txt,0, | ,Score: 0

D302n2.txt,0, | 364 366 369 | 437 438 440 | 351 364 370 | ,Score: 0

D305n1.txt,0, | ,Score: 0

D305n2.txt,0, | 342 345 346 | 346 347 370 | 391 438 440 | ,Score: 0

D307n1.txt,0, | ,Score: 0

D307n2.txt,0, | 398 420 424 | 390 412 414 | 435 438 440 | ,Score: 0

D312n1.txt,0, | 201 208 226 | 201 206 226 | 123 132 139 | ,Score: 0

D312n2.txt,0, | 358 450 454 | 350 426 451 | 350 368 370 | ,Score: 0

D318n1.txt,0, | ,Score: 0

D318n2.txt,0, | 434 438 439 | 342 405 415 | 392 435 440 | ,Score: 0

D323n1.txt,0, | 178 182 229 | 183 259 261 | 178 262 264 | ,Score: 0

D323n2.txt,0, | 426 450 453 | 349 426 453 | 346 349 370 | ,Score: 0

D324n1.txt,0, | 134 139 219 | 178 181 261 | 193 197 241 | ,Score: 0

D324n2.txt,0, | 393 430 432 | 389 409 414 | 390 393 432 | ,Score: 0

D410n1.txt,0, | 194 242 247 | 152 233 259 | 128 193 241 | ,Score: 0

D410n2.txt,0, | 380 418 421 | 372 380 418 | 345 372 375 | ,Score: 0

D430n1.txt,0, | ,Score: 0

D430n2.txt,0, | 432 434 444 | 434 439 442 | 438 439 440 | ,Score: 0

D431n1.txt,0, | ,Score: 0

D431n2.txt,0, | 391 434 440 | 434 436 440 | 366 387 391 | ,Score: 0

