M = 123 134 136 
175 177 261 | 134 140 219 | 122 123 124 | 178 182 229 | 152 154 258 | 152 232 259 | 242 244 245 | 123 136 139 | 135 136 140 | 229 259 261 | 237 250 251 | 119 120 123 | 194 242 244 | 257 258 259 | 233 257 258 | 119 120 123 | 241 242 243 | 

M = 363 391 392 
392 430 432 | 390 391 392 | 361 362 363 | 364 366 369 | 360 364 366 | 362 364 365 | 364 365 369 | 351 362 365 | 354 362 363 | 396 428 430 | 389 393 432 | 389 409 414 | 393 432 434 | 366 368 387 | 391 435 436 | 366 387 391 | 

M = 349 426 454 
424 428 450 | 349 351 454 | 347 349 351 | 349 351 370 | 375 418 420 | 358 359 454 | 356 358 359 | 370 450 451 | 426 428 450 | 345 347 370 | 425 454 456 | 355 356 445 | 398 402 420 | 349 370 450 | 358 450 456 | 417 418 420 | 380 418 421 | 347 370 450 | 368 369 372 | 375 378 380 | 380 420 421 | 421 423 424 | 342 345 375 | 

FREQUENCIES
450: 6
349: 5
123: 5
370: 5
364: 4
391: 4
366: 4
420: 4
362: 4
454: 4
351: 4
136: 3
347: 3
421: 3
418: 3
392: 3
428: 3
369: 3
365: 3
363: 3
242: 3
380: 3
375: 3
432: 3
258: 3
259: 3
358: 3
134: 2
345: 2
120: 2
424: 2
393: 2
119: 2
368: 2
244: 2
389: 2
430: 2
387: 2
456: 2
257: 2
229: 2
152: 2
426: 2
140: 2
261: 2
356: 2
359: 2
219: 1
135: 1
139: 1
402: 1
342: 1
409: 1
122: 1
124: 1
425: 1
414: 1
378: 1
417: 1
372: 1
194: 1
390: 1
396: 1
398: 1
250: 1
423: 1
360: 1
361: 1
445: 1
245: 1
241: 1
243: 1
436: 1
434: 1
435: 1
451: 1
178: 1
177: 1
175: 1
251: 1
182: 1
154: 1
237: 1
232: 1
233: 1
355: 1
354: 1
