D106n1.txt,0, | ,Score: 0

D106n2.txt,0, | ,Score: 0

D110n1.txt,0, | 175 177 224 | 134 140 219 | 123 210 224 | ,Score: 0

D110n2.txt,0, | 347 351 450 | 351 450 454 | 347 349 351 | ,Score: 0

D204n1.txt,0, | ,Score: 0

D204n2.txt,0, | 345 376 381 | 397 420 427 | 380 418 421 | ,Score: 0

D206n1.txt,0, | ,Score: 0

D206n2.txt,0, | 363 392 431 | 366 391 412 | 354 362 431 | ,Score: 0

D214n1.txt,0, | 152 258 259 | 153 232 258 | 152 154 258 | ,Score: 0

D214n2.txt,0, | 358 451 454 | 356 358 359 | 370 450 451 | ,Score: 0

D301n1.txt,0, | ,Score: 0

D301n2.txt,0, | 364 366 369 | 360 364 366 | 347 370 450 | ,Score: 0

D302n1.txt,0, | ,Score: 0

D302n2.txt,0, | 362 364 365 | 351 365 369 | 351 362 365 | ,Score: 0

D305n1.txt,0, | ,Score: 0

D305n2.txt,0, | 345 347 370 | ,Score: 0

D307n1.txt,0, | ,Score: 0

D307n2.txt,0, | 425 454 456 | 355 362 445 | 398 421 424 | ,Score: 0

D312n1.txt,0, | 201 208 226 | 193 196 242 | 123 135 139 | ,Score: 0

D312n2.txt,0, | 350 370 451 | 358 426 451 | 417 418 420 | ,Score: 0

D318n1.txt,0, | ,Score: 0

D318n2.txt,0, | 354 362 363 | ,Score: 0

D323n1.txt,0, | 122 124 135 | 183 229 261 | 153 232 259 | ,Score: 0

D323n2.txt,0, | 426 450 453 | 349 426 453 | 349 426 454 | ,Score: 0

D324n1.txt,0, | 122 137 141 | 196 241 244 | 193 197 241 | ,Score: 0

D324n2.txt,0, | 393 396 430 | 389 393 432 | 389 409 414 | ,Score: 0

D410n1.txt,0, | 152 233 258 | 152 172 175 | 193 196 242 | ,Score: 0

D410n2.txt,0, | 372 380 418 | 375 378 380 | 380 418 421 | ,Score: 0

D430n1.txt,0, | ,Score: 0

D430n2.txt,0, | 393 432 434 | 399 428 445 | 351 358 447 | ,Score: 0

D431n1.txt,0, | ,Score: 0

D431n2.txt,0, | 366 368 387 | 391 435 436 | 366 387 391 | ,Score: 0

