M = 156 235 250 
204 205 206 | 152 172 257 | 177 180 182 | 196 242 244 | 178 182 229 | 152 232 258 | 182 226 229 | 152 172 175 | 196 242 245 | 135 136 140 | 258 259 261 | 237 250 251 | 134 193 219 | 178 180 182 | 241 242 243 | 233 257 258 | 193 196 241 | 

M = 362 366 433 
362 363 366 | 362 363 433 | 389 390 393 | 389 409 414 | 430 432 445 | 390 435 436 | 390 435 436 | 

M = 349 426 454 
359 451 455 | 451 454 455 | 424 428 450 | 351 360 451 | 349 351 451 | 349 370 451 | 358 359 454 | 356 358 359 | 370 450 451 | 426 428 450 | 426 428 450 | 359 451 454 | 347 349 370 | 417 418 420 | 450 453 454 | 347 370 450 | 396 428 430 | 420 421 423 | 418 420 421 | 357 358 447 | 357 358 447 | 

FREQUENCIES
451: 7
450: 6
454: 5
349: 4
182: 4
428: 4
370: 4
359: 4
358: 4
152: 3
196: 3
258: 3
390: 3
420: 3
362: 3
426: 3
242: 3
455: 2
193: 2
178: 2
257: 2
357: 2
172: 2
180: 2
347: 2
366: 2
250: 2
421: 2
447: 2
389: 2
229: 2
363: 2
241: 2
430: 2
351: 2
436: 2
435: 2
418: 2
433: 2
243: 1
134: 1
219: 1
393: 1
259: 1
136: 1
135: 1
177: 1
235: 1
175: 1
237: 1
232: 1
233: 1
251: 1
156: 1
396: 1
424: 1
360: 1
453: 1
205: 1
204: 1
140: 1
206: 1
445: 1
245: 1
244: 1
261: 1
226: 1
409: 1
423: 1
432: 1
414: 1
356: 1
417: 1
