D106n1.txt,0, | ,Score: 0

D106n2.txt,0, | ,Score: 0

D110n1.txt,0, | 122 124 224 | 172 175 257 | 177 182 261 | ,Score: 0

D110n2.txt,0, | 359 451 455 | 451 454 455 | 349 450 455 | ,Score: 0

D204n1.txt,0, | ,Score: 0

D204n2.txt,0, | 351 360 451 | 349 351 451 | 349 351 370 | ,Score: 0

D206n1.txt,0, | ,Score: 0

D206n2.txt,0, | 362 363 366 | 362 363 433 | 363 366 433 | ,Score: 0

D214n1.txt,0, | 134 136 140 | 153 258 259 | 153 232 258 | ,Score: 0

D214n2.txt,0, | 358 451 454 | 356 358 359 | 370 450 451 | ,Score: 0

D301n1.txt,0, | ,Score: 0

D301n2.txt,0, | 358 426 450 | 426 428 450 | ,Score: 0

D302n1.txt,0, | ,Score: 0

D302n2.txt,0, | ,Score: 0

D305n1.txt,0, | ,Score: 0

D305n2.txt,0, | ,Score: 0

D307n1.txt,0, | ,Score: 0

D307n2.txt,0, | ,Score: 0

D312n1.txt,0, | 124 135 138 | 134 139 219 | 194 196 244 | ,Score: 0

D312n2.txt,0, | 351 359 451 | 349 450 454 | 351 426 451 | ,Score: 0

D318n1.txt,0, | ,Score: 0

D318n2.txt,0, | ,Score: 0

D323n1.txt,0, | 190 217 219 | 183 259 261 | 153 232 259 | ,Score: 0

D323n2.txt,0, | 426 450 454 | 349 450 453 | 349 426 453 | ,Score: 0

D324n1.txt,0, | 134 139 219 | 193 196 242 | 178 182 261 | ,Score: 0

D324n2.txt,0, | 389 392 414 | 392 430 432 | 389 409 414 | ,Score: 0

D410n1.txt,0, | 194 242 247 | 152 233 258 | 193 196 241 | ,Score: 0

D410n2.txt,0, | 428 430 445 | 420 421 423 | 418 420 421 | ,Score: 0

D430n1.txt,0, | ,Score: 0

D430n2.txt,0, | 357 358 447 | 351 358 447 | ,Score: 0

D431n1.txt,0, | ,Score: 0

D431n2.txt,0, | 390 435 436 | 366 387 390 | ,Score: 0

