D106n1.txt,0, | ,Score: 0

D106n2.txt,0, | ,Score: 0

D110n1.txt,16, | 204 205 206 | 152 172 257 | 177 180 182 | ,Score: 19.7162

D110n2.txt,9, | 359 451 455 | 451 454 455 | 424 428 450 | ,Score: 14.5239

D204n1.txt,0, | ,Score: 0

D204n2.txt,1, | 351 360 451 | 349 351 451 | 349 370 451 | ,Score: 15.9821

D206n1.txt,0, | ,Score: 0

D206n2.txt,1, | 362 363 366 | 362 363 433 | 362 366 433 | ,Score: 15.8814

D214n1.txt,16, | 196 242 244 | 178 182 229 | 152 232 258 | ,Score: 15.3411

D214n2.txt,10, | 358 359 454 | 356 358 359 | 370 450 451 | ,Score: 18.8118

D301n1.txt,0, | ,Score: 0

D301n2.txt,10, | 426 428 450 | 426 428 450 | ,Score: 14.9464

D302n1.txt,0, | ,Score: 0

D302n2.txt,0, | ,Score: 0

D305n1.txt,0, | ,Score: 0

D305n2.txt,0, | ,Score: 0

D307n1.txt,0, | ,Score: 0

D307n2.txt,0, | ,Score: 0

D312n1.txt,20, | 182 226 229 | 152 172 175 | 196 242 245 | ,Score: 19.4724

D312n2.txt,13, | 359 451 454 | 347 349 370 | 417 418 420 | ,Score: 17.1658

D318n1.txt,0, | ,Score: 0

D318n2.txt,0, | ,Score: 0

D323n1.txt,17, | 135 136 140 | 258 259 261 | 237 250 251 | ,Score: 23.9033

D323n2.txt,10, | 450 453 454 | 347 370 450 | 349 426 454 | ,Score: 17.7747

D324n1.txt,21, | 134 193 219 | 156 235 250 | 178 180 182 | ,Score: 22.5367

D324n2.txt,12, | 389 390 393 | 396 428 430 | 389 409 414 | ,Score: 16.3583

D410n1.txt,18, | 241 242 243 | 233 257 258 | 193 196 241 | ,Score: 33.1431

D410n2.txt,6, | 430 432 445 | 420 421 423 | 418 420 421 | ,Score: 16.5599

D430n1.txt,0, | ,Score: 0

D430n2.txt,1, | 357 358 447 | 357 358 447 | ,Score: 7.0042

D431n1.txt,0, | ,Score: 0

D431n2.txt,2, | 390 435 436 | 390 435 436 | ,Score: 10.4602

