126 127 131 
124 126 127 
126 127 208 
124 126 208 
229 232 261 
229 232 259 
229 259 261 
182 229 261 
183 229 261 
183 229 259 
182 183 229 
152 232 258 
152 258 259 
152 153 258 
232 258 261 
232 258 259 
153 232 258 
258 259 261 
153 258 259 
131 134 136 
131 135 136 
127 131 134 
127 131 135 
131 134 135 
131 134 193 
237 250 251 
237 248 251 
237 248 250 
248 250 251 
134 135 136 
134 136 140 
135 136 140 
124 127 208 
124 127 135 
127 134 135 
122 124 208 
122 124 135 
152 232 259 
152 153 232 
152 153 259 
152 171 173 
152 153 171 
152 153 173 
232 259 261 
153 232 259 
183 259 261 
182 183 261 
140 217 219 
190 217 219 
134 140 219 
134 193 219 
171 190 219 
190 193 219 
134 135 140 
153 171 173 
153 168 171 
168 171 190 
