146 147 265 
147 178 265 
147 265 267 
147 265 266 
147 262 265 
147 177 265 
147 148 265 
146 178 265 
146 265 267 
146 265 266 
146 177 265 
146 148 265 
178 265 267 
178 265 266 
178 262 265 
177 178 265 
148 178 265 
178 261 265 
265 266 267 
262 265 267 
177 265 267 
148 265 267 
262 265 266 
148 265 266 
177 262 265 
148 262 265 
261 262 265 
148 177 265 
177 261 265 
148 261 265 
146 147 178 
146 147 267 
146 147 266 
146 147 177 
146 147 148 
146 147 175 
147 178 267 
147 178 266 
147 178 262 
147 177 178 
147 148 178 
147 175 178 
147 266 267 
147 262 267 
147 177 267 
147 148 267 
147 175 267 
147 262 266 
147 148 266 
147 177 262 
147 148 262 
147 175 262 
147 148 177 
147 175 177 
147 148 175 
146 178 267 
146 178 266 
146 177 178 
146 148 178 
146 175 178 
146 266 267 
146 177 267 
146 148 267 
146 175 267 
146 148 266 
146 148 177 
146 175 177 
146 148 175 
178 181 262 
177 178 181 
178 181 182 
178 181 226 
178 181 261 
177 181 262 
181 182 262 
181 261 262 
177 181 182 
177 181 226 
177 181 261 
181 182 226 
181 182 261 
178 266 267 
178 262 267 
177 178 267 
148 178 267 
175 178 267 
178 262 266 
148 178 266 
177 178 262 
178 182 262 
148 178 262 
178 261 262 
175 178 262 
177 178 182 
148 177 178 
177 178 226 
177 178 261 
175 177 178 
178 182 226 
178 182 261 
148 178 261 
148 175 178 
175 178 226 
175 178 261 
262 266 267 
148 266 267 
177 262 267 
148 262 267 
175 262 267 
148 177 267 
175 177 267 
148 175 267 
148 262 266 
177 182 262 
148 177 262 
177 261 262 
175 177 262 
259 261 262 
182 261 262 
148 261 262 
148 175 262 
175 261 262 
119 124 210 
177 182 226 
177 182 261 
148 177 261 
148 175 177 
175 177 226 
175 177 261 
286 290 293 
152 258 259 
258 259 261 
257 258 259 
152 257 259 
434 438 440 
438 439 440 
438 440 441 
436 438 440 
438 440 442 
434 439 440 
434 440 441 
434 436 440 
434 440 442 
434 440 443 
439 440 441 
436 439 440 
439 440 442 
436 440 441 
440 441 442 
440 441 443 
436 440 442 
440 442 443 
325 326 329 
326 329 334 
434 438 439 
434 438 441 
434 436 438 
434 438 442 
438 439 441 
436 438 439 
438 439 442 
436 438 441 
438 441 442 
436 438 442 
434 439 441 
434 436 439 
434 439 442 
434 436 441 
434 441 442 
434 441 443 
434 441 444 
434 436 442 
434 442 443 
434 442 444 
434 443 444 
325 441 443 
436 439 441 
439 441 442 
436 439 442 
436 441 442 
441 442 443 
441 442 444 
441 443 444 
152 274 277 
148 175 261 
152 257 258 
283 284 290 
284 286 290 
277 283 284 
283 284 286 
208 210 226 
206 208 226 
124 208 226 
124 210 226 
152 175 257 
290 442 443 
290 442 444 
286 290 443 
290 443 444 
283 286 290 
286 290 444 
442 443 444 
124 208 210 
286 443 444 
158 235 251 
158 161 251 
241 243 245 
243 244 245 
241 243 244 
216 217 218 
241 244 245 
