123 126 127 
123 127 135 
123 124 127 
123 127 208 
124 126 127 
126 127 197 
126 127 196 
126 127 130 
126 127 208 
124 127 135 
127 130 135 
124 127 208 
127 196 197 
127 130 197 
127 130 196 
123 124 126 
123 126 208 
123 135 136 
123 124 135 
122 123 135 
122 123 124 
123 124 208 
122 123 208 
124 126 208 
126 206 208 
126 196 197 
126 130 197 
126 130 196 
135 136 141 
122 124 135 
122 135 141 
122 124 208 
196 245 248 
196 244 245 
196 242 245 
242 245 248 
243 244 245 
242 244 245 
242 243 245 
203 205 206 
205 206 208 
205 206 235 
201 205 206 
203 206 235 
201 203 206 
201 206 208 
201 206 235 
130 196 197 
196 197 248 
196 197 249 
197 248 250 
197 248 249 
197 249 250 
203 205 235 
201 203 205 
201 205 208 
201 205 235 
130 191 196 
196 242 248 
196 248 249 
196 242 244 
191 196 242 
146 178 265 
146 178 266 
146 265 268 
146 265 266 
146 265 271 
146 266 268 
146 268 271 
146 266 271 
201 203 235 
248 250 251 
248 249 250 
248 249 251 
165 248 249 
178 265 266 
265 266 268 
265 268 271 
265 266 271 
242 243 244 
266 268 271 
158 250 251 
158 235 250 
158 249 250 
235 250 251 
249 250 251 
235 249 250 
335 336 339 
164 165 249 
164 165 169 
158 235 251 
158 249 251 
158 159 251 
158 235 249 
318 322 325 
318 319 322 
293 296 318 
296 311 318 
318 319 325 
235 249 251 
201 235 251 
322 325 326 
319 322 326 
319 322 325 
293 296 297 
296 297 311 
296 297 300 
296 297 307 
293 297 300 
297 300 311 
297 307 311 
297 300 307 
319 325 326 
293 296 300 
296 300 311 
296 307 311 
296 300 307 
165 169 191 
300 307 311 
