145 147 268 
145 146 268 
145 265 268 
145 267 268 
145 148 268 
146 147 268 
147 266 268 
147 265 268 
147 267 268 
147 148 268 
146 266 268 
146 265 268 
146 267 268 
146 148 268 
265 266 268 
266 267 268 
148 266 268 
265 267 268 
148 265 268 
148 267 268 
400 403 419 
400 401 419 
400 418 419 
400 401 403 
400 403 418 
400 401 418 
324 400 401 
144 145 147 
144 145 146 
144 145 177 
144 145 148 
144 146 147 
144 147 177 
144 147 148 
144 146 177 
144 146 148 
144 148 177 
379 418 419 
379 419 422 
145 146 147 
145 147 265 
145 147 178 
145 147 177 
145 147 267 
145 147 148 
145 146 265 
145 146 178 
145 146 177 
145 146 267 
145 146 148 
145 178 265 
145 177 265 
145 265 267 
145 148 265 
145 177 178 
145 178 267 
145 148 178 
145 177 267 
145 148 177 
145 148 267 
401 403 419 
403 418 419 
401 418 419 
319 322 326 
322 324 326 
322 325 326 
321 322 326 
319 324 326 
319 325 326 
319 321 326 
324 325 326 
321 324 326 
321 325 326 
401 403 418 
336 339 403 
135 136 141 
123 135 136 
146 147 266 
146 147 265 
146 147 178 
146 147 177 
146 147 267 
146 147 148 
147 265 266 
147 262 266 
147 178 266 
147 263 266 
147 266 267 
147 148 266 
147 180 262 
147 178 180 
147 177 180 
147 262 265 
147 178 265 
147 177 265 
147 263 265 
147 265 267 
147 148 265 
147 178 262 
147 177 262 
147 262 263 
147 262 267 
147 148 262 
147 177 178 
147 178 263 
147 178 267 
147 148 178 
147 177 263 
147 177 267 
147 148 177 
147 263 267 
147 148 263 
147 148 267 
324 325 401 
146 265 266 
146 178 266 
146 266 267 
146 148 266 
146 178 265 
146 177 265 
146 265 267 
146 148 265 
146 177 178 
146 178 267 
146 148 178 
146 177 267 
146 148 177 
146 148 267 
122 135 141 
262 265 266 
178 265 266 
263 265 266 
265 266 267 
148 265 266 
178 262 266 
262 263 266 
262 266 267 
148 262 266 
178 263 266 
178 266 267 
148 178 266 
263 266 267 
148 263 266 
148 266 267 
178 180 262 
177 180 262 
180 182 262 
177 178 180 
178 180 182 
177 180 182 
316 319 322 
288 316 322 
316 317 322 
316 321 322 
316 318 322 
319 322 324 
288 319 322 
319 322 325 
317 319 322 
319 321 322 
318 319 322 
288 322 324 
322 324 325 
317 322 324 
321 322 324 
318 322 324 
288 322 325 
288 317 322 
288 321 322 
288 318 322 
321 322 325 
318 322 325 
317 321 322 
317 318 322 
318 321 322 
178 262 265 
177 262 265 
262 263 265 
261 262 265 
262 265 267 
148 262 265 
177 178 265 
178 263 265 
178 261 265 
178 265 267 
148 178 265 
177 263 265 
177 261 265 
177 265 267 
148 177 265 
261 263 265 
263 265 267 
148 263 265 
148 261 265 
148 265 267 
123 124 126 
123 126 127 
119 122 123 
119 123 124 
122 123 124 
122 123 135 
123 124 135 
123 124 127 
123 127 135 
124 126 127 
177 178 262 
178 262 263 
178 261 262 
178 262 267 
148 178 262 
178 182 262 
177 262 263 
177 261 262 
177 262 267 
148 177 262 
177 182 262 
261 262 263 
262 263 267 
148 262 263 
148 261 262 
182 261 262 
148 262 267 
119 122 124 
177 178 263 
177 178 261 
177 178 267 
148 177 178 
177 178 182 
178 261 263 
178 263 267 
148 178 263 
148 178 261 
178 182 261 
148 178 267 
122 124 135 
124 127 135 
157 164 249 
157 237 249 
157 249 250 
157 165 249 
157 235 249 
157 164 165 
157 237 250 
157 235 237 
157 235 250 
177 261 263 
177 263 267 
148 177 263 
148 177 261 
177 182 261 
148 177 267 
288 316 319 
316 317 319 
314 316 319 
316 319 321 
313 316 319 
316 318 319 
288 316 317 
288 314 316 
288 316 321 
288 313 316 
288 316 318 
311 316 317 
314 316 317 
316 317 321 
313 316 317 
316 317 318 
311 314 316 
311 313 316 
311 316 318 
314 316 321 
313 314 316 
314 316 318 
313 316 321 
316 318 321 
313 316 318 
288 319 324 
319 324 325 
317 319 324 
319 321 324 
318 319 324 
288 319 325 
288 317 319 
288 314 319 
288 319 321 
288 313 319 
288 318 319 
319 321 325 
318 319 325 
314 317 319 
317 319 321 
313 317 319 
317 318 319 
314 319 321 
313 314 319 
314 318 319 
313 319 321 
318 319 321 
313 318 319 
237 248 249 
248 249 250 
165 248 249 
237 248 250 
296 297 311 
296 297 314 
297 311 314 
164 165 249 
237 249 250 
235 237 249 
235 249 250 
288 324 325 
288 317 324 
288 321 324 
288 318 324 
321 324 325 
318 324 325 
317 321 324 
317 318 324 
318 321 324 
283 286 288 
283 284 288 
288 321 325 
288 318 325 
288 314 317 
288 317 321 
288 313 317 
288 317 318 
288 314 321 
288 313 314 
288 314 318 
288 313 321 
288 318 321 
288 313 318 
284 286 288 
283 284 286 
235 237 250 
206 235 237 
318 321 325 
148 261 263 
148 263 267 
296 311 317 
296 314 317 
296 313 317 
296 317 318 
296 311 314 
296 311 313 
296 311 318 
296 313 314 
296 314 318 
296 313 318 
311 314 317 
311 313 317 
311 317 318 
314 317 321 
313 314 317 
314 317 318 
313 317 321 
317 318 321 
313 317 318 
311 313 314 
311 314 318 
311 313 318 
313 314 321 
314 318 321 
313 314 318 
313 318 321 
