229 261 262 
182 229 262 
229 259 262 
178 229 262 
261 262 263 
182 261 262 
259 261 262 
178 261 262 
147 262 263 
147 178 262 
259 262 263 
178 262 263 
178 182 262 
182 229 261 
229 259 261 
178 229 261 
229 232 261 
178 182 229 
229 232 259 
146 147 268 
146 147 178 
145 146 147 
146 147 150 
145 146 268 
146 150 268 
145 146 178 
146 150 178 
145 146 150 
259 261 263 
178 261 263 
178 182 261 
232 259 261 
119 123 124 
119 122 124 
119 122 123 
147 178 263 
145 147 268 
147 150 268 
145 147 178 
147 150 178 
145 147 150 
135 136 141 
122 135 141 
123 134 136 
134 135 136 
123 135 136 
145 150 268 
150 268 272 
127 130 134 
126 127 130 
127 130 135 
127 130 196 
130 134 135 
126 130 196 
130 196 241 
124 127 208 
126 127 208 
123 127 208 
123 127 134 
127 134 135 
124 126 127 
123 124 127 
124 127 135 
123 126 127 
126 127 196 
123 127 135 
145 150 178 
126 206 208 
124 126 208 
123 124 208 
122 124 208 
124 208 224 
123 126 208 
122 123 208 
123 208 224 
122 208 224 
123 134 135 
123 124 126 
122 123 124 
123 124 135 
123 124 224 
122 124 135 
122 124 224 
400 401 419 
122 123 135 
122 123 224 
