120mGLY: 06,13,16,20,21,26,27,28|8|2.8687
180mGLU: 05,06,08,13,16,20,21,28|8|4.1957
119mGLU: 06,13,16,20,21,26,27,28|8|6.0615
262mGLU: 05,06,08,12,13,16,28|7|2.6594
146mTHR: 06,08,12,13,16,27,28|7|4.7371
181mGLU: 05,06,08,13,20,21,28|7|2.9184
147mGLY: 05,06,08,12,13,16,28|7|1.9376
146mHIS: 06,08,12,13,16,27,28|7|4.6248
146mLEU: 06,08,12,13,16,27,28|7|2.1816
146mGLU: 06,08,12,13,16,27,28|7|6.0148
262mGLY: 05,06,08,12,13,16,28|7|2.0955
146mALA: 06,08,12,13,16,27,28|7|3.1405
146mASP: 06,08,12,13,16,27,28|7|3.2282
263mGLU: 05,06,08,12,13,16,28|7|2.1111
136mVAL: 17,21,23,24,26,27|6|2.669
136mALA: 17,21,23,24,26,27|6|4.173
229mGLY: 05,06,08,12,13,28|6|1.2265
134mGLU: 17,21,23,24,26,27|6|2.3068
126mGLY: 19,20,21,24,26,27|6|2.1673
134mALA: 17,21,23,24,26,27|6|1.2494
134mLEU: 17,21,23,24,26,27|6|1.4179
142mGLY: 06,13,16,17,27,28|6|3.1104
134mTHR: 17,21,23,24,26,27|6|1.9845
178mVAL: 08,12,13,16,28|5|1.125
127mTHR: 20,21,24,26,27|5|2.1858
182mLEU: 05,06,20,21,28|5|1.4246
127mGLY: 20,21,24,26,27|5|1.9459
178mSER: 08,12,13,16,28|5|2.1284
178mLYS: 08,12,13,16,28|5|2.445
178mGLY: 08,12,13,16,28|5|2.3556
182mTHR: 05,06,20,21,28|5|2.3036
124mSER: 20,21,24,26,27|5|1.669
244mGLY: 11,15,19,23,24|5|1.9243
124mGLU: 20,21,24,26,27|5|2.5188
178mLEU: 08,12,13,16,28|5|1.3309
127mASN: 20,21,24,26,27|5|1.2537
182mGLU: 05,06,20,21,28|5|3.0937
127mGLU: 20,21,24,26,27|5|2.4049
244mTHR: 11,15,19,23,24|5|2.3681
178mMET: 08,12,13,16,28|5|1.3169
264mGLU: 05,08,12,16,28|5|1.7058
178mGLU: 08,12,13,16,28|5|2.8454
178mASP: 08,12,13,16,28|5|1.9555
250mALA: 02,11,19,20,26|5|1.136
178mTYR: 08,12,13,16,28|5|1.7292
178mCYS: 08,12,13,16,28|5|1.9445
178mALA: 08,12,13,16,28|5|2.6374
124mALA: 20,21,24,26,27|5|1.8326
182mALA: 05,06,20,21,28|5|1.2208
178mTHR: 08,12,13,16,28|5|2.6148
244mGLU: 11,15,19,23,24|5|3.4249
127mSER: 20,21,24,26,27|5|1.8232
127mHIS: 20,21,24,26,27|5|1.528
124mGLY: 20,21,24,26,27|5|2.4348
250mGLU: 02,11,19,20,26|5|2.1326
124mTHR: 20,21,24,26,27|5|2.294
196mGLN: 11,20,24,26|4|1.2562
123mLYS: 21,24,26,27|4|3.0949
196mALA: 11,20,24,26|4|1.1507
123mGLN: 21,24,26,27|4|1.8317
123mGLU: 21,24,26,27|4|4.9819
208mGLY: 06,20,21,26|4|2.9837
196mGLU: 11,20,24,26|4|1.7709
243mGLY: 11,15,19,23|4|1.6663
123mTHR: 21,24,26,27|4|4.1176
196mVAL: 11,20,24,26|4|1.2309
204mGLU: 02,19,20,21|4|1.4114
208mTHR: 06,20,21,26|4|3.1905
242mSER: 15,17,19,23|4|2.4596
242mGLY: 15,17,19,23|4|2.8081
196mMET: 11,20,24,26|4|1.6916
123mGLY: 21,24,26,27|4|4.5253
196mSER: 11,20,24,26|4|1.3728
123mASN: 21,24,26,27|4|3.0404
196mASN: 11,20,24,26|4|1.2371
208mASP: 06,20,21,26|4|1.7323
196mTHR: 11,20,24,26|4|1.6504
242mALA: 15,17,19,23|4|2.0302
242mMET: 15,17,19,23|4|1.1571
208mCYS: 06,20,21,26|4|1.9935
242mGLU: 15,17,19,23|4|3.0841
242mASP: 15,17,19,23|4|1.7019
242mTHR: 15,17,19,23|4|3.2895
242mILE: 15,17,19,23|4|1.4413
196mLEU: 11,20,24,26|4|1.4538
242mLEU: 15,17,19,23|4|1.1679
123mSER: 21,24,26,27|4|3.9827
196mGLY: 11,20,24,26|4|1.5945
123mMET: 21,24,26,27|4|2.8962
123mILE: 21,24,26,27|4|1.9124
208mALA: 06,20,21,26|4|2.5738
123mVAL: 21,24,26,27|4|2.4637
242mLYS: 15,17,19,23|4|2.767
208mGLU: 06,20,21,26|4|3.5905
242mGLN: 15,17,19,23|4|1.5467
242mASN: 15,17,19,23|4|2.5687
123mLEU: 21,24,26,27|4|2.9509
123mHIS: 21,24,26,27|4|3.6546
242mHIS: 15,17,19,23|4|1.9899
123mASP: 21,24,26,27|4|2.3004
196mHIS: 11,20,24,26|4|1.5716
205mCYS: 19,20,21,26|4|2.6631
123mALA: 21,24,26,27|4|3.2218
259mPHE: 05,08,12|3|1.1007
197mASN: 19,20,26|3|1.2289
259mGLY: 05,08,12|3|2.9497
193mVAL: 15,17,23|3|1.2733
259mASN: 05,08,12|3|2.2224
193mGLU: 15,17,23|3|1.7006
193mHIS: 15,17,23|3|1.5811
259mALA: 05,08,12|3|2.145
197mGLU: 19,20,26|3|1.6403
259mSER: 05,08,12|3|2.8531
193mILE: 15,17,23|3|1.1839
193mALA: 15,17,23|3|2.3783
137mGLU: 21,26,27|3|1.7853
193mCYS: 15,17,23|3|1.9011
193mSER: 15,17,23|3|2.1489
259mLEU: 05,08,12|3|2.3574
140mGLY: 17,23,27|3|1.0998
194mTHR: 15,17,23|3|1.1298
259mASP: 05,08,12|3|1.3102
201mGLY: 19,20,26|3|1.0543
122mSER: 13,26,28|3|1.1264
193mGLY: 15,17,23|3|2.673
194mHIS: 15,17,23|3|1.6915
193mLYS: 15,17,23|3|1.6302
219mGLU: 15,17,23|3|1.0558
122mASN: 13,26,28|3|1.0824
197mTHR: 19,20,26|3|1.5586
122mGLY: 13,26,28|3|1.2392
261mALA: 08,12,28|3|2.6948
201mGLU: 19,20,26|3|1.3274
261mMET: 08,12,28|3|1.5432
201mTHR: 19,20,26|3|1.492
261mHIS: 08,12,28|3|1.4601
140mTHR: 17,23,27|3|1.4246
261mGLY: 08,12,28|3|2.4359
261mPHE: 08,12,28|3|1.2396
194mGLU: 15,17,23|3|1.5112
251mGLU: 02,19,20|3|1.3532
122mMET: 13,26,28|3|1.3876
193mTHR: 15,17,23|3|1.0314
197mLEU: 19,20,26|3|1.2086
261mASP: 08,12,28|3|1.1706
259mHIS: 05,08,12|3|3.0452
261mLEU: 08,12,28|3|2.2399
197mHIS: 19,20,26|3|1.8336
261mVAL: 08,12,28|3|1.9498
259mTYR: 05,08,12|3|1.5987
197mMET: 19,20,26|3|1.836
193mLEU: 15,17,23|3|1.2649
259mILE: 05,08,12|3|1.3767
194mSER: 15,17,23|3|1.6975
194mMET: 15,17,23|3|1.3586
197mSER: 19,20,26|3|1.3866
140mGLU: 17,23,27|3|1.4779
259mTHR: 05,08,12|3|2.7049
261mGLU: 08,12,28|3|2.12
259mGLN: 05,08,12|3|1.7748
259mGLU: 05,08,12|3|2.8575
194mGLY: 15,17,23|3|1.7738
261mSER: 08,12,28|3|1.9602
261mTHR: 08,12,28|3|1.1919
193mMET: 15,17,23|3|1.5256
201mASN: 19,20,26|3|1.1722
197mGLN: 19,20,26|3|1.1178
137mTHR: 21,26,27|3|1.0419
122mHIS: 13,26,28|3|1.6228
194mALA: 15,17,23|3|1.0098
261mILE: 08,12,28|3|1.912
259mVAL: 05,08,12|3|1.9474
197mGLY: 19,20,26|3|1.6647
259mLYS: 05,08,12|3|1.8141
261mCYS: 08,12,28|3|3.3011
261mLYS: 08,12,28|3|1.2886
259mMET: 05,08,12|3|2.843
219mCYS: 15,17,23|3|1.5693
235mPHE: 02,19|2|1.3156
149mMET: 12,16|2|1.9351
235mGLU: 02,19|2|1.9076
150mTRP: 12,16|2|1.371
139mTHR: 17,27|2|1.0745
267mCYS: 08,12|2|1.8848
235mALA: 02,19|2|1.2827
235mVAL: 02,19|2|1.3623
139mGLU: 17,27|2|1.0763
235mCYS: 02,19|2|1.8767
218mGLU: 17,23|2|1.8832
217mALA: 17,23|2|1.5058
150mTHR: 12,16|2|1.6825
232mHIS: 02,05|2|1.0448
267mGLY: 08,12|2|1.9473
218mALA: 17,23|2|1.4974
267mTHR: 08,12|2|2.3738
267mGLU: 08,12|2|2.7223
150mGLU: 12,16|2|1.5855
150mMET: 12,16|2|2.273
149mGLY: 12,16|2|1.9444
165mMET: 15,23|2|1.0407
267mILE: 08,12|2|1.0911
150mVAL: 12,16|2|1.2385
235mILE: 02,19|2|1.2168
150mASN: 12,16|2|1.8915
159mCYS: 02,19|2|2.1932
235mASP: 02,19|2|1.2607
235mGLN: 02,19|2|1.2521
235mLEU: 02,19|2|1.6311
165mHIS: 15,23|2|1.2171
149mALA: 12,16|2|1.0516
235mTHR: 02,19|2|1.6528
149mTHR: 12,16|2|1.6462
267mASN: 08,12|2|1.5173
217mTHR: 17,23|2|1.2989
267mALA: 08,12|2|1.6845
150mHIS: 12,16|2|2.567
150mLEU: 12,16|2|1.299
267mSER: 08,12|2|1.3463
235mMET: 02,19|2|1.2955
217mGLU: 17,23|2|1.8072
149mLEU: 12,16|2|1.2867
150mSER: 12,16|2|1.9465
149mHIS: 12,16|2|2.1679
235mGLY: 02,19|2|1.1894
150mALA: 12,16|2|1.0185
218mCYS: 17,23|2|1.4883
150mGLY: 12,16|2|2.0875
149mGLU: 12,16|2|1.7156
218mASP: 17,23|2|1.4341
217mASP: 17,23|2|1.2201
149mASN: 12,16|2|1.3942
150mGLN: 12,16|2|1.566
149mSER: 12,16|2|1.833
241mCYS: 23|1|1.0271
160mCYS: 02|1|1.1228
164mHIS: 15|1|1.1667
