126 206 
206 237 
201 206 
206 208 
206 235 
124 126 
126 127 
123 126 
126 197 
126 196 
126 208 
126 130 
124 127 
123 124 
119 124 
124 135 
124 208 
123 127 
127 134 
127 135 
127 197 
127 196 
127 208 
127 130 
119 123 
123 134 
123 135 
123 208 
123 136 
244 245 
196 244 
241 244 
242 244 
237 248 
237 250 
201 237 
197 237 
196 237 
158 237 
237 239 
237 251 
235 237 
237 249 
157 237 
248 250 
245 248 
197 248 
196 248 
239 248 
248 251 
248 249 
241 248 
242 248 
197 250 
158 250 
239 250 
250 251 
235 250 
249 250 
157 250 
201 251 
201 208 
201 235 
196 245 
239 245 
241 245 
242 245 
134 135 
130 134 
134 136 
130 135 
135 136 
146 268 
268 274 
268 272 
266 268 
267 268 
196 197 
197 239 
130 197 
197 249 
197 241 
196 239 
130 196 
196 249 
196 241 
196 242 
158 251 
158 235 
158 249 
157 158 
158 159 
239 251 
130 239 
239 249 
239 241 
239 242 
235 251 
249 251 
157 251 
159 251 
303 305 
299 305 
301 305 
305 307 
305 311 
302 305 
300 303 
299 300 
300 301 
296 300 
297 300 
300 307 
300 311 
300 302 
299 303 
301 303 
303 307 
274 303 
272 303 
302 303 
299 301 
296 299 
297 299 
299 314 
299 307 
299 311 
299 302 
130 241 
296 301 
297 301 
301 307 
274 301 
301 302 
235 249 
157 235 
296 297 
296 314 
296 307 
296 311 
296 302 
297 314 
297 307 
297 311 
297 302 
146 266 
146 267 
307 314 
311 314 
307 311 
302 307 
272 274 
267 274 
274 302 
157 249 
241 249 
157 159 
302 311 
241 242 
266 272 
267 272 
266 267 
