146 267 
142 146 
146 178 
143 146 
146 177 
146 179 
146 264 
267 273 
262 267 
267 274 
178 267 
177 267 
264 267 
273 274 
273 275 
141 142 
142 143 
140 142 
142 212 
142 213 
139 142 
229 262 
178 229 
229 261 
228 229 
226 229 
178 262 
177 262 
179 262 
261 262 
228 262 
262 264 
206 208 
206 228 
206 226 
125 206 
205 206 
141 143 
140 141 
136 141 
141 212 
141 213 
139 141 
141 216 
312 318 
312 313 
312 317 
274 303 
303 305 
275 303 
274 275 
177 178 
178 179 
178 261 
178 264 
178 226 
143 177 
140 143 
143 212 
143 213 
139 143 
177 179 
177 261 
177 264 
177 226 
179 261 
179 226 
258 261 
228 261 
261 264 
313 318 
317 318 
275 305 
282 313 
282 283 
282 317 
275 282 
257 258 
313 317 
136 140 
140 217 
140 212 
140 213 
139 140 
140 216 
136 212 
136 213 
136 139 
136 216 
275 283 
124 208 
208 226 
125 208 
205 208 
213 217 
139 217 
216 217 
164 165 
124 212 
124 226 
124 125 
226 228 
205 228 
212 213 
139 212 
125 212 
165 248 
139 213 
213 216 
139 216 
