400mSER: 03,17,18,22,24|5|2.0526
377mCYS: 03,10,17,18,22|5|7.1663
400mGLY: 03,17,18,22,24|5|2.5516
400mASP: 03,17,18,22,24|5|2.9104
400mTHR: 03,17,18,22,24|5|2.7403
377mGLU: 03,10,17,18,22|5|3.9806
400mGLU: 03,17,18,22,24|5|4.3517
400mALA: 03,17,18,22,24|5|2.9099
377mASP: 03,10,17,18,22|5|3.3708
377mGLY: 03,10,17,18,22|5|3.2668
439mALA: 04,09,23,26,27|5|2.8759
440mGLU: 01,04,09,23|4|4.8232
403mPHE: 03,17,18,22|4|1.1488
440mLYS: 01,04,09,23|4|3.2452
326mCYS: 22,23,26,27|4|3.3583
419mASP: 03,17,22,24|4|1.7648
440mTHR: 01,04,09,23|4|3.4876
121mGLU: 05,07,08,12|4|2.3068
403mLEU: 03,17,18,22|4|1.5882
438mTHR: 01,04,09,23|4|2.6671
440mLEU: 01,04,09,23|4|2.0603
229mGLY: 05,08,15,28|4|1.5082
119mTHR: 05,07,08,12|4|2.8486
403mALA: 03,17,18,22|4|2.6548
403mPRO: 03,17,18,22|4|2.0658
438mGLU: 01,04,09,23|4|3.533
403mLYS: 03,17,18,22|4|2.9659
379mCYS: 03,10,17,22|4|3.6331
419mGLY: 03,17,22,24|4|1.988
324mCYS: 17,18,22,24|4|3.4649
440mSER: 01,04,09,23|4|3.6463
419mALA: 03,17,22,24|4|2.094
403mILE: 03,17,18,22|4|1.9583
326mALA: 22,23,26,27|4|1.9104
440mASN: 01,04,09,23|4|2.2825
403mHIS: 03,17,18,22|4|1.4157
403mCYS: 03,17,18,22|4|3.8924
440mTRP: 01,04,09,23|4|1.2127
438mSER: 01,04,09,23|4|1.8272
121mCYS: 05,07,08,12|4|2.9799
419mTHR: 03,17,22,24|4|2.1782
440mASP: 01,04,09,23|4|4.5275
403mGLU: 03,17,18,22|4|4.6028
419mLYS: 03,17,22,24|4|1.7565
324mGLY: 17,18,22,24|4|2.0559
324mGLU: 17,18,22,24|4|2.2724
379mGLY: 03,10,17,22|4|1.3729
440mILE: 01,04,09,23|4|2.3233
440mGLY: 01,04,09,23|4|3.7634
324mASP: 17,18,22,24|4|1.5166
403mSER: 03,17,18,22|4|3.037
438mALA: 01,04,09,23|4|2.9249
438mGLY: 01,04,09,23|4|2.243
204mCYS: 02,07,20,28|4|2.4535
204mALA: 02,07,20,28|4|1.6971
440mHIS: 01,04,09,23|4|2.091
403mVAL: 03,17,18,22|4|2.5446
403mMET: 03,17,18,22|4|1.066
440mGLN: 01,04,09,23|4|2.0003
379mALA: 03,10,17,22|4|2.5062
403mGLY: 03,17,18,22|4|3.458
440mALA: 01,04,09,23|4|4.2203
119mGLU: 05,07,08,12|4|3.2928
327mCYS: 03,18,22,24|4|2.1388
403mASP: 03,17,18,22|4|3.9933
419mGLU: 03,17,22,24|4|2.0159
180mGLU: 05,06,08,15|4|2.1936
299mCYS: 01,23,26|3|4.7842
259mGLY: 02,15,28|3|3.1142
401mTHR: 17,18,22|3|2.6131
444mLYS: 01,04,09|3|1.0768
437mGLU: 04,09,23|3|1.0246
401mGLN: 17,18,22|3|1.98
297mTHR: 01,09,23|3|2.0423
401mGLU: 17,18,22|3|3.289
251mGLY: 02,07,20|3|2.1679
127mGLY: 07,08,20|3|2.8827
259mALA: 02,15,28|3|3.6159
401mLEU: 17,18,22|3|2.0643
259mSER: 02,15,28|3|2.4861
421mCYS: 03,17,22|3|1.8739
300mGLU: 01,09,23|3|2.2316
251mALA: 02,07,20|3|1.5154
421mALA: 03,17,22|3|2.9192
201mSER: 02,07,20|3|1.4456
181mLYS: 05,08,15|3|2.0402
297mASN: 01,09,23|3|1.3777
401mGLY: 17,18,22|3|2.3481
251mTHR: 02,07,20|3|1.6836
251mASN: 02,07,20|3|1.6145
146mCYS: 05,06,12|3|2.8264
299mALA: 01,23,26|3|3.3785
146mTHR: 05,06,12|3|1.8546
297mGLU: 01,09,23|3|2.3894
401mVAL: 17,18,22|3|1.7501
146mGLY: 05,06,12|3|2.4888
329mALA: 23,26,27|3|1.373
401mMET: 17,18,22|3|1.5222
401mASP: 17,18,22|3|2.7726
421mGLU: 03,17,22|3|1.1409
146mLYS: 05,06,12|3|2.5099
401mASN: 17,18,22|3|1.7309
299mGLY: 01,23,26|3|3.1947
259mASP: 02,15,28|3|2.0308
201mGLY: 02,07,20|3|1.1449
331mALA: 03,18,22|3|1.8142
441mALA: 04,23,26|3|1.6383
127mGLU: 07,08,20|3|1.3769
444mGLU: 01,04,09|3|1.9402
201mLYS: 02,07,20|3|1.29
299mASP: 01,23,26|3|1.957
325mLYS: 23,26,27|3|1.6768
250mGLY: 02,07,20|3|1.165
248mALA: 02,07,20|3|1.3027
181mGLU: 05,08,15|3|2.3365
444mASN: 01,04,09|3|1.4359
201mTHR: 02,07,20|3|1.4255
444mSER: 01,04,09|3|1.6505
325mALA: 23,26,27|3|2.599
251mHIS: 02,07,20|3|1.1622
401mSER: 17,18,22|3|1.8894
251mGLU: 02,07,20|3|2.0796
181mCYS: 05,08,15|3|2.1091
401mTRP: 17,18,22|3|1.092
251mSER: 02,07,20|3|1.7228
251mLYS: 02,07,20|3|1.9972
421mGLY: 03,17,22|3|1.7201
181mTHR: 05,08,15|3|1.3262
299mGLU: 01,23,26|3|2.371
259mHIS: 02,15,28|3|1.1703
248mGLY: 02,07,20|3|1.2624
444mTHR: 01,04,09|3|1.5381
146mILE: 05,06,12|3|1.5977
314mCYS: 23,26,27|3|1.1572
421mSER: 03,17,22|3|1.3948
127mHIS: 07,08,20|3|1.1522
421mLYS: 03,17,22|3|2.6122
401mALA: 17,18,22|3|2.2999
158mCYS: 02,20,28|3|2.3601
146mGLU: 05,06,12|3|1.7292
428mALA: 17,22,24|3|1.5894
335mSER: 03,18,22|3|1.1514
181mGLY: 05,08,15|3|1.1417
401mPHE: 17,18,22|3|1.4071
259mTHR: 02,15,28|3|1.634
146mSER: 05,06,12|3|2.154
401mCYS: 17,18,22|3|3.1905
201mGLU: 02,07,20|3|1.8749
331mCYS: 03,18,22|3|2.5122
251mASP: 02,07,20|3|1.7387
259mGLU: 02,15,28|3|2.8178
146mALA: 05,06,12|3|2.8575
444mGLY: 01,04,09|3|1.298
335mLEU: 03,18,22|3|1.15
336mTHR: 03,18,22|3|1.5671
259mILE: 02,15,28|3|2.3639
206mGLU: 07,08,20|3|1.6565
201mASN: 02,07,20|3|1.2767
299mLYS: 01,23,26|3|2.986
336mGLY: 03,18,22|3|1.2208
250mCYS: 02,07,20|3|2.1591
126mGLU: 07,08,20|3|1.8228
444mASP: 01,04,09|3|1.0358
318mGLU: 23,26,27|3|2.2051
201mALA: 02,07,20|3|1.4328
421mASP: 03,17,22|3|1.1605
206mCYS: 07,08,20|3|1.1918
325mGLY: 23,26,27|3|1.8548
325mCYS: 23,26,27|3|2.735
380mCYS: 03,10,17|3|2.7707
401mHIS: 17,18,22|3|1.2547
259mLYS: 02,15,28|3|2.0697
380mALA: 03,10,17|3|1.1505
146mASP: 05,06,12|3|1.1146
127mSER: 07,08,20|3|2.0516
250mGLU: 02,07,20|3|1.0466
259mCYS: 02,15,28|3|4.16
421mTHR: 03,17,22|3|2.0227
401mILE: 17,18,22|3|1.6862
335mGLY: 03,18,22|3|1.533
402mGLU: 03,17,18|3|1.0784
444mALA: 01,04,09|3|1.1265
329mCYS: 23,26,27|3|1.6924
299mSER: 01,23,26|3|2.3966
