146mLYS: 01,03,10,24,25|5|2.5659
146mTHR: 01,03,10,24,25|5|2.3674
146mGLU: 01,03,10,24,25|5|3.2248
146mALA: 01,03,10,24,25|5|3.0169
248mGLU: 05,22,26,27,28|5|3.5521
146mASP: 01,03,10,24,25|5|2.4877
251mGLY: 05,22,26,27|4|3.3724
251mTHR: 05,22,26,27|4|3.016
251mASN: 05,22,26,27|4|2.5779
251mLEU: 05,22,26,27|4|2.6398
251mPHE: 05,22,26,27|4|2.0524
144mLYS: 03,10,24,25|4|1.5513
147mSER: 01,03,10,24|4|1.4092
147mGLY: 01,03,10,24|4|1.6861
251mGLU: 05,22,26,27|4|3.7941
251mSER: 05,22,26,27|4|3.3459
251mLYS: 05,22,26,27|4|3.2971
251mPRO: 05,22,26,27|4|2.1517
251mVAL: 05,22,26,27|4|3.6686
158mALA: 05,22,26,27|4|2.0427
251mILE: 05,22,26,27|4|2.9458
144mCYS: 03,10,24,25|4|5.9757
251mASP: 05,22,26,27|4|2.7085
251mGLN: 05,22,26,27|4|2.2992
251mALA: 05,22,26,27|4|4.4519
206mGLU: 01,05,23,27|4|1.1995
144mASP: 03,10,24,25|4|1.5099
144mALA: 03,10,24,25|4|2.5501
251mCYS: 05,22,26,27|4|4.324
144mGLU: 03,10,24,25|4|2.3445
127mTHR: 05,23,27|3|1.024
196mALA: 05,23,27|3|1.6457
249mASN: 05,22,27|3|1.7457
127mGLY: 05,23,27|3|1.4408
249mILE: 05,22,27|3|2.4759
179mGLU: 01,03,24|3|1.3749
235mALA: 05,22,26|3|1.3194
235mCYS: 05,22,26|3|2.4724
249mMET: 05,22,27|3|1.5793
249mPHE: 05,22,27|3|2.3896
266mASP: 03,10,25|3|1.2689
196mCYS: 05,23,27|3|2.5916
199mCYS: 05,23,27|3|2.2089
127mASN: 05,23,27|3|1.3668
267mGLU: 03,10,25|3|1.3257
197mCYS: 05,23,27|3|3.22
249mPRO: 05,22,27|3|1.6746
136mGLU: 10,23,24|3|1.0994
303mSER: 03,10,25|3|1.926
127mGLU: 05,23,27|3|1.9541
196mSER: 05,23,27|3|1.3484
119mCYS: 01,23,24|3|5.2084
249mSER: 05,22,27|3|1.729
249mTHR: 05,22,27|3|2.5629
196mTHR: 05,23,27|3|1.4889
303mGLU: 03,10,25|3|2.8346
303mTHR: 03,10,25|3|1.4139
157mGLU: 22,26,27|3|1.9142
303mASP: 03,10,25|3|1.9073
196mASN: 05,23,27|3|1.3604
249mTRP: 05,22,27|3|1.6577
196mASP: 05,23,27|3|1.9222
127mSER: 05,23,27|3|1.3241
127mLYS: 05,23,27|3|1.4529
249mALA: 05,22,27|3|2.429
249mCYS: 05,22,27|3|3.5186
157mCYS: 22,26,27|3|2.524
274mCYS: 03,10,25|3|2.1945
196mGLY: 05,23,27|3|1.5913
249mGLY: 05,22,27|3|2.0141
119mGLU: 01,23,24|3|2.5646
196mGLU: 05,23,27|3|2.2328
249mASP: 05,22,27|3|2.1483
157mASP: 22,26,27|3|1.4487
204mCYS: 05,22,26|3|1.8337
267mCYS: 03,10,25|3|2.3482
249mVAL: 05,22,27|3|2.3826
249mLEU: 05,22,27|3|2.4232
196mLYS: 05,23,27|3|1.8002
127mASP: 05,23,27|3|1.873
249mGLN: 05,22,27|3|1.8777
249mGLU: 05,22,27|3|3.3854
