336mSER: 02,03,13,16,17,18|6|2.2717
336mGLU: 02,03,13,16,17,18|6|5.0242
336mTHR: 02,03,13,16,17,18|6|1.9439
147mTHR: 01,04,10,12,15|5|1.8066
265mVAL: 01,04,10,12,15|5|3.0263
265mALA: 01,04,10,12,15|5|3.4934
334mGLY: 02,03,13,17,18|5|2.8466
334mVAL: 02,03,13,17,18|5|1.4792
334mALA: 02,03,13,17,18|5|3.0343
147mLYS: 01,04,10,12,15|5|1.1557
265mGLU: 01,04,10,12,15|5|2.3825
334mTHR: 02,03,13,17,18|5|1.833
266mSER: 01,04,10,12,15|5|1.1013
265mTHR: 01,04,10,12,15|5|3.9104
377mGLU: 02,03,16,18,27|5|2.8076
266mVAL: 01,04,10,12,15|5|2.7646
265mSER: 01,04,10,12,15|5|1.8512
266mILE: 01,04,10,12,15|5|2.0418
266mALA: 01,04,10,12,15|5|2.9675
266mLEU: 01,04,10,12,15|5|1.775
334mGLU: 02,03,13,17,18|5|3.8116
266mCYS: 01,04,10,12,15|5|3.8004
319mASP: 03,13,18,29|4|1.5957
305mTHR: 01,10,12,15|4|2.1708
136mVAL: 11,14,24,25|4|1.6235
403mLEU: 02,13,16,18|4|1.5559
326mTHR: 03,13,18,29|4|2.2927
329mTHR: 02,03,13,18|4|1.9776
261mILE: 04,10,12,15|4|3.3638
245mGLU: 00,06,07,08|4|2.9883
339mLEU: 02,03,17,21|4|1.8653
403mALA: 02,13,16,18|4|2.0646
245mSER: 00,06,07,08|4|2.2306
339mALA: 02,03,17,21|4|2.882
403mLYS: 02,13,16,18|4|1.5146
326mVAL: 03,13,18,29|4|1.4259
136mCYS: 11,14,24,25|4|3.9058
146mCYS: 01,04,12,15|4|2.9438
329mSER: 02,03,13,18|4|1.6821
262mALA: 04,10,12,15|4|3.437
329mALA: 02,03,13,18|4|1.3272
403mILE: 02,13,16,18|4|1.1384
244mASP: 00,06,08,14|4|2.2257
326mALA: 03,13,18,29|4|1.5995
261mTRP: 04,10,12,15|4|1.3082
146mLYS: 01,04,12,15|4|2.8535
339mILE: 02,03,17,21|4|2.0336
326mGLN: 03,13,18,29|4|1.0057
136mGLU: 11,14,24,25|4|3.1656
403mCYS: 02,13,16,18|4|2.0727
339mGLY: 02,03,17,21|4|2.0512
245mASP: 00,06,07,08|4|2.0871
244mTHR: 00,06,08,14|4|2.0942
326mSER: 03,13,18,29|4|1.9895
146mTHR: 01,04,12,15|4|1.8897
261mALA: 04,10,12,15|4|4.4787
261mMET: 04,10,12,15|4|1.3607
261mGLY: 04,10,12,15|4|3.4931
136mASP: 11,14,24,25|4|1.8572
136mTHR: 11,14,24,25|4|2.0793
134mALA: 06,11,14,25|4|1.7479
261mCYS: 04,10,12,15|4|6.1002
403mGLU: 02,13,16,18|4|2.0621
319mGLY: 03,13,18,29|4|1.1668
261mASP: 04,10,12,15|4|3.5802
261mPRO: 04,10,12,15|4|1.8707
403mASN: 02,13,16,18|4|1.1498
261mLEU: 04,10,12,15|4|2.9003
244mGLU: 00,06,08,14|4|3.6684
403mSER: 02,13,16,18|4|1.7944
146mILE: 01,04,12,15|4|1.7259
262mTHR: 04,10,12,15|4|1.4304
326mGLU: 03,13,18,29|4|2.4605
339mASP: 02,03,17,21|4|1.6875
305mGLY: 01,10,12,15|4|1.6324
146mGLU: 01,04,12,15|4|2.2016
245mGLY: 00,06,07,08|4|1.2458
146mSER: 01,04,12,15|4|2.0849
261mGLU: 04,10,12,15|4|3.2918
244mALA: 00,06,08,14|4|2.9703
403mTHR: 02,13,16,18|4|2.1238
261mGLN: 04,10,12,15|4|1.8571
262mVAL: 04,10,12,15|4|1.5159
261mSER: 04,10,12,15|4|2.587
146mALA: 01,04,12,15|4|3.1408
261mTHR: 04,10,12,15|4|2.4639
136mILE: 11,14,24,25|4|1.5348
339mTHR: 02,03,17,21|4|1.3734
319mGLU: 03,13,18,29|4|2.2649
250mCYS: 00,07,08,23|4|1.6297
126mGLU: 06,14,23,24|4|1.1601
136mLEU: 11,14,24,25|4|1.3268
305mASN: 01,10,12,15|4|1.312
403mVAL: 02,13,16,18|4|1.3396
333mGLU: 02,03,17,18|4|1.1288
339mCYS: 02,03,17,21|4|4.809
261mHIS: 04,10,12,15|4|1.4984
244mCYS: 00,06,08,14|4|3.341
339mGLU: 02,03,17,21|4|2.2027
305mGLU: 01,10,12,15|4|2.8868
261mLYS: 04,10,12,15|4|2.2944
329mGLU: 02,03,13,18|4|2.0477
127mTHR: 06,14,24|3|1.7114
127mCYS: 06,14,24|3|1.4109
400mSER: 02,03,16|3|1.2321
247mLYS: 00,07,08|3|1.2973
127mGLY: 06,14,24|3|1.5238
142mALA: 04,11,25|3|2.2475
193mALA: 08,14,25|3|1.1659
142mSER: 04,11,25|3|1.0847
193mCYS: 08,14,25|3|1.0749
242mSER: 00,07,08|3|2.537
247mTHR: 00,07,08|3|1.1531
127mASN: 06,14,24|3|1.2763
243mALA: 00,08,14|3|1.3013
127mGLU: 06,14,24|3|2.9328
400mGLY: 02,03,16|3|1.3568
193mLYS: 08,14,25|3|1.0126
242mALA: 00,07,08|3|1.2638
243mASP: 00,08,14|3|1.1193
337mGLU: 02,03,17|3|1.471
318mALA: 13,18,29|3|1.1103
242mVAL: 00,07,08|3|1.3655
243mGLU: 00,08,14|3|2.1638
242mGLU: 00,07,08|3|1.7075
312mGLU: 10,15,29|3|1.259
127mSER: 06,14,24|3|1.5105
127mHIS: 06,14,24|3|1.2558
127mLYS: 06,14,24|3|1.2173
119mTHR: 04,23,24|3|1.4473
337mCYS: 02,03,17|3|1.5614
400mALA: 02,03,16|3|2.3293
119mGLU: 04,23,24|3|2.1567
144mCYS: 04,11,25|3|1.8309
142mCYS: 04,11,25|3|1.695
242mLYS: 00,07,08|3|1.5883
400mLYS: 02,03,16|3|1.5381
243mSER: 00,08,14|3|1.3283
318mGLU: 13,18,29|3|1.2634
242mTHR: 00,07,08|3|1.7859
142mGLY: 04,11,25|3|1.0743
139mSER: 11,14,25|3|1.2006
242mGLN: 00,07,08|3|1.8546
247mSER: 00,07,08|3|1.0529
242mASN: 00,07,08|3|1.4843
142mLYS: 04,11,25|3|1.5631
312mTHR: 10,15,29|3|1.1488
379mGLU: 02,16,27|3|1.0472
127mASP: 06,14,24|3|1.8789
