242 243 
194 243 
164 167 
164 165 
165 167 
167 171 
167 173 
152 167 
165 194 
165 248 
194 242 
193 242 
242 248 
196 242 
193 194 
130 194 
194 220 
194 196 
171 173 
152 171 
171 220 
150 171 
149 173 
152 173 
150 173 
173 257 
264 267 
146 264 
264 265 
147 264 
149 264 
261 264 
262 264 
150 264 
264 266 
145 267 
146 267 
265 267 
147 267 
149 267 
262 267 
150 267 
266 267 
147 180 
180 182 
180 262 
145 146 
145 265 
145 147 
145 149 
145 150 
142 145 
130 193 
193 220 
193 196 
134 193 
146 265 
146 147 
146 149 
146 150 
142 146 
146 266 
147 265 
149 265 
261 265 
262 265 
265 266 
147 149 
147 262 
147 150 
147 266 
127 130 
126 130 
130 220 
130 196 
130 134 
149 152 
149 261 
149 262 
149 150 
149 266 
126 127 
124 127 
127 196 
123 127 
127 210 
127 134 
122 124 
122 123 
122 210 
124 126 
126 206 
126 196 
123 126 
126 210 
150 152 
152 257 
182 261 
261 262 
182 262 
123 136 
134 136 
262 266 
123 124 
124 210 
150 257 
204 206 
248 250 
196 248 
123 210 
123 134 
