438 440 
440 443 
393 440 
439 440 
435 440 
440 441 
391 440 
432 440 
392 440 
438 439 
435 438 
438 441 
391 438 
393 443 
435 443 
443 444 
441 443 
391 443 
432 443 
392 443 
430 443 
346 347 
346 370 
342 346 
346 350 
393 435 
393 444 
393 441 
393 401 
391 393 
393 432 
392 393 
393 430 
435 439 
439 441 
391 439 
435 441 
391 435 
432 435 
392 435 
347 450 
347 370 
347 350 
441 444 
356 444 
432 444 
392 444 
430 444 
400 419 
400 401 
400 403 
400 430 
450 451 
370 450 
450 454 
350 450 
419 421 
421 422 
370 451 
451 454 
350 451 
419 422 
401 419 
403 419 
391 441 
432 441 
392 441 
403 406 
405 406 
342 406 
339 406 
401 432 
401 403 
401 430 
391 432 
366 391 
391 392 
392 432 
430 432 
350 370 
366 392 
403 405 
339 403 
350 454 
342 405 
339 405 
392 430 
339 342 
