339 403 
339 407 
339 406 
339 405 
339 414 
362 365 
355 362 
362 445 
362 444 
361 362 
377 379 
375 377 
403 407 
403 406 
401 403 
400 403 
403 405 
403 419 
402 403 
403 414 
355 356 
356 445 
356 444 
356 361 
406 407 
405 407 
407 413 
390 407 
407 414 
387 407 
438 440 
432 440 
439 440 
435 440 
434 440 
436 440 
391 440 
438 439 
435 438 
434 438 
436 438 
391 438 
375 379 
379 419 
379 421 
379 420 
365 370 
361 365 
365 387 
401 432 
430 432 
432 435 
432 445 
432 444 
432 434 
390 432 
391 432 
405 406 
406 413 
406 414 
345 370 
345 375 
345 347 
345 346 
355 430 
355 445 
355 444 
355 361 
355 426 
347 370 
346 370 
435 439 
434 439 
436 439 
391 439 
401 430 
400 401 
401 419 
398 401 
401 402 
400 430 
430 445 
430 444 
398 430 
361 430 
402 430 
400 419 
398 400 
400 402 
454 456 
425 456 
434 435 
435 436 
390 435 
391 435 
444 445 
398 445 
361 445 
434 444 
361 444 
375 419 
346 375 
375 420 
434 436 
390 434 
391 434 
390 436 
391 436 
405 413 
402 405 
405 414 
425 454 
426 454 
423 425 
421 425 
424 425 
425 426 
420 425 
346 347 
398 419 
419 421 
419 424 
402 419 
419 420 
398 421 
398 424 
398 426 
398 402 
398 420 
421 423 
423 424 
423 426 
420 423 
421 424 
421 426 
420 421 
424 426 
420 424 
420 426 
390 413 
413 414 
387 413 
391 413 
390 414 
387 390 
390 391 
402 420 
402 414 
387 414 
391 414 
387 391 
