242 245 
194 245 
244 245 
245 248 
196 245 
164 167 
164 165 
162 164 
164 249 
163 164 
165 167 
167 172 
167 190 
152 167 
162 167 
167 173 
167 171 
163 167 
194 242 
242 244 
242 248 
193 242 
196 242 
165 194 
165 190 
165 248 
162 165 
165 249 
163 165 
194 244 
190 194 
130 194 
194 219 
193 194 
194 196 
194 220 
194 197 
132 194 
196 244 
172 190 
152 172 
149 172 
150 172 
171 172 
172 175 
190 218 
130 190 
190 219 
190 193 
190 220 
171 190 
196 248 
248 249 
197 248 
248 250 
248 251 
149 152 
152 258 
150 152 
152 173 
152 171 
152 175 
152 259 
218 219 
193 218 
218 220 
171 218 
140 218 
139 218 
159 162 
158 162 
162 163 
162 251 
127 130 
130 219 
130 193 
130 196 
130 220 
126 130 
130 134 
130 197 
130 132 
130 135 
127 196 
126 127 
127 134 
127 197 
123 127 
127 132 
127 208 
127 135 
124 127 
193 219 
219 220 
171 219 
134 219 
140 219 
139 219 
193 196 
193 220 
134 193 
193 197 
132 193 
196 249 
126 196 
196 197 
132 196 
158 249 
163 249 
197 249 
249 250 
249 251 
158 159 
159 163 
159 251 
149 266 
266 267 
146 266 
149 150 
149 173 
149 267 
146 149 
144 149 
149 261 
149 175 
150 258 
258 261 
258 259 
150 173 
150 171 
150 267 
146 150 
150 175 
171 220 
140 220 
139 220 
171 173 
173 175 
171 175 
158 163 
158 250 
158 251 
126 197 
126 206 
123 126 
126 132 
126 208 
124 126 
123 134 
132 134 
134 135 
134 136 
134 140 
134 139 
163 250 
163 251 
197 250 
132 197 
204 206 
204 205 
201 204 
205 206 
206 208 
201 206 
250 251 
123 132 
123 208 
123 135 
123 136 
122 123 
123 124 
123 139 
146 267 
175 267 
205 208 
201 205 
132 135 
132 136 
122 132 
124 132 
132 139 
144 146 
146 175 
142 146 
201 208 
122 208 
124 208 
135 136 
135 140 
122 135 
124 135 
135 139 
144 175 
142 144 
140 144 
175 261 
259 261 
182 261 
201 251 
136 140 
136 139 
140 142 
139 142 
180 182 
139 140 
122 124 
