401 403 
400 403 
403 419 
403 414 
403 416 
400 401 
401 430 
401 419 
401 416 
434 439 
439 440 
438 439 
391 439 
439 442 
435 439 
388 434 
434 440 
434 438 
391 434 
434 442 
434 444 
434 435 
376 379 
379 419 
400 430 
400 419 
388 391 
387 388 
388 414 
366 388 
388 435 
438 440 
391 440 
440 442 
435 440 
430 442 
430 444 
430 445 
391 438 
438 442 
435 438 
387 391 
391 442 
391 414 
366 391 
391 435 
387 414 
387 416 
366 387 
362 442 
442 444 
442 445 
435 442 
376 419 
362 444 
362 366 
362 445 
416 419 
414 416 
366 414 
444 445 
357 445 
