M = 391 412 414 
388 389 408 | 345 347 370 | 391 438 440 | 349 351 454 | 438 439 440 | 407 409 410 | 401 403 419 | 339 342 376 | 435 440 443 | 347 351 370 | 400 401 403 | 358 450 454 | 388 390 411 | 435 440 443 | 437 438 440 | 400 401 428 | 345 346 370 | 435 440 443 | 345 346 370 | 339 403 407 | 346 347 370 | 440 441 443 | 339 342 406 | 379 419 421 | 355 362 445 | 339 403 407 | 365 368 370 | 370 450 451 | 394 401 403 | 435 438 439 | 339 403 404 | 342 345 346 | 394 441 443 | 339 405 408 | 351 370 450 | 341 345 375 | 391 438 440 | 393 401 432 | 432 440 443 | 339 403 407 | 346 349 370 | 419 421 424 | 432 434 440 | 342 345 375 | 434 442 444 | 366 387 391 | 400 401 403 | 

M = 146 150 267 
146 265 267 | 145 146 267 | 182 226 231 | 261 262 263 | 119 121 123 | 149 150 173 | 146 265 267 | 229 261 262 | 120 124 208 | 146 265 267 | 146 147 267 | 146 149 266 | 232 258 261 | 146 147 267 | 146 266 267 | 228 229 259 | 146 175 267 | 

M = 165 169 194 
164 165 249 | 130 194 220 | 127 130 196 | 164 165 167 | 196 241 242 | 164 165 249 | 165 167 190 | 194 196 242 | 162 164 165 | 193 196 242 | 164 165 249 | 194 242 244 | 194 243 245 | 163 164 165 | 164 165 249 | 126 127 130 | 123 127 134 | 164 165 249 | 162 164 167 | 126 127 130 | 162 164 165 | 194 196 242 | 123 126 127 | 157 164 165 | 194 196 242 | 194 197 239 | 201 235 251 | 

FREQUENCIES
165: 12
146: 12
164: 11
267: 11
440: 10
370: 9
403: 8
194: 8
339: 7
345: 6
401: 6
196: 6
443: 6
242: 6
346: 5
127: 5
249: 5
438: 5
130: 4
407: 4
391: 4
435: 4
342: 4
150: 4
126: 3
347: 3
400: 3
261: 3
123: 3
265: 3
419: 3
432: 3
450: 3
167: 3
162: 3
351: 3
349: 2
408: 2
262: 2
266: 2
375: 2
394: 2
421: 2
441: 2
388: 2
439: 2
434: 2
454: 2
229: 2
147: 2
149: 2
226: 1
341: 1
220: 1
409: 1
263: 1
124: 1
379: 1
410: 1
411: 1
412: 1
376: 1
201: 1
134: 1
197: 1
190: 1
193: 1
393: 1
390: 1
119: 1
414: 1
428: 1
368: 1
365: 1
362: 1
424: 1
442: 1
445: 1
444: 1
245: 1
244: 1
241: 1
243: 1
389: 1
437: 1
451: 1
387: 1
258: 1
259: 1
175: 1
251: 1
173: 1
406: 1
405: 1
182: 1
404: 1
169: 1
228: 1
163: 1
366: 1
157: 1
239: 1
235: 1
231: 1
232: 1
145: 1
208: 1
120: 1
121: 1
355: 1
358: 1
