D106n1.txt,0, | 158 163 250 | 130 194 220 | 146 150 178 | ,Score: 0

D106n2.txt,0, | 388 407 411 | 345 347 370 | 389 432 435 | ,Score: 0

D110n1.txt,0, | 123 127 134 | 193 196 242 | 147 150 264 | ,Score: 0

D110n2.txt,0, | 393 401 430 | 436 438 440 | 391 435 439 | ,Score: 0

D204n1.txt,0, | 191 196 241 | 124 207 226 | 163 165 249 | ,Score: 0

D204n2.txt,0, | 402 419 420 | 376 381 419 | 392 412 414 | ,Score: 0

D206n1.txt,0, | 165 190 240 | 228 259 262 | 148 179 263 | ,Score: 0

D206n2.txt,0, | 363 392 444 | 351 367 372 | 403 405 414 | ,Score: 0

D214n1.txt,0, | 150 153 258 | 150 178 267 | 165 190 194 | ,Score: 0

D214n2.txt,0, | 345 346 370 | 366 389 412 | 391 435 439 | ,Score: 0

D301n1.txt,0, | 229 259 262 | 149 178 267 | 165 190 194 | ,Score: 0

D301n2.txt,0, | 388 390 435 | 401 403 419 | 351 364 370 | ,Score: 0

D302n1.txt,0, | 190 194 219 | 163 164 249 | 143 147 175 | ,Score: 0

D302n2.txt,0, | 435 440 443 | 351 364 370 | 388 407 410 | ,Score: 0

D305n1.txt,0, | 262 265 267 | 152 167 171 | 149 262 267 | ,Score: 0

D305n2.txt,0, | 347 370 450 | 392 440 443 | 401 430 432 | ,Score: 0

D307n1.txt,0, | 191 193 196 | 148 179 261 | 156 164 249 | ,Score: 0

D307n2.txt,0, | 398 420 424 | 390 432 435 | 402 405 414 | ,Score: 0

D312n1.txt,0, | 196 197 249 | 167 172 190 | 124 127 135 | ,Score: 0

D312n2.txt,0, | 366 391 413 | 350 426 454 | 392 395 443 | ,Score: 0

D318n1.txt,0, | 130 193 241 | 163 165 167 | 157 164 249 | ,Score: 0

D318n2.txt,0, | 391 432 440 | 402 404 405 | 400 402 419 | ,Score: 0

D323n1.txt,0, | 149 261 265 | 167 172 190 | 124 127 135 | ,Score: 0

D323n2.txt,0, | 391 394 441 | 339 404 408 | 351 372 450 | ,Score: 0

D324n1.txt,0, | 149 178 262 | 152 167 173 | 123 127 208 | ,Score: 0

D324n2.txt,0, | 396 403 419 | 392 432 440 | 389 393 395 | ,Score: 0

D410n1.txt,0, | 149 263 266 | 152 167 171 | 143 146 175 | ,Score: 0

D410n2.txt,0, | 366 392 412 | 403 405 407 | 385 405 408 | ,Score: 0

D430n1.txt,0, | 156 164 167 | 228 259 261 | 163 249 251 | ,Score: 0

D430n2.txt,0, | 393 401 430 | 391 434 439 | 339 342 405 | ,Score: 0

D431n1.txt,0, | 163 165 167 | 165 194 239 | 193 197 241 | ,Score: 0

D431n2.txt,0, | 362 442 445 | 391 439 442 | 401 416 419 | ,Score: 0

