D106n1.txt,30, | 164 165 249 | 130 194 220 | 146 265 267 | ,Score: 49.5743

D106n2.txt,19, | 388 389 408 | 345 347 370 | 391 438 440 | ,Score: 30.4259

D110n1.txt,30, | 127 130 196 | 164 165 167 | 145 146 267 | ,Score: 39.4162

D110n2.txt,29, | 349 351 454 | 438 439 440 | 407 409 410 | ,Score: 28.8677

D204n1.txt,29, | 196 241 242 | 182 226 231 | 164 165 249 | ,Score: 85.1524

D204n2.txt,29, | 401 403 419 | 339 342 376 | 391 412 414 | ,Score: 68.4763

D206n1.txt,24, | 165 167 190 | 261 262 263 | 119 121 123 | ,Score: 45.3251

D206n2.txt,30, | 435 440 443 | 347 351 370 | 400 401 403 | ,Score: 72.231

D214n1.txt,30, | 149 150 173 | 146 265 267 | 194 196 242 | ,Score: 54.0187

D214n2.txt,28, | 358 450 454 | 388 390 411 | 435 440 443 | ,Score: 32.3859

D301n1.txt,28, | 229 261 262 | 120 124 208 | 162 164 165 | ,Score: 43.2908

D301n2.txt,30, | 437 438 440 | 400 401 428 | 345 346 370 | ,Score: 39.2097

D302n1.txt,29, | 193 196 242 | 164 165 249 | 146 150 267 | ,Score: 57.1655

D302n2.txt,29, | 435 440 443 | 345 346 370 | 339 403 407 | ,Score: 33.5683

D305n1.txt,26, | 146 265 267 | 194 242 244 | 146 150 267 | ,Score: 51.8456

D305n2.txt,29, | 346 347 370 | 440 441 443 | 339 342 406 | ,Score: 25.3588

D307n1.txt,30, | 194 243 245 | 146 147 267 | 163 164 165 | ,Score: 63.2501

D307n2.txt,30, | 379 419 421 | 355 362 445 | 339 403 407 | ,Score: 56.2342

D312n1.txt,29, | 164 165 249 | 146 149 266 | 126 127 130 | ,Score: 39.6566

D312n2.txt,30, | 365 368 370 | 370 450 451 | 394 401 403 | ,Score: 55.7851

D318n1.txt,29, | 123 127 134 | 146 150 267 | 164 165 249 | ,Score: 55.2421

D318n2.txt,29, | 435 438 439 | 339 403 404 | 342 345 346 | ,Score: 42.245

D323n1.txt,30, | 232 258 261 | 162 164 167 | 126 127 130 | ,Score: 34.3099

D323n2.txt,29, | 394 441 443 | 339 405 408 | 351 370 450 | ,Score: 30.7806

D324n1.txt,29, | 146 147 267 | 162 164 165 | 194 196 242 | ,Score: 50.4787

D324n2.txt,30, | 341 345 375 | 391 438 440 | 393 401 432 | ,Score: 37.6247

D410n1.txt,29, | 146 266 267 | 165 169 194 | 123 126 127 | ,Score: 41.0659

D410n2.txt,30, | 432 440 443 | 339 403 407 | 346 349 370 | ,Score: 45.6049

D430n1.txt,29, | 157 164 165 | 228 229 259 | 194 196 242 | ,Score: 53.4146

D430n2.txt,26, | 419 421 424 | 432 434 440 | 342 345 375 | ,Score: 43.0947

D431n1.txt,29, | 146 175 267 | 194 197 239 | 201 235 251 | ,Score: 33.483

D431n2.txt,24, | 434 442 444 | 366 387 391 | 400 401 403 | ,Score: 38.2325

