M = 393 401 432 
343 345 346 | 393 440 443 | 356 444 445 | 339 342 376 | 401 403 419 | 391 412 414 | 435 440 443 | 346 347 370 | 400 401 403 | 400 401 428 | 345 346 370 | 437 438 440 | 394 443 444 | 345 346 370 | 351 364 370 | 447 450 454 | 339 403 406 | 435 438 439 | 339 403 406 | 355 362 445 | 434 436 440 | 345 346 370 | 363 392 444 | 444 445 447 | 375 378 419 | 435 438 440 | 376 379 380 | 434 438 440 | 387 414 416 | 

M = 126 127 196 
136 140 216 | 242 243 244 | 127 130 196 | 124 207 208 | 242 243 244 | 123 127 134 | 120 124 208 | 140 217 220 | 126 127 208 | 124 127 208 | 127 196 197 | 242 243 244 | 190 194 219 | 158 159 251 | 194 242 245 | 123 127 208 | 126 127 130 | 119 120 123 | 194 242 244 | 130 196 241 | 194 196 244 | 158 235 250 | 136 139 141 | 

M = 149 261 262 
177 178 261 | 180 182 262 | 149 150 173 | 231 259 261 | 261 262 263 | 149 261 263 | 147 149 150 | 232 258 259 | 147 178 262 | 152 258 259 | 147 149 150 | 178 262 264 | 150 178 264 | 147 149 178 | 149 150 173 | 258 259 261 | 232 258 259 | 150 257 258 | 233 257 258 | 144 149 175 | 228 229 259 | 149 261 263 | 171 172 190 | 

FREQUENCIES
149: 9
127: 8
261: 7
440: 6
258: 6
259: 6
150: 6
346: 5
262: 5
370: 5
196: 5
244: 5
242: 5
178: 5
208: 5
345: 4
403: 4
194: 4
444: 4
438: 4
401: 4
147: 4
130: 3
263: 3
123: 3
124: 3
126: 3
443: 3
445: 3
243: 3
435: 3
339: 3
264: 2
136: 2
400: 2
414: 2
419: 2
376: 2
190: 2
393: 2
140: 2
447: 2
434: 2
173: 2
257: 2
406: 2
158: 2
232: 2
120: 2
216: 1
217: 1
219: 1
134: 1
139: 1
347: 1
342: 1
378: 1
416: 1
412: 1
375: 1
197: 1
392: 1
391: 1
394: 1
119: 1
250: 1
379: 1
172: 1
428: 1
364: 1
362: 1
363: 1
245: 1
241: 1
380: 1
439: 1
436: 1
437: 1
432: 1
450: 1
387: 1
454: 1
177: 1
175: 1
251: 1
171: 1
182: 1
180: 1
343: 1
229: 1
228: 1
220: 1
152: 1
159: 1
235: 1
231: 1
233: 1
144: 1
207: 1
141: 1
356: 1
355: 1
351: 1
