D106n1.txt,0, | 175 177 261 | 140 212 215 | 193 194 242 | ,Score: 0

D106n2.txt,0, | 345 348 370 | 389 432 435 | 394 432 444 | ,Score: 0

D110n1.txt,0, | 147 149 262 | 173 175 257 | 123 127 210 | ,Score: 0

D110n2.txt,0, | ,Score: 0

D204n1.txt,0, | 120 123 208 | 201 226 231 | 196 241 244 | ,Score: 0

D204n2.txt,0, | 376 381 420 | 381 402 419 | 392 412 414 | ,Score: 0

D206n1.txt,0, | 143 148 175 | 228 259 262 | 148 179 263 | ,Score: 0

D206n2.txt,0, | 363 392 444 | 344 372 375 | 367 372 416 | ,Score: 0

D214n1.txt,0, | 150 153 258 | 149 178 266 | 152 232 258 | ,Score: 0

D214n2.txt,0, | ,Score: 0

D301n1.txt,0, | 147 178 266 | 228 259 262 | 120 123 208 | ,Score: 0

D301n2.txt,0, | 401 403 419 | 351 364 370 | 388 389 435 | ,Score: 0

D302n1.txt,0, | 140 219 222 | 123 127 208 | 141 144 222 | ,Score: 0

D302n2.txt,0, | 435 440 443 | 401 403 419 | 366 388 390 | ,Score: 0

D305n1.txt,0, | 229 259 262 | 149 178 262 | 149 152 172 | ,Score: 0

D305n2.txt,0, | 347 370 450 | 392 440 443 | 391 435 440 | ,Score: 0

D307n1.txt,0, | 148 179 261 | 127 130 196 | 194 196 244 | ,Score: 0

D307n2.txt,0, | 398 402 420 | 390 432 435 | 391 435 439 | ,Score: 0

D312n1.txt,0, | 190 194 219 | 158 163 250 | 194 242 245 | ,Score: 0

D312n2.txt,0, | ,Score: 0

D318n1.txt,0, | 175 178 261 | 229 259 261 | 124 127 135 | ,Score: 0

D318n2.txt,0, | 401 403 419 | 392 432 440 | 363 392 443 | ,Score: 0

D323n1.txt,0, | 229 259 262 | 150 153 171 | 150 178 264 | ,Score: 0

D323n2.txt,0, | ,Score: 0

D324n1.txt,0, | 123 136 139 | 193 196 242 | 149 178 261 | ,Score: 0

D324n2.txt,0, | ,Score: 0

D410n1.txt,0, | 128 193 241 | 151 233 258 | 150 173 257 | ,Score: 0

D410n2.txt,0, | ,Score: 0

D430n1.txt,0, | 228 234 259 | 194 196 244 | 228 259 262 | ,Score: 0

D430n2.txt,0, | 391 432 435 | 401 403 419 | 391 434 439 | ,Score: 0

D431n1.txt,0, | 190 193 220 | 196 237 239 | 139 212 222 | ,Score: 0

D431n2.txt,0, | 401 416 419 | 434 439 442 | 387 391 414 | ,Score: 0

