D106n1.txt,19, | 177 178 261 | 136 140 216 | 242 243 244 | ,Score: 33.2634

D106n2.txt,19, | 343 345 346 | 393 440 443 | 356 444 445 | ,Score: 36.563

D110n1.txt,19, | 180 182 262 | 149 150 173 | 127 130 196 | ,Score: 24.2258

D110n2.txt,0, | ,Score: 0

D204n1.txt,15, | 124 207 208 | 231 259 261 | 242 243 244 | ,Score: 36.7137

D204n2.txt,29, | 339 342 376 | 401 403 419 | 391 412 414 | ,Score: 68.4763

D206n1.txt,15, | 126 127 196 | 261 262 263 | 149 261 263 | ,Score: 47.4072

D206n2.txt,30, | 435 440 443 | 346 347 370 | 400 401 403 | ,Score: 71.7728

D214n1.txt,16, | 123 127 134 | 147 149 150 | 232 258 259 | ,Score: 24.2903

D214n2.txt,0, | ,Score: 0

D301n1.txt,16, | 147 178 262 | 152 258 259 | 120 124 208 | ,Score: 16.9732

D301n2.txt,30, | 400 401 428 | 345 346 370 | 437 438 440 | ,Score: 39.2097

D302n1.txt,16, | 140 217 220 | 126 127 208 | 147 149 150 | ,Score: 20.9326

D302n2.txt,29, | 394 443 444 | 345 346 370 | 351 364 370 | ,Score: 30.2784

D305n1.txt,14, | 178 262 264 | 150 178 264 | 124 127 208 | ,Score: 23.9523

D305n2.txt,28, | 447 450 454 | 339 403 406 | 435 438 439 | ,Score: 29.2292

D307n1.txt,19, | 147 149 178 | 127 196 197 | 242 243 244 | ,Score: 43.1992

D307n2.txt,27, | 339 403 406 | 355 362 445 | 434 436 440 | ,Score: 54.91

D312n1.txt,12, | 190 194 219 | 158 159 251 | 194 242 245 | ,Score: 25.1298

D312n2.txt,0, | ,Score: 0

D318n1.txt,14, | 149 150 173 | 258 259 261 | 123 127 208 | ,Score: 20.9657

D318n2.txt,28, | 345 346 370 | 393 401 432 | 363 392 444 | ,Score: 25.5918

D323n1.txt,19, | 232 258 259 | 126 127 130 | 149 261 262 | ,Score: 19.871

D323n2.txt,0, | ,Score: 0

D324n1.txt,21, | 119 120 123 | 194 242 244 | 150 257 258 | ,Score: 30.2615

D324n2.txt,0, | ,Score: 0

D410n1.txt,20, | 130 196 241 | 233 257 258 | 144 149 175 | ,Score: 36.0261

D410n2.txt,0, | ,Score: 0

D430n1.txt,17, | 228 229 259 | 194 196 244 | 149 261 263 | ,Score: 25.2251

D430n2.txt,25, | 444 445 447 | 375 378 419 | 435 438 440 | ,Score: 48.6863

D431n1.txt,17, | 171 172 190 | 158 235 250 | 136 139 141 | ,Score: 29.8388

D431n2.txt,25, | 376 379 380 | 434 438 440 | 387 414 416 | ,Score: 30.4657

