M = 123 127 134 
136 140 216 | 124 207 208 | 123 126 127 | 123 126 127 | 126 127 208 | 120 124 208 | 126 127 208 | 140 141 220 | 135 137 141 | 249 250 251 | 123 135 136 | 140 217 219 | 123 126 208 | 194 196 197 | 119 120 123 | 123 135 136 | 194 196 245 | 136 140 141 | 

M = 232 258 261 
151 171 173 | 177 178 261 | 152 173 257 | 180 182 262 | 203 207 235 | 231 259 261 | 148 261 263 | 259 261 263 | 229 259 262 | 152 173 257 | 229 261 262 | 258 259 261 | 152 171 173 | 178 262 264 | 178 180 262 | 178 262 266 | 173 175 257 | 158 159 251 | 158 249 251 | 229 259 261 | 175 177 261 | 257 258 259 | 233 257 258 | 173 175 257 | 229 259 261 | 228 229 261 | 152 171 175 | 158 235 250 | 

M = 393 401 430 
343 345 346 | 393 440 443 | 356 444 445 | 342 380 381 | 391 412 414 | 397 401 419 | 347 351 370 | 395 400 401 | 435 440 443 | 400 401 428 | 345 346 370 | 437 438 440 | 437 438 440 | 345 346 370 | 400 401 428 | 346 347 370 | 391 438 440 | 345 346 375 | 355 362 445 | 390 413 414 | 393 440 443 | 366 391 392 | 342 345 346 | 375 378 419 | 438 439 440 | 388 393 435 | 400 401 430 | 391 434 440 | 376 379 380 | 

FREQUENCIES
261: 11
440: 8
123: 7
259: 7
346: 6
262: 6
173: 6
257: 6
401: 6
127: 5
345: 5
126: 5
229: 5
208: 5
136: 4
400: 4
370: 4
393: 4
391: 4
140: 4
438: 4
258: 4
178: 4
175: 4
152: 4
135: 3
443: 3
251: 3
171: 3
158: 3
141: 3
347: 2
342: 2
120: 2
124: 2
414: 2
375: 2
419: 2
194: 2
196: 2
250: 2
428: 2
445: 2
380: 2
249: 2
437: 2
435: 2
430: 2
177: 2
180: 2
235: 2
207: 2
263: 2
216: 1
217: 1
219: 1
137: 1
134: 1
266: 1
264: 1
378: 1
412: 1
413: 1
376: 1
197: 1
392: 1
390: 1
397: 1
395: 1
119: 1
379: 1
366: 1
362: 1
444: 1
381: 1
388: 1
245: 1
439: 1
434: 1
182: 1
343: 1
228: 1
220: 1
151: 1
159: 1
231: 1
232: 1
233: 1
203: 1
148: 1
356: 1
355: 1
351: 1
