D106n1.txt,0, | 133 212 215 | 151 153 171 | 151 177 261 | ,Score: 0

D106n2.txt,0, | 345 348 370 | 389 432 435 | 398 401 419 | ,Score: 0

D110n1.txt,0, | 173 175 257 | 177 182 262 | 123 127 210 | ,Score: 0

D110n2.txt,0, | ,Score: 0

D204n1.txt,0, | 199 201 251 | 182 231 261 | 121 124 138 | ,Score: 0

D204n2.txt,0, | 376 381 420 | 402 419 420 | 397 401 419 | ,Score: 0

D206n1.txt,0, | 126 132 196 | 178 184 262 | 151 259 262 | ,Score: 0

D206n2.txt,0, | 351 367 372 | 364 431 446 | 363 391 431 | ,Score: 0

D214n1.txt,0, | 153 258 259 | 153 154 173 | 153 173 257 | ,Score: 0

D214n2.txt,0, | ,Score: 0

D301n1.txt,0, | 229 259 262 | 123 126 208 | 120 123 208 | ,Score: 0

D301n2.txt,0, | 394 400 401 | 351 364 370 | 388 389 435 | ,Score: 0

D302n1.txt,0, | 258 259 261 | 126 127 208 | 140 143 222 | ,Score: 0

D302n2.txt,0, | 390 435 437 | 351 364 370 | 389 390 394 | ,Score: 0

D305n1.txt,0, | 152 172 175 | 228 259 262 | 175 178 262 | ,Score: 0

D305n2.txt,0, | 350 447 451 | 392 440 443 | 401 430 432 | ,Score: 0

D307n1.txt,0, | 229 259 262 | 153 232 258 | 175 178 262 | ,Score: 0

D307n2.txt,0, | 398 420 424 | 355 362 445 | 391 435 439 | ,Score: 0

D312n1.txt,0, | 158 159 251 | 249 250 251 | 158 249 250 | ,Score: 0

D312n2.txt,0, | ,Score: 0

D318n1.txt,0, | 229 259 261 | 177 181 261 | 124 127 135 | ,Score: 0

D318n2.txt,0, | 392 440 443 | 363 392 443 | 401 404 418 | ,Score: 0

D323n1.txt,0, | 183 259 262 | 134 140 219 | 124 127 135 | ,Score: 0

D323n2.txt,0, | ,Score: 0

D324n1.txt,0, | 193 196 197 | 181 229 262 | 122 137 141 | ,Score: 0

D324n2.txt,0, | ,Score: 0

D410n1.txt,0, | 152 233 258 | 124 128 135 | 151 259 262 | ,Score: 0

D410n2.txt,0, | ,Score: 0

D430n1.txt,0, | 228 259 262 | 182 228 261 | 157 235 253 | ,Score: 0

D430n2.txt,0, | 430 444 447 | 432 434 440 | 388 393 434 | ,Score: 0

D431n1.txt,0, | 139 213 216 | 188 213 220 | 158 235 250 | ,Score: 0

D431n2.txt,0, | 362 442 445 | 434 439 442 | 387 391 414 | ,Score: 0

