M = 156 235 250 
177 261 264 | 204 205 206 | 134 136 140 | 229 232 259 | 124 126 127 | 153 154 257 | 158 159 251 | 249 250 251 | 158 249 251 | 140 217 219 | 232 258 261 | 124 126 208 | 136 137 141 | 181 182 261 | 126 127 196 | 233 257 258 | 135 136 137 | 

M = 363 366 391 
397 401 432 | 392 412 414 | 361 362 444 | 361 362 365 | 389 390 434 | 400 401 428 | 426 428 450 | 426 428 450 | 400 401 428 | 400 401 419 | 356 444 447 | 362 442 444 | 434 436 439 | 355 362 444 | 391 435 439 | 363 443 444 | 351 426 447 | 432 442 445 | 391 434 439 | 388 391 434 | 366 368 387 | 

M = 345 346 370 
343 345 346 | 345 347 370 | 419 421 424 | 342 380 381 | 346 347 370 | 342 375 378 | 

FREQUENCIES
444: 5
391: 4
428: 4
345: 4
346: 4
401: 4
362: 4
370: 4
434: 4
126: 3
136: 3
251: 3
400: 3
261: 3
439: 3
426: 3
450: 2
158: 2
127: 2
250: 2
257: 2
232: 2
137: 2
347: 2
361: 2
140: 2
442: 2
447: 2
124: 2
342: 2
249: 2
366: 2
258: 2
363: 2
432: 2
419: 2
217: 1
153: 1
156: 1
219: 1
392: 1
390: 1
397: 1
135: 1
134: 1
177: 1
181: 1
378: 1
154: 1
159: 1
141: 1
182: 1
351: 1
343: 1
421: 1
365: 1
424: 1
235: 1
196: 1
205: 1
204: 1
206: 1
443: 1
208: 1
445: 1
380: 1
381: 1
229: 1
264: 1
388: 1
389: 1
387: 1
435: 1
375: 1
414: 1
356: 1
355: 1
259: 1
233: 1
412: 1
436: 1
368: 1
