D106n1.txt,0, | ,Score: 0

D106n2.txt,0, | 343 345 346 | 347 351 370 | 398 419 424 | ,Score: 0

D110n1.txt,0, | 173 175 257 | 204 205 206 | 124 127 210 | ,Score: 0

D110n2.txt,0, | ,Score: 0

D204n1.txt,0, | ,Score: 0

D204n2.txt,0, | 376 381 420 | 397 419 427 | 397 402 419 | ,Score: 0

D206n1.txt,0, | ,Score: 0

D206n2.txt,0, | 355 361 431 | 351 361 366 | 363 391 431 | ,Score: 0

D214n1.txt,0, | 153 232 258 | 153 154 232 | 154 232 257 | ,Score: 0

D214n2.txt,0, | ,Score: 0

D301n1.txt,0, | ,Score: 0

D301n2.txt,0, | 394 400 401 | 351 366 369 | 426 428 450 | ,Score: 0

D302n1.txt,0, | ,Score: 0

D302n2.txt,0, | 345 346 370 | 351 364 369 | 389 390 394 | ,Score: 0

D305n1.txt,0, | ,Score: 0

D305n2.txt,0, | 400 401 419 | 447 450 454 | 347 370 450 | ,Score: 0

D307n1.txt,0, | ,Score: 0

D307n2.txt,0, | 362 442 445 | 390 432 435 | 355 361 444 | ,Score: 0

D312n1.txt,0, | 158 159 251 | 249 250 251 | 158 249 251 | ,Score: 0

D312n2.txt,0, | ,Score: 0

D318n1.txt,0, | ,Score: 0

D318n2.txt,0, | 363 366 392 | 392 432 435 | 363 392 443 | ,Score: 0

D323n1.txt,0, | 171 190 219 | 152 232 259 | 124 127 135 | ,Score: 0

D323n2.txt,0, | ,Score: 0

D324n1.txt,0, | 139 140 219 | 258 259 261 | 201 235 251 | ,Score: 0

D324n2.txt,0, | ,Score: 0

D410n1.txt,0, | 124 126 128 | 152 233 258 | 127 130 135 | ,Score: 0

D410n2.txt,0, | ,Score: 0

D430n1.txt,0, | ,Score: 0

D430n2.txt,0, | 430 445 447 | 393 430 443 | 419 421 424 | ,Score: 0

D431n1.txt,0, | ,Score: 0

D431n2.txt,0, | 394 434 444 | 387 391 414 | 368 387 414 | ,Score: 0

