M = 152 257 259 
152 173 257 | 152 173 257 | 158 159 251 | 158 249 251 | 152 153 259 | 152 233 257 | 

M = 356 444 447 
347 348 370 | 419 421 424 | 400 401 419 | 341 342 376 | 397 401 419 | 349 370 451 | 361 362 444 | 388 389 435 | 361 362 365 | 400 401 428 | 351 370 450 | 426 428 450 | 400 401 428 | 351 370 450 | 426 428 450 | 419 421 422 | 347 370 450 | 362 364 365 | 355 362 443 | 355 443 445 | 363 443 444 | 391 435 443 | 363 366 391 | 430 443 445 | 355 443 445 | 432 443 445 | 366 387 391 | 391 394 442 | 366 368 387 | 

M = 124 126 127 
122 124 210 | 127 130 196 | 249 250 251 | 237 248 250 | 122 124 208 | 124 126 208 | 136 137 141 | 135 136 137 | 126 127 196 | 

FREQUENCIES
443: 7
152: 6
450: 5
257: 5
370: 5
391: 4
428: 4
401: 4
445: 4
124: 4
362: 4
419: 4
251: 3
400: 3
444: 3
126: 3
127: 3
366: 3
355: 3
259: 3
196: 2
136: 2
250: 2
173: 2
137: 2
347: 2
421: 2
365: 2
361: 2
208: 2
426: 2
158: 2
363: 2
122: 2
249: 2
387: 2
351: 2
435: 2
153: 1
210: 1
451: 1
130: 1
397: 1
135: 1
394: 1
233: 1
237: 1
159: 1
341: 1
342: 1
364: 1
348: 1
349: 1
141: 1
447: 1
388: 1
389: 1
442: 1
248: 1
422: 1
424: 1
356: 1
368: 1
432: 1
430: 1
376: 1
