D106n1.txt,0, | ,Score: 0

D106n2.txt,0, | 348 351 370 | 398 419 424 | 398 400 419 | ,Score: 0

D110n1.txt,0, | 173 175 257 | 124 127 210 | 126 130 196 | ,Score: 0

D110n2.txt,0, | ,Score: 0

D204n1.txt,0, | ,Score: 0

D204n2.txt,0, | 376 381 420 | 397 419 427 | 419 420 427 | ,Score: 0

D206n1.txt,0, | ,Score: 0

D206n2.txt,0, | 355 361 431 | 366 389 433 | 351 361 366 | ,Score: 0

D214n1.txt,0, | 153 257 259 | 153 154 173 | 153 173 257 | ,Score: 0

D214n2.txt,0, | ,Score: 0

D301n1.txt,0, | ,Score: 0

D301n2.txt,0, | 394 400 430 | 351 366 369 | 426 428 450 | ,Score: 0

D302n1.txt,0, | ,Score: 0

D302n2.txt,0, | 394 400 430 | 351 366 369 | 426 428 450 | ,Score: 0

D305n1.txt,0, | ,Score: 0

D305n2.txt,0, | 350 450 454 | 347 370 450 | 447 450 454 | ,Score: 0

D307n1.txt,0, | ,Score: 0

D307n2.txt,0, | 362 442 445 | 355 362 444 | 355 443 445 | ,Score: 0

D312n1.txt,0, | 158 159 251 | 249 250 251 | 158 249 251 | ,Score: 0

D312n2.txt,0, | ,Score: 0

D318n1.txt,0, | ,Score: 0

D318n2.txt,0, | 363 443 444 | 391 435 443 | 363 391 443 | ,Score: 0

D323n1.txt,0, | 171 190 219 | 127 131 135 | 124 127 208 | ,Score: 0

D323n2.txt,0, | ,Score: 0

D324n1.txt,0, | 126 196 197 | 139 140 218 | 201 235 251 | ,Score: 0

D324n2.txt,0, | ,Score: 0

D410n1.txt,0, | 134 136 139 | 152 154 233 | 124 128 135 | ,Score: 0

D410n2.txt,0, | ,Score: 0

D430n1.txt,0, | ,Score: 0

D430n2.txt,0, | 430 432 444 | 355 430 444 | 432 444 445 | ,Score: 0

D431n1.txt,0, | ,Score: 0

D431n2.txt,0, | 387 391 414 | 394 442 445 | 368 387 414 | ,Score: 0

