D106n1.txt,0, | ,Score: 0

D106n2.txt,5, | 347 348 370 | 419 421 424 | 400 401 419 | ,Score: 15.961

D110n1.txt,14, | 152 173 257 | 122 124 210 | 127 130 196 | ,Score: 18.6551

D110n2.txt,0, | ,Score: 0

D204n1.txt,0, | ,Score: 0

D204n2.txt,20, | 341 342 376 | 397 401 419 | 349 370 451 | ,Score: 51.1257

D206n1.txt,0, | ,Score: 0

D206n2.txt,9, | 361 362 444 | 388 389 435 | 361 362 365 | ,Score: 68.5865

D214n1.txt,9, | 152 257 259 | 124 126 127 | 152 173 257 | ,Score: 19.1072

D214n2.txt,0, | ,Score: 0

D301n1.txt,0, | ,Score: 0

D301n2.txt,19, | 400 401 428 | 351 370 450 | 426 428 450 | ,Score: 24.9573

D302n1.txt,0, | ,Score: 0

D302n2.txt,19, | 400 401 428 | 351 370 450 | 426 428 450 | ,Score: 24.9573

D305n1.txt,0, | ,Score: 0

D305n2.txt,16, | 419 421 422 | 347 370 450 | 356 444 447 | ,Score: 21.4231

D307n1.txt,0, | ,Score: 0

D307n2.txt,6, | 362 364 365 | 355 362 443 | 355 443 445 | ,Score: 36.4469

D312n1.txt,5, | 158 159 251 | 249 250 251 | 158 249 251 | ,Score: 15.6207

D312n2.txt,0, | ,Score: 0

D318n1.txt,0, | ,Score: 0

D318n2.txt,9, | 363 443 444 | 391 435 443 | 363 366 391 | ,Score: 15.6157

D323n1.txt,15, | 152 153 259 | 237 248 250 | 122 124 208 | ,Score: 19.3143

D323n2.txt,0, | ,Score: 0

D324n1.txt,17, | 124 126 208 | 136 137 141 | 152 257 259 | ,Score: 21.7083

D324n2.txt,0, | ,Score: 0

D410n1.txt,13, | 135 136 137 | 152 233 257 | 126 127 196 | ,Score: 32.1221

D410n2.txt,0, | ,Score: 0

D430n1.txt,0, | ,Score: 0

D430n2.txt,3, | 430 443 445 | 355 443 445 | 432 443 445 | ,Score: 23.4102

D431n1.txt,0, | ,Score: 0

D431n2.txt,11, | 366 387 391 | 391 394 442 | 366 368 387 | ,Score: 19.6399

