M = 156 235 250 
145 175 177 | 134 136 140 | 204 205 206 | 158 159 251 | 249 250 251 | 158 249 251 | 182 183 229 | 131 135 136 | 140 217 219 | 181 182 229 | 136 137 141 | 203 228 233 | 135 136 137 | 151 172 175 | 

M = 363 395 444 
400 401 419 | 341 342 376 | 361 362 444 | 361 362 365 | 400 401 428 | 401 430 432 | 389 390 411 | 400 401 428 | 356 444 447 | 362 443 444 | 355 362 443 | 362 364 365 | 363 443 444 | 363 366 391 | 391 435 443 | 430 443 445 | 432 443 445 | 430 432 445 | 394 442 444 | 366 387 391 | 394 401 430 | 

M = 351 426 450 
357 358 359 | 344 377 379 | 349 351 451 | 380 419 420 | 419 421 422 | 350 450 454 | 

FREQUENCIES
443: 6
444: 6
401: 5
362: 5
430: 4
136: 4
450: 3
391: 3
251: 3
400: 3
445: 3
363: 3
351: 3
432: 3
419: 3
135: 2
394: 2
182: 2
137: 2
175: 2
426: 2
250: 2
428: 2
365: 2
361: 2
140: 2
366: 2
158: 2
229: 2
249: 2
151: 1
217: 1
156: 1
451: 1
454: 1
219: 1
390: 1
395: 1
134: 1
177: 1
235: 1
435: 1
233: 1
379: 1
183: 1
141: 1
172: 1
344: 1
159: 1
181: 1
341: 1
421: 1
420: 1
364: 1
349: 1
203: 1
145: 1
205: 1
204: 1
206: 1
442: 1
447: 1
380: 1
228: 1
389: 1
342: 1
387: 1
411: 1
422: 1
131: 1
357: 1
356: 1
355: 1
377: 1
350: 1
358: 1
359: 1
376: 1
