D106n1.txt,0, | ,Score: 0

D106n2.txt,0, | 351 358 359 | 398 419 424 | 398 401 419 | ,Score: 0

D110n1.txt,0, | 145 175 177 | 134 136 140 | 145 177 224 | ,Score: 0

D110n2.txt,0, | ,Score: 0

D204n1.txt,0, | ,Score: 0

D204n2.txt,0, | 376 381 420 | 397 419 427 | 380 381 419 | ,Score: 0

D206n1.txt,0, | ,Score: 0

D206n2.txt,0, | 351 361 446 | 363 389 433 | 392 431 444 | ,Score: 0

D214n1.txt,0, | ,Score: 0

D214n2.txt,0, | ,Score: 0

D301n1.txt,0, | ,Score: 0

D301n2.txt,0, | 394 400 430 | 351 366 369 | 401 430 432 | ,Score: 0

D302n1.txt,0, | ,Score: 0

D302n2.txt,0, | 389 394 432 | 351 366 369 | 401 428 430 | ,Score: 0

D305n1.txt,0, | ,Score: 0

D305n2.txt,0, | 447 450 454 | 400 401 419 | 350 451 454 | ,Score: 0

D307n1.txt,0, | ,Score: 0

D307n2.txt,0, | 362 442 445 | 355 361 444 | 364 365 387 | ,Score: 0

D312n1.txt,0, | 158 159 251 | 249 250 251 | 158 249 250 | ,Score: 0

D312n2.txt,0, | ,Score: 0

D318n1.txt,0, | ,Score: 0

D318n2.txt,0, | 363 443 444 | 363 391 443 | 391 435 443 | ,Score: 0

D323n1.txt,0, | 237 248 251 | 131 134 193 | 134 140 219 | ,Score: 0

D323n2.txt,0, | ,Score: 0

D324n1.txt,0, | 201 205 208 | 156 235 250 | 139 140 219 | ,Score: 0

D324n2.txt,0, | ,Score: 0

D410n1.txt,0, | 203 233 235 | 128 130 135 | 151 154 233 | ,Score: 0

D410n2.txt,0, | ,Score: 0

D430n1.txt,0, | ,Score: 0

D430n2.txt,0, | 355 430 444 | 432 443 445 | 430 432 445 | ,Score: 0

D431n1.txt,0, | ,Score: 0

D431n2.txt,0, | 362 442 445 | 387 391 414 | 394 430 445 | ,Score: 0

