179mGLU: 01,02,05,12,18|5|1.7337
262mGLU: 01,02,05,17,18|5|1.6267
179mASP: 01,02,05,12,18|5|1.7319
262mLYS: 01,02,05,17,18|5|1.7584
440mGLU: 00,11,14,21|4|3.15
440mLYS: 00,11,14,21|4|3.0662
178mVAL: 01,05,17,18|4|2.0088
127mCYS: 07,16,23,25|4|3.3763
288mCYS: 03,20,22,27|4|7.723
440mTHR: 00,11,14,21|4|2.8348
288mHIS: 03,20,22,27|4|1.282
288mVAL: 03,20,22,27|4|1.838
127mGLY: 07,16,23,25|4|1.6548
178mLYS: 01,05,17,18|4|3.9149
126mASP: 07,16,23,25|4|3.3848
323mCYS: 03,21,22,27|4|5.0581
122mGLN: 12,16,17,18|4|1.0767
178mGLY: 01,05,17,18|4|3.0534
181mLYS: 02,05,12,18|4|1.6507
291mHIS: 03,20,22,27|4|1.0983
146mGLY: 01,12,17,18|4|4.7077
288mALA: 03,20,22,27|4|2.5605
440mSER: 00,11,14,21|4|2.2089
147mLYS: 01,12,17,18|4|2.5449
178mPRO: 01,05,17,18|4|2.7257
146mLYS: 01,12,17,18|4|3.3971
440mASN: 00,11,14,21|4|3.2795
122mSER: 12,16,17,18|4|1.2338
122mALA: 12,16,17,18|4|1.774
286mGLY: 03,20,22,27|4|1.2646
127mGLU: 07,16,23,25|4|1.6885
122mASN: 12,16,17,18|4|1.3952
181mASP: 02,05,12,18|4|3.5787
146mTHR: 01,12,17,18|4|1.893
288mPRO: 03,20,22,27|4|1.4245
126mGLY: 07,16,23,25|4|2.7751
122mGLY: 12,16,17,18|4|1.7626
283mASP: 03,20,22,27|4|3.1192
181mGLU: 02,05,12,18|4|1.8873
288mASP: 03,20,22,27|4|2.16
178mGLU: 01,05,17,18|4|4.1311
283mGLY: 03,20,22,27|4|3.3164
178mASP: 01,05,17,18|4|4.388
136mTHR: 07,16,17,23|4|1.3782
440mASP: 00,11,14,21|4|2.7011
440mALA: 00,11,14,21|4|1.2009
122mMET: 12,16,17,18|4|1.1923
122mLYS: 12,16,17,18|4|1.6616
178mCYS: 01,05,17,18|4|4.8773
400mTHR: 03,20,22,27|4|1.2831
147mCYS: 01,12,17,18|4|4.4203
421mGLY: 03,20,22,27|4|1.4824
181mTHR: 02,05,12,18|4|2.3388
122mVAL: 12,16,17,18|4|1.617
126mALA: 07,16,23,25|4|3.3437
146mHIS: 01,12,17,18|4|2.9974
178mTHR: 01,05,17,18|4|3.0101
440mGLY: 00,11,14,21|4|3.0291
283mSER: 03,20,22,27|4|2.2432
400mGLU: 03,20,22,27|4|1.3972
127mLYS: 07,16,23,25|4|2.2661
146mLEU: 01,12,17,18|4|2.1906
126mLYS: 07,16,23,25|4|2.0566
122mASP: 12,16,17,18|4|1.4011
146mGLN: 01,12,17,18|4|1.2321
122mGLU: 12,16,17,18|4|1.808
146mGLU: 01,12,17,18|4|3.6516
181mGLY: 02,05,12,18|4|1.938
144mGLY: 01,12,17,18|4|1.1844
400mASN: 03,20,22,27|4|1.2844
146mCYS: 01,12,17,18|4|4.5718
126mTHR: 07,16,23,25|4|1.477
178mHIS: 01,05,17,18|4|1.9443
122mTHR: 12,16,17,18|4|1.5022
146mSER: 01,12,17,18|4|3.9791
178mASN: 01,05,17,18|4|3.184
178mALA: 01,05,17,18|4|2.1427
146mALA: 01,12,17,18|4|5.0955
178mILE: 01,05,17,18|4|1.1623
288mLYS: 03,20,22,27|4|2.4775
122mILE: 12,16,17,18|4|1.0121
131mASP: 07,16,23,25|4|1.2048
122mHIS: 12,16,17,18|4|2.1917
146mVAL: 01,12,17,18|4|1.7313
146mMET: 01,12,17,18|4|1.6141
126mGLU: 07,16,23,25|4|2.7251
147mGLU: 01,12,17,18|4|1.8148
288mGLU: 03,20,22,27|4|1.795
283mTHR: 03,20,22,27|4|2.3676
440mGLN: 00,11,14,21|4|1.3759
146mASP: 01,12,17,18|4|4.3289
283mALA: 03,20,22,27|4|3.4146
126mCYS: 07,16,23,25|4|4.3453
320mCYS: 03,20,22,27|4|5.9827
127mASP: 07,16,23,25|4|2.6658
123mLYS: 07,16,23|3|2.2642
419mASP: 03,22,27|3|2.0996
324mCYS: 03,22,27|3|9.3334
279mCYS: 20,22,27|3|2.3034
327mHIS: 03,19,27|3|1.0316
259mALA: 02,05,10|3|1.3758
268mGLU: 01,12,17|3|1.3824
123mGLU: 07,16,23|3|2.1485
128mCYS: 07,23,25|3|2.5868
123mTHR: 07,16,23|3|1.7396
265mCYS: 01,17,18|3|3.5521
324mPRO: 03,22,27|3|1.7542
324mVAL: 03,22,27|3|2.3714
310mASP: 20,22,27|3|1.7888
329mALA: 14,19,21|3|1.0766
267mILE: 01,17,18|3|1.0763
259mASP: 02,05,10|3|2.266
317mCYS: 20,22,27|3|3.1561
324mHIS: 03,22,27|3|1.2946
259mCYS: 02,05,10|3|1.8524
141mSER: 12,17,18|3|1.0529
324mLYS: 03,22,27|3|3.4046
123mASN: 07,16,23|3|1.4449
267mLYS: 01,17,18|3|2.1176
141mGLY: 12,17,18|3|1.2961
419mTHR: 03,22,27|3|1.4408
324mGLY: 03,22,27|3|1.252
311mASP: 15,20,21|3|1.1211
324mILE: 03,22,27|3|1.257
141mMET: 12,17,18|3|1.405
267mALA: 01,17,18|3|1.583
324mASP: 03,22,27|3|2.762
324mTHR: 03,22,27|3|1.5712
267mSER: 01,17,18|3|1.4192
428mASN: 03,20,22|3|1.542
123mASP: 07,16,23|3|2.1662
267mGLY: 01,17,18|3|1.8079
259mTHR: 02,05,10|3|1.3512
419mGLY: 03,22,27|3|1.6243
268mASP: 01,12,17|3|1.3254
141mGLU: 12,17,18|3|1.2798
330mGLY: 03,19,27|3|1.204
259mGLU: 02,05,10|3|1.9457
428mLYS: 03,20,22|3|1.3152
141mTHR: 12,17,18|3|1.1338
428mTHR: 03,20,22|3|1.2557
317mALA: 20,22,27|3|1.0771
310mGLU: 20,22,27|3|1.3108
267mCYS: 01,17,18|3|2.2773
428mGLU: 03,20,22|3|1.9394
141mALA: 12,17,18|3|1.1055
324mGLU: 03,22,27|3|2.9836
141mHIS: 12,17,18|3|1.4861
135mGLU: 07,16,23|3|1.2794
419mSER: 03,22,27|3|1.4013
329mGLU: 14,19,21|3|1.0947
419mGLU: 03,22,27|3|2.0073
324mALA: 03,22,27|3|3.377
388mLYS: 00,11|2|1.4828
336mALA: 14,19|2|1.8941
387mALA: 00,11|2|1.2183
293mHIS: 15,21|2|1.3277
362mGLY: 00,11|2|1.5574
293mGLY: 15,21|2|1.9975
438mTHR: 00,11|2|2.0075
299mASP: 15,21|2|1.1101
377mGLU: 03,19|2|1.4614
232mALA: 05,10|2|1.2573
403mALA: 03,19|2|1.3843
261mPRO: 05,18|2|1.8946
138mGLU: 07,17|2|1.0291
438mGLU: 00,11|2|2.1704
130mCYS: 23,25|2|1.4107
336mASN: 14,19|2|1.9355
336mSER: 14,19|2|1.6822
377mCYS: 03,19|2|2.2653
263mASP: 01,05|2|1.3553
389mCYS: 00,14|2|2.0322
263mALA: 01,05|2|1.5254
293mLYS: 15,21|2|2.9639
124mGLU: 07,16|2|1.2961
438mASN: 00,11|2|1.8665
196mCYS: 23,25|2|3.3936
297mGLU: 15,21|2|1.1362
133mGLY: 16,23|2|1.2891
282mGLY: 20,27|2|1.4449
362mASN: 00,11|2|1.3716
293mCYS: 15,21|2|3.8317
401mASP: 03,27|2|1.0657
426mTHR: 03,22|2|1.0048
133mLYS: 16,23|2|1.4832
133mPRO: 16,23|2|1.0349
282mTHR: 20,27|2|1.0503
435mASN: 00,11|2|1.6277
282mALA: 20,27|2|1.2604
293mGLN: 15,21|2|1.1841
336mASP: 14,19|2|2.4891
362mGLU: 00,11|2|1.6491
403mCYS: 03,19|2|1.7756
336mLYS: 14,19|2|2.645
232mCYS: 05,10|2|2.2834
293mPRO: 15,21|2|1.6566
435mCYS: 00,11|2|1.8027
282mMET: 20,27|2|1.3172
282mLEU: 20,27|2|1.3037
296mLYS: 15,21|2|1.2278
409mGLU: 14,19|2|1.8626
362mLYS: 00,11|2|1.3099
387mCYS: 00,11|2|2.0881
263mCYS: 01,05|2|3.5773
261mGLY: 05,18|2|1.5059
261mCYS: 05,18|2|3.6941
388mCYS: 00,11|2|3.0915
133mASP: 16,23|2|1.8538
124mASP: 07,16|2|1.022
232mASP: 05,10|2|1.3303
261mASP: 05,18|2|2.1428
282mVAL: 20,27|2|1.2218
438mCYS: 00,11|2|1.0128
434mCYS: 14,21|2|2.6708
435mGLY: 00,11|2|1.8829
208mCYS: 02,07|2|1.2702
401mGLU: 03,27|2|1.2495
196mASP: 23,25|2|1.7437
293mASN: 15,21|2|2.3558
293mTHR: 15,21|2|2.4361
362mSER: 00,11|2|1.0712
282mILE: 20,27|2|1.1672
401mCYS: 03,27|2|3.2388
435mSER: 00,11|2|1.3178
292mLYS: 15,21|2|1.1879
435mLYS: 00,11|2|2.3447
388mASP: 00,11|2|1.453
293mALA: 15,21|2|1.9095
401mALA: 03,27|2|1.2931
334mLYS: 14,19|2|1.7992
435mTHR: 00,11|2|1.8338
284mTHR: 20,22|2|1.0494
293mGLU: 15,21|2|3.1525
133mGLU: 16,23|2|1.5902
282mGLU: 20,27|2|1.342
282mCYS: 20,27|2|1.4317
196mLYS: 23,25|2|1.6412
438mGLY: 00,11|2|1.526
261mGLU: 05,18|2|2.4246
377mASP: 03,19|2|1.8098
196mGLU: 23,25|2|1.7504
293mSER: 15,21|2|1.5021
336mGLU: 14,19|2|2.2836
133mASN: 16,23|2|1.4899
261mGLN: 05,18|2|1.1032
261mTHR: 05,18|2|2.4413
387mASP: 00,11|2|1.2154
284mGLU: 20,22|2|1.1061
409mGLY: 14,19|2|1.4656
284mMET: 20,22|2|1.1233
377mGLY: 03,19|2|1.4341
336mTHR: 14,19|2|1.9463
261mASN: 05,18|2|1.5899
409mSER: 14,19|2|1.0826
336mGLY: 14,19|2|2.5838
438mLYS: 00,11|2|2.8504
409mTHR: 14,19|2|1.5547
409mASN: 14,19|2|1.7566
401mLYS: 03,27|2|1.3235
362mTHR: 00,11|2|1.0993
435mASP: 00,11|2|1.7807
197mCYS: 07,25|2|1.5576
261mILE: 05,18|2|1.526
435mALA: 00,11|2|1.2272
293mILE: 15,21|2|1.1652
293mASP: 15,21|2|2.5411
387mGLY: 00,11|2|1.0577
377mALA: 03,19|2|1.98
434mALA: 14,21|2|1.2357
336mCYS: 14,19|2|1.6629
196mVAL: 23,25|2|1.0211
293mVAL: 15,21|2|1.4581
409mLYS: 14,19|2|1.4091
282mHIS: 20,27|2|1.2111
124mCYS: 07,16|2|1.8557
334mGLU: 14,19|2|1.0146
261mLYS: 05,18|2|2.2063
292mCYS: 15,21|2|2.0711
388mALA: 00,11|2|1.5797
282mSER: 20,27|2|1.1376
177mCYS: 01,12|2|2.7522
362mASP: 00,11|2|2.0454
263mLYS: 01,05|2|1.565
325mCYS: 14,21|2|2.3725
435mGLU: 00,11|2|2.0279
334mCYS: 14,19|2|1.5486
133mTHR: 16,23|2|1.2661
335mGLY: 03,19|2|1.0116
