127mTHR: 02,03,14,18,20,28|6|3.2669
127mGLY: 02,03,14,18,20,28|6|2.347
136mLYS: 02,03,14,20,23,28|6|4.2142
127mASN: 02,03,14,18,20,28|6|2.3175
261mHIS: 05,15,16,19,22,24|6|3.0345
136mGLU: 02,03,14,20,23,28|6|5.1499
127mGLU: 02,03,14,18,20,28|6|3.4021
261mVAL: 05,15,16,19,22,24|6|1.2172
261mALA: 05,15,16,19,22,24|6|2.6656
261mMET: 05,15,16,19,22,24|6|2.9425
261mGLY: 05,15,16,19,22,24|6|4.0282
136mASP: 02,03,14,20,23,28|6|3.5498
136mTHR: 02,03,14,20,23,28|6|5.2478
136mASN: 02,03,14,20,23,28|6|5.867
136mSER: 02,03,14,20,23,28|6|4.6822
127mSER: 02,03,14,18,20,28|6|1.9453
261mGLU: 05,15,16,19,22,24|6|3.6529
136mGLY: 02,03,14,20,23,28|6|5.8155
261mSER: 05,15,16,19,22,24|6|3.6962
261mTHR: 05,15,16,19,22,24|6|3.6017
261mASN: 05,15,16,19,22,24|6|3.5995
136mHIS: 02,03,14,20,23,28|6|4.688
261mLYS: 05,15,16,19,22,24|6|2.3472
146mCYS: 01,16,19,22,23|5|3.8671
205mGLN: 02,12,15,20,24|5|2.449
205mSER: 02,12,15,20,24|5|2.118
205mHIS: 02,12,15,20,24|5|1.8264
146mTHR: 01,16,19,22,23|5|3.6225
205mGLY: 02,12,15,20,24|5|2.927
146mGLN: 01,16,19,22,23|5|2.1551
146mGLU: 01,16,19,22,23|5|5.1313
205mALA: 02,12,15,20,24|5|3.7433
205mMET: 02,12,15,20,24|5|2.3615
205mTHR: 02,12,15,20,24|5|2.8595
146mASP: 01,16,19,22,23|5|3.8165
205mGLU: 02,12,15,20,24|5|3.7114
206mALA: 02,12,14,20|4|2.842
182mGLU: 01,05,16,19|4|1.7928
178mSER: 01,16,22,24|4|1.4038
178mLYS: 01,16,22,24|4|1.2925
218mGLU: 03,13,23,25|4|1.8079
178mGLY: 01,16,22,24|4|1.7071
182mTHR: 01,05,16,19|4|1.7556
248mGLY: 12,14,18,20|4|2.4536
232mASN: 05,12,15,24|4|1.5711
267mGLU: 01,16,22,23|4|1.448
232mGLU: 05,12,15,24|4|2.3119
248mHIS: 12,14,18,20|4|1.6519
206mTRP: 02,12,14,20|4|1.6552
248mALA: 12,14,18,20|4|2.2118
178mGLU: 01,16,22,24|4|1.3209
178mASP: 01,16,22,24|4|1.2999
237mGLU: 12,14,18,20|4|1.3826
206mILE: 02,12,14,20|4|1.9585
206mMET: 02,12,14,20|4|2.0342
206mGLY: 02,12,14,20|4|2.5721
206mHIS: 02,12,14,20|4|1.6699
206mVAL: 02,12,14,20|4|1.6943
248mASN: 12,14,18,20|4|1.8767
178mMET: 01,16,22,24|4|1.1412
248mGLN: 12,14,18,20|4|2.2912
178mTHR: 01,16,22,24|4|1.4129
237mASP: 12,14,18,20|4|1.1512
182mGLY: 01,05,16,19|4|1.5566
206mLEU: 02,12,14,20|4|2.5488
206mGLN: 02,12,14,20|4|2.3048
232mALA: 05,12,15,24|4|1.1824
248mASP: 12,14,18,20|4|2.9182
178mHIS: 01,16,22,24|4|1.0422
178mALA: 01,16,22,24|4|1.6029
248mGLU: 12,14,18,20|4|3.7952
206mGLU: 02,12,14,20|4|3.007
232mGLY: 05,12,15,24|4|1.6637
206mSER: 02,12,14,20|4|1.8747
206mTHR: 02,12,14,20|4|2.6255
206mASN: 02,12,14,20|4|1.1448
232mTHR: 05,12,15,24|4|2.0797
232mMET: 05,12,15,24|4|1.4172
248mTHR: 12,14,18,20|4|3.0695
232mSER: 05,12,15,24|4|1.2669
248mSER: 12,14,18,20|4|2.0848
182mASN: 01,05,16,19|4|1.1684
197mASN: 14,20,28|3|1.3932
203mGLU: 12,15,24|3|1.0486
259mGLY: 05,15,24|3|2.1596
197mSER: 14,20,28|3|1.8166
197mMET: 14,20,28|3|1.6508
259mASN: 05,15,24|3|2.2465
259mALA: 05,15,24|3|1.8618
197mLEU: 14,20,28|3|1.8364
259mSER: 05,15,24|3|2.3424
197mGLY: 14,20,28|3|2.0198
123mLYS: 02,14,20|3|1.5417
159mASN: 12,15,18|3|1.1567
268mALA: 01,22,23|3|1.9463
159mGLU: 12,15,18|3|1.541
139mGLY: 03,23,28|3|1.0213
130mGLY: 03,13,28|3|1.0101
159mTHR: 12,15,18|3|1.2564
123mTHR: 02,14,20|3|2.0063
130mALA: 03,13,28|3|1.3791
197mTHR: 14,20,28|3|2.2506
123mASN: 02,14,20|3|1.4803
239mLEU: 12,14,20|3|1.0199
233mTHR: 12,15,24|3|1.2437
197mVAL: 14,20,28|3|1.9734
197mGLU: 14,20,28|3|2.7564
130mASP: 03,13,28|3|1.1081
197mHIS: 14,20,28|3|1.515
197mTRP: 14,20,28|3|1.4224
268mCYS: 01,22,23|3|2.3846
259mTHR: 05,15,24|3|2.7842
268mASP: 01,22,23|3|1.5147
259mGLU: 05,15,24|3|3.2062
239mALA: 12,14,20|3|1.1545
239mASP: 12,14,20|3|1.4438
159mSER: 12,15,18|3|1.163
197mGLN: 14,20,28|3|2.0188
259mASP: 05,15,24|3|2.1783
239mGLU: 12,14,20|3|1.4384
159mGLY: 12,15,18|3|1.0923
197mILE: 14,20,28|3|1.449
259mLYS: 05,15,24|3|1.5009
239mCYS: 12,14,20|3|2.1183
197mALA: 14,20,28|3|1.9696
440mGLU: 07,25|2|1.8313
299mCYS: 07,25|2|1.3694
196mGLN: 14,20|2|1.0267
440mLYS: 07,25|2|1.9556
283mILE: 08,15|2|2.0881
345mGLY: 00,29|2|1.3312
273mGLY: 05,15|2|1.4986
258mGLY: 05,15|2|1.0086
283mHIS: 08,15|2|1.3633
440mTHR: 07,25|2|1.7142
273mTRP: 05,15|2|1.35
341mTHR: 00,29|2|1.9216
299mTHR: 07,25|2|1.3405
283mLEU: 08,15|2|2.4232
283mGLY: 08,15|2|1.9809
251mGLY: 12,18|2|1.3453
341mHIS: 00,29|2|1.4181
311mGLY: 07,25|2|1.223
196mVAL: 14,20|2|1.0695
439mGLU: 07,25|2|1.2927
251mSER: 12,18|2|1.217
299mALA: 07,25|2|1.4639
251mTHR: 12,18|2|1.0314
273mPHE: 05,15|2|1.5168
440mMET: 07,25|2|1.0189
299mGLY: 07,25|2|1.2824
242mGLY: 13,18|2|1.19
273mMET: 05,15|2|1.3028
341mGLN: 00,29|2|1.6908
341mGLY: 00,29|2|1.53
281mTHR: 07,25|2|1.0711
311mLEU: 07,25|2|1.655
273mILE: 05,15|2|1.522
283mMET: 08,15|2|1.9628
456mGLU: 15,29|2|1.1705
283mVAL: 08,15|2|2.3515
196mTHR: 14,20|2|1.1193
341mALA: 00,29|2|1.7039
242mALA: 13,18|2|1.1484
341mASP: 00,29|2|2.1792
345mGLU: 00,29|2|1.1608
273mTHR: 05,15|2|2.199
379mTHR: 08,29|2|1.0494
251mGLU: 12,18|2|1.2124
440mGLY: 07,25|2|1.7
283mTRP: 08,15|2|1.966
438mCYS: 07,25|2|1.9153
273mALA: 05,15|2|1.4566
299mGLU: 07,25|2|1.5104
283mASN: 08,15|2|1.5422
242mGLU: 13,18|2|1.4436
242mASP: 13,18|2|1.5085
196mASP: 14,20|2|1.3678
440mSER: 07,25|2|1.2878
273mCYS: 05,15|2|1.5832
283mSER: 08,15|2|1.5755
345mHIS: 00,29|2|1.0335
311mALA: 07,25|2|1.6562
273mLEU: 05,15|2|1.5758
283mGLU: 08,15|2|3.0312
440mALA: 07,25|2|1.9572
196mALA: 14,20|2|1.1116
345mMET: 00,29|2|1.0157
456mGLY: 15,29|2|1.0176
273mASN: 05,15|2|1.7122
379mMET: 08,29|2|1.1233
311mGLU: 07,25|2|1.8705
345mSER: 00,29|2|1.2234
273mSER: 05,15|2|1.4362
196mGLU: 14,20|2|1.3916
273mGLN: 05,15|2|1.5418
283mGLN: 08,15|2|2.3652
258mASP: 05,15|2|1.2639
345mASN: 00,29|2|1.5411
273mGLU: 05,15|2|2.6716
345mTHR: 00,29|2|1.2028
251mALA: 12,18|2|1.5927
439mALA: 07,25|2|1.2459
341mLEU: 00,29|2|1.651
311mTHR: 07,25|2|1.5443
440mHIS: 07,25|2|1.0807
258mGLU: 05,15|2|1.3793
440mASP: 07,25|2|2.1812
273mVAL: 05,15|2|1.5808
341mMET: 00,29|2|1.6401
283mTHR: 08,15|2|2.5873
251mCYS: 12,18|2|1.3131
341mTRP: 00,29|2|1.2782
341mGLU: 00,29|2|2.3905
283mALA: 08,15|2|2.1748
273mASP: 05,15|2|1.3894
242mTHR: 13,18|2|1.3153
379mGLU: 08,29|2|1.1061
341mSER: 00,29|2|1.3876
