243mTHR: 01,02,11,18|4|1.161
165mGLN: 01,02,11,18|4|3.0932
242mMET: 01,02,11,18|4|2.4196
165mTRP: 01,02,11,18|4|2.6311
242mVAL: 01,02,11,18|4|2.9669
242mLYS: 01,02,11,18|4|5.5206
165mPHE: 01,02,11,18|4|2.9038
165mMET: 01,02,11,18|4|2.7442
165mHIS: 01,02,11,18|4|1.6778
242mGLY: 01,02,11,18|4|5.8268
165mTHR: 01,02,11,18|4|3.7068
165mPRO: 01,02,11,18|4|2.1107
242mTHR: 01,02,11,18|4|5.668
242mGLU: 01,02,11,18|4|5.5791
242mARG: 01,02,11,18|4|2.4207
165mCYS: 01,02,11,18|4|4.4961
242mASP: 01,02,11,18|4|5.5874
242mGLN: 01,02,11,18|4|3.8519
165mASP: 01,02,11,18|4|3.04
165mGLU: 01,02,11,18|4|4.2745
164mLEU: 01,02,11,18|4|1.5505
165mALA: 01,02,11,18|4|2.9733
165mGLY: 01,02,11,18|4|2.7321
242mASN: 01,02,11,18|4|5.2588
165mLEU: 01,02,11,18|4|3.4482
165mVAL: 01,02,11,18|4|2.7668
164mCYS: 01,02,11,18|4|3.2741
165mILE: 01,02,11,18|4|2.9299
242mILE: 01,02,11,18|4|2.7568
164mTHR: 01,02,11,18|4|2.9016
242mLEU: 01,02,11,18|4|1.8571
165mASN: 01,02,11,18|4|2.0546
242mTRP: 01,02,11,18|4|1.8259
242mALA: 01,02,11,18|4|4.6087
242mHIS: 01,02,11,18|4|3.6881
165mSER: 01,02,11,18|4|1.9191
242mSER: 01,02,11,18|4|4.7725
164mGLU: 01,02,11,18|4|3.7992
242mPRO: 01,02,11,18|4|2.8584
194mGLY: 02,11,18|3|2.478
194mASN: 02,11,18|3|2.5258
194mTHR: 02,11,18|3|2.2739
193mGLU: 02,11,18|3|1.3793
194mALA: 02,11,18|3|1.7198
194mASP: 02,11,18|3|2.5751
194mHIS: 02,11,18|3|1.5557
244mGLU: 02,11,18|3|1.2719
194mVAL: 02,11,18|3|1.3945
168mTHR: 02,11,18|3|1.0221
218mGLU: 02,11,18|3|2.2431
218mGLY: 02,11,18|3|1.8599
194mMET: 02,11,18|3|1.3667
194mLYS: 02,11,18|3|1.8606
194mSER: 02,11,18|3|2.3325
218mALA: 02,11,18|3|1.4406
218mSER: 02,11,18|3|1.4932
194mGLU: 02,11,18|3|2.7202
168mGLU: 02,11,18|3|1.726
194mGLN: 02,11,18|3|1.5802
157mGLU: 01,11|2|1.1653
241mGLU: 02,18|2|1.0603
249mVAL: 02,11|2|1.0614
249mLEU: 02,11|2|1.2137
249mCYS: 02,11|2|1.4717
249mTHR: 02,11|2|1.2474
249mMET: 02,11|2|1.0409
249mPHE: 02,11|2|1.0916
249mGLN: 02,11|2|1.1179
249mGLU: 02,11|2|1.419
