127mTHR: 02,03,04,06,14,17,18,19,23,29|10|5.3849
127mGLU: 02,03,04,06,14,17,18,19,23,29|10|5.2424
120mGLY: 02,03,04,07,09,14,16,27,29|9|1.9467
119mGLU: 02,03,04,07,09,14,16,27,29|9|4.5778
123mLYS: 02,03,04,06,14,18,29|7|3.2074
123mGLU: 02,03,04,06,14,18,29|7|5.8974
123mTHR: 02,03,04,06,14,18,29|7|5.523
204mGLU: 01,02,12,14,17,26,29|7|1.4227
204mLYS: 01,02,12,14,17,26,29|7|2.7086
123mASN: 02,03,04,06,14,18,29|7|2.918
204mTHR: 01,02,12,14,17,26,29|7|1.7466
204mGLY: 01,02,12,14,17,26,29|7|2.3468
123mASP: 02,03,04,06,14,18,29|7|1.8856
123mILE: 02,03,04,06,14,18,29|7|1.3602
204mALA: 01,02,12,14,17,26,29|7|3.1835
123mALA: 02,03,04,06,14,18,29|7|2.4054
136mALA: 02,04,06,14,18,29|6|4.6906
136mLYS: 02,04,06,14,18,29|6|3.4427
180mLYS: 01,07,09,16,26,27|6|4.1001
122mASP: 02,03,04,07,14,29|6|1.1964
122mSER: 02,03,04,07,14,29|6|1.6083
122mASN: 02,03,04,07,14,29|6|2.5277
180mGLY: 01,07,09,16,26,27|6|3.5249
122mGLY: 02,03,04,07,14,29|6|2.0205
136mTHR: 02,04,06,14,18,29|6|3.9285
180mALA: 01,07,09,16,26,27|6|4.7843
180mGLU: 01,07,09,16,26,27|6|2.7016
122mGLU: 02,03,04,07,14,29|6|2.5716
122mGLN: 02,03,04,07,14,29|6|1.6086
180mTHR: 01,07,09,16,26,27|6|2.9154
122mTHR: 02,03,04,07,14,29|6|2.8361
136mGLY: 02,04,06,14,18,29|6|5.1275
122mILE: 02,03,04,07,14,29|6|1.2247
136mLEU: 02,04,06,14,18,29|6|3.2459
122mTRP: 02,03,04,07,14,29|6|1.3623
208mGLY: 02,03,14,16,29|5|2.6021
244mGLY: 03,06,18,19,23|5|2.2238
244mLEU: 03,06,18,19,23|5|1.2934
208mASP: 02,03,14,16,29|5|1.2253
408mALA: 08,11,13,21,28|5|2.1367
408mGLU: 08,11,13,21,28|5|2.3543
244mGLU: 03,06,18,19,23|5|2.9848
208mTHR: 02,03,14,16,29|5|2.1053
244mALA: 03,06,18,19,23|5|3.4901
408mSER: 08,11,13,21,28|5|2.1064
208mALA: 02,03,14,16,29|5|3.1381
408mLYS: 08,11,13,21,28|5|2.2057
408mGLY: 08,11,13,21,28|5|2.5247
250mTHR: 12,17,19,23|4|3.0362
407mGLU: 08,13,21,28|4|1.3845
250mILE: 12,17,19,23|4|1.5011
407mTHR: 08,13,21,28|4|1.2481
243mTHR: 12,17,19,23|4|1.5507
250mLYS: 12,17,19,23|4|1.6057
243mALA: 12,17,19,23|4|3.0747
250mVAL: 12,17,19,23|4|2.0103
243mCYS: 12,17,19,23|4|2.4879
142mGLU: 04,07,09,27|4|1.5454
407mASN: 08,13,21,28|4|1.0161
243mASP: 12,17,19,23|4|1.6399
250mALA: 12,17,19,23|4|3.1336
243mGLU: 12,17,19,23|4|1.0326
262mGLY: 01,16,26,27|4|1.4806
250mGLU: 12,17,19,23|4|2.1963
243mGLY: 12,17,19,23|4|1.992
262mSER: 01,16,26,27|4|1.0902
243mSER: 12,17,19,23|4|1.2321
142mGLY: 04,07,09,27|4|1.323
411mGLY: 11,13,21,28|4|1.1622
243mLYS: 12,17,19,23|4|2.2403
250mGLY: 12,17,19,23|4|1.8093
250mLEU: 12,17,19,23|4|1.3782
251mILE: 12,17,26|3|1.2145
146mILE: 07,09,27|3|1.5948
251mTHR: 12,17,26|3|1.9855
251mGLY: 12,17,26|3|1.3209
147mTHR: 07,09,27|3|1.2373
335mHIS: 08,10,21|3|1.0133
268mALA: 07,09,27|3|1.0015
146mLYS: 07,09,27|3|2.2388
251mALA: 12,17,26|3|2.3734
141mCYS: 04,07,09|3|1.538
146mASN: 07,09,27|3|1.4697
146mTHR: 07,09,27|3|3.0999
261mALA: 01,16,26|3|1.2377
228mLYS: 01,16,26|3|1.3281
242mALA: 12,17,19|3|1.2744
251mPRO: 12,17,26|3|1.4584
228mASN: 01,16,26|3|1.1579
251mLYS: 12,17,26|3|2.2423
228mGLU: 01,16,26|3|2.304
400mGLU: 05,10,24|3|1.0045
251mVAL: 12,17,26|3|1.4776
146mGLU: 07,09,27|3|4.4351
146mCYS: 07,09,27|3|4.2831
141mGLU: 04,07,09|3|1.1354
146mALA: 07,09,27|3|2.7076
336mTHR: 08,10,21|3|1.0338
228mTHR: 01,16,26|3|2.6602
140mALA: 04,07,09|3|1.5792
147mGLU: 07,09,27|3|1.4433
144mALA: 07,09,27|3|1.5681
305mGLY: 05,07,24|3|1.3279
144mTHR: 07,09,27|3|1.5319
146mASP: 07,09,27|3|1.5263
141mALA: 04,07,09|3|1.752
251mASN: 12,17,26|3|1.0117
259mGLY: 01,26|2|2.0308
259mALA: 01,26|2|2.4118
349mALA: 11,13|2|1.4446
259mSER: 01,26|2|1.8035
369mTHR: 11,13|2|1.9507
323mCYS: 05,24|2|2.1828
312mASP: 05,24|2|1.6518
323mALA: 05,24|2|1.0418
159mGLU: 01,12|2|1.3454
342mTHR: 13,28|2|1.132
259mLEU: 01,26|2|1.4671
334mALA: 08,21|2|1.0116
369mGLY: 11,13|2|1.0751
369mILE: 11,13|2|1.0334
401mASN: 05,10|2|1.0283
259mASP: 01,26|2|1.302
312mCYS: 05,24|2|2.4575
259mCYS: 01,26|2|2.3848
265mGLU: 16,27|2|1.1955
369mCYS: 11,13|2|1.1534
347mALA: 11,13|2|1.2251
324mGLY: 05,24|2|1.0772
178mCYS: 16,27|2|1.055
178mLYS: 16,27|2|1.058
182mCYS: 16,27|2|1.1739
342mGLU: 13,28|2|1.1597
369mGLU: 11,13|2|1.7176
344mCYS: 13,28|2|1.0099
375mALA: 10,28|2|1.3375
232mGLU: 01,26|2|1.4814
259mHIS: 01,26|2|1.1844
401mGLU: 05,10|2|1.0431
312mGLU: 05,24|2|2.2242
259mILE: 01,26|2|1.241
369mALA: 11,13|2|1.5558
316mCYS: 05,24|2|1.0851
259mTHR: 01,26|2|1.2388
259mGLU: 01,26|2|1.6548
347mLYS: 11,13|2|1.1301
369mLYS: 11,13|2|1.503
316mGLU: 05,24|2|1.2983
143mCYS: 07,09|2|1.0111
259mLYS: 01,26|2|1.5333
312mTHR: 05,24|2|2.1052
312mALA: 05,24|2|1.1303
203mTHR: 01,26|2|1.112
452mALA: 11,13|2|1.5592
