M = 146 178 267 
175 178 267 | 178 261 265 | 146 265 268 | 145 178 265 | 178 181 261 | 146 178 266 | 145 146 178 | 178 182 261 | 142 144 146 | 147 178 262 | 229 259 262 | 268 273 275 | 145 177 265 | 146 265 268 | 179 181 261 | 178 229 262 | 179 261 265 | 179 261 265 | 232 258 261 | 147 178 263 | 145 178 267 | 267 270 273 | 146 150 178 | 232 259 261 | 177 182 262 | 146 178 266 | 146 178 266 | 145 265 268 | 259 262 263 | 177 265 267 | 178 261 265 | 146 178 264 | 262 265 267 | 146 178 266 | 229 230 261 | 177 182 261 | 147 262 267 | 147 262 266 | 178 262 266 | 147 178 266 | 147 265 268 | 203 206 235 | 177 262 267 | 201 205 208 | 178 262 265 | 178 226 229 | 147 177 179 | 146 265 271 | 147 262 266 | 120 122 208 | 

M = 281 290 296 
278 299 303 | 336 403 406 | 296 311 318 | 280 283 286 | 325 331 401 | 344 346 375 | 346 349 370 | 274 277 302 | 279 284 291 | 400 403 419 | 388 391 412 | 293 299 313 | 291 313 316 | 401 403 419 | 278 299 306 | 336 339 408 | 281 293 297 | 275 301 303 | 278 281 297 | 385 388 412 | 391 438 440 | 299 302 311 | 272 278 303 | 306 308 313 | 279 301 306 | 345 346 370 | 388 411 415 | 440 441 443 | 281 293 297 | 290 296 318 | 324 331 401 | 438 439 441 | 312 316 319 | 274 278 301 | 336 339 408 | 292 299 311 | 337 341 405 | 407 410 412 | 331 336 403 | 436 438 441 | 396 403 419 | 340 343 377 | 293 297 299 | 434 440 443 | 299 303 308 | 296 307 311 | 281 285 293 | 322 326 329 | 333 337 403 | 

M = 165 190 194 
128 132 194 | 126 130 197 | 123 126 127 | 123 136 138 | 157 163 250 | 191 194 242 | 160 163 251 | 193 197 241 | 128 133 194 | 165 194 247 | 157 165 249 | 123 127 208 | 157 235 250 | 130 194 220 | 164 167 169 | 196 245 248 | 123 134 139 | 196 242 248 | 157 164 249 | 201 237 251 | 165 240 249 | 165 167 190 | 194 243 246 | 163 249 253 | 130 190 219 | 128 193 241 | 197 237 248 | 157 163 251 | 190 194 219 | 123 127 134 | 123 134 139 | 157 235 250 | 165 247 249 | 157 165 249 | 193 239 242 | 158 163 249 | 123 127 135 | 123 124 127 | 194 242 244 | 201 237 251 | 157 165 249 | 157 164 249 | 201 235 251 | 165 190 240 | 163 249 251 | 123 127 208 | 193 196 242 | 158 235 250 | 163 165 249 | 123 127 135 | 163 249 251 | 125 127 135 | 157 162 165 | 123 127 131 | 190 193 218 | 123 127 134 | 165 240 249 | 162 165 168 | 165 169 194 | 167 172 190 | 124 127 199 | 193 197 241 | 163 249 251 | 163 165 249 | 168 172 190 | 196 242 248 | 162 164 167 | 190 193 218 | 165 191 240 | 194 242 244 | 193 240 242 | 213 218 219 | 157 165 249 | 196 237 249 | 194 196 242 | 158 249 251 | 163 165 249 | 157 162 165 | 165 167 190 | 

FREQUENCIES
165: 32
178: 26
194: 24
190: 22
249: 19
146: 16
265: 14
262: 12
123: 12
267: 12
157: 12
163: 11
261: 11
127: 11
242: 9
251: 9
266: 8
193: 8
147: 8
299: 7
403: 6
281: 6
196: 6
177: 6
268: 5
296: 5
293: 5
278: 5
240: 5
167: 5
235: 5
145: 5
134: 4
201: 4
197: 4
250: 4
303: 4
248: 4
336: 4
179: 4
297: 4
311: 4
229: 4
164: 4
162: 4
237: 4
208: 4
218: 3
219: 3
130: 3
135: 3
346: 3
401: 3
128: 3
412: 3
290: 3
313: 3
441: 3
440: 3
301: 3
306: 3
241: 3
388: 3
419: 3
438: 3
331: 3
259: 3
182: 3
158: 3
126: 2
139: 2
263: 2
370: 2
291: 2
318: 2
191: 2
391: 2
273: 2
274: 2
275: 2
279: 2
308: 2
443: 2
302: 2
244: 2
247: 2
339: 2
337: 2
172: 2
181: 2
316: 2
168: 2
169: 2
408: 2
232: 2
124: 2
264: 1
133: 1
132: 1
131: 1
136: 1
138: 1
213: 1
344: 1
406: 1
341: 1
400: 1
280: 1
283: 1
285: 1
284: 1
286: 1
415: 1
410: 1
411: 1
375: 1
319: 1
199: 1
270: 1
271: 1
277: 1
226: 1
312: 1
307: 1
245: 1
246: 1
243: 1
292: 1
377: 1
439: 1
436: 1
434: 1
385: 1
333: 1
258: 1
253: 1
175: 1
203: 1
407: 1
345: 1
405: 1
340: 1
343: 1
160: 1
220: 1
272: 1
349: 1
396: 1
150: 1
239: 1
230: 1
322: 1
326: 1
324: 1
325: 1
329: 1
144: 1
142: 1
206: 1
205: 1
120: 1
122: 1
125: 1
