D102m2.txt,0, | 281 290 296 | 175 178 267 | 278 299 303 | ,Score: 0

D106m3.txt,0, | 128 132 194 | 178 261 265 | 336 403 406 | ,Score: 0

D107m0.txt,0, | 126 130 197 | 296 311 318 | 146 265 268 | ,Score: 0

D110m2.txt,0, | 123 126 127 | 123 136 138 | 280 283 286 | ,Score: 0

D202m2.txt,0, | 157 163 250 | 325 331 401 | 191 194 242 | ,Score: 0

D203m5.txt,0, | 344 346 375 | 165 190 194 | 346 349 370 | ,Score: 0

D204m0.txt,0, | 160 163 251 | 274 277 302 | 193 197 241 | ,Score: 0

D206mR.txt,0, | 279 284 291 | 128 133 194 | 165 194 247 | ,Score: 0

D210m8.txt,0, | 157 165 249 | 400 403 419 | 145 178 265 | ,Score: 0

D214m3.txt,0, | 388 391 412 | 178 181 261 | 146 178 266 | ,Score: 0

D215m7.txt,0, | 145 146 178 | 178 182 261 | 123 127 208 | ,Score: 0

D216m1.txt,0, | 157 235 250 | 293 299 313 | 142 144 146 | ,Score: 0

D217m3.txt,0, | 291 313 316 | 401 403 419 | 281 290 296 | ,Score: 0

D218m7.txt,0, | 147 178 262 | 229 259 262 | 130 194 220 | ,Score: 0

D221m4.txt,0, | 164 167 169 | 196 245 248 | 123 134 139 | ,Score: 0

D222m6.txt,0, | 196 242 248 | 278 299 306 | 268 273 275 | ,Score: 0

D228m5.txt,0, | 145 177 265 | 157 164 249 | 336 339 408 | ,Score: 0

D229m1.txt,0, | 201 237 251 | 146 265 268 | 165 240 249 | ,Score: 0

D231m7.txt,0, | 146 178 267 | 179 181 261 | 178 229 262 | ,Score: 0

D239m5.txt,0, | 179 261 265 | 281 293 297 | 165 190 194 | ,Score: 0

D301m9.txt,0, | 146 178 267 | 165 167 190 | 194 243 246 | ,Score: 0

D302m1.txt,0, | 179 261 265 | 165 190 194 | 163 249 253 | ,Score: 0

D304m4.txt,0, | 275 301 303 | 278 281 297 | 232 258 261 | ,Score: 0

D305m1.txt,0, | 385 388 412 | 391 438 440 | 147 178 263 | ,Score: 0

D306m2.txt,0, | 145 178 267 | 130 190 219 | 165 190 194 | ,Score: 0

D307m2.txt,0, | 146 178 267 | 128 193 241 | 267 270 273 | ,Score: 0

D308m5.txt,0, | 197 237 248 | 157 163 251 | 299 302 311 | ,Score: 0

D310m9.txt,0, | 190 194 219 | 123 127 134 | 123 134 139 | ,Score: 0

D311m8.txt,0, | 157 235 250 | 272 278 303 | 165 247 249 | ,Score: 0

D312m9.txt,0, | 306 308 313 | 279 301 306 | 157 165 249 | ,Score: 0

D313m5.txt,0, | 146 178 267 | 345 346 370 | 388 411 415 | ,Score: 0

D314m8.txt,0, | 440 441 443 | 146 150 178 | 281 293 297 | ,Score: 0

D315m6.txt,0, | 232 259 261 | 193 239 242 | 158 163 249 | ,Score: 0

D317m4.txt,0, | 290 296 318 | 177 182 262 | 324 331 401 | ,Score: 0

D318m3.txt,0, | 123 127 135 | 165 190 194 | 123 124 127 | ,Score: 0

D319m6.txt,0, | 194 242 244 | 438 439 441 | 146 178 266 | ,Score: 0

D320m3.txt,0, | 201 237 251 | 157 165 249 | 146 178 266 | ,Score: 0

D321m1.txt,0, | 312 316 319 | 157 164 249 | 201 235 251 | ,Score: 0

D322m0.txt,0, | 274 278 301 | 165 190 240 | 163 249 251 | ,Score: 0

D323m1.txt,0, | 145 265 268 | 123 127 208 | 336 339 408 | ,Score: 0

D324m6.txt,0, | 193 196 242 | 259 262 263 | 158 235 250 | ,Score: 0

D325m0.txt,0, | 292 299 311 | 163 165 249 | 123 127 135 | ,Score: 0

D326m0.txt,0, | 177 265 267 | 178 261 265 | 163 249 251 | ,Score: 0

D327m7.txt,0, | 146 178 264 | 337 341 405 | 165 190 194 | ,Score: 0

D328m3.txt,0, | 262 265 267 | 407 410 412 | 165 190 194 | ,Score: 0

D330m1.txt,0, | 146 178 267 | 125 127 135 | 165 190 194 | ,Score: 0

D331m0.txt,0, | 157 162 165 | 123 127 131 | 146 178 266 | ,Score: 0

D332m4.txt,0, | 229 230 261 | 190 193 218 | 177 182 261 | ,Score: 0

D333m4.txt,0, | 123 127 134 | 165 240 249 | 147 262 267 | ,Score: 0

D403m6.txt,0, | 162 165 168 | 147 262 266 | 165 169 194 | ,Score: 0

D407m5.txt,0, | 331 336 403 | 178 262 266 | 165 190 194 | ,Score: 0

D408m8.txt,0, | 167 172 190 | 436 438 441 | 147 178 266 | ,Score: 0

D409m5.txt,0, | 396 403 419 | 165 190 194 | 147 265 268 | ,Score: 0

D410mR.txt,0, | 124 127 199 | 340 343 377 | 193 197 241 | ,Score: 0

D413m2.txt,0, | 203 206 235 | 165 190 194 | 163 249 251 | ,Score: 0

D414m2.txt,0, | 163 165 249 | 168 172 190 | 177 262 267 | ,Score: 0

D421m7.txt,0, | 201 205 208 | 293 297 299 | 196 242 248 | ,Score: 0

D428m7.txt,0, | 162 164 167 | 190 193 218 | 165 191 240 | ,Score: 0

D430mR.txt,0, | 194 242 244 | 178 262 265 | 165 190 194 | ,Score: 0

D431m9.txt,0, | 193 240 242 | 213 218 219 | 178 226 229 | ,Score: 0

D438m9.txt,0, | 157 165 249 | 147 177 179 | 434 440 443 | ,Score: 0

D450m5.txt,0, | 299 303 308 | 296 307 311 | 196 237 249 | ,Score: 0

D453m0.txt,0, | 194 196 242 | 158 249 251 | 146 265 271 | ,Score: 0

D459m2.txt,0, | 281 285 293 | 147 262 266 | 165 190 194 | ,Score: 0

D462m1.txt,0, | 322 326 329 | 163 165 249 | 333 337 403 | ,Score: 0

D464m0.txt,0, | 157 162 165 | 165 167 190 | 120 122 208 | ,Score: 0

