M = 290 296 318 
299 305 311 | 290 293 296 | 336 403 406 | 296 311 318 | 437 439 441 | 327 335 402 | 437 438 439 | 345 347 370 | 438 439 441 | 288 317 324 | 358 359 360 | 357 359 360 | 288 293 313 | 282 291 297 | 284 286 356 | 274 278 302 | 299 302 309 | 436 438 441 | 438 439 440 | 360 362 365 | 275 278 303 | 385 388 412 | 391 435 439 | 274 301 303 | 296 301 307 | 281 293 297 | 388 411 415 | 436 438 441 | 290 296 317 | 290 293 297 | 324 331 401 | 408 410 411 | 438 439 440 | 286 290 293 | 312 316 319 | 293 297 299 | 300 303 308 | 337 341 405 | 336 339 408 | 388 408 411 | 296 297 300 | 300 301 303 | 339 341 415 | 336 339 406 | 331 336 403 | 336 339 408 | 434 436 439 | 327 400 401 | 434 436 440 | 299 303 308 | 293 297 300 | 354 359 362 | 354 356 359 | 333 337 403 | 

M = 165 240 249 
206 235 237 | 126 206 208 | 165 168 191 | 164 165 249 | 165 167 168 | 126 127 130 | 158 249 251 | 158 235 249 | 197 199 249 | 123 127 135 | 194 242 244 | 165 190 194 | 242 243 244 | 123 127 208 | 157 164 249 | 124 127 135 | 126 130 196 | 196 245 248 | 242 243 245 | 157 164 249 | 194 243 245 | 157 164 249 | 240 245 248 | 124 127 135 | 197 237 248 | 124 135 138 | 127 130 196 | 162 165 167 | 158 162 251 | 157 161 251 | 237 239 251 | 130 197 239 | 124 127 135 | 123 124 127 | 165 248 249 | 164 165 249 | 164 165 167 | 157 235 250 | 239 242 245 | 158 235 249 | 194 242 244 | 242 243 244 | 164 165 167 | 194 243 244 | 193 194 242 | 194 242 243 | 123 127 135 | 201 237 251 | 190 193 216 | 194 243 247 | 161 164 167 | 123 127 135 | 191 193 242 | 164 165 249 | 241 242 244 | 158 163 249 | 164 165 249 | 194 243 245 | 158 235 251 | 201 205 208 | 196 245 248 | 162 164 167 | 243 245 247 | 201 205 208 | 158 235 237 | 158 250 251 | 190 193 218 | 242 244 247 | 

M = 145 178 267 
175 178 267 | 178 261 265 | 122 124 135 | 146 178 267 | 146 178 266 | 144 147 177 | 147 177 262 | 178 181 261 | 145 177 179 | 147 178 266 | 147 178 262 | 273 277 280 | 181 229 262 | 178 181 262 | 178 262 267 | 179 261 265 | 146 178 267 | 147 265 267 | 147 178 265 | 229 259 262 | 178 262 265 | 179 262 265 | 229 259 262 | 267 272 274 | 147 178 263 | 182 229 262 | 146 178 267 | 267 270 273 | 143 146 177 | 122 135 141 | 146 267 271 | 119 120 122 | 146 178 267 | 119 122 123 | 146 150 178 | 177 182 262 | 146 178 266 | 232 258 261 | 146 265 268 | 119 122 124 | 178 264 267 | 178 182 262 | 178 261 264 | 146 178 264 | 262 265 267 | 146 178 267 | 178 180 182 | 177 182 261 | 178 226 229 | 147 268 269 | 147 262 266 | 178 262 266 | 146 148 266 | 147 178 266 | 146 265 269 | 147 178 266 | 265 267 269 | 177 264 267 | 178 261 264 | 178 229 262 | 143 146 177 | 146 265 268 | 178 262 265 | 178 262 267 | 139 142 212 | 139 142 213 | 146 147 178 | 177 179 182 | 146 265 271 | 147 262 265 | 136 140 141 | 142 144 146 | 120 123 208 | 

FREQUENCIES
178: 33
262: 19
146: 19
267: 17
265: 14
249: 14
147: 13
165: 12
242: 11
164: 11
127: 10
135: 9
194: 9
243: 9
177: 9
266: 8
245: 8
158: 8
123: 7
124: 7
293: 7
244: 7
439: 7
251: 7
261: 7
296: 6
438: 6
182: 6
297: 6
229: 6
167: 6
235: 6
264: 5
122: 5
290: 5
303: 5
248: 5
336: 5
157: 5
237: 5
208: 5
130: 4
299: 4
196: 4
193: 4
300: 4
441: 4
436: 4
339: 4
179: 4
408: 4
359: 4
403: 3
126: 3
269: 3
268: 3
411: 3
201: 3
190: 3
274: 3
142: 3
119: 3
360: 3
301: 3
440: 3
247: 3
388: 3
181: 3
197: 3
162: 3
239: 3
139: 2
288: 2
401: 2
286: 2
415: 2
318: 2
311: 2
191: 2
271: 2
273: 2
278: 2
250: 2
141: 2
362: 2
302: 2
308: 2
406: 2
437: 2
434: 2
240: 2
337: 2
331: 2
259: 2
341: 2
317: 2
168: 2
161: 2
327: 2
324: 2
144: 2
145: 2
205: 2
143: 2
206: 2
120: 2
356: 2
354: 2
216: 1
212: 1
218: 1
136: 1
226: 1
138: 1
213: 1
405: 1
347: 1
402: 1
400: 1
281: 1
280: 1
282: 1
284: 1
263: 1
410: 1
412: 1
370: 1
291: 1
319: 1
199: 1
313: 1
270: 1
272: 1
275: 1
277: 1
312: 1
365: 1
309: 1
305: 1
307: 1
241: 1
435: 1
335: 1
333: 1
258: 1
175: 1
385: 1
345: 1
180: 1
316: 1
163: 1
391: 1
150: 1
232: 1
140: 1
148: 1
357: 1
358: 1
