D102m2.txt,0, | 206 235 237 | 299 305 311 | 175 178 267 | ,Score: 0

D106m3.txt,0, | 178 261 265 | 290 293 296 | 336 403 406 | ,Score: 0

D107m0.txt,0, | 296 311 318 | 122 124 135 | 126 206 208 | ,Score: 0

D110m2.txt,0, | 165 168 191 | 164 165 249 | 165 167 168 | ,Score: 0

D202m2.txt,0, | 437 439 441 | 327 335 402 | 437 438 439 | ,Score: 0

D203m5.txt,0, | 345 347 370 | 126 127 130 | 438 439 441 | ,Score: 0

D204m0.txt,0, | 158 249 251 | 158 235 249 | 197 199 249 | ,Score: 0

D206mR.txt,0, | 146 178 267 | 288 317 324 | 123 127 135 | ,Score: 0

D210m8.txt,0, | 146 178 266 | 144 147 177 | 147 177 262 | ,Score: 0

D214m3.txt,0, | 194 242 244 | 165 190 194 | 242 243 244 | ,Score: 0

D215m7.txt,0, | 178 181 261 | 145 177 179 | 123 127 208 | ,Score: 0

D216m1.txt,0, | 157 164 249 | 358 359 360 | 357 359 360 | ,Score: 0

D217m3.txt,0, | 147 178 266 | 288 293 313 | 282 291 297 | ,Score: 0

D218m7.txt,0, | 147 178 262 | 124 127 135 | 126 130 196 | ,Score: 0

D221m4.txt,0, | 284 286 356 | 196 245 248 | 273 277 280 | ,Score: 0

D222m6.txt,0, | 274 278 302 | 299 302 309 | 436 438 441 | ,Score: 0

D228m5.txt,0, | 242 243 245 | 157 164 249 | 194 243 245 | ,Score: 0

D229m1.txt,0, | 165 240 249 | 157 164 249 | 240 245 248 | ,Score: 0

D231m7.txt,0, | 181 229 262 | 178 181 262 | 178 262 267 | ,Score: 0

D239m5.txt,0, | 179 261 265 | 438 439 440 | 360 362 365 | ,Score: 0

D301m9.txt,0, | 146 178 267 | 147 265 267 | 147 178 265 | ,Score: 0

D302m1.txt,0, | 229 259 262 | 178 262 265 | 179 262 265 | ,Score: 0

D304m4.txt,0, | 229 259 262 | 275 278 303 | 267 272 274 | ,Score: 0

D305m1.txt,0, | 385 388 412 | 147 178 263 | 391 435 439 | ,Score: 0

D306m2.txt,0, | 145 178 267 | 182 229 262 | 124 127 135 | ,Score: 0

D307m2.txt,0, | 146 178 267 | 267 270 273 | 143 146 177 | ,Score: 0

D308m5.txt,0, | 274 301 303 | 197 237 248 | 296 301 307 | ,Score: 0

D310m9.txt,0, | 124 135 138 | 122 135 141 | 127 130 196 | ,Score: 0

D311m8.txt,0, | 146 267 271 | 119 120 122 | 281 293 297 | ,Score: 0

D312m9.txt,0, | 162 165 167 | 158 162 251 | 157 161 251 | ,Score: 0

D313m5.txt,0, | 146 178 267 | 119 122 123 | 388 411 415 | ,Score: 0

D314m8.txt,0, | 436 438 441 | 290 296 317 | 146 150 178 | ,Score: 0

D315m6.txt,0, | 237 239 251 | 130 197 239 | 290 293 297 | ,Score: 0

D317m4.txt,0, | 290 296 318 | 177 182 262 | 324 331 401 | ,Score: 0

D318m3.txt,0, | 408 410 411 | 124 127 135 | 123 124 127 | ,Score: 0

D319m6.txt,0, | 438 439 440 | 286 290 293 | 146 178 266 | ,Score: 0

D320m3.txt,0, | 165 248 249 | 164 165 249 | 164 165 167 | ,Score: 0

D321m1.txt,0, | 157 235 250 | 312 316 319 | 232 258 261 | ,Score: 0

D322m0.txt,0, | 239 242 245 | 146 265 268 | 158 235 249 | ,Score: 0

D323m1.txt,0, | 194 242 244 | 242 243 244 | 164 165 167 | ,Score: 0

D324m6.txt,0, | 194 243 244 | 193 194 242 | 194 242 243 | ,Score: 0

D325m0.txt,0, | 293 297 299 | 300 303 308 | 123 127 135 | ,Score: 0

D326m0.txt,0, | 119 122 124 | 178 264 267 | 178 182 262 | ,Score: 0

D327m7.txt,0, | 178 261 264 | 337 341 405 | 146 178 264 | ,Score: 0

D328m3.txt,0, | 262 265 267 | 336 339 408 | 388 408 411 | ,Score: 0

D330m1.txt,0, | 146 178 267 | 201 237 251 | 178 180 182 | ,Score: 0

D331m0.txt,0, | 190 193 216 | 194 243 247 | 161 164 167 | ,Score: 0

D332m4.txt,0, | 296 297 300 | 177 182 261 | 300 301 303 | ,Score: 0

D333m4.txt,0, | 123 127 135 | 178 226 229 | 147 268 269 | ,Score: 0

D403m6.txt,0, | 339 341 415 | 336 339 406 | 147 262 266 | ,Score: 0

D407m5.txt,0, | 331 336 403 | 178 262 266 | 336 339 408 | ,Score: 0

D408m8.txt,0, | 434 436 439 | 146 148 266 | 147 178 266 | ,Score: 0

D409m5.txt,0, | 146 265 269 | 147 178 266 | 265 267 269 | ,Score: 0

D410mR.txt,0, | 191 193 242 | 164 165 249 | 241 242 244 | ,Score: 0

D413m2.txt,0, | 158 163 249 | 164 165 249 | 194 243 245 | ,Score: 0

D414m2.txt,0, | 177 264 267 | 178 261 264 | 178 229 262 | ,Score: 0

D421m7.txt,0, | 158 235 251 | 201 205 208 | 196 245 248 | ,Score: 0

D428m7.txt,0, | 162 164 167 | 327 400 401 | 143 146 177 | ,Score: 0

D430mR.txt,0, | 146 265 268 | 178 262 265 | 243 245 247 | ,Score: 0

D431m9.txt,0, | 178 262 267 | 139 142 212 | 139 142 213 | ,Score: 0

D438m9.txt,0, | 146 147 178 | 434 436 440 | 177 179 182 | ,Score: 0

D450m5.txt,0, | 201 205 208 | 158 235 237 | 299 303 308 | ,Score: 0

D453m0.txt,0, | 293 297 300 | 146 265 271 | 158 250 251 | ,Score: 0

D459m2.txt,0, | 354 359 362 | 354 356 359 | 190 193 218 | ,Score: 0

D462m1.txt,0, | 242 244 247 | 147 262 265 | 333 337 403 | ,Score: 0

D464m0.txt,0, | 136 140 141 | 142 144 146 | 120 123 208 | ,Score: 0

