D102m2.txt,26, | 203 205 206 | 293 296 299 | 146 266 267 | ,Score: 60.9321

D106m3.txt,20, | 146 265 269 | 290 293 296 | 336 339 403 | ,Score: 28.8923

D107m0.txt,22, | 335 336 339 | 146 265 266 | 126 206 208 | ,Score: 43.1336

D110m2.txt,7, | 164 165 168 | 164 165 249 | 165 167 168 | ,Score: 38.9503

D202m2.txt,16, | 201 204 206 | 377 379 380 | 438 439 440 | ,Score: 30.7871

D203m5.txt,15, | 344 345 346 | 146 265 268 | 438 439 440 | ,Score: 25.3824

D204m0.txt,11, | 248 249 251 | 199 235 251 | 144 146 147 | ,Score: 31.5424

D206mR.txt,16, | 146 178 179 | 323 324 329 | 126 127 128 | ,Score: 37.5011

D210m8.txt,14, | 400 403 419 | 135 136 141 | 147 177 262 | ,Score: 27.0552

D214m3.txt,7, | 194 242 243 | 164 165 167 | 242 243 244 | ,Score: 39.7739

D215m7.txt,20, | 178 179 182 | 146 178 179 | 126 206 208 | ,Score: 36.6412

D216m1.txt,4, | 164 165 249 | 358 359 360 | 357 358 359 | ,Score: 29.2107

D217m3.txt,20, | 147 178 180 | 401 403 419 | 291 293 297 | ,Score: 29.8522

D218m7.txt,21, | 259 261 262 | 135 136 141 | 126 130 197 | ,Score: 29.6589

D221m4.txt,20, | 283 284 286 | 123 124 127 | 142 145 146 | ,Score: 28.5775

D222m6.txt,20, | 134 135 136 | 299 303 309 | 336 339 408 | ,Score: 25.448

D228m5.txt,8, | 242 243 245 | 157 164 165 | 194 243 245 | ,Score: 30.998

D229m1.txt,6, | 164 165 249 | 157 164 165 | 242 245 248 | ,Score: 43.086

D231m7.txt,16, | 181 261 262 | 178 181 261 | 391 438 440 | ,Score: 38.8934

D239m5.txt,18, | 178 180 181 | 439 440 441 | 360 362 365 | ,Score: 43.4536

D301m9.txt,14, | 336 337 403 | 146 265 267 | 146 178 265 | ,Score: 29.6053

D302m1.txt,8, | 258 259 261 | 146 178 265 | 179 261 265 | ,Score: 30.7435

D304m4.txt,13, | 229 232 259 | 275 303 305 | 146 178 267 | ,Score: 32.1999

D305m1.txt,19, | 385 408 412 | 147 178 180 | 281 284 290 | ,Score: 23.1464

D306m2.txt,22, | 146 266 268 | 182 229 261 | 196 237 239 | ,Score: 31.5881

D307m2.txt,18, | 146 147 268 | 359 361 362 | 242 243 244 | ,Score: 27.6705

D308m5.txt,24, | 146 266 268 | 126 206 208 | 299 305 311 | ,Score: 56.7414

D310m9.txt,19, | 123 135 136 | 146 178 267 | 336 337 408 | ,Score: 30.4639

D311m8.txt,18, | 146 267 268 | 119 120 122 | 293 296 297 | ,Score: 46.7714

D312m9.txt,14, | 194 242 243 | 164 165 249 | 157 162 251 | ,Score: 40.2835

D313m5.txt,17, | 146 266 267 | 119 122 123 | 388 410 411 | ,Score: 24.0647

D314m8.txt,18, | 436 438 441 | 283 284 290 | 147 178 180 | ,Score: 22.5909

D315m6.txt,18, | 232 259 261 | 127 130 197 | 290 293 297 | ,Score: 25.6644

D317m4.txt,21, | 438 439 440 | 177 178 180 | 336 339 403 | ,Score: 38.9222

D318m3.txt,14, | 408 410 411 | 261 263 264 | 123 126 127 | ,Score: 18.7634

D319m6.txt,16, | 438 439 440 | 400 401 419 | 146 147 268 | ,Score: 32.3979

D320m3.txt,5, | 165 248 249 | 164 165 249 | 164 165 167 | ,Score: 36.8751

D321m1.txt,22, | 196 237 249 | 312 316 319 | 258 259 261 | ,Score: 30.4832

D322m0.txt,17, | 242 243 245 | 146 266 268 | 341 377 378 | ,Score: 31.0892

D323m1.txt,5, | 194 242 243 | 242 243 244 | 164 165 167 | ,Score: 28.1471

D324m6.txt,5, | 194 243 244 | 193 194 242 | 194 242 244 | ,Score: 32.1212

D325m0.txt,21, | 293 297 300 | 146 265 268 | 196 245 248 | ,Score: 38.4657

D326m0.txt,17, | 126 127 208 | 400 401 419 | 178 261 265 | ,Score: 28.3343

D327m7.txt,19, | 125 127 197 | 341 376 405 | 146 178 264 | ,Score: 26.1625

D328m3.txt,12, | 146 266 268 | 336 337 409 | 408 409 410 | ,Score: 31.5331

D330m1.txt,16, | 146 266 268 | 158 235 251 | 119 120 124 | ,Score: 38.2083

D331m0.txt,9, | 165 190 194 | 242 243 247 | 164 165 167 | ,Score: 35.0885

D332m4.txt,16, | 318 319 322 | 147 180 262 | 301 303 305 | ,Score: 24.8812

D333m4.txt,19, | 241 248 249 | 147 263 267 | 329 330 334 | ,Score: 21.4462

D403m6.txt,8, | 339 341 415 | 336 339 407 | 147 266 268 | ,Score: 22.2839

D407m5.txt,11, | 331 336 403 | 146 265 266 | 335 336 339 | ,Score: 29.7506

D408m8.txt,16, | 436 438 440 | 242 245 248 | 146 178 266 | ,Score: 48.8033

D409m5.txt,15, | 401 403 419 | 178 182 261 | 265 266 268 | ,Score: 30.0794

D410mR.txt,6, | 193 241 242 | 164 165 249 | 241 242 244 | ,Score: 33.869

D413m2.txt,12, | 163 164 249 | 165 167 190 | 242 243 245 | ,Score: 62.1346

D414m2.txt,11, | 146 267 268 | 261 262 264 | 229 261 262 | ,Score: 25.8486

D421m7.txt,19, | 158 235 251 | 201 205 206 | 196 245 248 | ,Score: 61.8431

D428m7.txt,21, | 162 164 167 | 323 326 327 | 177 180 262 | ,Score: 27.616

D430mR.txt,13, | 265 266 268 | 178 181 261 | 242 243 247 | ,Score: 34.0934

D431m9.txt,15, | 312 317 318 | 142 143 146 | 141 142 213 | ,Score: 28.7754

D438m9.txt,11, | 146 147 178 | 434 438 440 | 119 120 122 | ,Score: 26.4734

D450m5.txt,22, | 123 124 127 | 158 235 251 | 299 303 305 | ,Score: 44.5352

D453m0.txt,16, | 438 440 441 | 146 265 270 | 158 250 251 | ,Score: 27.0972

D459m2.txt,8, | 354 359 362 | 354 357 359 | 165 190 194 | ,Score: 28.1369

D462m1.txt,19, | 242 244 245 | 144 146 147 | 336 339 403 | ,Score: 27.929

D464m0.txt,22, | 242 243 244 | 336 407 408 | 119 122 123 | ,Score: 24.9797

