M = 146 178 267 
299 305 311 | 175 178 267 | 178 261 265 | 146 265 268 | 146 147 179 | 146 147 266 | 144 146 147 | 146 178 266 | 206 208 226 | 178 182 261 | 147 178 266 | 147 178 262 | 277 280 284 | 273 277 280 | 274 278 302 | 299 302 309 | 179 261 262 | 147 179 262 | 179 181 261 | 179 261 265 | 146 178 266 | 147 178 267 | 178 265 267 | 147 178 265 | 179 261 265 | 178 180 262 | 179 262 265 | 120 121 122 | 272 275 303 | 229 259 262 | 147 178 263 | 145 178 267 | 182 229 262 | 267 270 273 | 267 272 274 | 272 278 303 | 146 268 271 | 146 150 178 | 177 182 262 | 179 182 262 | 147 265 268 | 146 178 266 | 119 122 124 | 178 264 267 | 178 182 262 | 178 261 264 | 178 264 267 | 262 265 267 | 266 267 268 | 182 230 262 | 299 300 303 | 146 178 266 | 147 262 267 | 147 267 269 | 147 262 266 | 178 262 266 | 178 181 262 | 147 178 266 | 177 181 262 | 147 264 267 | 147 265 268 | 268 273 274 | 177 262 267 | 146 264 268 | 177 180 262 | 143 146 177 | 146 178 265 | 178 264 265 | 262 264 266 | 178 262 267 | 140 143 213 | 146 177 179 | 177 179 182 | 299 305 308 | 303 305 308 | 146 178 265 | 146 265 271 | 147 262 266 | 142 144 146 | 120 123 208 | 

M = 196 245 248 
203 206 235 | 123 127 208 | 165 168 191 | 165 248 249 | 164 165 249 | 122 135 141 | 194 242 243 | 165 190 194 | 194 243 244 | 123 127 208 | 157 165 167 | 157 165 249 | 127 130 135 | 124 127 208 | 157 164 249 | 194 243 245 | 194 243 244 | 240 245 248 | 157 164 249 | 165 191 240 | 124 127 135 | 242 243 244 | 197 237 248 | 123 135 138 | 123 127 135 | 158 162 251 | 161 164 167 | 194 243 245 | 237 239 251 | 123 124 135 | 130 241 246 | 124 127 135 | 165 248 249 | 164 165 249 | 164 165 167 | 158 235 237 | 201 203 233 | 203 205 235 | 239 242 245 | 158 235 249 | 164 165 167 | 194 243 244 | 194 242 243 | 194 242 243 | 194 243 244 | 242 243 244 | 123 127 135 | 201 237 251 | 194 242 247 | 190 193 218 | 161 164 167 | 123 127 135 | 164 165 249 | 158 163 249 | 164 165 249 | 194 243 245 | 201 205 208 | 158 235 251 | 136 140 212 | 201 237 251 | 163 165 169 | 194 242 243 | 165 169 194 | 

M = 324 331 401 
290 293 296 | 336 403 406 | 296 311 318 | 400 402 419 | 437 439 441 | 438 440 441 | 345 347 370 | 345 346 347 | 288 317 324 | 283 286 291 | 400 403 419 | 357 359 360 | 438 439 441 | 291 296 313 | 436 438 441 | 359 362 364 | 385 388 412 | 391 435 439 | 296 301 307 | 281 293 297 | 388 411 415 | 388 408 411 | 290 296 317 | 436 438 441 | 438 439 440 | 290 293 297 | 290 296 318 | 312 316 319 | 292 299 311 | 337 341 405 | 388 408 411 | 336 339 408 | 339 341 406 | 336 339 406 | 331 336 403 | 434 436 439 | 396 403 419 | 327 400 401 | 434 436 440 | 293 297 300 | 337 339 403 | 329 334 336 | 336 407 408 | 

FREQUENCIES
178: 32
262: 22
146: 22
267: 20
147: 17
165: 15
265: 14
194: 14
243: 13
266: 12
249: 11
179: 10
164: 10
135: 9
127: 9
123: 8
245: 8
242: 8
264: 7
261: 7
268: 7
248: 7
177: 7
182: 7
296: 6
244: 6
336: 6
208: 6
403: 5
124: 5
299: 5
441: 5
438: 5
439: 5
251: 5
167: 5
158: 5
235: 5
237: 5
290: 4
201: 4
303: 4
388: 4
293: 4
436: 4
339: 4
408: 4
157: 4
401: 3
400: 3
411: 3
419: 3
311: 3
196: 3
203: 3
272: 3
273: 3
274: 3
406: 3
440: 3
305: 3
331: 3
181: 3
297: 3
324: 3
122: 3
130: 2
347: 2
280: 2
120: 2
291: 2
318: 2
191: 2
271: 2
277: 2
278: 2
206: 2
302: 2
308: 2
300: 2
240: 2
434: 2
337: 2
345: 2
180: 2
341: 2
317: 2
190: 2
169: 2
229: 2
161: 2
163: 2
239: 2
144: 2
205: 2
143: 2
140: 2
359: 2
212: 1
213: 1
218: 1
136: 1
138: 1
316: 1
407: 1
288: 1
346: 1
402: 1
281: 1
283: 1
284: 1
286: 1
269: 1
415: 1
412: 1
370: 1
292: 1
319: 1
313: 1
193: 1
270: 1
275: 1
142: 1
119: 1
312: 1
364: 1
362: 1
360: 1
309: 1
301: 1
307: 1
247: 1
246: 1
241: 1
437: 1
435: 1
385: 1
334: 1
259: 1
175: 1
405: 1
197: 1
168: 1
226: 1
162: 1
391: 1
396: 1
150: 1
230: 1
233: 1
327: 1
329: 1
145: 1
141: 1
263: 1
121: 1
357: 1
