D102m2.txt,0, | 203 206 235 | 299 305 311 | 175 178 267 | ,Score: 0

D106m3.txt,0, | 178 261 265 | 290 293 296 | 336 403 406 | ,Score: 0

D107m0.txt,0, | 296 311 318 | 146 265 268 | 123 127 208 | ,Score: 0

D110m2.txt,0, | 165 168 191 | 165 248 249 | 164 165 249 | ,Score: 0

D202m2.txt,0, | 400 402 419 | 437 439 441 | 324 331 401 | ,Score: 0

D203m5.txt,0, | 438 440 441 | 345 347 370 | 345 346 347 | ,Score: 0

D204m0.txt,0, | 146 147 179 | 146 147 266 | 144 146 147 | ,Score: 0

D206mR.txt,0, | 146 178 267 | 288 317 324 | 283 286 291 | ,Score: 0

D210m8.txt,0, | 122 135 141 | 400 403 419 | 146 178 266 | ,Score: 0

D214m3.txt,0, | 194 242 243 | 165 190 194 | 194 243 244 | ,Score: 0

D215m7.txt,0, | 206 208 226 | 178 182 261 | 123 127 208 | ,Score: 0

D216m1.txt,0, | 157 165 167 | 157 165 249 | 357 359 360 | ,Score: 0

D217m3.txt,0, | 147 178 266 | 438 439 441 | 291 296 313 | ,Score: 0

D218m7.txt,0, | 147 178 262 | 127 130 135 | 124 127 208 | ,Score: 0

D221m4.txt,0, | 277 280 284 | 196 245 248 | 273 277 280 | ,Score: 0

D222m6.txt,0, | 274 278 302 | 436 438 441 | 299 302 309 | ,Score: 0

D228m5.txt,0, | 157 164 249 | 194 243 245 | 194 243 244 | ,Score: 0

D229m1.txt,0, | 240 245 248 | 157 164 249 | 165 191 240 | ,Score: 0

D231m7.txt,0, | 359 362 364 | 179 261 262 | 147 179 262 | ,Score: 0

D239m5.txt,0, | 179 181 261 | 179 261 265 | 146 178 266 | ,Score: 0

D301m9.txt,0, | 147 178 267 | 178 265 267 | 147 178 265 | ,Score: 0

D302m1.txt,0, | 179 261 265 | 178 180 262 | 179 262 265 | ,Score: 0

D304m4.txt,0, | 120 121 122 | 272 275 303 | 229 259 262 | ,Score: 0

D305m1.txt,0, | 385 388 412 | 147 178 263 | 391 435 439 | ,Score: 0

D306m2.txt,0, | 145 178 267 | 124 127 135 | 182 229 262 | ,Score: 0

D307m2.txt,0, | 146 178 267 | 267 270 273 | 242 243 244 | ,Score: 0

D308m5.txt,0, | 267 272 274 | 296 301 307 | 197 237 248 | ,Score: 0

D310m9.txt,0, | 146 178 267 | 123 135 138 | 123 127 135 | ,Score: 0

D311m8.txt,0, | 272 278 303 | 281 293 297 | 146 268 271 | ,Score: 0

D312m9.txt,0, | 158 162 251 | 161 164 167 | 194 243 245 | ,Score: 0

D313m5.txt,0, | 146 178 267 | 388 411 415 | 388 408 411 | ,Score: 0

D314m8.txt,0, | 146 150 178 | 290 296 317 | 436 438 441 | ,Score: 0

D315m6.txt,0, | 237 239 251 | 438 439 440 | 290 293 297 | ,Score: 0

D317m4.txt,0, | 290 296 318 | 177 182 262 | 324 331 401 | ,Score: 0

D318m3.txt,0, | 123 124 135 | 130 241 246 | 124 127 135 | ,Score: 0

D319m6.txt,0, | 179 182 262 | 147 265 268 | 146 178 266 | ,Score: 0

D320m3.txt,0, | 165 248 249 | 164 165 249 | 164 165 167 | ,Score: 0

D321m1.txt,0, | 158 235 237 | 312 316 319 | 201 203 233 | ,Score: 0

D322m0.txt,0, | 203 205 235 | 239 242 245 | 158 235 249 | ,Score: 0

D323m1.txt,0, | 164 165 167 | 194 243 244 | 194 242 243 | ,Score: 0

D324m6.txt,0, | 194 242 243 | 194 243 244 | 242 243 244 | ,Score: 0

D325m0.txt,0, | 292 299 311 | 196 245 248 | 123 127 135 | ,Score: 0

D326m0.txt,0, | 119 122 124 | 178 264 267 | 178 182 262 | ,Score: 0

D327m7.txt,0, | 178 261 264 | 337 341 405 | 178 264 267 | ,Score: 0

D328m3.txt,0, | 262 265 267 | 388 408 411 | 336 339 408 | ,Score: 0

D330m1.txt,0, | 146 178 267 | 266 267 268 | 201 237 251 | ,Score: 0

D331m0.txt,0, | 194 242 247 | 190 193 218 | 161 164 167 | ,Score: 0

D332m4.txt,0, | 182 230 262 | 299 300 303 | 146 178 266 | ,Score: 0

D333m4.txt,0, | 147 262 267 | 147 267 269 | 123 127 135 | ,Score: 0

D403m6.txt,0, | 339 341 406 | 336 339 406 | 147 262 266 | ,Score: 0

D407m5.txt,0, | 331 336 403 | 178 262 266 | 178 181 262 | ,Score: 0

D408m8.txt,0, | 434 436 439 | 147 178 266 | 177 181 262 | ,Score: 0

D409m5.txt,0, | 396 403 419 | 147 264 267 | 147 265 268 | ,Score: 0

D410mR.txt,0, | 164 165 249 | ,Score: 0

D413m2.txt,0, | 158 163 249 | 164 165 249 | 194 243 245 | ,Score: 0

D414m2.txt,0, | 268 273 274 | 177 262 267 | 146 264 268 | ,Score: 0

D421m7.txt,0, | 201 205 208 | 158 235 251 | 196 245 248 | ,Score: 0

D428m7.txt,0, | 327 400 401 | 177 180 262 | 143 146 177 | ,Score: 0

D430mR.txt,0, | 146 178 265 | 178 264 265 | 262 264 266 | ,Score: 0

D431m9.txt,0, | 178 262 267 | 136 140 212 | 140 143 213 | ,Score: 0

D438m9.txt,0, | 146 177 179 | 434 436 440 | 177 179 182 | ,Score: 0

D450m5.txt,0, | 201 237 251 | 299 305 308 | 303 305 308 | ,Score: 0

D453m0.txt,0, | 146 178 265 | 293 297 300 | 146 265 271 | ,Score: 0

D459m2.txt,0, | 163 165 169 | 194 242 243 | 165 169 194 | ,Score: 0

D462m1.txt,0, | 337 339 403 | 329 334 336 | 147 262 266 | ,Score: 0

D464m0.txt,0, | 336 407 408 | 142 144 146 | 120 123 208 | ,Score: 0

