M = 146 178 267 
274 301 303 | 146 150 178 | 120 123 124 | 263 265 267 | 146 265 267 | 119 123 210 | 147 177 179 | 148 262 266 | 144 147 177 | 145 146 178 | 178 182 261 | 182 228 262 | 147 178 266 | 178 229 261 | 229 259 261 | 275 302 306 | 229 232 261 | 147 179 262 | 179 261 265 | 120 123 124 | 146 178 265 | 229 259 262 | 179 262 265 | 274 278 302 | 275 303 305 | 183 259 261 | 147 178 263 | 145 178 267 | 262 265 267 | 299 302 311 | 146 268 271 | 278 281 294 | 147 150 267 | 232 259 261 | 177 182 262 | 261 264 265 | 179 182 262 | 146 178 266 | 274 278 301 | 120 124 208 | 267 272 274 | 228 259 262 | 262 265 267 | 142 144 146 | 177 182 261 | 300 303 307 | 147 262 267 | 178 181 261 | 147 178 266 | 146 178 266 | 177 262 267 | 299 305 311 | 177 182 262 | 178 261 265 | 228 232 261 | 178 262 267 | 120 122 208 | 178 182 262 | 201 205 208 | 299 303 308 | 146 265 271 | 146 265 268 | 122 141 143 | 228 259 262 | 

M = 396 403 419 
406 412 415 | 296 311 318 | 401 403 419 | 345 347 370 | 324 330 401 | 282 292 299 | 317 321 324 | 357 359 360 | 290 296 318 | 280 283 286 | 434 436 441 | 366 391 412 | 316 319 323 | 365 368 388 | 355 357 360 | 401 403 419 | 341 342 345 | 385 388 408 | 391 440 443 | 387 407 411 | 347 351 368 | 281 290 296 | 388 411 415 | 388 408 411 | 290 296 317 | 293 297 299 | 287 293 321 | 336 340 403 | 312 317 319 | 327 332 402 | 292 299 311 | 341 377 379 | 336 403 405 | 341 376 405 | 337 339 408 | 388 408 411 | 336 339 403 | 293 296 300 | 330 335 403 | 289 293 318 | 336 403 406 | 331 336 403 | 346 349 369 | 434 439 442 | 335 339 403 | 441 442 444 | 342 344 378 | 290 293 297 | 438 441 442 | 293 297 300 | 354 357 359 | 325 329 333 | 333 337 403 | 

M = 165 191 240 
123 125 208 | 202 206 237 | 123 127 208 | 201 235 251 | 165 168 191 | 164 165 249 | 164 165 167 | 158 250 253 | 123 127 208 | 124 128 135 | 194 242 243 | 165 190 194 | 164 165 167 | 123 127 208 | 157 164 167 | 157 165 249 | 193 196 242 | 124 127 135 | 196 245 248 | 158 162 251 | 161 164 167 | 194 243 245 | 157 164 249 | 194 240 245 | 125 130 196 | 123 135 139 | 128 197 241 | 197 237 248 | 123 135 138 | 123 127 208 | 162 165 167 | 158 162 251 | 157 164 249 | 196 237 239 | 123 126 208 | 124 127 135 | 134 193 215 | 157 164 167 | 157 165 249 | 158 249 251 | 157 235 250 | 123 127 135 | 201 235 251 | 242 243 244 | 194 242 243 | 193 194 219 | 194 243 244 | 164 165 249 | 194 242 243 | 126 130 197 | 125 132 197 | 125 206 208 | 194 242 247 | 190 193 218 | 161 164 167 | 124 132 138 | 197 246 248 | 164 165 249 | 158 163 250 | 165 190 194 | 194 243 245 | 140 212 220 | 242 243 244 | 130 197 241 | 201 235 251 | 157 163 250 | 243 245 247 | 136 140 212 | 157 235 237 | 169 194 219 | 164 166 169 | 130 193 241 | 

FREQUENCIES
178: 20
262: 16
267: 15
146: 15
261: 12
123: 12
194: 12
164: 12
165: 12
403: 11
265: 11
208: 10
243: 9
157: 9
249: 8
147: 8
127: 7
242: 7
182: 7
167: 7
124: 7
135: 6
299: 6
293: 6
259: 6
177: 6
251: 6
197: 6
336: 5
296: 5
193: 5
245: 5
388: 5
179: 5
158: 5
235: 5
266: 5
130: 4
120: 4
125: 4
411: 4
290: 4
201: 4
311: 4
196: 4
274: 4
303: 4
250: 4
229: 4
228: 4
408: 4
237: 4
341: 3
401: 3
442: 3
419: 3
318: 3
190: 3
278: 3
300: 3
441: 3
302: 3
244: 3
241: 3
248: 3
339: 3
297: 3
317: 3
162: 3
232: 3
357: 3
212: 2
126: 2
219: 2
132: 2
138: 2
345: 2
405: 2
347: 2
281: 2
128: 2
268: 2
415: 2
412: 2
292: 2
319: 2
191: 2
271: 2
391: 2
275: 2
368: 2
360: 2
301: 2
305: 2
247: 2
240: 2
434: 2
335: 2
337: 2
330: 2
333: 2
406: 2
342: 2
169: 2
161: 2
163: 2
150: 2
321: 2
324: 2
144: 2
145: 2
140: 2
206: 2
263: 2
122: 2
359: 2
215: 1
210: 1
264: 1
218: 1
136: 1
134: 1
139: 1
407: 1
280: 1
283: 1
282: 1
349: 1
287: 1
286: 1
379: 1
370: 1
294: 1
376: 1
202: 1
205: 1
119: 1
312: 1
344: 1
141: 1
369: 1
366: 1
365: 1
308: 1
440: 1
443: 1
306: 1
307: 1
246: 1
444: 1
377: 1
438: 1
439: 1
436: 1
385: 1
387: 1
331: 1
332: 1
253: 1
289: 1
346: 1
183: 1
181: 1
340: 1
402: 1
316: 1
168: 1
166: 1
220: 1
272: 1
396: 1
239: 1
378: 1
323: 1
327: 1
325: 1
329: 1
142: 1
143: 1
148: 1
355: 1
354: 1
351: 1
