D102m2.txt,0, | 123 125 208 | 274 301 303 | 202 206 237 | ,Score: 0

D106m3.txt,0, | 146 150 178 | 120 123 124 | 406 412 415 | ,Score: 0

D107m0.txt,0, | 296 311 318 | 123 127 208 | 201 235 251 | ,Score: 0

D110m2.txt,0, | 165 168 191 | 164 165 249 | 164 165 167 | ,Score: 0

D202m2.txt,0, | 158 250 253 | 401 403 419 | 123 127 208 | ,Score: 0

D203m5.txt,0, | 263 265 267 | 345 347 370 | 146 265 267 | ,Score: 0

D204m0.txt,0, | 146 178 267 | 119 123 210 | 147 177 179 | ,Score: 0

D206mR.txt,0, | 324 330 401 | 124 128 135 | 282 292 299 | ,Score: 0

D210m8.txt,0, | 317 321 324 | 148 262 266 | 144 147 177 | ,Score: 0

D214m3.txt,0, | 194 242 243 | 165 190 194 | 164 165 167 | ,Score: 0

D215m7.txt,0, | 145 146 178 | 178 182 261 | 123 127 208 | ,Score: 0

D216m1.txt,0, | 157 164 167 | 157 165 249 | 357 359 360 | ,Score: 0

D217m3.txt,0, | 290 296 318 | 182 228 262 | 147 178 266 | ,Score: 0

D218m7.txt,0, | 178 229 261 | 193 196 242 | 124 127 135 | ,Score: 0

D221m4.txt,0, | 229 259 261 | 280 283 286 | 196 245 248 | ,Score: 0

D222m6.txt,0, | 275 302 306 | 229 232 261 | 434 436 441 | ,Score: 0

D228m5.txt,0, | 158 162 251 | 161 164 167 | 194 243 245 | ,Score: 0

D229m1.txt,0, | 157 164 249 | 194 240 245 | 165 191 240 | ,Score: 0

D231m7.txt,0, | 366 391 412 | 147 179 262 | 316 319 323 | ,Score: 0

D239m5.txt,0, | 179 261 265 | 365 368 388 | 355 357 360 | ,Score: 0

D301m9.txt,0, | 401 403 419 | 120 123 124 | 146 178 265 | ,Score: 0

D302m1.txt,0, | 229 259 262 | 179 262 265 | 341 342 345 | ,Score: 0

D304m4.txt,0, | 274 278 302 | 275 303 305 | 183 259 261 | ,Score: 0

D305m1.txt,0, | 385 388 408 | 391 440 443 | 147 178 263 | ,Score: 0

D306m2.txt,0, | 145 178 267 | 125 130 196 | 123 135 139 | ,Score: 0

D307m2.txt,0, | 146 178 267 | 387 407 411 | 128 197 241 | ,Score: 0

D308m5.txt,0, | 197 237 248 | 262 265 267 | 299 302 311 | ,Score: 0

D310m9.txt,0, | 347 351 368 | 123 135 138 | 123 127 208 | ,Score: 0

D311m8.txt,0, | 146 268 271 | 281 290 296 | 278 281 294 | ,Score: 0

D312m9.txt,0, | 162 165 167 | 158 162 251 | 157 164 249 | ,Score: 0

D313m5.txt,0, | 146 178 267 | 388 411 415 | 388 408 411 | ,Score: 0

D314m8.txt,0, | 146 178 267 | 147 150 267 | 290 296 317 | ,Score: 0

D315m6.txt,0, | 293 297 299 | 232 259 261 | 196 237 239 | ,Score: 0

D317m4.txt,0, | 123 126 208 | 177 182 262 | 287 293 321 | ,Score: 0

D318m3.txt,0, | 336 340 403 | 261 264 265 | 124 127 135 | ,Score: 0

D319m6.txt,0, | 134 193 215 | 179 182 262 | 146 178 266 | ,Score: 0

D320m3.txt,0, | 157 164 167 | 157 165 249 | 158 249 251 | ,Score: 0

D321m1.txt,0, | 157 235 250 | 312 317 319 | 123 127 135 | ,Score: 0

D322m0.txt,0, | 274 278 301 | 327 332 402 | 201 235 251 | ,Score: 0

D323m1.txt,0, | 242 243 244 | 194 242 243 | 193 194 219 | ,Score: 0

D324m6.txt,0, | 194 243 244 | 164 165 249 | 194 242 243 | ,Score: 0

D325m0.txt,0, | 126 130 197 | 292 299 311 | 341 377 379 | ,Score: 0

D326m0.txt,0, | 120 124 208 | 267 272 274 | 228 259 262 | ,Score: 0

D327m7.txt,0, | 125 132 197 | 336 403 405 | 341 376 405 | ,Score: 0

D328m3.txt,0, | 262 265 267 | 337 339 408 | 388 408 411 | ,Score: 0

D330m1.txt,0, | 336 339 403 | 125 206 208 | 142 144 146 | ,Score: 0

D331m0.txt,0, | 194 242 247 | 190 193 218 | 161 164 167 | ,Score: 0

D332m4.txt,0, | 293 296 300 | 177 182 261 | 300 303 307 | ,Score: 0

D333m4.txt,0, | 330 335 403 | 124 132 138 | 147 262 267 | ,Score: 0

D403m6.txt,0, | 146 178 267 | 289 293 318 | 336 403 406 | ,Score: 0

D407m5.txt,0, | 331 336 403 | 178 181 261 | 346 349 369 | ,Score: 0

D408m8.txt,0, | 197 246 248 | 147 178 266 | 434 439 442 | ,Score: 0

D409m5.txt,0, | 396 403 419 | 335 339 403 | 146 178 266 | ,Score: 0

D410mR.txt,0, | 164 165 249 | ,Score: 0

D413m2.txt,0, | 158 163 250 | 165 190 194 | 194 243 245 | ,Score: 0

D414m2.txt,0, | 140 212 220 | 177 262 267 | 242 243 244 | ,Score: 0

D421m7.txt,0, | 130 197 241 | 299 305 311 | 201 235 251 | ,Score: 0

D428m7.txt,0, | 441 442 444 | 157 163 250 | 177 182 262 | ,Score: 0

D430mR.txt,0, | 342 344 378 | 178 261 265 | 243 245 247 | ,Score: 0

D431m9.txt,0, | 228 232 261 | 178 262 267 | 136 140 212 | ,Score: 0

D438m9.txt,0, | 120 122 208 | 290 293 297 | 178 182 262 | ,Score: 0

D450m5.txt,0, | 201 205 208 | 157 235 237 | 299 303 308 | ,Score: 0

D453m0.txt,0, | 438 441 442 | 293 297 300 | 146 265 271 | ,Score: 0

D459m2.txt,0, | 169 194 219 | 354 357 359 | 164 166 169 | ,Score: 0

D462m1.txt,0, | 130 193 241 | 325 329 333 | 333 337 403 | ,Score: 0

D464m0.txt,0, | 146 265 268 | 122 141 143 | 228 259 262 | ,Score: 0

