M = 288 396 443 
281 293 298 | 337 403 415 | 343 345 376 | 318 322 325 | 325 331 401 | 380 418 421 | 438 439 441 | 345 347 370 | 333 390 407 | 396 427 447 | 333 389 434 | 288 325 396 | 288 318 324 | 314 317 321 | 357 359 360 | 291 296 318 | 435 439 442 | 280 283 286 | 434 436 441 | 299 309 315 | 363 387 391 | 352 365 368 | 352 356 360 | 401 403 419 | 341 342 345 | 366 391 412 | 337 403 407 | 296 301 307 | 351 366 369 | 330 336 403 | 278 284 294 | 388 411 415 | 435 438 440 | 293 313 318 | 281 290 296 | 288 293 321 | 287 290 443 | 336 340 403 | 329 334 336 | 393 440 441 | 311 317 318 | 327 332 400 | 341 375 378 | 342 346 375 | 292 299 311 | 341 376 405 | 336 405 408 | 407 410 412 | 400 403 418 | 334 337 407 | 293 296 299 | 330 335 403 | 339 403 407 | 335 339 403 | 336 339 403 | 342 375 377 | 299 305 308 | 343 378 380 | 290 293 296 | 296 301 307 | 336 337 338 | 289 441 442 | 354 357 358 | 318 319 325 | 333 337 403 | 

M = 177 262 267 
201 208 226 | 146 150 178 | 203 232 235 | 261 263 265 | 143 177 224 | 148 262 266 | 201 208 226 | 177 182 261 | 178 261 265 | 229 259 262 | 146 150 178 | 229 259 261 | 274 278 302 | 147 179 263 | 178 260 263 | 179 261 265 | 146 178 265 | 177 179 261 | 178 262 265 | 274 278 303 | 120 122 124 | 183 259 261 | 178 261 264 | 147 178 263 | 124 138 212 | 145 178 267 | 175 267 273 | 146 175 178 | 178 262 267 | 231 232 261 | 146 267 271 | 146 178 267 | 143 147 175 | 267 271 274 | 233 258 259 | 177 182 261 | 179 261 265 | 143 146 147 | 119 123 124 | 178 262 267 | 262 265 267 | 177 182 262 | 183 230 261 | 147 262 267 | 147 267 271 | 181 229 262 | 146 178 266 | 147 178 267 | 148 177 261 | 267 269 273 | 147 178 265 | 201 208 226 | 177 182 261 | 178 261 265 | 228 232 261 | 149 267 274 | 178 182 229 | 147 178 262 | 232 258 261 | 178 261 265 | 146 178 267 | 122 141 143 | 

M = 165 191 240 
124 127 211 | 123 127 208 | 165 168 191 | 164 167 168 | 164 165 249 | 124 126 207 | 124 128 135 | 194 242 243 | 165 190 194 | 242 243 244 | 123 127 208 | 164 165 167 | 157 164 249 | 124 127 135 | 123 127 134 | 157 161 164 | 158 161 251 | 157 164 249 | 157 164 249 | 240 245 248 | 123 127 208 | 196 237 239 | 197 237 248 | 124 135 138 | 190 193 216 | 157 163 250 | 194 243 245 | 196 237 239 | 123 127 208 | 242 245 248 | 157 249 251 | 157 164 249 | 157 235 250 | 123 127 135 | 194 241 243 | 193 194 242 | 164 165 167 | 242 243 244 | 194 242 243 | 194 243 244 | 157 235 250 | 123 127 135 | 124 126 199 | 125 132 196 | 201 237 251 | 135 140 141 | 190 194 219 | 162 164 167 | 158 159 161 | 124 132 138 | 243 244 245 | 239 242 245 | 134 137 140 | 157 161 164 | 157 158 161 | 157 165 249 | 194 243 245 | 165 190 194 | 164 249 252 | 157 235 237 | 157 163 250 | 243 245 247 | 136 213 215 | 157 235 237 | 169 194 219 | 163 166 169 | 123 127 134 | 157 161 251 | 

FREQUENCIES
178: 21
261: 18
157: 16
267: 15
164: 12
403: 11
262: 11
194: 11
124: 10
265: 10
127: 10
243: 10
123: 9
146: 9
147: 9
249: 8
177: 8
165: 8
242: 7
245: 7
208: 7
135: 6
336: 6
296: 6
318: 6
161: 6
237: 6
407: 5
293: 5
337: 5
182: 5
235: 5
167: 4
288: 4
263: 4
299: 4
201: 4
190: 4
274: 4
250: 4
441: 4
244: 4
259: 4
179: 4
251: 4
229: 4
232: 4
325: 4
143: 4
226: 3
138: 3
341: 3
290: 3
134: 3
271: 3
396: 3
278: 3
248: 3
375: 3
339: 3
333: 3
175: 3
345: 3
196: 3
342: 3
163: 3
158: 3
239: 3
126: 2
219: 2
132: 2
169: 2
401: 2
343: 2
281: 2
266: 2
415: 2
360: 2
418: 2
191: 2
391: 2
140: 2
378: 2
301: 2
440: 2
412: 2
443: 2
442: 2
307: 2
380: 2
240: 2
438: 2
439: 2
434: 2
435: 2
335: 2
334: 2
330: 2
258: 2
405: 2
183: 2
311: 2
317: 2
400: 2
168: 2
193: 2
366: 2
273: 2
150: 2
321: 2
141: 2
148: 2
122: 2
357: 2
352: 2
376: 2
216: 1
215: 1
212: 1
211: 1
264: 1
137: 1
136: 1
213: 1
346: 1
347: 1
280: 1
283: 1
284: 1
287: 1
286: 1
369: 1
128: 1
269: 1
363: 1
410: 1
298: 1
370: 1
294: 1
358: 1
291: 1
319: 1
199: 1
313: 1
197: 1
315: 1
314: 1
393: 1
390: 1
119: 1
368: 1
421: 1
365: 1
302: 1
427: 1
411: 1
308: 1
309: 1
303: 1
447: 1
305: 1
247: 1
241: 1
388: 1
389: 1
419: 1
377: 1
436: 1
252: 1
338: 1
387: 1
331: 1
332: 1
289: 1
181: 1
340: 1
228: 1
166: 1
224: 1
162: 1
354: 1
408: 1
159: 1
292: 1
230: 1
231: 1
233: 1
322: 1
327: 1
324: 1
329: 1
203: 1
145: 1
207: 1
149: 1
120: 1
356: 1
260: 1
351: 1
359: 1
125: 1
