D102m2.txt,0, | 281 293 298 | 201 208 226 | 124 127 211 | ,Score: 0

D106m3.txt,0, | 337 403 415 | 146 150 178 | 343 345 376 | ,Score: 0

D107m0.txt,0, | 318 322 325 | 203 232 235 | 123 127 208 | ,Score: 0

D110m2.txt,0, | 165 168 191 | 164 167 168 | 164 165 249 | ,Score: 0

D202m2.txt,0, | 124 126 207 | 325 331 401 | 380 418 421 | ,Score: 0

D203m5.txt,0, | 438 439 441 | 345 347 370 | 261 263 265 | ,Score: 0

D204m0.txt,0, | 333 390 407 | 143 177 224 | 396 427 447 | ,Score: 0

D206mR.txt,0, | 333 389 434 | 288 325 396 | 124 128 135 | ,Score: 0

D210m8.txt,0, | 288 318 324 | 148 262 266 | 314 317 321 | ,Score: 0

D214m3.txt,0, | 194 242 243 | 165 190 194 | 242 243 244 | ,Score: 0

D215m7.txt,0, | 201 208 226 | 177 182 261 | 123 127 208 | ,Score: 0

D216m1.txt,0, | 164 165 167 | 157 164 249 | 357 359 360 | ,Score: 0

D217m3.txt,0, | 178 261 265 | 291 296 318 | 435 439 442 | ,Score: 0

D218m7.txt,0, | 229 259 262 | 146 150 178 | 124 127 135 | ,Score: 0

D221m4.txt,0, | 123 127 134 | 229 259 261 | 280 283 286 | ,Score: 0

D222m6.txt,0, | 274 278 302 | 434 436 441 | 299 309 315 | ,Score: 0

D228m5.txt,0, | 157 161 164 | 158 161 251 | 157 164 249 | ,Score: 0

D229m1.txt,0, | 165 191 240 | 157 164 249 | 240 245 248 | ,Score: 0

D231m7.txt,0, | 363 387 391 | 147 179 263 | 178 260 263 | ,Score: 0

D239m5.txt,0, | 179 261 265 | 352 365 368 | 352 356 360 | ,Score: 0

D301m9.txt,0, | 401 403 419 | 146 178 265 | 123 127 208 | ,Score: 0

D302m1.txt,0, | 341 342 345 | 177 179 261 | 178 262 265 | ,Score: 0

D304m4.txt,0, | 274 278 303 | 120 122 124 | 183 259 261 | ,Score: 0

D305m1.txt,0, | 178 261 264 | 366 391 412 | 147 178 263 | ,Score: 0

D306m2.txt,0, | 124 138 212 | 145 178 267 | 196 237 239 | ,Score: 0

D307m2.txt,0, | 175 267 273 | 337 403 407 | 146 175 178 | ,Score: 0

D308m5.txt,0, | 197 237 248 | 296 301 307 | 178 262 267 | ,Score: 0

D310m9.txt,0, | 231 232 261 | 124 135 138 | 351 366 369 | ,Score: 0

D311m8.txt,0, | 146 267 271 | 330 336 403 | 278 284 294 | ,Score: 0

D312m9.txt,0, | 190 193 216 | 157 163 250 | 194 243 245 | ,Score: 0

D313m5.txt,0, | 146 178 267 | 388 411 415 | 435 438 440 | ,Score: 0

D314m8.txt,0, | 143 147 175 | 293 313 318 | 281 290 296 | ,Score: 0

D315m6.txt,0, | 267 271 274 | 233 258 259 | 196 237 239 | ,Score: 0

D317m4.txt,0, | 288 293 321 | 177 182 261 | 287 290 443 | ,Score: 0

D318m3.txt,0, | 336 340 403 | 123 127 208 | 329 334 336 | ,Score: 0

D319m6.txt,0, | 179 261 265 | 393 440 441 | 143 146 147 | ,Score: 0

D320m3.txt,0, | 242 245 248 | 157 249 251 | 157 164 249 | ,Score: 0

D321m1.txt,0, | 311 317 318 | 157 235 250 | 123 127 135 | ,Score: 0

D322m0.txt,0, | 327 332 400 | 341 375 378 | 342 346 375 | ,Score: 0

D323m1.txt,0, | 194 241 243 | 193 194 242 | 164 165 167 | ,Score: 0

D324m6.txt,0, | 242 243 244 | 194 242 243 | 194 243 244 | ,Score: 0

D325m0.txt,0, | 157 235 250 | 292 299 311 | 123 127 135 | ,Score: 0

D326m0.txt,0, | 119 123 124 | 178 262 267 | 124 126 199 | ,Score: 0

D327m7.txt,0, | 125 132 196 | 341 376 405 | 336 405 408 | ,Score: 0

D328m3.txt,0, | 262 265 267 | 407 410 412 | 400 403 418 | ,Score: 0

D330m1.txt,0, | 201 237 251 | 334 337 407 | 135 140 141 | ,Score: 0

D331m0.txt,0, | 190 194 219 | 162 164 167 | 158 159 161 | ,Score: 0

D332m4.txt,0, | 293 296 299 | 177 182 262 | 183 230 261 | ,Score: 0

D333m4.txt,0, | 330 335 403 | 124 132 138 | 147 262 267 | ,Score: 0

D403m6.txt,0, | 243 244 245 | 147 267 271 | 339 403 407 | ,Score: 0

D407m5.txt,0, | 181 229 262 | 335 339 403 | 146 178 266 | ,Score: 0

D408m8.txt,0, | 239 242 245 | 147 178 267 | 148 177 261 | ,Score: 0

D409m5.txt,0, | 134 137 140 | 267 269 273 | 147 178 265 | ,Score: 0

D410mR.txt,0, | 157 161 164 | 157 158 161 | 157 165 249 | ,Score: 0

D413m2.txt,0, | 194 243 245 | 165 190 194 | 164 249 252 | ,Score: 0

D414m2.txt,0, | 336 339 403 | 177 262 267 | 342 375 377 | ,Score: 0

D421m7.txt,0, | 201 208 226 | 299 305 308 | 157 235 237 | ,Score: 0

D428m7.txt,0, | 157 163 250 | 288 396 443 | 177 182 261 | ,Score: 0

D430mR.txt,0, | 178 261 265 | 243 245 247 | 343 378 380 | ,Score: 0

D431m9.txt,0, | 136 213 215 | 228 232 261 | 149 267 274 | ,Score: 0

D438m9.txt,0, | 178 182 229 | 147 178 262 | 290 293 296 | ,Score: 0

D450m5.txt,0, | 157 235 237 | 296 301 307 | 232 258 261 | ,Score: 0

D453m0.txt,0, | 178 261 265 | 336 337 338 | 289 441 442 | ,Score: 0

D459m2.txt,0, | 169 194 219 | 354 357 358 | 163 166 169 | ,Score: 0

D462m1.txt,0, | 123 127 134 | 318 319 325 | 333 337 403 | ,Score: 0

D464m0.txt,0, | 146 178 267 | 157 161 251 | 122 141 143 | ,Score: 0

