M = 130 239 241 
124 127 211 | 123 127 208 | 165 168 191 | 164 165 249 | 164 165 167 | 124 126 207 | 124 128 135 | 194 242 244 | 194 242 243 | 165 190 194 | 123 127 208 | 157 164 249 | 164 165 167 | 124 127 135 | 126 130 196 | 196 244 247 | 157 163 249 | 161 164 167 | 158 249 251 | 191 240 242 | 157 165 249 | 158 163 249 | 157 162 165 | 123 127 208 | 158 237 251 | 124 138 212 | 197 237 248 | 124 135 138 | 158 162 251 | 157 165 249 | 158 163 249 | 196 237 239 | 123 127 208 | 134 193 215 | 242 245 248 | 157 164 249 | 158 249 251 | 157 235 250 | 123 127 135 | 165 239 249 | 201 235 251 | 194 241 244 | 193 194 242 | 242 243 244 | 194 242 244 | 164 165 249 | 242 243 244 | 157 235 250 | 126 130 196 | 124 127 199 | 125 132 196 | 201 237 251 | 123 135 139 | 194 242 247 | 190 193 218 | 161 164 167 | 121 123 137 | 124 126 132 | 135 141 211 | 241 242 245 | 197 241 248 | 134 137 140 | 157 161 164 | 157 165 249 | 157 164 249 | 164 167 252 | 194 243 245 | 164 249 252 | 206 235 237 | 136 213 215 | 156 233 235 | 123 127 208 | 169 194 219 | 164 167 169 | 163 166 251 | 130 193 241 | 

M = 325 331 401 
281 293 298 | 337 403 406 | 388 412 415 | 318 322 325 | 380 418 421 | 345 347 370 | 333 391 434 | 328 392 396 | 279 291 296 | 296 314 317 | 288 317 324 | 357 359 360 | 288 291 316 | 291 296 313 | 327 396 400 | 379 419 421 | 363 387 391 | 352 365 368 | 401 403 419 | 345 346 370 | 341 342 345 | 385 388 408 | 391 440 443 | 337 403 407 | 296 301 307 | 351 366 369 | 345 347 370 | 280 286 294 | 293 299 313 | 388 411 415 | 293 313 317 | 281 293 296 | 288 321 324 | 281 287 293 | 336 340 403 | 436 438 440 | 393 440 441 | 311 317 318 | 327 333 402 | 292 299 311 | 336 405 408 | 336 403 405 | 407 410 412 | 400 403 418 | 334 337 407 | 337 340 403 | 330 335 403 | 289 293 321 | 339 408 415 | 331 336 403 | 346 349 369 | 396 403 419 | 336 339 403 | 296 299 307 | 290 442 444 | 327 396 402 | 343 378 380 | 292 297 311 | 434 437 440 | 296 301 307 | 289 441 442 | 333 337 403 | 

M = 177 262 267 
201 208 226 | 146 150 178 | 203 232 235 | 146 265 268 | 261 263 265 | 146 178 267 | 122 208 224 | 148 262 266 | 145 146 178 | 178 182 261 | 178 261 265 | 146 150 178 | 172 273 277 | 229 259 261 | 278 299 306 | 148 179 261 | 120 122 208 | 179 261 265 | 146 178 265 | 178 261 265 | 274 278 303 | 183 259 261 | 147 178 263 | 145 178 267 | 145 175 267 | 177 182 261 | 178 262 267 | 146 267 271 | 146 178 267 | 120 122 124 | 143 147 175 | 267 271 274 | 203 232 233 | 177 182 261 | 147 179 262 | 178 262 267 | 178 261 264 | 262 265 267 | 178 262 266 | 146 178 267 | 178 261 265 | 147 175 178 | 147 265 268 | 268 273 274 | 303 305 307 | 228 232 261 | 178 261 265 | 178 181 261 | 228 232 261 | 149 267 274 | 178 182 229 | 178 184 261 | 146 265 271 | 147 262 266 | 146 178 267 | 122 141 143 | 228 259 262 | 

FREQUENCIES
178: 23
261: 17
249: 15
267: 13
164: 13
403: 12
265: 11
165: 11
157: 11
146: 11
242: 10
262: 9
127: 9
194: 9
124: 9
123: 8
208: 8
296: 7
251: 7
135: 6
293: 6
244: 6
167: 6
158: 6
235: 6
147: 6
336: 5
196: 5
241: 5
337: 5
237: 5
126: 4
130: 4
345: 4
299: 4
193: 4
274: 4
396: 4
440: 4
307: 4
243: 4
182: 4
317: 4
163: 4
232: 4
122: 4
407: 3
281: 3
408: 3
266: 3
268: 3
415: 3
370: 3
291: 3
201: 3
313: 3
391: 3
288: 3
388: 3
248: 3
245: 3
419: 3
333: 3
259: 3
179: 3
177: 3
175: 3
311: 3
228: 3
161: 3
271: 3
239: 3
327: 3
145: 3
215: 2
211: 2
132: 2
137: 2
138: 2
346: 2
347: 2
401: 2
400: 2
263: 2
442: 2
418: 2
318: 2
134: 2
197: 2
191: 2
190: 2
273: 2
278: 2
250: 2
369: 2
421: 2
412: 2
301: 2
441: 2
303: 2
380: 2
247: 2
292: 2
434: 2
252: 2
339: 2
331: 2
289: 2
405: 2
340: 2
402: 2
169: 2
229: 2
162: 2
150: 2
233: 2
321: 2
324: 2
325: 2
203: 2
143: 2
141: 2
148: 2
120: 2
212: 1
264: 1
218: 1
219: 1
136: 1
226: 1
139: 1
213: 1
224: 1
341: 1
280: 1
349: 1
287: 1
128: 1
379: 1
410: 1
411: 1
298: 1
294: 1
290: 1
199: 1
314: 1
393: 1
392: 1
277: 1
279: 1
140: 1
378: 1
206: 1
368: 1
365: 1
363: 1
360: 1
443: 1
305: 1
306: 1
240: 1
444: 1
438: 1
436: 1
437: 1
385: 1
335: 1
334: 1
387: 1
330: 1
172: 1
406: 1
183: 1
181: 1
184: 1
297: 1
342: 1
343: 1
316: 1
168: 1
166: 1
366: 1
286: 1
156: 1
322: 1
328: 1
207: 1
149: 1
121: 1
357: 1
352: 1
351: 1
359: 1
125: 1
