D102m2.txt,0, | 281 293 298 | 201 208 226 | 124 127 211 | ,Score: 0

D106m3.txt,0, | 337 403 406 | 146 150 178 | 388 412 415 | ,Score: 0

D107m0.txt,0, | 318 322 325 | 203 232 235 | 123 127 208 | ,Score: 0

D110m2.txt,0, | 165 168 191 | 164 165 249 | 164 165 167 | ,Score: 0

D202m2.txt,0, | 124 126 207 | 325 331 401 | 380 418 421 | ,Score: 0

D203m5.txt,0, | 146 265 268 | 345 347 370 | 261 263 265 | ,Score: 0

D204m0.txt,0, | 146 178 267 | 333 391 434 | 122 208 224 | ,Score: 0

D206mR.txt,0, | 328 392 396 | 124 128 135 | 279 291 296 | ,Score: 0

D210m8.txt,0, | 296 314 317 | 288 317 324 | 148 262 266 | ,Score: 0

D214m3.txt,0, | 194 242 244 | 194 242 243 | 165 190 194 | ,Score: 0

D215m7.txt,0, | 145 146 178 | 178 182 261 | 123 127 208 | ,Score: 0

D216m1.txt,0, | 357 359 360 | 157 164 249 | 164 165 167 | ,Score: 0

D217m3.txt,0, | 178 261 265 | 288 291 316 | 291 296 313 | ,Score: 0

D218m7.txt,0, | 146 150 178 | 124 127 135 | 126 130 196 | ,Score: 0

D221m4.txt,0, | 327 396 400 | 172 273 277 | 379 419 421 | ,Score: 0

D222m6.txt,0, | 229 259 261 | 278 299 306 | 196 244 247 | ,Score: 0

D228m5.txt,0, | 157 163 249 | 161 164 167 | 158 249 251 | ,Score: 0

D229m1.txt,0, | 191 240 242 | 157 165 249 | 158 163 249 | ,Score: 0

D231m7.txt,0, | 148 179 261 | 120 122 208 | 363 387 391 | ,Score: 0

D239m5.txt,0, | 157 162 165 | 179 261 265 | 352 365 368 | ,Score: 0

D301m9.txt,0, | 146 178 265 | 401 403 419 | 123 127 208 | ,Score: 0

D302m1.txt,0, | 345 346 370 | 178 261 265 | 341 342 345 | ,Score: 0

D304m4.txt,0, | 274 278 303 | 183 259 261 | 158 237 251 | ,Score: 0

D305m1.txt,0, | 385 388 408 | 391 440 443 | 147 178 263 | ,Score: 0

D306m2.txt,0, | 124 138 212 | 145 178 267 | 130 239 241 | ,Score: 0

D307m2.txt,0, | 337 403 407 | 145 175 267 | 177 182 261 | ,Score: 0

D308m5.txt,0, | 197 237 248 | 296 301 307 | 178 262 267 | ,Score: 0

D310m9.txt,0, | 124 135 138 | 351 366 369 | 345 347 370 | ,Score: 0

D311m8.txt,0, | 146 267 271 | 280 286 294 | 293 299 313 | ,Score: 0

D312m9.txt,0, | 158 162 251 | 157 165 249 | 158 163 249 | ,Score: 0

D313m5.txt,0, | 146 178 267 | 388 411 415 | 120 122 124 | ,Score: 0

D314m8.txt,0, | 293 313 317 | 143 147 175 | 281 293 296 | ,Score: 0

D315m6.txt,0, | 267 271 274 | 203 232 233 | 196 237 239 | ,Score: 0

D317m4.txt,0, | 288 321 324 | 281 287 293 | 177 182 261 | ,Score: 0

D318m3.txt,0, | 336 340 403 | 436 438 440 | 123 127 208 | ,Score: 0

D319m6.txt,0, | 134 193 215 | 393 440 441 | 147 179 262 | ,Score: 0

D320m3.txt,0, | 242 245 248 | 157 164 249 | 158 249 251 | ,Score: 0

D321m1.txt,0, | 311 317 318 | 157 235 250 | 123 127 135 | ,Score: 0

D322m0.txt,0, | 165 239 249 | 327 333 402 | 201 235 251 | ,Score: 0

D323m1.txt,0, | 194 241 244 | 193 194 242 | 242 243 244 | ,Score: 0

D324m6.txt,0, | 194 242 244 | 164 165 249 | 242 243 244 | ,Score: 0

D325m0.txt,0, | 292 299 311 | 157 235 250 | 126 130 196 | ,Score: 0

D326m0.txt,0, | 178 262 267 | 124 127 199 | 336 405 408 | ,Score: 0

D327m7.txt,0, | 125 132 196 | 178 261 264 | 336 403 405 | ,Score: 0

D328m3.txt,0, | 262 265 267 | 407 410 412 | 400 403 418 | ,Score: 0

D330m1.txt,0, | 201 237 251 | 334 337 407 | 123 135 139 | ,Score: 0

D331m0.txt,0, | 194 242 247 | 190 193 218 | 161 164 167 | ,Score: 0

D332m4.txt,0, | 178 262 266 | 337 340 403 | 121 123 137 | ,Score: 0

D333m4.txt,0, | 330 335 403 | 124 126 132 | 135 141 211 | ,Score: 0

D403m6.txt,0, | 146 178 267 | 289 293 321 | 339 408 415 | ,Score: 0

D407m5.txt,0, | 331 336 403 | 178 261 265 | 346 349 369 | ,Score: 0

D408m8.txt,0, | 241 242 245 | 147 175 178 | 197 241 248 | ,Score: 0

D409m5.txt,0, | 396 403 419 | 134 137 140 | 147 265 268 | ,Score: 0

D410mR.txt,0, | 157 161 164 | 157 165 249 | 157 164 249 | ,Score: 0

D413m2.txt,0, | 164 167 252 | 194 243 245 | 164 249 252 | ,Score: 0

D414m2.txt,0, | 336 339 403 | 268 273 274 | 177 262 267 | ,Score: 0

D421m7.txt,0, | 296 299 307 | 206 235 237 | 303 305 307 | ,Score: 0

D428m7.txt,0, | 228 232 261 | 290 442 444 | 327 396 402 | ,Score: 0

D430mR.txt,0, | 178 261 265 | 178 181 261 | 343 378 380 | ,Score: 0

D431m9.txt,0, | 136 213 215 | 228 232 261 | 149 267 274 | ,Score: 0

D438m9.txt,0, | 178 182 229 | 292 297 311 | 434 437 440 | ,Score: 0

D450m5.txt,0, | 156 233 235 | 296 301 307 | 123 127 208 | ,Score: 0

D453m0.txt,0, | 289 441 442 | 178 184 261 | 146 265 271 | ,Score: 0

D459m2.txt,0, | 169 194 219 | 164 167 169 | 163 166 251 | ,Score: 0

D462m1.txt,0, | 130 193 241 | 147 262 266 | 333 337 403 | ,Score: 0

D464m0.txt,0, | 146 178 267 | 122 141 143 | 228 259 262 | ,Score: 0

