M = 148 179 261 
201 208 226 | 146 150 178 | 261 263 265 | 146 178 267 | 122 208 224 | 148 262 266 | 144 147 177 | 178 182 261 | 147 178 266 | 201 205 228 | 146 150 178 | 229 259 261 | 229 259 261 | 146 178 265 | 178 261 265 | 146 178 265 | 274 278 303 | 120 122 124 | 183 259 261 | 147 178 263 | 145 178 267 | 146 175 178 | 177 182 261 | 178 262 267 | 231 232 261 | 146 267 271 | 146 178 267 | 143 147 175 | 267 271 274 | 203 232 233 | 146 178 266 | 179 182 261 | 178 262 267 | 256 258 261 | 146 178 267 | 177 182 261 | 121 123 137 | 146 178 267 | 181 229 262 | 146 178 266 | 147 175 178 | 146 178 266 | 177 262 267 | 201 208 226 | 228 232 261 | 178 261 265 | 149 177 261 | 178 182 229 | 178 184 261 | 146 265 271 | 178 261 265 | 122 141 143 | 

M = 288 325 396 
281 293 298 | 337 403 415 | 343 345 376 | 318 322 325 | 325 331 401 | 380 418 421 | 438 439 441 | 345 347 370 | 333 391 434 | 366 389 391 | 288 314 321 | 293 296 318 | 357 359 360 | 290 296 318 | 280 283 286 | 278 299 306 | 316 318 320 | 363 368 388 | 390 407 412 | 284 355 356 | 352 364 369 | 401 403 419 | 341 342 345 | 366 391 412 | 398 401 419 | 337 403 407 | 296 301 307 | 351 366 369 | 280 286 294 | 281 292 297 | 388 411 415 | 435 438 440 | 401 403 419 | 290 296 314 | 290 296 318 | 281 287 293 | 324 331 401 | 400 403 419 | 336 408 409 | 393 440 441 | 282 299 313 | 312 317 319 | 332 400 403 | 327 330 333 | 292 299 311 | 336 405 408 | 336 403 405 | 337 339 408 | 400 403 418 | 388 408 411 | 334 337 407 | 293 296 299 | 330 335 403 | 289 293 321 | 339 408 415 | 335 339 403 | 434 439 442 | 283 286 290 | 396 403 419 | 282 293 313 | 336 339 403 | 299 305 308 | 290 442 444 | 327 396 402 | 379 419 421 | 343 378 380 | 292 297 311 | 434 437 440 | 296 299 307 | 274 301 303 | 289 441 442 | 354 357 359 | 329 333 336 | 406 411 412 | 334 335 407 | 

M = 165 191 240 
124 127 211 | 123 127 208 | 201 235 251 | 165 168 191 | 164 165 249 | 165 167 168 | 124 126 207 | 124 128 135 | 190 194 219 | 194 242 243 | 165 190 194 | 123 127 208 | 157 164 249 | 164 165 167 | 124 127 135 | 126 130 196 | 123 127 134 | 196 244 247 | 158 162 251 | 157 164 249 | 161 164 167 | 157 164 249 | 240 245 248 | 123 127 208 | 124 138 212 | 196 237 239 | 197 237 248 | 124 135 138 | 158 163 250 | 157 161 164 | 194 243 245 | 196 237 239 | 123 127 208 | 242 245 248 | 157 165 249 | 157 164 249 | 157 235 237 | 156 235 249 | 194 241 243 | 193 194 219 | 164 165 167 | 194 242 244 | 194 242 243 | 164 165 249 | 157 235 250 | 123 127 135 | 124 127 199 | 125 132 196 | 125 130 135 | 190 194 219 | 161 164 167 | 158 159 162 | 126 130 197 | 132 138 211 | 157 165 249 | 157 158 161 | 157 161 164 | 164 165 249 | 194 243 245 | 164 249 252 | 196 242 244 | 196 245 248 | 136 213 215 | 135 140 216 | 201 237 253 | 169 194 219 | 163 166 169 | 123 127 134 | 

FREQUENCIES
178: 24
261: 17
164: 14
146: 14
403: 12
194: 11
249: 11
165: 11
157: 11
267: 10
127: 10
123: 8
124: 8
265: 7
296: 7
196: 7
208: 7
135: 6
299: 6
293: 6
419: 6
167: 5
401: 5
266: 5
290: 5
201: 5
318: 5
243: 5
242: 5
245: 5
336: 5
177: 5
182: 5
161: 5
408: 5
237: 5
147: 5
262: 5
219: 4
407: 4
248: 4
339: 4
337: 4
229: 4
158: 4
235: 4
126: 3
130: 3
138: 3
281: 3
286: 3
442: 3
415: 3
411: 3
190: 3
271: 3
391: 3
274: 3
396: 3
366: 3
440: 3
412: 3
441: 3
244: 3
388: 3
292: 3
434: 3
335: 3
333: 3
259: 3
175: 3
345: 3
400: 3
232: 3
325: 3
122: 3
211: 2
132: 2
134: 2
288: 2
405: 2
343: 2
280: 2
283: 2
282: 2
263: 2
421: 2
418: 2
313: 2
197: 2
191: 2
314: 2
278: 2
250: 2
226: 2
369: 2
301: 2
303: 2
307: 2
380: 2
240: 2
438: 2
439: 2
334: 2
331: 2
330: 2
179: 2
251: 2
289: 2
297: 2
311: 2
168: 2
169: 2
228: 2
162: 2
163: 2
150: 2
239: 2
321: 2
327: 2
143: 2
148: 2
357: 2
359: 2
125: 2
216: 1
215: 1
212: 1
137: 1
136: 1
213: 1
347: 1
341: 1
284: 1
287: 1
128: 1
379: 1
298: 1
370: 1
294: 1
376: 1
319: 1
199: 1
193: 1
393: 1
390: 1
398: 1
312: 1
140: 1
378: 1
368: 1
364: 1
363: 1
360: 1
308: 1
406: 1
305: 1
306: 1
247: 1
241: 1
389: 1
444: 1
437: 1
435: 1
252: 1
332: 1
258: 1
253: 1
256: 1
203: 1
183: 1
181: 1
184: 1
402: 1
342: 1
317: 1
316: 1
166: 1
224: 1
121: 1
409: 1
156: 1
159: 1
231: 1
233: 1
322: 1
320: 1
324: 1
329: 1
144: 1
145: 1
205: 1
207: 1
141: 1
149: 1
120: 1
356: 1
355: 1
354: 1
352: 1
351: 1
