D102m2.txt,0, | 281 293 298 | 201 208 226 | 124 127 211 | ,Score: 0

D106m3.txt,0, | 337 403 415 | 146 150 178 | 343 345 376 | ,Score: 0

D107m0.txt,0, | 318 322 325 | 123 127 208 | 201 235 251 | ,Score: 0

D110m2.txt,0, | 165 168 191 | 164 165 249 | 165 167 168 | ,Score: 0

D202m2.txt,0, | 124 126 207 | 325 331 401 | 380 418 421 | ,Score: 0

D203m5.txt,0, | 438 439 441 | 345 347 370 | 261 263 265 | ,Score: 0

D204m0.txt,0, | 146 178 267 | 333 391 434 | 122 208 224 | ,Score: 0

D206mR.txt,0, | 366 389 391 | 288 325 396 | 124 128 135 | ,Score: 0

D210m8.txt,0, | 288 314 321 | 148 262 266 | 144 147 177 | ,Score: 0

D214m3.txt,0, | 190 194 219 | 194 242 243 | 165 190 194 | ,Score: 0

D215m7.txt,0, | 178 182 261 | 293 296 318 | 123 127 208 | ,Score: 0

D216m1.txt,0, | 357 359 360 | 157 164 249 | 164 165 167 | ,Score: 0

D217m3.txt,0, | 290 296 318 | 147 178 266 | 201 205 228 | ,Score: 0

D218m7.txt,0, | 146 150 178 | 124 127 135 | 126 130 196 | ,Score: 0

D221m4.txt,0, | 123 127 134 | 229 259 261 | 280 283 286 | ,Score: 0

D222m6.txt,0, | 229 259 261 | 278 299 306 | 196 244 247 | ,Score: 0

D228m5.txt,0, | 158 162 251 | 157 164 249 | 161 164 167 | ,Score: 0

D229m1.txt,0, | 165 191 240 | 157 164 249 | 240 245 248 | ,Score: 0

D231m7.txt,0, | 316 318 320 | 363 368 388 | 148 179 261 | ,Score: 0

D239m5.txt,0, | 390 407 412 | 284 355 356 | 352 364 369 | ,Score: 0

D301m9.txt,0, | 146 178 265 | 401 403 419 | 123 127 208 | ,Score: 0

D302m1.txt,0, | 341 342 345 | 178 261 265 | 146 178 265 | ,Score: 0

D304m4.txt,0, | 274 278 303 | 120 122 124 | 183 259 261 | ,Score: 0

D305m1.txt,0, | 366 391 412 | 398 401 419 | 147 178 263 | ,Score: 0

D306m2.txt,0, | 124 138 212 | 145 178 267 | 196 237 239 | ,Score: 0

D307m2.txt,0, | 337 403 407 | 146 175 178 | 177 182 261 | ,Score: 0

D308m5.txt,0, | 197 237 248 | 296 301 307 | 178 262 267 | ,Score: 0

D310m9.txt,0, | 231 232 261 | 124 135 138 | 351 366 369 | ,Score: 0

D311m8.txt,0, | 146 267 271 | 280 286 294 | 281 292 297 | ,Score: 0

D312m9.txt,0, | 158 163 250 | 157 161 164 | 194 243 245 | ,Score: 0

D313m5.txt,0, | 146 178 267 | 388 411 415 | 435 438 440 | ,Score: 0

D314m8.txt,0, | 401 403 419 | 143 147 175 | 290 296 314 | ,Score: 0

D315m6.txt,0, | 267 271 274 | 203 232 233 | 196 237 239 | ,Score: 0

D317m4.txt,0, | 290 296 318 | 281 287 293 | 324 331 401 | ,Score: 0

D318m3.txt,0, | 400 403 419 | 123 127 208 | 336 408 409 | ,Score: 0

D319m6.txt,0, | 393 440 441 | 146 178 266 | 179 182 261 | ,Score: 0

D320m3.txt,0, | 242 245 248 | 157 165 249 | 157 164 249 | ,Score: 0

D321m1.txt,0, | 157 235 237 | 282 299 313 | 312 317 319 | ,Score: 0

D322m0.txt,0, | 156 235 249 | 332 400 403 | 327 330 333 | ,Score: 0

D323m1.txt,0, | 194 241 243 | 193 194 219 | 164 165 167 | ,Score: 0

D324m6.txt,0, | 194 242 244 | 194 242 243 | 164 165 249 | ,Score: 0

D325m0.txt,0, | 157 235 250 | 292 299 311 | 123 127 135 | ,Score: 0

D326m0.txt,0, | 178 262 267 | 124 127 199 | 336 405 408 | ,Score: 0

D327m7.txt,0, | 336 403 405 | 256 258 261 | 125 132 196 | ,Score: 0

D328m3.txt,0, | 337 339 408 | 400 403 418 | 388 408 411 | ,Score: 0

D330m1.txt,0, | 146 178 267 | 334 337 407 | 125 130 135 | ,Score: 0

D331m0.txt,0, | 190 194 219 | 161 164 167 | 158 159 162 | ,Score: 0

D332m4.txt,0, | 293 296 299 | 177 182 261 | 121 123 137 | ,Score: 0

D333m4.txt,0, | 126 130 197 | 330 335 403 | 132 138 211 | ,Score: 0

D403m6.txt,0, | 146 178 267 | 289 293 321 | 339 408 415 | ,Score: 0

D407m5.txt,0, | 335 339 403 | 181 229 262 | 146 178 266 | ,Score: 0

D408m8.txt,0, | 434 439 442 | 147 175 178 | 283 286 290 | ,Score: 0

D409m5.txt,0, | 396 403 419 | 282 293 313 | 146 178 266 | ,Score: 0

D410mR.txt,0, | 157 165 249 | 157 158 161 | 157 161 164 | ,Score: 0

D413m2.txt,0, | 164 165 249 | 194 243 245 | 164 249 252 | ,Score: 0

D414m2.txt,0, | 336 339 403 | 196 242 244 | 177 262 267 | ,Score: 0

D421m7.txt,0, | 201 208 226 | 299 305 308 | 196 245 248 | ,Score: 0

D428m7.txt,0, | 228 232 261 | 290 442 444 | 327 396 402 | ,Score: 0

D430mR.txt,0, | 178 261 265 | 379 419 421 | 343 378 380 | ,Score: 0

D431m9.txt,0, | 136 213 215 | 149 177 261 | 135 140 216 | ,Score: 0

D438m9.txt,0, | 178 182 229 | 292 297 311 | 434 437 440 | ,Score: 0

D450m5.txt,0, | 296 299 307 | 274 301 303 | 201 237 253 | ,Score: 0

D453m0.txt,0, | 178 184 261 | 289 441 442 | 146 265 271 | ,Score: 0

D459m2.txt,0, | 169 194 219 | 354 357 359 | 163 166 169 | ,Score: 0

D462m1.txt,0, | 123 127 134 | 329 333 336 | 406 411 412 | ,Score: 0

D464m0.txt,0, | 334 335 407 | 178 261 265 | 122 141 143 | ,Score: 0

