D102m2.txt,25, | 274 301 303 | 203 205 206 | 122 141 211 | ,Score: 48.206

D106m3.txt,20, | 391 438 440 | 146 150 269 | 338 339 376 | ,Score: 25.3222

D107m0.txt,22, | 335 336 339 | 123 124 126 | 146 265 271 | ,Score: 40.7146

D110m2.txt,7, | 164 165 168 | 164 165 249 | 165 167 168 | ,Score: 38.9503

D202m2.txt,16, | 229 259 261 | 438 439 440 | 377 379 380 | ,Score: 32.352

D203m5.txt,15, | 438 439 440 | 344 345 346 | 146 265 267 | ,Score: 25.6154

D204m0.txt,8, | 144 146 177 | 396 428 447 | 205 206 235 | ,Score: 21.547

D206mR.txt,17, | 387 388 409 | 288 292 320 | 122 123 208 | ,Score: 28.5451

D210m8.txt,15, | 324 325 401 | 146 147 268 | 135 136 141 | ,Score: 27.8945

D214m3.txt,7, | 190 194 219 | 194 242 243 | 164 165 167 | ,Score: 32.6342

D215m7.txt,23, | 146 178 179 | 316 318 322 | 126 206 208 | ,Score: 29.8503

D216m1.txt,4, | 357 358 359 | 164 165 249 | 164 165 167 | ,Score: 31.9228

D217m3.txt,19, | 288 293 313 | 147 178 180 | 205 206 228 | ,Score: 25.2587

D218m7.txt,20, | 259 261 262 | 135 136 141 | 126 130 197 | ,Score: 29.4663

D221m4.txt,20, | 123 124 127 | 146 265 266 | 283 284 286 | ,Score: 27.0447

D222m6.txt,21, | 229 232 261 | 299 303 309 | 126 127 196 | ,Score: 23.1952

D228m5.txt,8, | 157 158 163 | 242 243 245 | 162 164 165 | ,Score: 29.6585

D229m1.txt,6, | 165 240 248 | 164 165 249 | 242 245 248 | ,Score: 42.6378

D231m7.txt,19, | 315 318 320 | 391 438 440 | 178 181 261 | ,Score: 30.0547

D239m5.txt,18, | 439 440 441 | 178 180 181 | 360 362 364 | ,Score: 44.037

D301m9.txt,16, | 178 261 265 | 336 337 403 | 136 140 215 | ,Score: 24.1967

D302m1.txt,16, | 342 343 377 | 159 251 253 | 146 178 265 | ,Score: 23.6641

D304m4.txt,16, | 339 341 376 | 194 197 241 | 146 178 267 | ,Score: 23.0608

D305m1.txt,19, | 435 438 440 | 331 333 337 | 147 178 180 | ,Score: 25.4212

D306m2.txt,22, | 124 127 135 | 146 266 268 | 196 244 245 | ,Score: 41.5339

D307m2.txt,14, | 336 403 407 | 242 243 244 | 177 261 262 | ,Score: 19.336

D308m5.txt,24, | 126 206 208 | 291 296 297 | 146 266 268 | ,Score: 50.2584

D310m9.txt,20, | 299 306 308 | 122 123 135 | 343 345 346 | ,Score: 18.0812

D311m8.txt,20, | 146 267 268 | 330 336 403 | 293 296 297 | ,Score: 43.2318

D312m9.txt,12, | 164 165 249 | 164 165 167 | 194 242 245 | ,Score: 53.3203

D313m5.txt,17, | 146 266 267 | 410 411 412 | 356 357 359 | ,Score: 25.7854

D314m8.txt,19, | 326 329 334 | 147 178 180 | 281 284 290 | ,Score: 19.914

D315m6.txt,19, | 286 290 293 | 232 259 261 | 127 130 197 | ,Score: 26.2482

D317m4.txt,21, | 438 439 440 | 177 178 180 | 336 403 407 | ,Score: 39.2458

D318m3.txt,15, | 400 403 419 | 124 126 127 | 408 409 411 | ,Score: 17.0474

D319m6.txt,21, | 286 290 293 | 146 147 268 | 127 130 134 | ,Score: 23.3758

D320m3.txt,5, | 242 245 248 | 164 165 249 | 164 165 167 | ,Score: 32.3855

D321m1.txt,20, | 204 206 237 | 297 299 311 | 312 316 319 | ,Score: 27.8235

D322m0.txt,18, | 206 235 237 | 341 377 379 | 300 306 311 | ,Score: 26.076

D323m1.txt,5, | 242 243 244 | 193 194 219 | 164 165 167 | ,Score: 24.7679

D324m6.txt,4, | 194 242 244 | 194 242 243 | 164 165 249 | ,Score: 30.1671

D325m0.txt,21, | 196 245 248 | 293 297 300 | 146 265 268 | ,Score: 38.4657

D326m0.txt,18, | 146 178 265 | 126 127 208 | 400 401 419 | ,Score: 30.7351

D327m7.txt,21, | 341 342 379 | 146 178 264 | 242 243 244 | ,Score: 24.2871

D328m3.txt,12, | 336 337 409 | 146 266 268 | 408 409 410 | ,Score: 31.5331

D330m1.txt,19, | 146 266 268 | 326 329 334 | 205 206 235 | ,Score: 35.5138

D331m0.txt,8, | 242 243 247 | 164 165 167 | 158 159 162 | ,Score: 29.2117

D332m4.txt,19, | 318 319 322 | 146 147 266 | 136 137 139 | ,Score: 32.2966

D333m4.txt,18, | 124 126 127 | 330 335 403 | 146 147 178 | ,Score: 38.4543

D403m6.txt,10, | 266 267 268 | 289 293 321 | 339 341 415 | ,Score: 23.2629

D407m5.txt,13, | 336 339 403 | 178 261 265 | 193 218 219 | ,Score: 21.4205

D408m8.txt,16, | 438 440 442 | 178 181 182 | 286 290 293 | ,Score: 26.1099

D409m5.txt,16, | 341 377 379 | 313 318 320 | 146 265 268 | ,Score: 28.9319

D410mR.txt,4, | 164 165 249 | 157 158 161 | 157 161 164 | ,Score: 24.7861

D413m2.txt,11, | 164 165 249 | 242 243 245 | 164 165 252 | ,Score: 77.7632

D414m2.txt,16, | 396 401 403 | 242 243 244 | 146 267 268 | ,Score: 22.5198

D421m7.txt,23, | 156 158 251 | 305 307 311 | 127 130 197 | ,Score: 40.885

D428m7.txt,19, | 177 180 262 | 356 361 444 | 288 323 324 | ,Score: 24.247

D430mR.txt,15, | 178 181 261 | 435 438 440 | 377 379 380 | ,Score: 28.9674

D431m9.txt,15, | 124 127 208 | 231 258 261 | 140 141 142 | ,Score: 26.5762

D438m9.txt,12, | 119 120 122 | 283 290 292 | 434 438 440 | ,Score: 22.4406

D450m5.txt,21, | 303 305 308 | 146 178 266 | 206 235 237 | ,Score: 35.4881

D453m0.txt,15, | 158 250 251 | 438 440 441 | 146 265 270 | ,Score: 26.112

D459m2.txt,5, | 165 190 194 | 354 357 358 | 164 165 167 | ,Score: 27.1946

D462m1.txt,16, | 127 130 134 | 312 318 319 | 336 339 403 | ,Score: 22.6919

D464m0.txt,23, | 336 407 408 | 157 250 251 | 119 122 123 | ,Score: 25.2175

