M = 288 396 444 
281 293 297 | 292 298 311 | 337 403 415 | 391 436 440 | 296 300 307 | 322 325 329 | 401 403 419 | 435 438 441 | 438 439 441 | 345 347 370 | 333 390 407 | 396 427 447 | 366 389 391 | 288 325 396 | 296 314 317 | 288 317 324 | 357 359 360 | 291 313 318 | 282 290 297 | 280 283 286 | 434 436 441 | 316 318 320 | 363 368 388 | 401 403 419 | 390 407 412 | 352 356 360 | 401 403 419 | 341 342 345 | 385 388 408 | 391 440 443 | 337 403 407 | 296 301 307 | 351 366 369 | 281 292 297 | 280 286 294 | 388 412 415 | 388 408 411 | 290 296 314 | 295 313 318 | 290 296 318 | 287 321 324 | 336 340 403 | 393 440 441 | 311 317 318 | 292 311 318 | 327 333 402 | 292 299 311 | 336 405 408 | 336 403 405 | 337 403 407 | 388 408 411 | 334 337 407 | 293 296 299 | 330 335 403 | 339 403 407 | 331 336 403 | 346 349 369 | 434 440 443 | 396 403 419 | 336 339 403 | 299 305 308 | 433 440 443 | 343 378 380 | 324 327 396 | 292 297 311 | 434 437 440 | 296 301 307 | 289 441 442 | 333 337 403 | 

M = 197 241 248 
123 127 208 | 165 168 191 | 164 165 249 | 165 167 168 | 124 126 207 | 124 128 135 | 194 242 243 | 165 190 194 | 242 243 244 | 123 127 208 | 157 165 167 | 157 165 249 | 124 127 135 | 157 164 167 | 162 165 167 | 158 162 251 | 191 240 242 | 157 165 249 | 158 249 251 | 123 127 208 | 125 135 212 | 197 237 248 | 124 135 138 | 157 164 249 | 194 243 245 | 158 162 163 | 127 130 197 | 237 239 251 | 124 126 208 | 126 130 196 | 165 248 249 | 158 249 251 | 157 164 249 | 157 235 250 | 123 127 135 | 156 235 249 | 193 194 241 | 194 242 243 | 242 243 244 | 194 242 244 | 194 243 244 | 242 243 244 | 157 235 250 | 123 127 135 | 124 127 199 | 125 132 196 | 125 206 208 | 194 242 247 | 190 193 218 | 161 164 167 | 124 126 132 | 135 141 211 | 134 137 140 | 157 161 164 | 157 158 161 | 157 165 249 | 158 249 251 | 194 243 245 | 164 249 252 | 157 235 237 | 243 245 247 | 136 213 215 | 156 233 235 | 123 127 208 | 169 194 219 | 163 166 251 | 164 166 169 | 130 193 241 | 

M = 177 262 267 
201 208 226 | 146 150 178 | 261 263 265 | 143 177 224 | 148 262 266 | 201 208 226 | 177 182 261 | 178 261 265 | 229 259 262 | 146 150 178 | 145 265 267 | 229 232 261 | 275 302 306 | 229 232 261 | 148 179 261 | 146 178 265 | 178 261 265 | 233 234 259 | 274 278 303 | 183 259 261 | 120 122 124 | 147 178 263 | 145 178 267 | 182 228 262 | 175 267 273 | 146 175 178 | 178 262 267 | 231 232 261 | 146 267 271 | 146 178 267 | 143 147 175 | 267 271 274 | 177 182 261 | 179 261 265 | 143 146 147 | 178 262 267 | 256 258 261 | 262 265 267 | 142 144 146 | 177 182 261 | 146 178 266 | 146 178 267 | 146 266 267 | 178 261 265 | 147 265 268 | 140 212 220 | 124 208 226 | 228 232 261 | 178 261 265 | 228 259 262 | 178 182 229 | 178 184 261 | 146 265 271 | 147 262 265 | 146 178 267 | 228 232 261 | 122 141 143 | 

FREQUENCIES
261: 18
178: 18
403: 14
267: 14
146: 13
265: 12
249: 12
157: 12
262: 10
194: 10
165: 10
127: 9
243: 9
208: 9
124: 9
242: 8
164: 8
135: 7
296: 7
407: 6
123: 6
318: 6
440: 6
177: 6
251: 6
158: 6
167: 5
292: 5
311: 5
396: 5
441: 5
244: 5
388: 5
337: 5
336: 5
182: 5
235: 5
232: 5
147: 5
126: 4
419: 4
259: 4
297: 4
229: 4
228: 4
408: 4
143: 4
130: 3
226: 3
288: 3
401: 3
266: 3
299: 3
290: 3
193: 3
271: 3
391: 3
443: 3
307: 3
245: 3
241: 3
248: 3
434: 3
333: 3
175: 3
197: 3
317: 3
161: 3
162: 3
237: 3
324: 3
125: 3
212: 2
132: 2
405: 2
281: 2
280: 2
286: 2
263: 2
415: 2
360: 2
201: 2
313: 2
196: 2
191: 2
190: 2
314: 2
390: 2
274: 2
250: 2
140: 2
141: 2
369: 2
366: 2
411: 2
412: 2
301: 2
247: 2
293: 2
438: 2
436: 2
339: 2
179: 2
345: 2
168: 2
169: 2
166: 2
163: 2
150: 2
156: 2
233: 2
327: 2
325: 2
145: 2
148: 2
122: 2
215: 1
211: 1
218: 1
219: 1
137: 1
136: 1
138: 1
213: 1
347: 1
341: 1
343: 1
283: 1
282: 1
349: 1
287: 1
128: 1
442: 1
268: 1
363: 1
298: 1
370: 1
294: 1
295: 1
291: 1
199: 1
134: 1
393: 1
278: 1
378: 1
368: 1
302: 1
427: 1
308: 1
303: 1
300: 1
447: 1
305: 1
306: 1
240: 1
389: 1
444: 1
380: 1
439: 1
437: 1
435: 1
433: 1
252: 1
385: 1
335: 1
334: 1
331: 1
330: 1
258: 1
256: 1
289: 1
346: 1
183: 1
184: 1
340: 1
402: 1
342: 1
316: 1
224: 1
220: 1
273: 1
275: 1
239: 1
234: 1
231: 1
322: 1
320: 1
321: 1
329: 1
144: 1
142: 1
207: 1
206: 1
120: 1
357: 1
356: 1
352: 1
351: 1
359: 1
