D102m2.txt,0, | 201 208 226 | 281 293 297 | 292 298 311 | ,Score: 0

D106m3.txt,0, | 337 403 415 | 146 150 178 | 391 436 440 | ,Score: 0

D107m0.txt,0, | 296 300 307 | 322 325 329 | 123 127 208 | ,Score: 0

D110m2.txt,0, | 165 168 191 | 164 165 249 | 165 167 168 | ,Score: 0

D202m2.txt,0, | 401 403 419 | 124 126 207 | 435 438 441 | ,Score: 0

D203m5.txt,0, | 438 439 441 | 345 347 370 | 261 263 265 | ,Score: 0

D204m0.txt,0, | 333 390 407 | 143 177 224 | 396 427 447 | ,Score: 0

D206mR.txt,0, | 366 389 391 | 288 325 396 | 124 128 135 | ,Score: 0

D210m8.txt,0, | 296 314 317 | 288 317 324 | 148 262 266 | ,Score: 0

D214m3.txt,0, | 194 242 243 | 165 190 194 | 242 243 244 | ,Score: 0

D215m7.txt,0, | 201 208 226 | 177 182 261 | 123 127 208 | ,Score: 0

D216m1.txt,0, | 157 165 167 | 157 165 249 | 357 359 360 | ,Score: 0

D217m3.txt,0, | 178 261 265 | 291 313 318 | 282 290 297 | ,Score: 0

D218m7.txt,0, | 229 259 262 | 146 150 178 | 124 127 135 | ,Score: 0

D221m4.txt,0, | 145 265 267 | 229 232 261 | 280 283 286 | ,Score: 0

D222m6.txt,0, | 275 302 306 | 229 232 261 | 434 436 441 | ,Score: 0

D228m5.txt,0, | 157 164 167 | 162 165 167 | 158 162 251 | ,Score: 0

D229m1.txt,0, | 191 240 242 | 157 165 249 | 158 249 251 | ,Score: 0

D231m7.txt,0, | 316 318 320 | 363 368 388 | 148 179 261 | ,Score: 0

D239m5.txt,0, | 401 403 419 | 390 407 412 | 352 356 360 | ,Score: 0

D301m9.txt,0, | 401 403 419 | 146 178 265 | 123 127 208 | ,Score: 0

D302m1.txt,0, | 341 342 345 | 178 261 265 | 233 234 259 | ,Score: 0

D304m4.txt,0, | 274 278 303 | 183 259 261 | 120 122 124 | ,Score: 0

D305m1.txt,0, | 385 388 408 | 391 440 443 | 147 178 263 | ,Score: 0

D306m2.txt,0, | 145 178 267 | 182 228 262 | 125 135 212 | ,Score: 0

D307m2.txt,0, | 175 267 273 | 337 403 407 | 146 175 178 | ,Score: 0

D308m5.txt,0, | 197 237 248 | 296 301 307 | 178 262 267 | ,Score: 0

D310m9.txt,0, | 124 135 138 | 231 232 261 | 351 366 369 | ,Score: 0

D311m8.txt,0, | 281 292 297 | 280 286 294 | 146 267 271 | ,Score: 0

D312m9.txt,0, | 157 164 249 | 194 243 245 | 158 162 163 | ,Score: 0

D313m5.txt,0, | 146 178 267 | 388 412 415 | 388 408 411 | ,Score: 0

D314m8.txt,0, | 143 147 175 | 290 296 314 | 295 313 318 | ,Score: 0

D315m6.txt,0, | 267 271 274 | 127 130 197 | 237 239 251 | ,Score: 0

D317m4.txt,0, | 290 296 318 | 287 321 324 | 177 182 261 | ,Score: 0

D318m3.txt,0, | 336 340 403 | 124 126 208 | 126 130 196 | ,Score: 0

D319m6.txt,0, | 179 261 265 | 393 440 441 | 143 146 147 | ,Score: 0

D320m3.txt,0, | 165 248 249 | 158 249 251 | 157 164 249 | ,Score: 0

D321m1.txt,0, | 311 317 318 | 157 235 250 | 123 127 135 | ,Score: 0

D322m0.txt,0, | 156 235 249 | 292 311 318 | 327 333 402 | ,Score: 0

D323m1.txt,0, | 193 194 241 | 194 242 243 | 242 243 244 | ,Score: 0

D324m6.txt,0, | 194 242 244 | 194 243 244 | 242 243 244 | ,Score: 0

D325m0.txt,0, | 292 299 311 | 157 235 250 | 123 127 135 | ,Score: 0

D326m0.txt,0, | 178 262 267 | 124 127 199 | 336 405 408 | ,Score: 0

D327m7.txt,0, | 125 132 196 | 256 258 261 | 336 403 405 | ,Score: 0

D328m3.txt,0, | 337 403 407 | 262 265 267 | 388 408 411 | ,Score: 0

D330m1.txt,0, | 334 337 407 | 125 206 208 | 142 144 146 | ,Score: 0

D331m0.txt,0, | 194 242 247 | 190 193 218 | 161 164 167 | ,Score: 0

D332m4.txt,0, | 293 296 299 | 177 182 261 | 146 178 266 | ,Score: 0

D333m4.txt,0, | 330 335 403 | 124 126 132 | 135 141 211 | ,Score: 0

D403m6.txt,0, | 146 178 267 | 146 266 267 | 339 403 407 | ,Score: 0

D407m5.txt,0, | 331 336 403 | 178 261 265 | 346 349 369 | ,Score: 0

D408m8.txt,0, | 197 241 248 | 177 262 267 | 434 440 443 | ,Score: 0

D409m5.txt,0, | 396 403 419 | 134 137 140 | 147 265 268 | ,Score: 0

D410mR.txt,0, | 157 161 164 | 157 158 161 | 157 165 249 | ,Score: 0

D413m2.txt,0, | 158 249 251 | 194 243 245 | 164 249 252 | ,Score: 0

D414m2.txt,0, | 140 212 220 | 336 339 403 | 177 262 267 | ,Score: 0

D421m7.txt,0, | 157 235 237 | 299 305 308 | 124 208 226 | ,Score: 0

D428m7.txt,0, | 288 396 444 | 228 232 261 | 433 440 443 | ,Score: 0

D430mR.txt,0, | 178 261 265 | 243 245 247 | 343 378 380 | ,Score: 0

D431m9.txt,0, | 136 213 215 | 228 259 262 | 324 327 396 | ,Score: 0

D438m9.txt,0, | 178 182 229 | 292 297 311 | 434 437 440 | ,Score: 0

D450m5.txt,0, | 156 233 235 | 296 301 307 | 123 127 208 | ,Score: 0

D453m0.txt,0, | 178 184 261 | 289 441 442 | 146 265 271 | ,Score: 0

D459m2.txt,0, | 169 194 219 | 163 166 251 | 164 166 169 | ,Score: 0

D462m1.txt,0, | 130 193 241 | 147 262 265 | 333 337 403 | ,Score: 0

D464m0.txt,0, | 146 178 267 | 228 232 261 | 122 141 143 | ,Score: 0

