M = 125 132 196 
202 206 237 | 127 208 211 | 123 127 208 | 165 168 191 | 164 165 249 | 165 167 168 | 124 126 207 | 122 208 224 | 123 127 208 | 124 128 135 | 165 167 190 | 194 242 243 | 165 190 194 | 201 208 226 | 123 127 208 | 157 164 249 | 127 130 196 | 124 127 135 | 157 163 249 | 157 164 249 | 158 249 251 | 240 245 248 | 157 164 249 | 165 191 240 | 123 127 208 | 234 251 253 | 120 122 124 | 124 138 212 | 196 237 239 | 128 197 241 | 197 237 248 | 123 135 138 | 123 127 208 | 157 163 250 | 194 243 245 | 165 190 194 | 196 237 239 | 123 127 208 | 193 196 241 | 127 130 134 | 157 165 167 | 157 165 249 | 158 249 251 | 157 235 237 | 156 235 249 | 194 242 244 | 241 242 248 | 193 194 241 | 194 242 244 | 194 243 244 | 164 165 249 | 126 130 197 | 124 127 199 | 125 130 135 | 190 194 219 | 193 216 219 | 161 164 167 | 124 132 138 | 197 241 248 | 134 137 140 | 157 161 164 | 157 165 249 | 165 248 249 | 158 163 251 | 194 243 245 | 164 249 252 | 157 235 237 | 124 208 226 | 157 163 250 | 136 213 215 | 120 122 208 | 123 127 134 | 201 233 253 | 169 194 219 | 163 166 169 | 123 127 134 | 122 141 143 | 

M = 288 396 443 
281 293 298 | 337 403 415 | 322 325 329 | 325 331 401 | 380 418 421 | 345 347 370 | 438 439 441 | 366 389 391 | 288 325 396 | 324 400 401 | 314 317 321 | 358 359 360 | 357 359 360 | 364 368 370 | 435 438 441 | 279 291 296 | 280 283 286 | 434 436 441 | 363 387 391 | 352 356 444 | 352 364 369 | 401 403 419 | 341 342 345 | 366 391 412 | 398 401 419 | 337 403 407 | 296 301 307 | 351 366 369 | 330 336 403 | 278 284 294 | 357 358 454 | 388 411 415 | 290 296 314 | 436 438 441 | 281 287 292 | 336 403 406 | 437 439 441 | 336 340 403 | 393 440 441 | 282 299 313 | 312 317 319 | 327 333 402 | 342 346 375 | 292 299 311 | 341 375 378 | 336 405 408 | 336 403 405 | 407 410 412 | 400 403 418 | 334 337 407 | 296 300 307 | 337 340 403 | 330 335 403 | 289 293 321 | 339 408 415 | 335 339 403 | 434 440 443 | 396 403 419 | 401 403 418 | 336 339 403 | 299 305 308 | 379 419 421 | 343 378 380 | 290 293 296 | 296 301 307 | 289 441 442 | 354 357 359 | 325 329 333 | 333 337 403 | 

M = 177 262 267 
177 261 265 | 150 268 273 | 146 265 271 | 261 263 265 | 146 178 267 | 148 262 266 | 177 182 261 | 146 150 178 | 145 265 267 | 229 232 261 | 275 302 306 | 229 232 261 | 178 260 263 | 147 179 263 | 179 261 265 | 146 178 265 | 178 261 265 | 274 278 303 | 183 259 261 | 147 178 263 | 145 178 267 | 145 178 267 | 178 262 267 | 146 267 271 | 146 178 267 | 143 147 175 | 267 271 274 | 232 258 261 | 146 178 266 | 178 262 267 | 256 258 261 | 262 265 267 | 146 178 267 | 177 182 261 | 147 262 267 | 146 178 267 | 181 229 262 | 146 178 266 | 147 265 268 | 177 182 261 | 178 261 265 | 231 233 257 | 178 182 229 | 178 184 261 | 146 265 271 | 146 178 267 | 228 232 261 | 

FREQUENCIES
178: 19
267: 17
403: 15
261: 15
127: 13
249: 13
165: 12
157: 12
146: 12
265: 11
194: 11
208: 11
123: 9
262: 9
164: 8
124: 8
441: 7
177: 7
336: 6
296: 6
237: 6
401: 5
196: 5
241: 5
248: 5
337: 5
163: 5
147: 5
130: 4
135: 4
263: 4
134: 4
197: 4
190: 4
271: 4
243: 4
242: 4
419: 4
251: 4
182: 4
229: 4
167: 4
232: 4
325: 4
122: 4
219: 3
138: 3
407: 3
266: 3
415: 3
299: 3
418: 3
293: 3
193: 3
391: 3
396: 3
366: 3
244: 3
307: 3
245: 3
438: 3
339: 3
333: 3
145: 3
158: 3
235: 3
357: 3
359: 3
132: 2
288: 2
341: 2
400: 2
281: 2
421: 2
126: 2
128: 2
268: 2
370: 2
290: 2
201: 2
191: 2
314: 2
274: 2
278: 2
378: 2
443: 2
369: 2
364: 2
360: 2
440: 2
412: 2
301: 2
380: 2
240: 2
292: 2
439: 2
436: 2
434: 2
335: 2
330: 2
258: 2
179: 2
253: 2
250: 2
289: 2
345: 2
405: 2
340: 2
342: 2
317: 2
168: 2
169: 2
226: 2
161: 2
408: 2
150: 2
239: 2
233: 2
375: 2
321: 2
329: 2
143: 2
125: 2
120: 2
352: 2
358: 2
216: 1
215: 1
212: 1
211: 1
137: 1
136: 1
213: 1
224: 1
346: 1
347: 1
280: 1
283: 1
282: 1
284: 1
287: 1
286: 1
454: 1
442: 1
363: 1
379: 1
410: 1
411: 1
298: 1
294: 1
291: 1
319: 1
199: 1
393: 1
273: 1
279: 1
313: 1
398: 1
175: 1
140: 1
141: 1
368: 1
302: 1
308: 1
406: 1
300: 1
303: 1
305: 1
306: 1
444: 1
388: 1
389: 1
437: 1
435: 1
252: 1
334: 1
387: 1
331: 1
259: 1
256: 1
257: 1
183: 1
181: 1
184: 1
312: 1
311: 1
402: 1
343: 1
228: 1
166: 1
354: 1
275: 1
156: 1
234: 1
231: 1
322: 1
327: 1
324: 1
202: 1
207: 1
206: 1
148: 1
356: 1
260: 1
351: 1
