D102m2.txt,0, | 281 293 298 | 202 206 237 | 127 208 211 | ,Score: 0

D106m3.txt,0, | 337 403 415 | 177 261 265 | 150 268 273 | ,Score: 0

D107m0.txt,0, | 123 127 208 | 146 265 271 | 322 325 329 | ,Score: 0

D110m2.txt,0, | 165 168 191 | 164 165 249 | 165 167 168 | ,Score: 0

D202m2.txt,0, | 124 126 207 | 325 331 401 | 380 418 421 | ,Score: 0

D203m5.txt,0, | 345 347 370 | 438 439 441 | 261 263 265 | ,Score: 0

D204m0.txt,0, | 146 178 267 | 122 208 224 | 123 127 208 | ,Score: 0

D206mR.txt,0, | 366 389 391 | 288 325 396 | 124 128 135 | ,Score: 0

D210m8.txt,0, | 324 400 401 | 148 262 266 | 314 317 321 | ,Score: 0

D214m3.txt,0, | 165 167 190 | 194 242 243 | 165 190 194 | ,Score: 0

D215m7.txt,0, | 201 208 226 | 177 182 261 | 123 127 208 | ,Score: 0

D216m1.txt,0, | 157 164 249 | 358 359 360 | 357 359 360 | ,Score: 0

D217m3.txt,0, | 364 368 370 | 435 438 441 | 279 291 296 | ,Score: 0

D218m7.txt,0, | 146 150 178 | 127 130 196 | 124 127 135 | ,Score: 0

D221m4.txt,0, | 145 265 267 | 229 232 261 | 280 283 286 | ,Score: 0

D222m6.txt,0, | 275 302 306 | 229 232 261 | 434 436 441 | ,Score: 0

D228m5.txt,0, | 157 163 249 | 157 164 249 | 158 249 251 | ,Score: 0

D229m1.txt,0, | 240 245 248 | 157 164 249 | 165 191 240 | ,Score: 0

D231m7.txt,0, | 178 260 263 | 147 179 263 | 363 387 391 | ,Score: 0

D239m5.txt,0, | 352 356 444 | 179 261 265 | 352 364 369 | ,Score: 0

D301m9.txt,0, | 401 403 419 | 146 178 265 | 123 127 208 | ,Score: 0

D302m1.txt,0, | 341 342 345 | 178 261 265 | 234 251 253 | ,Score: 0

D304m4.txt,0, | 274 278 303 | 120 122 124 | 183 259 261 | ,Score: 0

D305m1.txt,0, | 366 391 412 | 398 401 419 | 147 178 263 | ,Score: 0

D306m2.txt,0, | 124 138 212 | 145 178 267 | 196 237 239 | ,Score: 0

D307m2.txt,0, | 337 403 407 | 128 197 241 | 145 178 267 | ,Score: 0

D308m5.txt,0, | 197 237 248 | 296 301 307 | 178 262 267 | ,Score: 0

D310m9.txt,0, | 351 366 369 | 123 135 138 | 123 127 208 | ,Score: 0

D311m8.txt,0, | 146 267 271 | 330 336 403 | 278 284 294 | ,Score: 0

D312m9.txt,0, | 157 163 250 | 194 243 245 | 165 190 194 | ,Score: 0

D313m5.txt,0, | 357 358 454 | 146 178 267 | 388 411 415 | ,Score: 0

D314m8.txt,0, | 143 147 175 | 290 296 314 | 436 438 441 | ,Score: 0

D315m6.txt,0, | 267 271 274 | 232 258 261 | 196 237 239 | ,Score: 0

D317m4.txt,0, | 281 287 292 | 336 403 406 | 437 439 441 | ,Score: 0

D318m3.txt,0, | 336 340 403 | 123 127 208 | 193 196 241 | ,Score: 0

D319m6.txt,0, | 127 130 134 | 393 440 441 | 146 178 266 | ,Score: 0

D320m3.txt,0, | 157 165 167 | 157 165 249 | 158 249 251 | ,Score: 0

D321m1.txt,0, | 157 235 237 | 282 299 313 | 312 317 319 | ,Score: 0

D322m0.txt,0, | 156 235 249 | 327 333 402 | 342 346 375 | ,Score: 0

D323m1.txt,0, | 194 242 244 | 241 242 248 | 193 194 241 | ,Score: 0

D324m6.txt,0, | 194 242 244 | 194 243 244 | 164 165 249 | ,Score: 0

D325m0.txt,0, | 126 130 197 | 292 299 311 | 341 375 378 | ,Score: 0

D326m0.txt,0, | 178 262 267 | 124 127 199 | 336 405 408 | ,Score: 0

D327m7.txt,0, | 336 403 405 | 256 258 261 | 125 132 196 | ,Score: 0

D328m3.txt,0, | 262 265 267 | 407 410 412 | 400 403 418 | ,Score: 0

D330m1.txt,0, | 146 178 267 | 334 337 407 | 125 130 135 | ,Score: 0

D331m0.txt,0, | 190 194 219 | 193 216 219 | 161 164 167 | ,Score: 0

D332m4.txt,0, | 296 300 307 | 177 182 261 | 337 340 403 | ,Score: 0

D333m4.txt,0, | 330 335 403 | 124 132 138 | 147 262 267 | ,Score: 0

D403m6.txt,0, | 146 178 267 | 289 293 321 | 339 408 415 | ,Score: 0

D407m5.txt,0, | 181 229 262 | 335 339 403 | 146 178 266 | ,Score: 0

D408m8.txt,0, | 434 440 443 | 197 241 248 | 177 262 267 | ,Score: 0

D409m5.txt,0, | 396 403 419 | 134 137 140 | 147 265 268 | ,Score: 0

D410mR.txt,0, | 157 161 164 | 157 165 249 | 165 248 249 | ,Score: 0

D413m2.txt,0, | 158 163 251 | 194 243 245 | 164 249 252 | ,Score: 0

D414m2.txt,0, | 401 403 418 | 336 339 403 | 177 262 267 | ,Score: 0

D421m7.txt,0, | 157 235 237 | 299 305 308 | 124 208 226 | ,Score: 0

D428m7.txt,0, | 157 163 250 | 288 396 443 | 177 182 261 | ,Score: 0

D430mR.txt,0, | 178 261 265 | 379 419 421 | 343 378 380 | ,Score: 0

D431m9.txt,0, | 231 233 257 | 136 213 215 | 177 262 267 | ,Score: 0

D438m9.txt,0, | 178 182 229 | 120 122 208 | 290 293 296 | ,Score: 0

D450m5.txt,0, | 123 127 134 | 296 301 307 | 201 233 253 | ,Score: 0

D453m0.txt,0, | 289 441 442 | 178 184 261 | 146 265 271 | ,Score: 0

D459m2.txt,0, | 169 194 219 | 354 357 359 | 163 166 169 | ,Score: 0

D462m1.txt,0, | 123 127 134 | 325 329 333 | 333 337 403 | ,Score: 0

D464m0.txt,0, | 146 178 267 | 228 232 261 | 122 141 143 | ,Score: 0

