146 178 266 
146 266 268 
146 147 266 
178 262 266 
147 262 266 
147 178 266 
147 266 268 
266 268 272 
146 147 178 
146 177 178 
146 147 268 
146 147 177 
193 194 219 
190 194 219 
194 219 220 
217 218 219 
190 217 219 
217 219 220 
193 218 219 
190 193 219 
134 193 219 
193 219 220 
190 218 219 
218 219 220 
190 219 220 
180 182 262 
178 180 262 
147 180 262 
177 180 262 
178 180 182 
177 180 182 
147 178 180 
177 178 180 
147 177 180 
178 182 262 
182 230 262 
182 261 262 
182 229 262 
177 182 262 
147 178 262 
178 261 262 
178 229 262 
177 178 262 
147 177 262 
230 261 262 
229 230 262 
229 261 262 
177 261 262 
164 165 167 
119 120 121 
119 121 123 
119 121 122 
120 121 123 
120 121 122 
121 123 137 
121 122 137 
121 122 123 
165 190 194 
190 193 194 
193 194 220 
190 194 220 
178 182 261 
178 182 229 
177 178 182 
182 230 261 
182 229 230 
182 229 261 
177 182 261 
147 177 178 
178 229 261 
177 178 261 
165 167 190 
318 319 322 
357 359 360 
123 136 137 
134 136 137 
123 134 136 
297 300 301 
296 297 300 
297 299 300 
296 297 301 
297 299 301 
296 297 299 
190 217 218 
217 218 220 
190 217 220 
190 193 218 
193 218 220 
190 193 220 
296 300 301 
299 300 301 
300 301 303 
296 299 300 
299 300 303 
299 301 305 
301 303 305 
296 299 301 
299 301 303 
119 120 123 
119 120 122 
119 122 123 
120 122 123 
190 218 220 
123 134 137 
122 123 137 
299 303 305 
229 230 261 
