248mGLU: 01,05,13,14,18,19,22,28|8|5.9608
245mGLU: 01,05,13,14,18,22,28|7|4.6777
245mSER: 01,05,13,14,18,22,28|7|2.3566
245mASN: 01,05,13,14,18,22,28|7|2.9601
245mGLY: 01,05,13,14,18,22,28|7|3.156
245mTHR: 01,05,13,14,18,22,28|7|3.0378
239mGLU: 01,13,18,19,28,29|6|2.1914
242mTHR: 01,05,14,15,22,28|6|4.6108
242mGLU: 01,05,14,15,22,28|6|5.0732
244mGLU: 01,13,14,15,18,22|6|2.6722
244mCYS: 01,13,14,15,18,22|6|3.3804
244mGLY: 01,13,14,15,18,22|6|1.5163
244mLEU: 01,13,14,15,18,22|6|2.0765
244mVAL: 01,13,14,15,18,22|6|1.2477
165mGLN: 05,14,15,22,28|5|3.0601
197mGLY: 01,13,18,19,29|5|2.4878
165mALA: 05,14,15,22,28|5|3.2727
165mTRP: 05,14,15,22,28|5|2.413
249mASP: 01,05,14,22,28|5|3.3526
158mSER: 01,05,22,28,29|5|1.8266
164mGLU: 05,14,15,22,28|5|2.5162
249mTRP: 01,05,14,22,28|5|1.391
165mMET: 05,14,15,22,28|5|2.5809
197mCYS: 01,13,18,19,29|5|3.5728
249mASN: 01,05,14,22,28|5|1.697
249mILE: 01,05,14,22,28|5|1.8291
165mCYS: 05,14,15,22,28|5|5.4708
197mGLU: 01,13,18,19,29|5|4.2274
161mGLU: 01,05,14,22,28|5|1.0041
249mVAL: 01,05,14,22,28|5|2.0109
164mCYS: 05,14,15,22,28|5|4.4051
165mASP: 05,14,15,22,28|5|3.3547
165mGLU: 05,14,15,22,28|5|4.7405
165mTHR: 05,14,15,22,28|5|3.9747
249mLEU: 01,05,14,22,28|5|2.128
165mPRO: 05,14,15,22,28|5|2.3125
165mGLY: 05,14,15,22,28|5|2.6201
165mLEU: 05,14,15,22,28|5|3.8263
249mALA: 01,05,14,22,28|5|2.4636
165mILE: 05,14,15,22,28|5|3.1264
197mILE: 01,13,18,19,29|5|2.6642
197mSER: 01,13,18,19,29|5|2.1011
249mTHR: 01,05,14,22,28|5|2.8192
158mGLU: 01,05,22,28,29|5|2.7797
249mPHE: 01,05,14,22,28|5|1.3485
197mASP: 01,13,18,19,29|5|2.7822
165mHIS: 05,14,15,22,28|5|1.1593
249mGLY: 01,05,14,22,28|5|2.4112
165mSER: 05,14,15,22,28|5|1.6982
158mGLY: 01,05,22,28,29|5|2.138
249mGLN: 01,05,14,22,28|5|2.3647
249mSER: 01,05,14,22,28|5|1.8643
249mGLU: 01,05,14,22,28|5|3.6842
197mVAL: 01,13,18,19,29|5|2.8331
197mALA: 01,13,18,19,29|5|2.8776
157mGLU: 01,05,22,28|4|2.7142
251mTRP: 01,05,22,28|4|1.7497
251mGLN: 01,05,22,28|4|2.7567
206mGLY: 01,13,19,29|4|1.9175
157mGLN: 01,05,22,28|4|1.131
251mSER: 01,05,22,28|4|3.2817
206mALA: 01,13,19,29|4|1.4593
206mGLU: 01,13,19,29|4|3.0155
196mHIS: 01,13,18,29|4|1.5191
206mVAL: 01,13,19,29|4|1.1529
251mGLY: 01,05,22,28|4|3.891
126mGLU: 13,18,19,29|4|3.605
205mSER: 01,13,19,29|4|1.4347
206mSER: 01,13,19,29|4|1.8954
251mPRO: 01,05,22,28|4|1.1065
157mGLY: 01,05,22,28|4|1.757
206mTHR: 01,13,19,29|4|2.0329
251mTHR: 01,05,22,28|4|3.3461
196mASP: 01,13,18,29|4|1.5388
196mALA: 01,13,18,29|4|1.8605
243mGLU: 05,14,15,22|4|1.8876
196mMET: 01,13,18,29|4|1.891
157mTHR: 01,05,22,28|4|1.8492
206mASN: 01,13,19,29|4|1.5553
196mGLU: 01,13,18,29|4|2.1736
251mALA: 01,05,22,28|4|3.0279
196mSER: 01,13,18,29|4|1.4763
251mVAL: 01,05,22,28|4|2.9495
205mGLY: 01,13,19,29|4|2.2151
196mVAL: 01,13,18,29|4|1.9093
251mCYS: 01,05,22,28|4|2.3605
204mGLU: 01,19,28,29|4|1.9387
251mMET: 01,05,22,28|4|2.2143
157mSER: 01,05,22,28|4|1.6459
206mLEU: 01,13,19,29|4|1.1429
196mILE: 01,13,18,29|4|1.8541
196mLEU: 01,13,18,29|4|2.0613
157mMET: 01,05,22,28|4|1.0084
205mALA: 01,13,19,29|4|1.0577
124mCYS: 13,18,19,29|4|1.1548
163mCYS: 05,14,22,28|4|1.4544
196mGLY: 01,13,18,29|4|1.9355
157mASN: 01,05,22,28|4|1.2615
157mVAL: 01,05,22,28|4|1.5387
124mGLU: 13,18,19,29|4|1.9058
251mHIS: 01,05,22,28|4|2.4403
196mPHE: 01,13,18,29|4|1.6874
251mGLU: 01,05,22,28|4|4.6885
251mLEU: 01,05,22,28|4|2.7162
251mASN: 01,05,22,28|4|2.9469
251mASP: 01,05,22,28|4|3.4604
127mTHR: 13,18,19|3|2.3963
201mTRP: 01,19,29|3|1.102
201mASN: 01,19,29|3|1.2956
201mGLY: 01,19,29|3|1.6873
201mLEU: 01,19,29|3|1.2802
201mALA: 01,19,29|3|1.2346
127mGLU: 13,18,19|3|2.4314
123mTHR: 13,18,19|3|1.3311
123mGLU: 13,18,19|3|2.0307
201mVAL: 01,19,29|3|1.3245
201mASP: 01,19,29|3|1.2781
201mHIS: 01,19,29|3|1.6267
201mSER: 01,19,29|3|1.5293
123mASP: 13,18,19|3|1.1118
135mGLU: 13,18,19|3|1.5349
201mTHR: 01,19,29|3|1.6407
123mCYS: 13,18,19|3|1.506
201mGLN: 01,19,29|3|1.4782
201mGLU: 01,19,29|3|1.8548
201mMET: 01,19,29|3|1.577
