136mALA: 03,06,07,12,16,20,24,26|8|8.7204
136mLYS: 03,06,07,12,16,20,24,26|8|5.9102
136mGLY: 03,06,07,12,16,20,24,26|8|5.0628
136mILE: 03,06,07,12,16,20,24,26|8|3.408
138mALA: 03,06,07,12,14,16,20,24|8|1.0309
122mSER: 03,07,14,18,19,20,24|7|2.486
122mALA: 03,07,14,18,19,20,24|7|1.4908
122mGLY: 03,07,14,18,19,20,24|7|2.6523
122mLYS: 03,07,14,18,19,20,24|7|1.0624
180mALA: 02,06,11,13,19,20,24|7|2.0478
122mGLU: 03,07,14,18,19,20,24|7|2.0881
122mGLN: 03,07,14,18,19,20,24|7|1.6342
122mTHR: 03,07,14,18,19,20,24|7|2.0755
122mTRP: 03,07,14,18,19,20,24|7|1.2686
122mLEU: 03,07,14,18,19,20,24|7|1.4026
146mTHR: 02,06,11,19,20,24|6|5.0664
146mGLY: 02,06,11,19,20,24|6|6.6196
146mLYS: 02,06,11,19,20,24|6|5.7762
139mGLU: 03,06,16,20,24,26|6|1.7923
146mLEU: 02,06,11,19,20,24|6|3.0216
146mGLU: 02,06,11,19,20,24|6|6.8543
146mSER: 02,06,11,19,20,24|6|5.8794
146mALA: 02,06,11,19,20,24|6|6.2841
146mASP: 02,06,11,19,20,24|6|5.4439
178mSER: 06,11,13,19,24|5|2.0944
130mLYS: 07,12,14,16,26|5|1.3117
130mGLY: 07,12,14,16,26|5|1.2917
130mALA: 07,12,14,16,26|5|1.5844
178mGLU: 06,11,13,19,24|5|1.983
130mASP: 07,12,14,16,26|5|1.0431
178mTHR: 06,11,13,19,24|5|1.7984
178mASN: 06,11,13,19,24|5|2.137
130mSER: 07,12,14,16,26|5|1.4583
141mALA: 03,06,19,20,24|5|1.9246
127mTHR: 07,12,14,18|4|4.513
127mCYS: 07,12,14,18|4|8.3395
127mGLY: 07,12,14,18|4|3.7654
123mGLN: 07,12,14,18|4|1.8136
268mGLU: 02,11,20,24|4|1.1045
123mLYS: 07,12,14,18|4|2.1851
177mGLU: 06,11,19,24|4|1.4134
123mGLU: 07,12,14,18|4|2.9247
124mSER: 07,12,14,18|4|1.4058
124mGLU: 07,12,14,18|4|1.9707
127mALA: 07,12,14,18|4|5.4016
267mTHR: 02,11,20,24|4|1.2162
177mTHR: 06,11,19,24|4|1.2094
267mGLU: 02,11,20,24|4|1.8797
127mGLU: 07,12,14,18|4|4.6527
123mTHR: 07,12,14,18|4|2.7957
123mGLY: 07,12,14,18|4|3.4315
126mGLY: 07,12,14,18|4|1.2805
267mLYS: 02,11,20,24|4|1.9464
134mALA: 03,07,16,26|4|1.7813
267mALA: 02,11,20,24|4|2.3134
267mSER: 02,11,20,24|4|1.6359
127mASN: 07,12,14,18|4|3.215
126mLYS: 07,12,14,18|4|1.3739
123mASP: 07,12,14,18|4|1.9438
127mILE: 07,12,14,18|4|2.1791
123mSER: 07,12,14,18|4|3.0993
267mGLY: 02,11,20,24|4|1.8739
123mCYS: 07,12,14,18|4|2.1082
123mILE: 07,12,14,18|4|1.6151
127mLYS: 07,12,14,18|4|4.7031
177mASN: 06,11,19,24|4|1.5062
126mGLU: 07,12,14,18|4|2.49
177mSER: 06,11,19,24|4|1.4526
123mLEU: 07,12,14,18|4|2.689
123mHIS: 07,12,14,18|4|3.0506
127mSER: 07,12,14,18|4|2.6844
216mGLU: 03,16,20,26|4|1.2544
123mALA: 07,12,14,18|4|3.1304
267mASP: 02,11,20,24|4|1.888
127mASP: 07,12,14,18|4|5.0735
124mTHR: 07,12,14,18|4|1.1504
204mVAL: 13,18,27|3|1.4525
419mLYS: 17,22,28|3|1.2627
408mTHR: 05,23,29|3|1.0538
288mHIS: 17,22,28|3|1.6551
196mALA: 07,12,14|3|1.8018
204mTHR: 13,18,27|3|1.7954
347mALA: 15,23,29|3|3.5286
336mSER: 05,08,25|3|1.4003
288mSER: 17,22,28|3|1.1261
316mLYS: 17,22,28|3|1.5784
196mGLY: 07,12,14|3|1.773
316mALA: 17,22,28|3|1.9446
217mGLY: 03,16,26|3|1.3043
336mGLU: 05,08,25|3|1.4486
288mMET: 17,22,28|3|1.2161
326mALA: 01,10,25|3|1.0375
347mCYS: 15,23,29|3|4.4108
196mSER: 07,12,14|3|1.7506
204mLYS: 13,18,27|3|1.8969
204mSER: 13,18,27|3|1.7397
288mGLY: 17,22,28|3|1.1746
204mGLY: 13,18,27|3|1.2319
345mCYS: 05,15,23|3|1.3563
400mTHR: 17,22,28|3|1.0635
337mGLU: 05,08,25|3|1.1355
316mGLY: 17,22,28|3|1.2775
196mASP: 07,12,14|3|1.1029
244mGLU: 07,16,26|3|1.7275
316mTHR: 17,22,28|3|1.6207
400mGLU: 17,22,28|3|1.1496
343mCYS: 05,08,15|3|2.1804
316mGLU: 17,22,28|3|1.8664
439mCYS: 01,10,25|3|1.705
343mALA: 05,08,15|3|1.8659
428mALA: 17,22,28|3|1.0485
196mLEU: 07,12,14|3|1.0083
217mSER: 03,16,26|3|1.128
308mGLU: 10,17,22|3|1.0656
245mHIS: 12,14,26|3|1.0083
408mSER: 05,23,29|3|1.1479
316mSER: 17,22,28|3|1.3562
347mLYS: 15,23,29|3|2.1324
377mGLY: 05,08,28|3|1.2319
428mTHR: 17,22,28|3|1.1451
336mGLY: 05,08,25|3|1.4787
345mALA: 05,15,23|3|1.4093
288mASN: 17,22,28|3|1.1089
204mALA: 13,18,27|3|1.8505
428mSER: 17,22,28|3|1.111
217mLYS: 03,16,26|3|1.2445
196mLYS: 07,12,14|3|1.2354
408mGLY: 05,23,29|3|1.2106
204mLEU: 13,18,27|3|1.0507
