411mGLU: 00,02,07,13,20,24,27|7|4.1187
410mTHR: 00,02,07,13,20,24,27|7|3.1487
410mGLU: 00,02,07,13,20,24,27|7|4.3882
268mALA: 01,03,10,11,21,22|6|2.3203
146mGLY: 01,03,10,11,21,22|6|4.8555
146mTHR: 01,03,10,11,21,22|6|3.7602
266mGLU: 01,03,10,18,21,22|6|1.481
408mALA: 00,02,07,13,20,27|6|2.0684
146mHIS: 01,03,10,11,21,22|6|2.0164
146mILE: 01,03,10,11,21,22|6|1.7968
146mGLU: 01,03,10,11,21,22|6|4.0238
146mSER: 01,03,10,11,21,22|6|3.2399
146mALA: 01,03,10,11,21,22|6|4.3687
345mGLY: 00,07,14,20,27|5|1.2415
337mVAL: 00,02,20,24,27|5|1.3247
242mGLN: 12,16,17,19,23|5|1.7139
267mTHR: 01,03,10,11,22|5|2.3958
242mSER: 12,16,17,19,23|5|2.7085
337mASP: 00,02,20,24,27|5|1.1056
267mGLU: 01,03,10,11,22|5|2.701
242mGLY: 12,16,17,19,23|5|3.5815
337mLEU: 00,02,20,24,27|5|1.7521
337mGLY: 00,02,20,24,27|5|2.7085
242mLEU: 12,16,17,19,23|5|1.3143
337mALA: 00,02,20,24,27|5|2.0249
242mALA: 12,16,17,19,23|5|3.0311
120mGLY: 03,11,15,21,22|5|1.2076
119mGLY: 03,11,15,21,22|5|1.989
337mSER: 00,02,20,24,27|5|2.3507
242mMET: 12,16,17,19,23|5|1.0126
337mGLU: 00,02,20,24,27|5|1.7561
242mVAL: 12,16,17,19,23|5|1.6399
242mASP: 12,16,17,19,23|5|1.3265
267mALA: 01,03,10,11,22|5|2.2557
267mSER: 01,03,10,11,22|5|2.2179
337mHIS: 00,02,20,24,27|5|2.7068
337mMET: 00,02,20,24,27|5|2.3119
337mLYS: 00,02,20,24,27|5|1.3771
412mGLU: 02,07,13,20,24|5|2.3965
267mGLY: 01,03,10,11,22|5|2.6993
242mHIS: 12,16,17,19,23|5|2.3985
267mLEU: 01,03,10,11,22|5|1.282
415mHIS: 00,02,07,20,27|5|1.1196
242mASN: 12,16,17,19,23|5|2.9279
242mTHR: 12,16,17,19,23|5|3.3756
267mASP: 01,03,10,11,22|5|1.726
337mILE: 00,02,20,24,27|5|1.3967
242mGLU: 12,16,17,19,23|5|2.4739
181mLYS: 01,15,21,22|4|1.9982
346mHIS: 00,04,07,14|4|1.0129
346mGLY: 00,04,07,14|4|1.6763
181mTHR: 01,15,21,22|4|1.2184
122mASN: 03,11,15,21|4|1.2417
122mGLY: 03,11,15,21|4|1.1003
144mALA: 01,03,11,21|4|2.0972
346mGLU: 00,04,07,14|4|1.0259
388mGLY: 07,13,24,26|4|1.0186
346mTHR: 00,04,07,14|4|1.1933
122mTHR: 03,11,15,21|4|1.2115
216mHIS: 11,12,17,23|4|1.1529
217mHIS: 03,12,17|3|1.2729
178mSER: 01,11,22|3|1.215
136mLYS: 03,11,23|3|1.8171
123mGLU: 11,15,23|3|1.6588
142mALA: 03,11,21|3|1.99
356mGLY: 17,19,26|3|1.6287
454mASP: 04,05,09|3|1.4047
123mLYS: 11,15,23|3|1.3873
356mGLN: 17,19,26|3|1.1661
244mGLY: 12,16,23|3|1.1061
217mGLY: 03,12,17|3|1.8518
451mGLY: 04,05,14|3|1.1492
358mLYS: 05,09,19|3|1.0498
194mTHR: 12,17,23|3|2.2887
136mGLU: 03,11,23|3|1.6208
194mHIS: 12,17,23|3|1.7866
217mASN: 03,12,17|3|1.0328
123mASN: 11,15,23|3|1.8755
123mTHR: 11,15,23|3|1.7421
454mLYS: 04,05,09|3|1.6229
123mGLY: 11,15,23|3|2.271
454mALA: 04,05,09|3|1.5644
194mILE: 12,17,23|3|1.5711
178mGLU: 01,11,22|3|1.2995
178mASP: 01,11,22|3|1.1718
136mASP: 03,11,23|3|1.636
136mTHR: 03,11,23|3|1.3619
194mGLN: 12,17,23|3|1.3656
356mGLU: 17,19,26|3|1.727
438mCYS: 06,24,26|3|2.7458
370mGLY: 05,14,20|3|1.1738
123mSER: 11,15,23|3|1.8828
370mALA: 05,14,20|3|1.5347
356mTHR: 17,19,26|3|2.1441
217mTHR: 03,12,17|3|1.3665
136mASN: 03,11,23|3|1.3714
454mGLY: 04,05,09|3|1.1945
370mSER: 05,14,20|3|1.0497
194mSER: 12,17,23|3|1.8991
194mLYS: 12,17,23|3|2.4305
217mSER: 03,12,17|3|1.5095
123mILE: 11,15,23|3|1.0352
194mASN: 12,17,23|3|1.9837
136mGLY: 03,11,23|3|1.778
178mALA: 01,11,22|3|1.3341
454mTHR: 04,05,09|3|1.3434
142mCYS: 03,11,21|3|3.5588
451mCYS: 04,05,14|3|1.231
438mLYS: 06,24,26|3|2.546
194mGLY: 12,17,23|3|2.4969
136mHIS: 03,11,23|3|1.4783
370mLYS: 05,14,20|3|1.0241
194mASP: 12,17,23|3|1.548
194mALA: 12,17,23|3|1.8069
356mASN: 17,19,26|3|1.5113
194mTRP: 12,17,23|3|1.1123
217mGLU: 03,12,17|3|1.5148
454mGLU: 04,05,09|3|1.2587
194mGLU: 12,17,23|3|2.0111
454mCYS: 04,05,09|3|1.9928
123mHIS: 11,15,23|3|2.2491
178mGLY: 01,11,22|3|1.1336
451mALA: 04,05,14|3|1.4306
123mALA: 11,15,23|3|1.1186
438mALA: 06,24,26|3|1.4609
