165mGLN: 09,10,15,17,25|5|3.6983
158mSER: 09,10,18,21,25|5|2.1804
164mGLU: 09,10,15,17,25|5|3.4441
158mALA: 09,10,18,21,25|5|1.7851
165mCYS: 09,10,15,17,25|5|7.1453
165mASP: 09,10,15,17,25|5|4.652
165mGLU: 09,10,15,17,25|5|4.7953
165mTHR: 09,10,15,17,25|5|4.8641
165mALA: 09,10,15,17,25|5|5.1869
165mGLY: 09,10,15,17,25|5|4.4923
165mLEU: 09,10,15,17,25|5|4.0004
164mCYS: 09,10,15,17,25|5|4.7426
165mILE: 09,10,15,17,25|5|3.9456
165mASN: 09,10,15,17,25|5|2.4437
165mSER: 09,10,15,17,25|5|3.6106
158mGLY: 09,10,18,21,25|5|2.0333
157mGLU: 17,18,21,25|4|1.3099
251mTRP: 10,18,21,25|4|1.8194
251mGLN: 10,18,21,25|4|3.4244
251mSER: 10,18,21,25|4|3.016
242mLYS: 10,15,17,25|4|1.9184
242mGLY: 10,15,17,25|4|1.8365
251mGLY: 10,18,21,25|4|3.1888
249mASN: 09,10,21,25|4|1.2052
242mTHR: 10,15,17,25|4|2.9772
242mGLU: 10,15,17,25|4|1.667
242mGLN: 10,15,17,25|4|1.5817
251mALA: 10,18,21,25|4|3.2324
251mVAL: 10,18,21,25|4|2.7732
157mGLY: 17,18,21,25|4|1.3383
251mMET: 10,18,21,25|4|2.3217
157mSER: 17,18,21,25|4|1.4247
249mSER: 09,10,21,25|4|1.763
242mILE: 10,15,17,25|4|1.5034
251mILE: 10,18,21,25|4|2.7343
251mTHR: 10,18,21,25|4|4.1252
249mTHR: 09,10,21,25|4|1.01
251mASN: 10,18,21,25|4|2.2022
157mTHR: 17,18,21,25|4|1.0699
242mALA: 10,15,17,25|4|2.6371
157mASN: 17,18,21,25|4|1.1396
249mGLY: 09,10,21,25|4|1.0392
242mSER: 10,15,17,25|4|2.5264
249mGLN: 09,10,21,25|4|1.4525
251mGLU: 10,18,21,25|4|4.0509
251mLEU: 10,18,21,25|4|3.1016
242mCYS: 10,15,17,25|4|1.9034
251mASP: 10,18,21,25|4|3.3106
167mLEU: 10,15,17|3|1.0679
167mGLU: 10,15,17|3|1.1243
245mGLU: 09,18,25|3|2.1282
245mALA: 09,18,25|3|1.6704
167mGLY: 10,15,17|3|1.1914
245mSER: 09,18,25|3|1.4668
167mALA: 10,15,17|3|1.1251
245mGLY: 09,18,25|3|1.6483
167mMET: 10,15,17|3|1.0518
167mTHR: 10,15,17|3|1.0794
