268mILE: 04,06,07,08,11,19,20|7|8.0438
268mGLU: 04,06,07,08,11,19,20|7|11.0114
268mMET: 04,06,07,08,11,19,20|7|8.6463
268mASN: 04,06,07,08,11,19,20|7|6.2817
268mALA: 04,06,07,08,11,19,20|7|7.3911
268mCYS: 04,06,07,08,11,19,20|7|10.8667
268mPHE: 04,06,07,08,11,19,20|7|8.5898
268mGLN: 04,06,07,08,11,19,20|7|8.8465
146mASN: 04,06,07,08,11,15,19|7|2.5477
268mLEU: 04,06,07,08,11,19,20|7|9.6511
268mVAL: 04,06,07,08,11,19,20|7|8.6087
268mSER: 04,06,07,08,11,19,20|7|5.4802
268mTRP: 04,06,07,08,11,19,20|7|7.794
268mGLY: 04,06,07,08,11,19,20|7|7.4856
146mGLU: 04,06,07,08,11,15,19|7|5.1131
268mASP: 04,06,07,08,11,19,20|7|7.9887
268mTYR: 04,06,07,08,11,19,20|7|2.2174
268mTHR: 04,06,07,08,11,19,20|7|9.918
268mPRO: 04,06,07,08,11,19,20|7|6.4801
268mHIS: 04,06,07,08,11,19,20|7|5.8377
121mGLY: 04,08,11,15,17,21|6|2.1987
144mGLY: 04,06,07,08,11,19|6|1.8305
297mTHR: 01,07,13,14,18|5|5.2208
206mALA: 03,05,16,17,21|5|2.3088
297mASN: 01,07,13,14,18|5|3.6036
297mSER: 01,07,13,14,18|5|3.0636
297mGLU: 01,07,13,14,18|5|5.857
206mTRP: 03,05,16,17,21|5|2.2623
206mILE: 03,05,16,17,21|5|1.8541
206mMET: 03,05,16,17,21|5|2.1715
297mGLY: 01,07,13,14,18|5|3.9671
206mGLY: 03,05,16,17,21|5|2.9906
206mHIS: 03,05,16,17,21|5|2.0897
206mVAL: 03,05,16,17,21|5|2.4292
180mLYS: 04,08,11,15,19|5|2.8428
265mTHR: 04,08,11,19,20|5|1.4745
206mLEU: 03,05,16,17,21|5|2.9253
206mGLN: 03,05,16,17,21|5|2.5401
206mGLU: 03,05,16,17,21|5|3.0846
248mTHR: 03,05,16,23,25|5|1.5181
206mSER: 03,05,16,17,21|5|2.0074
206mTHR: 03,05,16,17,21|5|2.5036
206mASN: 03,05,16,17,21|5|1.987
305mGLY: 04,06,07,14,20|5|1.7301
305mALA: 04,06,07,14,20|5|1.992
127mTHR: 05,16,17,21|4|1.7721
127mCYS: 05,16,17,21|4|3.3239
293mCYS: 01,13,18,29|4|3.845
293mHIS: 01,13,18,29|4|2.9212
293mGLN: 01,13,18,29|4|2.113
300mCYS: 01,07,13,14|4|3.783
122mHIS: 08,15,17,21|4|1.352
127mGLY: 05,16,17,21|4|2.3395
178mSER: 04,08,11,15|4|1.8724
293mGLY: 01,13,18,29|4|4.178
178mLYS: 04,08,11,15|4|2.6522
126mASP: 05,16,17,21|4|2.7084
438mTHR: 01,13,18,29|4|1.6938
122mASP: 08,15,17,21|4|1.0526
292mTHR: 01,13,14,29|4|2.0784
438mGLU: 01,13,18,29|4|1.494
436mASN: 01,13,18,29|4|1.1904
178mGLY: 04,08,11,15|4|2.3119
292mGLU: 01,13,14,29|4|2.7963
439mGLU: 01,13,18,29|4|5.3082
436mSER: 01,13,18,29|4|1.066
438mASN: 01,13,18,29|4|1.7166
439mSER: 01,13,18,29|4|3.3253
439mASN: 01,13,18,29|4|3.7833
293mASN: 01,13,18,29|4|2.8063
205mSER: 03,16,21,23|4|1.6573
127mGLU: 05,16,17,21|4|3.197
205mTHR: 03,16,21,23|4|2.2604
293mGLU: 01,13,18,29|4|3.5712
122mGLY: 08,15,17,21|4|1.5696
205mGLY: 03,16,21,23|4|2.1942
293mASP: 01,13,18,29|4|3.47
439mTHR: 01,13,18,29|4|4.3297
178mGLU: 04,08,11,15|4|2.3082
178mASP: 04,08,11,15|4|1.995
300mGLU: 01,07,13,14|4|1.2475
178mALA: 04,08,11,15|4|2.0372
178mTHR: 04,08,11,15|4|2.653
178mTRP: 04,08,11,15|4|1.183
293mTHR: 01,13,18,29|4|3.2985
293mLYS: 01,13,18,29|4|3.3911
293mSER: 01,13,18,29|4|3.0195
293mALA: 01,13,18,29|4|2.8547
122mGLU: 08,15,17,21|4|1.1452
293mTRP: 01,13,18,29|4|1.8009
205mASN: 03,16,21,23|4|1.7796
127mSER: 05,16,17,21|4|1.2071
178mHIS: 04,08,11,15|4|1.3197
178mGLN: 04,08,11,15|4|1.4732
127mLYS: 05,16,17,21|4|2.8116
178mILE: 04,08,11,15|4|1.5538
439mLYS: 01,13,18,29|4|2.6284
438mLYS: 01,13,18,29|4|1.0556
126mGLU: 05,16,17,21|4|2.9538
439mALA: 01,13,18,29|4|1.5829
436mGLU: 01,13,18,29|4|1.296
293mILE: 01,13,18,29|4|1.6899
439mGLY: 01,13,18,29|4|2.7927
122mSER: 08,15,17,21|4|1.1946
250mGLU: 03,05,23,25|4|1.3953
205mGLU: 03,16,21,23|4|2.7775
127mASP: 05,16,17,21|4|2.6997
440mGLU: 01,18,29|3|1.4372
299mCYS: 07,13,14|3|2.9276
123mLYS: 05,17,21|3|1.2181
303mGLY: 06,07,14|3|1.1351
440mLYS: 01,18,29|3|1.8404
136mVAL: 08,17,21|3|1.146
440mTHR: 01,18,29|3|1.9616
201mLEU: 03,16,23|3|1.3658
251mGLY: 03,23,25|3|2.9288
136mLYS: 08,17,21|3|1.4588
197mHIS: 03,16,17|3|1.3444
123mGLU: 05,17,21|3|1.1367
245mGLU: 02,03,05|3|2.81
311mVAL: 13,14,29|3|1.7043
196mGLU: 05,16,17|3|1.087
251mASN: 03,23,25|3|2.6876
251mALA: 03,23,25|3|2.0053
311mGLY: 13,14,29|3|1.6874
136mMET: 08,17,21|3|1.8735
204mGLU: 03,16,23|3|1.9665
251mTHR: 03,23,25|3|2.7672
251mLEU: 03,23,25|3|1.8335
251mPHE: 03,23,25|3|1.7952
440mSER: 01,18,29|3|1.2706
140mGLY: 06,07,08|3|2.1534
308mGLY: 06,14,20|3|1.3505
311mSER: 13,14,29|3|1.2519
201mTRP: 03,16,23|3|1.1444
440mASN: 01,18,29|3|1.3774
242mGLY: 02,03,25|3|1.7195
201mGLY: 03,16,23|3|1.1472
136mGLU: 08,17,21|3|2.4039
197mMET: 03,16,17|3|1.1092
245mASP: 02,03,05|3|2.2809
201mASP: 03,16,23|3|1.0058
303mASN: 06,07,14|3|1.5201
311mLEU: 13,14,29|3|1.4365
243mCYS: 02,03,25|3|1.0719
308mASN: 06,14,20|3|1.7757
251mMET: 03,23,25|3|1.8704
136mALA: 08,17,21|3|1.7708
201mTHR: 03,16,23|3|1.4762
311mGLN: 13,14,29|3|1.5829
303mGLU: 06,07,14|3|2.1964
242mALA: 02,03,25|3|1.0492
140mTHR: 06,07,08|3|1.867
140mMET: 06,07,08|3|1.4986
204mTHR: 03,16,23|3|1.7876
136mASP: 08,17,21|3|1.106
136mTHR: 08,17,21|3|2.1923
251mASP: 03,23,25|3|3.0763
440mASP: 01,18,29|3|1.2695
251mHIS: 03,23,25|3|2.6553
440mALA: 01,18,29|3|1.3154
251mGLU: 03,23,25|3|3.9415
303mTHR: 06,07,14|3|1.088
251mSER: 03,23,25|3|2.0684
303mASP: 06,07,14|3|1.1419
251mLYS: 03,23,25|3|1.3981
243mGLU: 02,03,25|3|1.0383
217mTHR: 06,07,18|3|1.0426
204mGLY: 03,16,23|3|1.1705
242mGLU: 02,03,25|3|1.5103
136mTRP: 08,17,21|3|1.2514
440mGLY: 01,18,29|3|1.8872
242mASP: 02,03,25|3|1.7632
308mHIS: 06,14,20|3|1.1949
311mALA: 13,14,29|3|1.084
136mASN: 08,17,21|3|2.1877
251mVAL: 03,23,25|3|2.5182
217mGLU: 06,07,18|3|1.4329
311mASN: 13,14,29|3|1.5796
123mASP: 05,17,21|3|1.4006
136mSER: 08,17,21|3|2.4604
201mILE: 03,16,23|3|1.0624
251mILE: 03,23,25|3|1.8717
217mSER: 06,07,18|3|1.2327
140mGLU: 06,07,08|3|2.1806
308mGLU: 06,14,20|3|1.5367
311mMET: 13,14,29|3|1.5571
201mPHE: 03,16,23|3|1.1084
245mCYS: 02,03,05|3|2.6781
123mCYS: 05,17,21|3|1.4382
311mGLU: 13,14,29|3|2.2448
136mGLN: 08,17,21|3|1.5454
201mGLN: 03,16,23|3|1.3234
311mHIS: 13,14,29|3|1.5585
140mHIS: 06,07,08|3|2.11
201mGLU: 03,16,23|3|1.6284
140mSER: 06,07,08|3|2.2567
201mMET: 03,16,23|3|1.3878
242mPRO: 02,03,25|3|1.16
308mSER: 06,14,20|3|1.2035
136mGLY: 08,17,21|3|2.4214
251mTRP: 03,23,25|3|1.9162
251mGLN: 03,23,25|3|2.2773
140mASN: 06,07,08|3|2.0108
136mILE: 08,17,21|3|1.2144
311mILE: 13,14,29|3|1.1642
136mHIS: 08,17,21|3|2.2811
136mLEU: 08,17,21|3|1.4164
311mTHR: 13,14,29|3|2.1799
308mTHR: 06,14,20|3|1.2837
201mVAL: 03,16,23|3|1.2014
311mTRP: 13,14,29|3|1.1947
440mGLN: 01,18,29|3|1.0107
