341mTHR: 06,09,10,13|4|4.2491
341mHIS: 06,09,10,13|4|1.327
243mVAL: 00,02,03,08|4|1.7884
243mGLY: 00,02,03,08|4|2.3736
164mASP: 00,02,08,22|4|1.2152
164mTRP: 00,02,08,22|4|1.278
164mGLU: 00,02,08,22|4|2.3812
244mGLY: 00,02,03,08|4|4.8591
244mLEU: 00,02,03,08|4|2.7633
244mVAL: 00,02,03,08|4|3.2709
242mCYS: 00,02,03,08|4|1.0612
164mMET: 00,02,08,22|4|2.4704
243mALA: 00,02,03,08|4|3.6408
341mGLY: 06,09,10,13|4|3.087
244mTHR: 00,02,03,08|4|2.3747
341mALA: 06,09,10,13|4|3.1933
164mGLY: 00,02,08,22|4|2.5793
242mALA: 00,02,03,08|4|1.7535
244mGLU: 00,02,03,08|4|3.4666
164mLEU: 00,02,08,22|4|1.0056
341mASN: 06,09,10,13|4|2.8683
244mSER: 00,02,03,08|4|2.3498
341mMET: 06,09,10,13|4|1.7739
164mTHR: 00,02,08,22|4|2.2243
243mLEU: 00,02,03,08|4|1.5213
244mALA: 00,02,03,08|4|6.1392
164mHIS: 00,02,08,22|4|3.6268
242mLYS: 00,02,03,08|4|1.2816
341mLEU: 06,09,10,13|4|2.6958
243mSER: 00,02,03,08|4|1.3246
164mGLN: 00,02,08,22|4|1.768
164mASN: 00,02,08,22|4|2.2904
164mSER: 00,02,08,22|4|2.5549
341mGLU: 06,09,10,13|4|3.9978
341mSER: 06,09,10,13|4|1.7153
261mHIS: 01,21,23|3|1.2544
439mMET: 07,15,20|3|1.6968
268mILE: 01,21,23|3|1.7666
339mLYS: 06,09,13|3|2.2495
245mASN: 00,02,03|3|1.7335
268mGLU: 01,21,23|3|2.521
180mLYS: 01,21,23|3|1.0063
147mTHR: 01,21,23|3|1.1808
245mGLU: 00,02,03|3|2.1616
439mVAL: 07,15,20|3|2.2617
245mSER: 00,02,03|3|1.2614
134mGLU: 02,03,04|3|1.0169
407mGLU: 06,09,13|3|1.152
268mASN: 01,21,23|3|2.7055
336mALA: 06,07,09|3|1.9232
339mALA: 06,09,13|3|2.8401
439mGLU: 07,15,20|3|1.9154
268mALA: 01,21,23|3|2.1702
439mSER: 07,15,20|3|2.2857
439mHIS: 07,15,20|3|2.1687
245mPHE: 00,02,03|3|1.1414
262mALA: 01,21,23|3|2.3005
407mLEU: 06,09,13|3|1.2553
439mASN: 07,15,20|3|1.5646
439mILE: 07,15,20|3|1.4705
268mCYS: 01,21,23|3|4.0208
165mTHR: 00,02,08|3|1.3523
339mGLY: 06,09,13|3|1.66
245mASP: 00,02,03|3|2.7448
165mGLU: 00,02,08|3|1.5107
268mPHE: 01,21,23|3|1.489
245mALA: 00,02,03|3|1.9924
146mTHR: 01,21,23|3|1.052
406mALA: 06,09,13|3|1.1888
180mGLY: 01,21,23|3|1.7493
245mVAL: 00,02,03|3|1.7745
261mALA: 01,21,23|3|1.6043
439mTHR: 07,15,20|3|2.293
261mMET: 01,21,23|3|1.0832
134mHIS: 02,03,04|3|1.0527
165mASN: 00,02,08|3|1.3361
261mGLY: 01,21,23|3|1.6766
165mHIS: 00,02,08|3|1.9272
134mALA: 02,03,04|3|1.2898
165mSER: 00,02,08|3|1.4583
268mVAL: 01,21,23|3|2.5688
268mLEU: 01,21,23|3|1.4191
180mVAL: 01,21,23|3|1.3035
180mALA: 01,21,23|3|2.3104
439mLYS: 07,15,20|3|2.6273
261mLEU: 01,21,23|3|1.241
261mVAL: 01,21,23|3|1.1251
415mALA: 06,09,13|3|1.3378
165mGLY: 00,02,08|3|1.5226
407mALA: 06,09,13|3|1.066
268mGLY: 01,21,23|3|1.6179
439mLEU: 07,15,20|3|1.8499
245mGLY: 00,02,03|3|2.4598
262mGLY: 01,21,23|3|1.1729
266mTHR: 01,21,23|3|1.2776
245mCYS: 00,02,03|3|1.9098
268mASP: 01,21,23|3|3.1417
261mGLU: 01,21,23|3|1.1262
407mGLY: 06,09,13|3|1.5392
266mALA: 01,21,23|3|1.4861
262mVAL: 01,21,23|3|1.2577
415mGLY: 06,09,13|3|1.0814
261mSER: 01,21,23|3|1.437
268mTHR: 01,21,23|3|3.6394
377mGLY: 07,10,13|3|1.1849
336mGLY: 06,07,09|3|1.8257
439mALA: 07,15,20|3|3.2029
134mTHR: 02,03,04|3|1.0495
268mPRO: 01,21,23|3|4.5595
134mGLY: 02,03,04|3|1.3194
339mVAL: 06,09,13|3|1.541
339mCYS: 06,09,13|3|3.0041
439mGLY: 07,15,20|3|2.9147
339mGLU: 06,09,13|3|1.8584
261mLYS: 01,21,23|3|1.068
262mLYS: 01,21,23|3|1.7963
245mTHR: 00,02,03|3|2.0045
245mLEU: 00,02,03|3|1.8193
