242mTHR: 07,13,14,21,23|5|3.6083
242mGLU: 07,13,14,21,23|5|5.4027
242mLEU: 07,13,14,21,23|5|1.9378
242mALA: 07,13,14,21,23|5|3.4453
242mCYS: 07,13,14,21,23|5|5.0747
164mMET: 07,14,21,23|4|1.2635
164mGLU: 07,14,21,23|4|4.1827
164mILE: 07,14,21,23|4|1.8207
164mALA: 07,14,21,23|4|5.4312
165mCYS: 07,14,21,23|4|3.4222
165mASP: 07,14,21,23|4|1.4525
165mGLU: 07,14,21,23|4|2.581
165mTHR: 07,14,21,23|4|1.9315
164mLEU: 07,14,21,23|4|2.7073
164mASP: 07,14,21,23|4|3.9407
165mALA: 07,14,21,23|4|3.2921
165mGLY: 07,14,21,23|4|2.2049
165mLEU: 07,14,21,23|4|2.0201
164mCYS: 07,14,21,23|4|6.2546
164mSER: 07,14,21,23|4|2.8026
164mTHR: 07,14,21,23|4|3.6793
164mGLY: 07,14,21,23|4|3.8019
165mSER: 07,14,21,23|4|1.7349
164mLYS: 07,14,21,23|4|2.55
249mASP: 07,14,23|3|1.3395
249mILE: 07,14,23|3|1.1065
249mCYS: 07,14,23|3|2.4007
249mLEU: 07,14,23|3|1.2945
249mALA: 07,14,23|3|1.3064
249mTHR: 07,14,23|3|1.1311
249mGLU: 07,14,23|3|1.3103
