M = 146 178 267 
274 301 303 | 146 265 269 | 119 123 124 | 146 265 268 | 144 146 147 | 146 178 179 | 145 147 268 | 146 265 266 | 146 178 179 | 267 268 273 | 282 291 297 | 147 178 180 | 147 262 263 | 146 264 266 | 299 303 309 | 177 261 265 | 265 266 268 | 178 181 261 | 178 180 181 | 146 178 265 | 178 261 265 | 147 178 263 | 146 266 268 | 146 147 178 | 146 147 268 | 299 305 311 | 146 266 268 | 299 303 305 | 279 303 306 | 146 266 267 | 147 178 180 | 290 317 318 | 232 259 261 | 177 178 180 | 287 321 324 | 147 178 180 | 146 147 268 | 146 266 268 | 312 316 319 | 146 266 268 | 142 145 146 | 293 297 300 | 146 265 268 | 119 120 122 | 146 178 264 | 146 266 268 | 146 266 268 | 177 261 265 | 318 319 322 | 146 147 266 | 146 147 178 | 147 266 268 | 146 265 266 | 146 265 266 | 146 178 265 | 146 147 265 | 293 297 300 | 119 123 124 | 146 267 268 | 299 305 311 | 177 180 262 | 265 266 268 | 178 181 261 | 146 264 267 | 119 120 122 | 299 303 305 | 146 265 270 | 146 147 265 | 312 318 319 | 

M = 193 196 242 
139 141 220 | 193 194 242 | 242 245 248 | 122 123 124 | 241 242 248 | 193 194 242 | 194 197 241 | 194 242 245 | 242 243 244 | 126 206 208 | 242 245 248 | 130 134 219 | 123 124 127 | 242 243 244 | 242 243 245 | 130 194 197 | 194 242 244 | 242 243 244 | 242 243 246 | 190 217 220 | 194 242 244 | 193 194 242 | 122 124 208 | 196 237 248 | 130 134 219 | 242 245 248 | 194 196 242 | 242 245 248 | 123 136 139 | 123 127 134 | 243 244 245 | 132 193 197 | 123 134 136 | 196 242 244 | 193 194 242 | 196 242 245 | 242 245 248 | 242 243 244 | 242 243 244 | 128 131 194 | 123 127 135 | 193 194 242 | 193 194 242 | 242 243 245 | 127 130 197 | 190 191 218 | 242 243 244 | 124 127 135 | 123 127 134 | 242 243 245 | 242 245 248 | 193 241 242 | 123 127 208 | 

M = 164 165 249 
203 205 206 | 329 331 336 | 335 336 339 | 164 165 168 | 283 284 286 | 377 379 380 | 438 439 440 | 344 345 346 | 157 165 249 | 323 324 329 | 165 239 249 | 400 403 419 | 345 346 370 | 164 165 167 | 326 329 334 | 438 440 441 | 161 164 167 | 336 339 408 | 341 377 379 | 165 248 249 | 201 205 208 | 391 438 440 | 439 440 441 | 336 337 403 | 164 165 167 | 278 281 284 | 385 388 408 | 165 190 194 | 336 337 408 | 165 247 248 | 164 165 167 | 388 410 411 | 336 339 403 | 408 410 411 | 163 164 165 | 157 158 251 | 158 163 251 | 205 206 235 | 336 337 339 | 345 346 347 | 204 235 237 | 284 286 288 | 341 376 405 | 336 408 409 | 165 190 194 | 157 235 251 | 159 162 251 | 165 190 194 | 157 164 165 | 164 165 168 | 339 341 415 | 336 339 403 | 165 248 249 | 281 290 293 | 401 403 419 | 341 343 377 | 165 167 168 | 157 158 251 | 163 164 165 | 164 165 167 | 434 440 443 | 158 249 251 | 158 250 251 | 341 344 379 | 336 339 403 | 336 407 408 | 164 165 167 | 

FREQUENCIES
146: 33
242: 31
165: 25
178: 18
164: 17
265: 16
268: 16
194: 16
266: 15
147: 15
245: 12
243: 11
249: 11
248: 11
336: 11
123: 10
244: 10
193: 9
127: 7
339: 7
251: 7
167: 7
403: 6
408: 6
124: 6
180: 6
261: 6
267: 6
134: 5
341: 5
299: 5
196: 5
303: 5
440: 5
190: 5
157: 5
158: 5
130: 4
122: 4
197: 4
119: 4
305: 4
177: 4
208: 4
345: 3
346: 3
284: 3
264: 3
379: 3
297: 3
377: 3
319: 3
318: 3
241: 3
293: 3
438: 3
337: 3
181: 3
163: 3
168: 3
235: 3
329: 3
205: 3
206: 3
219: 2
136: 2
135: 2
139: 2
344: 2
281: 2
263: 2
262: 2
410: 2
411: 2
419: 2
300: 2
441: 2
388: 2
290: 2
439: 2
179: 2
312: 2
311: 2
220: 2
286: 2
237: 2
324: 2
145: 2
120: 2
217: 1
126: 1
218: 1
132: 1
131: 1
347: 1
401: 1
400: 1
283: 1
282: 1
287: 1
128: 1
269: 1
415: 1
291: 1
201: 1
317: 1
203: 1
270: 1
391: 1
273: 1
274: 1
278: 1
279: 1
141: 1
443: 1
309: 1
301: 1
306: 1
247: 1
246: 1
385: 1
370: 1
380: 1
434: 1
376: 1
335: 1
334: 1
331: 1
259: 1
250: 1
407: 1
288: 1
405: 1
316: 1
191: 1
343: 1
142: 1
161: 1
162: 1
409: 1
159: 1
239: 1
232: 1
322: 1
323: 1
321: 1
326: 1
144: 1
204: 1
