D102m2.txt,0, | 171 190 220 | 278 299 303 | 175 178 267 | ,Score: 0

D106m3.txt,0, | 128 132 194 | 178 261 265 | 336 403 406 | ,Score: 0

D107m0.txt,0, | 296 311 318 | 196 245 248 | 123 127 208 | ,Score: 0

D110m2.txt,0, | 122 124 138 | 165 168 191 | 280 283 286 | ,Score: 0

D202m2.txt,0, | 331 335 402 | 325 327 401 | 157 165 249 | ,Score: 0

D203m5.txt,0, | 190 193 219 | 345 347 370 | 194 242 243 | ,Score: 0

D204m0.txt,0, | 160 163 251 | 130 194 220 | 196 199 249 | ,Score: 0

D206mR.txt,0, | 146 178 267 | 283 288 291 | 165 194 247 | ,Score: 0

D210m8.txt,0, | 157 165 249 | 400 403 419 | 146 178 266 | ,Score: 0

D214m3.txt,0, | 178 181 261 | 194 242 243 | 388 391 412 | ,Score: 0

D215m7.txt,0, | 242 245 248 | 177 182 261 | 123 127 208 | ,Score: 0

D216m1.txt,0, | 157 235 250 | 293 299 313 | 142 144 146 | ,Score: 0

D217m3.txt,0, | 282 291 296 | 435 438 441 | 146 178 266 | ,Score: 0

D218m7.txt,0, | 130 134 219 | 165 248 249 | 147 178 262 | ,Score: 0

D221m4.txt,0, | 165 167 190 | 123 134 139 | 196 245 248 | ,Score: 0

D222m6.txt,0, | 275 302 306 | 436 438 441 | 196 245 248 | ,Score: 0

D228m5.txt,0, | 123 127 134 | 145 177 265 | 157 164 249 | ,Score: 0

D229m1.txt,0, | 157 165 249 | 128 237 240 | 146 265 268 | ,Score: 0

D231m7.txt,0, | 164 165 249 | 391 438 440 | 147 179 262 | ,Score: 0

D239m5.txt,0, | 179 261 265 | 281 293 297 | 165 190 194 | ,Score: 0

D301m9.txt,0, | 324 400 401 | 146 178 265 | 165 190 194 | ,Score: 0

D302m1.txt,0, | 190 194 219 | 163 249 253 | 179 261 265 | ,Score: 0

D304m4.txt,0, | 274 278 301 | 267 272 274 | 232 258 261 | ,Score: 0

D305m1.txt,0, | 366 391 412 | 147 178 267 | 147 178 263 | ,Score: 0

D306m2.txt,0, | 169 194 219 | 145 178 267 | 182 229 262 | ,Score: 0

D307m2.txt,0, | 147 178 262 | 128 193 241 | 145 177 267 | ,Score: 0

D308m5.txt,0, | 296 301 307 | 274 301 303 | 196 237 249 | ,Score: 0

D310m9.txt,0, | 123 127 134 | 194 196 245 | 123 134 138 | ,Score: 0

D311m8.txt,0, | 272 278 303 | 157 164 249 | 197 241 248 | ,Score: 0

D312m9.txt,0, | 279 301 306 | 194 196 244 | 157 164 249 | ,Score: 0

D313m5.txt,0, | 120 122 123 | 146 178 267 | 388 411 415 | ,Score: 0

D314m8.txt,0, | 146 150 178 | 281 290 297 | 241 248 249 | ,Score: 0

D315m6.txt,0, | 162 164 167 | 193 239 242 | 163 249 251 | ,Score: 0

D317m4.txt,0, | 331 336 403 | 290 292 297 | 324 331 401 | ,Score: 0

D318m3.txt,0, | 408 410 411 | 165 169 194 | 123 127 135 | ,Score: 0

D319m6.txt,0, | 147 179 262 | 165 190 194 | 146 178 266 | ,Score: 0

D320m3.txt,0, | 157 235 249 | 123 132 139 | 146 178 266 | ,Score: 0

D321m1.txt,0, | 312 316 319 | 157 164 249 | 201 235 251 | ,Score: 0

D322m0.txt,0, | 165 190 240 | 206 235 237 | 158 163 251 | ,Score: 0

D323m1.txt,0, | 145 265 268 | 123 127 208 | 336 339 408 | ,Score: 0

D324m6.txt,0, | 193 196 242 | 258 259 261 | 158 235 250 | ,Score: 0

D325m0.txt,0, | 292 299 311 | 163 165 249 | 123 127 135 | ,Score: 0

D326m0.txt,0, | 267 272 274 | 177 261 265 | 163 249 251 | ,Score: 0

D327m7.txt,0, | 165 167 190 | 146 178 264 | 194 242 243 | ,Score: 0

D328m3.txt,0, | 262 265 267 | 407 410 412 | 165 190 194 | ,Score: 0

D330m1.txt,0, | 146 178 267 | 201 237 251 | 169 194 220 | ,Score: 0

D331m0.txt,0, | 157 162 165 | 123 127 131 | 146 178 266 | ,Score: 0

D332m4.txt,0, | 299 301 303 | 190 193 218 | 177 182 261 | ,Score: 0

D333m4.txt,0, | 123 127 134 | 165 240 249 | 147 262 267 | ,Score: 0

D403m6.txt,0, | 163 165 168 | 336 339 406 | 168 171 190 | ,Score: 0

D407m5.txt,0, | 331 336 403 | 178 262 266 | 165 190 194 | ,Score: 0

D408m8.txt,0, | 167 172 190 | 436 438 441 | 147 178 266 | ,Score: 0

D409m5.txt,0, | 146 265 269 | 165 190 194 | 146 178 266 | ,Score: 0

D410mR.txt,0, | 130 191 241 | 126 196 199 | 340 343 377 | ,Score: 0

D413m2.txt,0, | 167 172 190 | 194 243 245 | 158 235 250 | ,Score: 0

D414m2.txt,0, | 163 165 249 | 168 172 190 | 177 262 267 | ,Score: 0

D421m7.txt,0, | 293 297 299 | 196 242 248 | 204 206 235 | ,Score: 0

D428m7.txt,0, | 191 193 219 | 143 146 177 | 165 191 240 | ,Score: 0

D430mR.txt,0, | 194 241 244 | 146 265 268 | 178 262 265 | ,Score: 0

D431m9.txt,0, | 193 196 242 | 165 190 194 | 177 262 267 | ,Score: 0

D438m9.txt,0, | 157 165 249 | 434 440 443 | 147 177 179 | ,Score: 0

D450m5.txt,0, | 201 235 251 | 299 303 308 | 193 197 241 | ,Score: 0

D453m0.txt,0, | 194 196 242 | 158 249 251 | 146 265 271 | ,Score: 0

D459m2.txt,0, | 354 356 428 | 165 190 194 | 147 262 266 | ,Score: 0

D462m1.txt,0, | 322 326 329 | 163 165 249 | 333 337 403 | ,Score: 0

D464m0.txt,0, | 157 162 165 | 120 122 208 | 165 168 190 | ,Score: 0

