M = 146 178 265 
146 266 267 | 146 265 269 | 146 266 268 | 146 265 268 | 144 146 147 | 146 266 267 | 274 302 303 | 146 178 179 | 146 147 268 | 146 178 179 | 178 179 182 | 178 261 265 | 259 261 262 | 142 145 146 | 299 303 309 | 146 147 178 | 181 261 262 | 178 180 181 | 146 265 267 | 178 261 265 | 258 259 261 | 178 261 262 | 275 303 305 | 274 278 303 | 229 232 259 | 147 178 180 | 146 147 268 | 267 268 273 | 177 178 180 | 146 266 267 | 290 317 318 | 147 178 180 | 146 267 268 | 232 259 261 | 177 178 180 | 261 263 264 | 146 147 268 | 312 316 319 | 299 300 308 | 146 178 264 | 146 266 268 | 178 181 182 | 146 266 268 | 147 180 262 | 299 300 301 | 146 147 178 | 146 265 266 | 178 181 182 | 146 265 266 | 178 182 261 | 146 265 268 | 146 267 268 | 267 268 273 | 261 262 264 | 177 180 262 | 143 145 146 | 178 180 262 | 265 266 268 | 178 261 265 | 228 261 262 | 312 317 318 | 146 147 178 | 147 178 179 | 146 265 270 | 312 318 319 | 142 144 146 | 142 144 146 | 

M = 164 165 249 
203 205 206 | 293 296 299 | 329 331 336 | 335 336 339 | 165 168 191 | 164 165 168 | 324 325 326 | 377 379 380 | 201 204 206 | 344 345 375 | 344 345 346 | 323 324 329 | 400 403 419 | 164 165 167 | 194 242 243 | 165 190 194 | 242 245 248 | 357 358 359 | 401 403 419 | 439 440 441 | 283 284 286 | 336 339 408 | 158 159 163 | 163 164 165 | 242 243 245 | 165 248 249 | 242 245 248 | 248 249 251 | 437 438 440 | 439 440 441 | 242 243 244 | 336 337 403 | 331 400 401 | 391 438 440 | 165 190 194 | 164 165 167 | 242 245 248 | 248 249 251 | 242 244 245 | 336 337 408 | 243 244 245 | 164 165 167 | 167 168 172 | 158 159 251 | 164 165 167 | 345 346 370 | 388 410 411 | 436 438 441 | 290 292 293 | 336 339 403 | 408 410 411 | 286 290 293 | 157 164 165 | 157 158 251 | 158 250 251 | 164 165 167 | 162 164 165 | 194 243 245 | 164 165 167 | 164 165 167 | 194 242 244 | 194 242 243 | 242 243 244 | 293 297 300 | 400 401 419 | 341 376 405 | 408 409 410 | 336 337 409 | 196 242 248 | 242 243 247 | 162 164 165 | 318 319 322 | 339 341 415 | 243 244 245 | 336 339 407 | 336 339 403 | 331 336 403 | 436 438 440 | 401 403 419 | 194 242 245 | 242 243 245 | 349 451 452 | 157 164 165 | 157 159 251 | 194 242 243 | 438 440 441 | 293 297 300 | 164 165 169 | 165 190 194 | 194 242 243 | 336 339 403 | 336 407 408 | 

M = 123 127 135 
123 131 136 | 123 124 126 | 128 133 194 | 135 136 141 | 126 206 208 | 135 136 141 | 126 130 197 | 123 127 134 | 134 135 136 | 190 217 218 | 193 218 220 | 123 134 136 | 127 130 197 | 126 127 130 | 127 130 134 | 123 134 136 | 121 123 124 | 126 127 208 | 125 127 197 | 217 218 219 | 122 123 135 | 136 141 212 | 119 120 122 | 123 127 208 | 

FREQUENCIES
146: 31
165: 25
178: 23
164: 20
242: 16
265: 13
268: 13
261: 12
243: 12
336: 12
194: 11
147: 11
245: 10
123: 9
266: 9
249: 9
403: 8
262: 8
127: 8
180: 8
167: 8
267: 8
136: 7
248: 7
339: 7
440: 6
244: 6
251: 6
126: 5
135: 5
134: 5
408: 5
293: 5
438: 5
130: 4
401: 4
299: 4
419: 4
318: 4
303: 4
300: 4
441: 4
259: 4
179: 4
182: 4
181: 4
190: 4
157: 4
158: 4
264: 3
218: 3
345: 3
400: 3
410: 3
319: 3
197: 3
206: 3
290: 3
337: 3
331: 3
177: 3
312: 3
168: 3
159: 3
144: 3
142: 3
141: 3
208: 3
217: 2
344: 2
346: 2
341: 2
409: 2
124: 2
411: 2
273: 2
274: 2
439: 2
436: 2
407: 2
317: 2
162: 2
163: 2
286: 2
297: 2
232: 2
324: 2
329: 2
145: 2
122: 2
212: 1
452: 1
219: 1
133: 1
131: 1
283: 1
220: 1
284: 1
263: 1
128: 1
269: 1
379: 1
415: 1
296: 1
370: 1
375: 1
377: 1
376: 1
196: 1
191: 1
203: 1
193: 1
270: 1
391: 1
275: 1
278: 1
205: 1
119: 1
143: 1
302: 1
308: 1
309: 1
301: 1
305: 1
380: 1
247: 1
388: 1
292: 1
437: 1
335: 1
451: 1
258: 1
250: 1
172: 1
405: 1
169: 1
229: 1
228: 1
121: 1
349: 1
322: 1
323: 1
326: 1
325: 1
201: 1
204: 1
125: 1
120: 1
316: 1
357: 1
359: 1
358: 1
