D102m2.txt,0, | 203 206 235 | 274 301 303 | 281 296 297 | ,Score: 0

D106m3.txt,0, | 178 261 265 | 336 403 406 | 123 132 139 | ,Score: 0

D107m0.txt,0, | 296 311 318 | 146 265 268 | 123 127 208 | ,Score: 0

D110m2.txt,0, | 165 168 191 | 164 165 249 | 164 165 167 | ,Score: 0

D202m2.txt,0, | 324 327 331 | 327 331 402 | 438 439 441 | ,Score: 0

D203m5.txt,0, | 346 349 370 | 344 375 377 | 344 346 375 | ,Score: 0

D204m0.txt,0, | 144 146 147 | 146 147 266 | 146 147 267 | ,Score: 0

D206mR.txt,0, | 146 178 267 | 288 317 324 | 128 133 194 | ,Score: 0

D210m8.txt,0, | 122 135 141 | 400 403 419 | 146 178 266 | ,Score: 0

D214m3.txt,0, | 165 167 190 | 194 242 243 | 165 190 194 | ,Score: 0

D215m7.txt,0, | 145 146 178 | 178 182 261 | 123 127 208 | ,Score: 0

D216m1.txt,0, | 157 249 251 | 157 164 249 | 357 359 360 | ,Score: 0

D217m3.txt,0, | 438 440 442 | 439 441 442 | 279 291 296 | ,Score: 0

D218m7.txt,0, | 147 178 262 | 124 127 135 | 126 130 196 | ,Score: 0

D221m4.txt,0, | 280 283 286 | 130 194 197 | 273 277 280 | ,Score: 0

D222m6.txt,0, | 274 278 302 | 299 302 309 | 436 438 441 | ,Score: 0

D228m5.txt,0, | 158 163 250 | 157 164 249 | 194 243 245 | ,Score: 0

D229m1.txt,0, | 165 240 248 | 240 242 245 | 157 164 249 | ,Score: 0

D231m7.txt,0, | 147 178 262 | 179 181 262 | 391 438 440 | ,Score: 0

D239m5.txt,0, | 194 242 244 | 179 261 265 | 242 243 244 | ,Score: 0

D301m9.txt,0, | 146 265 267 | 400 401 403 | 147 178 265 | ,Score: 0

D302m1.txt,0, | 229 259 262 | 179 262 265 | 178 229 262 | ,Score: 0

D304m4.txt,0, | 272 275 303 | 274 278 303 | 229 259 262 | ,Score: 0

D305m1.txt,0, | 385 388 412 | 147 178 263 | 391 435 439 | ,Score: 0

D306m2.txt,0, | 169 190 218 | 165 190 194 | 165 168 190 | ,Score: 0

D307m2.txt,0, | 146 178 267 | 128 193 241 | 267 270 273 | ,Score: 0

D308m5.txt,0, | 242 245 248 | 157 164 249 | 242 244 245 | ,Score: 0

D310m9.txt,0, | 123 127 134 | 139 141 216 | 123 134 139 | ,Score: 0

D311m8.txt,0, | 194 243 247 | 157 164 249 | 168 171 191 | ,Score: 0

D312m9.txt,0, | 165 248 249 | 158 161 251 | 157 164 249 | ,Score: 0

D313m5.txt,0, | 146 178 267 | 408 412 415 | 388 408 411 | ,Score: 0

D314m8.txt,0, | 436 438 441 | 290 296 317 | 146 150 178 | ,Score: 0

D315m6.txt,0, | 146 178 267 | 203 232 233 | 130 197 239 | ,Score: 0

D317m4.txt,0, | 290 296 318 | 177 182 262 | 324 331 401 | ,Score: 0

D318m3.txt,0, | 130 241 246 | 124 127 135 | 127 130 135 | ,Score: 0

D319m6.txt,0, | 438 439 441 | 147 178 266 | 146 179 265 | ,Score: 0

D320m3.txt,0, | 157 164 167 | 157 158 250 | 157 164 249 | ,Score: 0

D321m1.txt,0, | 312 316 319 | 203 232 235 | 123 127 135 | ,Score: 0

D322m0.txt,0, | 165 240 249 | 158 163 251 | 194 240 244 | ,Score: 0

D323m1.txt,0, | 242 243 244 | 164 165 167 | ,Score: 0

D324m6.txt,0, | 194 242 244 | 194 242 243 | 242 243 244 | ,Score: 0

D325m0.txt,0, | 293 297 299 | 292 299 311 | 123 127 135 | ,Score: 0

D326m0.txt,0, | 119 122 124 | 178 261 265 | 266 267 272 | ,Score: 0

D327m7.txt,0, | 337 341 405 | 178 264 267 | 125 127 197 | ,Score: 0

D328m3.txt,0, | 408 411 412 | 336 339 408 | 388 408 411 | ,Score: 0

D330m1.txt,0, | 125 127 135 | 178 180 182 | 142 144 146 | ,Score: 0

D331m0.txt,0, | 190 194 219 | 161 164 167 | 190 217 218 | ,Score: 0

D332m4.txt,0, | 299 300 303 | 177 182 261 | 299 300 301 | ,Score: 0

D333m4.txt,0, | 122 135 141 | 147 262 267 | 123 127 135 | ,Score: 0

D403m6.txt,0, | 339 341 406 | 147 262 266 | 336 339 407 | ,Score: 0

D407m5.txt,0, | 336 339 403 | 331 335 403 | 146 178 266 | ,Score: 0

D408m8.txt,0, | 147 178 262 | 147 178 267 | 148 262 266 | ,Score: 0

D409m5.txt,0, | 146 178 265 | 396 403 419 | 146 265 268 | ,Score: 0

D410mR.txt,0, | 164 165 249 | ,Score: 0

D413m2.txt,0, | 163 165 249 | 194 243 245 | 242 244 245 | ,Score: 0

D414m2.txt,0, | 177 264 267 | 268 273 274 | 178 229 262 | ,Score: 0

D421m7.txt,0, | ,Score: 0

D428m7.txt,0, | 327 400 401 | 177 180 262 | 143 146 177 | ,Score: 0

D430mR.txt,0, | 146 178 265 | 146 265 268 | 178 262 265 | ,Score: 0

D431m9.txt,0, | 178 262 267 | 282 313 317 | 136 141 212 | ,Score: 0

D438m9.txt,0, | 146 147 178 | 177 179 182 | 147 177 179 | ,Score: 0

D450m5.txt,0, | 157 165 249 | 158 249 251 | 194 242 243 | ,Score: 0

D453m0.txt,0, | 438 440 441 | 293 297 300 | 146 265 271 | ,Score: 0

D459m2.txt,0, | 164 165 169 | 165 169 194 | 194 242 243 | ,Score: 0

D462m1.txt,0, | 322 326 329 | 147 262 265 | 333 337 403 | ,Score: 0

D464m0.txt,0, | 146 147 268 | 140 141 144 | 120 123 208 | ,Score: 0

