M = 146 178 267 
146 266 267 | 203 205 206 | 146 265 269 | 146 265 271 | 146 265 267 | 267 273 274 | 119 122 210 | 178 181 261 | 145 147 268 | 206 208 226 | 146 178 179 | 147 178 180 | 147 262 263 | 201 206 228 | 299 303 309 | 181 261 262 | 146 147 178 | 178 180 181 | 293 296 300 | 146 178 265 | 146 178 265 | 275 303 305 | 229 232 259 | 147 178 180 | 146 147 268 | 146 266 267 | 147 178 180 | 258 259 261 | 178 182 261 | 177 178 180 | 119 120 123 | 296 299 300 | 296 299 301 | 146 265 268 | 201 205 206 | 119 120 122 | 146 178 264 | 146 266 268 | 178 182 261 | 178 182 262 | 146 147 178 | 119 120 122 | 178 181 182 | 146 265 269 | 146 178 264 | 143 146 177 | 178 180 262 | 178 181 261 | 146 149 267 | 146 147 178 | 119 120 122 | 265 270 271 | 147 180 262 | 

M = 400 403 419 
293 296 299 | 329 331 336 | 335 336 339 | 377 379 380 | 438 439 440 | 438 439 440 | 344 345 346 | 320 325 327 | 311 316 317 | 379 418 419 | 357 358 359 | 439 440 441 | 312 316 319 | 400 401 419 | 283 284 286 | 336 339 403 | 438 440 442 | 439 440 441 | 438 440 441 | 400 401 403 | 342 343 377 | 435 438 440 | 331 333 337 | 387 407 412 | 288 316 318 | 410 411 412 | 359 451 454 | 290 317 318 | 336 403 407 | 290 292 293 | 408 409 411 | 283 286 290 | 312 316 319 | 439 440 442 | 284 286 288 | 400 401 403 | 341 342 405 | 400 401 419 | 408 410 411 | 329 335 336 | 318 319 322 | 293 296 318 | 343 377 379 | 339 341 406 | 289 293 321 | 336 339 403 | 286 290 293 | 341 377 379 | 338 339 403 | 349 451 452 | 378 379 419 | 312 317 318 | 434 438 440 | 438 440 441 | 312 318 319 | 336 339 403 | 407 408 411 | 

M = 165 190 194 
123 131 136 | 123 124 126 | 165 168 191 | 164 165 249 | 164 165 168 | 123 131 136 | 190 217 220 | 128 133 194 | 194 242 243 | 164 165 167 | 242 243 244 | 123 134 136 | 242 245 248 | 164 165 249 | 127 130 197 | 139 140 142 | 134 135 136 | 164 165 249 | 163 164 165 | 242 243 245 | 242 245 248 | 157 158 159 | 165 248 249 | 233 234 253 | 134 136 137 | 164 165 167 | 190 217 218 | 165 168 190 | 241 243 244 | 157 158 251 | 242 245 248 | 248 249 251 | 123 127 134 | 165 247 248 | 243 244 245 | 164 165 167 | 164 165 167 | 164 165 249 | 194 242 243 | 123 136 139 | 197 239 248 | 124 126 127 | 243 244 245 | 157 164 165 | 164 165 167 | 164 165 249 | 158 250 251 | 123 134 136 | 164 165 249 | 194 242 243 | 242 243 244 | 164 165 167 | 194 242 244 | 130 194 219 | 164 165 249 | 126 127 208 | 196 242 248 | 162 164 165 | 242 243 247 | 244 245 246 | 243 244 245 | 242 243 244 | 239 248 251 | 136 137 140 | 164 165 249 | 242 243 245 | 194 242 245 | 164 165 249 | 242 243 245 | 164 165 249 | 242 244 245 | 169 191 218 | 244 245 247 | 124 127 135 | 157 164 165 | 194 242 243 | 242 243 244 | 158 250 251 | 164 165 166 | 164 165 167 | 127 130 134 | 123 127 208 | 

FREQUENCIES
165: 29
164: 23
178: 21
146: 20
242: 19
243: 16
245: 13
244: 12
249: 12
194: 10
440: 10
147: 10
123: 9
248: 9
136: 8
403: 8
265: 8
127: 7
438: 7
336: 7
180: 7
167: 7
134: 6
318: 6
293: 6
339: 6
261: 6
267: 6
400: 5
262: 5
379: 5
296: 5
419: 5
190: 5
119: 5
439: 5
251: 5
181: 5
401: 4
286: 4
122: 4
268: 4
411: 4
299: 4
377: 4
319: 4
441: 4
290: 4
182: 4
312: 4
316: 4
157: 4
158: 4
206: 4
120: 4
126: 3
130: 3
341: 3
124: 3
266: 3
247: 3
407: 3
317: 3
168: 3
408: 3
208: 3
217: 2
264: 2
218: 2
131: 2
137: 2
135: 2
139: 2
283: 2
284: 2
269: 2
410: 2
412: 2
201: 2
191: 2
271: 2
303: 2
300: 2
442: 2
335: 2
451: 2
331: 2
259: 2
177: 2
250: 2
288: 2
197: 2
342: 2
343: 2
239: 2
329: 2
205: 2
140: 2
359: 2
210: 1
452: 1
219: 1
133: 1
344: 1
345: 1
346: 1
163: 1
409: 1
454: 1
263: 1
128: 1
378: 1
418: 1
311: 1
196: 1
270: 1
273: 1
274: 1
275: 1
289: 1
142: 1
301: 1
309: 1
305: 1
380: 1
246: 1
241: 1
406: 1
292: 1
434: 1
435: 1
338: 1
337: 1
333: 1
258: 1
179: 1
253: 1
405: 1
162: 1
169: 1
229: 1
228: 1
226: 1
166: 1
387: 1
220: 1
349: 1
159: 1
234: 1
232: 1
233: 1
322: 1
320: 1
321: 1
327: 1
325: 1
203: 1
145: 1
143: 1
149: 1
357: 1
358: 1
