D102m2.txt,0, | 267 269 274 | 281 290 297 | 201 208 226 | ,Score: 0

D106m3.txt,0, | 123 131 136 | 406 412 415 | 146 150 178 | ,Score: 0

D107m0.txt,0, | 296 311 318 | 123 127 208 | 201 235 251 | ,Score: 0

D110m2.txt,0, | 165 168 191 | 164 165 249 | 164 165 167 | ,Score: 0

D202m2.txt,0, | 380 418 421 | 123 127 208 | 327 335 402 | ,Score: 0

D203m5.txt,0, | 438 439 441 | 345 347 370 | 146 265 268 | ,Score: 0

D204m0.txt,0, | 146 178 267 | 119 123 210 | 143 146 177 | ,Score: 0

D206mR.txt,0, | 291 292 320 | 147 178 262 | 128 133 194 | ,Score: 0

D210m8.txt,0, | 288 314 319 | 317 321 324 | 148 262 266 | ,Score: 0

D214m3.txt,0, | 194 242 244 | 165 190 194 | 242 243 244 | ,Score: 0

D215m7.txt,0, | 201 208 226 | 177 182 261 | 123 127 208 | ,Score: 0

D216m1.txt,0, | 157 249 250 | 157 164 249 | 357 359 360 | ,Score: 0

D217m3.txt,0, | 290 291 318 | 147 178 266 | 282 293 313 | ,Score: 0

D218m7.txt,0, | 147 178 262 | 229 259 262 | 124 127 135 | ,Score: 0

D221m4.txt,0, | 229 259 261 | 280 283 286 | 130 194 197 | ,Score: 0

D222m6.txt,0, | 275 302 306 | 229 232 261 | 434 436 441 | ,Score: 0

D228m5.txt,0, | 158 163 250 | 163 165 167 | 194 243 245 | ,Score: 0

D229m1.txt,0, | 191 240 242 | 157 159 163 | 157 164 249 | ,Score: 0

D231m7.txt,0, | 179 181 261 | 391 438 442 | 147 178 263 | ,Score: 0

D239m5.txt,0, | 365 368 388 | 193 194 242 | 355 359 362 | ,Score: 0

D301m9.txt,0, | 146 178 265 | 438 439 441 | 401 403 419 | ,Score: 0

D302m1.txt,0, | 179 261 265 | 229 233 259 | 341 342 345 | ,Score: 0

D304m4.txt,0, | 272 275 303 | 120 122 124 | 183 259 261 | ,Score: 0

D305m1.txt,0, | 366 391 412 | 336 337 409 | 147 178 263 | ,Score: 0

D306m2.txt,0, | 165 168 191 | 169 191 218 | 165 168 190 | ,Score: 0

D307m2.txt,0, | 146 178 267 | 193 196 242 | 190 193 218 | ,Score: 0

D308m5.txt,0, | 157 163 251 | 157 164 249 | 163 249 251 | ,Score: 0

D310m9.txt,0, | 231 259 261 | 347 351 368 | 123 134 139 | ,Score: 0

D311m8.txt,0, | 158 163 250 | 241 245 248 | 168 171 191 | ,Score: 0

D312m9.txt,0, | 157 162 165 | 158 163 250 | 194 242 243 | ,Score: 0

D313m5.txt,0, | 142 143 146 | 388 408 411 | 408 412 415 | ,Score: 0

D314m8.txt,0, | 146 178 267 | 147 150 267 | 290 296 317 | ,Score: 0

D315m6.txt,0, | 237 239 251 | 127 130 197 | 130 196 239 | ,Score: 0

D317m4.txt,0, | 437 439 441 | 145 146 178 | 287 293 321 | ,Score: 0

D318m3.txt,0, | 336 340 403 | 124 127 135 | 336 408 409 | ,Score: 0

D319m6.txt,0, | 123 127 134 | 134 193 215 | 146 178 266 | ,Score: 0

D320m3.txt,0, | 157 165 249 | 157 164 249 | 164 165 249 | ,Score: 0

D321m1.txt,0, | 157 235 250 | 201 203 233 | 312 317 319 | ,Score: 0

D322m0.txt,0, | 293 296 299 | 278 298 300 | 165 240 249 | ,Score: 0

D323m1.txt,0, | 194 242 244 | 242 243 244 | 164 165 167 | ,Score: 0

D324m6.txt,0, | 194 242 244 | 130 194 219 | 164 165 249 | ,Score: 0

D325m0.txt,0, | 436 439 442 | 299 303 308 | 126 130 196 | ,Score: 0

D326m0.txt,0, | 178 262 267 | 124 126 199 | 120 123 210 | ,Score: 0

D327m7.txt,0, | 125 132 197 | 336 403 405 | 341 376 405 | ,Score: 0

D328m3.txt,0, | 337 339 408 | 407 410 412 | 388 408 411 | ,Score: 0

D330m1.txt,0, | 146 178 267 | 336 339 403 | 125 130 135 | ,Score: 0

D331m0.txt,0, | 190 193 218 | 157 161 164 | 194 242 247 | ,Score: 0

D332m4.txt,0, | 296 300 307 | 147 177 178 | 183 230 261 | ,Score: 0

D333m4.txt,0, | 330 334 337 | 341 343 376 | 124 132 138 | ,Score: 0

D403m6.txt,0, | 146 178 267 | 341 344 377 | 336 403 406 | ,Score: 0

D407m5.txt,0, | 194 242 244 | 229 259 262 | 193 214 218 | ,Score: 0

D408m8.txt,0, | 434 439 442 | 147 178 266 | 197 246 248 | ,Score: 0

D409m5.txt,0, | 146 178 265 | 396 403 419 | 146 265 268 | ,Score: 0

D410mR.txt,0, | 164 165 249 | ,Score: 0

D413m2.txt,0, | 242 245 248 | 194 243 245 | 158 163 250 | ,Score: 0

D414m2.txt,0, | 267 269 274 | 177 261 264 | 143 146 177 | ,Score: 0

D421m7.txt,0, | 242 243 245 | 194 241 244 | 242 244 245 | ,Score: 0

D428m7.txt,0, | 324 327 400 | 177 182 262 | 143 146 177 | ,Score: 0

D430mR.txt,0, | 342 344 378 | 178 261 265 | 178 181 262 | ,Score: 0

D431m9.txt,0, | 135 141 212 | 130 194 220 | 228 259 262 | ,Score: 0

D438m9.txt,0, | 147 178 262 | 178 182 262 | 290 292 297 | ,Score: 0

D450m5.txt,0, | 157 165 249 | 194 242 243 | 242 243 244 | ,Score: 0

D453m0.txt,0, | 265 270 271 | 438 441 442 | 146 265 271 | ,Score: 0

D459m2.txt,0, | 169 194 219 | 164 166 169 | 164 165 167 | ,Score: 0

D462m1.txt,0, | 318 322 325 | 142 144 146 | 333 337 403 | ,Score: 0

D464m0.txt,0, | 143 146 147 | 203 228 232 | 228 259 262 | ,Score: 0

