M = 146 178 267 
203 205 206 | 146 266 267 | 146 150 269 | 146 266 268 | 229 259 261 | 146 265 267 | 267 273 274 | 119 122 210 | 177 178 181 | 146 147 178 | 145 147 268 | 293 296 300 | 146 178 179 | 147 178 180 | 259 261 262 | 146 265 266 | 229 232 261 | 299 303 309 | 181 261 262 | 146 147 178 | 178 180 181 | 178 261 265 | 146 178 265 | 275 303 305 | 229 232 259 | 147 178 180 | 177 261 262 | 146 266 267 | 147 178 180 | 203 232 233 | 146 267 268 | 145 146 178 | 146 147 268 | 296 299 300 | 296 299 301 | 146 265 268 | 146 178 265 | 146 178 264 | 146 266 268 | 205 206 235 | 146 147 266 | 146 147 178 | 266 267 268 | 229 259 261 | 178 180 262 | 178 181 182 | 264 265 268 | 146 267 268 | 177 180 262 | 178 181 261 | 231 258 261 | 142 143 146 | 119 120 122 | 178 181 182 | 146 265 270 | 144 146 147 | 142 144 146 | 

M = 400 403 419 
293 296 299 | 336 339 403 | 290 293 296 | 335 336 339 | 377 379 380 | 438 439 440 | 344 345 346 | 438 439 440 | 320 325 327 | 379 418 419 | 319 325 326 | 357 358 359 | 357 358 360 | 288 293 313 | 349 370 451 | 283 284 286 | 438 440 442 | 439 440 441 | 336 337 403 | 342 343 377 | 331 333 337 | 435 438 440 | 387 407 412 | 343 345 346 | 288 316 318 | 359 451 454 | 408 410 411 | 436 438 441 | 290 317 318 | 287 321 324 | 408 409 411 | 286 290 293 | 312 316 319 | 438 439 440 | 377 378 379 | 400 401 419 | 341 342 379 | 400 401 419 | 408 409 410 | 329 335 336 | 318 319 322 | 330 335 403 | 289 293 321 | 339 341 415 | 336 339 403 | 286 290 293 | 341 377 379 | 338 339 403 | 349 451 452 | 323 324 326 | 378 379 419 | 435 438 440 | 312 317 318 | 434 438 440 | 438 440 441 | 336 339 403 | 336 407 408 | 

M = 165 190 194 
123 124 126 | 164 165 168 | 165 248 249 | 164 165 249 | 126 127 208 | 194 242 243 | 164 165 167 | 242 243 244 | 126 206 208 | 164 165 249 | 242 243 244 | 135 136 141 | 123 124 127 | 126 127 196 | 157 163 164 | 163 164 165 | 157 164 165 | 164 165 249 | 242 245 248 | 157 164 165 | 136 141 215 | 136 140 215 | 233 234 253 | 134 136 137 | 167 168 190 | 165 167 190 | 164 165 167 | 243 244 246 | 242 244 245 | 157 249 251 | 164 165 249 | 122 123 135 | 243 244 245 | 164 165 167 | 194 243 244 | 164 165 249 | 164 165 167 | 194 242 245 | 127 130 197 | 122 123 208 | 124 126 127 | 127 130 134 | 242 245 248 | 164 165 249 | 248 249 251 | 158 250 251 | 123 134 136 | 164 165 167 | 164 165 167 | 194 243 244 | 242 243 244 | 194 242 244 | 164 165 249 | 242 243 244 | 126 127 208 | 125 127 197 | 139 140 217 | 242 243 247 | 164 165 167 | 136 137 139 | 123 127 208 | 239 248 251 | 136 137 140 | 164 165 249 | 164 165 249 | 242 243 245 | 164 165 167 | 194 242 245 | 164 165 249 | 193 194 242 | 164 165 249 | 164 165 168 | 158 250 251 | 164 165 166 | 164 165 167 | 126 127 130 | 123 127 208 | 

FREQUENCIES
165: 31
164: 27
146: 25
178: 19
242: 14
249: 14
127: 11
243: 11
167: 11
194: 10
244: 10
147: 10
261: 9
268: 9
440: 9
438: 9
265: 8
267: 8
126: 7
136: 7
403: 7
123: 7
266: 7
245: 7
293: 7
336: 7
379: 6
339: 6
180: 6
181: 6
208: 6
262: 5
296: 5
419: 5
190: 5
248: 5
251: 5
299: 4
377: 4
318: 4
290: 4
439: 4
259: 4
229: 4
408: 4
157: 4
122: 4
130: 3
137: 3
134: 3
341: 3
286: 3
124: 3
319: 3
206: 3
441: 3
335: 3
451: 3
177: 3
400: 3
168: 3
232: 3
140: 3
215: 2
264: 2
135: 2
139: 2
288: 2
346: 2
342: 2
343: 2
378: 2
410: 2
411: 2
197: 2
317: 2
142: 2
119: 2
303: 2
300: 2
435: 2
337: 2
144: 2
250: 2
407: 2
345: 2
182: 2
312: 2
401: 2
316: 2
163: 2
349: 2
409: 2
158: 2
233: 2
321: 2
326: 2
324: 2
325: 2
203: 2
145: 2
205: 2
141: 2
357: 2
359: 2
358: 2
217: 1
210: 1
452: 1
344: 1
283: 1
284: 1
287: 1
454: 1
120: 1
269: 1
412: 1
370: 1
418: 1
313: 1
196: 1
193: 1
270: 1
273: 1
274: 1
275: 1
289: 1
415: 1
301: 1
360: 1
309: 1
442: 1
305: 1
380: 1
247: 1
246: 1
436: 1
434: 1
338: 1
331: 1
330: 1
333: 1
258: 1
179: 1
253: 1
166: 1
387: 1
150: 1
239: 1
234: 1
235: 1
231: 1
322: 1
323: 1
320: 1
327: 1
329: 1
143: 1
125: 1
