D102m2.txt,0, | 201 208 226 | 299 301 303 | 281 293 297 | ,Score: 0

D106m3.txt,0, | 177 261 265 | 406 412 415 | 150 269 273 | ,Score: 0

D107m0.txt,0, | 296 311 318 | 146 265 268 | 123 127 208 | ,Score: 0

D110m2.txt,0, | 165 168 191 | 165 248 249 | 164 165 249 | ,Score: 0

D202m2.txt,0, | 380 418 421 | 124 126 207 | 327 335 402 | ,Score: 0

D203m5.txt,0, | 146 265 268 | 344 346 375 | 346 349 370 | ,Score: 0

D204m0.txt,0, | 146 178 267 | 119 123 210 | 177 179 181 | ,Score: 0

D206mR.txt,0, | 147 178 262 | 291 292 320 | 124 128 135 | ,Score: 0

D210m8.txt,0, | 401 403 419 | 148 262 266 | 314 316 321 | ,Score: 0

D214m3.txt,0, | 194 242 243 | 165 190 194 | 242 243 244 | ,Score: 0

D215m7.txt,0, | 293 296 300 | 178 182 261 | 123 127 208 | ,Score: 0

D216m1.txt,0, | 357 358 359 | 357 358 360 | 157 164 249 | ,Score: 0

D217m3.txt,0, | 290 296 318 | 401 403 419 | 147 178 266 | ,Score: 0

D218m7.txt,0, | 178 229 261 | 193 196 242 | 124 127 135 | ,Score: 0

D221m4.txt,0, | 229 259 261 | 280 283 286 | 196 245 248 | ,Score: 0

D222m6.txt,0, | 229 259 261 | 278 299 306 | 196 244 247 | ,Score: 0

D228m5.txt,0, | 157 163 249 | 161 164 167 | 157 164 249 | ,Score: 0

D229m1.txt,0, | 165 240 249 | 191 240 242 | 157 164 249 | ,Score: 0

D231m7.txt,0, | 179 181 261 | 391 438 442 | 147 178 263 | ,Score: 0

D239m5.txt,0, | 179 261 265 | 178 181 229 | 355 359 362 | ,Score: 0

D301m9.txt,0, | 401 403 419 | 120 123 124 | 146 178 265 | ,Score: 0

D302m1.txt,0, | 179 261 265 | 229 233 259 | 341 342 345 | ,Score: 0

D304m4.txt,0, | 272 275 303 | 183 259 261 | 120 122 124 | ,Score: 0

D305m1.txt,0, | 385 388 408 | 391 435 439 | 147 178 263 | ,Score: 0

D306m2.txt,0, | 169 190 218 | 165 190 194 | 164 165 168 | ,Score: 0

D307m2.txt,0, | 178 229 261 | 267 270 274 | 143 146 177 | ,Score: 0

D308m5.txt,0, | 242 245 248 | 157 249 251 | 157 164 249 | ,Score: 0

D310m9.txt,0, | 124 135 138 | 347 351 368 | 438 439 441 | ,Score: 0

D311m8.txt,0, | 242 245 248 | 168 171 191 | 194 242 245 | ,Score: 0

D312m9.txt,0, | 158 163 250 | 161 164 167 | 194 243 245 | ,Score: 0

D313m5.txt,0, | 146 178 267 | 388 411 415 | 388 408 411 | ,Score: 0

D314m8.txt,0, | 146 178 267 | 281 290 296 | 293 314 317 | ,Score: 0

D315m6.txt,0, | 203 232 233 | 232 258 261 | 196 237 239 | ,Score: 0

D317m4.txt,0, | 177 182 262 | 287 293 321 | 146 178 266 | ,Score: 0

D318m3.txt,0, | 336 340 403 | 124 127 135 | 336 408 409 | ,Score: 0

D319m6.txt,0, | 134 193 215 | 393 440 441 | 146 178 266 | ,Score: 0

D320m3.txt,0, | 242 245 248 | 157 164 249 | 158 249 251 | ,Score: 0

D321m1.txt,0, | 157 235 250 | 312 317 319 | 123 127 135 | ,Score: 0

D322m0.txt,0, | 293 296 299 | 165 190 240 | 278 298 300 | ,Score: 0

D323m1.txt,0, | 194 242 244 | 194 243 244 | 242 243 244 | ,Score: 0

D324m6.txt,0, | 194 242 243 | 164 165 249 | 242 243 244 | ,Score: 0

D325m0.txt,0, | 436 438 439 | 436 439 442 | 299 303 308 | ,Score: 0

D326m0.txt,0, | 120 124 208 | 337 341 405 | 178 262 267 | ,Score: 0

D327m7.txt,0, | 146 178 264 | 125 132 197 | 336 403 405 | ,Score: 0

D328m3.txt,0, | 262 265 267 | 337 339 408 | 388 408 411 | ,Score: 0

D330m1.txt,0, | 146 178 267 | 201 237 251 | 123 134 139 | ,Score: 0

D331m0.txt,0, | 194 242 247 | 190 193 218 | 161 164 167 | ,Score: 0

D332m4.txt,0, | 296 300 307 | 123 134 139 | 177 182 261 | ,Score: 0

D333m4.txt,0, | 330 335 403 | 124 132 138 | 126 132 211 | ,Score: 0

D403m6.txt,0, | 146 178 267 | 289 293 318 | 336 403 406 | ,Score: 0

D407m5.txt,0, | 331 336 403 | 178 261 265 | 178 181 261 | ,Score: 0

D408m8.txt,0, | 434 439 442 | 147 178 266 | 197 246 248 | ,Score: 0

D409m5.txt,0, | 265 268 269 | 396 403 419 | 146 178 266 | ,Score: 0

D410mR.txt,0, | 164 165 249 | ,Score: 0

D413m2.txt,0, | 158 163 250 | 194 243 245 | 165 190 194 | ,Score: 0

D414m2.txt,0, | 268 273 274 | 177 262 267 | 146 264 268 | ,Score: 0

D421m7.txt,0, | 190 194 220 | 194 242 244 | 242 245 248 | ,Score: 0

D428m7.txt,0, | 178 261 263 | 178 180 182 | 143 146 177 | ,Score: 0

D430mR.txt,0, | 342 344 378 | 178 261 265 | 435 438 441 | ,Score: 0

D431m9.txt,0, | 228 232 261 | 178 262 267 | 136 140 212 | ,Score: 0

D438m9.txt,0, | 146 177 179 | 290 293 297 | 178 182 262 | ,Score: 0

D450m5.txt,0, | 194 242 244 | 157 165 249 | 164 165 168 | ,Score: 0

D453m0.txt,0, | 438 441 442 | 146 265 271 | 158 250 251 | ,Score: 0

D459m2.txt,0, | 169 194 219 | 164 166 169 | 164 165 167 | ,Score: 0

D462m1.txt,0, | 130 193 241 | 147 262 265 | 333 337 403 | ,Score: 0

D464m0.txt,0, | 142 143 146 | 228 259 262 | 120 123 208 | ,Score: 0

