M = 146 178 267 
267 269 274 | 203 205 206 | 146 150 269 | 305 307 311 | 229 259 261 | 146 265 267 | 267 273 274 | 119 122 210 | 146 147 178 | 145 147 268 | 146 178 179 | 178 179 182 | 147 178 180 | 296 308 312 | 147 262 263 | 201 206 228 | 299 303 309 | 178 181 261 | 178 180 181 | 146 178 265 | 146 265 269 | 147 178 180 | 300 302 303 | 146 147 268 | 146 266 267 | 147 178 180 | 232 259 261 | 177 178 180 | 147 180 262 | 296 299 300 | 201 205 206 | 146 265 268 | 119 120 122 | 146 178 264 | 180 182 262 | 146 266 268 | 205 206 235 | 146 147 266 | 146 147 178 | 266 267 268 | 178 261 265 | 178 181 182 | 146 265 268 | 146 267 268 | 261 262 264 | 178 180 262 | 178 181 261 | 146 149 267 | 119 120 122 | 146 147 178 | 146 265 270 | 144 146 147 | 147 180 262 | 

M = 396 401 403 
293 296 297 | 391 438 440 | 338 339 376 | 335 336 339 | 438 439 440 | 377 379 380 | 344 345 346 | 438 439 440 | 333 390 434 | 320 325 327 | 311 316 318 | 379 418 419 | 357 358 359 | 341 377 379 | 400 401 419 | 283 284 286 | 336 339 403 | 438 440 442 | 439 440 441 | 400 401 403 | 345 347 370 | 342 345 346 | 335 336 338 | 339 341 376 | 331 333 337 | 435 438 440 | 336 403 407 | 292 316 318 | 343 345 346 | 345 346 370 | 435 438 440 | 326 329 334 | 283 290 292 | 436 438 440 | 438 439 440 | 336 403 407 | 400 403 419 | 408 409 411 | 286 290 293 | 319 322 326 | 312 316 319 | 329 335 336 | 284 286 288 | 400 401 403 | 335 403 405 | 336 408 409 | 336 339 403 | 318 319 325 | 318 319 322 | 338 339 341 | 330 335 403 | 289 293 321 | 339 341 415 | 336 339 403 | 286 290 293 | 313 318 320 | 341 377 379 | 349 350 369 | 377 379 380 | 435 438 440 | 317 318 324 | 434 438 440 | 438 440 441 | 329 334 336 | 336 407 408 | 

M = 165 190 194 
123 124 126 | 165 168 191 | 164 165 168 | 164 165 249 | 126 127 208 | 194 242 243 | 164 165 167 | 242 243 244 | 126 206 208 | 164 165 167 | 164 165 249 | 127 130 197 | 139 141 142 | 126 127 196 | 157 158 163 | 163 164 165 | 157 164 165 | 242 245 248 | 163 164 165 | 164 165 249 | 242 246 247 | 243 244 245 | 158 237 251 | 164 165 167 | 191 194 242 | 243 244 246 | 242 244 245 | 164 165 249 | 162 164 165 | 122 123 135 | 164 165 167 | 243 244 245 | 167 168 172 | 164 165 249 | 164 165 167 | 194 242 245 | 127 130 197 | 124 126 127 | 134 136 140 | 164 165 249 | 157 165 167 | 164 165 167 | 204 206 237 | 164 165 167 | 242 243 244 | 164 165 167 | 194 242 243 | 242 243 244 | 194 242 244 | 164 165 249 | 242 243 244 | 126 127 208 | 242 243 247 | 164 165 167 | 123 127 135 | 193 218 219 | 239 248 251 | 157 164 165 | 157 158 249 | 164 165 249 | 165 167 190 | 242 243 245 | 164 165 249 | 194 242 245 | 194 242 243 | 164 165 167 | 139 142 143 | 124 127 208 | 164 165 168 | 193 194 242 | 164 165 249 | 158 250 251 | 190 217 219 | 164 165 167 | 164 165 169 | 126 127 130 | 123 127 208 | 

FREQUENCIES
165: 33
164: 29
146: 20
178: 18
242: 17
167: 14
147: 13
440: 12
243: 12
403: 11
249: 11
438: 11
336: 11
127: 10
194: 9
244: 9
180: 9
267: 8
339: 8
265: 7
126: 7
268: 7
245: 7
262: 6
261: 6
318: 6
206: 6
345: 5
341: 5
379: 5
335: 5
157: 5
208: 5
346: 4
401: 4
400: 4
286: 4
123: 4
266: 4
377: 4
319: 4
293: 4
439: 4
181: 4
168: 4
158: 4
122: 4
130: 3
269: 3
296: 3
419: 3
316: 3
205: 3
119: 3
290: 3
435: 3
338: 3
251: 3
407: 3
182: 3
190: 3
163: 3
408: 3
329: 3
124: 3
264: 2
219: 2
135: 2
139: 2
283: 2
284: 2
409: 2
299: 2
376: 2
201: 2
311: 2
191: 2
193: 2
274: 2
303: 2
300: 2
441: 2
380: 2
247: 2
246: 2
248: 2
292: 2
434: 2
334: 2
333: 2
259: 2
179: 2
312: 2
197: 2
370: 2
237: 2
322: 2
320: 2
326: 2
325: 2
142: 2
120: 2
217: 1
210: 1
218: 1
136: 1
134: 1
344: 1
347: 1
263: 1
415: 1
411: 1
297: 1
418: 1
313: 1
196: 1
270: 1
391: 1
390: 1
396: 1
289: 1
143: 1
369: 1
302: 1
308: 1
309: 1
442: 1
305: 1
307: 1
436: 1
337: 1
331: 1
330: 1
144: 1
177: 1
250: 1
172: 1
288: 1
405: 1
342: 1
317: 1
343: 1
169: 1
229: 1
228: 1
162: 1
349: 1
273: 1
150: 1
239: 1
235: 1
232: 1
321: 1
327: 1
324: 1
203: 1
145: 1
204: 1
140: 1
141: 1
149: 1
357: 1
350: 1
359: 1
358: 1
