D102m2.txt,0, | 281 293 298 | 201 208 226 | 292 297 311 | ,Score: 0

D106m3.txt,0, | 337 403 415 | 146 150 178 | 343 345 376 | ,Score: 0

D107m0.txt,0, | 296 311 318 | 333 336 403 | 123 127 208 | ,Score: 0

D110m2.txt,0, | 165 168 191 | 164 165 168 | 164 165 249 | ,Score: 0

D202m2.txt,0, | 124 126 207 | 325 331 401 | 380 418 421 | ,Score: 0

D203m5.txt,0, | 261 263 265 | 344 346 375 | 346 349 370 | ,Score: 0

D204m0.txt,0, | 146 178 267 | 333 391 434 | 122 208 224 | ,Score: 0

D206mR.txt,0, | 147 178 262 | 288 325 396 | 124 128 135 | ,Score: 0

D210m8.txt,0, | 288 314 318 | 318 321 324 | 148 262 266 | ,Score: 0

D214m3.txt,0, | 194 242 243 | 165 190 194 | 242 243 244 | ,Score: 0

D215m7.txt,0, | 145 146 178 | 178 182 226 | 123 127 208 | ,Score: 0

D216m1.txt,0, | 157 165 167 | 357 358 360 | 157 164 249 | ,Score: 0

D217m3.txt,0, | 178 261 265 | 291 313 318 | 282 290 297 | ,Score: 0

D218m7.txt,0, | 400 401 419 | 193 196 242 | 123 208 224 | ,Score: 0

D221m4.txt,0, | 145 265 267 | 229 232 261 | 280 283 286 | ,Score: 0

D222m6.txt,0, | 229 232 261 | 278 299 306 | 300 302 306 | ,Score: 0

D228m5.txt,0, | 158 162 251 | 161 164 167 | 157 164 249 | ,Score: 0

D229m1.txt,0, | 191 240 242 | 163 165 169 | 157 164 249 | ,Score: 0

D231m7.txt,0, | 148 260 263 | 178 181 261 | 363 391 442 | ,Score: 0

D239m5.txt,0, | 179 261 265 | 352 365 368 | 352 356 360 | ,Score: 0

D301m9.txt,0, | 440 441 443 | 120 124 208 | 346 348 370 | ,Score: 0

D302m1.txt,0, | 342 345 346 | 335 336 338 | 178 261 265 | ,Score: 0

D304m4.txt,0, | 229 232 261 | 274 278 303 | 178 182 261 | ,Score: 0

D305m1.txt,0, | 385 388 408 | 147 178 263 | 391 435 439 | ,Score: 0

D306m2.txt,0, | 165 168 191 | 130 190 194 | 300 302 304 | ,Score: 0

D307m2.txt,0, | 175 178 261 | 337 403 407 | 145 177 267 | ,Score: 0

D308m5.txt,0, | 242 245 248 | 157 164 249 | 157 162 164 | ,Score: 0

D310m9.txt,0, | 124 135 138 | 351 366 369 | 340 343 377 | ,Score: 0

D311m8.txt,0, | 157 165 167 | 241 244 247 | 168 171 191 | ,Score: 0

D312m9.txt,0, | 158 163 250 | 157 161 164 | 194 243 245 | ,Score: 0

D313m5.txt,0, | 142 143 146 | 388 411 415 | 435 438 440 | ,Score: 0

D314m8.txt,0, | 143 147 175 | 290 296 314 | 281 293 296 | ,Score: 0

D315m6.txt,0, | 284 286 290 | 267 271 273 | 196 237 239 | ,Score: 0

D317m4.txt,0, | 287 293 321 | 177 182 261 | 336 403 406 | ,Score: 0

D318m3.txt,0, | 400 403 419 | 123 127 208 | 336 408 409 | ,Score: 0

D319m6.txt,0, | 179 261 265 | 393 440 441 | 143 146 147 | ,Score: 0

D320m3.txt,0, | 157 165 249 | 157 164 249 | 164 165 167 | ,Score: 0

D321m1.txt,0, | 157 235 237 | 317 319 322 | 311 313 317 | ,Score: 0

D322m0.txt,0, | 162 164 167 | 296 298 311 | 194 240 243 | ,Score: 0

D323m1.txt,0, | 164 165 167 | 194 242 243 | 242 243 244 | ,Score: 0

D324m6.txt,0, | 194 242 243 | 164 165 249 | 242 243 244 | ,Score: 0

D325m0.txt,0, | 126 130 197 | 292 299 311 | 341 375 378 | ,Score: 0

D326m0.txt,0, | 120 124 208 | 178 262 267 | 124 127 199 | ,Score: 0

D327m7.txt,0, | 125 132 196 | 341 376 405 | 336 405 408 | ,Score: 0

D328m3.txt,0, | 337 403 407 | 262 265 267 | 146 265 268 | ,Score: 0

D330m1.txt,0, | 337 407 409 | 124 127 135 | 335 403 407 | ,Score: 0

D331m0.txt,0, | 194 242 247 | 190 193 218 | 161 164 167 | ,Score: 0

D332m4.txt,0, | 296 300 307 | 337 340 403 | 177 182 261 | ,Score: 0

D333m4.txt,0, | 330 335 403 | 124 126 132 | 135 141 211 | ,Score: 0

D403m6.txt,0, | 146 178 267 | 289 293 321 | 339 408 415 | ,Score: 0

D407m5.txt,0, | 181 229 262 | 335 339 403 | 146 178 266 | ,Score: 0

D408m8.txt,0, | 434 440 443 | 197 241 248 | 177 262 267 | ,Score: 0

D409m5.txt,0, | 282 296 313 | 396 403 419 | 146 178 266 | ,Score: 0

D410mR.txt,0, | 157 161 164 | 157 158 249 | 157 165 249 | ,Score: 0

D413m2.txt,0, | 165 190 194 | 194 243 245 | 164 249 252 | ,Score: 0

D414m2.txt,0, | 177 264 267 | 336 339 403 | 178 229 262 | ,Score: 0

D421m7.txt,0, | 241 245 248 | 241 244 245 | 165 190 194 | ,Score: 0

D428m7.txt,0, | 288 324 396 | 139 143 214 | 178 260 262 | ,Score: 0

D430mR.txt,0, | 343 375 378 | 178 261 265 | 379 419 421 | ,Score: 0

D431m9.txt,0, | 136 213 215 | 231 258 261 | 177 262 267 | ,Score: 0

D438m9.txt,0, | 120 122 208 | 290 293 296 | 178 181 229 | ,Score: 0

D450m5.txt,0, | 157 165 167 | 194 241 243 | 157 165 249 | ,Score: 0

D453m0.txt,0, | 178 184 261 | 289 441 442 | 146 265 271 | ,Score: 0

D459m2.txt,0, | 190 217 219 | 163 166 251 | 165 190 194 | ,Score: 0

D462m1.txt,0, | 326 329 334 | 365 368 388 | 400 403 419 | ,Score: 0

D464m0.txt,0, | 146 178 267 | 334 335 407 | 122 141 143 | ,Score: 0

