D102m2.txt,24, | 267 269 274 | 203 205 206 | 293 296 297 | ,Score: 53.9244

D106m3.txt,20, | 391 438 440 | 146 150 269 | 338 339 376 | ,Score: 25.3222

D107m0.txt,23, | 305 307 311 | 335 336 339 | 123 124 126 | ,Score: 34.9749

D110m2.txt,7, | 165 168 191 | 164 165 168 | 164 165 249 | ,Score: 39.6586

D202m2.txt,15, | 229 259 261 | 438 439 440 | 377 379 380 | ,Score: 30.9152

D203m5.txt,15, | 146 265 267 | 344 345 346 | 438 439 440 | ,Score: 25.6154

D204m0.txt,8, | 267 273 274 | 333 390 434 | 119 122 210 | ,Score: 18.6116

D206mR.txt,17, | 146 147 178 | 320 325 327 | 126 127 208 | ,Score: 32.7717

D210m8.txt,15, | 311 316 318 | 379 418 419 | 145 147 268 | ,Score: 20.8473

D214m3.txt,7, | 194 242 243 | 164 165 167 | 242 243 244 | ,Score: 39.7739

D215m7.txt,20, | 146 178 179 | 178 179 182 | 126 206 208 | ,Score: 36.6412

D216m1.txt,4, | 164 165 167 | 357 358 359 | 164 165 249 | ,Score: 31.9228

D217m3.txt,20, | 147 178 180 | 296 308 312 | 341 377 379 | ,Score: 32.7013

D218m7.txt,22, | 400 401 419 | 127 130 197 | 147 262 263 | ,Score: 24.0869

D221m4.txt,19, | 139 141 142 | 201 206 228 | 283 284 286 | ,Score: 24.9487

D222m6.txt,22, | 126 127 196 | 336 339 403 | 299 303 309 | ,Score: 21.9665

D228m5.txt,7, | 157 158 163 | 163 164 165 | 157 164 165 | ,Score: 34.5833

D229m1.txt,6, | 242 245 248 | 163 164 165 | 164 165 249 | ,Score: 42.0708

D231m7.txt,15, | 242 246 247 | 178 181 261 | 438 440 442 | ,Score: 27.0236

D239m5.txt,19, | 178 180 181 | 439 440 441 | 243 244 245 | ,Score: 44.3038

D301m9.txt,16, | 400 401 403 | 146 178 265 | 345 347 370 | ,Score: 24.5391

D302m1.txt,14, | 342 345 346 | 335 336 338 | 146 265 269 | ,Score: 24.2205

D304m4.txt,17, | 158 237 251 | 339 341 376 | 146 178 267 | ,Score: 21.9642

D305m1.txt,18, | 331 333 337 | 147 178 180 | 435 438 440 | ,Score: 24.8651

D306m2.txt,4, | 164 165 167 | 191 194 242 | 300 302 303 | ,Score: 25.1261

D307m2.txt,14, | 243 244 246 | 336 403 407 | 146 147 268 | ,Score: 25.0679

D308m5.txt,5, | 242 244 245 | 164 165 249 | 162 164 165 | ,Score: 34.6388

D310m9.txt,21, | 122 123 135 | 292 316 318 | 343 345 346 | ,Score: 19.5954

D311m8.txt,7, | 164 165 167 | 243 244 245 | 167 168 172 | ,Score: 35.5869

D312m9.txt,11, | 164 165 249 | 164 165 167 | 194 242 245 | ,Score: 51.994

D313m5.txt,17, | 146 266 267 | 345 346 370 | 435 438 440 | ,Score: 22.2615

D314m8.txt,18, | 147 178 180 | 326 329 334 | 283 290 292 | ,Score: 17.2936

D315m6.txt,17, | 436 438 440 | 232 259 261 | 127 130 197 | ,Score: 23.2453

D317m4.txt,21, | 438 439 440 | 177 178 180 | 336 403 407 | ,Score: 39.2458

D318m3.txt,15, | 400 403 419 | 124 126 127 | 408 409 411 | ,Score: 17.0474

D319m6.txt,21, | 147 180 262 | 286 290 293 | 134 136 140 | ,Score: 20.4966

D320m3.txt,5, | 164 165 249 | 157 165 167 | 164 165 167 | ,Score: 35.7936

D321m1.txt,19, | 204 206 237 | 319 322 326 | 312 316 319 | ,Score: 32.1488

D322m0.txt,10, | 164 165 167 | 296 299 300 | 242 243 244 | ,Score: 48.5501

D323m1.txt,4, | 164 165 167 | 194 242 243 | 242 243 244 | ,Score: 23.1731

D324m6.txt,4, | 194 242 244 | 164 165 249 | 242 243 244 | ,Score: 28.4417

D325m0.txt,18, | 201 205 206 | 146 265 268 | 329 335 336 | ,Score: 29.3791

D326m0.txt,17, | 119 120 122 | 284 286 288 | 126 127 208 | ,Score: 31.3661

D327m7.txt,16, | 146 178 264 | 400 401 403 | 335 403 405 | ,Score: 25.0481

D328m3.txt,13, | 336 408 409 | 180 182 262 | 146 266 268 | ,Score: 23.4649

D330m1.txt,14, | 336 339 403 | 205 206 235 | 318 319 325 | ,Score: 24.4536

D331m0.txt,8, | 242 243 247 | 165 190 194 | 164 165 167 | ,Score: 33.1435

D332m4.txt,17, | 318 319 322 | 338 339 341 | 146 147 266 | ,Score: 25.9029

D333m4.txt,18, | 330 335 403 | 123 127 135 | 146 147 178 | ,Score: 40.0059

D403m6.txt,10, | 266 267 268 | 289 293 321 | 339 341 415 | ,Score: 23.2629

D407m5.txt,13, | 178 261 265 | 336 339 403 | 193 218 219 | ,Score: 21.4205

D408m8.txt,18, | 286 290 293 | 239 248 251 | 178 181 182 | ,Score: 21.8677

D409m5.txt,16, | 313 318 320 | 341 377 379 | 146 265 268 | ,Score: 28.9319

D410mR.txt,4, | 157 164 165 | 157 158 249 | 164 165 249 | ,Score: 28.3522

D413m2.txt,11, | 165 167 190 | 242 243 245 | 164 165 249 | ,Score: 70.2936

D414m2.txt,14, | 146 267 268 | 396 401 403 | 261 262 264 | ,Score: 23.9023

D421m7.txt,4, | 194 242 245 | 194 242 243 | 164 165 167 | ,Score: 25.8186

D428m7.txt,13, | 349 350 369 | 139 142 143 | 178 180 262 | ,Score: 32.8869

D430mR.txt,15, | 377 379 380 | 178 181 261 | 435 438 440 | ,Score: 28.9674

D431m9.txt,19, | 124 127 208 | 317 318 324 | 146 149 267 | ,Score: 22.395

D438m9.txt,10, | 119 120 122 | 434 438 440 | 146 147 178 | ,Score: 26.6376

D450m5.txt,4, | 164 165 168 | 193 194 242 | 164 165 249 | ,Score: 29.7146

D453m0.txt,15, | 158 250 251 | 438 440 441 | 146 265 270 | ,Score: 26.112

D459m2.txt,5, | 190 217 219 | 164 165 167 | 164 165 169 | ,Score: 24.5979

D462m1.txt,18, | 329 334 336 | 126 127 130 | 144 146 147 | ,Score: 23.0216

D464m0.txt,22, | 147 180 262 | 336 407 408 | 123 127 208 | ,Score: 27.0716

