M = 146 178 265 
146 266 267 | 146 150 269 | 146 265 266 | 229 259 261 | 146 265 267 | 267 273 274 | 119 122 210 | 122 123 208 | 146 147 268 | 146 178 179 | 178 261 265 | 182 229 262 | 146 265 266 | 299 303 309 | 178 181 261 | 178 180 181 | 178 261 265 | 267 272 274 | 147 178 180 | 146 147 268 | 146 266 267 | 147 178 180 | 232 259 261 | 122 123 208 | 177 178 180 | 258 259 261 | 146 147 268 | 146 265 268 | 119 120 122 | 146 178 264 | 146 266 268 | 146 266 268 | 146 147 266 | 146 147 178 | 266 267 268 | 178 261 265 | 178 181 182 | 146 265 268 | 146 267 268 | 139 142 143 | 178 180 262 | 181 228 261 | 146 149 267 | 119 120 122 | 178 181 182 | 146 265 270 | 144 146 147 | 147 262 265 | 

M = 165 240 248 
203 205 206 | 127 196 197 | 165 168 191 | 164 165 249 | 164 165 168 | 135 136 141 | 194 242 243 | 164 165 167 | 242 243 244 | 126 206 208 | 164 165 249 | 164 165 167 | 123 134 136 | 127 196 197 | 157 164 249 | 157 164 165 | 242 243 245 | 164 165 249 | 242 245 248 | 242 246 247 | 136 140 215 | 159 251 253 | 126 127 208 | 190 217 218 | 165 190 194 | 164 165 167 | 243 244 246 | 242 244 245 | 164 165 249 | 162 164 165 | 122 123 135 | 157 164 165 | 243 244 245 | 164 165 167 | 164 165 249 | 164 165 167 | 194 242 245 | 127 130 197 | 130 193 241 | 127 130 134 | 164 165 249 | 157 164 165 | 164 165 167 | 204 206 237 | 164 165 167 | 242 243 244 | 164 165 167 | 194 242 243 | 242 243 244 | 194 242 244 | 194 243 244 | 164 165 249 | 201 205 206 | 126 127 208 | 242 243 244 | 205 206 235 | 242 243 247 | 164 165 167 | 165 190 194 | 136 137 139 | 123 127 135 | 243 244 245 | 193 218 219 | 239 248 251 | 164 165 249 | 157 164 165 | 157 161 164 | 158 163 249 | 242 243 245 | 164 165 249 | 165 190 194 | 194 242 245 | 164 165 167 | 243 244 247 | 124 127 208 | 194 242 244 | 164 165 168 | 193 194 242 | 158 250 251 | 165 190 194 | 194 242 243 | 164 165 167 | 123 127 208 | 

M = 396 401 403 
293 296 299 | 336 339 403 | 290 293 296 | 335 336 339 | 438 439 440 | 377 379 380 | 344 345 346 | 438 439 440 | 333 390 434 | 288 292 320 | 387 388 409 | 324 325 401 | 438 439 440 | 357 358 359 | 401 403 419 | 439 440 441 | 400 401 419 | 283 284 286 | 290 293 318 | 336 339 403 | 438 440 442 | 336 403 407 | 362 364 365 | 336 337 403 | 342 343 377 | 339 341 376 | 435 438 440 | 331 333 337 | 336 403 407 | 292 316 318 | 343 345 346 | 359 451 454 | 410 411 412 | 283 290 292 | 326 329 334 | 436 438 440 | 287 321 324 | 336 408 409 | 286 290 293 | 312 316 319 | 379 419 421 | 296 299 300 | 293 297 300 | 284 286 288 | 341 342 379 | 336 337 409 | 408 409 410 | 326 329 334 | 318 319 322 | 330 335 403 | 341 344 377 | 336 339 403 | 286 290 293 | 313 318 320 | 341 377 379 | 338 339 403 | 349 350 369 | 377 379 380 | 312 317 318 | 434 438 440 | 438 440 441 | 437 438 441 | 336 339 403 | 336 407 408 | 

FREQUENCIES
165: 33
164: 29
146: 22
242: 18
243: 15
178: 15
194: 13
244: 12
265: 11
403: 11
249: 11
336: 11
167: 11
127: 9
268: 9
440: 9
438: 9
147: 9
261: 8
267: 8
266: 8
245: 8
339: 7
208: 7
123: 6
293: 6
157: 6
122: 6
379: 5
377: 5
318: 5
190: 5
206: 5
290: 5
180: 5
181: 5
136: 4
341: 4
401: 4
409: 4
286: 4
439: 4
130: 3
135: 3
262: 3
126: 3
299: 3
296: 3
292: 3
419: 3
197: 3
193: 3
119: 3
441: 3
247: 3
248: 3
337: 3
259: 3
251: 3
407: 3
182: 3
168: 3
408: 3
205: 3
218: 2
134: 2
139: 2
344: 2
288: 2
346: 2
283: 2
284: 2
120: 2
410: 2
319: 2
196: 2
274: 2
300: 2
380: 2
246: 2
434: 2
335: 2
333: 2
345: 2
312: 2
342: 2
343: 2
316: 2
229: 2
158: 2
320: 2
326: 2
324: 2
329: 2
334: 2
359: 2
217: 1
215: 1
210: 1
264: 1
219: 1
137: 1
400: 1
454: 1
269: 1
411: 1
412: 1
297: 1
376: 1
201: 1
313: 1
191: 1
270: 1
272: 1
390: 1
396: 1
142: 1
143: 1
369: 1
421: 1
364: 1
365: 1
362: 1
309: 1
303: 1
442: 1
241: 1
240: 1
388: 1
436: 1
437: 1
435: 1
338: 1
451: 1
331: 1
330: 1
144: 1
258: 1
179: 1
177: 1
253: 1
250: 1
162: 1
317: 1
228: 1
161: 1
387: 1
163: 1
349: 1
273: 1
287: 1
150: 1
159: 1
239: 1
235: 1
237: 1
232: 1
322: 1
321: 1
325: 1
203: 1
204: 1
140: 1
141: 1
149: 1
357: 1
350: 1
124: 1
358: 1
