D102m2.txt,0, | 281 293 298 | 201 208 226 | 299 305 311 | ,Score: 0

D106m3.txt,0, | 337 403 415 | 146 150 178 | 391 436 440 | ,Score: 0

D107m0.txt,0, | 197 248 250 | 318 322 325 | 123 127 208 | ,Score: 0

D110m2.txt,0, | 165 168 191 | 164 165 249 | 164 165 167 | ,Score: 0

D202m2.txt,0, | 124 126 207 | 325 331 401 | 380 418 421 | ,Score: 0

D203m5.txt,0, | 261 263 265 | 344 346 375 | 346 349 370 | ,Score: 0

D204m0.txt,0, | 146 178 267 | 333 391 434 | 122 208 224 | ,Score: 0

D206mR.txt,0, | 282 292 299 | 124 128 135 | 328 392 396 | ,Score: 0

D210m8.txt,0, | 288 314 321 | 148 262 266 | 123 127 135 | ,Score: 0

D214m3.txt,0, | 194 242 243 | 165 190 194 | 242 243 244 | ,Score: 0

D215m7.txt,0, | 201 206 235 | 177 182 261 | 123 127 208 | ,Score: 0

D216m1.txt,0, | 357 359 360 | 157 164 249 | 164 165 167 | ,Score: 0

D217m3.txt,0, | 364 368 370 | 435 438 441 | 279 291 296 | ,Score: 0

D218m7.txt,0, | 229 259 262 | 146 150 178 | 124 127 135 | ,Score: 0

D221m4.txt,0, | 182 230 261 | 280 283 286 | 230 232 258 | ,Score: 0

D222m6.txt,0, | 274 278 302 | 436 438 441 | 336 339 408 | ,Score: 0

D228m5.txt,0, | 158 162 251 | 157 161 164 | 194 243 245 | ,Score: 0

D229m1.txt,0, | 165 191 240 | 157 164 249 | 240 245 248 | ,Score: 0

D231m7.txt,0, | 178 260 263 | 147 179 263 | 363 391 442 | ,Score: 0

D239m5.txt,0, | 352 356 444 | 336 403 407 | 352 364 369 | ,Score: 0

D301m9.txt,0, | 401 403 419 | 146 178 265 | 123 127 208 | ,Score: 0

D302m1.txt,0, | 341 342 345 | 178 261 265 | 146 177 265 | ,Score: 0

D304m4.txt,0, | 341 345 376 | 274 278 303 | 183 259 261 | ,Score: 0

D305m1.txt,0, | 366 391 412 | 147 178 263 | 398 401 419 | ,Score: 0

D306m2.txt,0, | 169 190 218 | 165 190 194 | 165 168 190 | ,Score: 0

D307m2.txt,0, | 175 178 261 | 337 403 407 | 145 177 267 | ,Score: 0

D308m5.txt,0, | 242 245 248 | 157 164 249 | 157 162 164 | ,Score: 0

D310m9.txt,0, | 124 135 138 | 351 366 369 | 345 347 370 | ,Score: 0

D311m8.txt,0, | 157 158 250 | 241 244 247 | 168 171 191 | ,Score: 0

D312m9.txt,0, | 158 163 250 | 157 161 164 | 194 243 245 | ,Score: 0

D313m5.txt,0, | 142 143 146 | 388 412 415 | 388 408 411 | ,Score: 0

D314m8.txt,0, | 143 147 175 | 290 296 314 | 436 438 441 | ,Score: 0

D315m6.txt,0, | 267 271 274 | 436 438 440 | 196 237 239 | ,Score: 0

D317m4.txt,0, | 123 126 208 | 287 293 321 | 177 182 261 | ,Score: 0

D318m3.txt,0, | 336 340 403 | 123 127 208 | 193 196 241 | ,Score: 0

D319m6.txt,0, | 134 193 215 | 393 440 441 | 147 179 262 | ,Score: 0

D320m3.txt,0, | 165 248 249 | 157 164 249 | 164 165 167 | ,Score: 0

D321m1.txt,0, | 157 235 237 | 311 313 318 | 421 424 426 | ,Score: 0

D322m0.txt,0, | 163 165 167 | 296 298 311 | 194 240 243 | ,Score: 0

D323m1.txt,0, | 164 165 167 | 194 242 243 | 242 243 244 | ,Score: 0

D324m6.txt,0, | 194 242 244 | 194 243 244 | 164 165 249 | ,Score: 0

D325m0.txt,0, | 126 196 197 | 292 299 311 | 123 127 135 | ,Score: 0

D326m0.txt,0, | 119 123 124 | 178 262 267 | 124 126 199 | ,Score: 0

D327m7.txt,0, | 125 132 197 | 336 403 405 | 196 242 244 | ,Score: 0

D328m3.txt,0, | 337 339 408 | 400 403 418 | 388 408 411 | ,Score: 0

D330m1.txt,0, | 146 178 267 | 334 337 407 | 124 127 135 | ,Score: 0

D331m0.txt,0, | 190 194 219 | 161 164 167 | 165 190 194 | ,Score: 0

D332m4.txt,0, | 293 296 299 | 123 134 139 | 177 182 261 | ,Score: 0

D333m4.txt,0, | 330 335 403 | 123 127 208 | 135 141 211 | ,Score: 0

D403m6.txt,0, | 147 267 271 | 339 403 407 | 146 178 266 | ,Score: 0

D407m5.txt,0, | 181 229 262 | 335 339 403 | 146 178 266 | ,Score: 0

D408m8.txt,0, | 434 440 443 | 197 241 248 | 177 262 267 | ,Score: 0

D409m5.txt,0, | 396 403 419 | 379 419 421 | 146 178 266 | ,Score: 0

D410mR.txt,0, | 157 165 249 | 157 164 165 | 157 161 164 | ,Score: 0

D413m2.txt,0, | 158 249 252 | 194 243 245 | 164 249 252 | ,Score: 0

D414m2.txt,0, | 401 403 418 | 336 339 403 | 177 262 267 | ,Score: 0

D421m7.txt,0, | 130 194 220 | 241 245 248 | 164 165 249 | ,Score: 0

D428m7.txt,0, | 288 324 396 | 139 143 214 | 178 260 262 | ,Score: 0

D430mR.txt,0, | 146 175 178 | 228 259 262 | 343 378 380 | ,Score: 0

D431m9.txt,0, | 136 213 215 | 317 318 324 | 228 259 262 | ,Score: 0

D438m9.txt,0, | 146 178 179 | 181 229 262 | 290 293 296 | ,Score: 0

D450m5.txt,0, | 194 242 244 | 157 165 249 | 193 194 242 | ,Score: 0

D453m0.txt,0, | 178 184 261 | 289 441 442 | 146 265 271 | ,Score: 0

D459m2.txt,0, | 169 194 219 | 194 242 243 | 164 166 169 | ,Score: 0

D462m1.txt,0, | 387 388 411 | 142 144 146 | 333 337 403 | ,Score: 0

D464m0.txt,0, | 120 122 208 | 143 146 147 | 228 259 262 | ,Score: 0

