M = 146 178 267 
203 205 206 | 146 266 267 | 146 150 269 | 305 307 311 | 229 259 261 | 146 265 267 | 267 273 274 | 119 122 210 | 146 147 178 | 147 262 266 | 146 178 179 | 178 179 182 | 147 178 180 | 296 308 312 | 259 261 262 | 119 122 123 | 201 206 228 | 232 258 261 | 299 301 303 | 181 261 262 | 147 262 263 | 178 180 181 | 178 261 265 | 146 265 269 | 147 178 180 | 146 147 178 | 300 302 303 | 146 147 268 | 177 178 180 | 146 266 267 | 147 178 180 | 232 259 261 | 146 267 268 | 177 178 180 | 147 180 262 | 146 265 268 | 205 206 235 | 119 120 122 | 146 178 264 | 146 266 268 | 146 266 268 | 205 206 235 | 146 147 266 | 146 147 178 | 266 267 268 | 146 265 266 | 178 181 261 | 265 268 269 | 146 267 268 | 178 180 262 | 178 181 261 | 124 208 226 | 142 143 146 | 119 120 122 | 178 181 182 | 146 265 270 | 144 146 147 | 265 267 268 | 

M = 333 390 434 
293 296 299 | 391 438 440 | 338 339 376 | 335 336 339 | 438 439 440 | 377 379 380 | 344 345 346 | 438 439 440 | 320 325 327 | 324 325 401 | 357 358 359 | 341 377 379 | 283 284 286 | 336 339 403 | 438 440 442 | 439 440 441 | 336 337 403 | 335 336 338 | 342 345 346 | 339 341 376 | 385 388 408 | 336 403 407 | 292 316 318 | 388 410 411 | 326 329 334 | 283 290 292 | 436 438 440 | 336 403 407 | 438 439 440 | 400 403 419 | 408 409 411 | 286 290 293 | 312 316 319 | 439 440 442 | 284 286 288 | 400 401 403 | 341 342 405 | 336 337 409 | 408 409 410 | 326 329 334 | 359 360 362 | 318 319 322 | 338 339 341 | 330 335 403 | 289 293 321 | 339 341 415 | 336 339 403 | 346 349 369 | 438 440 442 | 341 377 379 | 396 401 403 | 362 363 442 | 342 379 380 | 435 438 440 | 312 317 318 | 434 438 440 | 336 337 338 | 293 297 300 | 437 438 441 | 336 339 403 | 336 407 408 | 

M = 165 190 194 
122 123 124 | 164 165 168 | 164 165 249 | 165 167 168 | 126 127 208 | 135 136 141 | 242 243 244 | 194 242 243 | 164 165 167 | 126 206 208 | 164 165 167 | 164 165 249 | 130 193 197 | 139 141 142 | 157 163 164 | 157 164 165 | 162 164 165 | 157 159 251 | 164 165 249 | 242 245 248 | 136 141 215 | 136 140 215 | 194 197 241 | 164 165 167 | 243 244 246 | 242 244 245 | 164 165 249 | 162 164 165 | 123 135 136 | 243 244 245 | 243 244 247 | 164 165 167 | 158 159 251 | 164 165 167 | 194 242 245 | 123 124 127 | 124 126 127 | 134 136 140 | 242 245 248 | 248 249 251 | 164 165 249 | 156 158 235 | 123 134 136 | 242 243 244 | 164 165 167 | 194 242 244 | 242 243 244 | 164 165 167 | 194 242 243 | 194 242 244 | 164 165 249 | 242 243 244 | 126 127 208 | 242 243 247 | 164 165 167 | 123 127 135 | 158 161 251 | 136 137 140 | 157 164 165 | 157 164 249 | 164 165 249 | 165 167 190 | 242 243 245 | 164 165 249 | 242 243 244 | 194 242 245 | 164 165 167 | 130 194 241 | 139 142 143 | 193 194 242 | 164 165 168 | 164 165 249 | 164 165 167 | 164 165 169 | 123 127 208 | 

FREQUENCIES
165: 30
164: 28
146: 22
178: 18
242: 17
243: 12
167: 12
147: 12
194: 11
440: 11
244: 11
249: 11
336: 11
403: 10
438: 10
267: 9
268: 9
266: 8
265: 8
339: 8
180: 8
261: 8
136: 7
123: 7
245: 7
341: 6
262: 6
127: 6
122: 5
206: 5
439: 5
181: 5
157: 5
208: 5
126: 4
379: 4
293: 4
119: 4
442: 4
338: 4
251: 4
408: 4
124: 4
135: 3
346: 3
401: 3
409: 3
286: 3
269: 3
377: 3
318: 3
190: 3
205: 3
248: 3
335: 3
337: 3
259: 3
407: 3
312: 3
342: 3
168: 3
158: 3
235: 3
142: 3
140: 3
141: 3
215: 2
130: 2
134: 2
139: 2
345: 2
400: 2
283: 2
284: 2
410: 2
411: 2
299: 2
296: 2
292: 2
376: 2
319: 2
193: 2
362: 2
303: 2
300: 2
441: 2
380: 2
247: 2
241: 2
388: 2
290: 2
434: 2
334: 2
179: 2
177: 2
182: 2
197: 2
316: 2
162: 2
159: 2
232: 2
326: 2
325: 2
329: 2
143: 2
120: 2
359: 2
210: 1
264: 1
137: 1
344: 1
369: 1
263: 1
363: 1
415: 1
297: 1
201: 1
311: 1
317: 1
270: 1
391: 1
390: 1
274: 1
396: 1
289: 1
226: 1
302: 1
360: 1
308: 1
301: 1
305: 1
307: 1
246: 1
385: 1
419: 1
436: 1
437: 1
435: 1
330: 1
333: 1
144: 1
258: 1
288: 1
405: 1
169: 1
229: 1
228: 1
161: 1
163: 1
349: 1
273: 1
150: 1
156: 1
322: 1
320: 1
321: 1
327: 1
324: 1
203: 1
357: 1
358: 1
