D102m2.txt,0, | 281 293 298 | 127 208 211 | 175 178 267 | ,Score: 0

D106m3.txt,0, | 337 403 415 | 146 150 178 | 343 345 376 | ,Score: 0

D107m0.txt,0, | 296 311 318 | 333 336 403 | 123 127 208 | ,Score: 0

D110m2.txt,0, | 165 168 191 | 164 165 249 | 165 167 168 | ,Score: 0

D202m2.txt,0, | 124 126 207 | 325 331 401 | 380 418 421 | ,Score: 0

D203m5.txt,0, | 345 347 370 | 438 439 441 | 261 263 265 | ,Score: 0

D204m0.txt,0, | 146 178 267 | 333 391 434 | 122 208 224 | ,Score: 0

D206mR.txt,0, | 147 178 262 | 288 325 396 | 124 128 135 | ,Score: 0

D210m8.txt,0, | 147 178 262 | 145 148 267 | 288 314 321 | ,Score: 0

D214m3.txt,0, | 194 242 244 | 194 242 243 | 165 190 194 | ,Score: 0

D215m7.txt,0, | 145 146 178 | 178 182 261 | 123 127 208 | ,Score: 0

D216m1.txt,0, | 157 165 167 | 157 165 249 | 357 359 360 | ,Score: 0

D217m3.txt,0, | 178 261 265 | 291 296 318 | 435 439 442 | ,Score: 0

D218m7.txt,0, | 146 150 178 | 123 127 208 | 127 130 135 | ,Score: 0

D221m4.txt,0, | 145 265 267 | 229 232 261 | 280 283 286 | ,Score: 0

D222m6.txt,0, | 229 259 261 | 274 278 302 | 293 299 315 | ,Score: 0

D228m5.txt,0, | 157 163 249 | 163 165 249 | 161 164 167 | ,Score: 0

D229m1.txt,0, | 158 163 251 | 157 164 249 | 165 191 240 | ,Score: 0

D231m7.txt,0, | 148 179 261 | 148 260 263 | 363 391 442 | ,Score: 0

D239m5.txt,0, | 179 261 265 | 352 365 368 | 136 141 215 | ,Score: 0

D301m9.txt,0, | 146 178 265 | 401 403 419 | 123 127 208 | ,Score: 0

D302m1.txt,0, | 178 261 265 | 338 341 342 | 342 345 346 | ,Score: 0

D304m4.txt,0, | 274 278 303 | 183 259 261 | 120 122 124 | ,Score: 0

D305m1.txt,0, | 385 388 408 | 178 261 263 | 147 178 263 | ,Score: 0

D306m2.txt,0, | 300 303 304 | 169 191 218 | 165 168 190 | ,Score: 0

D307m2.txt,0, | 128 197 246 | 145 178 267 | 337 403 407 | ,Score: 0

D308m5.txt,0, | 242 245 248 | 157 164 249 | 157 162 164 | ,Score: 0

D310m9.txt,0, | 351 366 369 | 123 135 138 | 123 127 208 | ,Score: 0

D311m8.txt,0, | 194 241 244 | 241 245 248 | 167 171 190 | ,Score: 0

D312m9.txt,0, | 157 249 251 | 157 164 249 | 194 243 245 | ,Score: 0

D313m5.txt,0, | 146 178 267 | 120 122 124 | 388 411 415 | ,Score: 0

D314m8.txt,0, | 143 147 175 | 295 313 317 | 281 292 296 | ,Score: 0

D315m6.txt,0, | 232 259 261 | 284 286 290 | 267 271 273 | ,Score: 0

D317m4.txt,0, | 287 293 321 | 281 290 297 | 177 182 261 | ,Score: 0

D318m3.txt,0, | 400 403 419 | 123 127 208 | 336 408 409 | ,Score: 0

D319m6.txt,0, | 179 261 265 | 393 440 441 | 143 146 147 | ,Score: 0

D320m3.txt,0, | 242 245 248 | 157 249 251 | 157 164 249 | ,Score: 0

D321m1.txt,0, | 311 317 318 | 157 235 250 | 123 127 135 | ,Score: 0

D322m0.txt,0, | 242 243 245 | 162 164 167 | 194 240 243 | ,Score: 0

D323m1.txt,0, | 242 243 244 | 194 243 244 | 194 242 243 | ,Score: 0

D324m6.txt,0, | 194 242 244 | 164 165 249 | 242 243 244 | ,Score: 0

D325m0.txt,0, | 325 329 401 | 299 303 308 | 123 127 135 | ,Score: 0

D326m0.txt,0, | 178 262 267 | 124 126 199 | 120 123 208 | ,Score: 0

D327m7.txt,0, | 336 403 405 | 341 376 405 | 256 259 261 | ,Score: 0

D328m3.txt,0, | 337 339 408 | 400 403 418 | 388 408 411 | ,Score: 0

D330m1.txt,0, | 146 178 267 | 334 337 407 | 125 130 135 | ,Score: 0

D331m0.txt,0, | 190 194 219 | 359 360 362 | 161 164 167 | ,Score: 0

D332m4.txt,0, | 296 300 307 | 177 182 261 | 337 340 403 | ,Score: 0

D333m4.txt,0, | 330 335 403 | 124 126 132 | 135 141 211 | ,Score: 0

D403m6.txt,0, | 146 178 267 | 289 293 321 | 339 408 415 | ,Score: 0

D407m5.txt,0, | 178 261 265 | 330 336 403 | 346 349 369 | ,Score: 0

D408m8.txt,0, | 177 182 262 | 434 440 443 | 148 175 267 | ,Score: 0

D409m5.txt,0, | 396 403 419 | 267 269 273 | 146 178 266 | ,Score: 0

D410mR.txt,0, | 157 165 249 | 157 164 249 | 164 165 249 | ,Score: 0

D413m2.txt,0, | 165 190 194 | 194 243 245 | 164 249 252 | ,Score: 0

D414m2.txt,0, | 140 212 220 | 336 339 403 | 177 262 267 | ,Score: 0

D421m7.txt,0, | 194 241 244 | 165 190 194 | 130 194 241 | ,Score: 0

D428m7.txt,0, | 288 324 396 | 139 143 214 | 178 260 262 | ,Score: 0

D430mR.txt,0, | 342 345 380 | 375 378 419 | 178 261 265 | ,Score: 0

D431m9.txt,0, | 136 213 215 | 149 177 261 | 139 142 213 | ,Score: 0

D438m9.txt,0, | 146 178 179 | 181 229 262 | 290 293 296 | ,Score: 0

D450m5.txt,0, | 194 242 244 | 157 165 167 | 157 165 249 | ,Score: 0

D453m0.txt,0, | 146 178 265 | 438 441 442 | 281 293 297 | ,Score: 0

D459m2.txt,0, | 169 194 219 | 163 166 251 | 164 166 169 | ,Score: 0

D462m1.txt,0, | 387 388 411 | 147 262 266 | 333 337 403 | ,Score: 0

D464m0.txt,0, | 146 178 267 | 334 335 407 | 265 267 268 | ,Score: 0

