M = 390 434 436 
391 438 440 | 391 438 440 | 438 439 440 | 333 390 434 | 333 334 407 | 392 434 440 | 387 388 392 | 360 362 364 | 438 439 440 | 438 440 441 | 336 408 409 | 388 411 412 | 388 409 411 | 436 438 440 | 286 292 293 | 436 438 440 | 336 337 409 | 408 409 410 | 289 293 321 | 362 363 442 | 390 407 411 | 435 438 440 | 438 440 441 | 293 297 300 | 

M = 400 403 419 
337 339 341 | 377 379 380 | 344 345 346 | 357 358 359 | 358 359 360 | 296 308 312 | 341 377 379 | 299 303 309 | 331 400 403 | 339 341 376 | 343 345 346 | 345 346 370 | 292 317 318 | 283 284 290 | 283 286 290 | 312 316 319 | 296 300 308 | 377 378 379 | 400 401 419 | 341 342 405 | 400 401 403 | 336 339 403 | 319 322 326 | 339 341 415 | 331 335 403 | 345 346 370 | 401 403 419 | 396 401 403 | 399 400 401 | 283 286 290 | 342 377 379 | 326 329 334 | 342 344 375 | 

M = 165 190 194 
274 301 303 | 122 141 211 | 203 205 206 | 123 135 136 | 178 261 265 | 164 165 168 | 164 165 249 | 165 167 168 | 229 259 261 | 146 265 267 | 126 127 130 | 146 147 268 | 135 136 141 | 194 242 243 | 164 165 167 | 206 208 226 | 146 178 179 | 123 134 136 | 164 165 249 | 147 178 180 | 242 243 244 | 135 136 141 | 259 261 262 | 182 228 229 | 277 279 301 | 127 196 197 | 229 232 261 | 134 135 136 | 163 164 165 | 161 162 164 | 157 164 165 | 242 245 248 | 164 165 249 | 163 164 249 | 181 229 261 | 146 147 178 | 178 180 181 | 267 272 274 | 126 127 208 | 164 165 167 | 190 217 218 | 191 194 242 | 242 244 245 | 164 165 249 | 157 164 165 | 123 135 136 | 177 178 180 | 164 165 167 | 243 244 245 | 167 168 172 | 164 165 249 | 164 165 167 | 194 242 245 | 146 266 267 | 123 124 127 | 147 178 180 | 232 259 261 | 146 267 268 | 122 123 208 | 177 178 180 | 243 244 245 | 119 120 123 | 164 165 249 | 248 249 251 | 158 249 251 | 156 158 235 | 123 134 136 | 164 165 167 | 242 243 244 | 240 242 244 | 164 165 167 | 194 242 243 | 242 243 244 | 194 242 244 | 194 243 244 | 164 165 249 | 121 123 124 | 146 178 265 | 126 127 208 | 146 178 264 | 146 266 268 | 146 266 268 | 205 206 235 | 242 243 247 | 164 165 167 | 136 137 139 | 146 147 266 | 146 147 178 | 123 127 135 | 123 135 136 | 266 267 268 | 146 265 266 | 158 161 251 | 178 261 265 | 181 182 226 | 136 137 140 | 146 265 268 | 157 164 165 | 157 158 249 | 164 165 249 | 158 163 249 | 242 243 245 | 164 165 249 | 242 243 244 | 146 267 268 | 243 244 245 | 194 242 245 | 242 244 245 | 177 180 262 | 178 181 229 | 178 181 182 | 164 165 168 | 164 165 249 | 193 194 242 | 146 265 270 | 164 165 167 | 164 165 169 | 144 146 147 | 147 262 267 | 123 127 208 | 

FREQUENCIES
165: 29
164: 27
242: 17
146: 17
249: 15
178: 14
244: 12
243: 12
123: 11
194: 11
136: 10
440: 10
167: 10
245: 9
438: 9
147: 8
135: 7
403: 7
261: 7
267: 7
265: 7
127: 7
268: 7
266: 6
180: 6
341: 5
401: 5
400: 5
181: 5
229: 5
158: 5
208: 5
345: 4
346: 4
409: 4
379: 4
377: 4
190: 4
339: 4
168: 4
157: 4
126: 3
134: 3
283: 3
336: 3
262: 3
411: 3
419: 3
390: 3
141: 3
388: 3
293: 3
290: 3
436: 3
434: 3
259: 3
177: 3
251: 3
182: 3
342: 3
163: 3
286: 3
206: 3
137: 2
407: 2
408: 2
296: 2
370: 2
292: 2
319: 2
392: 2
391: 2
274: 2
362: 2
360: 2
308: 2
300: 2
301: 2
441: 2
303: 2
248: 2
439: 2
334: 2
337: 2
331: 2
333: 2
344: 2
312: 2
226: 2
161: 2
235: 2
232: 2
326: 2
205: 2
122: 2
124: 2
359: 2
358: 2
217: 1
211: 1
264: 1
218: 1
130: 1
139: 1
284: 1
120: 1
378: 1
410: 1
412: 1
299: 1
376: 1
318: 1
197: 1
196: 1
191: 1
193: 1
270: 1
396: 1
277: 1
279: 1
399: 1
119: 1
415: 1
442: 1
364: 1
363: 1
309: 1
380: 1
247: 1
240: 1
387: 1
375: 1
435: 1
335: 1
144: 1
179: 1
172: 1
405: 1
317: 1
343: 1
316: 1
169: 1
228: 1
162: 1
272: 1
297: 1
289: 1
156: 1
322: 1
321: 1
329: 1
203: 1
140: 1
121: 1
357: 1
