D102m2.txt,0, | 281 293 298 | 124 127 211 | 202 206 226 | ,Score: 0

D106m3.txt,0, | 388 391 412 | 391 438 440 | ,Score: 0

D107m0.txt,0, | 296 311 318 | 123 127 208 | 146 178 266 | ,Score: 0

D110m2.txt,0, | 165 168 191 | 164 165 249 | 165 167 168 | ,Score: 0

D202m2.txt,0, | 124 126 207 | 325 331 401 | 380 418 421 | ,Score: 0

D203m5.txt,0, | 263 265 267 | 126 127 130 | 345 347 370 | ,Score: 0

D204m0.txt,0, | 333 390 434 | 333 390 407 | 391 434 436 | ,Score: 0

D206mR.txt,0, | 389 393 435 | 366 388 392 | 351 360 364 | ,Score: 0

D210m8.txt,0, | 288 317 324 | 148 262 266 | 145 147 178 | ,Score: 0

D214m3.txt,0, | 194 242 243 | 165 190 194 | 164 165 167 | ,Score: 0

D215m7.txt,0, | 201 208 226 | 177 182 261 | 123 127 208 | ,Score: 0

D216m1.txt,0, | 357 358 360 | 157 164 249 | 358 359 360 | ,Score: 0

D217m3.txt,0, | 178 261 265 | 291 313 318 | 282 290 297 | ,Score: 0

D218m7.txt,0, | 193 196 242 | 124 127 135 | 146 150 178 | ,Score: 0

D221m4.txt,0, | 123 134 139 | 273 279 280 | 196 245 248 | ,Score: 0

D222m6.txt,0, | 229 259 261 | 278 300 306 | 268 274 275 | ,Score: 0

D228m5.txt,0, | 163 165 167 | 158 162 251 | 157 164 249 | ,Score: 0

D229m1.txt,0, | 191 240 242 | 157 165 249 | 163 249 251 | ,Score: 0

D231m7.txt,0, | 363 391 442 | 178 260 263 | 147 179 262 | ,Score: 0

D239m5.txt,0, | 401 403 419 | 289 441 444 | 352 356 360 | ,Score: 0

D301m9.txt,0, | ,Score: 0

D302m1.txt,0, | ,Score: 0

D304m4.txt,0, | 274 278 303 | 172 273 274 | 183 259 261 | ,Score: 0

D305m1.txt,0, | 336 408 409 | 388 409 412 | 388 408 411 | ,Score: 0

D306m2.txt,0, | 165 168 191 | 169 191 218 | 191 194 242 | ,Score: 0

D307m2.txt,0, | ,Score: 0

D308m5.txt,0, | 242 245 248 | 157 163 249 | 157 163 165 | ,Score: 0

D310m9.txt,0, | 366 369 387 | 123 135 138 | 123 127 208 | ,Score: 0

D311m8.txt,0, | 157 165 167 | 241 244 247 | 168 171 191 | ,Score: 0

D312m9.txt,0, | 158 163 250 | 157 161 164 | 194 243 245 | ,Score: 0

D313m5.txt,0, | 146 178 267 | 408 411 415 | 120 122 124 | ,Score: 0

D314m8.txt,0, | 143 147 175 | 295 313 317 | 281 292 296 | ,Score: 0

D315m6.txt,0, | 232 259 261 | 284 286 290 | 267 271 273 | ,Score: 0

D317m4.txt,0, | 123 126 208 | 177 182 261 | 290 292 297 | ,Score: 0

D318m3.txt,0, | 436 438 440 | ,Score: 0

D319m6.txt,0, | 134 193 215 | 179 182 261 | 146 178 266 | ,Score: 0

D320m3.txt,0, | 157 165 249 | 157 249 251 | 158 249 251 | ,Score: 0

D321m1.txt,0, | 311 317 318 | 157 235 250 | 123 127 135 | ,Score: 0

D322m0.txt,0, | 162 164 167 | 194 243 245 | 194 240 243 | ,Score: 0

D323m1.txt,0, | 194 242 244 | 194 242 243 | 242 243 244 | ,Score: 0

D324m6.txt,0, | 194 242 244 | 194 243 244 | 164 165 249 | ,Score: 0

D325m0.txt,0, | 296 302 308 | 341 375 378 | 123 127 135 | ,Score: 0

D326m0.txt,0, | 178 262 267 | 124 127 199 | 336 405 408 | ,Score: 0

D327m7.txt,0, | 337 341 405 | 256 258 261 | 400 401 403 | ,Score: 0

D328m3.txt,0, | 337 339 408 | 400 403 418 | 388 408 411 | ,Score: 0

D330m1.txt,0, | 146 178 267 | 337 403 407 | 125 130 135 | ,Score: 0

D331m0.txt,0, | 194 242 247 | 190 193 218 | 161 164 167 | ,Score: 0

D332m4.txt,0, | 123 134 139 | 177 182 261 | 300 307 311 | ,Score: 0

D333m4.txt,0, | 267 269 274 | 124 126 132 | 135 141 211 | ,Score: 0

D403m6.txt,0, | 146 178 267 | 289 293 321 | 339 408 415 | ,Score: 0

D407m5.txt,0, | 178 261 265 | 331 335 403 | 346 349 369 | ,Score: 0

D408m8.txt,0, | 147 175 177 | 148 262 266 | 124 208 226 | ,Score: 0

D409m5.txt,0, | 396 403 419 | 146 178 266 | 147 265 268 | ,Score: 0

D410mR.txt,0, | 157 161 164 | 157 158 249 | 157 165 249 | ,Score: 0

D413m2.txt,0, | 158 249 252 | 194 243 245 | 164 249 252 | ,Score: 0

D414m2.txt,0, | 140 212 220 | 336 339 403 | 177 262 267 | ,Score: 0

D421m7.txt,0, | 243 244 245 | 194 241 244 | 242 244 245 | ,Score: 0

D428m7.txt,0, | 324 399 401 | 363 368 388 | 177 182 261 | ,Score: 0

D430mR.txt,0, | 390 407 411 | 435 438 440 | ,Score: 0

D431m9.txt,0, | ,Score: 0

D438m9.txt,0, | 146 178 179 | 181 229 262 | 178 181 262 | ,Score: 0

D450m5.txt,0, | 157 165 167 | 157 164 249 | 194 242 243 | ,Score: 0

D453m0.txt,0, | 438 440 442 | 146 178 265 | 281 293 297 | ,Score: 0

D459m2.txt,0, | 169 194 219 | 163 166 251 | 164 166 169 | ,Score: 0

D462m1.txt,0, | 336 339 403 | 326 329 334 | 147 262 266 | ,Score: 0

D464m0.txt,0, | 143 146 147 | 178 182 226 | 228 259 262 | ,Score: 0

