D102m2.txt,22, | 274 301 303 | 122 141 211 | 203 205 206 | ,Score: 42.0765

D106m3.txt,4, | 391 438 440 | 391 438 440 | ,Score: 19.0588

D107m0.txt,20, | 337 339 341 | 123 135 136 | 178 261 265 | ,Score: 42.8272

D110m2.txt,7, | 164 165 168 | 164 165 249 | 165 167 168 | ,Score: 38.9503

D202m2.txt,14, | 229 259 261 | 438 439 440 | 377 379 380 | ,Score: 30.527

D203m5.txt,18, | 146 265 267 | 126 127 130 | 344 345 346 | ,Score: 21.3084

D204m0.txt,1, | 333 390 434 | 333 334 407 | 390 434 436 | ,Score: 13.9262

D206mR.txt,4, | 392 434 440 | 387 388 392 | 360 362 364 | ,Score: 25.1361

D210m8.txt,13, | 400 403 419 | 146 147 268 | 135 136 141 | ,Score: 32.0865

D214m3.txt,7, | 194 242 243 | 165 190 194 | 164 165 167 | ,Score: 35.9361

D215m7.txt,21, | 206 208 226 | 146 178 179 | 123 134 136 | ,Score: 33.3826

D216m1.txt,4, | 357 358 359 | 164 165 249 | 358 359 360 | ,Score: 29.2107

D217m3.txt,20, | 147 178 180 | 296 308 312 | 341 377 379 | ,Score: 32.7013

D218m7.txt,21, | 242 243 244 | 135 136 141 | 259 261 262 | ,Score: 28.9533

D221m4.txt,17, | 182 228 229 | 277 279 301 | 127 196 197 | ,Score: 19.9022

D222m6.txt,18, | 229 232 261 | 299 303 309 | 134 135 136 | ,Score: 25.5955

D228m5.txt,7, | 163 164 165 | 161 162 164 | 157 164 165 | ,Score: 35.8803

D229m1.txt,6, | 242 245 248 | 164 165 249 | 163 164 249 | ,Score: 39.1756

D231m7.txt,13, | 438 439 440 | 181 229 261 | 146 147 178 | ,Score: 34.9712

D239m5.txt,16, | 331 400 403 | 438 440 441 | 178 180 181 | ,Score: 42.8172

D301m9.txt,0, | ,Score: 0

D302m1.txt,0, | ,Score: 0

D304m4.txt,17, | 339 341 376 | 267 272 274 | 126 127 208 | ,Score: 19.4189

D305m1.txt,3, | 336 408 409 | 388 411 412 | 388 409 411 | ,Score: 16.2641

D306m2.txt,4, | 164 165 167 | 190 217 218 | 191 194 242 | ,Score: 26.8238

D307m2.txt,0, | ,Score: 0

D308m5.txt,5, | 242 244 245 | 164 165 249 | 157 164 165 | ,Score: 35.8362

D310m9.txt,19, | 343 345 346 | 123 135 136 | 177 178 180 | ,Score: 25.8085

D311m8.txt,7, | 164 165 167 | 243 244 245 | 167 168 172 | ,Score: 35.5869

D312m9.txt,11, | 164 165 249 | 164 165 167 | 194 242 245 | ,Score: 51.994

D313m5.txt,16, | 146 266 267 | 345 346 370 | 123 124 127 | ,Score: 19.0296

D314m8.txt,16, | 147 178 180 | 292 317 318 | 283 284 290 | ,Score: 22.5667

D315m6.txt,11, | 232 259 261 | 436 438 440 | 146 267 268 | ,Score: 24.5318

D317m4.txt,15, | 122 123 208 | 177 178 180 | 286 292 293 | ,Score: 27.9489

D318m3.txt,3, | 436 438 440 | ,Score: 4.966

D319m6.txt,21, | 243 244 245 | 119 120 123 | 283 286 290 | ,Score: 20.903

D320m3.txt,5, | 164 165 249 | 248 249 251 | 158 249 251 | ,Score: 22.9847

D321m1.txt,18, | 312 316 319 | 156 158 235 | 123 134 136 | ,Score: 34.1832

D322m0.txt,8, | 164 165 167 | 242 243 244 | 240 242 244 | ,Score: 54.0785

D323m1.txt,4, | 164 165 167 | 194 242 243 | 242 243 244 | ,Score: 23.1731

D324m6.txt,4, | 194 242 244 | 194 243 244 | 164 165 249 | ,Score: 27.6634

D325m0.txt,17, | 296 300 308 | 377 378 379 | 121 123 124 | ,Score: 25.1931

D326m0.txt,18, | 146 178 265 | 126 127 208 | 400 401 419 | ,Score: 30.7351

D327m7.txt,16, | 341 342 405 | 146 178 264 | 400 401 403 | ,Score: 25.6818

D328m3.txt,12, | 336 337 409 | 146 266 268 | 408 409 410 | ,Score: 31.5331

D330m1.txt,14, | 146 266 268 | 336 339 403 | 205 206 235 | ,Score: 31.8253

D331m0.txt,8, | 242 243 247 | 165 190 194 | 164 165 167 | ,Score: 33.1435

D332m4.txt,17, | 136 137 139 | 146 147 266 | 319 322 326 | ,Score: 32.3227

D333m4.txt,14, | 146 147 178 | 123 127 135 | 123 135 136 | ,Score: 41.4973

D403m6.txt,10, | 266 267 268 | 289 293 321 | 339 341 415 | ,Score: 23.2629

D407m5.txt,13, | 146 265 266 | 331 335 403 | 345 346 370 | ,Score: 24.7219

D408m8.txt,13, | 158 161 251 | 178 261 265 | 181 182 226 | ,Score: 25.1032

D409m5.txt,16, | 401 403 419 | 136 137 140 | 146 265 268 | ,Score: 31.9778

D410mR.txt,4, | 157 164 165 | 157 158 249 | 164 165 249 | ,Score: 28.3522

D413m2.txt,11, | 158 163 249 | 242 243 245 | 164 165 249 | ,Score: 61.6746

D414m2.txt,15, | 242 243 244 | 396 401 403 | 146 267 268 | ,Score: 21.6033

D421m7.txt,3, | 243 244 245 | 194 242 245 | 242 244 245 | ,Score: 21.3337

D428m7.txt,16, | 399 400 401 | 362 363 442 | 177 180 262 | ,Score: 44.8031

D430mR.txt,3, | 390 407 411 | 435 438 440 | ,Score: 10.6518

D431m9.txt,0, | ,Score: 0

D438m9.txt,8, | 283 286 290 | 178 181 229 | 178 181 182 | ,Score: 25.6137

D450m5.txt,4, | 164 165 168 | 164 165 249 | 193 194 242 | ,Score: 29.7146

D453m0.txt,13, | 438 440 441 | 146 265 270 | 293 297 300 | ,Score: 27.442

D459m2.txt,5, | 165 190 194 | 164 165 167 | 164 165 169 | ,Score: 29.1766

D462m1.txt,15, | 342 377 379 | 326 329 334 | 144 146 147 | ,Score: 19.8613

D464m0.txt,18, | 147 262 267 | 123 127 208 | 342 344 375 | ,Score: 21.4256

