M = 146 178 267 
203 205 206 | 146 266 267 | 178 261 265 | 229 259 261 | 146 265 267 | 146 147 268 | 146 178 179 | 178 179 182 | 147 178 180 | 296 308 312 | 259 261 262 | 146 265 266 | 229 232 261 | 299 303 309 | 178 181 261 | 178 180 181 | 146 266 267 | 147 178 180 | 232 259 261 | 146 267 268 | 122 123 208 | 177 178 180 | 146 147 268 | 203 205 206 | 299 311 312 | 299 300 301 | 296 297 300 | 146 265 268 | 205 206 235 | 119 120 122 | 146 178 264 | 146 266 268 | 146 266 268 | 205 206 235 | 230 259 262 | 299 305 311 | 146 147 178 | 266 267 268 | 146 265 266 | 146 265 266 | 277 283 284 | 146 265 268 | 146 267 268 | 139 142 143 | 178 180 262 | 119 120 122 | 178 181 182 | 180 182 184 | 146 265 270 | 144 146 147 | 147 180 262 | 

M = 333 390 434 
293 296 299 | 391 438 440 | 391 438 440 | 337 339 341 | 377 379 380 | 324 326 331 | 438 439 440 | 344 345 346 | 390 434 436 | 390 391 434 | 333 392 434 | 366 387 388 | 392 434 440 | 400 403 419 | 357 358 359 | 357 358 360 | 341 377 379 | 283 284 286 | 438 439 440 | 315 318 320 | 438 440 441 | 339 341 376 | 388 411 412 | 388 409 411 | 336 408 409 | 343 345 346 | 288 292 316 | 359 451 454 | 410 411 412 | 296 317 318 | 283 284 290 | 281 283 286 | 286 292 293 | 436 438 440 | 286 290 293 | 312 316 319 | 284 286 288 | 341 342 379 | 336 337 409 | 408 409 410 | 336 339 403 | 343 377 379 | 289 290 293 | 341 344 377 | 331 335 403 | 345 346 370 | 313 318 320 | 377 379 380 | 396 401 403 | 363 368 387 | 390 407 411 | 435 438 440 | 283 286 290 | 438 440 441 | 335 336 339 | 342 344 375 | 

M = 165 194 240 
123 135 136 | 165 168 191 | 164 165 249 | 164 165 168 | 135 136 141 | 194 242 243 | 165 190 194 | 164 165 167 | 126 206 208 | 164 165 249 | 242 243 244 | 135 136 141 | 123 124 127 | 134 135 136 | 157 164 249 | 242 243 245 | 157 164 165 | 164 165 249 | 242 245 248 | 136 141 215 | 194 197 241 | 191 194 242 | 165 190 194 | 164 165 167 | 242 244 245 | 164 165 249 | 162 164 165 | 122 123 135 | 242 245 248 | 164 165 167 | 243 244 245 | 164 165 167 | 164 165 249 | 158 159 162 | 127 130 134 | 242 245 248 | 164 165 249 | 248 249 251 | 164 165 167 | 242 243 244 | 164 165 167 | 194 243 244 | 242 243 244 | 194 242 244 | 164 165 249 | 164 165 167 | 126 127 208 | 242 243 244 | 242 243 247 | 216 217 219 | 164 165 167 | 136 137 139 | 123 127 135 | 158 161 251 | 157 164 165 | 157 164 249 | 164 165 249 | 242 243 245 | 249 250 251 | 164 165 249 | 242 243 244 | 242 244 245 | 194 242 245 | 164 165 167 | 164 165 249 | 164 165 168 | 193 194 242 | 165 190 194 | 194 242 243 | 164 165 167 | 123 126 127 | 123 127 208 | 

FREQUENCIES
165: 30
164: 27
146: 20
242: 19
249: 14
178: 13
194: 12
243: 12
244: 10
167: 10
268: 9
440: 9
245: 9
265: 8
266: 8
438: 8
123: 7
267: 7
180: 7
147: 7
136: 6
135: 6
286: 6
261: 6
127: 6
341: 5
283: 5
379: 5
299: 5
377: 5
206: 5
434: 5
403: 4
284: 4
409: 4
336: 4
262: 4
411: 4
296: 4
390: 4
248: 4
293: 4
290: 4
339: 4
259: 4
157: 4
205: 4
208: 4
122: 4
344: 3
345: 3
346: 3
126: 3
318: 3
190: 3
391: 3
388: 3
251: 3
182: 3
181: 3
312: 3
168: 3
141: 3
134: 2
139: 2
342: 2
120: 2
410: 2
412: 2
292: 2
191: 2
392: 2
119: 2
300: 2
441: 2
380: 2
439: 2
436: 2
335: 2
337: 2
387: 2
331: 2
333: 2
179: 2
288: 2
311: 2
343: 2
316: 2
229: 2
162: 2
408: 2
158: 2
235: 2
232: 2
320: 2
203: 2
357: 2
359: 2
358: 2
216: 1
217: 1
215: 1
264: 1
219: 1
130: 1
137: 1
400: 1
281: 1
454: 1
297: 1
419: 1
376: 1
319: 1
313: 1
197: 1
315: 1
270: 1
396: 1
277: 1
142: 1
368: 1
407: 1
366: 1
363: 1
360: 1
308: 1
309: 1
301: 1
303: 1
305: 1
247: 1
241: 1
240: 1
375: 1
435: 1
451: 1
144: 1
177: 1
250: 1
289: 1
184: 1
401: 1
370: 1
317: 1
193: 1
161: 1
159: 1
230: 1
326: 1
324: 1
143: 1
124: 1
