D102m2.txt,0, | 281 293 297 | 127 208 211 | 292 298 311 | ,Score: 0

D106m3.txt,0, | 388 391 412 | 391 438 440 | ,Score: 0

D107m0.txt,0, | 296 311 318 | 146 265 271 | 123 127 208 | ,Score: 0

D110m2.txt,0, | 165 168 191 | 164 165 249 | 164 165 167 | ,Score: 0

D202m2.txt,0, | 380 418 421 | 124 126 207 | 324 331 401 | ,Score: 0

D203m5.txt,0, | 346 349 370 | 344 346 375 | 261 263 265 | ,Score: 0

D204m0.txt,0, | 390 434 436 | 333 390 407 | 390 391 434 | ,Score: 0

D206mR.txt,0, | 333 392 434 | 351 361 366 | 388 392 435 | ,Score: 0

D210m8.txt,0, | 288 317 324 | 148 262 266 | 147 177 262 | ,Score: 0

D214m3.txt,0, | 194 242 244 | 165 190 194 | 164 165 167 | ,Score: 0

D215m7.txt,0, | 145 146 178 | 178 182 226 | 123 127 208 | ,Score: 0

D216m1.txt,0, | 357 358 359 | 157 164 249 | 357 358 360 | ,Score: 0

D217m3.txt,0, | 178 261 265 | 291 296 318 | 435 439 442 | ,Score: 0

D218m7.txt,0, | 193 196 242 | 124 127 135 | 146 150 178 | ,Score: 0

D221m4.txt,0, | 229 259 261 | 280 283 286 | 196 245 248 | ,Score: 0

D222m6.txt,0, | 229 259 261 | 182 229 261 | 275 301 306 | ,Score: 0

D228m5.txt,0, | 158 162 251 | 194 243 245 | 157 162 164 | ,Score: 0

D229m1.txt,0, | 169 194 219 | 157 165 249 | 194 240 245 | ,Score: 0

D231m7.txt,0, | 148 179 261 | 363 387 391 | 316 319 323 | ,Score: 0

D239m5.txt,0, | 352 355 360 | 179 261 265 | 146 178 265 | ,Score: 0

D301m9.txt,0, | ,Score: 0

D302m1.txt,0, | ,Score: 0

D304m4.txt,0, | 274 278 303 | 120 122 124 | 183 259 261 | ,Score: 0

D305m1.txt,0, | 388 411 412 | 388 409 411 | 336 408 409 | ,Score: 0

D306m2.txt,0, | 130 190 194 | 169 191 218 | 165 168 190 | ,Score: 0

D307m2.txt,0, | ,Score: 0

D308m5.txt,0, | 242 245 248 | 157 164 249 | 157 162 164 | ,Score: 0

D310m9.txt,0, | 124 135 138 | 366 369 387 | 282 292 299 | ,Score: 0

D311m8.txt,0, | 197 247 250 | 168 171 191 | 194 242 245 | ,Score: 0

D312m9.txt,0, | 157 162 165 | 158 163 250 | 158 161 251 | ,Score: 0

D313m5.txt,0, | 357 359 454 | 142 143 146 | 408 411 415 | ,Score: 0

D314m8.txt,0, | 293 313 317 | 143 147 175 | 281 290 296 | ,Score: 0

D315m6.txt,0, | 232 259 261 | 284 286 290 | 267 271 273 | ,Score: 0

D317m4.txt,0, | 123 126 208 | 177 182 261 | 290 292 297 | ,Score: 0

D318m3.txt,0, | 436 438 440 | ,Score: 0

D319m6.txt,0, | 134 193 215 | 401 403 419 | 147 179 262 | ,Score: 0

D320m3.txt,0, | 242 245 248 | 157 164 249 | 158 249 251 | ,Score: 0

D321m1.txt,0, | 157 235 250 | 299 307 312 | 312 317 319 | ,Score: 0

D322m0.txt,0, | 162 164 167 | 293 296 300 | 194 240 243 | ,Score: 0

D323m1.txt,0, | 194 242 244 | 194 243 244 | 242 243 244 | ,Score: 0

D324m6.txt,0, | 194 242 244 | 164 165 249 | 164 165 167 | ,Score: 0

D325m0.txt,0, | 292 297 311 | 299 303 308 | 123 127 135 | ,Score: 0

D326m0.txt,0, | 119 123 124 | 178 262 267 | 124 126 199 | ,Score: 0

D327m7.txt,0, | 146 178 264 | 336 403 405 | 256 259 261 | ,Score: 0

D328m3.txt,0, | 337 339 408 | 400 403 418 | 388 408 411 | ,Score: 0

D330m1.txt,0, | 146 178 267 | 337 403 407 | 125 130 135 | ,Score: 0

D331m0.txt,0, | 190 194 219 | 171 190 218 | 161 164 167 | ,Score: 0

D332m4.txt,0, | 147 177 178 | 183 230 261 | 300 307 311 | ,Score: 0

D333m4.txt,0, | 124 132 138 | 338 341 376 | 147 262 267 | ,Score: 0

D403m6.txt,0, | 146 178 267 | 407 411 415 | 336 339 407 | ,Score: 0

D407m5.txt,0, | 178 261 265 | 331 335 403 | 346 349 369 | ,Score: 0

D408m8.txt,0, | 147 178 266 | 177 182 261 | 277 283 284 | ,Score: 0

D409m5.txt,0, | 396 403 419 | 379 419 421 | 146 178 266 | ,Score: 0

D410mR.txt,0, | 157 161 164 | 157 164 249 | 164 165 249 | ,Score: 0

D413m2.txt,0, | 248 249 252 | 248 250 252 | 164 249 252 | ,Score: 0

D414m2.txt,0, | 267 269 274 | 336 339 403 | 177 262 267 | ,Score: 0

D421m7.txt,0, | 242 243 245 | 241 245 248 | 165 190 194 | ,Score: 0

D428m7.txt,0, | 139 143 214 | 178 260 262 | 327 396 402 | ,Score: 0

D430mR.txt,0, | 390 407 411 | 435 438 440 | ,Score: 0

D431m9.txt,0, | ,Score: 0

D438m9.txt,0, | 146 177 179 | 279 299 306 | 178 181 229 | ,Score: 0

D450m5.txt,0, | 157 164 249 | 164 165 168 | 194 242 243 | ,Score: 0

D453m0.txt,0, | 289 441 442 | 178 182 261 | 146 265 271 | ,Score: 0

D459m2.txt,0, | 169 194 219 | 194 242 243 | 164 166 169 | ,Score: 0

D462m1.txt,0, | 123 127 134 | 335 337 403 | 147 262 266 | ,Score: 0

D464m0.txt,0, | 143 146 147 | 158 161 251 | 228 259 262 | ,Score: 0

