180mALA: 00,05,07,12,13,18,22,24|8|4.1718
146mTHR: 00,05,07,12,22,24,28|7|5.3524
146mGLU: 00,05,07,12,22,24,28|7|7.0342
146mSER: 00,05,07,12,22,24,28|7|6.1461
146mGLY: 00,05,07,12,22,24,28|7|7.4408
146mALA: 00,05,07,12,22,24,28|7|6.2623
303mGLN: 00,02,05,12,24,28|6|3.3001
303mGLY: 00,02,05,12,24,28|6|3.2337
272mTHR: 00,02,05,12,24,28|6|1.0104
178mSER: 00,05,07,12,13,24|6|2.08
178mGLY: 00,05,07,12,13,24|6|2.2033
178mLEU: 00,05,07,12,13,24|6|1.1767
303mSER: 00,02,05,12,24,28|6|4.9481
303mASN: 00,02,05,12,24,28|6|4.5102
178mGLU: 00,05,07,12,13,24|6|1.8761
303mGLU: 00,02,05,12,24,28|6|6.085
303mTHR: 00,02,05,12,24,28|6|5.0028
272mGLU: 00,02,05,12,24,28|6|1.796
303mASP: 00,02,05,12,24,28|6|4.6871
178mMET: 00,05,07,12,13,24|6|1.8133
178mTHR: 00,05,07,12,13,24|6|1.7609
178mHIS: 00,05,07,12,13,24|6|2.2217
178mGLN: 00,05,07,12,13,24|6|1.0717
178mALA: 00,05,07,12,13,24|6|1.3437
120mGLU: 00,05,07,12,13,22|6|2.1901
305mTHR: 02,05,12,24,28|5|3.8461
121mGLU: 00,05,07,12,22|5|1.6994
274mASP: 00,02,05,12,28|5|2.4482
305mMET: 02,05,12,24,28|5|2.3976
305mGLN: 02,05,12,24,28|5|2.0027
274mGLU: 00,02,05,12,28|5|4.7574
274mHIS: 00,02,05,12,28|5|1.147
305mASP: 02,05,12,24,28|5|3.103
274mTHR: 00,02,05,12,28|5|3.3144
274mASN: 00,02,05,12,28|5|2.9784
259mTHR: 13,16,18,26,27|5|2.0404
274mSER: 00,02,05,12,28|5|2.106
259mGLU: 13,16,18,26,27|5|2.9869
274mGLY: 00,02,05,12,28|5|1.6794
305mSER: 02,05,12,24,28|5|2.1724
305mALA: 02,05,12,24,28|5|3.2764
259mASP: 13,16,18,26,27|5|1.3576
305mGLY: 02,05,12,24,28|5|2.8209
305mGLU: 02,05,12,24,28|5|4.9831
261mHIS: 12,13,16,18|4|1.0627
275mTHR: 02,05,12,28|4|1.5021
127mTHR: 01,07,10,26|4|1.0584
229mGLY: 12,13,18,22|4|1.3274
229mCYS: 12,13,18,22|4|2.1862
278mGLU: 00,02,05,28|4|1.4384
267mTHR: 12,18,22,28|4|1.3956
336mVAL: 08,11,17,20|4|1.4028
267mGLU: 12,18,22,28|4|1.5526
339mGLY: 08,11,17,20|4|1.7742
127mGLU: 01,07,10,26|4|1.4064
232mCYS: 13,16,26,27|4|2.3352
261mALA: 12,13,16,18|4|1.3879
267mLYS: 12,18,22,28|4|1.0891
261mGLY: 12,13,16,18|4|1.5228
119mGLY: 07,12,13,22|4|1.974
267mASN: 12,18,22,28|4|1.6733
267mSER: 12,18,22,28|4|1.2738
336mLEU: 08,11,17,20|4|1.4784
261mGLU: 12,13,16,18|4|1.8427
336mGLU: 08,11,17,20|4|2.0536
261mSER: 12,13,16,18|4|1.633
261mTHR: 12,13,16,18|4|1.5091
336mTHR: 08,11,17,20|4|1.1341
232mGLY: 13,16,26,27|4|1.475
275mGLU: 02,05,12,28|4|2.2877
232mSER: 13,16,26,27|4|1.2701
261mLYS: 12,13,16,18|4|1.0624
326mGLY: 03,15,20|3|1.386
326mTHR: 03,15,20|3|1.8752
237mASP: 01,26,27|3|1.0828
262mGLU: 12,13,18|3|1.0219
237mCYS: 01,26,27|3|1.518
258mCYS: 16,18,27|3|1.92
158mGLU: 16,26,27|3|1.0859
262mALA: 12,13,18|3|1.2071
326mALA: 03,15,20|3|1.4417
122mALA: 05,12,13|3|1.3786
326mSER: 03,15,20|3|1.0702
341mALA: 08,11,17|3|1.17
258mALA: 16,18,27|3|1.704
345mGLU: 08,11,17|3|1.3714
220mASP: 00,24,28|3|1.4016
122mCYS: 05,12,13|3|1.6619
220mASN: 00,24,28|3|1.2253
341mCYS: 08,11,17|3|3.3941
326mGLU: 03,15,20|3|2.277
326mMET: 03,15,20|3|1.3344
262mGLY: 12,13,18|3|1.2886
341mASP: 08,11,17|3|1.153
262mSER: 12,13,18|3|1.1726
326mLEU: 03,15,20|3|1.8008
160mCYS: 16,26,27|3|1.2297
258mGLU: 16,18,27|3|1.6552
160mGLU: 16,26,27|3|1.2197
341mGLU: 08,11,17|3|2.8101
330mCYS: 15,17,20|3|1.3897
171mCYS: 00,24,28|3|1.0773
401mTHR: 03,20|2|1.2255
244mLYS: 01,10|2|1.4261
251mGLY: 16,27|2|1.2356
411mCYS: 08,17|2|1.0654
172mGLN: 00,28|2|1.1424
208mGLY: 13,22|2|1.2797
319mCYS: 03,15|2|1.224
137mGLU: 00,07|2|1.0002
134mGLU: 01,10|2|1.6748
172mILE: 00,28|2|1.2708
302mTHR: 02,28|2|1.0066
401mGLY: 03,20|2|1.0205
244mGLY: 01,10|2|1.5926
162mGLU: 16,27|2|1.2362
251mCYS: 16,27|2|1.1864
244mASP: 01,10|2|1.39
401mASN: 03,20|2|1.3374
197mCYS: 01,26|2|1.8579
136mGLU: 00,01|2|1.8867
182mALA: 13,22|2|1.2544
241mCYS: 01,10|2|2.0028
208mCYS: 13,22|2|1.6892
172mGLU: 00,28|2|1.852
302mGLU: 02,28|2|1.3002
208mASP: 13,22|2|1.107
197mASP: 01,26|2|1.4579
136mTHR: 00,01|2|1.2653
172mLEU: 00,28|2|1.2874
124mASP: 07,13|2|1.0563
172mTRP: 00,28|2|1.035
197mGLU: 01,26|2|1.4389
401mGLU: 03,20|2|1.5191
244mGLU: 01,10|2|2.4891
172mASP: 00,28|2|1.2682
197mPRO: 01,26|2|1.1212
136mASN: 00,01|2|1.3991
244mSER: 01,10|2|1.2277
401mSER: 03,20|2|1.1749
136mSER: 00,01|2|1.1709
208mTHR: 13,22|2|1.2325
302mASN: 02,28|2|1.1185
244mALA: 01,10|2|2.1686
208mALA: 13,22|2|1.8242
172mCYS: 00,28|2|1.9001
172mPRO: 00,28|2|1.145
273mGLU: 02,12|2|1.1264
251mALA: 16,27|2|1.3116
208mLYS: 13,22|2|1.2443
172mVAL: 00,28|2|1.2319
208mSER: 13,22|2|1.3285
206mGLU: 13,26|2|1.1149
319mGLU: 03,15|2|1.2226
172mALA: 00,28|2|1.1264
126mGLU: 07,26|2|1.2487
172mPHE: 00,28|2|1.3998
172mTHR: 00,28|2|1.5008
183mHIS: 18,22|2|1.0268
244mCYS: 01,10|2|3.4284
401mHIS: 03,20|2|1.0746
208mGLU: 13,22|2|1.5931
197mTHR: 01,26|2|1.3725
197mALA: 01,26|2|1.0741
286mCYS: 15|1|1.0415
376mCYS: 08|1|1.5446
293mGLY: 02|1|1.047
368mCYS: 17|1|1.0415
297mGLU: 02|1|1.3051
167mTHR: 16|1|1.0916
167mGLU: 16|1|1.5195
293mGLU: 02|1|1.0494
194mGLU: 10|1|1.1514
167mASP: 16|1|1.063
372mGLU: 11|1|1.0255
293mALA: 02|1|1.0501
283mGLU: 15|1|1.0255
297mTHR: 02|1|1.0882
293mSER: 02|1|1.0687
