M = 144 149 
146 267 | 145 267 | 182 231 | 149 262 | 265 267 | 136 141 | 146 267 | 146 267 | 134 219 | 181 182 | 120 124 | 178 229 | 146 267 | 146 267 | 147 267 | 232 259 | 146 266 | 150 267 | 262 267 | 265 267 | 119 123 | 257 259 | 119 123 | 146 267 | 150 267 | 228 259 | 139 142 | 

M = 165 248 
164 165 | 193 220 | 127 130 | 164 165 | 164 165 | 196 242 | 126 127 | 162 164 | 164 165 | 196 242 | 164 165 | 126 130 | 162 165 | 127 134 | 164 165 | 194 244 | 164 165 | 243 245 | 164 165 | 127 130 | 164 249 | 127 134 | 164 165 | 196 245 | 162 167 | 126 130 | 194 242 | 164 165 | 162 253 | 128 193 | 242 245 | 204 206 | 164 165 | 194 196 | 201 235 | 164 167 | 

M = 393 401 
393 443 | 438 440 | 345 370 | 435 439 | 347 349 | 400 401 | 412 414 | 339 403 | 401 403 | 400 401 | 347 370 | 440 443 | 390 411 | 440 443 | 358 450 | 339 341 | 426 428 | 388 434 | 380 419 | 407 410 | 393 441 | 401 403 | 432 434 | 341 344 | 339 403 | 346 370 | 440 443 | 440 443 | 407 411 | 346 370 | 346 370 | 339 406 | 440 443 | 339 407 | 379 421 | 355 362 | 426 451 | 438 441 | 339 408 | 345 346 | 438 440 | 347 368 | 401 419 | 440 443 | 351 453 | 339 408 | 400 403 | 341 345 | 438 440 | 346 370 | 401 403 | 439 440 | 346 370 | 403 407 | 440 443 | 375 379 | 359 362 | 401 432 | 339 342 | 452 456 | 393 440 | 357 445 | 387 391 | 401 403 | 

FREQUENCIES
164: 14
165: 14
267: 13
440: 12
401: 10
403: 8
443: 8
339: 8
370: 7
146: 7
346: 6
127: 5
393: 5
130: 4
407: 4
196: 4
242: 4
438: 4
162: 4
126: 3
134: 3
345: 3
347: 3
341: 3
400: 3
194: 3
245: 3
259: 3
408: 2
262: 2
123: 2
265: 2
379: 2
411: 2
419: 2
193: 2
119: 2
362: 2
426: 2
441: 2
248: 2
439: 2
434: 2
432: 2
182: 2
167: 2
150: 2
149: 2
219: 1
136: 1
139: 1
349: 1
120: 1
266: 1
128: 1
410: 1
412: 1
375: 1
201: 1
391: 1
390: 1
414: 1
206: 1
428: 1
368: 1
421: 1
445: 1
380: 1
244: 1
243: 1
388: 1
249: 1
435: 1
450: 1
451: 1
452: 1
453: 1
456: 1
178: 1
253: 1
257: 1
344: 1
406: 1
387: 1
181: 1
342: 1
229: 1
228: 1
220: 1
235: 1
231: 1
232: 1
147: 1
144: 1
145: 1
142: 1
204: 1
141: 1
357: 1
355: 1
351: 1
124: 1
359: 1
358: 1
