D106n1.txt,0, | 196 249 | 149 261 | 190 215 | ,Score: 0

D106n2.txt,0, | 394 444 | 432 435 | 389 408 | ,Score: 0

D110n1.txt,0, | 126 130 | 152 167 | 262 267 | ,Score: 0

D110n2.txt,0, | 393 435 | 351 366 | 401 430 | ,Score: 0

D204n1.txt,0, | 163 169 | 124 207 | 191 196 | ,Score: 0

D204n2.txt,0, | 391 414 | 342 381 | 402 420 | ,Score: 0

D206n1.txt,0, | 148 261 | 169 240 | 167 190 | ,Score: 0

D206n2.txt,0, | 395 403 | 367 372 | 366 433 | ,Score: 0

D214n1.txt,0, | 153 156 | 194 197 | 147 150 | ,Score: 0

D214n2.txt,0, | 388 435 | 391 440 | 345 370 | ,Score: 0

D216n1.txt,0, | 139 220 | 146 150 | 157 165 | ,Score: 0

D216n2.txt,0, | 403 405 | 428 430 | 432 440 | ,Score: 0

D228n1.txt,0, | 199 249 | 149 178 | 130 190 | ,Score: 0

D228n2.txt,0, | 395 403 | 392 412 | 432 440 | ,Score: 0

D229n1.txt,0, | 163 249 | 190 240 | 124 207 | ,Score: 0

D229n2.txt,0, | 402 430 | 392 412 | 342 376 | ,Score: 0

D301n1.txt,0, | 178 267 | 165 190 | 258 261 | ,Score: 0

D301n2.txt,0, | 390 407 | 351 370 | 394 400 | ,Score: 0

D302n1.txt,0, | 146 150 | 194 220 | 164 249 | ,Score: 0

D302n2.txt,0, | 435 443 | 366 388 | 401 419 | ,Score: 0

D305n1.txt,0, | 193 242 | 152 167 | 149 262 | ,Score: 0

D305n2.txt,0, | 347 450 | 401 432 | 392 440 | ,Score: 0

D307n1.txt,0, | 148 173 | 165 194 | 178 261 | ,Score: 0

D307n2.txt,0, | 391 414 | 346 375 | 398 445 | ,Score: 0

D312n1.txt,0, | 196 249 | 150 171 | 124 132 | ,Score: 0

D312n2.txt,0, | 350 368 | 392 440 | 389 395 | ,Score: 0

D318n1.txt,0, | 157 165 | 130 241 | 150 267 | ,Score: 0

D318n2.txt,0, | 363 432 | 402 405 | 432 435 | ,Score: 0

D320n1.txt,0, | 157 167 | 193 197 | 149 262 | ,Score: 0

D320n2.txt,0, | 405 414 | 401 428 | 390 432 | ,Score: 0

D323n1.txt,0, | 173 256 | 196 249 | 262 267 | ,Score: 0

D323n2.txt,0, | 391 394 | 370 450 | 372 419 | ,Score: 0

D324n1.txt,0, | 182 262 | 149 152 | 193 197 | ,Score: 0

D324n2.txt,0, | 396 432 | 341 405 | 389 392 | ,Score: 0

D331n1.txt,0, | 165 190 | 182 261 | 147 150 | ,Score: 0

D331n2.txt,0, | 372 450 | 405 413 | 432 435 | ,Score: 0

D410n1.txt,0, | 144 149 | 151 233 | 130 190 | ,Score: 0

D410n2.txt,0, | 375 419 | 406 412 | 432 435 | ,Score: 0

D413n1.txt,0, | 150 258 | 165 194 | 201 228 | ,Score: 0

D413n2.txt,0, | 391 414 | 355 359 | 428 444 | ,Score: 0

D430n1.txt,0, | 163 251 | 228 261 | 196 242 | ,Score: 0

D430n2.txt,0, | 342 406 | 419 424 | 432 435 | ,Score: 0

D431n1.txt,0, | 194 197 | 141 220 | 164 249 | ,Score: 0

D431n2.txt,0, | 430 444 | 391 440 | 387 416 | ,Score: 0

