M = 393 401 
393 440 | 401 403 | 412 414 | 440 443 | 400 401 | 438 440 | 400 401 | 440 443 | 410 411 | 435 443 | 436 440 | 403 406 | 438 440 | 393 440 | 401 403 | 387 391 | 

M = 167 173 
242 243 | 261 265 | 144 146 | 194 242 | 167 171 | 193 242 | 231 261 | 243 244 | 120 208 | 149 261 | 119 123 | 127 196 | 242 243 | 190 194 | 162 167 | 167 172 | 194 242 | 167 190 | 242 248 | 158 159 | 167 172 | 243 245 | 248 251 | 245 248 | 167 253 | 120 124 | 178 229 | 143 146 | 258 261 | 196 244 | 135 136 | 258 261 | 146 265 | 232 259 | 196 244 | 146 147 | 162 167 | 194 242 | 194 219 | 146 175 | 127 208 | 258 259 | 162 167 | 194 242 | 167 172 | 194 242 | 162 167 | 152 173 | 194 242 | 167 172 | 159 162 | 160 251 | 242 248 | 160 162 | 169 190 | 160 162 | 169 171 | 242 245 | 162 167 | 130 197 | 228 259 | 149 265 | 235 250 | 149 152 | 136 139 | 

M = 345 370 
419 421 | 342 381 | 347 370 | 346 370 | 346 370 | 342 346 | 425 454 | 345 346 | 419 421 | 357 445 | 

FREQUENCIES
167: 13
242: 12
194: 8
162: 8
440: 7
401: 6
146: 5
261: 5
370: 5
393: 4
172: 4
346: 4
243: 4
248: 4
265: 3
190: 3
258: 3
259: 3
345: 3
403: 3
196: 3
443: 3
149: 3
244: 3
160: 3
245: 3
152: 2
159: 2
127: 2
136: 2
251: 2
171: 2
438: 2
173: 2
400: 2
421: 2
342: 2
208: 2
120: 2
169: 2
419: 2
445: 1
197: 1
454: 1
193: 1
219: 1
158: 1
229: 1
178: 1
253: 1
175: 1
119: 1
231: 1
143: 1
406: 1
387: 1
347: 1
232: 1
250: 1
425: 1
147: 1
144: 1
357: 1
123: 1
124: 1
235: 1
139: 1
381: 1
135: 1
391: 1
414: 1
228: 1
130: 1
410: 1
411: 1
412: 1
436: 1
435: 1
