D106n1.txt,0, | 193 242 | 212 215 | 175 261 | ,Score: 0

D106n2.txt,0, | 344 347 | 394 400 | 389 432 | ,Score: 0

D110n1.txt,0, | 193 220 | 242 248 | 194 243 | ,Score: 0

D110n2.txt,0, | ,Score: 0

D204n1.txt,0, | 261 265 | 122 135 | 196 199 | ,Score: 0

D204n2.txt,0, | 391 414 | 402 419 | 376 381 | ,Score: 0

D206n1.txt,0, | 173 257 | 123 127 | 148 262 | ,Score: 0

D206n2.txt,0, | 351 372 | 363 392 | 345 376 | ,Score: 0

D214n1.txt,0, | 193 242 | 158 162 | 172 190 | ,Score: 0

D214n2.txt,0, | ,Score: 0

D216n1.txt,0, | 157 249 | 159 251 | 167 190 | ,Score: 0

D216n2.txt,0, | ,Score: 0

D228n1.txt,0, | 248 251 | 158 249 | 194 220 | ,Score: 0

D228n2.txt,0, | ,Score: 0

D229n1.txt,0, | 240 249 | 239 245 | 158 163 | ,Score: 0

D229n2.txt,0, | ,Score: 0

D301n1.txt,0, | 152 259 | 167 171 | 175 261 | ,Score: 0

D301n2.txt,0, | 351 370 | 389 435 | 401 419 | ,Score: 0

D302n1.txt,0, | 143 147 | 167 173 | 123 134 | ,Score: 0

D302n2.txt,0, | 346 369 | 401 428 | 389 435 | ,Score: 0

D305n1.txt,0, | 149 172 | 262 264 | 258 261 | ,Score: 0

D305n2.txt,0, | 347 450 | 401 432 | 392 440 | ,Score: 0

D307n1.txt,0, | 148 261 | 193 242 | 148 266 | ,Score: 0

D307n2.txt,0, | 434 444 | 420 425 | 402 414 | ,Score: 0

D312n1.txt,0, | 163 251 | 194 245 | 158 162 | ,Score: 0

D312n2.txt,0, | ,Score: 0

D318n1.txt,0, | 197 237 | 124 135 | 149 261 | ,Score: 0

D318n2.txt,0, | 363 432 | 392 440 | 402 419 | ,Score: 0

D320n1.txt,0, | 170 173 | 156 249 | 194 245 | ,Score: 0

D320n2.txt,0, | ,Score: 0

D323n1.txt,0, | 190 194 | 153 172 | 193 219 | ,Score: 0

D323n2.txt,0, | ,Score: 0

D324n1.txt,0, | 158 162 | 193 242 | 152 167 | ,Score: 0

D324n2.txt,0, | ,Score: 0

D331n1.txt,0, | 157 249 | 190 240 | 156 167 | ,Score: 0

D331n2.txt,0, | ,Score: 0

D410n1.txt,0, | 169 171 | 169 218 | 160 162 | ,Score: 0

D410n2.txt,0, | ,Score: 0

D413n1.txt,0, | 242 248 | 171 220 | 163 250 | ,Score: 0

D413n2.txt,0, | ,Score: 0

D430n1.txt,0, | 173 257 | 130 196 | 228 262 | ,Score: 0

D430n2.txt,0, | 375 419 | 424 426 | 432 435 | ,Score: 0

D431n1.txt,0, | 212 220 | 171 175 | 196 237 | ,Score: 0

D431n2.txt,0, | 434 439 | 362 444 | 387 416 | ,Score: 0

