M = 157 167 
167 171 | 248 249 | 162 167 | 167 190 | 167 172 | 157 159 | 158 251 | 248 251 | 249 251 | 167 172 | 159 162 | 167 190 | 167 172 | 162 167 | 248 251 | 162 167 | 160 162 | 167 169 | 167 172 | 162 251 | 

M = 362 442 
356 359 | 443 444 | 391 443 | 436 441 | 393 436 | 439 441 | 393 434 | 362 443 | 362 444 | 362 443 | 360 362 | 364 369 | 362 444 | 362 445 | 362 443 | 356 444 | 366 412 | 435 441 | 362 365 | 435 439 | 430 444 | 388 435 | 356 444 | 432 444 | 436 439 | 439 442 | 439 441 | 391 439 | 432 444 | 

M = 194 219 
194 244 | 194 245 | 171 218 | 194 240 | 194 245 | 194 245 | 139 218 | 193 194 | 193 218 | 190 194 | 194 245 | 

FREQUENCIES
194: 12
167: 12
362: 9
444: 8
162: 6
439: 6
251: 5
443: 5
219: 4
172: 4
441: 4
245: 4
190: 3
218: 3
248: 3
356: 3
436: 3
435: 3
157: 2
159: 2
393: 2
391: 2
171: 2
193: 2
442: 2
249: 2
432: 2
139: 1
160: 1
158: 1
366: 1
364: 1
365: 1
360: 1
369: 1
445: 1
244: 1
240: 1
388: 1
430: 1
412: 1
434: 1
359: 1
169: 1
