D106n1.txt,0, | 123 133 | 175 261 | 143 215 | ,Score: 0

D106n2.txt,0, | 389 435 | 400 419 | 432 445 | ,Score: 0

D110n1.txt,0, | 248 249 | 171 219 | 194 219 | ,Score: 0

D110n2.txt,0, | ,Score: 0

D204n1.txt,0, | 123 208 | 235 249 | 178 261 | ,Score: 0

D204n2.txt,0, | 381 402 | 391 414 | 351 427 | ,Score: 0

D206n1.txt,0, | 151 262 | 143 148 | 124 128 | ,Score: 0

D206n2.txt,0, | 364 431 | 352 371 | 415 418 | ,Score: 0

D214n1.txt,0, | 194 219 | 158 162 | 167 172 | ,Score: 0

D214n2.txt,0, | ,Score: 0

D216n1.txt,0, | 157 249 | 194 245 | 171 219 | ,Score: 0

D216n2.txt,0, | ,Score: 0

D228n1.txt,0, | 157 167 | 158 251 | 194 219 | ,Score: 0

D228n2.txt,0, | ,Score: 0

D229n1.txt,0, | 157 249 | 194 245 | 167 190 | ,Score: 0

D229n2.txt,0, | ,Score: 0

D301n1.txt,0, | 167 173 | 122 124 | 149 261 | ,Score: 0

D301n2.txt,0, | 401 428 | 389 435 | 351 369 | ,Score: 0

D302n1.txt,0, | 126 196 | 140 222 | 144 175 | ,Score: 0

D302n2.txt,0, | 389 435 | 351 426 | 401 419 | ,Score: 0

D305n1.txt,0, | 124 127 | 149 172 | 149 261 | ,Score: 0

D305n2.txt,0, | 393 401 | 370 450 | 432 440 | ,Score: 0

D307n1.txt,0, | 148 178 | 122 137 | 258 261 | ,Score: 0

D307n2.txt,0, | 434 444 | 420 425 | 402 414 | ,Score: 0

D312n1.txt,0, | 158 250 | 194 245 | 167 190 | ,Score: 0

D312n2.txt,0, | ,Score: 0

D318n1.txt,0, | 149 173 | 259 261 | 124 135 | ,Score: 0

D318n2.txt,0, | 392 443 | 392 440 | 402 419 | ,Score: 0

D320n1.txt,0, | 157 167 | 190 194 | 139 218 | ,Score: 0

D320n2.txt,0, | ,Score: 0

D323n1.txt,0, | 190 193 | 249 250 | 152 167 | ,Score: 0

D323n2.txt,0, | ,Score: 0

D324n1.txt,0, | 153 172 | 167 173 | 158 249 | ,Score: 0

D324n2.txt,0, | ,Score: 0

D331n1.txt,0, | 240 249 | 158 162 | 158 160 | ,Score: 0

D331n2.txt,0, | ,Score: 0

D410n1.txt,0, | 156 167 | 169 190 | 167 190 | ,Score: 0

D410n2.txt,0, | ,Score: 0

D413n1.txt,0, | 248 250 | 169 172 | 163 250 | ,Score: 0

D413n2.txt,0, | ,Score: 0

D430n1.txt,0, | 194 245 | 228 234 | 149 261 | ,Score: 0

D430n2.txt,0, | 391 439 | 419 424 | 432 445 | ,Score: 0

D431n1.txt,0, | 140 212 | 175 222 | 167 171 | ,Score: 0

D431n2.txt,0, | 434 444 | 388 435 | 401 419 | ,Score: 0

