M = 190 194 
171 219 | 194 219 | 172 190 | 194 244 | 190 219 | 194 219 | 194 240 | 194 219 | 190 219 | 218 219 | 218 219 | 194 219 | 152 173 | 191 194 | 152 172 | 169 190 | 172 190 | 

M = 159 251 
248 249 | 158 159 | 157 159 | 157 159 | 161 251 | 248 251 | 248 250 | 158 159 | 159 160 | 248 249 | 156 160 | 160 163 | 

M = 432 434 
356 359 | 391 438 | 356 444 | 434 436 | 401 419 | 400 401 | 434 438 | 362 366 | 362 444 | 400 428 | 434 435 | 437 438 | 362 444 | 400 428 | 437 438 | 438 439 | 388 435 | 356 428 | 362 365 | 432 444 | 355 362 | 400 419 | 435 438 | 356 444 | 438 439 | 356 445 | 438 439 | 391 432 | 

FREQUENCIES
194: 11
190: 9
219: 9
438: 8
159: 7
362: 5
444: 5
356: 5
434: 5
251: 4
400: 4
248: 4
432: 4
172: 3
160: 3
428: 3
439: 3
435: 3
152: 2
157: 2
218: 2
391: 2
401: 2
158: 2
249: 2
437: 2
419: 2
156: 1
191: 1
250: 1
173: 1
171: 1
161: 1
366: 1
365: 1
445: 1
244: 1
240: 1
388: 1
163: 1
355: 1
436: 1
359: 1
169: 1
