M = 432 434 
356 445 | 388 393 | 388 391 | 434 436 | 393 436 | 393 434 | 390 434 | 389 390 | 355 363 | 356 445 | 356 445 | 434 435 | 434 436 | 401 432 | 355 356 | 363 432 | 435 436 | 363 366 | 435 436 | 393 436 | 355 356 | 430 432 | 366 391 | 

M = 159 251 
248 249 | 248 250 | 158 159 | 157 159 | 158 159 | 157 159 | 247 248 | 161 251 | 245 248 | 248 250 | 159 160 | 248 249 | 156 160 | 160 163 | 

M = 171 219 
193 219 | 218 219 | 218 219 | 191 218 | 218 219 | 152 172 | 218 219 | 152 153 | 152 173 | 152 172 | 217 218 | 191 217 | 171 172 | 193 216 | 

FREQUENCIES
159: 7
219: 7
218: 6
248: 6
436: 6
434: 6
356: 5
152: 4
393: 4
432: 4
251: 3
172: 3
171: 3
160: 3
363: 3
445: 3
355: 3
435: 3
217: 2
157: 2
158: 2
191: 2
391: 2
390: 2
250: 2
366: 2
193: 2
388: 2
249: 2
216: 1
153: 1
156: 1
173: 1
161: 1
401: 1
245: 1
247: 1
389: 1
163: 1
430: 1
