M = 157 250 
158 159 | 158 159 | 163 249 | 157 159 | 159 251 | 157 251 | 157 159 | 157 161 | 161 251 | 244 245 | 249 250 | 249 251 | 159 160 | 156 159 | 156 160 | 249 250 | 244 245 | 

M = 366 391 
394 432 | 365 388 | 356 445 | 393 434 | 366 390 | 390 392 | 390 434 | 432 434 | 355 356 | 355 430 | 354 356 | 363 366 | 354 363 | 390 434 | 356 445 | 393 434 | 432 434 | 393 432 | 

M = 152 172 
171 173 | 171 219 | 193 219 | 171 219 | 170 172 | 152 173 | 153 173 | 152 153 | 153 173 | 171 172 | 

FREQUENCIES
159: 7
434: 6
157: 5
152: 4
390: 4
251: 4
173: 4
172: 4
171: 4
249: 4
356: 4
432: 4
153: 3
219: 3
393: 3
250: 3
366: 3
156: 2
158: 2
160: 2
363: 2
445: 2
245: 2
244: 2
161: 2
355: 2
354: 2
193: 1
392: 1
391: 1
394: 1
170: 1
365: 1
388: 1
163: 1
430: 1
