164mTHR: 03,04,05,09,11,12,16,20,21,23,25,28,29|13|16.8877
164mGLU: 03,04,05,09,11,12,16,20,21,23,25,28,29|13|18.3255
164mLEU: 03,04,05,09,11,12,16,20,21,23,25,28,29|13|5.76
164mGLY: 03,04,05,09,11,12,16,20,21,23,25,28,29|13|17.1534
164mLYS: 03,04,05,09,11,12,16,20,21,23,25,28,29|13|17.2522
164mALA: 03,04,05,09,11,12,16,20,21,23,25,28,29|13|15.9964
164mGLN: 03,04,05,09,11,12,16,20,21,23,25,28,29|13|8.6537
164mASN: 03,04,05,09,11,12,16,20,21,23,25,28,29|13|13.9241
164mSER: 03,04,05,09,11,12,16,20,21,23,25,28,29|13|14.9799
165mARG: 03,04,05,09,11,12,16,21,22,23,25,28|12|3.6487
165mCYS: 03,04,05,09,11,12,16,21,22,23,25,28|12|11.3502
165mSER: 03,04,05,09,11,12,16,21,22,23,25,28|12|8.5448
165mGLY: 03,04,05,09,11,12,16,21,22,23,25,28|12|10.4421
165mLYS: 03,04,05,09,11,12,16,21,22,23,25,28|12|10.2714
165mTHR: 03,04,05,09,11,12,16,21,22,23,25,28|12|7.6206
165mALA: 03,04,05,09,11,12,16,21,22,23,25,28|12|11.2306
242mSER: 02,03,09,11,12,16,21,22,25,28,29|11|7.3788
242mGLY: 02,03,09,11,12,16,21,22,25,28,29|11|8.5967
242mALA: 02,03,09,11,12,16,21,22,25,28,29|11|7.8798
242mLYS: 02,03,09,11,12,16,21,22,25,28,29|11|10.9171
242mTHR: 02,03,09,11,12,16,21,22,25,28,29|11|9.8928
242mGLN: 02,03,09,11,12,16,21,22,25,28,29|11|5.4327
242mHIS: 02,03,09,11,12,16,21,22,25,28,29|11|5.9743
193mSER: 07,11,18,21,23,26,29|7|1.6261
194mTHR: 03,11,16,22,23,25,29|7|3.4716
193mGLU: 07,11,18,21,23,26,29|7|2.5291
150mGLU: 00,01,10,17,23,26,27|7|3.9675
194mSER: 03,11,16,22,23,25,29|7|3.8547
193mGLY: 07,11,18,21,23,26,29|7|3.1197
150mASP: 00,01,10,17,23,26,27|7|3.0448
194mHIS: 03,11,16,22,23,25,29|7|2.9177
162mSER: 04,05,09,20,21,23,25|7|1.136
194mGLU: 03,11,16,22,23,25,29|7|4.0827
194mGLN: 03,11,16,22,23,25,29|7|2.4823
194mLYS: 03,11,16,22,23,25,29|7|4.1692
162mGLU: 04,05,09,20,21,23,25|7|1.773
150mSER: 00,01,10,17,23,26,27|7|3.8434
162mTHR: 04,05,09,20,21,23,25|7|1.4382
194mGLY: 03,11,16,22,23,25,29|7|4.4795
194mALA: 03,11,16,22,23,25,29|7|3.7005
150mGLY: 00,01,10,17,23,26,27|7|4.5509
150mLYS: 00,01,10,17,23,26,27|7|3.1814
194mMET: 03,11,16,22,23,25,29|7|2.2012
162mGLY: 04,05,09,20,21,23,25|7|1.6598
163mGLY: 03,11,12,16,21,24|6|1.48
267mGLY: 00,01,10,13,17,27|6|8.4221
267mTHR: 00,01,10,13,17,27|6|8.985
267mGLU: 00,01,10,13,17,27|6|8.5582
267mILE: 00,01,10,13,17,27|6|4.5165
267mHIS: 00,01,10,13,17,27|6|5.8398
163mGLU: 03,11,12,16,21,24|6|1.1356
267mLYS: 00,01,10,13,17,27|6|7.0633
267mALA: 00,01,10,13,17,27|6|6.4089
267mMET: 00,01,10,13,17,27|6|3.9324
267mSER: 00,01,10,13,17,27|6|6.8812
267mLEU: 00,01,10,13,17,27|6|3.2715
267mGLN: 00,01,10,13,17,27|6|4.9589
267mASP: 00,01,10,13,17,27|6|6.5056
217mMET: 07,21,22,23,26|5|1.6003
127mTHR: 02,14,15,18,19|5|1.02
130mGLU: 18,19,21,22,29|5|1.6634
130mGLN: 18,19,21,22,29|5|1.0053
217mHIS: 07,21,22,23,26|5|2.4174
251mGLY: 02,16,19,20,28|5|3.0738
136mALA: 06,07,15,18,22|5|3.0059
127mGLY: 02,14,15,18,19|5|1.4996
136mLYS: 06,07,15,18,22|5|2.9319
217mALA: 07,21,22,23,26|5|2.4171
134mASP: 07,15,18,21,22|5|1.559
249mLYS: 04,11,12,16,24|5|1.9436
251mTHR: 02,16,19,20,28|5|2.5809
167mHIS: 03,04,05,09,23|5|1.427
127mALA: 02,14,15,18,19|5|2.0412
134mCYS: 07,15,18,21,22|5|1.0358
146mGLY: 01,10,14,17,27|5|3.2868
146mLYS: 01,10,14,17,27|5|1.7659
130mGLY: 18,19,21,22,29|5|1.7521
167mGLU: 03,04,05,09,23|5|1.9428
136mGLU: 06,07,15,18,22|5|2.5173
167mLYS: 03,04,05,09,23|5|1.4661
130mSER: 18,19,21,22,29|5|1.3438
249mSER: 04,11,12,16,24|5|1.5119
167mTHR: 03,04,05,09,23|5|1.801
136mASP: 06,07,15,18,22|5|2.8337
251mGLU: 02,16,19,20,28|5|2.552
251mSER: 02,16,19,20,28|5|1.8715
251mLYS: 02,16,19,20,28|5|2.9967
241mLYS: 11,18,19,22,29|5|2.179
167mASP: 03,04,05,09,23|5|2.0431
146mASP: 01,10,14,17,27|5|2.9165
167mGLN: 03,04,05,09,23|5|1.079
130mASP: 18,19,21,22,29|5|2.056
217mTHR: 07,21,22,23,26|5|4.0808
217mLYS: 07,21,22,23,26|5|2.2105
127mSER: 02,14,15,18,19|5|1.5231
127mLYS: 02,14,15,18,19|5|1.1688
249mCYS: 04,11,12,16,24|5|3.4416
136mSER: 06,07,15,18,22|5|2.9413
146mGLU: 01,10,14,17,27|5|3.419
217mSER: 07,21,22,23,26|5|2.2871
169mLYS: 05,21,22,23,29|5|1.0183
136mGLN: 06,07,15,18,22|5|1.3805
249mGLY: 04,11,12,16,24|5|2.4821
251mASP: 02,16,19,20,28|5|3.6238
136mGLY: 06,07,15,18,22|5|3.8481
146mALA: 01,10,14,17,27|5|1.837
249mASP: 04,11,12,16,24|5|3.2381
251mALA: 02,16,19,20,28|5|2.0182
136mHIS: 06,07,15,18,22|5|2.7828
130mHIS: 18,19,21,22,29|5|1.4946
134mGLY: 07,15,18,21,22|5|1.0784
167mGLY: 03,04,05,09,23|5|2.0881
130mTHR: 18,19,21,22,29|5|1.0481
217mASP: 07,21,22,23,26|5|3.1544
167mSER: 03,04,05,09,23|5|1.509
249mGLU: 04,11,12,16,24|5|1.8694
123mLYS: 06,14,15,18|4|1.5697
259mGLY: 00,01,13,20|4|2.5921
173mTHR: 00,23,26,27|4|2.3377
259mASN: 00,01,13,20|4|1.0133
259mALA: 00,01,13,20|4|2.9202
173mLYS: 00,23,26,27|4|1.7009
259mSER: 00,01,13,20|4|1.8785
229mGLY: 00,08,10,13|4|1.7873
259mCYS: 00,01,13,20|4|2.8127
173mGLN: 00,23,26,27|4|1.7176
173mSER: 00,23,26,27|4|2.62
259mASP: 00,01,13,20|4|3.1046
173mALA: 00,23,26,27|4|1.7653
173mGLU: 00,23,26,27|4|2.745
173mASP: 00,23,26,27|4|1.7454
259mTHR: 00,01,13,20|4|1.4143
259mGLU: 00,01,13,20|4|1.955
266mGLY: 00,01,17,27|4|1.144
259mLYS: 00,01,13,20|4|2.0731
173mASN: 00,23,26,27|4|2.2391
173mGLY: 00,23,26,27|4|2.8877
123mALA: 06,14,15,18|4|1.1241
258mGLY: 00,01,13|3|1.8109
149mGLY: 01,10,17|3|3.0732
258mGLU: 00,01,13|3|1.1824
149mLYS: 01,10,17|3|2.0568
149mASP: 01,10,17|3|2.9103
232mCYS: 01,13,20|3|1.4566
258mALA: 00,01,13|3|1.3896
149mALA: 01,10,17|3|2.8812
124mALA: 06,14,15|3|1.2743
149mTHR: 01,10,17|3|1.6314
149mHIS: 01,10,17|3|1.4457
119mGLU: 06,08,14|3|1.3868
258mASP: 00,01,13|3|1.8307
157mASP: 02,16,20|3|1.0524
149mGLN: 01,10,17|3|1.0887
149mGLU: 01,10,17|3|2.444
149mILE: 01,10,17|3|1.2058
258mSER: 00,01,13|3|1.0337
149mSER: 01,10,17|3|2.4194
