319mSER: 02,10,12,13,19,23,24|7|1.8636
319mGLY: 02,10,12,13,19,23,24|7|2.4863
316mTHR: 02,03,12,13,19,23,24|7|2.3077
288mGLU: 02,03,12,13,19,23,25|7|1.5248
283mHIS: 02,03,12,19,23,24|6|1.6638
297mGLY: 09,10,25,26,28,29|6|2.7129
283mGLY: 02,03,12,19,23,24|6|2.8135
438mTHR: 08,09,10,25,26,29|6|3.5755
297mASN: 09,10,25,26,28,29|6|1.8737
297mTRP: 09,10,25,26,28,29|6|2.1144
439mGLU: 08,09,10,25,26,29|6|1.6697
438mASP: 08,09,10,25,26,29|6|1.9934
439mSER: 08,09,10,25,26,29|6|3.4153
297mSER: 09,10,25,26,28,29|6|1.9984
297mGLU: 09,10,25,26,28,29|6|3.0266
297mILE: 09,10,25,26,28,29|6|1.9866
297mMET: 09,10,25,26,28,29|6|2.851
438mGLY: 08,09,10,25,26,29|6|2.7542
180mGLY: 00,04,06,07,11,27|6|4.3406
297mHIS: 09,10,25,26,28,29|6|2.4064
297mVAL: 09,10,25,26,28,29|6|2.0002
180mSER: 00,04,06,07,11,27|6|3.5358
297mALA: 09,10,25,26,28,29|6|2.2242
438mCYS: 08,09,10,25,26,29|6|2.1432
180mALA: 00,04,06,07,11,27|6|7.1322
438mSER: 08,09,10,25,26,29|6|2.8671
297mGLN: 09,10,25,26,28,29|6|2.5471
180mGLU: 00,04,06,07,11,27|6|3.6101
297mLEU: 09,10,25,26,28,29|6|2.6503
297mTHR: 09,10,25,26,28,29|6|2.8489
313mALA: 02,03,12,19,23,24|6|1.6766
439mLYS: 08,09,10,25,26,29|6|4.9841
439mALA: 08,09,10,25,26,29|6|4.9354
438mGLU: 08,09,10,25,26,29|6|3.2699
439mGLY: 08,09,10,25,26,29|6|3.7002
438mALA: 08,09,10,25,26,29|6|3.0165
401mTHR: 02,13,14,19,24|5|2.2366
296mGLU: 09,10,25,26,29|5|2.9896
293mGLY: 09,10,25,26,29|5|2.1422
291mCYS: 02,03,12,19,23|5|2.2572
291mLEU: 02,03,12,19,23|5|1.375
401mGLY: 02,13,14,19,24|5|1.9332
296mTHR: 09,10,25,26,29|5|2.1916
401mVAL: 02,13,14,19,24|5|1.4542
401mASN: 02,13,14,19,24|5|1.2915
296mGLY: 09,10,25,26,29|5|1.908
440mTHR: 09,10,25,26,29|5|4.9913
293mGLU: 09,10,25,26,29|5|3.9604
296mSER: 09,10,25,26,29|5|1.4545
293mMET: 09,10,25,26,29|5|1.9787
120mGLY: 00,04,06,11,27|5|1.3463
419mTHR: 02,13,14,19,24|5|2.2873
379mGLY: 02,13,14,17,24|5|2.2443
440mILE: 09,10,25,26,29|5|3.0727
440mGLY: 09,10,25,26,29|5|3.9968
440mSER: 09,10,25,26,29|5|2.5203
291mTHR: 02,03,12,19,23|5|1.4484
293mTHR: 09,10,25,26,29|5|3.093
293mSER: 09,10,25,26,29|5|1.4972
293mALA: 09,10,25,26,29|5|2.1279
401mALA: 02,13,14,19,24|5|3.2603
293mVAL: 09,10,25,26,29|5|1.7231
440mVAL: 09,10,25,26,29|5|3.4077
401mLYS: 02,13,14,19,24|5|2.2239
293mLEU: 09,10,25,26,29|5|2.8795
440mGLN: 09,10,25,26,29|5|2.182
379mALA: 02,13,14,17,24|5|2.6112
440mASN: 09,10,25,26,29|5|2.7381
440mALA: 09,10,25,26,29|5|5.6995
401mILE: 02,13,14,19,24|5|1.3967
377mTHR: 02,13,14,24|4|1.9583
377mSER: 02,13,14,24|4|1.8072
147mTHR: 04,06,11,27|4|2.1111
265mVAL: 04,06,11,27|4|3.1328
265mALA: 04,06,11,27|4|4.1558
377mGLU: 02,13,14,24|4|2.2196
265mCYS: 04,06,11,27|4|1.279
403mLYS: 02,13,14,24|4|2.2809
312mASP: 03,12,19,23|4|1.8817
178mLEU: 00,04,06,27|4|1.0699
147mVAL: 04,06,11,27|4|1.4761
441mLYS: 09,10,25,29|4|3.4472
441mCYS: 09,10,25,29|4|2.0043
146mGLY: 04,06,11,27|4|1.2818
403mILE: 02,13,14,24|4|1.3944
428mGLU: 02,03,12,23|4|1.3512
441mSER: 09,10,25,29|4|1.983
403mCYS: 02,13,14,24|4|2.4788
441mALA: 09,10,25,29|4|4.5852
312mCYS: 03,12,19,23|4|5.9292
146mTHR: 04,06,11,27|4|1.8113
265mGLU: 04,06,11,27|4|1.416
441mGLY: 09,10,25,29|4|2.8657
178mGLU: 00,04,06,27|4|1.422
147mGLY: 04,06,11,27|4|1.6798
428mCYS: 02,03,12,23|4|1.7944
279mHIS: 02,12,23,24|4|1.0144
441mTHR: 09,10,25,29|4|2.2375
403mGLU: 02,13,14,24|4|2.6288
265mTHR: 04,06,11,27|4|2.8065
403mASN: 02,13,14,24|4|1.0334
178mTHR: 00,04,06,27|4|1.2612
312mGLU: 03,12,19,23|4|1.9048
377mLEU: 02,13,14,24|4|1.8922
403mTHR: 02,13,14,24|4|2.8037
178mALA: 00,04,06,27|4|1.6787
146mVAL: 04,06,11,27|4|1.3325
377mGLY: 02,13,14,24|4|2.2805
441mILE: 09,10,25,29|4|1.5897
265mLEU: 04,06,11,27|4|1.7248
441mLEU: 09,10,25,29|4|1.6594
441mGLU: 09,10,25,29|4|1.6846
428mLEU: 02,03,12,23|4|1.0505
377mALA: 02,13,14,24|4|3.28
403mGLY: 02,13,14,24|4|2.2301
147mALA: 04,06,11,27|4|3.4458
312mALA: 03,12,19,23|4|2.3662
282mALA: 02,19,24|3|1.1948
268mILE: 04,11,27|3|1.8878
182mLEU: 00,04,07|3|2.4272
273mGLY: 12,19,23|3|1.8914
182mGLU: 00,04,07|3|2.8489
268mGLU: 04,11,27|3|2.6664
282mVAL: 02,19,24|3|1.197
273mALA: 12,19,23|3|1.6808
268mMET: 04,11,27|3|1.3767
322mMET: 02,10,25|3|1.2364
301mMET: 09,26,29|3|1.0466
268mASN: 04,11,27|3|1.1315
182mTHR: 00,04,07|3|2.4154
268mALA: 04,11,27|3|2.055
121mALA: 06,11,27|3|2.3746
266mMET: 04,11,27|3|1.0384
268mGLN: 04,11,27|3|1.7901
442mGLU: 25,26,29|3|1.4348
266mTHR: 04,11,27|3|1.5615
262mALA: 00,06,07|3|1.2281
282mGLY: 02,19,24|3|1.1842
268mCYS: 04,11,27|3|3.2126
273mLYS: 12,19,23|3|1.0462
273mMET: 12,19,23|3|2.1285
261mGLU: 00,07,23|3|1.7696
268mPHE: 04,11,27|3|1.8157
282mTHR: 02,19,24|3|1.2511
308mCYS: 12,19,23|3|3.544
322mHIS: 02,10,25|3|1.4104
119mGLU: 00,04,06|3|2.2523
261mMET: 00,07,23|3|1.061
242mALA: 05,26,28|3|1.5728
322mGLY: 02,10,25|3|1.2828
121mCYS: 06,11,27|3|2.1052
261mGLY: 00,07,23|3|1.0152
266mGLU: 04,11,27|3|1.1662
142mGLU: 06,11,27|3|1.0097
273mTHR: 12,19,23|3|1.5143
268mVAL: 04,11,27|3|1.5857
268mSER: 04,11,27|3|1.1524
268mLEU: 04,11,27|3|2.1027
182mCYS: 00,04,07|3|2.9494
266mVAL: 04,11,27|3|1.0225
182mALA: 00,04,07|3|1.944
242mVAL: 05,26,28|3|1.2124
273mGLU: 12,19,23|3|1.6853
442mCYS: 25,26,29|3|2.1911
268mTHR: 04,11,27|3|2.2509
261mLEU: 00,07,23|3|1.3646
242mTHR: 05,26,28|3|1.2771
273mLEU: 12,19,23|3|1.2346
322mGLU: 02,10,25|3|1.1544
268mGLY: 04,11,27|3|1.6052
273mASP: 12,19,23|3|1.6632
268mASP: 04,11,27|3|2.0545
273mSER: 12,19,23|3|1.9112
273mGLN: 12,19,23|3|1.2948
266mALA: 04,11,27|3|1.3934
261mTHR: 00,07,23|3|1.451
322mTHR: 02,10,25|3|1.0656
356mHIS: 03,12,29|3|1.0865
266mGLN: 04,11,27|3|1.068
268mPRO: 04,11,27|3|1.4514
273mHIS: 12,19,23|3|2.5871
266mLEU: 04,11,27|3|1.3276
266mGLY: 04,11,27|3|1.0653
301mHIS: 09,26,29|3|1.3876
282mHIS: 02,19,24|3|1.0061
322mSER: 02,10,25|3|1.1996
268mTRP: 04,11,27|3|1.507
266mILE: 04,11,27|3|1.0385
282mASN: 02,19,24|3|1.0299
