341 375 376 
341 343 375 
341 342 375 
341 345 375 
341 343 376 
341 342 376 
341 345 376 
341 342 343 
341 343 345 
341 342 345 
375 376 418 
343 375 376 
342 375 376 
375 376 380 
375 376 420 
375 376 381 
345 375 376 
375 380 418 
375 418 420 
375 381 418 
342 343 375 
343 375 380 
343 375 381 
343 345 375 
342 375 380 
342 375 381 
342 345 375 
375 380 420 
375 380 381 
345 375 380 
375 381 420 
345 375 381 
376 380 418 
376 418 420 
376 381 418 
342 343 376 
343 376 380 
343 376 381 
343 345 376 
342 376 380 
342 376 381 
342 345 376 
376 380 420 
376 380 381 
345 376 380 
376 381 420 
345 376 381 
402 418 420 
381 402 418 
397 402 418 
381 402 420 
397 402 420 
381 397 402 
397 402 430 
380 418 421 
418 420 421 
381 418 421 
418 421 427 
380 418 420 
380 381 418 
381 418 420 
418 420 427 
397 418 420 
381 397 418 
397 418 427 
380 420 421 
380 381 421 
381 420 421 
420 421 427 
342 343 380 
342 343 381 
342 343 345 
343 380 381 
343 345 380 
343 345 381 
393 430 432 
342 380 381 
342 345 380 
342 345 381 
380 381 420 
345 380 381 
381 397 420 
397 420 427 
397 430 432 
349 351 370 
349 370 451 
351 370 451 
397 427 430 
349 351 369 
349 351 451 
351 360 451 
