266mASP: 01,03,04,06,09,23,26|7|4.8283
146mGLY: 01,03,04,06,15,23,26|7|6.0508
146mLYS: 01,03,04,06,15,23,26|7|3.9157
146mASN: 01,03,04,06,15,23,26|7|4.0965
146mTHR: 01,03,04,06,15,23,26|7|5.5955
146mHIS: 01,03,04,06,15,23,26|7|5.9829
146mILE: 01,03,04,06,15,23,26|7|2.3051
146mLEU: 01,03,04,06,15,23,26|7|4.2678
146mGLN: 01,03,04,06,15,23,26|7|3.4324
146mGLU: 01,03,04,06,15,23,26|7|6.2662
146mSER: 01,03,04,06,15,23,26|7|5.9573
266mALA: 01,03,04,06,09,23,26|7|4.5936
146mALA: 01,03,04,06,15,23,26|7|4.9003
146mMET: 01,03,04,06,15,23,26|7|4.7169
146mVAL: 01,03,04,06,15,23,26|7|2.6851
146mTRP: 01,03,04,06,15,23,26|7|1.8181
266mGLY: 01,03,04,06,09,23,26|7|3.0796
146mASP: 01,03,04,06,15,23,26|7|3.9252
180mLYS: 03,04,06,13,19,26|6|3.1985
262mGLU: 01,03,04,06,09,13|6|2.0093
180mGLU: 03,04,06,13,19,26|6|4.2635
180mTHR: 03,04,06,13,19,26|6|3.5311
262mHIS: 01,03,04,06,09,13|6|1.5274
180mSER: 03,04,06,13,19,26|6|3.4542
182mGLU: 03,04,06,13,19|5|1.3727
178mSER: 03,04,06,13,26|5|2.4524
178mLYS: 03,04,06,13,26|5|1.1002
268mGLU: 01,06,15,23,26|5|3.391
178mGLY: 03,04,06,13,26|5|2.8706
147mHIS: 03,04,13,23,26|5|2.0424
268mALA: 01,06,15,23,26|5|2.9301
178mLEU: 03,04,06,13,26|5|1.6819
147mSER: 03,04,13,23,26|5|2.3282
268mLEU: 01,06,15,23,26|5|2.9174
178mGLU: 03,04,06,13,26|5|1.8898
147mGLY: 03,04,13,23,26|5|3.042
178mMET: 03,04,06,13,26|5|2.4389
178mTHR: 03,04,06,13,26|5|1.966
322mGLU: 02,12,14,18,25|5|1.8428
178mHIS: 03,04,06,13,26|5|2.9375
178mGLN: 03,04,06,13,26|5|1.4797
178mASN: 03,04,06,13,26|5|1.5089
268mTHR: 01,06,15,23,26|5|3.5921
178mALA: 03,04,06,13,26|5|1.9657
121mCYS: 04,06,08,19,26|5|2.827
322mTHR: 02,12,14,18,25|5|2.555
147mMET: 03,04,13,23,26|5|1.4874
441mVAL: 12,14,18,22|4|1.6876
300mCYS: 12,14,15,22|4|2.5497
441mLEU: 12,14,18,22|4|1.292
119mSER: 04,06,19,26|4|1.014
120mTHR: 04,06,19,26|4|1.3819
441mMET: 12,14,18,22|4|1.1294
329mALA: 02,14,18,21|4|1.3973
319mTHR: 02,12,14,25|4|2.2596
120mHIS: 04,06,19,26|4|1.5321
441mGLY: 12,14,18,22|4|1.4461
119mGLY: 04,06,19,26|4|1.3589
319mGLY: 02,12,14,25|4|1.394
319mLEU: 02,12,14,25|4|1.8415
441mCYS: 12,14,18,22|4|1.6354
119mTHR: 04,06,19,26|4|1.4384
441mILE: 12,14,18,22|4|1.2925
319mGLU: 02,12,14,25|4|2.4552
142mGLY: 08,15,23,26|4|1.1628
319mALA: 02,12,14,25|4|2.2966
329mGLU: 02,14,18,21|4|1.9369
305mTHR: 01,15,23|3|2.0914
217mCYS: 08,15,22|3|2.0744
296mGLU: 12,14,22|3|1.021
439mGLU: 12,14,18|3|1.6489
299mTHR: 14,15,22|3|1.0554
301mGLY: 12,15,22|3|1.4514
272mTHR: 01,15,23|3|1.2369
272mLEU: 01,15,23|3|1.0025
318mGLY: 02,12,22|3|1.7754
301mTHR: 12,15,22|3|1.7804
318mTRP: 02,12,22|3|1.4261
318mHIS: 02,12,22|3|1.751
318mTHR: 02,12,22|3|2.2047
301mMET: 12,15,22|3|1.692
217mALA: 08,15,22|3|2.2824
297mASN: 12,14,22|3|1.7745
297mTRP: 12,14,22|3|2.0539
318mSER: 02,12,22|3|1.4489
297mSER: 12,14,22|3|1.4848
217mGLY: 08,15,22|3|1.6783
439mSER: 12,14,18|3|1.6496
305mCYS: 01,15,23|3|4.5376
297mGLU: 12,14,22|3|2.9711
137mCYS: 08,19,26|3|2.2437
299mCYS: 14,15,22|3|1.1157
261mHIS: 03,09,13|3|1.6531
297mMET: 12,14,22|3|2.4174
230mCYS: 03,09,13|3|3.6131
301mSER: 12,15,22|3|1.0912
301mALA: 12,15,22|3|1.2428
334mTHR: 02,18,21|3|1.2091
318mGLN: 02,12,22|3|1.7972
303mGLU: 15,22,23|3|1.5763
261mGLY: 03,09,13|3|1.4278
301mLEU: 12,15,22|3|1.67
297mHIS: 12,14,22|3|1.5676
297mPRO: 12,14,22|3|2.0237
229mTHR: 03,09,13|3|1.0252
334mSER: 02,18,21|3|1.6014
303mTHR: 15,22,23|3|1.1992
297mVAL: 12,14,22|3|2.7863
297mGLY: 12,14,22|3|1.9809
318mASN: 02,12,22|3|1.719
297mALA: 12,14,22|3|2.2762
261mASP: 03,09,13|3|1.2725
305mASP: 01,15,23|3|1.9774
297mGLN: 12,14,22|3|2.5899
272mALA: 01,15,23|3|1.2914
318mMET: 02,12,22|3|1.4731
305mGLY: 01,15,23|3|2.1072
297mLEU: 12,14,22|3|2.8523
297mTHR: 12,14,22|3|3.1636
230mALA: 03,09,13|3|1.1615
272mVAL: 01,15,23|3|1.3978
217mSER: 08,15,22|3|1.4631
177mHIS: 03,06,26|3|1.0038
301mILE: 12,15,22|3|1.3666
261mGLU: 03,09,13|3|2.2455
297mILE: 12,14,22|3|2.4684
301mASN: 12,15,22|3|1.2476
261mSER: 03,09,13|3|1.3939
261mTHR: 03,09,13|3|1.7491
301mGLU: 12,15,22|3|1.9326
301mGLN: 12,15,22|3|1.6276
439mALA: 12,14,18|3|1.0827
318mGLU: 02,12,22|3|2.5097
297mASP: 12,14,22|3|2.1198
305mASN: 01,15,23|3|1.072
297mPHE: 12,14,22|3|2.413
301mHIS: 12,15,22|3|1.278
439mGLY: 12,14,18|3|1.3789
334mGLU: 02,18,21|3|1.5022
305mGLU: 01,15,23|3|3.4024
301mTRP: 12,15,22|3|1.4486
301mVAL: 12,15,22|3|1.5056
305mALA: 01,15,23|3|2.4754
297mCYS: 12,14,22|3|3.3965
336mALA: 18,21|2|2.0283
136mVAL: 08,26|2|1.6556
293mHIS: 12,22|2|1.214
341mTHR: 05,21|2|1.5812
139mTHR: 08,26|2|2.3838
136mALA: 08,26|2|1.8534
293mGLY: 12,22|2|1.0264
359mALA: 16,27|2|1.299
377mTHR: 05,21|2|1.064
139mGLU: 08,26|2|2.7341
336mSER: 18,21|2|2.5643
136mCYS: 08,26|2|1.1342
183mHIS: 03,13|2|1.0268
139mGLN: 08,26|2|1.93
336mGLU: 18,21|2|3.7636
293mASN: 12,22|2|1.1947
258mGLU: 09,13|2|1.8814
136mGLU: 08,26|2|3.5418
393mCYS: 12,18|2|1.5027
293mGLU: 12,22|2|1.3471
139mVAL: 08,26|2|2.0447
259mCYS: 09,13|2|2.8315
139mHIS: 08,26|2|1.095
434mVAL: 12,18|2|1.1537
434mILE: 12,18|2|1.0586
136mASP: 08,26|2|2.3282
136mTHR: 08,26|2|3.1284
434mALA: 12,18|2|1.1204
434mLEU: 12,18|2|1.0429
379mTHR: 05,21|2|1.1147
139mTRP: 08,26|2|1.566
379mGLY: 05,21|2|1.0005
434mCYS: 12,18|2|2.1281
139mILE: 08,26|2|1.8986
293mGLN: 12,22|2|1.0081
139mCYS: 08,26|2|2.9182
293mTHR: 12,22|2|1.6539
307mHIS: 15,22|2|1.0515
336mLYS: 18,21|2|2.6808
139mALA: 08,26|2|1.8777
139mASP: 08,26|2|1.9602
455mALA: 16,27|2|1.2046
136mSER: 08,26|2|1.9931
379mMET: 05,21|2|1.3693
379mHIS: 05,21|2|1.3328
136mGLN: 08,26|2|1.1806
139mGLY: 08,26|2|1.6749
293mSER: 12,22|2|1.0479
136mGLY: 08,26|2|2.0197
139mPHE: 08,26|2|2.0747
359mCYS: 16,27|2|1.7529
336mTHR: 18,21|2|2.8731
139mPRO: 08,26|2|1.5211
336mGLY: 18,21|2|2.7097
139mASN: 08,26|2|1.2705
455mGLY: 16,27|2|1.1556
436mTHR: 12,18|2|1.7404
136mLEU: 08,26|2|1.206
139mMET: 08,26|2|1.8642
338mCYS: 18,21|2|1.5329
436mGLU: 12,18|2|1.5171
139mSER: 08,26|2|1.2058
336mCYS: 18,21|2|1.1335
339mCYS: 18,21|2|1.1324
123mHIS: 08,26|2|1.0268
336mASN: 18,21|2|1.8685
139mLEU: 08,26|2|2.3836
379mGLU: 05,21|2|1.2919
336mHIS: 18,21|2|1.2606
336mASP: 18,21|2|2.4953
