265mALA: 02,09,10,16,19,22,25,27,29|9|3.2585
265mGLU: 02,09,10,16,19,22,25,27,29|9|5.5029
265mTHR: 02,09,10,16,19,22,25,27,29|9|3.8231
265mLEU: 02,09,10,16,19,22,25,27,29|9|2.9029
147mTHR: 02,09,10,16,19,22,25,29|8|3.9008
146mPHE: 02,09,10,16,19,22,25,29|8|3.3561
146mGLY: 02,09,10,16,19,22,25,29|8|4.6449
147mSER: 02,09,10,16,19,22,25,29|8|2.485
146mTHR: 02,09,10,16,19,22,25,29|8|7.7525
147mLEU: 02,09,10,16,19,22,25,29|8|3.6731
147mGLY: 02,09,10,16,19,22,25,29|8|2.9027
146mILE: 02,09,10,16,19,22,25,29|8|3.977
146mLEU: 02,09,10,16,19,22,25,29|8|6.9672
146mGLN: 02,09,10,16,19,22,25,29|8|2.2223
146mGLU: 02,09,10,16,19,22,25,29|8|9.229
181mGLY: 00,02,09,10,16,19,22,29|8|1.7464
146mALA: 02,09,10,16,19,22,25,29|8|6.9118
146mVAL: 02,09,10,16,19,22,25,29|8|5.1257
146mMET: 02,09,10,16,19,22,25,29|8|3.1353
147mGLU: 02,09,10,16,19,22,25,29|8|5.2357
147mMET: 02,09,10,16,19,22,25,29|8|2.0113
146mASP: 02,09,10,16,19,22,25,29|8|3.7849
178mVAL: 02,09,10,16,19,22,25|7|1.1081
178mSER: 02,09,10,16,19,22,25|7|2.8148
178mLYS: 02,09,10,16,19,22,25|7|1.8712
178mGLY: 02,09,10,16,19,22,25|7|2.8063
267mGLU: 09,16,19,22,25,27,29|7|1.4582
266mASN: 09,16,19,22,25,27,29|7|3.9515
178mLEU: 02,09,10,16,19,22,25|7|2.3952
266mSER: 09,16,19,22,25,27,29|7|3.8164
178mGLU: 02,09,10,16,19,22,25|7|3.5357
266mGLU: 09,16,19,22,25,27,29|7|8.4572
178mMET: 02,09,10,16,19,22,25|7|1.6974
178mTHR: 02,09,10,16,19,22,25|7|2.8187
266mTHR: 09,16,19,22,25,27,29|7|6.9535
178mHIS: 02,09,10,16,19,22,25|7|1.8328
178mALA: 02,09,10,16,19,22,25|7|2.7772
262mGLU: 09,10,16,19,22|5|1.6428
119mGLY: 00,02,10,16,22|5|1.1613
177mGLU: 02,09,22,25|4|1.3155
303mLEU: 09,25,26,27|4|1.4511
177mALA: 02,09,22,25|4|1.073
303mVAL: 09,25,26,27|4|1.3008
303mGLN: 09,25,26,27|4|1.3111
303mGLU: 09,25,26,27|4|2.2421
303mTHR: 09,25,26,27|4|1.9808
259mGLY: 18,27,28|3|1.1331
305mTHR: 02,26,27|3|2.8686
440mGLU: 13,14,20|3|4.4114
440mPRO: 13,14,20|3|1.9125
326mGLY: 13,14,20|3|1.5068
440mTHR: 13,14,20|3|3.3146
182mGLU: 00,10,16|3|4.2162
326mTHR: 13,14,20|3|1.6403
259mALA: 18,27,28|3|1.3186
438mTHR: 13,14,20|3|1.5174
440mLEU: 13,14,20|3|3.7248
434mGLU: 13,14,20|3|1.1342
325mGLU: 13,14,20|3|1.0773
182mASP: 00,10,16|3|3.1864
439mGLU: 13,14,20|3|1.136
438mASP: 13,14,20|3|1.5429
290mLEU: 07,13,26|3|1.3185
305mMET: 02,26,27|3|2.4502
290mGLY: 07,13,26|3|1.3015
305mHIS: 02,26,27|3|1.9154
305mGLN: 02,26,27|3|2.3639
440mSER: 13,14,20|3|1.9314
326mALA: 13,14,20|3|1.55
290mTHR: 07,13,26|3|1.4384
440mMET: 13,14,20|3|1.9799
290mALA: 07,13,26|3|1.0715
441mALA: 13,14,20|3|1.0137
293mGLU: 13,20,26|3|1.1648
326mSER: 13,14,20|3|1.0288
326mHIS: 13,14,20|3|1.0952
274mGLU: 09,25,26|3|1.3051
290mMET: 07,13,26|3|1.3615
141mGLY: 16,22,26|3|1.44
440mALA: 13,14,20|3|4.2368
438mCYS: 13,14,20|3|1.7704
440mGLY: 13,14,20|3|3.3145
141mCYS: 16,22,26|3|3.9113
441mGLU: 13,14,20|3|1.2554
274mTHR: 09,25,26|3|1.0882
182mGLY: 00,10,16|3|2.5269
305mGLY: 02,26,27|3|2.2704
326mMET: 13,14,20|3|1.4504
329mGLU: 13,14,20|3|1.4141
290mGLN: 07,13,26|3|1.0675
281mCYS: 07,18,26|3|1.1169
438mGLY: 13,14,20|3|1.8458
141mASP: 16,22,26|3|1.9187
440mCYS: 13,14,20|3|7.2063
436mTHR: 13,14,20|3|1.4317
305mSER: 02,26,27|3|1.8508
438mLYS: 13,14,20|3|2.0767
290mVAL: 07,13,26|3|1.1077
326mLEU: 13,14,20|3|1.6503
440mHIS: 13,14,20|3|1.0167
305mASN: 02,26,27|3|2.1342
148mGLU: 02,09,25|3|1.2294
436mGLU: 13,14,20|3|1.5549
440mASP: 13,14,20|3|4.1894
438mGLU: 13,14,20|3|1.0871
440mGLN: 13,14,20|3|2.453
290mHIS: 07,13,26|3|1.1827
290mSER: 07,13,26|3|1.108
305mVAL: 02,26,27|3|2.1959
305mGLU: 02,26,27|3|3.2377
290mGLU: 07,13,26|3|1.5783
148mCYS: 02,09,25|3|1.4922
182mASN: 00,10,16|3|1.3378
141mALA: 16,22,26|3|2.2372
438mALA: 13,14,20|3|2.0595
258mGLY: 18,27|2|1.4713
284mSER: 18,26|2|1.0008
226mLEU: 00,10|2|1.1778
152mASN: 18,27|2|1.0074
226mTHR: 00,10|2|1.178
218mGLU: 07,26|2|1.1855
284mALA: 18,26|2|1.785
284mPRO: 18,26|2|2.0076
334mGLY: 14,20|2|1.2318
217mGLY: 07,26|2|1.1159
284mASN: 18,26|2|1.2684
284mILE: 18,26|2|2.0454
258mGLU: 18,27|2|1.2691
284mTRP: 18,26|2|1.8822
442mGLU: 13,20|2|1.5985
277mTHR: 18,27|2|1.0882
442mPHE: 13,20|2|1.0307
261mALA: 18,27|2|1.4076
442mLEU: 13,20|2|1.3076
152mGLU: 18,27|2|1.0667
226mGLU: 00,10|2|1.5283
261mMET: 18,27|2|1.0627
261mGLY: 18,27|2|1.5454
257mGLU: 18,27|2|1.2164
258mHIS: 18,27|2|1.7509
283mCYS: 18,27|2|1.3437
277mGLU: 18,27|2|1.3051
284mGLY: 18,26|2|1.4565
226mCYS: 00,10|2|1.7124
216mGLY: 07,26|2|1.1963
208mCYS: 00,10|2|2.5357
442mCYS: 13,20|2|3.2192
208mLEU: 00,10|2|1.2331
217mGLU: 07,26|2|1.385
284mTHR: 18,26|2|2.193
152mHIS: 18,27|2|1.0148
284mMET: 18,26|2|1.7061
443mCYS: 13,20|2|1.3616
261mSER: 18,27|2|1.2252
284mLEU: 18,26|2|2.2575
284mGLU: 18,26|2|2.4795
284mVAL: 18,26|2|2.0472
208mGLU: 00,10|2|1.5073
284mASP: 18,26|2|2.0985
284mPHE: 18,26|2|2.2773
284mGLN: 18,26|2|2.0337
286mGLU: 18,27|2|1.2551
261mCYS: 18,27|2|1.0185
218mTHR: 07,26|2|1.2093
261mHIS: 18,27|2|1.3567
258mSER: 18,27|2|1.4072
284mCYS: 18,26|2|3.1245
