242mGLU: 04,06,07,13,14,21,23|7|5.9779
242mLEU: 04,06,07,13,14,21,23|7|2.7825
242mALA: 04,06,07,13,14,21,23|7|5.0354
242mCYS: 04,06,07,13,14,21,23|7|7.7314
244mASP: 04,06,10,13,15,21|6|3.3432
244mGLU: 04,06,10,13,15,21|6|5.8583
244mTHR: 04,06,10,13,15,21|6|3.9481
244mCYS: 04,06,10,13,15,21|6|7.2034
244mGLY: 04,06,10,13,15,21|6|2.6841
244mALA: 04,06,10,13,15,21|6|4.5266
241mILE: 04,06,10,15,21|5|1.5171
193mASP: 04,06,10,15,21|5|1.7182
241mGLU: 04,06,10,15,21|5|2.359
241mVAL: 04,06,10,15,21|5|1.5949
241mALA: 04,06,10,15,21|5|1.3845
241mASP: 04,06,10,15,21|5|1.6424
191mCYS: 06,14,15,21,23|5|1.0653
193mGLU: 04,06,10,15,21|5|2.1879
241mCYS: 04,06,10,15,21|5|3.1354
193mALA: 04,06,10,15,21|5|2.9913
193mLEU: 04,06,10,15,21|5|1.81
241mLEU: 04,06,10,15,21|5|1.9918
193mCYS: 04,06,10,15,21|5|4.1659
241mMET: 04,06,10,15,21|5|1.0938
241mTHR: 04,06,10,15,21|5|1.8938
241mPHE: 04,06,10,15,21|5|1.8248
193mTHR: 04,06,10,15,21|5|1.5705
164mMET: 07,14,21,23|4|1.2635
164mGLU: 07,14,21,23|4|4.1827
164mILE: 07,14,21,23|4|1.8207
165mTHR: 07,14,21,23|4|1.9315
164mALA: 07,14,21,23|4|5.4312
165mCYS: 07,14,21,23|4|3.4222
165mASP: 07,14,21,23|4|1.4525
165mGLU: 07,14,21,23|4|2.581
164mLEU: 07,14,21,23|4|2.7073
164mASP: 07,14,21,23|4|3.9407
165mALA: 07,14,21,23|4|3.2921
165mGLY: 07,14,21,23|4|2.2049
165mLEU: 07,14,21,23|4|2.0201
164mCYS: 07,14,21,23|4|6.2546
164mSER: 07,14,21,23|4|2.8026
164mTHR: 07,14,21,23|4|3.6793
164mGLY: 07,14,21,23|4|3.8019
219mALA: 04,06,15,21|4|1.3378
165mSER: 07,14,21,23|4|1.7349
164mLYS: 07,14,21,23|4|2.55
130mGLN: 06,10,15|3|1.4605
249mASP: 07,14,23|3|1.3395
130mLEU: 06,10,15|3|1.9859
130mGLU: 06,10,15|3|2.1302
130mGLY: 06,10,15|3|1.6193
249mILE: 07,14,23|3|1.1065
130mASP: 06,10,15|3|1.7665
130mALA: 06,10,15|3|1.9644
249mCYS: 07,14,23|3|2.4007
130mSER: 06,10,15|3|1.1843
249mALA: 07,14,23|3|1.3064
217mGLU: 04,06,21|3|1.0832
130mCYS: 06,10,15|3|2.7597
217mALA: 04,06,21|3|1.5769
130mILE: 06,10,15|3|1.525
130mTHR: 06,10,15|3|1.8872
249mTHR: 07,14,23|3|1.1311
217mSER: 04,06,21|3|1.0156
130mMET: 06,10,15|3|1.4284
249mLEU: 07,14,23|3|1.2945
249mGLU: 07,14,23|3|1.3103
161mALA: 07,14|2|1.1284
358mCYS: 07,14|2|1.521
246mCYS: 10,13|2|1.3375
