M = 394 401 403 
443 444 445 | 388 389 408 | 435 439 440 | 347 349 351 | 391 412 414 | 339 342 376 | 392 440 443 | 372 418 419 | 345 346 370 | 435 440 443 | 339 341 405 | 436 440 441 | 394 400 401 | 339 341 405 | 401 402 403 | 341 344 377 | 394 443 444 | 345 346 370 | 394 443 444 | 345 346 370 | 346 347 370 | 391 393 435 | 339 403 407 | 355 362 445 | 370 450 451 | 393 440 443 | 342 345 346 | 347 368 370 | 401 403 419 | 389 404 408 | 351 370 450 | 339 405 408 | 391 438 440 | 432 440 443 | 346 349 370 | 344 377 379 | 392 440 443 | 375 379 419 | 391 432 440 | 393 435 440 | 375 378 419 | 388 391 434 | 400 401 403 | 

M = 165 190 194 
146 150 267 | 194 196 242 | 145 146 267 | 193 196 242 | 201 226 231 | 196 241 242 | 149 262 267 | 162 164 165 | 146 265 267 | 194 196 242 | 146 149 267 | 165 248 249 | 146 150 267 | 194 242 244 | 201 205 208 | 242 245 248 | 146 178 267 | 146 150 267 | 193 196 242 | 194 242 244 | 146 265 267 | 146 147 267 | 194 243 245 | 152 258 259 | 194 196 242 | 146 150 267 | 193 241 242 | 149 262 267 | 196 242 245 | 193 196 242 | 146 265 267 | 146 147 267 | 194 196 242 | 164 165 167 | 146 147 267 | 196 241 242 | 146 150 267 | 150 151 258 | 242 244 245 | 194 196 242 | 228 229 259 | 146 175 267 | 194 196 242 | 

FREQUENCIES
267: 17
242: 17
146: 15
196: 12
194: 10
440: 10
370: 8
443: 8
346: 6
150: 6
403: 5
391: 5
339: 5
401: 5
345: 4
419: 4
193: 4
394: 4
245: 4
435: 4
165: 4
405: 3
347: 3
341: 3
408: 3
265: 3
393: 3
444: 3
244: 3
241: 3
147: 3
149: 3
342: 2
400: 2
349: 2
262: 2
379: 2
375: 2
377: 2
201: 2
392: 2
445: 2
388: 2
389: 2
248: 2
432: 2
450: 2
258: 2
259: 2
344: 2
164: 2
351: 2
226: 1
407: 1
378: 1
412: 1
372: 1
376: 1
190: 1
414: 1
368: 1
362: 1
441: 1
243: 1
249: 1
418: 1
438: 1
439: 1
436: 1
434: 1
451: 1
178: 1
175: 1
404: 1
402: 1
229: 1
228: 1
167: 1
162: 1
151: 1
152: 1
231: 1
145: 1
205: 1
208: 1
355: 1
