D106n1.txt,0, | 146 150 178 | 165 190 194 | ,Score: 0

D106n2.txt,0, | 394 432 444 | 389 432 435 | ,Score: 0

D110n1.txt,0, | 147 150 264 | 126 130 196 | ,Score: 0

D110n2.txt,0, | 391 435 439 | 393 401 430 | ,Score: 0

D204n1.txt,0, | 160 163 251 | 193 197 241 | ,Score: 0

D204n2.txt,0, | 402 419 420 | 376 381 419 | ,Score: 0

D206n1.txt,0, | 148 179 262 | 165 190 240 | ,Score: 0

D206n2.txt,0, | 363 392 444 | 372 418 419 | ,Score: 0

D214n1.txt,0, | 150 178 267 | 153 156 167 | ,Score: 0

D214n2.txt,0, | 366 389 412 | 391 435 439 | ,Score: 0

D216n1.txt,0, | 139 141 220 | 157 165 249 | ,Score: 0

D216n2.txt,0, | 401 428 430 | 434 440 443 | ,Score: 0

D228n1.txt,0, | 167 172 190 | 123 127 208 | ,Score: 0

D228n2.txt,0, | 389 395 432 | 339 403 407 | ,Score: 0

D229n1.txt,0, | 124 126 207 | 165 194 239 | ,Score: 0

D229n2.txt,0, | 402 403 414 | 342 344 376 | ,Score: 0

D301n1.txt,0, | 165 190 194 | 149 178 261 | ,Score: 0

D301n2.txt,0, | 388 390 435 | 401 403 419 | ,Score: 0

D302n1.txt,0, | 143 147 175 | 165 190 194 | ,Score: 0

D302n2.txt,0, | 435 440 443 | 351 366 369 | ,Score: 0

D305n1.txt,0, | 152 167 171 | 149 262 267 | ,Score: 0

D305n2.txt,0, | 392 440 443 | 391 392 435 | ,Score: 0

D307n1.txt,0, | 148 179 261 | 165 190 194 | ,Score: 0

D307n2.txt,0, | 398 402 420 | 390 432 435 | ,Score: 0

D312n1.txt,0, | 149 152 172 | 132 193 197 | ,Score: 0

D312n2.txt,0, | 366 368 413 | 389 395 432 | ,Score: 0

D318n1.txt,0, | 157 164 167 | 130 194 241 | ,Score: 0

D318n2.txt,0, | 391 432 440 | 401 403 419 | ,Score: 0

D320n1.txt,0, | 157 167 253 | 193 196 242 | ,Score: 0

D320n2.txt,0, | 347 349 370 | 390 408 414 | ,Score: 0

D323n1.txt,0, | 152 167 171 | 149 262 267 | ,Score: 0

D323n2.txt,0, | 391 394 441 | 351 372 450 | ,Score: 0

D324n1.txt,0, | 150 178 264 | 123 127 208 | ,Score: 0

D324n2.txt,0, | 366 389 414 | 392 396 443 | ,Score: 0

D331n1.txt,0, | 157 165 249 | 149 178 261 | ,Score: 0

D331n2.txt,0, | 430 444 447 | 388 408 415 | ,Score: 0

D410n1.txt,0, | 130 190 194 | 149 151 261 | ,Score: 0

D410n2.txt,0, | 345 375 380 | 385 406 412 | ,Score: 0

D413n1.txt,0, | 151 232 259 | 201 235 251 | ,Score: 0

D413n2.txt,0, | 355 426 428 | 392 432 440 | ,Score: 0

D430n1.txt,0, | 194 196 242 | 156 234 251 | ,Score: 0

D430n2.txt,0, | 391 432 440 | 401 403 419 | ,Score: 0

D431n1.txt,0, | 165 190 194 | 193 197 241 | ,Score: 0

D431n2.txt,0, | 434 439 442 | 387 414 416 | ,Score: 0

