D106n1.txt,28, | 146 150 267 | 194 196 242 | ,Score: 35.9678

D106n2.txt,17, | 443 444 445 | 388 389 408 | ,Score: 23.034

D110n1.txt,27, | 145 146 267 | 193 196 242 | ,Score: 20.8643

D110n2.txt,27, | 435 439 440 | 347 349 351 | ,Score: 22.1663

D204n1.txt,27, | 201 226 231 | 196 241 242 | ,Score: 34.1638

D204n2.txt,28, | 391 412 414 | 339 342 376 | ,Score: 39.0741

D206n1.txt,22, | 149 262 267 | 162 164 165 | ,Score: 56.3635

D206n2.txt,27, | 392 440 443 | 372 418 419 | ,Score: 32.0597

D214n1.txt,30, | 146 265 267 | 194 196 242 | ,Score: 35.5268

D214n2.txt,26, | 345 346 370 | 435 440 443 | ,Score: 28.4769

D216n1.txt,27, | 146 149 267 | 165 248 249 | ,Score: 29.1388

D216n2.txt,19, | 339 341 405 | 436 440 441 | ,Score: 16.7142

D228n1.txt,25, | 146 150 267 | 194 242 244 | ,Score: 19.0413

D228n2.txt,25, | 394 400 401 | 339 341 405 | ,Score: 47.3145

D229n1.txt,26, | 201 205 208 | 242 245 248 | ,Score: 37.8133

D229n2.txt,26, | 401 402 403 | 341 344 377 | ,Score: 62.7441

D301n1.txt,25, | 165 190 194 | 146 178 267 | ,Score: 33.2029

D301n2.txt,29, | 394 443 444 | 345 346 370 | ,Score: 20.5533

D302n1.txt,28, | 146 150 267 | 193 196 242 | ,Score: 30.6773

D302n2.txt,29, | 394 443 444 | 345 346 370 | ,Score: 20.5533

D305n1.txt,26, | 194 242 244 | 146 265 267 | ,Score: 35.8991

D305n2.txt,22, | 346 347 370 | 391 393 435 | ,Score: 14.3139

D307n1.txt,28, | 146 147 267 | 194 243 245 | ,Score: 38.6913

D307n2.txt,27, | 339 403 407 | 355 362 445 | ,Score: 43.3472

D312n1.txt,28, | 152 258 259 | 194 196 242 | ,Score: 19.3474

D312n2.txt,28, | 370 450 451 | 394 401 403 | ,Score: 41.0108

D318n1.txt,23, | 146 150 267 | 193 241 242 | ,Score: 33.1707

D318n2.txt,26, | 393 440 443 | 342 345 346 | ,Score: 23.5984

D320n1.txt,30, | 149 262 267 | 196 242 245 | ,Score: 29.8673

D320n2.txt,27, | 347 368 370 | 401 403 419 | ,Score: 38.3557

D323n1.txt,25, | 193 196 242 | 146 265 267 | ,Score: 24.9944

D323n2.txt,25, | 389 404 408 | 351 370 450 | ,Score: 15.064

D324n1.txt,28, | 146 147 267 | 194 196 242 | ,Score: 29.2097

D324n2.txt,28, | 339 405 408 | 391 438 440 | ,Score: 39.9087

D331n1.txt,25, | 164 165 167 | 146 147 267 | ,Score: 37.0119

D331n2.txt,28, | 432 440 443 | 346 349 370 | ,Score: 25.0971

D410n1.txt,26, | 196 241 242 | 146 150 267 | ,Score: 34.0263

D410n2.txt,25, | 344 377 379 | 392 440 443 | ,Score: 25.5788

D413n1.txt,27, | 150 151 258 | 242 244 245 | ,Score: 34.5822

D413n2.txt,25, | 375 379 419 | 391 432 440 | ,Score: 31.4672

D430n1.txt,28, | 194 196 242 | 228 229 259 | ,Score: 26.9327

D430n2.txt,24, | 393 435 440 | 375 378 419 | ,Score: 31.6315

D431n1.txt,26, | 146 175 267 | 194 196 242 | ,Score: 20.3705

D431n2.txt,23, | 388 391 434 | 400 401 403 | ,Score: 32.042

