M = 372 416 419 
345 347 370 | 393 440 443 | 342 376 380 | 391 412 414 | 392 440 443 | 394 443 444 | 345 346 370 | 345 346 370 | 394 443 444 | 419 421 422 | 391 440 443 | 375 377 379 | 355 362 445 | 345 346 380 | 393 440 443 | 393 435 440 | 375 378 419 | 376 379 380 | 388 391 434 | 

M = 123 127 208 
193 215 216 | 146 265 267 | 193 194 242 | 194 243 244 | 182 231 261 | 196 242 244 | 123 126 127 | 149 261 263 | 196 242 244 | 146 265 267 | 120 124 208 | 146 265 267 | 123 127 134 | 146 150 267 | 124 127 208 | 146 265 267 | 146 147 267 | 196 242 244 | 146 149 266 | 196 242 245 | 229 259 261 | 146 265 267 | 126 127 130 | 146 147 267 | 193 196 242 | 130 196 241 | 146 149 267 | 228 259 262 | 194 196 244 | 139 141 142 | 235 237 250 | 

FREQUENCIES
146: 10
267: 9
196: 7
443: 6
242: 6
265: 5
127: 5
440: 5
244: 5
345: 4
194: 3
193: 3
393: 3
391: 3
346: 3
208: 3
149: 3
380: 3
261: 3
123: 3
370: 3
419: 3
259: 2
394: 2
379: 2
147: 2
444: 2
124: 2
375: 2
130: 2
126: 2
376: 2
216: 1
150: 1
215: 1
134: 1
392: 1
229: 1
120: 1
235: 1
237: 1
231: 1
228: 1
355: 1
182: 1
347: 1
342: 1
421: 1
250: 1
422: 1
362: 1
245: 1
142: 1
141: 1
445: 1
266: 1
243: 1
388: 1
263: 1
139: 1
435: 1
262: 1
414: 1
378: 1
416: 1
241: 1
412: 1
434: 1
372: 1
377: 1
