D106n1.txt,0, | 193 194 242 | 143 146 175 | ,Score: 0

D106n2.txt,0, | 389 432 435 | 391 438 440 | ,Score: 0

D110n1.txt,0, | 194 242 243 | 193 194 220 | ,Score: 0

D110n2.txt,0, | ,Score: 0

D204n1.txt,0, | 127 196 199 | 149 261 265 | ,Score: 0

D204n2.txt,0, | 376 418 420 | 392 412 414 | ,Score: 0

D206n1.txt,0, | 150 172 257 | 148 175 262 | ,Score: 0

D206n2.txt,0, | 363 392 444 | 372 375 418 | ,Score: 0

D214n1.txt,0, | 190 194 219 | 149 152 172 | ,Score: 0

D214n2.txt,0, | ,Score: 0

D216n1.txt,0, | 157 249 251 | 149 150 172 | ,Score: 0

D216n2.txt,0, | ,Score: 0

D228n1.txt,0, | 190 194 219 | 158 235 249 | ,Score: 0

D228n2.txt,0, | ,Score: 0

D229n1.txt,0, | 158 163 249 | 194 239 245 | ,Score: 0

D229n2.txt,0, | ,Score: 0

D301n1.txt,0, | 147 262 266 | 120 123 208 | ,Score: 0

D301n2.txt,0, | 435 440 443 | 366 388 390 | ,Score: 0

D302n1.txt,0, | 140 144 222 | 140 219 222 | ,Score: 0

D302n2.txt,0, | 351 364 370 | 388 389 435 | ,Score: 0

D305n1.txt,0, | 149 152 172 | 149 262 267 | ,Score: 0

D305n2.txt,0, | 392 441 444 | 392 432 440 | ,Score: 0

D307n1.txt,0, | 146 149 267 | 147 150 178 | ,Score: 0

D307n2.txt,0, | 398 420 424 | 390 432 435 | ,Score: 0

D312n1.txt,0, | 158 163 250 | 194 242 245 | ,Score: 0

D312n2.txt,0, | ,Score: 0

D318n1.txt,0, | 229 259 261 | 175 178 267 | ,Score: 0

D318n2.txt,0, | 363 391 443 | 392 435 440 | ,Score: 0

D320n1.txt,0, | 167 170 173 | 157 249 251 | ,Score: 0

D320n2.txt,0, | ,Score: 0

D323n1.txt,0, | 190 194 219 | 152 167 171 | ,Score: 0

D323n2.txt,0, | ,Score: 0

D324n1.txt,0, | 153 167 173 | 190 193 218 | ,Score: 0

D324n2.txt,0, | ,Score: 0

D331n1.txt,0, | 157 163 250 | 240 248 250 | ,Score: 0

D331n2.txt,0, | ,Score: 0

D410n1.txt,0, | 152 257 259 | 169 171 218 | ,Score: 0

D410n2.txt,0, | ,Score: 0

D413n1.txt,0, | 167 171 173 | 193 194 242 | ,Score: 0

D413n2.txt,0, | ,Score: 0

D430n1.txt,0, | 149 150 172 | 228 259 262 | ,Score: 0

D430n2.txt,0, | 432 434 440 | 388 393 434 | ,Score: 0

D431n1.txt,0, | 188 212 220 | 196 237 239 | ,Score: 0

D431n2.txt,0, | 434 439 442 | 387 391 414 | ,Score: 0

