D106n1.txt,19, | 193 215 216 | 146 265 267 | ,Score: 25.6505

D106n2.txt,17, | 388 389 408 | 391 438 440 | ,Score: 25.3839

D110n1.txt,11, | 193 194 242 | 193 194 220 | ,Score: 15.3735

D110n2.txt,0, | ,Score: 0

D204n1.txt,14, | 196 242 244 | 182 231 261 | ,Score: 22.3113

D204n2.txt,26, | 342 376 380 | 391 412 414 | ,Score: 25.6863

D206n1.txt,15, | 132 196 197 | 149 261 262 | ,Score: 23.3668

D206n2.txt,28, | 392 440 443 | 372 416 419 | ,Score: 30.8029

D214n1.txt,16, | 194 242 243 | 150 152 173 | ,Score: 28.4149

D214n2.txt,0, | ,Score: 0

D216n1.txt,18, | 194 242 245 | 167 172 190 | ,Score: 32.0438

D216n2.txt,0, | ,Score: 0

D228n1.txt,14, | 167 172 190 | 157 158 251 | ,Score: 19.4123

D228n2.txt,0, | ,Score: 0

D229n1.txt,8, | 248 249 251 | 194 243 245 | ,Score: 39.0549

D229n2.txt,0, | ,Score: 0

D301n1.txt,15, | 146 265 267 | 120 124 208 | ,Score: 21.5187

D301n2.txt,29, | 394 443 444 | 345 346 370 | ,Score: 20.5533

D302n1.txt,14, | 146 150 267 | 196 244 245 | ,Score: 25.1315

D302n2.txt,29, | 345 346 370 | 394 443 444 | ,Score: 20.5533

D305n1.txt,14, | 124 127 208 | 146 265 267 | ,Score: 23.7403

D305n2.txt,25, | 346 347 370 | 393 435 443 | ,Score: 14.7559

D307n1.txt,19, | 146 147 267 | 196 242 244 | ,Score: 38.7961

D307n2.txt,24, | 375 377 379 | 355 362 445 | ,Score: 43.4218

D312n1.txt,12, | 167 172 190 | 194 242 245 | ,Score: 16.818

D312n2.txt,0, | ,Score: 0

D318n1.txt,11, | 229 259 261 | 123 127 208 | ,Score: 11.922

D318n2.txt,26, | 393 440 443 | 342 345 346 | ,Score: 23.5984

D320n1.txt,14, | 152 167 172 | 194 242 244 | ,Score: 26.7155

D320n2.txt,0, | ,Score: 0

D323n1.txt,12, | 193 194 242 | 152 167 173 | ,Score: 23.2182

D323n2.txt,0, | ,Score: 0

D324n1.txt,14, | 152 172 257 | 193 194 242 | ,Score: 23.5325

D324n2.txt,0, | ,Score: 0

D331n1.txt,9, | 158 160 251 | 242 247 248 | ,Score: 18.5204

D331n2.txt,0, | ,Score: 0

D410n1.txt,10, | 230 258 259 | 167 169 190 | ,Score: 14.1394

D410n2.txt,0, | ,Score: 0

D413n1.txt,16, | 167 171 173 | 194 242 245 | ,Score: 31.2394

D413n2.txt,0, | ,Score: 0

D430n1.txt,16, | 194 196 244 | 228 229 259 | ,Score: 16.4354

D430n2.txt,24, | 393 435 440 | 375 378 419 | ,Score: 31.6315

D431n1.txt,16, | 139 141 142 | 235 237 250 | ,Score: 22.0958

D431n2.txt,21, | 391 434 440 | 376 379 380 | ,Score: 23.1777

