M = 430 432 444 
388 391 435 | 394 444 445 | 392 434 436 | 401 402 419 | 395 401 418 | 361 362 444 | 435 437 438 | 400 401 428 | 360 362 364 | 400 401 428 | 366 388 412 | 434 436 438 | 400 401 430 | 435 438 439 | 400 401 419 | 356 444 445 | 434 438 439 | 400 401 430 | 434 438 439 | 

M = 167 172 190 
167 171 173 | 190 193 218 | 171 172 190 | 157 159 251 | 157 159 163 | 190 218 219 | 248 249 251 | 157 161 251 | 190 218 219 | 158 249 251 | 157 158 251 | 248 249 250 | 190 193 219 | 152 167 172 | 190 193 218 | 159 160 251 | 247 248 249 | 167 169 190 | 248 249 251 | 

FREQUENCIES
190: 10
251: 7
401: 7
167: 6
172: 5
400: 5
249: 5
438: 5
157: 4
444: 4
218: 4
248: 4
434: 4
159: 3
193: 3
219: 3
439: 3
435: 3
430: 3
158: 2
171: 2
428: 2
362: 2
445: 2
388: 2
436: 2
419: 2
152: 1
392: 1
391: 1
395: 1
394: 1
250: 1
173: 1
160: 1
161: 1
402: 1
366: 1
364: 1
360: 1
361: 1
412: 1
247: 1
163: 1
432: 1
356: 1
437: 1
418: 1
169: 1
