D106n1.txt,0, | 133 212 215 | 146 150 178 | ,Score: 0

D106n2.txt,0, | 391 439 441 | 345 348 370 | ,Score: 0

D110n1.txt,0, | 167 171 173 | ,Score: 0

D110n2.txt,0, | ,Score: 0

D204n1.txt,0, | 199 201 251 | 123 208 224 | ,Score: 0

D204n2.txt,0, | 376 381 420 | 397 402 420 | ,Score: 0

D206n1.txt,0, | 151 153 171 | 148 175 262 | ,Score: 0

D206n2.txt,0, | 352 366 371 | 363 395 446 | ,Score: 0

D214n1.txt,0, | 167 172 190 | 190 193 218 | ,Score: 0

D214n2.txt,0, | ,Score: 0

D216n1.txt,0, | 171 190 218 | 167 172 190 | ,Score: 0

D216n2.txt,0, | ,Score: 0

D228n1.txt,0, | 158 163 251 | 190 193 219 | ,Score: 0

D228n2.txt,0, | ,Score: 0

D229n1.txt,0, | 158 163 249 | 157 249 251 | ,Score: 0

D229n2.txt,0, | ,Score: 0

D301n1.txt,0, | 147 262 266 | 120 123 208 | ,Score: 0

D301n2.txt,0, | 394 400 430 | 351 366 369 | ,Score: 0

D302n1.txt,0, | 140 144 222 | 146 150 267 | ,Score: 0

D302n2.txt,0, | 394 400 430 | 351 366 369 | ,Score: 0

D305n1.txt,0, | 175 262 267 | 149 262 265 | ,Score: 0

D305n2.txt,0, | 350 447 451 | 392 432 441 | ,Score: 0

D307n1.txt,0, | 148 179 261 | 147 150 267 | ,Score: 0

D307n2.txt,0, | 398 402 420 | 420 424 426 | ,Score: 0

D312n1.txt,0, | 158 159 251 | 158 249 251 | ,Score: 0

D312n2.txt,0, | ,Score: 0

D318n1.txt,0, | 124 127 135 | 149 178 261 | ,Score: 0

D318n2.txt,0, | 342 346 380 | 401 404 418 | ,Score: 0

D320n1.txt,0, | 170 190 219 | 157 249 251 | ,Score: 0

D320n2.txt,0, | ,Score: 0

D323n1.txt,0, | 153 167 173 | 150 153 172 | ,Score: 0

D323n2.txt,0, | ,Score: 0

D324n1.txt,0, | 153 167 172 | 190 193 218 | ,Score: 0

D324n2.txt,0, | ,Score: 0

D331n1.txt,0, | 156 159 251 | 237 240 248 | ,Score: 0

D331n2.txt,0, | ,Score: 0

D410n1.txt,0, | 167 169 190 | ,Score: 0

D410n2.txt,0, | ,Score: 0

D413n1.txt,0, | 163 249 250 | 166 172 190 | ,Score: 0

D413n2.txt,0, | ,Score: 0

D430n1.txt,0, | 228 259 262 | 153 234 253 | ,Score: 0

D430n2.txt,0, | 351 365 369 | 342 405 406 | ,Score: 0

D431n1.txt,0, | 171 175 222 | 139 213 216 | ,Score: 0

D431n2.txt,0, | 400 402 430 | 400 401 419 | ,Score: 0

