M = 193 196 242 
193 194 242 | 194 243 244 | 147 150 178 | 196 242 244 | 152 232 259 | 196 242 245 | 149 261 262 | 126 127 130 | 149 261 262 | 130 196 241 | 233 257 258 | 

M = 390 392 414 
436 438 441 | 343 344 345 | 342 376 380 | 372 418 419 | 432 434 444 | 389 390 394 | 345 346 370 | 364 365 369 | 362 364 365 | 345 346 370 | 342 344 345 | 390 432 434 | 362 364 365 | 402 418 419 | 342 345 346 | 342 375 378 | 421 423 424 | 390 391 434 | 362 442 444 | 

FREQUENCIES
345: 5
196: 4
390: 4
342: 4
242: 4
346: 3
364: 3
365: 3
362: 3
434: 3
194: 2
193: 2
130: 2
344: 2
444: 2
244: 2
261: 2
149: 2
262: 2
418: 2
370: 2
432: 2
419: 2
150: 1
152: 1
126: 1
392: 1
258: 1
178: 1
127: 1
257: 1
232: 1
233: 1
375: 1
402: 1
343: 1
421: 1
424: 1
147: 1
442: 1
441: 1
369: 1
394: 1
380: 1
241: 1
243: 1
389: 1
423: 1
245: 1
391: 1
414: 1
378: 1
259: 1
438: 1
436: 1
372: 1
376: 1
