M = 363 388 391 
388 389 391 | 394 444 445 | 391 392 436 | 391 392 414 | 395 401 416 | 361 362 444 | 356 428 444 | 388 389 410 | 388 390 409 | 356 428 444 | 388 389 412 | 388 389 411 | 362 442 445 | 362 364 365 | 401 404 418 | 356 444 445 | 442 444 445 | 366 391 414 | 394 401 430 | 

M = 163 249 251 
248 249 251 | 159 163 251 | 245 247 248 | 191 240 241 | 249 250 251 | 248 249 251 | 152 153 172 | 152 153 173 | 237 248 251 | 159 160 251 | 166 171 172 | 

FREQUENCIES
251: 7
444: 6
388: 6
391: 5
445: 4
389: 4
249: 4
248: 4
401: 3
362: 3
356: 3
153: 2
152: 2
159: 2
392: 2
394: 2
172: 2
428: 2
442: 2
163: 2
414: 2
191: 1
390: 1
395: 1
250: 1
173: 1
171: 1
237: 1
160: 1
404: 1
366: 1
364: 1
365: 1
363: 1
409: 1
361: 1
245: 1
247: 1
241: 1
240: 1
166: 1
416: 1
410: 1
411: 1
412: 1
436: 1
418: 1
430: 1
