M = 363 388 391 
388 389 391 | 389 391 394 | 391 392 436 | 391 392 414 | 391 392 412 | 430 433 444 | 356 428 444 | 388 390 409 | 388 390 409 | 356 428 444 | 366 388 389 | 366 389 412 | 355 430 444 | 364 365 369 | 401 404 418 | 355 356 444 | 355 430 444 | 387 409 414 | 394 430 444 | 

M = 163 249 251 
159 163 251 | 240 241 249 | 249 250 251 | 152 153 172 | 152 153 173 | 159 160 251 | 237 249 251 | 166 171 172 | 

FREQUENCIES
444: 7
391: 6
251: 6
388: 5
249: 5
389: 4
430: 4
392: 3
409: 3
163: 3
356: 3
355: 3
153: 2
152: 2
159: 2
390: 2
394: 2
172: 2
428: 2
366: 2
414: 2
412: 2
250: 1
173: 1
171: 1
237: 1
160: 1
404: 1
401: 1
369: 1
364: 1
365: 1
363: 1
241: 1
240: 1
387: 1
166: 1
436: 1
418: 1
433: 1
