D106n1.txt,0, | ,Score: 0

D106n2.txt,3, | 438 439 441 | 436 438 441 | ,Score: 10.3682

D110n1.txt,0, | ,Score: 0

D110n2.txt,0, | ,Score: 0

D204n1.txt,0, | ,Score: 0

D204n2.txt,15, | 390 392 414 | 342 376 380 | ,Score: 17.1171

D206n1.txt,0, | ,Score: 0

D206n2.txt,11, | 371 372 418 | 395 432 445 | ,Score: 10.2204

D214n1.txt,11, | 229 259 262 | 152 258 259 | ,Score: 13.1994

D214n2.txt,0, | ,Score: 0

D301n1.txt,0, | ,Score: 0

D301n2.txt,13, | 389 409 410 | 346 347 370 | ,Score: 16.0604

D302n1.txt,0, | ,Score: 0

D302n2.txt,2, | 362 364 365 | 364 365 369 | ,Score: 10.3781

D305n1.txt,0, | ,Score: 0

D305n2.txt,4, | 346 347 370 | ,Score: 4.9162

D307n1.txt,0, | ,Score: 0

D307n2.txt,13, | 390 432 434 | 355 362 444 | ,Score: 27.6819

D312n1.txt,12, | 123 126 208 | 152 173 175 | ,Score: 23.1252

D312n2.txt,0, | ,Score: 0

D318n1.txt,0, | ,Score: 0

D318n2.txt,13, | 342 346 380 | 402 404 418 | ,Score: 11.0227

D323n1.txt,15, | 232 258 261 | 123 126 131 | ,Score: 13.1614

D323n2.txt,0, | ,Score: 0

D324n1.txt,15, | 137 140 142 | 150 257 258 | ,Score: 13.9845

D324n2.txt,0, | ,Score: 0

D410n1.txt,14, | 233 257 258 | 123 135 136 | ,Score: 24.717

D410n2.txt,0, | ,Score: 0

D430n1.txt,0, | ,Score: 0

D430n2.txt,6, | 351 365 369 | 421 423 424 | ,Score: 14.1371

D431n1.txt,0, | ,Score: 0

D431n2.txt,5, | 362 442 444 | 390 391 434 | ,Score: 14.3425

