120 123 124 
120 122 123 
120 123 208 
120 122 124 
120 124 208 
120 122 208 
123 135 136 
123 124 135 
123 127 135 
122 123 135 
123 135 139 
123 136 139 
123 124 127 
122 123 124 
123 124 126 
123 124 208 
123 126 127 
123 127 208 
122 123 208 
123 126 208 
135 136 139 
135 136 141 
124 127 135 
122 124 135 
127 130 135 
122 135 141 
135 139 141 
136 139 141 
126 206 208 
205 206 208 
203 205 206 
124 126 127 
124 127 208 
122 124 208 
124 126 208 
126 127 197 
126 127 208 
126 127 196 
126 127 130 
127 196 197 
127 130 197 
127 130 196 
126 196 197 
126 130 197 
126 130 196 
146 178 265 
146 178 266 
146 265 268 
146 265 266 
146 265 271 
146 266 268 
146 268 271 
146 266 271 
178 265 266 
130 196 197 
265 266 268 
265 268 271 
265 266 271 
266 268 271 
335 336 339 
318 322 325 
318 319 322 
318 319 325 
293 296 318 
296 311 318 
322 325 326 
319 322 325 
319 322 326 
319 325 326 
293 296 300 
293 296 297 
296 300 311 
296 297 311 
296 307 311 
296 297 300 
296 300 307 
296 297 307 
293 297 300 
297 300 311 
300 307 311 
297 307 311 
297 300 307 
