301 303 305 
299 303 305 
299 301 303 
274 301 303 
278 301 303 
278 299 303 
274 278 303 
272 274 303 
272 278 303 
299 301 305 
146 267 268 
146 268 271 
146 147 268 
267 268 271 
267 268 274 
267 268 272 
147 267 268 
268 271 274 
268 271 272 
147 268 271 
268 272 274 
297 299 301 
296 297 301 
278 297 301 
296 297 299 
293 297 299 
297 299 314 
278 297 299 
292 297 299 
293 296 297 
281 296 297 
296 297 314 
292 296 297 
281 293 297 
293 297 314 
292 293 297 
278 281 297 
281 292 297 
292 297 314 
296 299 301 
278 299 301 
274 278 301 
296 299 315 
293 296 299 
296 299 314 
292 296 299 
296 299 313 
293 299 315 
299 314 315 
292 299 315 
299 313 315 
293 299 314 
292 293 299 
293 299 313 
292 299 314 
299 313 314 
292 299 313 
296 315 318 
293 296 318 
296 314 318 
292 296 318 
296 313 318 
293 296 315 
296 314 315 
292 296 315 
296 313 315 
281 293 296 
293 296 314 
292 293 296 
293 296 313 
281 292 296 
292 296 314 
296 313 314 
292 296 313 
293 315 318 
314 315 318 
292 315 318 
313 315 318 
293 314 318 
292 293 318 
293 313 318 
292 314 318 
313 314 318 
292 313 318 
293 314 315 
292 293 315 
293 313 315 
292 314 315 
313 314 315 
292 313 315 
146 267 271 
146 147 267 
146 147 271 
144 146 147 
267 271 274 
267 271 272 
147 267 271 
267 272 274 
281 292 293 
292 293 314 
293 313 314 
292 293 313 
119 120 122 
271 272 274 
272 274 278 
292 313 314 
330 401 403 
343 377 379 
343 377 378 
341 343 377 
377 378 379 
341 377 379 
341 377 378 
343 378 379 
341 343 379 
341 343 378 
341 378 379 
327 330 401 
