268 273 274 
146 265 268 
265 266 268 
146 266 268 
274 278 301 
274 278 280 
273 274 278 
273 274 280 
146 265 266 
341 377 378 
377 378 379 
341 377 379 
140 218 220 
190 218 220 
191 218 220 
216 218 220 
171 218 220 
140 216 218 
190 191 218 
190 216 218 
171 190 218 
191 216 218 
171 191 218 
140 216 220 
190 191 220 
190 216 220 
171 190 220 
191 216 220 
171 191 220 
341 378 379 
330 332 401 
330 401 403 
329 330 401 
327 330 401 
332 400 401 
400 401 403 
327 400 401 
400 401 402 
332 401 403 
329 332 401 
327 332 401 
332 401 402 
401 402 403 
327 329 401 
327 401 402 
232 233 259 
235 250 251 
278 300 301 
278 297 300 
278 299 300 
278 300 306 
278 298 300 
278 297 301 
278 299 301 
278 301 306 
278 298 301 
278 297 299 
278 297 298 
278 299 306 
278 298 299 
278 280 284 
278 280 298 
273 278 280 
278 298 306 
297 300 301 
299 300 301 
300 301 306 
298 300 301 
296 300 301 
297 300 311 
297 299 300 
293 297 300 
297 298 300 
296 297 300 
299 300 311 
300 306 311 
298 300 311 
296 300 311 
293 299 300 
299 300 306 
298 299 300 
296 299 300 
293 298 300 
293 296 300 
298 300 306 
296 298 300 
297 299 301 
297 298 301 
296 297 301 
299 301 306 
298 299 301 
296 299 301 
298 301 306 
296 298 301 
330 332 403 
329 330 332 
327 330 332 
327 329 330 
190 191 216 
168 190 191 
171 190 191 
167 168 190 
167 171 190 
168 171 190 
332 400 403 
327 332 400 
332 400 402 
400 402 403 
327 400 402 
204 205 235 
297 299 311 
297 298 311 
296 297 311 
293 297 299 
297 298 299 
296 297 299 
293 297 298 
293 296 297 
296 297 298 
299 306 311 
298 299 311 
296 299 311 
298 306 311 
296 298 311 
293 298 299 
293 296 299 
298 299 306 
296 298 299 
232 233 235 
293 296 298 
332 402 403 
327 329 332 
327 332 402 
168 171 191 
167 168 171 
