146 265 268 
146 178 265 
121 122 124 
121 122 123 
121 123 124 
303 305 308 
299 303 305 
302 303 305 
299 305 308 
302 305 308 
299 302 305 
126 127 196 
126 127 132 
124 126 127 
123 126 127 
126 127 197 
127 132 196 
127 196 197 
124 127 132 
123 127 132 
127 132 197 
127 132 135 
123 124 127 
124 127 135 
123 127 135 
123 132 136 
132 135 136 
123 135 136 
135 136 140 
126 132 196 
126 196 197 
124 126 132 
123 126 132 
126 132 197 
123 124 126 
122 124 132 
122 123 132 
122 132 135 
122 123 124 
122 124 135 
122 123 135 
201 205 206 
201 206 237 
196 242 244 
194 196 244 
242 243 244 
194 242 244 
194 243 244 
132 196 197 
132 194 196 
196 197 249 
196 237 249 
194 196 197 
196 197 237 
194 196 242 
123 124 132 
124 132 135 
123 132 135 
132 194 197 
299 303 308 
300 303 308 
302 303 308 
299 300 303 
299 302 303 
300 302 303 
123 124 135 
201 237 251 
164 165 249 
197 249 250 
197 237 249 
249 250 251 
237 249 251 
237 249 250 
299 300 308 
299 302 308 
300 302 308 
197 237 250 
194 242 243 
299 300 302 
237 250 251 
341 377 379 
341 377 378 
341 378 379 
377 378 379 
