339 341 
341 345 
341 377 
337 341 
341 379 
341 376 
358 359 
194 243 
194 244 
194 242 
165 194 
194 241 
194 219 
190 194 
368 370 
368 388 
346 370 
345 370 
349 370 
243 244 
242 243 
241 243 
164 165 
164 167 
242 244 
241 244 
241 242 
165 167 
165 190 
336 339 
337 339 
339 376 
265 266 
178 265 
147 265 
262 265 
146 265 
261 265 
178 266 
147 266 
262 266 
146 266 
147 178 
178 180 
178 262 
178 229 
146 178 
178 181 
178 182 
178 261 
411 412 
390 411 
388 411 
336 337 
147 180 
147 262 
146 147 
390 412 
388 412 
391 412 
345 346 
346 349 
167 190 
345 376 
180 262 
180 181 
180 182 
390 437 
437 440 
435 437 
391 437 
229 262 
181 262 
182 262 
261 262 
388 390 
390 435 
390 391 
181 229 
182 229 
229 261 
377 379 
376 377 
142 146 
181 182 
181 261 
190 219 
140 219 
182 261 
388 435 
388 391 
435 440 
391 440 
140 142 
391 435 
376 379 
