248 251 
245 248 
248 249 
242 248 
165 248 
196 248 
240 248 
237 248 
266 268 
268 271 
146 268 
267 268 
268 269 
147 268 
265 268 
268 274 
158 251 
249 251 
159 251 
235 251 
163 251 
237 251 
157 251 
201 251 
242 245 
244 245 
196 245 
240 245 
158 249 
158 159 
158 235 
158 163 
158 237 
157 158 
303 305 
266 271 
146 266 
266 267 
266 269 
147 266 
265 266 
146 271 
267 271 
269 271 
147 271 
265 271 
271 274 
142 146 
142 144 
140 142 
142 215 
142 143 
164 249 
165 249 
196 249 
235 249 
240 249 
163 249 
237 249 
157 249 
164 165 
163 164 
157 164 
164 169 
140 218 
215 218 
218 219 
169 218 
191 218 
242 244 
196 242 
240 242 
191 242 
144 146 
146 267 
146 269 
146 147 
146 265 
143 146 
146 179 
144 147 
140 144 
143 144 
274 303 
165 240 
163 165 
157 165 
165 169 
165 191 
196 244 
240 244 
267 269 
147 267 
265 267 
267 274 
147 269 
265 269 
269 274 
147 265 
143 147 
147 179 
126 127 
126 196 
126 208 
124 126 
126 128 
126 207 
205 235 
205 208 
205 207 
201 205 
119 120 
119 124 
119 121 
179 265 
120 208 
120 124 
120 121 
159 163 
157 159 
127 196 
127 208 
124 127 
127 128 
140 215 
140 143 
140 219 
196 240 
196 237 
128 196 
191 196 
235 237 
157 235 
207 235 
201 235 
237 240 
128 240 
169 240 
191 240 
157 163 
163 169 
143 215 
215 219 
191 215 
124 208 
207 208 
201 208 
208 226 
128 237 
157 237 
207 237 
201 237 
124 128 
124 207 
121 124 
124 226 
169 219 
191 219 
201 207 
207 226 
169 191 
201 226 
179 181 
179 182 
179 226 
181 182 
181 226 
182 226 
