M = 391 412 414 
391 438 440 | 345 347 370 | 388 389 391 | 339 403 405 | 349 351 454 | 435 438 440 | 339 342 376 | 419 420 421 | 435 440 443 | 347 351 370 | 400 401 403 | 358 450 454 | 388 390 411 | 435 440 443 | 345 346 370 | 437 438 440 | 400 401 428 | 394 443 444 | 345 346 370 | 351 364 370 | 346 347 370 | 339 403 406 | 435 438 440 | 379 419 421 | 355 362 445 | 339 403 407 | 390 407 411 | 394 401 403 | 370 450 451 | 435 438 439 | 401 403 419 | 342 345 346 | 394 441 443 | 351 370 450 | 339 405 408 | 391 438 440 | 341 345 375 | 400 401 403 | 375 377 379 | 394 443 445 | 388 407 411 | 419 421 424 | 432 434 440 | 342 345 375 | 400 401 403 | 391 434 442 | 434 438 440 | 

M = 165 190 194 
164 165 249 | 130 194 220 | 164 165 167 | 127 130 196 | 196 241 242 | 164 165 249 | 162 164 165 | 194 196 242 | 193 196 242 | 194 242 244 | 194 243 245 | 164 165 167 | 194 196 242 | 164 165 249 | 123 127 134 | 162 164 167 | 126 127 130 | 194 242 244 | 201 204 205 | 162 167 253 | 196 241 242 | 157 164 165 | 194 196 242 | 235 249 251 | 194 197 239 | 

M = 146 149 266 
146 265 267 | 145 146 267 | 182 226 231 | 119 121 123 | 149 264 267 | 146 265 267 | 146 150 267 | 120 124 208 | 146 178 267 | 149 175 261 | 146 150 267 | 262 265 267 | 146 265 267 | 232 259 261 | 146 147 267 | 146 150 267 | 232 258 261 | 146 147 267 | 144 146 149 | 228 229 259 | 146 175 267 | 

FREQUENCIES
146: 13
267: 13
194: 9
440: 9
165: 8
403: 8
370: 8
242: 8
164: 8
196: 7
438: 7
345: 6
401: 6
391: 5
443: 5
435: 5
339: 5
346: 4
400: 4
265: 4
419: 4
394: 4
249: 4
167: 4
149: 4
351: 4
127: 3
130: 3
407: 3
347: 3
342: 3
261: 3
411: 3
375: 3
421: 3
388: 3
434: 3
450: 3
162: 3
150: 3
123: 2
379: 2
390: 2
445: 2
244: 2
241: 2
454: 2
259: 2
175: 2
405: 2
232: 2
147: 2
126: 1
341: 1
349: 1
408: 1
120: 1
121: 1
124: 1
266: 1
264: 1
412: 1
377: 1
376: 1
201: 1
134: 1
197: 1
190: 1
193: 1
119: 1
414: 1
428: 1
420: 1
364: 1
362: 1
424: 1
442: 1
441: 1
444: 1
245: 1
243: 1
389: 1
439: 1
437: 1
432: 1
451: 1
258: 1
178: 1
253: 1
251: 1
406: 1
182: 1
229: 1
228: 1
226: 1
220: 1
157: 1
239: 1
235: 1
231: 1
144: 1
145: 1
205: 1
204: 1
208: 1
262: 1
355: 1
358: 1
