D106n1.txt,0, | 158 163 250 | 130 194 220 | 146 150 178 | ,Score: 0

D106n2.txt,0, | 393 435 443 | 388 407 411 | 389 391 394 | ,Score: 0

D110n1.txt,0, | 150 152 171 | 126 130 196 | 146 149 264 | ,Score: 0

D110n2.txt,0, | 393 401 430 | 401 428 430 | 391 435 439 | ,Score: 0

D204n1.txt,0, | 191 196 241 | 124 207 226 | 163 165 249 | ,Score: 0

D204n2.txt,0, | 381 402 419 | 381 419 421 | 392 412 414 | ,Score: 0

D206n1.txt,0, | 148 179 261 | 165 190 240 | 148 178 263 | ,Score: 0

D206n2.txt,0, | 363 392 444 | 351 367 372 | 401 403 419 | ,Score: 0

D214n1.txt,0, | 147 178 266 | 147 150 178 | 153 156 167 | ,Score: 0

D214n2.txt,0, | 345 346 370 | 366 389 412 | 391 435 439 | ,Score: 0

D301n1.txt,0, | 122 124 208 | 165 190 194 | 149 178 261 | ,Score: 0

D301n2.txt,0, | 351 364 370 | 390 407 411 | 394 400 403 | ,Score: 0

D302n1.txt,0, | 143 147 175 | 146 150 267 | 165 190 194 | ,Score: 0

D302n2.txt,0, | 435 440 443 | 401 403 419 | 388 407 410 | ,Score: 0

D305n1.txt,0, | 149 261 265 | 152 167 171 | 150 178 267 | ,Score: 0

D305n2.txt,0, | 347 370 450 | 392 440 443 | 392 435 440 | ,Score: 0

D307n1.txt,0, | 229 259 262 | 147 150 178 | 165 190 194 | ,Score: 0

D307n2.txt,0, | 398 420 424 | 390 432 435 | 402 405 414 | ,Score: 0

D312n1.txt,0, | 158 163 250 | 149 152 172 | 132 193 196 | ,Score: 0

D312n2.txt,0, | 387 407 411 | 389 395 432 | 350 426 454 | ,Score: 0

D318n1.txt,0, | 163 165 167 | 157 164 249 | 130 194 241 | ,Score: 0

D318n2.txt,0, | 391 432 440 | 401 403 419 | 339 342 405 | ,Score: 0

D323n1.txt,0, | 149 152 172 | 256 259 261 | 126 130 196 | ,Score: 0

D323n2.txt,0, | 391 394 441 | 347 351 450 | 372 380 419 | ,Score: 0

D324n1.txt,0, | 152 167 173 | 182 229 262 | 147 149 263 | ,Score: 0

D324n2.txt,0, | 366 389 391 | 389 392 414 | 392 396 443 | ,Score: 0

D410n1.txt,0, | 167 171 173 | 128 193 241 | 149 151 261 | ,Score: 0

D410n2.txt,0, | 401 403 419 | 392 440 443 | 385 406 412 | ,Score: 0

D430n1.txt,0, | 157 164 167 | 228 259 261 | 163 249 251 | ,Score: 0

D430n2.txt,0, | 393 401 430 | 391 434 439 | 339 342 405 | ,Score: 0

D431n1.txt,0, | 122 135 141 | 163 165 249 | 193 197 241 | ,Score: 0

D431n2.txt,0, | 391 439 442 | 391 435 442 | 391 435 439 | ,Score: 0

