M = 124 127 135 
136 140 216 | 242 243 244 | 127 130 196 | 242 243 244 | 124 207 208 | 123 126 127 | 123 127 134 | 120 124 208 | 123 127 134 | 126 127 208 | 124 127 208 | 127 196 197 | 242 243 244 | 127 130 135 | 123 127 208 | 126 127 130 | 194 242 244 | 119 120 123 | 123 136 139 | 130 193 196 | 139 216 217 | 196 242 244 | 

M = 392 412 414 
345 347 370 | 393 440 443 | 398 419 421 | 435 438 439 | 394 400 401 | 347 349 351 | 391 392 434 | 342 376 380 | 395 400 401 | 347 351 370 | 435 440 443 | 358 450 454 | 388 390 411 | 435 440 443 | 394 443 444 | 366 389 390 | 345 346 370 | 394 443 444 | 366 389 390 | 345 346 370 | 346 347 370 | 391 393 443 | 438 439 440 | 345 346 375 | 355 361 430 | 434 436 440 | 349 370 451 | 390 393 394 | 379 419 421 | 345 346 370 | 393 401 432 | 363 392 444 | 404 405 408 | 439 440 441 | 351 370 450 | 366 390 414 | 341 345 375 | 396 432 443 | 375 377 379 | 394 443 445 | 388 409 411 | 388 393 435 | 438 439 440 | 375 378 419 | 434 438 440 | 376 379 380 | 366 387 391 | 

M = 149 175 261 
177 178 261 | 145 149 150 | 149 150 264 | 231 259 261 | 178 261 263 | 149 263 264 | 229 259 262 | 147 149 150 | 229 261 262 | 152 167 173 | 147 149 150 | 178 180 262 | 150 152 258 | 147 149 178 | 158 159 251 | 232 258 259 | 178 180 262 | 152 232 258 | 150 257 258 | 233 257 258 | 228 229 259 | 158 235 250 | 149 150 175 | 

FREQUENCIES
127: 11
149: 9
370: 8
443: 8
440: 8
150: 7
345: 6
261: 6
123: 6
346: 5
393: 5
390: 5
394: 5
244: 5
242: 5
258: 5
178: 5
208: 5
130: 4
347: 4
366: 4
124: 4
375: 4
196: 4
438: 4
439: 4
435: 4
259: 4
262: 4
401: 3
126: 3
379: 3
419: 3
392: 3
391: 3
444: 3
243: 3
388: 3
434: 3
175: 3
229: 3
152: 3
147: 3
351: 3
216: 2
264: 2
136: 2
135: 2
134: 2
139: 2
400: 2
349: 2
120: 2
411: 2
376: 2
414: 2
421: 2
380: 2
389: 2
432: 2
450: 2
257: 2
180: 2
158: 2
232: 2
263: 2
217: 1
341: 1
409: 1
408: 1
378: 1
412: 1
377: 1
194: 1
197: 1
193: 1
396: 1
395: 1
398: 1
119: 1
250: 1
140: 1
363: 1
361: 1
441: 1
445: 1
436: 1
430: 1
451: 1
387: 1
454: 1
177: 1
251: 1
173: 1
405: 1
404: 1
342: 1
228: 1
167: 1
159: 1
235: 1
231: 1
233: 1
145: 1
207: 1
355: 1
358: 1
