D106n1.txt,0, | 140 212 215 | 193 194 242 | 143 175 177 | ,Score: 0

D106n2.txt,0, | 345 348 370 | 389 432 435 | 344 377 379 | ,Score: 0

D110n1.txt,0, | 145 175 224 | 150 177 264 | 123 127 210 | ,Score: 0

D110n2.txt,0, | 389 393 435 | 394 400 430 | 351 359 454 | ,Score: 0

D204n1.txt,0, | 196 241 244 | 201 226 231 | 120 123 208 | ,Score: 0

D204n2.txt,0, | 391 434 437 | 376 418 420 | 392 412 414 | ,Score: 0

D206n1.txt,0, | 179 261 263 | 148 175 262 | 148 149 264 | ,Score: 0

D206n2.txt,0, | 355 361 430 | 367 372 416 | 363 391 443 | ,Score: 0

D214n1.txt,0, | 150 153 258 | 229 259 262 | 149 178 266 | ,Score: 0

D214n2.txt,0, | 346 350 370 | 366 389 412 | 391 435 439 | ,Score: 0

D301n1.txt,0, | 229 259 262 | 152 167 173 | 120 123 208 | ,Score: 0

D301n2.txt,0, | 435 440 443 | 388 390 411 | 351 364 370 | ,Score: 0

D302n1.txt,0, | 140 144 222 | 126 127 196 | 123 127 208 | ,Score: 0

D302n2.txt,0, | 435 440 443 | 388 390 411 | 351 364 370 | ,Score: 0

D305n1.txt,0, | 229 259 262 | 149 152 172 | 150 152 258 | ,Score: 0

D305n2.txt,0, | 350 447 451 | 392 440 443 | 438 439 441 | ,Score: 0

D307n1.txt,0, | 148 179 261 | 130 191 196 | 193 196 242 | ,Score: 0

D307n2.txt,0, | 398 420 424 | 390 432 435 | 391 435 439 | ,Score: 0

D312n1.txt,0, | 149 173 175 | 126 206 208 | 127 130 135 | ,Score: 0

D312n2.txt,0, | 366 368 413 | 389 391 432 | 395 418 428 | ,Score: 0

D318n1.txt,0, | 229 259 261 | 229 232 259 | 150 171 175 | ,Score: 0

D318n2.txt,0, | 400 402 419 | 392 432 440 | 363 392 443 | ,Score: 0

D323n1.txt,0, | 229 259 262 | 150 152 258 | 124 127 135 | ,Score: 0

D323n2.txt,0, | 391 394 441 | 391 439 441 | 351 372 450 | ,Score: 0

D324n1.txt,0, | 134 139 219 | 120 123 208 | 149 178 261 | ,Score: 0

D324n2.txt,0, | 366 389 392 | 391 395 414 | 392 396 443 | ,Score: 0

D410n1.txt,0, | 128 193 241 | 128 193 196 | 150 152 258 | ,Score: 0

D410n2.txt,0, | 372 375 419 | 391 395 443 | 366 412 414 | ,Score: 0

D430n1.txt,0, | 194 196 244 | 228 259 262 | 196 242 244 | ,Score: 0

D430n2.txt,0, | 388 393 435 | 391 434 439 | 393 401 430 | ,Score: 0

D431n1.txt,0, | 237 239 251 | 128 193 197 | 188 212 220 | ,Score: 0

D431n2.txt,0, | 434 439 442 | 387 391 414 | 366 387 391 | ,Score: 0

