M = 366 391 414 
419 421 424 | 388 408 411 | 356 357 358 | 351 364 366 | 401 428 430 | 347 349 351 | 342 380 381 | 392 412 414 | 401 402 419 | 400 401 419 | 347 351 370 | 392 434 444 | 358 450 454 | 388 390 411 | 391 435 443 | 345 346 370 | 426 428 450 | 400 401 428 | 435 437 438 | 362 443 444 | 394 443 444 | 430 444 447 | 342 405 406 | 450 451 454 | 434 436 438 | 355 362 444 | 362 364 365 | 370 450 451 | 379 419 421 | 390 394 432 | 391 435 438 | 342 345 346 | 400 401 419 | 389 390 408 | 351 453 454 | 372 380 419 | 400 401 419 | 390 393 432 | 341 345 375 | 346 349 369 | 394 401 404 | 400 401 428 | 342 375 378 | 428 445 447 | 388 410 411 | 434 438 442 | 394 434 442 | 

M = 147 150 178 
180 182 262 | 150 152 173 | 150 173 257 | 182 226 229 | 152 173 175 | 152 232 258 | 178 180 262 | 150 257 258 | 233 257 258 | 

M = 196 242 244 
127 130 196 | 196 242 245 | 126 127 130 | 137 140 142 | 130 193 241 | 241 242 243 | 

FREQUENCIES
401: 8
419: 7
400: 5
428: 5
444: 5
196: 4
390: 4
394: 4
242: 4
438: 4
434: 4
450: 4
342: 4
150: 4
351: 4
130: 3
345: 3
346: 3
411: 3
370: 3
391: 3
362: 3
443: 3
388: 3
435: 3
454: 3
258: 3
173: 3
257: 3
152: 3
347: 2
349: 2
408: 2
421: 2
127: 2
414: 2
375: 2
392: 2
366: 2
364: 2
442: 2
447: 2
380: 2
244: 2
241: 2
432: 2
430: 2
451: 2
178: 2
182: 2
180: 2
262: 2
358: 2
137: 1
402: 1
126: 1
378: 1
410: 1
412: 1
372: 1
193: 1
393: 1
379: 1
369: 1
365: 1
424: 1
426: 1
445: 1
243: 1
389: 1
245: 1
381: 1
436: 1
437: 1
453: 1
175: 1
406: 1
405: 1
404: 1
341: 1
229: 1
226: 1
232: 1
233: 1
147: 1
142: 1
140: 1
357: 1
356: 1
355: 1
