D106n1.txt,0, | ,Score: 0

D106n2.txt,0, | 345 348 370 | 389 408 411 | 391 435 443 | ,Score: 0

D110n1.txt,0, | 177 182 262 | 124 127 210 | 150 173 257 | ,Score: 0

D110n2.txt,0, | 351 359 364 | 400 428 430 | 349 351 454 | ,Score: 0

D204n1.txt,0, | ,Score: 0

D204n2.txt,0, | 376 381 420 | 349 351 369 | 397 401 419 | ,Score: 0

D206n1.txt,0, | ,Score: 0

D206n2.txt,0, | 372 375 418 | 352 366 371 | 355 363 431 | ,Score: 0

D214n1.txt,0, | 126 196 197 | 150 153 258 | 147 262 266 | ,Score: 0

D214n2.txt,0, | 366 367 389 | 389 391 412 | 389 391 435 | ,Score: 0

D301n1.txt,0, | ,Score: 0

D301n2.txt,0, | 345 346 370 | 351 364 370 | 394 401 404 | ,Score: 0

D302n1.txt,0, | ,Score: 0

D302n2.txt,0, | 390 435 437 | 351 360 362 | 389 390 394 | ,Score: 0

D305n1.txt,0, | ,Score: 0

D305n2.txt,0, | 350 447 451 | 401 418 419 | 350 450 454 | ,Score: 0

D307n1.txt,0, | ,Score: 0

D307n2.txt,0, | 390 432 435 | 355 361 430 | 364 365 369 | ,Score: 0

D312n1.txt,0, | 194 196 244 | 124 132 138 | 132 193 197 | ,Score: 0

D312n2.txt,0, | 351 366 368 | 350 426 454 | 387 392 413 | ,Score: 0

D318n1.txt,0, | ,Score: 0

D318n2.txt,0, | 392 435 443 | 342 346 380 | 401 404 418 | ,Score: 0

D323n1.txt,0, | 152 232 259 | 182 229 262 | 126 130 196 | ,Score: 0

D323n2.txt,0, | 391 394 443 | 351 372 450 | 401 418 428 | ,Score: 0

D324n1.txt,0, | 134 139 219 | 178 181 261 | 193 197 241 | ,Score: 0

D324n2.txt,0, | 393 396 430 | 392 395 432 | 390 392 414 | ,Score: 0

D410n1.txt,0, | 128 193 241 | 196 242 247 | 152 233 259 | ,Score: 0

D410n2.txt,0, | 372 375 419 | 395 404 414 | 395 443 445 | ,Score: 0

D430n1.txt,0, | ,Score: 0

D430n2.txt,0, | 375 378 419 | 399 428 445 | 393 432 435 | ,Score: 0

D431n1.txt,0, | ,Score: 0

D431n2.txt,0, | 387 409 414 | 434 438 442 | 394 442 445 | ,Score: 0

