M = 372 418 419 
343 345 346 | 345 346 347 | 351 364 366 | 401 428 430 | 347 349 351 | 349 370 451 | 401 402 419 | 341 342 345 | 400 401 419 | 346 350 370 | 400 401 428 | 426 428 450 | 345 346 370 | 364 365 369 | 351 365 369 | 345 346 370 | 342 344 345 | 345 347 370 | 379 419 421 | 400 401 419 | 370 450 451 | 342 345 346 | 400 401 419 | 351 453 454 | 418 419 421 | 341 344 375 | 400 401 419 | 375 377 379 | 400 401 430 | 345 346 370 | 342 375 378 | 421 423 424 | 355 358 447 | 

M = 391 438 442 
391 435 438 | 356 361 444 | 356 358 359 | 389 390 391 | 389 390 432 | 434 436 438 | 355 362 444 | 362 364 365 | 391 435 438 | 390 408 412 | 389 393 432 | 391 434 438 | 362 442 444 | 

M = 172 175 257 
204 205 206 | 180 182 262 | 147 262 266 | 257 258 259 | 196 242 244 | 229 259 261 | 196 242 245 | 140 142 144 | 135 136 140 | 237 250 251 | 178 262 266 | 134 193 219 | 178 180 182 | 156 235 250 | 193 196 241 | 241 243 245 | 233 257 258 | 

FREQUENCIES
345: 9
401: 8
419: 8
346: 7
370: 7
400: 6
391: 5
438: 5
342: 4
351: 4
347: 3
375: 3
196: 3
390: 3
428: 3
421: 3
364: 3
365: 3
362: 3
444: 3
389: 3
257: 3
262: 3
344: 2
349: 2
266: 2
379: 2
193: 2
250: 2
369: 2
442: 2
245: 2
241: 2
242: 2
418: 2
434: 2
435: 2
432: 2
430: 2
450: 2
451: 2
258: 2
259: 2
178: 2
182: 2
180: 2
341: 2
140: 2
356: 2
355: 2
358: 2
219: 1
136: 1
135: 1
134: 1
402: 1
343: 1
408: 1
366: 1
261: 1
423: 1
378: 1
412: 1
372: 1
377: 1
393: 1
205: 1
172: 1
424: 1
361: 1
447: 1
244: 1
243: 1
436: 1
453: 1
454: 1
175: 1
251: 1
229: 1
156: 1
235: 1
237: 1
426: 1
233: 1
147: 1
144: 1
142: 1
204: 1
206: 1
350: 1
359: 1
