D106n1.txt,0, | ,Score: 0

D106n2.txt,0, | 391 435 438 | 343 345 346 | 345 346 347 | ,Score: 0

D110n1.txt,0, | 122 124 224 | 177 182 262 | 175 177 262 | ,Score: 0

D110n2.txt,0, | 351 359 364 | 400 428 430 | 349 351 454 | ,Score: 0

D204n1.txt,0, | ,Score: 0

D204n2.txt,0, | 376 419 420 | 397 401 419 | 342 345 381 | ,Score: 0

D206n1.txt,0, | ,Score: 0

D206n2.txt,0, | 350 370 373 | 354 364 431 | 395 396 446 | ,Score: 0

D214n1.txt,0, | 178 262 266 | 153 232 258 | 154 257 258 | ,Score: 0

D214n2.txt,0, | 346 350 370 | 358 450 454 | 389 391 435 | ,Score: 0

D301n1.txt,0, | ,Score: 0

D301n2.txt,0, | 394 401 404 | 359 360 362 | 346 347 370 | ,Score: 0

D302n1.txt,0, | ,Score: 0

D302n2.txt,0, | 351 364 369 | 351 365 369 | 351 362 365 | ,Score: 0

D305n1.txt,0, | ,Score: 0

D305n2.txt,0, | 345 346 370 | 342 345 346 | 345 347 370 | ,Score: 0

D307n1.txt,0, | ,Score: 0

D307n2.txt,0, | 394 434 444 | 355 361 445 | 364 365 369 | ,Score: 0

D312n1.txt,0, | 201 208 226 | 194 196 244 | 134 139 219 | ,Score: 0

D312n2.txt,0, | 342 344 379 | 389 395 432 | 350 426 454 | ,Score: 0

D318n1.txt,0, | ,Score: 0

D318n2.txt,0, | 393 435 443 | 342 346 380 | 401 404 418 | ,Score: 0

D323n1.txt,0, | 190 217 219 | 153 232 259 | 182 229 262 | ,Score: 0

D323n2.txt,0, | 351 372 450 | 389 391 394 | 401 418 428 | ,Score: 0

D324n1.txt,0, | 134 139 219 | 178 181 261 | 201 235 251 | ,Score: 0

D324n2.txt,0, | 390 393 436 | 389 408 414 | 393 401 430 | ,Score: 0

D410n1.txt,0, | 193 196 242 | 242 245 247 | 151 233 259 | ,Score: 0

D410n2.txt,0, | 372 375 419 | 401 430 432 | 345 372 380 | ,Score: 0

D430n1.txt,0, | ,Score: 0

D430n2.txt,0, | 393 401 432 | 399 428 445 | 355 443 445 | ,Score: 0

D431n1.txt,0, | ,Score: 0

D431n2.txt,0, | 391 435 438 | 391 432 442 | 390 432 435 | ,Score: 0

