D106n1.txt,0, | ,Score: 0

D106n2.txt,4, | 391 435 438 | 343 345 346 | 345 346 347 | ,Score: 13.2802

D110n1.txt,16, | 204 205 206 | 180 182 262 | 172 175 257 | ,Score: 17.893

D110n2.txt,21, | 351 364 366 | 401 428 430 | 347 349 351 | ,Score: 26.7785

D204n1.txt,0, | ,Score: 0

D204n2.txt,20, | 349 370 451 | 401 402 419 | 341 342 345 | ,Score: 46.3756

D206n1.txt,0, | ,Score: 0

D206n2.txt,12, | 372 418 419 | 356 361 444 | 400 401 419 | ,Score: 36.9729

D214n1.txt,16, | 147 262 266 | 257 258 259 | 196 242 244 | ,Score: 16.8229

D214n2.txt,16, | 346 350 370 | 356 358 359 | 389 390 391 | ,Score: 21.7289

D301n1.txt,0, | ,Score: 0

D301n2.txt,18, | 400 401 428 | 426 428 450 | 345 346 370 | ,Score: 27.3516

D302n1.txt,0, | ,Score: 0

D302n2.txt,3, | 364 365 369 | 351 365 369 | 389 390 432 | ,Score: 13.3027

D305n1.txt,0, | ,Score: 0

D305n2.txt,7, | 345 346 370 | 342 344 345 | 345 347 370 | ,Score: 17.4545

D307n1.txt,0, | ,Score: 0

D307n2.txt,11, | 434 436 438 | 355 362 444 | 362 364 365 | ,Score: 46.3482

D312n1.txt,19, | 229 259 261 | 196 242 245 | 140 142 144 | ,Score: 17.3229

D312n2.txt,22, | 379 419 421 | 400 401 419 | 370 450 451 | ,Score: 40.8055

D318n1.txt,0, | ,Score: 0

D318n2.txt,17, | 391 435 438 | 342 345 346 | 400 401 419 | ,Score: 24.9814

D323n1.txt,17, | 135 136 140 | 237 250 251 | 178 262 266 | ,Score: 22.225

D323n2.txt,23, | 351 453 454 | 390 408 412 | 418 419 421 | ,Score: 19.3612

D324n1.txt,21, | 134 193 219 | 178 180 182 | 156 235 250 | ,Score: 22.5367

D324n2.txt,17, | 389 393 432 | 341 344 375 | 400 401 419 | ,Score: 36.052

D410n1.txt,18, | 193 196 241 | 241 243 245 | 233 257 258 | ,Score: 31.9931

D410n2.txt,20, | 375 377 379 | 400 401 430 | 345 346 370 | ,Score: 37.7279

D430n1.txt,0, | ,Score: 0

D430n2.txt,14, | 342 375 378 | 421 423 424 | 355 358 447 | ,Score: 27.8863

D431n1.txt,0, | ,Score: 0

D431n2.txt,4, | 391 434 438 | 362 442 444 | 391 438 442 | ,Score: 21.1757

