M = 363 395 444 
393 430 432 | 351 354 426 | 356 358 359 | 359 360 362 | 426 428 450 | 351 362 365 | 362 364 365 | 434 436 438 | 355 356 444 | 362 364 365 | 393 394 432 | 402 404 418 | 404 405 406 | 404 405 418 | 391 394 443 | 393 396 432 | 389 393 432 | 394 430 443 | 432 443 445 | 362 442 444 | 391 434 438 | 391 393 434 | 

M = 346 349 369 
343 345 346 | 343 345 346 | 351 364 366 | 424 428 450 | 347 349 351 | 349 370 451 | 376 380 381 | 345 375 376 | 370 450 451 | 358 359 451 | 345 346 347 | 351 364 365 | 345 346 370 | 342 344 345 | 342 345 346 | 341 377 379 | 370 450 451 | 342 345 346 | 349 453 454 | 341 344 375 | 375 377 379 | 421 423 424 | 342 345 375 | 

M = 193 196 241 
134 140 219 | 177 182 261 | 204 205 206 | 196 242 244 | 178 182 229 | 232 258 259 | 229 259 261 | 196 242 245 | 140 142 144 | 237 250 251 | 122 124 208 | 258 259 261 | 196 242 244 | 137 140 142 | 257 258 259 | 241 242 243 | 233 257 258 | 

FREQUENCIES
345: 9
346: 7
393: 5
362: 5
432: 5
351: 5
342: 4
349: 4
370: 4
196: 4
364: 4
365: 4
242: 4
375: 4
450: 4
451: 4
258: 4
259: 4
261: 3
391: 3
394: 3
443: 3
444: 3
434: 3
404: 3
140: 3
359: 3
344: 2
405: 2
347: 2
341: 2
343: 2
424: 2
379: 2
418: 2
377: 2
376: 2
428: 2
426: 2
241: 2
244: 2
438: 2
430: 2
257: 2
182: 2
229: 2
142: 2
356: 2
358: 2
219: 1
137: 1
134: 1
421: 1
124: 1
423: 1
193: 1
396: 1
395: 1
205: 1
369: 1
366: 1
363: 1
360: 1
442: 1
445: 1
380: 1
381: 1
243: 1
389: 1
245: 1
436: 1
453: 1
454: 1
178: 1
177: 1
250: 1
251: 1
406: 1
402: 1
237: 1
232: 1
233: 1
144: 1
204: 1
206: 1
208: 1
122: 1
355: 1
354: 1
