D106n1.txt,0, | ,Score: 0

D106n2.txt,0, | 343 345 346 | 345 346 347 | ,Score: 0

D110n1.txt,0, | 122 124 224 | 175 177 224 | 204 205 206 | ,Score: 0

D110n2.txt,0, | 351 359 364 | 424 428 450 | 349 351 454 | ,Score: 0

D204n1.txt,0, | ,Score: 0

D204n2.txt,0, | 349 351 370 | 375 418 420 | 342 375 381 | ,Score: 0

D206n1.txt,0, | ,Score: 0

D206n2.txt,0, | 350 370 373 | 363 395 446 | 354 364 431 | ,Score: 0

D214n1.txt,0, | 154 232 258 | 153 258 259 | 232 257 259 | ,Score: 0

D214n2.txt,0, | 358 451 454 | 370 450 451 | 358 359 451 | ,Score: 0

D301n1.txt,0, | ,Score: 0

D301n2.txt,0, | 359 360 362 | 346 347 370 | 426 428 450 | ,Score: 0

D302n1.txt,0, | ,Score: 0

D302n2.txt,0, | 351 364 369 | 362 364 365 | 351 364 365 | ,Score: 0

D305n1.txt,0, | ,Score: 0

D305n2.txt,0, | 345 346 370 | 342 344 345 | 342 345 346 | ,Score: 0

D307n1.txt,0, | ,Score: 0

D307n2.txt,0, | 432 434 444 | 355 428 445 | 364 365 369 | ,Score: 0

D312n1.txt,0, | 201 208 226 | 193 196 242 | 134 139 219 | ,Score: 0

D312n2.txt,0, | 342 344 379 | 350 426 454 | 392 395 443 | ,Score: 0

D318n1.txt,0, | ,Score: 0

D318n2.txt,0, | 402 404 415 | 342 346 380 | 342 405 415 | ,Score: 0

D323n1.txt,0, | 171 190 219 | 183 229 259 | 183 259 261 | ,Score: 0

D323n2.txt,0, | 404 405 418 | 393 430 443 | 349 426 453 | ,Score: 0

D324n1.txt,0, | 194 196 242 | 137 140 142 | 193 194 197 | ,Score: 0

D324n2.txt,0, | 341 344 375 | 393 396 430 | 389 393 436 | ,Score: 0

D410n1.txt,0, | 194 242 247 | 193 196 242 | 151 233 258 | ,Score: 0

D410n2.txt,0, | 345 372 380 | 394 442 445 | 379 418 421 | ,Score: 0

D430n1.txt,0, | ,Score: 0

D430n2.txt,0, | 393 434 443 | 399 428 445 | 351 358 447 | ,Score: 0

D431n1.txt,0, | ,Score: 0

D431n2.txt,0, | 432 434 444 | 391 438 442 | 391 393 442 | ,Score: 0

