M = 345 346 370 
343 345 346 | 343 345 346 | 351 364 366 | 349 370 451 | 342 345 376 | 347 348 350 | 376 405 418 | 370 450 451 | 345 346 347 | 364 365 369 | 344 345 346 | 342 344 345 | 395 402 414 | 349 370 450 | 402 404 405 | 342 345 346 | 380 418 421 | 404 405 418 | 404 406 414 | 344 375 380 | 342 375 378 | 

M = 354 426 446 
424 428 450 | 349 351 454 | 381 402 420 | 358 359 451 | 356 358 359 | 359 360 362 | 426 428 450 | 362 364 365 | 351 362 365 | 434 436 438 | 355 356 444 | 355 362 444 | 355 358 426 | 426 428 450 | 349 453 454 | 389 392 414 | 396 428 430 | 392 396 430 | 356 357 445 | 355 358 447 | 421 423 424 | 362 442 444 | 391 438 442 | 391 434 438 | 

M = 172 175 257 
177 180 182 | 204 205 206 | 257 258 259 | 178 182 229 | 153 257 258 | 229 259 261 | 158 250 251 | 140 217 220 | 178 180 182 | 131 135 136 | 232 258 259 | 136 137 140 | 156 235 250 | 178 180 182 | 143 144 175 | 154 257 258 | 233 257 258 | 

FREQUENCIES
345: 8
346: 6
257: 5
362: 5
450: 5
258: 5
342: 4
349: 4
370: 4
428: 4
426: 4
182: 4
355: 4
358: 4
344: 3
402: 3
414: 3
364: 3
365: 3
444: 3
418: 3
438: 3
451: 3
259: 3
178: 3
405: 3
180: 3
404: 3
356: 3
351: 3
359: 3
136: 2
347: 2
343: 2
375: 2
376: 2
392: 2
391: 2
396: 2
250: 2
421: 2
424: 2
442: 2
380: 2
434: 2
430: 2
454: 2
175: 2
229: 2
140: 2
217: 1
131: 1
137: 1
135: 1
348: 1
366: 1
261: 1
423: 1
378: 1
395: 1
204: 1
369: 1
420: 1
360: 1
447: 1
446: 1
445: 1
381: 1
389: 1
436: 1
453: 1
177: 1
251: 1
172: 1
406: 1
220: 1
153: 1
154: 1
156: 1
158: 1
235: 1
232: 1
233: 1
144: 1
205: 1
143: 1
206: 1
357: 1
354: 1
350: 1
