D106n1.txt,0, | ,Score: 0

D106n2.txt,0, | 343 345 346 | 345 346 347 | ,Score: 0

D110n1.txt,0, | 172 175 257 | 177 182 261 | 145 177 224 | ,Score: 0

D110n2.txt,0, | 351 359 364 | 347 351 450 | 351 450 454 | ,Score: 0

D204n1.txt,0, | ,Score: 0

D204n2.txt,0, | 349 351 370 | 397 418 420 | 343 375 381 | ,Score: 0

D206n1.txt,0, | ,Score: 0

D206n2.txt,0, | 354 364 431 | 347 350 370 | 371 373 416 | ,Score: 0

D214n1.txt,0, | 154 232 258 | 178 182 229 | 154 257 258 | ,Score: 0

D214n2.txt,0, | 358 450 454 | 358 451 454 | 356 358 359 | ,Score: 0

D301n1.txt,0, | ,Score: 0

D301n2.txt,0, | 359 360 362 | 345 347 370 | 426 428 450 | ,Score: 0

D302n1.txt,0, | ,Score: 0

D302n2.txt,0, | 362 364 365 | 351 365 369 | 351 362 365 | ,Score: 0

D305n1.txt,0, | ,Score: 0

D305n2.txt,0, | 344 345 346 | 345 346 370 | 342 344 346 | ,Score: 0

D307n1.txt,0, | ,Score: 0

D307n2.txt,0, | 435 437 438 | 355 428 445 | 355 361 445 | ,Score: 0

D312n1.txt,0, | 206 208 226 | 158 249 251 | 122 135 138 | ,Score: 0

D312n2.txt,0, | 358 450 454 | 395 418 428 | 350 370 450 | ,Score: 0

D318n1.txt,0, | ,Score: 0

D318n2.txt,0, | 402 404 415 | 342 405 415 | 404 415 418 | ,Score: 0

D323n1.txt,0, | 183 229 261 | 134 140 219 | 153 232 259 | ,Score: 0

D323n2.txt,0, | 426 450 453 | 349 426 453 | 346 349 370 | ,Score: 0

D324n1.txt,0, | 137 139 141 | 140 217 219 | 178 181 229 | ,Score: 0

D324n2.txt,0, | 389 392 436 | 396 428 430 | 392 396 430 | ,Score: 0

D410n1.txt,0, | 172 175 257 | 151 154 258 | 233 257 259 | ,Score: 0

D410n2.txt,0, | 372 380 420 | 430 442 445 | 345 372 375 | ,Score: 0

D430n1.txt,0, | ,Score: 0

D430n2.txt,0, | 351 358 447 | 342 345 375 | 399 428 445 | ,Score: 0

D431n1.txt,0, | ,Score: 0

D431n2.txt,0, | 434 442 444 | 391 438 442 | 391 434 438 | ,Score: 0

