407mGLU: 00,02,03,07,19,21,24,25|8|4.9801
339mGLY: 01,02,03,07,19,24,27|7|4.4849
388mGLY: 00,04,07,10,12,21,25|7|2.111
391mASP: 00,04,10,12,21|5|2.0131
403mALA: 02,03,07,19,24|5|1.3198
387mGLU: 00,04,07,25,28|5|1.1276
391mSER: 00,04,10,12,21|5|1.4503
391mASN: 00,04,10,12,21|5|1.4419
391mGLY: 00,04,10,12,21|5|1.5756
436mASP: 00,04,10,21,25|5|2.2449
391mVAL: 00,04,10,12,21|5|1.2359
403mGLU: 02,03,07,19,24|5|1.8949
403mASN: 02,03,07,19,24|5|1.5865
391mGLU: 00,04,10,12,21|5|2.3739
391mGLN: 00,04,10,12,21|5|1.3658
403mSER: 02,03,07,19,24|5|1.4222
403mTHR: 02,03,07,19,24|5|1.7213
391mTHR: 00,04,10,12,21|5|1.6881
403mGLY: 02,03,07,19,24|5|2.093
403mASP: 02,03,07,19,24|5|1.9483
393mGLY: 02,10,12,21|4|1.2811
377mCYS: 01,03,19,27|4|2.9376
377mASP: 01,03,19,27|4|1.7606
377mGLU: 01,03,19,27|4|2.1374
347mGLU: 01,11,24,28|4|1.1935
362mVAL: 04,10,12|3|1.742
440mGLU: 04,10,12|3|6.0497
440mLYS: 04,10,12|3|3.9407
440mTHR: 04,10,12|3|5.4679
362mGLY: 04,10,12|3|3.8205
438mTHR: 04,10,12|3|2.3743
438mGLU: 04,10,12|3|2.417
366mCYS: 04,12,25|3|2.3826
362mALA: 04,10,12|3|4.5077
438mASP: 04,10,12|3|2.2285
366mGLU: 04,12,25|3|1.3909
438mASN: 04,10,12|3|1.0159
362mCYS: 04,10,12|3|6.1971
362mASN: 04,10,12|3|2.3673
440mSER: 04,10,12|3|2.6273
346mGLY: 11,24,28|3|1.1044
440mASN: 04,10,12|3|4.4869
362mLEU: 04,10,12|3|1.6568
440mPRO: 04,10,12|3|2.0594
362mPHE: 04,10,12|3|1.3142
362mLYS: 04,10,12|3|4.6123
346mALA: 11,24,28|3|1.9516
440mASP: 04,10,12|3|3.7879
440mALA: 04,10,12|3|2.6008
438mCYS: 04,10,12|3|1.9259
440mILE: 04,10,12|3|1.7785
440mGLY: 04,10,12|3|3.0754
346mCYS: 11,24,28|3|1.773
362mSER: 04,10,12|3|2.9588
362mHIS: 04,10,12|3|1.43
440mCYS: 04,10,12|3|2.9596
438mALA: 04,10,12|3|1.6373
362mILE: 04,10,12|3|3.0536
435mTHR: 04,10,12|3|1.5857
438mGLY: 04,10,12|3|1.0321
362mARG: 04,10,12|3|1.4549
438mLYS: 04,10,12|3|1.1155
362mPRO: 04,10,12|3|2.9841
362mTHR: 04,10,12|3|2.6669
440mGLN: 04,10,12|3|1.2637
435mGLU: 04,10,12|3|1.5593
444mGLU: 10,12|2|1.2266
442mGLU: 10,12|2|1.431
434mCYS: 12,21|2|1.727
432mCYS: 12,21|2|1.3125
434mALA: 12,21|2|1.4036
434mASP: 12,21|2|1.095
444mASP: 10,12|2|1.2028
