180mLYS: 02,05,11,13,15,17,20,21|8|6.897
180mGLU: 02,05,11,13,15,17,20,21|8|4.8978
180mTHR: 02,05,11,13,15,17,20,21|8|7.6813
180mASN: 02,05,11,13,15,17,20,21|8|4.1165
146mGLY: 02,05,11,13,15,20|6|3.9194
147mSER: 02,05,11,13,15,20|6|1.3477
146mLYS: 02,05,11,13,15,20|6|3.5403
146mASN: 02,05,11,13,15,20|6|2.8823
146mTHR: 02,05,11,13,15,20|6|3.9636
146mHIS: 02,05,11,13,15,20|6|2.2476
146mILE: 02,05,11,13,15,20|6|1.1357
146mSER: 02,05,11,13,15,20|6|2.9819
146mALA: 02,05,11,13,15,20|6|3.1723
146mASP: 02,05,11,13,15,20|6|2.2637
388mHIS: 14,16,22,26,29|5|1.112
440mGLU: 06,14,22,26,28|5|2.8676
440mTHR: 06,14,22,26,28|5|3.3946
362mGLY: 06,14,22,26,28|5|2.9423
440mLYS: 06,14,22,26,28|5|3.9725
440mASN: 06,14,22,26,28|5|3.0561
362mGLU: 06,14,22,26,28|5|3.7761
412mTHR: 08,14,16,26,29|5|2.1423
261mGLY: 02,05,13,17,21|5|2.751
440mASP: 06,14,22,26,28|5|2.7988
261mASP: 02,05,13,17,21|5|1.0746
440mILE: 06,14,22,26,28|5|1.3043
440mGLY: 06,14,22,26,28|5|3.0888
388mGLY: 14,16,22,26,29|5|1.4495
388mSER: 14,16,22,26,29|5|1.2773
440mSER: 06,14,22,26,28|5|2.3904
362mSER: 06,14,22,26,28|5|2.7427
412mLYS: 08,14,16,26,29|5|2.6623
261mGLU: 02,05,13,17,21|5|2.741
261mSER: 02,05,13,17,21|5|2.5044
261mTHR: 02,05,13,17,21|5|2.9437
362mTHR: 06,14,22,26,28|5|3.4431
440mALA: 06,14,22,26,28|5|2.5593
261mLYS: 02,05,13,17,21|5|2.2014
411mGLU: 08,14,16,29|4|1.7182
438mTHR: 06,14,22,26|4|4.5499
438mGLU: 06,14,22,26|4|4.1929
438mASN: 06,14,22,26|4|2.439
284mASN: 06,19,27,28|4|1.3914
385mHIS: 08,16,24,29|4|1.0835
411mLYS: 08,14,16,29|4|2.5027
284mGLY: 06,19,27,28|4|1.6517
409mGLU: 08,14,16,29|4|1.9983
438mCYS: 06,14,22,26|4|1.7871
411mTHR: 08,14,16,29|4|2.8012
438mSER: 06,14,22,26|4|2.4104
439mCYS: 06,14,22,26|4|1.0577
438mALA: 06,14,22,26|4|2.2074
438mGLY: 06,14,22,26|4|2.5524
438mLYS: 06,14,22,26|4|4.5819
409mTHR: 08,14,16,29|4|1.8426
409mLYS: 08,14,16,29|4|2.3185
401mTHR: 19,25,27|3|1.6057
178mVAL: 15,17,21|3|1.2143
366mHIS: 14,22,26|3|1.0422
401mGLU: 19,25,27|3|1.39
408mTHR: 08,16,29|3|2.2654
366mMET: 14,22,26|3|1.1106
178mSER: 15,17,21|3|1.4012
293mGLY: 06,22,28|3|2.0158
366mALA: 14,22,26|3|1.3868
178mGLY: 15,17,21|3|1.27
316mLYS: 19,25,27|3|1.6301
401mGLY: 19,25,27|3|1.5221
366mSER: 14,22,26|3|1.261
366mLYS: 14,22,26|3|1.1427
267mGLY: 13,15,20|3|1.1963
366mGLU: 14,22,26|3|1.0563
290mGLY: 06,22,28|3|1.562
290mASN: 06,22,28|3|1.9285
178mGLN: 15,17,21|3|1.0971
401mMET: 19,25,27|3|1.0284
290mTHR: 06,22,28|3|1.2411
293mASN: 06,22,28|3|2.6417
178mARG: 15,17,21|3|1.2184
401mASN: 19,25,27|3|1.4472
267mHIS: 13,15,20|3|1.055
293mGLU: 06,22,28|3|2.3615
400mGLY: 19,25,27|3|1.0248
366mASP: 14,22,26|3|1.2439
293mASP: 06,22,28|3|2.0564
366mGLY: 14,22,26|3|1.5791
408mLYS: 08,16,29|3|1.4955
263mGLY: 02,17,21|3|1.1983
178mLYS: 15,17,21|3|2.0649
178mALA: 15,17,21|3|1.1952
281mALA: 06,22,28|3|1.1802
408mGLU: 08,16,29|3|2.9719
290mASP: 06,22,28|3|1.7287
435mGLY: 14,16,26|3|1.08
178mTHR: 15,17,21|3|2.1876
356mTHR: 22,27,28|3|1.01
293mTHR: 06,22,28|3|2.0564
316mTHR: 19,25,27|3|1.9608
267mSER: 13,15,20|3|1.1428
293mLYS: 06,22,28|3|1.9289
293mSER: 06,22,28|3|1.7968
293mALA: 06,22,28|3|1.2452
267mGLU: 13,15,20|3|1.0337
391mHIS: 08,16,26|3|1.2171
435mTHR: 14,16,26|3|1.4699
178mHIS: 15,17,21|3|1.454
331mHIS: 19,25,27|3|1.2798
178mASN: 15,17,21|3|1.6962
408mSER: 08,16,29|3|1.539
178mILE: 15,17,21|3|1.1063
345mTHR: 08,24,29|3|2.2766
312mALA: 19,25,27|3|1.2355
401mSER: 19,25,27|3|1.2759
281mASP: 06,22,28|3|1.3191
391mMET: 08,16,26|3|1.0407
408mALA: 08,16,29|3|1.3686
366mTHR: 14,22,26|3|1.2315
290mLYS: 06,22,28|3|1.2807
401mHIS: 19,25,27|3|1.5193
281mGLY: 06,22,28|3|1.6319
290mGLU: 06,22,28|3|1.1012
408mGLY: 08,16,29|3|1.3556
435mGLU: 14,16,26|3|1.271
356mLYS: 22,27,28|3|1.1981
258mASN: 17,21|2|1.7025
258mGLU: 17,21|2|1.3355
259mGLY: 17,21|2|1.2168
419mASP: 19,27|2|1.1711
258mGLY: 17,21|2|1.4121
419mCYS: 19,27|2|3.2936
419mLYS: 19,27|2|1.2413
259mASN: 17,21|2|1.4472
258mTHR: 17,21|2|1.4889
398mCYS: 19,27|2|1.845
259mALA: 17,21|2|1.7018
427mALA: 19,27|2|1.1196
164mASP: 01,28|2|1.6262
164mGLU: 01,28|2|2.6368
159mGLU: 01,28|2|1.2244
162mSER: 01,28|2|1.1256
259mLEU: 17,21|2|1.1284
421mGLU: 19,27|2|1.1418
357mLYS: 22,28|2|1.1867
282mALA: 19,27|2|1.0441
320mTHR: 25,27|2|1.2031
398mGLY: 19,27|2|1.0318
160mLYS: 01,28|2|1.006
398mALA: 19,27|2|1.0957
337mALA: 08,29|2|1.1038
264mASP: 02,17|2|1.0856
427mCYS: 19,27|2|1.5222
164mGLY: 01,28|2|1.8756
337mSER: 08,29|2|1.291
456mALA: 01,24|2|1.0104
364mHIS: 22,28|2|1.1418
337mTHR: 08,29|2|1.0549
346mGLU: 24,29|2|1.4032
259mHIS: 17,21|2|1.0216
259mSER: 17,21|2|1.8236
346mCYS: 24,29|2|1.3055
333mASP: 08,14|2|1.3576
159mLYS: 01,28|2|2.0078
419mALA: 19,27|2|2.1337
346mTHR: 24,29|2|1.4336
337mHIS: 08,29|2|1.5429
337mMET: 08,29|2|1.3077
164mTHR: 01,28|2|1.4552
419mHIS: 19,27|2|1.1408
162mGLU: 01,28|2|1.6012
259mTHR: 17,21|2|2.2584
320mGLU: 25,27|2|1.4742
164mLYS: 01,28|2|1.5438
419mGLY: 19,27|2|1.5977
259mGLU: 17,21|2|1.635
164mHIS: 01,28|2|1.8249
336mGLY: 08,29|2|1.0107
444mASP: 06,28|2|1.0024
259mVAL: 17,21|2|1.5178
357mTHR: 22,28|2|1.0805
164mASN: 01,28|2|1.8167
259mLYS: 17,21|2|1.9568
164mSER: 01,28|2|2.1279
337mGLY: 08,29|2|1.4934
162mGLY: 01,28|2|1.2873
443mASP: 06,28|2|1.0706
452mLYS: 24|1|1.1001
136mLYS: 23|1|1.1769
136mCYS: 23|1|1.0461
136mGLU: 23|1|1.135
136mTHR: 23|1|1.2211
322mLYS: 25|1|1.1638
136mGLY: 23|1|1.0366
273mGLU: 17|1|1.0386
322mTHR: 25|1|1.1173
426mASP: 27|1|1.0787
136mALA: 23|1|1.0338
273mASP: 17|1|1.1691
