178 179 180 
178 180 181 
178 179 265 
178 265 266 
146 178 265 
178 261 265 
178 179 181 
146 178 179 
178 179 261 
146 178 266 
178 181 229 
178 181 261 
178 229 261 
179 180 181 
146 179 265 
179 261 265 
146 265 266 
179 181 261 
181 229 261 
119 120 121 
439 440 441 
229 259 261 
136 141 215 
356 357 359 
355 357 359 
355 356 359 
355 356 357 
355 356 444 
284 355 356 
293 296 300 
293 297 300 
296 297 300 
388 390 412 
388 410 412 
215 217 219 
164 165 167 
293 296 297 
281 293 296 
281 293 297 
364 368 369 
281 296 297 
