162 164 165 
164 165 167 
164 165 169 
162 164 167 
164 167 169 
177 180 262 
180 182 262 
178 180 262 
177 180 182 
177 178 180 
178 180 182 
143 145 146 
142 143 146 
143 146 177 
142 145 146 
145 146 177 
145 146 178 
146 177 178 
162 165 167 
165 167 169 
165 169 191 
165 169 194 
165 191 194 
177 262 263 
261 262 263 
178 262 263 
229 261 262 
182 229 262 
178 229 262 
177 261 262 
177 182 262 
177 178 262 
182 261 262 
178 261 262 
178 182 262 
361 363 444 
177 261 263 
177 178 263 
178 261 263 
142 143 145 
143 145 177 
182 229 261 
178 229 261 
178 182 229 
323 326 327 
323 324 326 
323 324 327 
145 177 178 
438 440 442 
436 438 440 
438 440 441 
436 440 442 
440 441 442 
436 440 441 
327 400 401 
324 400 401 
400 401 403 
399 400 401 
324 327 400 
324 399 400 
324 326 327 
177 182 261 
177 178 261 
177 178 182 
436 438 442 
438 441 442 
436 438 441 
363 442 444 
169 191 218 
452 454 456 
324 327 401 
324 399 401 
349 452 454 
178 182 261 
336 339 403 
169 191 194 
194 243 244 
436 441 442 
441 442 444 
