274 301 303 
301 303 305 
299 303 305 
299 301 303 
146 266 267 
146 267 269 
146 175 267 
146 178 267 
146 266 269 
146 178 266 
146 175 178 
267 269 274 
266 267 269 
178 266 267 
175 178 267 
205 206 235 
203 205 206 
205 206 208 
203 206 235 
206 235 237 
139 217 218 
299 301 305 
299 305 311 
203 205 235 
296 299 301 
297 299 301 
296 297 301 
158 235 251 
158 237 251 
235 237 251 
237 248 251 
293 296 299 
293 297 299 
296 297 299 
296 299 311 
297 299 311 
123 127 208 
124 127 208 
123 124 127 
158 235 237 
293 296 297 
296 297 311 
178 180 182 
197 237 248 
122 123 208 
122 124 208 
122 123 124 
123 124 208 
