M = 178 267 
146 267 | 146 269 | 119 124 | 146 265 | 144 146 | 178 181 | 146 265 | 146 178 | 268 273 | 147 180 | 147 262 | 146 264 | 299 303 | 182 261 | 265 268 | 181 262 | 178 180 | 146 265 | 261 265 | 178 180 | 266 268 | 276 281 | 146 147 | 301 305 | 146 178 | 299 305 | 120 122 | 146 266 | 146 266 | 178 180 | 232 261 | 177 180 | 146 268 | 266 268 | 266 268 | 120 123 | 261 265 | 146 265 | 266 272 | 146 264 | 146 268 | 177 261 | 146 266 | 146 178 | 266 268 | 146 266 | 146 265 | 146 265 | 146 268 | 146 267 | 305 311 | 266 268 | 142 146 | 119 120 | 178 181 | 301 305 | 146 270 | 293 300 | 305 308 | 119 123 | 

M = 196 242 
205 206 | 194 242 | 122 123 | 165 248 | 242 248 | 193 242 | 199 251 | 194 242 | 131 194 | 136 141 | 165 249 | 164 165 | 165 248 | 157 159 | 161 164 | 134 219 | 242 243 | 124 127 | 243 245 | 242 245 | 201 208 | 165 248 | 194 242 | 243 244 | 164 165 | 242 244 | 193 242 | 139 218 | 196 237 | 241 243 | 126 206 | 165 248 | 194 196 | 165 248 | 242 248 | 161 164 | 242 245 | 123 136 | 164 165 | 165 194 | 193 242 | 243 245 | 157 158 | 123 136 | 158 235 | 235 249 | 165 190 | 242 248 | 126 130 | 164 165 | 126 208 | 242 244 | 165 194 | 235 251 | 242 244 | 165 248 | 123 136 | 194 245 | 242 244 | 165 249 | 194 242 | 165 248 | 193 242 | 241 242 | 244 245 | 164 249 | 194 241 | 157 158 | 127 130 | 164 165 | 242 244 | 242 244 | 164 165 | 123 127 | 158 249 | 242 245 | 242 245 | 242 244 | 242 244 | 

M = 400 403 
293 299 | 329 336 | 336 339 | 282 286 | 359 360 | 377 379 | 439 440 | 344 345 | 288 293 | 377 379 | 346 370 | 322 326 | 326 334 | 377 379 | 291 297 | 339 341 | 341 379 | 438 440 | 439 440 | 281 293 | 336 403 | 326 334 | 330 336 | 391 440 | 336 408 | 293 313 | 388 410 | 290 317 | 321 326 | 408 411 | 286 293 | 312 319 | 336 339 | 345 346 | 293 297 | 341 376 | 400 419 | 410 411 | 318 322 | 329 330 | 341 377 | 344 345 | 336 403 | 281 293 | 341 343 | 438 440 | 363 368 | 327 400 | 379 419 | 312 318 | 344 379 | 336 339 | 312 318 | 336 408 | 

FREQUENCIES
242: 27
146: 25
165: 18
266: 10
268: 10
194: 10
244: 10
248: 10
265: 9
336: 9
178: 9
164: 9
293: 8
245: 8
123: 7
379: 6
341: 5
440: 5
305: 5
243: 5
249: 5
180: 5
261: 5
136: 4
403: 4
400: 4
377: 4
196: 4
193: 4
339: 4
158: 4
326: 4
126: 3
344: 3
281: 3
120: 3
127: 3
299: 3
318: 3
119: 3
312: 3
241: 3
345: 3
181: 3
408: 3
157: 3
235: 3
147: 3
267: 3
264: 2
130: 2
346: 2
286: 2
262: 2
122: 2
124: 2
410: 2
411: 2
206: 2
301: 2
419: 2
438: 2
439: 2
334: 2
330: 2
177: 2
251: 2
297: 2
161: 2
322: 2
329: 2
208: 2
218: 1
219: 1
131: 1
134: 1
139: 1
288: 1
282: 1
269: 1
370: 1
291: 1
319: 1
199: 1
313: 1
311: 1
317: 1
190: 1
270: 1
391: 1
273: 1
276: 1
142: 1
368: 1
363: 1
360: 1
308: 1
303: 1
300: 1
388: 1
290: 1
376: 1
182: 1
343: 1
272: 1
159: 1
237: 1
232: 1
321: 1
327: 1
201: 1
144: 1
205: 1
141: 1
359: 1
