D102m2.txt,0, | 293 299 | 197 237 | 267 274 | ,Score: 0

D106m3.txt,0, | 163 249 | 123 131 | 329 336 | ,Score: 0

D107m0.txt,0, | 126 196 | 296 318 | 201 251 | ,Score: 0

D110m2.txt,0, | 275 282 | 124 138 | 286 428 | ,Score: 0

D202m2.txt,0, | 241 249 | 327 402 | 325 441 | ,Score: 0

D203m5.txt,0, | 190 194 | 261 265 | 345 370 | ,Score: 0

D204m0.txt,0, | 157 237 | 267 274 | 194 220 | ,Score: 0

D206mR.txt,0, | 165 194 | 283 288 | 147 178 | ,Score: 0

D210m8.txt,0, | 146 178 | 401 419 | 239 251 | ,Score: 0

D214m3.txt,0, | 194 243 | 368 388 | 147 178 | ,Score: 0

D215m7.txt,0, | 126 130 | 293 297 | 178 226 | ,Score: 0

D216m1.txt,0, | 286 293 | 329 336 | 142 146 | ,Score: 0

D217m3.txt,0, | 440 442 | 167 172 | 291 316 | ,Score: 0

D218m7.txt,0, | 165 190 | 124 135 | 194 219 | ,Score: 0

D221m4.txt,0, | 167 190 | 193 242 | 197 250 | ,Score: 0

D222m6.txt,0, | 274 302 | 193 242 | 436 441 | ,Score: 0

D228m5.txt,0, | 337 409 | 197 249 | 165 194 | ,Score: 0

D229m1.txt,0, | 143 147 | 201 251 | 169 240 | ,Score: 0

D231m7.txt,0, | 391 438 | 178 261 | 165 249 | ,Score: 0

D239m5.txt,0, | 179 261 | 165 194 | 281 296 | ,Score: 0

D301m9.txt,0, | 354 357 | 190 194 | 324 401 | ,Score: 0

D302m1.txt,0, | 165 190 | 146 269 | 178 261 | ,Score: 0

D304m4.txt,0, | 275 281 | 178 261 | 165 194 | ,Score: 0

D305m1.txt,0, | 147 263 | 388 435 | 164 249 | ,Score: 0

D306m2.txt,0, | 262 267 | 130 135 | 165 191 | ,Score: 0

D307m2.txt,0, | 267 274 | 165 194 | 146 178 | ,Score: 0

D308m5.txt,0, | 299 303 | 127 208 | 239 251 | ,Score: 0

D310m9.txt,0, | 165 190 | 194 245 | 123 139 | ,Score: 0

D311m8.txt,0, | 163 249 | 272 278 | 197 241 | ,Score: 0

D312m9.txt,0, | 196 249 | 282 286 | 301 306 | ,Score: 0

D313m5.txt,0, | 412 415 | 162 165 | 142 146 | ,Score: 0

D314m8.txt,0, | 241 249 | 290 443 | 146 178 | ,Score: 0

D315m6.txt,0, | 232 261 | 193 239 | 164 249 | ,Score: 0

D317m4.txt,0, | 165 240 | 146 178 | 293 321 | ,Score: 0

D318m3.txt,0, | 408 411 | 320 326 | 130 190 | ,Score: 0

D319m6.txt,0, | 147 179 | 286 293 | 193 242 | ,Score: 0

D320m3.txt,0, | 157 237 | 123 139 | 178 266 | ,Score: 0

D321m1.txt,0, | 157 167 | 232 235 | 134 219 | ,Score: 0

D322m0.txt,0, | 163 251 | 293 299 | 190 240 | ,Score: 0

D323m1.txt,0, | 267 272 | 165 248 | 123 134 | ,Score: 0

D324m6.txt,0, | 196 249 | 259 262 | 345 347 | ,Score: 0

D325m0.txt,0, | 123 127 | 293 299 | 164 249 | ,Score: 0

D326m0.txt,0, | 164 249 | 262 267 | 120 124 | ,Score: 0

D327m7.txt,0, | 178 267 | 337 341 | 165 194 | ,Score: 0

D328m3.txt,0, | 337 408 | 190 194 | 408 412 | ,Score: 0

D330m1.txt,0, | 178 267 | 201 251 | 194 220 | ,Score: 0

D331m0.txt,0, | 206 237 | 157 165 | 120 123 | ,Score: 0

D332m4.txt,0, | 296 301 | 178 261 | 194 220 | ,Score: 0

D333m4.txt,0, | 329 334 | 132 194 | 262 267 | ,Score: 0

D403m6.txt,0, | 169 171 | 162 168 | 194 246 | ,Score: 0

D407m5.txt,0, | 344 345 | 331 336 | 146 178 | ,Score: 0

D408m8.txt,0, | 178 267 | 281 290 | 165 190 | ,Score: 0

D409m5.txt,0, | 178 267 | 165 190 | 401 419 | ,Score: 0

D410mR.txt,0, | 120 123 | 196 249 | 338 341 | ,Score: 0

D413m2.txt,0, | 281 297 | 359 362 | 235 249 | ,Score: 0

D414m2.txt,0, | 164 249 | 267 274 | 167 190 | ,Score: 0

D421m7.txt,0, | 201 251 | 293 299 | 130 241 | ,Score: 0

D428m7.txt,0, | 327 401 | 327 400 | 167 190 | ,Score: 0

D430mR.txt,0, | 178 266 | 241 244 | 165 194 | ,Score: 0

D431m9.txt,0, | 178 267 | 213 219 | 241 249 | ,Score: 0

D438m9.txt,0, | 120 208 | 147 179 | 164 249 | ,Score: 0

D450m5.txt,0, | 201 208 | 299 305 | 196 249 | ,Score: 0

D453m0.txt,0, | 146 271 | 196 249 | 289 441 | ,Score: 0

D459m2.txt,0, | 285 293 | 165 190 | 372 419 | ,Score: 0

D462m1.txt,0, | 165 190 | 333 337 | 319 326 | ,Score: 0

D464m0.txt,0, | 122 141 | 336 408 | 157 165 | ,Score: 0

