M = 400 403 
290 296 | 336 339 | 336 339 | 377 379 | 439 440 | 344 345 | 290 296 | 324 329 | 377 379 | 358 359 | 357 358 | 283 284 | 438 440 | 339 341 | 359 362 | 439 440 | 336 403 | 341 377 | 326 334 | 330 336 | 385 412 | 284 290 | 356 359 | 336 408 | 292 319 | 388 410 | 326 329 | 284 290 | 439 440 | 292 299 | 336 403 | 408 411 | 286 290 | 312 319 | 341 377 | 439 440 | 284 286 | 400 401 | 341 376 | 400 419 | 410 411 | 318 322 | 329 330 | 439 440 | 339 341 | 335 336 | 344 345 | 281 290 | 336 403 | 401 419 | 323 327 | 379 419 | 312 318 | 434 440 | 438 440 | 354 357 | 357 359 | 336 339 | 312 318 | 407 408 | 336 407 | 

M = 196 249 
205 206 | 123 126 | 165 248 | 191 219 | 158 159 | 136 140 | 250 251 | 126 127 | 248 249 | 194 244 | 165 194 | 164 165 | 164 165 | 126 206 | 165 249 | 126 130 | 136 141 | 126 127 | 165 248 | 157 164 | 194 245 | 163 164 | 165 248 | 245 248 | 158 159 | 136 141 | 136 141 | 165 168 | 196 241 | 190 194 | 126 206 | 123 136 | 246 248 | 165 194 | 159 162 | 165 167 | 161 164 | 123 136 | 123 136 | 127 134 | 244 245 | 157 165 | 157 251 | 158 251 | 134 136 | 164 249 | 193 219 | 194 244 | 217 219 | 194 196 | 130 194 | 164 165 | 206 235 | 159 161 | 164 165 | 165 194 | 123 126 | 123 127 | 164 165 | 248 251 | 130 193 | 241 244 | 164 165 | 249 251 | 194 245 | 164 165 | 165 249 | 158 251 | 127 130 | 162 164 | 244 245 | 165 248 | 123 127 | 158 251 | 158 251 | 194 245 | 

M = 146 178 
146 267 | 301 303 | 146 269 | 146 265 | 229 259 | 144 146 | 277 281 | 178 181 | 265 268 | 261 265 | 259 262 | 146 264 | 265 268 | 299 309 | 142 146 | 181 261 | 178 266 | 261 265 | 146 265 | 178 267 | 145 178 | 201 228 | 301 305 | 146 268 | 299 305 | 119 123 | 178 182 | 232 261 | 177 182 | 146 268 | 266 268 | 146 268 | 119 120 | 178 261 | 146 266 | 303 304 | 144 146 | 146 266 | 146 265 | 146 265 | 146 265 | 143 146 | 146 267 | 305 311 | 177 262 | 181 261 | 146 264 | 119 120 | 178 181 | 299 305 | 146 270 | 142 146 | 119 123 | 

FREQUENCIES
146: 27
165: 19
178: 13
164: 12
194: 11
336: 10
265: 9
123: 9
136: 8
440: 8
248: 8
251: 8
126: 7
127: 6
261: 6
268: 6
290: 6
245: 6
249: 6
158: 6
341: 5
244: 5
439: 5
339: 5
130: 4
403: 4
284: 4
266: 4
299: 4
119: 4
206: 4
305: 4
377: 4
181: 4
159: 4
359: 4
219: 3
400: 3
408: 3
267: 3
379: 3
419: 3
318: 3
196: 3
312: 3
157: 3
329: 3
141: 3
357: 3
134: 2
344: 2
345: 2
401: 2
281: 2
120: 2
262: 2
264: 2
410: 2
411: 2
296: 2
292: 2
319: 2
193: 2
303: 2
301: 2
241: 2
438: 2
330: 2
259: 2
177: 2
407: 2
182: 2
161: 2
162: 2
286: 2
326: 2
144: 2
142: 2
358: 2
217: 1
283: 1
269: 1
412: 1
376: 1
311: 1
191: 1
190: 1
270: 1
277: 1
205: 1
362: 1
309: 1
304: 1
246: 1
385: 1
388: 1
434: 1
335: 1
334: 1
250: 1
168: 1
229: 1
228: 1
167: 1
163: 1
235: 1
232: 1
322: 1
323: 1
327: 1
324: 1
201: 1
145: 1
143: 1
140: 1
356: 1
354: 1
