D102m2.txt,0, | 206 237 | 175 267 | 278 299 | ,Score: 0

D106m3.txt,0, | 436 440 | 403 406 | 177 261 | ,Score: 0

D107m0.txt,0, | 123 127 | 201 251 | 318 325 | ,Score: 0

D110m2.txt,0, | 165 248 | 168 191 | 158 249 | ,Score: 0

D202m2.txt,0, | 331 402 | 318 325 | 438 441 | ,Score: 0

D203m5.txt,0, | 344 347 | 438 441 | 140 219 | ,Score: 0

D204m0.txt,0, | 267 274 | 197 249 | 277 280 | ,Score: 0

D206mR.txt,0, | 178 267 | 127 135 | 288 324 | ,Score: 0

D210m8.txt,0, | 145 265 | 401 419 | 123 126 | ,Score: 0

D214m3.txt,0, | 190 194 | 167 190 | 165 190 | ,Score: 0

D215m7.txt,0, | 124 127 | 122 208 | 146 178 | ,Score: 0

D216m1.txt,0, | 358 360 | 157 164 | 357 358 | ,Score: 0

D217m3.txt,0, | 283 291 | 288 316 | 178 266 | ,Score: 0

D218m7.txt,0, | 126 196 | 124 135 | 178 261 | ,Score: 0

D221m4.txt,0, | 123 127 | 248 251 | 130 190 | ,Score: 0

D222m6.txt,0, | 274 302 | 436 441 | 302 311 | ,Score: 0

D228m5.txt,0, | 157 250 | 165 194 | 164 249 | ,Score: 0

D229m1.txt,0, | 165 248 | 246 249 | 158 163 | ,Score: 0

D231m7.txt,0, | 146 179 | 179 261 | 359 362 | ,Score: 0

D239m5.txt,0, | 441 444 | 179 261 | 178 266 | ,Score: 0

D301m9.txt,0, | 120 121 | 401 403 | 178 267 | ,Score: 0

D302m1.txt,0, | 341 377 | 326 334 | 178 261 | ,Score: 0

D304m4.txt,0, | 165 194 | 178 261 | 275 303 | ,Score: 0

D305m1.txt,0, | 385 412 | 178 267 | 391 440 | ,Score: 0

D306m2.txt,0, | 262 267 | 124 135 | 201 228 | ,Score: 0

D307m2.txt,0, | 267 274 | 177 261 | 143 145 | ,Score: 0

D308m5.txt,0, | 299 303 | 196 237 | 267 272 | ,Score: 0

D310m9.txt,0, | 178 267 | 123 139 | 400 419 | ,Score: 0

D311m8.txt,0, | 146 271 | 281 296 | 292 322 | ,Score: 0

D312m9.txt,0, | 162 165 | 159 161 | 164 249 | ,Score: 0

D313m5.txt,0, | 178 267 | 412 415 | 120 123 | ,Score: 0

D314m8.txt,0, | 440 443 | 284 290 | 150 178 | ,Score: 0

D315m6.txt,0, | 178 267 | 203 232 | 127 197 | ,Score: 0

D317m4.txt,0, | 290 321 | 331 401 | 146 178 | ,Score: 0

D318m3.txt,0, | 408 411 | 326 334 | 124 135 | ,Score: 0

D319m6.txt,0, | 265 268 | 146 179 | 286 290 | ,Score: 0

D320m3.txt,0, | 165 167 | 157 164 | 157 250 | ,Score: 0

D321m1.txt,0, | 157 235 | 313 319 | 124 135 | ,Score: 0

D322m0.txt,0, | 330 401 | 274 301 | 239 251 | ,Score: 0

D323m1.txt,0, | 193 219 | 165 194 | 217 219 | ,Score: 0

D324m6.txt,0, | 196 244 | 193 219 | 165 249 | ,Score: 0

D325m0.txt,0, | 123 127 | 299 305 | 436 439 | ,Score: 0

D326m0.txt,0, | 284 288 | 400 419 | 177 267 | ,Score: 0

D327m7.txt,0, | 261 264 | 178 267 | 337 341 | ,Score: 0

D328m3.txt,0, | 337 408 | 408 412 | 262 267 | ,Score: 0

D330m1.txt,0, | 178 267 | 201 251 | 141 144 | ,Score: 0

D331m0.txt,0, | 159 161 | 161 164 | 194 219 | ,Score: 0

D332m4.txt,0, | 296 301 | 122 137 | 178 261 | ,Score: 0

D333m4.txt,0, | 376 379 | 124 135 | 262 267 | ,Score: 0

D403m6.txt,0, | 165 190 | 336 406 | 341 406 | ,Score: 0

D407m5.txt,0, | 336 408 | 178 266 | 335 403 | ,Score: 0

D408m8.txt,0, | 146 177 | 439 441 | 178 266 | ,Score: 0

D409m5.txt,0, | 178 267 | 396 403 | 401 419 | ,Score: 0

D410mR.txt,0, | 193 219 | 130 241 | 165 249 | ,Score: 0

D413m2.txt,0, | 158 250 | 194 244 | 164 249 | ,Score: 0

D414m2.txt,0, | 177 262 | 267 274 | 165 249 | ,Score: 0

D421m7.txt,0, | 201 237 | 296 299 | 120 124 | ,Score: 0

D428m7.txt,0, | 177 262 | 327 401 | 162 164 | ,Score: 0

D430mR.txt,0, | 178 265 | 261 265 | 146 266 | ,Score: 0

D431m9.txt,0, | 140 212 | 275 282 | 178 226 | ,Score: 0

D438m9.txt,0, | 120 208 | 440 443 | 178 181 | ,Score: 0

D450m5.txt,0, | 201 208 | 158 237 | 299 305 | ,Score: 0

D453m0.txt,0, | 146 271 | 438 441 | 158 251 | ,Score: 0

D459m2.txt,0, | 284 356 | 354 362 | 194 219 | ,Score: 0

D462m1.txt,0, | 146 265 | 333 337 | 319 326 | ,Score: 0

D464m0.txt,0, | 122 141 | 336 408 | 335 407 | ,Score: 0

