M = 178 267 
122 141 | 299 303 | 122 123 | 229 259 | 136 140 | 145 268 | 136 141 | 178 182 | 268 273 | 178 261 | 119 123 | 259 262 | 278 303 | 232 259 | 181 261 | 178 261 | 229 261 | 178 266 | 136 141 | 178 229 | 201 228 | 145 178 | 266 268 | 177 178 | 123 136 | 268 274 | 299 305 | 266 267 | 119 123 | 119 123 | 178 229 | 182 261 | 123 136 | 145 178 | 122 208 | 268 273 | 119 120 | 266 268 | 140 220 | 305 311 | 121 123 | 119 120 | 178 264 | 266 268 | 120 124 | 266 268 | 122 123 | 266 268 | 178 261 | 303 305 | 181 182 | 182 261 | 264 267 | 140 143 | 266 268 | 143 145 | 119 120 | 178 181 | 179 182 | 303 305 | 178 184 | 271 272 | 262 266 | 123 136 | 119 123 | 228 262 | 

M = 401 419 
290 444 | 290 444 | 339 341 | 324 326 | 336 403 | 344 345 | 377 379 | 377 379 | 283 286 | 316 319 | 330 336 | 281 290 | 366 388 | 362 366 | 336 408 | 410 411 | 283 284 | 339 403 | 400 419 | 312 319 | 283 284 | 283 286 | 341 376 | 336 405 | 400 419 | 409 410 | 318 322 | 377 379 | 341 377 | 344 345 | 331 336 | 336 403 | 400 401 | 334 336 | 336 339 | 

M = 165 249 
205 206 | 203 206 | 165 248 | 191 219 | 164 249 | 164 165 | 248 249 | 164 165 | 164 167 | 165 194 | 248 251 | 164 165 | 165 168 | 134 136 | 126 206 | 139 218 | 134 136 | 130 219 | 164 165 | 163 164 | 158 159 | 240 248 | 165 248 | 127 197 | 196 241 | 126 206 | 241 248 | 246 248 | 190 194 | 164 165 | 165 194 | 205 206 | 157 251 | 249 251 | 157 165 | 158 250 | 204 237 | 165 248 | 165 194 | 193 219 | 194 196 | 248 250 | 164 165 | 235 251 | 140 217 | 164 165 | 159 161 | 217 219 | 123 126 | 164 165 | 248 251 | 193 241 | 193 219 | 164 165 | 249 251 | 190 217 | 164 249 | 159 251 | 127 130 | 158 251 | 162 164 | 123 127 | 158 251 | 158 251 | 250 251 | 130 194 | 130 193 | 

FREQUENCIES
165: 19
178: 14
164: 14
123: 12
251: 11
268: 10
248: 10
266: 9
136: 8
336: 8
119: 7
249: 7
261: 7
194: 6
219: 5
182: 5
158: 5
206: 5
130: 4
283: 4
120: 4
122: 4
419: 4
377: 4
193: 4
303: 4
305: 4
229: 4
145: 4
140: 4
217: 3
403: 3
341: 3
401: 3
400: 3
262: 3
267: 3
126: 3
127: 3
379: 3
141: 3
241: 3
290: 3
339: 3
259: 3
250: 3
181: 3
159: 3
264: 2
134: 2
344: 2
345: 2
284: 2
286: 2
410: 2
299: 2
319: 2
196: 2
273: 2
143: 2
366: 2
444: 2
190: 2
228: 2
157: 2
205: 2
218: 1
139: 1
405: 1
281: 1
220: 1
409: 1
411: 1
376: 1
318: 1
197: 1
191: 1
316: 1
271: 1
272: 1
274: 1
278: 1
362: 1
246: 1
240: 1
388: 1
334: 1
331: 1
330: 1
179: 1
177: 1
184: 1
312: 1
311: 1
168: 1
167: 1
161: 1
162: 1
163: 1
408: 1
235: 1
237: 1
232: 1
322: 1
326: 1
324: 1
201: 1
203: 1
204: 1
208: 1
121: 1
124: 1
