D102m2.txt,0, | 206 237 | 123 139 | 267 274 | ,Score: 0

D106m3.txt,0, | 388 412 | 290 444 | ,Score: 0

D107m0.txt,0, | 266 271 | 201 251 | 123 127 | ,Score: 0

D110m2.txt,0, | 165 248 | 168 191 | 164 249 | ,Score: 0

D202m2.txt,0, | 401 419 | 324 327 | 331 335 | ,Score: 0

D203m5.txt,0, | 140 142 | 344 347 | 194 219 | ,Score: 0

D204m0.txt,0, | ,Score: 0

D206mR.txt,0, | ,Score: 0

D210m8.txt,0, | 157 249 | 122 135 | 401 419 | ,Score: 0

D214m3.txt,0, | 164 165 | 165 167 | 167 190 | ,Score: 0

D215m7.txt,0, | 126 206 | 122 143 | 178 182 | ,Score: 0

D216m1.txt,0, | 163 249 | 157 164 | 164 168 | ,Score: 0

D217m3.txt,0, | 178 266 | 282 288 | 178 262 | ,Score: 0

D218m7.txt,0, | 127 135 | 124 126 | 178 261 | ,Score: 0

D221m4.txt,0, | 123 139 | 140 219 | 191 196 | ,Score: 0

D222m6.txt,0, | 278 306 | 259 261 | 274 301 | ,Score: 0

D228m5.txt,0, | 130 219 | 157 165 | 163 250 | ,Score: 0

D229m1.txt,0, | 157 251 | 169 240 | 165 249 | ,Score: 0

D231m7.txt,0, | 179 261 | 262 267 | 178 262 | ,Score: 0

D239m5.txt,0, | 259 261 | 179 261 | 119 121 | ,Score: 0

D301m9.txt,0, | ,Score: 0

D302m1.txt,0, | ,Score: 0

D304m4.txt,0, | 255 259 | 267 274 | 120 122 | ,Score: 0

D305m1.txt,0, | 281 290 | 366 388 | 362 366 | ,Score: 0

D306m2.txt,0, | 123 208 | 130 135 | 262 267 | ,Score: 0

D307m2.txt,0, | ,Score: 0

D308m5.txt,0, | 274 302 | 124 135 | 239 251 | ,Score: 0

D310m9.txt,0, | 123 127 | 123 139 | 400 419 | ,Score: 0

D311m8.txt,0, | 267 272 | 299 314 | 278 299 | ,Score: 0

D312m9.txt,0, | 190 194 | 162 164 | 165 194 | ,Score: 0

D313m5.txt,0, | 178 267 | 411 415 | 120 123 | ,Score: 0

D314m8.txt,0, | 120 123 | 150 178 | 258 261 | ,Score: 0

D315m6.txt,0, | 178 267 | 203 232 | 127 197 | ,Score: 0

D317m4.txt,0, | 178 266 | 331 401 | 122 208 | ,Score: 0

D318m3.txt,0, | ,Score: 0

D319m6.txt,0, | 400 419 | 273 279 | 178 266 | ,Score: 0

D320m3.txt,0, | 158 250 | 249 250 | 157 164 | ,Score: 0

D321m1.txt,0, | 312 316 | 201 251 | 286 428 | ,Score: 0

D322m0.txt,0, | 206 237 | 278 300 | 140 220 | ,Score: 0

D323m1.txt,0, | 165 248 | 165 194 | 194 219 | ,Score: 0

D324m6.txt,0, | 193 196 | 249 250 | 165 249 | ,Score: 0

D325m0.txt,0, | 126 197 | 299 305 | 123 136 | ,Score: 0

D326m0.txt,0, | 182 262 | 400 419 | 401 419 | ,Score: 0

D327m7.txt,0, | 341 405 | 178 264 | 337 405 | ,Score: 0

D328m3.txt,0, | 337 408 | 388 409 | 408 410 | ,Score: 0

D330m1.txt,0, | 201 251 | 141 144 | 120 124 | ,Score: 0

D331m0.txt,0, | 165 194 | 161 164 | 194 219 | ,Score: 0

D332m4.txt,0, | 296 301 | 229 262 | 122 137 | ,Score: 0

D333m4.txt,0, | 376 379 | 124 135 | 262 267 | ,Score: 0

D403m6.txt,0, | 341 406 | 169 191 | 164 169 | ,Score: 0

D407m5.txt,0, | 181 262 | 336 403 | 330 336 | ,Score: 0

D408m8.txt,0, | 178 267 | 177 262 | 177 182 | ,Score: 0

D409m5.txt,0, | 178 267 | 396 403 | 401 419 | ,Score: 0

D410mR.txt,0, | 193 241 | 193 219 | 165 194 | ,Score: 0

D413m2.txt,0, | 158 250 | 165 190 | 164 249 | ,Score: 0

D414m2.txt,0, | 159 251 | 262 267 | 143 177 | ,Score: 0

D421m7.txt,0, | 201 208 | 130 197 | 158 251 | ,Score: 0

D428m7.txt,0, | 327 400 | 177 261 | 143 145 | ,Score: 0

D430mR.txt,0, | ,Score: 0

D431m9.txt,0, | ,Score: 0

D438m9.txt,0, | 179 181 | 177 181 | 179 182 | ,Score: 0

D450m5.txt,0, | 123 127 | 201 251 | 299 305 | ,Score: 0

D453m0.txt,0, | 141 142 | 158 251 | 270 272 | ,Score: 0

D459m2.txt,0, | 165 248 | 130 194 | 130 193 | ,Score: 0

D462m1.txt,0, | 329 335 | 262 266 | 336 403 | ,Score: 0

D464m0.txt,0, | 122 141 | 119 123 | 228 262 | ,Score: 0

