M = 400 403 
290 444 | 290 444 | 339 341 | 324 326 | 336 403 | 345 370 | 345 375 | 319 326 | 357 358 | 401 403 | 401 428 | 283 286 | 316 319 | 330 336 | 281 290 | 366 388 | 362 366 | 336 408 | 451 454 | 337 408 | 283 284 | 336 339 | 400 401 | 400 419 | 312 319 | 330 401 | 400 401 | 341 376 | 400 419 | 410 411 | 318 322 | 339 341 | 344 345 | 336 403 | 336 403 | 419 421 | 400 401 | 334 336 | 336 339 | 

M = 178 267 
122 141 | 299 303 | 205 235 | 122 123 | 229 259 | 145 268 | 124 226 | 262 266 | 259 261 | 145 178 | 303 309 | 299 303 | 178 181 | 229 261 | 178 266 | 229 261 | 266 268 | 303 305 | 266 268 | 268 274 | 296 299 | 266 267 | 178 261 | 203 205 | 182 261 | 177 182 | 178 266 | 268 274 | 305 311 | 121 123 | 266 272 | 264 267 | 266 268 | 266 268 | 178 266 | 266 268 | 178 261 | 181 182 | 303 305 | 182 261 | 264 267 | 266 268 | 143 145 | 178 179 | 122 208 | 179 181 | 303 305 | 271 272 | 178 184 | 262 266 | 228 262 | 

M = 165 191 
237 251 | 165 248 | 191 219 | 140 219 | 136 141 | 194 219 | 164 165 | 165 194 | 248 251 | 165 249 | 164 165 | 134 136 | 139 218 | 197 250 | 134 136 | 159 251 | 163 164 | 130 219 | 165 248 | 240 248 | 158 159 | 136 141 | 165 168 | 139 217 | 196 237 | 124 127 | 127 134 | 246 248 | 190 194 | 164 165 | 165 194 | 123 136 | 123 136 | 134 140 | 157 251 | 157 165 | 165 249 | 134 136 | 158 251 | 204 237 | 193 219 | 165 248 | 194 219 | 194 196 | 165 194 | 164 165 | 165 249 | 127 208 | 127 197 | 235 251 | 125 127 | 164 165 | 159 161 | 217 219 | 137 142 | 123 127 | 140 217 | 164 165 | 248 251 | 193 241 | 193 219 | 164 165 | 249 251 | 164 165 | 190 217 | 140 143 | 159 251 | 158 251 | 127 130 | 162 164 | 123 127 | 158 251 | 158 251 | 250 251 | 130 194 | 165 194 | 123 136 | 136 141 | 

FREQUENCIES
165: 21
266: 13
251: 13
178: 12
164: 10
136: 9
268: 9
194: 9
219: 8
127: 8
336: 8
123: 7
248: 7
261: 7
401: 6
400: 6
267: 6
303: 6
134: 5
403: 5
158: 5
217: 4
305: 4
249: 4
339: 4
182: 4
159: 4
140: 4
141: 4
130: 3
345: 3
341: 3
262: 3
122: 3
299: 3
419: 3
290: 3
319: 3
193: 3
181: 3
229: 3
237: 3
145: 3
264: 2
139: 2
283: 2
197: 2
196: 2
191: 2
272: 2
274: 2
143: 2
366: 2
444: 2
330: 2
259: 2
179: 2
250: 2
190: 2
408: 2
157: 2
235: 2
326: 2
205: 2
208: 2
124: 2
218: 1
137: 1
344: 1
281: 1
284: 1
286: 1
410: 1
411: 1
296: 1
370: 1
375: 1
376: 1
318: 1
316: 1
271: 1
142: 1
428: 1
362: 1
309: 1
246: 1
241: 1
240: 1
388: 1
451: 1
337: 1
454: 1
177: 1
184: 1
312: 1
311: 1
168: 1
228: 1
226: 1
161: 1
162: 1
163: 1
322: 1
324: 1
203: 1
204: 1
334: 1
125: 1
121: 1
357: 1
421: 1
358: 1
