D102m2.txt,0, | 123 139 | 267 274 | 235 237 | ,Score: 0

D106m3.txt,0, | 388 412 | 290 444 | ,Score: 0

D107m0.txt,0, | 266 271 | 201 251 | 123 127 | ,Score: 0

D110m2.txt,0, | 165 248 | 168 191 | 165 191 | ,Score: 0

D202m2.txt,0, | 400 419 | 327 402 | 335 403 | ,Score: 0

D203m5.txt,0, | 190 217 | 345 347 | 345 375 | ,Score: 0

D204m0.txt,0, | ,Score: 0

D206mR.txt,0, | ,Score: 0

D210m8.txt,0, | 401 418 | 319 326 | 122 124 | ,Score: 0

D214m3.txt,0, | 190 194 | 165 167 | 165 190 | ,Score: 0

D215m7.txt,0, | 235 251 | 178 182 | 123 208 | ,Score: 0

D216m1.txt,0, | 163 249 | 157 164 | 357 358 | ,Score: 0

D217m3.txt,0, | 403 419 | 282 313 | 330 401 | ,Score: 0

D218m7.txt,0, | 229 262 | 127 135 | 145 268 | ,Score: 0

D221m4.txt,0, | 130 219 | 248 251 | 165 248 | ,Score: 0

D222m6.txt,0, | 275 306 | 300 306 | 274 301 | ,Score: 0

D228m5.txt,0, | 157 159 | 163 250 | 165 194 | ,Score: 0

D229m1.txt,0, | 165 248 | 240 249 | 158 163 | ,Score: 0

D231m7.txt,0, | 179 262 | 229 262 | 262 267 | ,Score: 0

D239m5.txt,0, | 178 181 | 259 261 | 179 261 | ,Score: 0

D301m9.txt,0, | ,Score: 0

D302m1.txt,0, | ,Score: 0

D304m4.txt,0, | 336 339 | 168 171 | 262 267 | ,Score: 0

D305m1.txt,0, | 281 290 | 366 388 | 362 366 | ,Score: 0

D306m2.txt,0, | 123 139 | 196 237 | 262 267 | ,Score: 0

D307m2.txt,0, | ,Score: 0

D308m5.txt,0, | 299 303 | 196 249 | 267 272 | ,Score: 0

D310m9.txt,0, | 337 408 | 130 134 | 123 139 | ,Score: 0

D311m8.txt,0, | 267 272 | 281 296 | 274 303 | ,Score: 0

D312m9.txt,0, | 190 194 | 162 164 | 165 194 | ,Score: 0

D313m5.txt,0, | 178 267 | 411 415 | 337 415 | ,Score: 0

D314m8.txt,0, | 178 266 | 123 136 | 258 261 | ,Score: 0

D315m6.txt,0, | 203 233 | 232 261 | 127 197 | ,Score: 0

D317m4.txt,0, | 145 178 | 336 403 | 324 401 | ,Score: 0

D318m3.txt,0, | ,Score: 0

D319m6.txt,0, | 283 286 | 178 266 | 179 182 | ,Score: 0

D320m3.txt,0, | 158 250 | 157 164 | 164 249 | ,Score: 0

D321m1.txt,0, | 156 237 | 233 257 | 156 158 | ,Score: 0

D322m0.txt,0, | 330 401 | 274 301 | 239 251 | ,Score: 0

D323m1.txt,0, | 193 219 | 165 194 | 194 219 | ,Score: 0

D324m6.txt,0, | 193 196 | 196 249 | 165 249 | ,Score: 0

D325m0.txt,0, | 299 305 | 197 249 | 123 136 | ,Score: 0

D326m0.txt,0, | 228 262 | 400 419 | 177 267 | ,Score: 0

D327m7.txt,0, | 264 267 | 337 341 | 178 264 | ,Score: 0

D328m3.txt,0, | 337 408 | 408 412 | 262 267 | ,Score: 0

D330m1.txt,0, | 201 251 | 237 251 | 141 144 | ,Score: 0

D331m0.txt,0, | 165 194 | 161 164 | 194 219 | ,Score: 0

D332m4.txt,0, | 296 301 | 229 262 | 122 137 | ,Score: 0

D333m4.txt,0, | 123 132 | 135 141 | 262 267 | ,Score: 0

D403m6.txt,0, | 163 168 | 341 406 | 169 191 | ,Score: 0

D407m5.txt,0, | 262 266 | 335 339 | 335 403 | ,Score: 0

D408m8.txt,0, | 178 181 | 248 250 | 177 267 | ,Score: 0

D409m5.txt,0, | 178 267 | 396 403 | 421 426 | ,Score: 0

D410mR.txt,0, | 193 241 | 193 219 | 165 194 | ,Score: 0

D413m2.txt,0, | 158 250 | 164 249 | 167 190 | ,Score: 0

D414m2.txt,0, | 177 262 | 229 262 | 267 274 | ,Score: 0

D421m7.txt,0, | 201 251 | 124 127 | 196 248 | ,Score: 0

D428m7.txt,0, | 327 400 | 177 261 | 143 145 | ,Score: 0

D430mR.txt,0, | ,Score: 0

D431m9.txt,0, | ,Score: 0

D438m9.txt,0, | 178 179 | 177 182 | 179 182 | ,Score: 0

D450m5.txt,0, | 123 127 | 201 251 | 299 305 | ,Score: 0

D453m0.txt,0, | 270 271 | 141 142 | 158 251 | ,Score: 0

D459m2.txt,0, | 165 248 | 130 194 | 165 194 | ,Score: 0

D462m1.txt,0, | 329 335 | 262 266 | 335 339 | ,Score: 0

D464m0.txt,0, | 123 208 | 141 144 | 228 262 | ,Score: 0

