146 265 268 
146 178 265 
201 205 206 
201 206 235 
205 206 235 
121 122 123 
121 122 124 
121 123 124 
126 127 197 
123 126 127 
126 127 196 
124 126 127 
126 127 130 
127 196 197 
127 130 197 
123 124 127 
123 127 135 
127 130 196 
124 127 135 
127 130 135 
293 297 300 
292 293 297 
293 297 299 
297 299 300 
297 300 311 
297 300 302 
292 297 299 
292 297 311 
297 299 311 
297 299 302 
297 302 311 
126 196 197 
126 130 197 
123 124 126 
126 130 196 
299 303 305 
299 305 311 
299 305 308 
299 302 305 
303 305 308 
302 303 305 
305 308 311 
302 305 311 
302 305 308 
196 197 248 
130 196 197 
293 299 300 
292 293 299 
299 300 303 
299 300 311 
299 300 308 
299 300 302 
300 303 308 
300 302 303 
300 308 311 
300 302 311 
300 302 308 
201 205 235 
201 235 251 
122 123 124 
122 123 135 
122 124 135 
123 135 136 
135 136 140 
436 438 439 
436 438 440 
436 438 442 
438 439 440 
438 439 442 
438 440 442 
123 124 135 
292 299 311 
196 245 248 
196 242 248 
196 244 245 
196 242 245 
196 242 244 
436 439 440 
436 439 442 
436 440 442 
439 440 442 
242 245 248 
440 442 443 
299 303 308 
299 302 303 
299 308 311 
299 302 311 
299 302 308 
302 303 308 
242 244 245 
302 308 311 
341 377 379 
341 377 378 
341 378 379 
377 378 379 
