164mILE: 00,01,07,11,13,14,18,22,23,25,27,28|12|6.4487
165mASP: 00,01,07,11,13,14,18,22,23,25,26,27|12|13.1523
164mASP: 00,01,07,11,13,14,18,22,23,25,27,28|12|14.9897
164mGLU: 00,01,07,11,13,14,18,22,23,25,27,28|12|15.1029
165mLYS: 00,01,07,11,13,14,18,22,23,25,26,27|12|14.8868
165mTHR: 00,01,07,11,13,14,18,22,23,25,26,27|12|10.629
165mGLU: 00,01,07,11,13,14,18,22,23,25,26,27|12|12.285
164mCYS: 00,01,07,11,13,14,18,22,23,25,27,28|12|18.8848
165mASN: 00,01,07,11,13,14,18,22,23,25,26,27|12|7.9582
242mALA: 00,01,07,09,11,13,14,22,23,25,26,27|12|11.2994
165mHIS: 00,01,07,11,13,14,18,22,23,25,26,27|12|8.166
165mSER: 00,01,07,11,13,14,18,22,23,25,26,27|12|7.9585
242mVAL: 00,01,07,09,11,13,14,22,23,25,26,27|12|4.9343
164mLEU: 00,01,07,11,13,14,18,22,23,25,27,28|12|3.3148
165mGLY: 00,01,07,11,13,14,18,22,23,25,26,27|12|11.2549
242mILE: 00,01,07,09,11,13,14,22,23,25,26,27|12|7.6788
164mTHR: 00,01,07,11,13,14,18,22,23,25,27,28|12|13.7698
164mGLY: 00,01,07,11,13,14,18,22,23,25,27,28|12|12.6897
164mALA: 00,01,07,11,13,14,18,22,23,25,27,28|12|12.7002
165mALA: 00,01,07,11,13,14,18,22,23,25,26,27|12|13.4242
194mTHR: 00,01,07,09,11,13,14,19,22,23,26|11|8.7578
194mHIS: 00,01,07,09,11,13,14,19,22,23,26|11|5.2202
194mILE: 00,01,07,09,11,13,14,19,22,23,26|11|4.3702
194mSER: 00,01,07,09,11,13,14,19,22,23,26|11|6.0375
194mGLU: 00,01,07,09,11,13,14,19,22,23,26|11|8.7206
194mGLN: 00,01,07,09,11,13,14,19,22,23,26|11|4.5551
194mLYS: 00,01,07,09,11,13,14,19,22,23,26|11|9.0816
194mGLY: 00,01,07,09,11,13,14,19,22,23,26|11|7.1869
194mALA: 00,01,07,09,11,13,14,19,22,23,26|11|6.8639
190mGLU: 00,07,09,13,14,22,23,26,27,28|10|3.3173
190mGLY: 00,07,09,13,14,22,23,26,27,28|10|2.7939
193mGLU: 01,07,11,13,14,19,23,28|8|2.2399
193mASN: 01,07,11,13,14,19,23,28|8|1.9618
193mGLY: 01,07,11,13,14,19,23,28|8|1.5367
244mLYS: 01,07,11,13,19,22,26|7|2.1642
440mLYS: 02,03,09,20,27,28|6|3.9714
440mLEU: 02,03,09,20,27,28|6|2.1904
218mGLU: 01,07,14,23,27,28|6|3.1456
439mSER: 02,03,09,20,28,29|6|0.991
440mSER: 02,03,09,20,27,28|6|3.0876
440mMET: 02,03,09,20,27,28|6|1.742
440mTHR: 02,03,09,20,27,28|6|3.611
441mALA: 03,09,20,27,28,29|6|2.2985
441mLYS: 03,09,20,27,28,29|6|2.5702
440mALA: 02,03,09,20,27,28|6|4.2842
440mILE: 02,03,09,20,27,28|6|2.4816
440mGLY: 02,03,09,20,27,28|6|3.2466
440mHIS: 02,03,09,20,27,28|6|3.1642
440mGLN: 02,03,09,20,27,28|6|1.9764
440mASN: 02,03,09,20,27,28|6|2.5928
421mTHR: 05,10,17,21,24|5|3.6108
421mLYS: 05,10,17,21,24|5|4.1076
362mASP: 09,11,22,27,28|5|1.664
249mARG: 11,18,23,25|4|1.1086
335mGLN: 04,10,21,29|4|0.6981
335mTHR: 04,10,21,29|4|1.2291
335mASN: 04,10,21,29|4|1.3429
293mHIS: 02,03,09,27|4|2.1964
293mGLN: 02,03,09,27|4|1.6503
249mILE: 11,18,23,25|4|1.3792
293mGLY: 02,03,09,27|4|3.8909
377mTHR: 04,10,21,24|4|1.185
249mVAL: 11,18,23,25|4|2.5357
443mASN: 02,09,27,28|4|0.315
249mHIS: 11,18,23,25|4|2.42
335mHIS: 04,10,21,29|4|1.501
249mLYS: 11,18,23,25|4|3.2083
443mGLU: 02,09,27,28|4|1.0872
438mASP: 02,03,20,28|4|1.0795
319mSER: 03,10,20,21|4|1.4247
400mPRO: 04,10,21,24|4|1.9055
335mTRP: 04,10,21,29|4|0.4864
319mTHR: 03,10,20,21|4|1.0699
245mCYS: 01,22,25,26|4|3.7482
179mCYS: 06,08,12,15|4|9.574
438mGLY: 02,03,20,28|4|1.258
293mGLU: 02,03,09,27|4|5.3093
400mGLY: 04,10,21,24|4|1.0713
179mALA: 06,08,12,15|4|2.206
249mASN: 11,18,23,25|4|1.7405
400mASP: 04,10,21,24|4|2.4403
293mASP: 02,03,09,27|4|5.6734
163mGLU: 07,11,14,25|4|0.5499
249mTHR: 11,18,23,25|4|2.004
443mGLY: 02,09,27,28|4|0.7681
249mSER: 11,18,23,25|4|1.2192
400mTHR: 04,10,21,24|4|2.8523
400mCYS: 04,10,21,24|4|5.9431
438mSER: 02,03,20,28|4|1.2867
293mTHR: 02,03,09,27|4|4.3177
443mHIS: 02,09,27,28|4|1.172
293mLYS: 02,03,09,27|4|5.5365
400mGLU: 04,10,21,24|4|2.3984
293mSER: 02,03,09,27|4|2.6076
399mASP: 04,10,17,24|4|1.5833
293mASN: 02,03,09,27|4|4.0469
249mASP: 11,18,23,25|4|3.2701
162mLYS: 11,13,14,18|4|0.7399
335mSER: 04,10,21,29|4|0.9907
400mASN: 04,10,21,24|4|1.5728
162mGLU: 11,13,14,18|4|0.8506
180mTHR: 06,08,12,15|4|0.8989
249mGLY: 11,18,23,25|4|2.3084
399mGLU: 04,10,17,24|4|1.1028
335mGLU: 04,10,21,29|4|0.9108
179mLYS: 06,08,12,15|4|2.7107
358mGLU: 00,11,14,27|4|0.8846
163mHIS: 07,11,14,25|4|1.0118
319mGLU: 03,10,20,21|4|1.3099
400mLYS: 04,10,21,24|4|4.3836
249mALA: 11,18,23,25|4|2.9236
438mLYS: 02,03,20,28|4|0.9142
163mGLY: 07,11,14,25|4|0.4262
162mGLY: 11,13,14,18|4|0.5954
319mASN: 03,10,20,21|4|1.1396
443mTHR: 02,09,27,28|4|0.58
335mMET: 04,10,21,29|4|0.9207
249mGLN: 11,18,23,25|4|1.3153
163mTHR: 07,11,14,25|4|0.2862
249mGLU: 11,18,23,25|4|2.9853
438mALA: 02,03,20,28|4|2.0181
335mGLY: 04,10,21,29|4|1.2799
299mCYS: 02,03,20|3|3.0837
289mALA: 02,03,09|3|0.9186
401mGLN: 04,10,21|3|0.3635
401mTHR: 04,10,21|3|1.0024
120mTHR: 06,08,15|3|0.9707
419mASP: 10,21,24|3|1.5028
220mALA: 23,27,28|3|0.6085
296mGLU: 02,03,20|3|0.9706
220mHIS: 23,27,28|3|1.4615
120mCYS: 06,08,15|3|3.1885
181mASN: 06,12,15|3|0.6169
220mSER: 23,27,28|3|1.0013
220mILE: 23,27,28|3|0.1985
261mPRO: 06,12,17|3|1.1717
144mGLY: 06,08,15|3|0.4381
181mLYS: 06,12,15|3|3.7393
181mPRO: 06,12,15|3|1.4682
401mGLY: 04,10,21|3|0.8189
419mCYS: 10,21,24|3|3.7429
403mLYS: 04,10,21|3|1.8226
296mTHR: 02,03,20|3|0.7945
220mVAL: 23,27,28|3|0.375
299mALA: 02,03,20|3|2.5742
266mASP: 06,12,16|3|1.2301
290mPRO: 02,09,28|3|0.8262
290mGLY: 02,09,28|3|1.0786
146mGLY: 06,08,15|3|1.3778
403mILE: 04,10,21|3|0.7442
290mTHR: 02,09,28|3|0.684
401mASP: 04,10,21|3|0.5381
146mLYS: 06,08,15|3|1.5499
401mASN: 04,10,21|3|0.8746
220mTHR: 23,27,28|3|0.8153
299mGLY: 02,03,20|3|2.1947
181mTHR: 06,12,15|3|2.127
403mCYS: 04,10,21|3|4.1888
324mHIS: 04,10,21|3|0.4595
299mASP: 02,03,20|3|2.39
281mTHR: 02,27,28|3|0.5174
181mASP: 06,12,15|3|2.3412
261mALA: 06,12,17|3|2.254
181mGLU: 06,12,15|3|2.2588
296mLYS: 02,03,20|3|2.4025
220mGLN: 23,27,28|3|0.7069
266mSER: 06,12,16|3|1.2208
220mGLY: 23,27,28|3|0.9466
261mGLY: 06,12,17|3|2.0568
266mGLU: 06,12,16|3|1.8646
220mTRP: 23,27,28|3|0.565
261mCYS: 06,12,17|3|2.1825
403mGLU: 04,10,21|3|1.11
324mGLY: 04,10,21|3|0.4554
220mMET: 23,27,28|3|1.2322
181mALA: 06,12,15|3|3.7675
285mGLY: 09,16,28|3|0.9262
181mCYS: 06,12,15|3|9.3519
120mLYS: 06,08,15|3|2.2902
285mASP: 09,16,28|3|1.8616
220mLEU: 23,27,28|3|0.5769
261mASP: 06,12,17|3|2.2251
290mASP: 02,09,28|3|2.0936
299mGLU: 02,03,20|3|1.5467
220mASP: 23,27,28|3|0.6522
401mGLU: 04,10,21|3|0.9243
261mLEU: 06,12,17|3|0.5521
324mTHR: 04,10,21|3|0.6389
324mASN: 04,10,21|3|0.5111
322mGLU: 03,20,29|3|1.118
261mTRP: 06,12,17|3|0.659
146mGLU: 06,08,15|3|1.2928
181mGLY: 06,12,15|3|1.1377
119mTHR: 06,08,15|3|1.769
266mTHR: 06,12,16|3|1.1772
181mVAL: 06,12,15|3|1.6441
220mPHE: 23,27,28|3|0.3128
285mGLU: 09,16,28|3|0.7639
146mSER: 06,08,15|3|0.4809
261mGLU: 06,12,17|3|2.6917
403mTHR: 04,10,21|3|0.7635
220mASN: 23,27,28|3|0.6671
322mLYS: 03,20,29|3|1.6074
181mILE: 06,12,15|3|1.2601
261mGLN: 06,12,17|3|1.0168
261mSER: 06,12,17|3|1.9199
261mTHR: 06,12,17|3|2.4139
285mCYS: 09,16,28|3|1.0464
289mLYS: 02,03,09|3|0.819
299mLYS: 02,03,20|3|1.8333
220mARG: 23,27,28|3|0.1631
290mVAL: 02,09,28|3|0.7814
401mLYS: 04,10,21|3|1.0406
220mLYS: 23,27,28|3|0.4316
261mILE: 06,12,17|3|1.7123
419mTHR: 10,21,24|3|0.7353
289mCYS: 02,03,09|3|7.1136
281mLYS: 02,27,28|3|0.8864
120mGLU: 06,08,15|3|0.8692
285mLYS: 09,16,28|3|0.5181
296mCYS: 02,03,20|3|3.1884
266mGLY: 06,12,16|3|0.8105
361mGLY: 09,27,28|3|0.5536
290mLYS: 02,09,28|3|1.5
290mHIS: 02,09,28|3|0.6858
403mGLY: 04,10,21|3|1.1813
119mGLU: 06,08,15|3|2.7087
324mGLU: 04,10,21|3|0.5608
146mASP: 06,08,15|3|2.2174
261mLYS: 06,12,17|3|2.7206
266mHIS: 06,12,16|3|1.6598
401mILE: 04,10,21|3|0.2786
220mGLU: 23,27,28|3|0.897
419mLYS: 10,21,24|3|1.8537
290mGLU: 02,09,28|3|1.5934
403mASP: 04,10,21|3|1.2521
419mGLU: 10,21,24|3|1.5405
299mSER: 02,03,20|3|1.5309
290mCYS: 02,09,28|3|3.2724
289mVAL: 02,03,09|3|0.0516
289mASP: 02,03,09|3|0.438
259mPHE: 12,17|2|0.3559
259mASP: 12,17|2|1.5024
263mASN: 12,17|2|1.0722
258mASN: 12,17|2|0.2525
226mARG: 06,15|2|0.3366
123mLYS: 08,19|2|0.5319
259mGLY: 12,17|2|2.0203
142mVAL: 06,08|2|0.5175
178mVAL: 06,12|2|0.4612
259mASN: 12,17|2|0.8169
172mTHR: 23,27|2|0.3184
136mLYS: 08,19|2|2.4613
258mTHR: 12,17|2|0.3443
444mARG: 09,28|2|0.7749
184mALA: 06,15|2|0.4593
259mALA: 12,17|2|2.0573
444mGLU: 09,28|2|1.6308
301mGLY: 02,27|2|0.3152
418mCYS: 21,24|2|3.0186
123mGLN: 08,19|2|0.9396
396mLYS: 10,24|2|1.3012
329mTHR: 03,29|2|1.4975
178mLYS: 06,12|2|0.5945
420mVAL: 05,24|2|0.937
291mALA: 10,16|2|0.9862
268mGLU: 08,16|2|0.4628
420mILE: 05,24|2|0.924
184mVAL: 06,15|2|0.0258
259mSER: 12,17|2|1.8256
172mGLN: 23,27|2|0.2718
123mGLU: 08,19|2|0.9513
444mHIS: 09,28|2|1.2461
262mGLU: 06,12|2|0.5247
142mALA: 06,08|2|0.6688
226mASN: 06,15|2|0.6988
226mTHR: 06,15|2|1.1426
444mILE: 09,28|2|0.9347
291mILE: 10,16|2|0.2691
172mGLY: 23,27|2|0.4804
142mSER: 06,08|2|1.0586
325mGLU: 03,29|2|0.8785
311mGLY: 02,20|2|0.3706
423mCYS: 05,21|2|0.2933
418mGLY: 21,24|2|0.3008
226mLYS: 06,15|2|2.1362
246mVAL: 22,26|2|0.0172
291mLEU: 10,16|2|0.1472
229mCYS: 06,12|2|1.0551
157mSER: 11,18|2|0.214
268mASN: 08,16|2|0.472
420mGLN: 05,24|2|0.5708
292mGLU: 02,03|2|1.2018
246mCYS: 22,26|2|2.3712
292mASP: 02,03|2|0.6706
272mCYS: 16,17|2|3.6325
418mPRO: 21,24|2|0.4992
312mASP: 16,17|2|0.7374
423mASP: 05,21|2|0.8613
157mASN: 11,18|2|0.2628
167mHIS: 13,22|2|0.4708
420mALA: 05,24|2|1.4399
123mTRP: 08,19|2|0.8226
325mALA: 03,29|2|0.5722
258mGLY: 12,17|2|1.1181
279mASP: 16,17|2|1.728
167mTHR: 13,22|2|0.3724
279mPRO: 16,17|2|1.1396
396mPHE: 10,24|2|0.3808
167mASN: 13,22|2|0.5737
147mLYS: 06,08|2|0.6944
444mPRO: 09,28|2|1.1624
308mGLY: 16,17|2|0.435
279mPHE: 16,17|2|0.1412
418mASP: 21,24|2|0.7934
312mALA: 16,17|2|0.5545
259mARG: 12,17|2|0.4543
167mGLU: 13,22|2|0.6257
258mGLU: 12,17|2|0.2705
444mGLN: 09,28|2|0.6307
136mGLU: 08,19|2|2.068
396mPRO: 10,24|2|0.88
396mGLN: 10,24|2|0.3086
246mALA: 22,26|2|0.3062
172mHIS: 23,27|2|0.6722
397mLYS: 21,24|2|0.2558
123mASN: 08,19|2|1.1349
123mTHR: 08,19|2|1.0095
172mMET: 23,27|2|0.5546
396mGLY: 10,24|2|0.6816
167mLYS: 13,22|2|0.3027
226mALA: 06,15|2|1.5767
279mGLU: 16,17|2|1.436
259mLEU: 12,17|2|1.336
123mGLY: 08,19|2|1.2525
325mLYS: 03,29|2|1.2119
418mILE: 21,24|2|0.2664
276mASP: 16,17|2|0.9757
336mGLU: 04,29|2|0.9348
420mASP: 05,24|2|1.539
184mCYS: 06,15|2|3.5568
355mTHR: 09,28|2|0.1819
172mGLU: 23,27|2|0.2796
355mGLY: 09,28|2|0.6301
142mGLU: 06,08|2|0.8949
184mLYS: 06,15|2|0.4095
279mILE: 16,17|2|0.674
418mVAL: 21,24|2|0.6646
226mGLU: 06,15|2|1.4673
208mASP: 06,15|2|0.2025
444mLYS: 09,28|2|1.9781
420mSER: 05,24|2|0.4117
147mGLY: 06,08|2|0.6382
279mALA: 16,17|2|2.0484
184mASP: 06,15|2|0.219
420mTHR: 05,24|2|1.3409
396mARG: 10,24|2|0.4366
279mASN: 16,17|2|0.2432
418mTHR: 21,24|2|0.2834
355mGLU: 09,28|2|0.6071
136mASP: 08,19|2|1.3727
246mASP: 22,26|2|0.146
444mSER: 09,28|2|0.883
136mTHR: 08,19|2|2.3276
226mILE: 06,15|2|0.7172
396mILE: 10,24|2|0.6472
279mHIS: 16,17|2|1.0256
172mASN: 23,27|2|0.402
444mCYS: 09,28|2|3.6137
291mGLU: 10,16|2|0.374
292mALA: 02,03|2|0.786
308mSER: 16,17|2|0.0899
258mHIS: 12,17|2|0.6434
178mCYS: 06,12|2|2.1048
279mARG: 16,17|2|0.2528
375mHIS: 05,24|2|0.2085
418mLYS: 21,24|2|0.9204
355mASP: 09,28|2|1.2764
291mCYS: 10,16|2|2.22
182mCYS: 06,15|2|3.4939
123mTYR: 08,19|2|0.3231
329mGLY: 03,29|2|0.3389
287mLYS: 09,24|2|0.179
226mCYS: 06,15|2|4.8193
167mGLN: 13,22|2|0.3949
444mASN: 09,28|2|1.3683
172mLEU: 23,27|2|0.165
226mHIS: 06,15|2|0.7682
229mGLU: 06,12|2|0.5348
229mLYS: 06,12|2|0.7155
147mCYS: 06,08|2|1.9262
147mPRO: 06,08|2|0.0457
208mCYS: 06,15|2|2.2614
259mMET: 12,17|2|1.2076
246mLYS: 22,26|2|0.273
167mASP: 13,22|2|0.6185
418mHIS: 21,24|2|0.4422
259mHIS: 12,17|2|1.5652
259mTRP: 12,17|2|0.6357
420mASN: 05,24|2|1.0133
355mASN: 09,28|2|0.6023
192mGLU: 14,23|2|0.217
396mSER: 10,24|2|0.2374
444mTHR: 09,28|2|1.4108
418mASN: 21,24|2|0.051
142mLEU: 06,08|2|0.4567
291mASP: 10,16|2|0.7302
291mTHR: 10,16|2|0.2038
178mILE: 06,12|2|0.3459
420mLYS: 05,24|2|2.016
157mTHR: 11,18|2|0.198
397mASP: 21,24|2|0.1288
311mALA: 02,20|2|0.5422
136mASN: 08,19|2|1.6362
279mVAL: 16,17|2|1.4704
292mLYS: 02,03|2|1.4727
279mGLY: 16,17|2|0.7428
262mCYS: 06,12|2|1.7529
272mALA: 16,17|2|0.6729
420mCYS: 05,24|2|3.65
396mVAL: 10,24|2|1.0454
280mCYS: 16,17|2|1.2199
268mGLY: 08,16|2|0.5795
136mSER: 08,19|2|1.2868
340mTHR: 04,21|2|0.2994
396mALA: 10,24|2|1.3344
291mARG: 10,16|2|0.1505
123mSER: 08,19|2|1.1679
287mASN: 09,24|2|0.3076
396mASP: 10,24|2|1.1742
226mGLY: 06,15|2|0.8145
192mASP: 14,23|2|0.3035
418mALA: 21,24|2|0.9536
444mALA: 09,28|2|1.9218
308mGLU: 16,17|2|0.485
420mPRO: 05,24|2|1.3991
420mARG: 05,24|2|0.6487
301mALA: 02,27|2|0.235
301mILE: 02,27|2|0.0799
259mGLN: 12,17|2|1.0253
123mILE: 08,19|2|0.5364
276mCYS: 16,17|2|3.587
420mGLY: 05,24|2|1.0041
444mMET: 09,28|2|0.6091
275mLYS: 16,17|2|0.7161
136mGLY: 08,19|2|1.9019
226mPRO: 06,15|2|1.3087
178mALA: 06,12|2|0.8197
259mGLU: 12,17|2|1.4968
308mLYS: 16,17|2|0.6202
123mVAL: 08,19|2|0.7431
418mGLU: 21,24|2|0.6474
142mHIS: 06,08|2|0.9472
444mGLY: 09,28|2|1.4993
123mMET: 08,19|2|1.3638
172mALA: 23,27|2|0.0528
311mILE: 02,20|2|0.0136
208mLYS: 06,15|2|0.8103
172mVAL: 23,27|2|0.1408
259mILE: 12,17|2|1.1816
420mGLU: 05,24|2|1.4836
272mLYS: 16,17|2|0.7797
226mASP: 06,15|2|1.5957
336mTHR: 04,29|2|1.2319
420mHIS: 05,24|2|0.8871
279mTHR: 16,17|2|0.708
142mILE: 06,08|2|0.4347
397mALA: 21,24|2|0.289
397mCYS: 21,24|2|2.354
336mGLY: 04,29|2|0.6824
396mLEU: 10,24|2|0.3102
259mTHR: 12,17|2|1.1356
226mGLN: 06,15|2|0.1947
396mTHR: 10,24|2|0.6642
444mASP: 09,28|2|1.8655
275mCYS: 16,17|2|3.1047
142mGLY: 06,08|2|1.0933
208mGLU: 06,15|2|0.4769
157mGLU: 11,18|2|0.3388
279mCYS: 16,17|2|6.1784
147mGLU: 06,08|2|0.7724
259mVAL: 12,17|2|1.0956
396mASN: 10,24|2|0.4318
329mASN: 03,29|2|1.1605
312mGLY: 16,17|2|0.9941
167mGLY: 13,22|2|0.642
291mLYS: 10,16|2|0.6624
142mLYS: 06,08|2|0.4446
123mLEU: 08,19|2|0.7794
418mARG: 21,24|2|0.0558
167mVAL: 13,22|2|0.1417
147mASP: 06,08|2|1.4828
291mGLY: 10,16|2|0.408
276mTHR: 16,17|2|0.2187
259mLYS: 12,17|2|1.1253
444mLEU: 09,28|2|0.3405
147mALA: 06,08|2|0.2632
325mASP: 03,29|2|0.6041
123mHIS: 08,19|2|1.5402
172mTRP: 23,27|2|0.1938
123mPHE: 08,19|2|0.3735
276mLYS: 16,17|2|1.5405
263mGLU: 12,17|2|1.0279
396mGLU: 10,24|2|1.0282
336mLYS: 04,29|2|0.7336
172mSER: 23,27|2|0.424
329mGLU: 03,29|2|1.1564
396mCYS: 10,24|2|3.3994
226mVAL: 06,15|2|0.9293
292mCYS: 02,03|2|3.79
123mASP: 08,19|2|0.3984
123mARG: 08,19|2|0.3735
262mLYS: 06,12|2|0.8897
178mGLY: 06,12|2|0.3597
355mLYS: 09,28|2|0.482
258mSER: 12,17|2|0.5552
336mHIS: 04,29|2|0.6484
279mLYS: 16,17|2|1.982
123mALA: 08,19|2|0.6111
263mLYS: 12,17|2|1.1883
287mASP: 09,24|2|0.5982
172mILE: 23,27|2|0.003
396mHIS: 10,24|2|0.823
325mCYS: 03,29|2|2.663
167mSER: 13,22|2|0.4412
444mVAL: 09,28|2|1.3162
282mALA: 10|1|0.096
350mLEU: 05|1|0.4618
334mLYS: 29|1|0.0635
435mMET: 02|1|0.1574
214mILE: 19|1|0.3994
149mLEU: 17|1|0.0599
445mASN: 09|1|0.238
445mTHR: 09|1|0.0785
122mASP: 15|1|0.3062
306mGLY: 17|1|0.1857
321mGLU: 03|1|0.9891
251mILE: 18|1|0.5246
446mTRP: 09|1|0.0071
305mTHR: 16|1|0.5154
204mVAL: 18|1|0.1149
250mASN: 18|1|0.0622
321mTRP: 03|1|0.0152
345mGLY: 05|1|0.1679
409mARG: 29|1|0.1415
317mHIS: 10|1|0.0794
446mLYS: 09|1|0.4765
273mGLY: 17|1|0.7264
195mASN: 01|1|0.4658
150mTRP: 17|1|0.2742
122mALA: 15|1|0.6951
445mLYS: 09|1|0.168
183mGLU: 12|1|0.0741
288mCYS: 10|1|3.0892
195mTYR: 01|1|0.1741
445mSER: 09|1|0.0945
346mTHR: 05|1|2.1675
288mHIS: 10|1|0.5128
405mASP: 04|1|0.2635
341mTHR: 04|1|0.3184
288mPRO: 10|1|0.5698
294mLYS: 28|1|0.1519
304mLYS: 02|1|0.1519
267mCYS: 08|1|0.4879
446mPRO: 09|1|0.2593
282mGLU: 10|1|0.2094
250mTHR: 18|1|0.3688
390mLEU: 29|1|0.127
317mGLY: 10|1|0.0087
452mLYS: 05|1|0.8875
407mMET: 29|1|0.2773
150mARG: 17|1|0.1245
341mHIS: 04|1|0.6722
267mVAL: 08|1|0.4194
294mLEU: 28|1|0.1322
273mASN: 17|1|0.5623
126mASP: 15|1|0.4003
321mASN: 03|1|0.817
267mMET: 08|1|0.3331
373mCYS: 05|1|0.7198
390mGLY: 29|1|0.2847
138mVAL: 08|1|0.0689
435mHIS: 02|1|0.2162
122mARG: 15|1|0.1636
350mGLN: 05|1|0.4602
348mVAL: 05|1|0.2095
195mGLU: 01|1|0.764
321mALA: 03|1|0.7923
450mLYS: 05|1|0.7162
251mASN: 18|1|0.7216
333mGLY: 29|1|0.2468
434mGLU: 29|1|0.2052
405mLYS: 04|1|0.327
304mCYS: 02|1|0.6604
138mHIS: 08|1|0.3346
314mGLY: 20|1|0.2505
321mSER: 03|1|0.3126
124mASN: 15|1|0.0739
409mASP: 29|1|0.6261
138mGLU: 08|1|0.1383
321mLYS: 03|1|1.385
152mSER: 17|1|0.2108
152mLYS: 17|1|0.0301
407mGLU: 29|1|0.1398
150mASN: 17|1|0.3783
404mGLY: 04|1|0.0087
453mARG: 05|1|0.0375
204mGLU: 18|1|0.1843
350mMET: 05|1|0.1516
321mTHR: 03|1|1.0284
257mASN: 17|1|0.1818
204mGLN: 18|1|0.1804
150mPHE: 17|1|0.1245
150mGLY: 17|1|0.4175
435mILE: 02|1|0.3327
306mPRO: 17|1|0.2849
195mSER: 01|1|0.3686
250mPRO: 18|1|0.1615
183mLYS: 12|1|0.2106
304mALA: 02|1|0.4591
152mTHR: 17|1|0.259
313mCYS: 16|1|0.4612
150mTHR: 17|1|0.3365
251mTHR: 18|1|0.933
306mHIS: 17|1|0.2564
273mARG: 17|1|0.3109
435mPRO: 02|1|0.2135
304mASP: 02|1|0.2832
425mCYS: 05|1|0.7258
124mSER: 15|1|0.3271
452mHIS: 05|1|0.0931
390mTRP: 29|1|0.1414
409mTRP: 29|1|0.2105
404mLYS: 04|1|0.3185
288mILE: 10|1|0.337
407mTHR: 29|1|0.1592
152mMET: 17|1|0.2396
267mPRO: 08|1|0.5245
228mASP: 06|1|0.4338
455mILE: 00|1|0.0738
288mTHR: 10|1|0.354
124mGLU: 15|1|0.4411
446mGLY: 09|1|0.3771
257mGLY: 17|1|0.1154
446mMET: 09|1|0.1314
138mASN: 08|1|0.1995
204mILE: 18|1|0.046
348mCYS: 05|1|2.5135
267mTHR: 08|1|0.5613
306mTHR: 17|1|0.177
204mASN: 18|1|0.2455
150mSER: 17|1|0.3893
282mLEU: 10|1|0.1521
305mGLN: 16|1|0.0148
274mCYS: 17|1|1.0491
333mLYS: 29|1|0.9489
350mASP: 05|1|1.3258
409mTYR: 29|1|0.2076
214mGLU: 19|1|0.5899
453mLYS: 05|1|0.1566
160mILE: 18|1|0.0034
407mLEU: 29|1|0.0825
250mLYS: 18|1|0.7635
288mALA: 10|1|1.0242
133mGLY: 19|1|0.0629
390mMET: 29|1|0.3218
282mGLY: 10|1|0.3098
195mPRO: 01|1|0.6899
124mASP: 15|1|0.2572
435mGLN: 02|1|0.2329
122mTHR: 15|1|0.0834
273mPHE: 17|1|0.283
455mARG: 00|1|0.0605
350mTHR: 05|1|0.8158
450mALA: 05|1|0.5928
138mLEU: 08|1|0.081
195mCYS: 01|1|1.9496
267mGLU: 08|1|0.834
350mSER: 05|1|0.389
370mASP: 05|1|0.1471
314mHIS: 20|1|0.1034
195mVAL: 01|1|0.7726
133mPRO: 19|1|0.3587
150mGLU: 17|1|0.3171
282mTHR: 10|1|0.2288
151mCYS: 17|1|0.5748
150mMET: 17|1|0.4546
404mPRO: 04|1|0.1079
343mGLY: 05|1|0.636
294mILE: 28|1|0.0856
214mARG: 19|1|0.2941
434mVAL: 29|1|0.2224
228mGLY: 06|1|0.1726
321mGLY: 03|1|0.6829
346mGLY: 05|1|1.5233
347mCYS: 05|1|0.6826
149mGLY: 17|1|0.135
370mGLU: 05|1|0.0741
348mALA: 05|1|0.5678
206mHIS: 15|1|0.0215
273mLYS: 17|1|0.796
150mVAL: 17|1|0.2477
393mALA: 29|1|0.0332
195mARG: 01|1|0.4682
251mALA: 18|1|0.6969
363mHIS: 09|1|0.0588
446mARG: 09|1|0.1907
150mLYS: 17|1|0.1773
214mALA: 19|1|0.743
445mGLU: 09|1|0.3512
321mVAL: 03|1|0.4339
273mMET: 17|1|0.4227
122mPHE: 15|1|0.3522
453mVAL: 05|1|0.0725
306mILE: 17|1|0.1685
214mASN: 19|1|0.2917
282mSER: 10|1|0.2816
274mALA: 17|1|0.0166
183mCYS: 12|1|1.2597
405mVAL: 04|1|0.1991
314mALA: 20|1|0.1703
435mLEU: 02|1|0.3793
455mLYS: 00|1|0.1401
150mASP: 17|1|0.1328
267mHIS: 08|1|0.4828
343mMET: 05|1|0.1455
204mSER: 18|1|0.2565
214mVAL: 19|1|0.5985
267mTRP: 08|1|0.1252
149mASP: 17|1|0.2109
282mTRP: 10|1|0.1665
455mSER: 00|1|0.0777
341mGLY: 04|1|0.4804
205mTHR: 15|1|0.1211
348mGLU: 05|1|0.5242
350mILE: 05|1|0.7988
321mASP: 03|1|0.9715
434mLYS: 29|1|0.4782
321mARG: 03|1|0.45
317mGLU: 10|1|0.182
405mGLY: 04|1|0.0172
126mALA: 15|1|0.5336
348mASP: 05|1|0.3404
122mASN: 15|1|0.103
343mLYS: 05|1|0.4273
152mASN: 17|1|0.4907
434mPRO: 29|1|0.057
437mHIS: 28|1|0.1769
452mTHR: 05|1|0.1717
341mILE: 04|1|0.003
282mARG: 10|1|0.0168
133mALA: 19|1|0.1723
195mGLY: 01|1|0.5907
446mALA: 09|1|0.3606
251mGLY: 18|1|0.5875
126mGLY: 15|1|0.5511
122mGLY: 15|1|0.5615
390mSER: 29|1|0.2565
273mILE: 17|1|0.4705
273mPRO: 17|1|0.4081
435mCYS: 02|1|0.9075
426mCYS: 24|1|0.5282
373mGLU: 05|1|0.1209
282mMET: 10|1|0.3469
183mALA: 12|1|0.2272
334mTHR: 29|1|0.3373
407mSER: 29|1|0.212
305mHIS: 16|1|0.14
195mGLN: 01|1|0.4042
195mTHR: 01|1|0.582
349mCYS: 05|1|2.0982
288mASP: 10|1|0.864
409mGLU: 29|1|0.8101
138mGLN: 08|1|0.1344
445mGLN: 09|1|0.1243
345mILE: 05|1|0.0496
333mILE: 29|1|0.1839
133mTHR: 19|1|0.4084
228mLYS: 06|1|0.0735
267mLYS: 08|1|0.6508
183mASP: 12|1|0.1471
314mMET: 20|1|0.0025
341mALA: 04|1|0.0528
455mALA: 00|1|0.4473
452mASP: 05|1|0.1713
346mSER: 05|1|0.5679
407mASN: 29|1|0.201
435mARG: 02|1|0.3194
204mTHR: 18|1|0.2037
214mASP: 19|1|0.6629
390mILE: 29|1|0.046
195mMET: 01|1|0.2499
126mSER: 15|1|0.3585
435mPHE: 02|1|0.1086
434mALA: 29|1|0.5114
317mCYS: 10|1|1.3676
273mTHR: 17|1|0.6367
288mGLY: 10|1|0.3714
350mALA: 05|1|1.486
204mGLY: 18|1|0.2847
251mHIS: 18|1|0.3998
313mILE: 16|1|0.0784
251mPRO: 18|1|0.8833
446mGLU: 09|1|0.2624
404mCYS: 04|1|1.3676
251mGLU: 18|1|0.8937
426mLYS: 24|1|0.0197
345mCYS: 05|1|1.0072
228mASN: 06|1|0.1435
214mTHR: 19|1|0.4079
122mMET: 15|1|0.2764
314mILE: 20|1|0.0152
304mSER: 02|1|0.0895
139mCYS: 19|1|0.1519
170mHIS: 23|1|0.1241
122mLYS: 15|1|0.4865
306mASP: 17|1|0.432
257mLYS: 17|1|0.065
149mCYS: 17|1|0.5881
313mGLY: 16|1|0.075
294mCYS: 28|1|0.6604
149mALA: 17|1|0.3868
306mGLU: 17|1|0.359
206mGLY: 15|1|0.0881
251mASP: 18|1|0.8761
405mCYS: 04|1|1.3761
152mGLU: 17|1|0.0956
314mVAL: 20|1|0.0003
446mASP: 09|1|0.5354
405mALA: 04|1|0.3436
350mASN: 05|1|0.5834
133mLYS: 19|1|0.765
251mSER: 18|1|0.2172
124mALA: 15|1|0.306
150mTYR: 17|1|0.1077
405mPRO: 04|1|0.1164
349mALA: 05|1|0.0332
282mASP: 10|1|0.0251
435mTRP: 02|1|0.1467
251mLYS: 18|1|1.2896
333mCYS: 29|1|1.5338
344mCYS: 05|1|0.1183
282mVAL: 10|1|0.14
407mTRP: 29|1|0.0969
122mCYS: 15|1|0.9477
273mALA: 17|1|0.839
434mCYS: 29|1|2.5764
160mALA: 18|1|0.1336
122mVAL: 15|1|0.4811
343mGLU: 05|1|0.6282
435mGLY: 02|1|0.4544
350mGLY: 05|1|0.8332
228mGLU: 06|1|0.2567
370mVAL: 05|1|0.0827
346mGLU: 05|1|2.6034
138mSER: 08|1|0.2105
446mTHR: 09|1|0.387
404mHIS: 04|1|0.0794
304mTHR: 02|1|0.0118
267mASN: 08|1|0.7208
346mASP: 05|1|2.3256
350mPRO: 05|1|1.0316
151mALA: 17|1|0.3735
435mTYR: 02|1|0.1464
346mCYS: 05|1|5.2949
445mGLY: 09|1|0.2671
294mALA: 28|1|0.4591
370mALA: 05|1|0.2272
305mASP: 16|1|0.0761
267mALA: 08|1|0.2733
306mARG: 17|1|0.0632
390mTHR: 29|1|0.2037
195mALA: 01|1|0.9171
346mPRO: 05|1|1.4668
273mCYS: 17|1|1.6076
251mGLN: 18|1|0.3407
317mASP: 10|1|0.255
195mILE: 01|1|0.5735
343mSER: 05|1|0.4755
151mLEU: 17|1|0.0466
138mTRP: 08|1|0.0954
294mGLY: 28|1|0.2073
437mASN: 28|1|0.0418
170mMET: 23|1|0.0653
150mLEU: 17|1|0.2598
133mCYS: 19|1|1.3499
321mHIS: 03|1|0.4952
267mSER: 08|1|0.5773
333mTHR: 29|1|0.5923
407mVAL: 29|1|0.0704
314mCYS: 20|1|0.159
341mASN: 04|1|0.402
343mCYS: 05|1|0.4161
333mASP: 29|1|0.5354
405mGLU: 04|1|0.1905
346mILE: 05|1|1.2922
346mVAL: 05|1|0.3383
445mCYS: 09|1|0.0051
407mALA: 29|1|0.0264
435mSER: 02|1|0.3366
251mVAL: 18|1|0.3385
150mHIS: 17|1|0.5134
124mGLY: 15|1|0.524
350mLYS: 05|1|1.4528
317mVAL: 10|1|0.1906
435mLYS: 02|1|0.399
341mVAL: 04|1|0.1408
455mLEU: 00|1|0.1204
195mHIS: 01|1|0.6614
150mILE: 17|1|0.1788
138mTHR: 08|1|0.1577
273mLEU: 17|1|0.383
341mMET: 04|1|0.5546
343mALA: 05|1|0.3825
122mPRO: 15|1|0.1814
122mGLU: 15|1|0.3184
306mCYS: 17|1|1.5446
214mGLN: 19|1|0.2301
294mARG: 28|1|0.0723
306mLYS: 17|1|0.4955
452mVAL: 05|1|0.5476
446mCYS: 09|1|0.2514
346mALA: 05|1|2.3871
435mTHR: 02|1|0.2589
350mPHE: 05|1|0.5324
214mSER: 19|1|0.1945
205mASN: 15|1|0.0677
339mTHR: 04|1|0.2421
282mPHE: 10|1|0.0168
133mGLU: 19|1|0.3691
282mILE: 10|1|0.0711
133mASP: 19|1|0.3515
288mVAL: 10|1|0.7352
333mPRO: 29|1|0.5426
446mTYR: 09|1|0.0208
273mASP: 17|1|0.688
183mVAL: 12|1|0.0827
122mGLN: 15|1|0.0852
445mASP: 09|1|0.5283
152mGLY: 17|1|0.4111
409mGLN: 29|1|0.4026
346mLYS: 05|1|2.7048
407mILE: 29|1|0.0015
214mMET: 19|1|0.0758
343mHIS: 05|1|0.449
434mASP: 29|1|0.3512
151mSER: 17|1|0.0039
341mTRP: 04|1|0.1938
437mMET: 28|1|0.1181
450mTHR: 05|1|0.0004
450mVAL: 05|1|0.3763
122mILE: 15|1|0.5649
314mSER: 20|1|0.1233
152mHIS: 17|1|0.1124
138mGLY: 08|1|0.2387
313mALA: 16|1|0.2086
407mGLY: 29|1|0.2402
321mPHE: 03|1|0.0011
409mMET: 29|1|0.0141
294mTHR: 28|1|0.0118
273mSER: 17|1|0.4761
405mTHR: 04|1|0.0085
273mGLN: 17|1|0.4356
390mLYS: 29|1|0.0445
390mHIS: 29|1|0.3806
133mASN: 19|1|0.197
407mGLN: 29|1|0.1359
393mCYS: 29|1|2.0982
346mASN: 05|1|1.3906
251mARG: 18|1|0.3546
350mARG: 05|1|0.5882
390mASN: 29|1|0.2455
267mGLY: 08|1|0.7499
273mGLU: 17|1|0.7993
288mLYS: 10|1|0.991
267mLEU: 08|1|0.1702
170mGLY: 23|1|0.0282
345mLYS: 05|1|0.0375
409mGLY: 29|1|0.557
446mASN: 09|1|0.5351
138mALA: 08|1|0.0249
452mPRO: 05|1|0.1678
195mLEU: 01|1|0.405
206mGLU: 15|1|0.0202
304mLEU: 02|1|0.1322
328mCYS: 29|1|1.0325
294mSER: 28|1|0.0895
204mMET: 18|1|0.3218
455mASP: 00|1|0.2714
150mALA: 17|1|0.2037
350mCYS: 05|1|3.551
373mLYS: 05|1|0.3178
409mSER: 29|1|0.5907
390mGLN: 29|1|0.1804
305mSER: 16|1|0.2462
317mLYS: 10|1|0.3185
250mCYS: 18|1|0.8842
409mTHR: 29|1|0.6573
409mASN: 29|1|0.7044
455mGLY: 00|1|0.1955
126mGLU: 15|1|0.2206
348mLYS: 05|1|0.5982
345mALA: 05|1|0.5533
341mLEU: 04|1|0.165
288mASN: 10|1|0.1216
370mLYS: 05|1|0.2106
214mLYS: 19|1|0.7264
426mALA: 24|1|0.3269
160mCYS: 18|1|0.3862
426mGLY: 24|1|0.0751
437mGLY: 28|1|0.081
267mILE: 08|1|0.1282
390mGLU: 29|1|0.1843
350mGLU: 05|1|1.1798
204mALA: 18|1|0.0709
404mASP: 04|1|0.255
317mALA: 10|1|0.3351
122mTRP: 15|1|0.0685
206mTHR: 15|1|0.2803
228mGLN: 06|1|0.0298
435mASP: 02|1|0.5303
122mHIS: 15|1|0.3185
305mASN: 16|1|0.3415
426mASP: 24|1|0.151
304mARG: 02|1|0.0723
450mCYS: 05|1|2.5199
321mTYR: 03|1|0.0954
435mALA: 02|1|0.7062
267mTYR: 08|1|0.4177
341mSER: 04|1|0.424
333mGLU: 29|1|0.553
445mPRO: 09|1|0.0417
446mILE: 09|1|0.0856
151mLYS: 17|1|0.0663
453mTHR: 05|1|0.0778
425mLYS: 05|1|0.4354
455mCYS: 00|1|0.6486
151mGLY: 17|1|0.1217
204mTRP: 18|1|0.1414
206mASN: 15|1|0.2687
409mHIS: 29|1|0.706
273mVAL: 17|1|0.7385
273mHIS: 17|1|0.893
350mVAL: 05|1|1.197
204mLYS: 18|1|0.0445
404mGLU: 04|1|0.182
350mHIS: 05|1|0.9746
452mCYS: 05|1|2.6912
214mLEU: 19|1|0.2309
306mALA: 17|1|0.5121
288mGLU: 10|1|0.718
282mLYS: 10|1|0.0696
409mLYS: 29|1|0.233
282mHIS: 10|1|0.4057
251mCYS: 18|1|1.8745
214mCYS: 19|1|1.7755
321mILE: 03|1|0.62
305mGLY: 16|1|0.3723
195mASP: 01|1|0.837
149mILE: 17|1|0.0133
306mPHE: 17|1|0.0353
321mCYS: 03|1|1.9699
214mPRO: 19|1|0.5158
282mGLN: 10|1|0.2055
370mCYS: 05|1|1.2597
214mHIS: 19|1|0.4873
341mGLN: 04|1|0.2718
339mGLU: 04|1|0.0652
333mALA: 29|1|0.3562
305mGLU: 16|1|0.4321
151mASP: 17|1|0.1976
195mPHE: 01|1|0.4403
267mARG: 08|1|0.3331
341mGLU: 04|1|0.2796
390mALA: 29|1|0.0709
288mARG: 10|1|0.1264
288mPHE: 10|1|0.0706
122mSER: 15|1|0.4625
333mASN: 29|1|0.3809
446mSER: 09|1|0.2332
304mILE: 02|1|0.0856
204mHIS: 18|1|0.3806
390mVAL: 29|1|0.1149
405mHIS: 04|1|0.0879
138mMET: 08|1|0.2758
126mLYS: 15|1|0.0511
214mPHE: 19|1|0.2662
195mLYS: 01|1|0.9005
250mGLU: 18|1|0.1082
267mGLN: 08|1|0.6071
333mHIS: 29|1|0.0591
317mPRO: 10|1|0.1079
304mGLY: 02|1|0.2073
306mASN: 17|1|0.0608
343mASP: 05|1|0.9169
294mASP: 28|1|0.2832
204mLEU: 18|1|0.127
404mALA: 04|1|0.3351
122mLEU: 15|1|0.4687
214mGLY: 19|1|0.4166
282mASN: 10|1|0.2706
267mASP: 08|1|1.0111
407mHIS: 29|1|0.3361
452mALA: 05|1|0.7641
435mGLU: 02|1|0.2471
124mTHR: 15|1|0.27
437mSER: 28|1|0.0528
150mGLN: 17|1|0.3132
404mVAL: 04|1|0.1906
124mLYS: 15|1|0.3169
321mPRO: 03|1|0.9787
149mSER: 17|1|0.0172
149mLYS: 17|1|0.0796
306mVAL: 17|1|0.3676
333mARG: 29|1|0.0139
321mGLN: 03|1|0.4361
