164mILE: 01,03,08,12,15,18,22,26,29|9|6.1769
293mGLN: 00,05,09,15,16,18,19,26,28|9|2.4315
293mGLY: 00,05,09,15,16,18,19,26,28|9|5.993
164mASP: 01,03,08,12,15,18,22,26,29|9|13.5928
164mGLU: 01,03,08,12,15,18,22,26,29|9|13.4666
164mPRO: 01,03,08,12,15,18,22,26,29|9|6.2217
242mGLY: 01,03,08,12,15,18,22,26,29|9|7.8012
293mGLU: 00,05,09,15,16,18,19,26,28|9|7.3976
164mCYS: 01,03,08,12,15,18,22,26,29|9|12.8595
164mGLY: 01,03,08,12,15,18,22,26,29|9|11.5686
242mALA: 01,03,08,12,15,18,22,26,29|9|7.6524
293mASP: 00,05,09,15,16,18,19,26,28|9|8.1893
242mVAL: 01,03,08,12,15,18,22,26,29|9|4.2777
242mGLU: 01,03,08,12,15,18,22,26,29|9|10.4397
242mASP: 01,03,08,12,15,18,22,26,29|9|10.3324
293mTHR: 00,05,09,15,16,18,19,26,28|9|6.0248
293mLYS: 00,05,09,15,16,18,19,26,28|9|7.5717
293mSER: 00,05,09,15,16,18,19,26,28|9|4.3754
293mALA: 00,05,09,15,16,18,19,26,28|9|5.4658
242mILE: 01,03,08,12,15,18,22,26,29|9|3.4089
164mTHR: 01,03,08,12,15,18,22,26,29|9|11.8599
242mLYS: 01,03,08,12,15,18,22,26,29|9|8.521
164mALA: 01,03,08,12,15,18,22,26,29|9|10.8725
242mTHR: 01,03,08,12,15,18,22,26,29|9|8.0633
164mGLN: 01,03,08,12,15,18,22,26,29|9|6.2845
242mASN: 01,03,08,12,15,18,22,26,29|9|6.4913
242mHIS: 01,03,08,12,15,18,22,26,29|9|5.873
440mGLU: 00,09,15,16,18,19,24,28|8|7.0727
440mLYS: 00,09,15,16,18,19,24,28|8|7.6338
440mTHR: 00,09,15,16,18,19,24,28|8|6.0311
165mASP: 01,03,08,12,15,18,22,29|8|8.4713
243mTHR: 01,03,08,12,18,22,26,29|8|2.5541
440mSER: 00,09,15,16,18,19,24,28|8|5.4461
440mASN: 00,09,15,16,18,19,24,28|8|5.609
165mTHR: 01,03,08,12,15,18,22,29|8|6.2384
440mPRO: 00,09,15,16,18,19,24,28|8|3.3175
165mCYS: 01,03,08,12,15,18,22,29|8|13.4572
165mGLU: 01,03,08,12,15,18,22,29|8|8.2848
165mSER: 01,03,08,12,15,18,22,29|8|5.8433
440mALA: 00,09,15,16,18,19,24,28|8|8.1232
440mILE: 00,09,15,16,18,19,24,28|8|4.2147
165mPRO: 01,03,08,12,15,18,22,29|8|3.7038
440mGLY: 00,09,15,16,18,19,24,28|8|7.0591
165mGLY: 01,03,08,12,15,18,22,29|8|7.83
165mILE: 01,03,08,12,15,18,22,29|8|4.735
165mLYS: 01,03,08,12,15,18,22,29|8|8.7661
165mGLN: 01,03,08,12,15,18,22,29|8|3.1528
440mVAL: 00,09,15,16,18,19,24,28|8|4.4511
440mHIS: 00,09,15,16,18,19,24,28|8|4.7611
440mASP: 00,09,15,16,18,19,24,28|8|6.3344
165mALA: 01,03,08,12,15,18,22,29|8|8.9157
440mGLN: 00,09,15,16,18,19,24,28|8|3.1071
194mTHR: 03,08,12,15,18,22,26|7|4.948
181mGLU: 10,11,13,17,20,21,25|7|3.5859
438mTHR: 00,09,15,16,18,19,24|7|2.6409
194mILE: 03,08,12,15,18,22,26|7|2.7671
194mGLU: 03,08,12,15,18,22,26|7|6.2187
297mGLY: 00,05,09,15,16,18,19|7|0.9434
438mALA: 00,09,15,16,18,19,24|7|2.9858
194mLYS: 03,08,12,15,18,22,26|7|6.5702
438mGLY: 00,09,15,16,18,19,24|7|2.4568
438mLYS: 00,09,15,16,18,19,24|7|3.9578
194mALA: 03,08,12,15,18,22,26|7|5.1767
161mASP: 01,03,04,23,26,27,29|7|2.9218
296mGLU: 00,05,09,16,19,28|6|2.0826
190mGLU: 08,12,15,18,22,26|6|2.9455
146mGLY: 02,10,11,13,21,25|6|3.3919
146mLYS: 02,10,11,13,21,25|6|3.1555
296mLYS: 00,05,09,16,19,28|6|2.3611
296mASP: 00,05,09,16,19,28|6|2.5884
146mGLU: 02,10,11,13,21,25|6|3.2191
146mCYS: 02,10,11,13,21,25|6|4.2514
147mGLU: 02,10,11,13,21,25|6|2.7187
190mASP: 08,12,15,18,22,26|6|2.876
147mASP: 02,10,11,13,21,25|6|3.4453
146mASP: 02,10,11,13,21,25|6|4.1328
190mGLY: 08,12,15,18,22,26|6|1.6291
251mGLY: 04,06,23,27,29|5|3.6717
122mASP: 02,10,11,20,21|5|1.219
249mHIS: 01,03,12,23,29|5|1.3928
249mLYS: 01,03,12,23,29|5|3.197
251mTHR: 04,06,23,27,29|5|3.6474
299mALA: 00,05,16,19,28|5|3.0118
145mGLY: 02,10,11,13,21|5|0.5821
122mTHR: 02,10,11,20,21|5|1.6854
299mGLY: 00,05,16,19,28|5|2.5925
122mALA: 02,10,11,20,21|5|0.8246
299mASP: 00,05,16,19,28|5|3.264
122mASN: 02,10,11,20,21|5|1.9975
122mGLY: 02,10,11,20,21|5|1.4789
249mASN: 01,03,12,23,29|5|2.6589
249mSER: 01,03,12,23,29|5|1.6617
249mTHR: 01,03,12,23,29|5|2.5797
251mGLU: 04,06,23,27,29|5|4.2876
122mLYS: 02,10,11,20,21|5|1.3401
251mSER: 04,06,23,27,29|5|3.1569
251mLYS: 04,06,23,27,29|5|4.7567
122mVAL: 02,10,11,20,21|5|0.8508
299mGLU: 00,05,16,19,28|5|2.4929
251mPRO: 04,06,23,27,29|5|2.2968
122mGLU: 02,10,11,20,21|5|2.3999
219mLYS: 08,12,15,22,26|5|2.4207
251mILE: 04,06,23,27,29|5|2.1523
249mASP: 01,03,12,23,29|5|3.1345
122mGLN: 02,10,11,20,21|5|0.928
249mGLY: 01,03,12,23,29|5|2.3297
251mASP: 04,06,23,27,29|5|4.2227
251mGLN: 04,06,23,27,29|5|1.221
251mALA: 04,06,23,27,29|5|3.5865
299mLYS: 00,05,16,19,28|5|2.3264
249mVAL: 01,03,12,23,29|5|1.4598
251mCYS: 04,06,23,27,29|5|3.7879
122mSER: 02,10,11,20,21|5|1.6966
240mGLU: 01,03,08,18,26|5|1.218
249mGLN: 01,03,12,23,29|5|1.3735
299mSER: 00,05,16,19,28|5|1.9849
249mGLU: 01,03,12,23,29|5|3.5688
321mGLU: 05,07,09,19|4|1.9678
178mHIS: 11,13,17,25|4|1.4641
178mSER: 11,13,17,25|4|2.1554
329mTHR: 07,09,19,28|4|1.0216
178mLYS: 11,13,17,25|4|2.7816
321mASN: 05,07,09,19|4|0.9598
167mMET: 12,15,18,26|4|0.7222
321mALA: 05,07,09,19|4|1.4862
443mALA: 00,09,15,24|4|2.2314
325mGLU: 05,09,19,28|4|1.3406
311mGLY: 00,05,16,28|4|0.7445
321mLYS: 05,07,09,19|4|1.6438
178mGLY: 11,13,17,25|4|2.6056
217mALA: 12,18,22,26|4|1.0738
321mTHR: 05,07,09,19|4|1.1232
292mGLU: 00,05,09,28|4|1.9804
292mASP: 00,05,09,28|4|2.0243
443mGLU: 00,09,15,24|4|2.0966
203mASP: 04,06,23,27|4|1.4255
325mALA: 05,09,19,28|4|0.698
162mSER: 01,03,18,26|4|0.7047
329mALA: 07,09,19,28|4|0.6198
321mGLY: 05,07,09,19|4|0.5835
167mGLU: 12,15,18,26|4|2.2449
321mVAL: 05,07,09,19|4|0.9893
193mGLY: 08,15,18,22|4|1.1384
269mCYS: 13,17,21,25|4|3.8946
321mASP: 05,07,09,19|4|1.1244
193mLYS: 08,15,18,22|4|1.1094
167mLYS: 12,15,18,26|4|2.3262
246mHIS: 01,03,23,29|4|0.5183
325mLYS: 05,09,19,28|4|1.3319
269mASP: 13,17,21,25|4|1.1531
167mPRO: 12,15,18,26|4|0.8236
193mGLU: 08,15,18,22|4|1.3179
167mALA: 12,15,18,26|4|2.3635
178mGLU: 11,13,17,25|4|2.9534
178mASP: 11,13,17,25|4|3.282
261mGLY: 06,10,17,25|4|2.2455
443mGLY: 00,09,15,24|4|1.2811
292mALA: 00,05,09,28|4|1.6317
167mILE: 12,15,18,26|4|1.3403
193mTHR: 08,15,18,22|4|1.5298
178mCYS: 11,13,17,25|4|2.4689
167mLEU: 12,15,18,26|4|0.9317
167mGLN: 12,15,18,26|4|1.2394
261mASP: 06,10,17,25|4|2.643
167mASP: 12,15,18,26|4|1.911
217mLYS: 12,18,22,26|4|2.3197
178mALA: 11,13,17,25|4|1.9936
178mILE: 11,13,17,25|4|0.9816
261mVAL: 06,10,17,25|4|0.7463
311mALA: 00,05,16,28|4|0.3152
292mLYS: 00,05,09,28|4|2.3292
217mGLU: 12,18,22,26|4|3.4206
329mGLU: 07,09,19,28|4|1.2663
217mSER: 12,18,22,26|4|2.1215
162mGLU: 01,03,18,26|4|1.8994
261mGLU: 06,10,17,25|4|2.9851
321mPHE: 05,07,09,19|4|0.3682
443mCYS: 00,09,15,24|4|6.3941
261mGLN: 06,10,17,25|4|1.5373
162mTHR: 01,03,18,26|4|1.5014
261mSER: 06,10,17,25|4|1.8325
443mLYS: 00,09,15,24|4|2.2725
261mTHR: 06,10,17,25|4|2.7209
162mASN: 01,03,18,26|4|1.4258
269mLYS: 13,17,21,25|4|1.2739
193mASN: 08,15,18,22|4|1.8372
261mASN: 06,10,17,25|4|2.4999
204mCYS: 04,06,23,27|4|3.2901
292mSER: 00,05,09,28|4|0.8576
167mTHR: 12,15,18,26|4|2.2058
162mGLY: 01,03,18,26|4|1.2397
329mASN: 07,09,19,28|4|0.8424
167mGLY: 12,15,18,26|4|2.3086
321mILE: 05,07,09,19|4|0.7114
321mCYS: 05,07,09,19|4|3.1933
261mHIS: 06,10,17,25|4|1.371
261mLYS: 06,10,17,25|4|1.7845
167mARG: 12,15,18,26|4|0.6147
217mASP: 12,18,22,26|4|2.5975
167mHIS: 12,15,18,26|4|1.7414
443mASP: 00,09,15,24|4|2.3348
167mSER: 12,15,18,26|4|1.767
321mPRO: 05,07,09,19|4|0.6424
322mGLU: 05,09,19,28|4|1.8427
301mASP: 00,16,18|3|0.9857
259mGLY: 04,06,17|3|3.1961
220mLYS: 15,22,26|3|1.1186
220mALA: 15,22,26|3|1.098
259mASN: 04,06,17|3|2.5619
284mASP: 14,15,18|3|1.632
244mLYS: 08,12,22|3|1.4148
259mALA: 04,06,17|3|2.6199
301mGLY: 00,16,18|3|0.473
253mSER: 04,06,27|3|0.8036
259mSER: 04,06,17|3|3.1962
281mASP: 00,15,18|3|2.329
245mGLU: 01,03,29|3|1.2743
163mASN: 01,08,23|3|0.6155
245mSER: 01,03,29|3|1.0068
228mASP: 11,17,20|3|0.826
220mVAL: 15,22,26|3|0.9282
290mPRO: 00,15,16|3|0.7224
267mTHR: 10,13,21|3|1.0174
290mGLY: 00,15,16|3|1.0408
259mTHR: 04,06,17|3|2.7418
290mASN: 00,15,16|3|1.4291
253mLYS: 04,06,27|3|0.9355
290mTHR: 00,15,16|3|1.2236
220mSER: 15,22,26|3|0.8007
267mGLU: 10,13,21|3|1.7925
253mASN: 04,06,27|3|0.7294
259mASP: 04,06,17|3|3.1224
358mHIS: 01,03,29|3|0.4141
253mGLU: 04,06,27|3|1.3648
245mASP: 01,03,29|3|1.2774
281mTHR: 00,15,18|3|1.2485
220mASP: 15,22,26|3|0.8798
253mPRO: 04,06,27|3|0.2369
290mMET: 00,15,16|3|0.1876
253mALA: 04,06,27|3|0.738
163mGLU: 01,08,23|3|0.8287
220mGLN: 15,22,26|3|0.5448
263mGLY: 13,17,25|3|0.7788
284mGLY: 14,15,18|3|0.73
281mALA: 00,15,18|3|1.265
220mLEU: 15,22,26|3|0.488
290mASP: 00,15,16|3|1.3342
259mHIS: 04,06,17|3|1.8899
267mASN: 10,13,21|3|1.1067
267mALA: 10,13,21|3|0.8597
244mGLU: 08,12,22|3|0.7783
267mLYS: 10,13,21|3|1.3478
267mSER: 10,13,21|3|0.7464
253mGLY: 04,06,27|3|0.7962
281mSER: 00,15,18|3|0.7958
281mLYS: 00,15,18|3|1.8297
245mMET: 01,03,29|3|0.7964
281mGLU: 00,15,18|3|0.978
290mGLN: 00,15,16|3|0.765
245mGLY: 01,03,29|3|0.668
220mPHE: 15,22,26|3|0.4872
245mGLN: 01,03,29|3|0.316
245mHIS: 01,03,29|3|1.8822
281mCYS: 00,15,18|3|1.4986
253mTHR: 04,06,27|3|0.7835
253mASP: 04,06,27|3|1.1655
259mGLN: 04,06,17|3|0.9859
301mASN: 00,16,18|3|0.1745
220mASN: 15,22,26|3|0.9467
253mGLN: 04,06,27|3|0.2989
358mGLU: 01,03,29|3|0.6517
259mGLU: 04,06,17|3|3.9788
220mTHR: 15,22,26|3|0.9981
235mCYS: 04,06,27|3|3.0798
220mILE: 15,22,26|3|0.7003
163mSER: 01,08,23|3|0.5069
284mGLU: 14,15,18|3|0.8917
301mGLU: 00,16,18|3|0.692
290mVAL: 00,15,16|3|0.7383
267mILE: 10,13,21|3|0.3126
163mGLY: 01,08,23|3|0.2373
259mVAL: 04,06,17|3|0.9151
253mCYS: 04,06,27|3|0.9153
220mGLY: 15,22,26|3|0.9021
290mLYS: 00,15,16|3|1.2355
290mHIS: 00,15,16|3|0.3921
290mSER: 00,15,16|3|1.166
259mLYS: 04,06,17|3|2.8054
290mCYS: 00,15,16|3|0.7068
281mGLY: 00,15,18|3|1.5357
220mGLU: 15,22,26|3|1.3209
290mGLU: 00,15,16|3|1.8167
290mTYR: 00,15,16|3|0.3572
216mGLU: 12,18,22|3|0.8348
245mTHR: 01,03,29|3|0.7794
163mTHR: 01,08,23|3|0.5277
381mTHR: 07,14|2|0.505
177mLEU: 02,11|2|0.204
177mSER: 02,11|2|0.8701
364mGLU: 24,29|2|0.5141
123mLYS: 02,20|2|0.3868
199mSER: 06,23|2|0.1617
419mASP: 07,14|2|0.9612
436mALA: 19,28|2|0.3502
421mILE: 07,14|2|1.3377
237mGLY: 06,23|2|0.8443
183mGLU: 11,17|2|0.776
444mARG: 15,24|2|0.6766
201mPHE: 23,27|2|0.283
137mASN: 02,10|2|0.1948
444mGLU: 15,24|2|1.6968
396mLYS: 07,14|2|0.6067
444mPRO: 15,24|2|1.2055
421mCYS: 07,14|2|3.6822
237mASP: 06,23|2|0.5817
177mGLU: 02,11|2|0.9824
123mGLU: 02,20|2|0.7848
137mSER: 02,10|2|0.3409
444mHIS: 15,24|2|1.1095
177mVAL: 02,11|2|0.429
426mHIS: 07,14|2|1.0734
426mGLN: 07,14|2|0.5971
237mALA: 06,23|2|0.7477
201mARG: 23,27|2|0.3109
201mLYS: 23,27|2|0.796
237mMET: 06,23|2|0.3167
192mHIS: 15,22|2|0.1666
137mGLU: 02,10|2|0.8361
421mALA: 07,14|2|1.9149
183mLYS: 11,17|2|0.5303
378mASP: 07,14|2|0.3125
177mMET: 02,11|2|0.7565
201mSER: 23,27|2|0.4761
421mPRO: 07,14|2|1.4168
206mASP: 06,20|2|0.7983
212mGLU: 10,21|2|0.484
177mALA: 02,11|2|0.1949
364mILE: 24,29|2|0.084
233mCYS: 06,27|2|1.5817
381mGLY: 07,14|2|0.5079
419mGLY: 07,14|2|0.6219
177mTHR: 02,11|2|0.7485
379mCYS: 07,14|2|3.3272
421mGLU: 07,14|2|2.2868
201mGLN: 23,27|2|0.4356
364mALA: 24,29|2|0.1381
444mGLN: 15,24|2|0.7361
421mGLY: 07,14|2|1.6827
381mSER: 07,14|2|0.4842
436mCYS: 19,28|2|1.3201
398mGLY: 07,14|2|0.431
396mPRO: 07,14|2|0.2278
396mGLN: 07,14|2|0.2272
455mSER: 01,29|2|0.1305
212mASN: 10,21|2|0.432
123mTHR: 02,20|2|0.4644
396mGLY: 07,14|2|0.5152
226mALA: 10,20|2|0.8995
381mASN: 07,14|2|0.6875
237mHIS: 06,23|2|0.6322
177mGLY: 02,11|2|1.0991
123mGLY: 02,20|2|0.093
201mLEU: 23,27|2|0.383
123mASN: 02,20|2|0.5104
355mGLY: 18,24|2|0.4343
199mTHR: 06,23|2|0.0312
444mLYS: 15,24|2|1.9385
201mTHR: 23,27|2|0.6367
183mASP: 11,17|2|0.6963
379mASP: 07,14|2|0.9098
123mSER: 02,20|2|0.3908
237mTHR: 06,23|2|0.4377
141mGLY: 02,10|2|0.5076
237mGLU: 06,23|2|0.5639
444mCYS: 15,24|2|4.3823
426mSER: 07,14|2|0.7956
286mSER: 07,14|2|0.3597
419mSER: 07,14|2|0.4621
212mTHR: 10,21|2|0.2307
381mLYS: 07,14|2|0.5557
201mASP: 23,27|2|0.688
212mGLY: 10,21|2|0.5003
286mGLU: 07,14|2|0.5246
355mASP: 18,24|2|0.9297
426mTHR: 07,14|2|0.6212
226mCYS: 10,20|2|2.0027
426mGLU: 07,14|2|0.8357
444mASN: 15,24|2|0.7394
340mASP: 07,14|2|0.5841
232mASP: 04,06|2|0.5703
377mASP: 07,14|2|0.8664
183mTHR: 11,17|2|0.1611
212mHIS: 10,21|2|0.3291
378mALA: 07,14|2|0.4539
208mCYS: 10,20|2|2.4149
208mASP: 10,20|2|0.921
206mCYS: 06,20|2|1.9764
424mGLU: 07,14|2|0.2505
421mASN: 07,14|2|1.4528
396mSER: 07,14|2|0.5463
364mSER: 24,29|2|0.3893
444mTHR: 15,24|2|1.0719
286mHIS: 07,14|2|0.3561
201mHIS: 23,27|2|0.893
364mASN: 24,29|2|0.4381
421mSER: 07,14|2|0.9629
399mASP: 07,14|2|0.7875
421mLYS: 07,14|2|3.2077
435mSER: 00,24|2|0.2742
435mLYS: 00,24|2|0.3697
123mPHE: 02,20|2|0.15
212mSER: 10,21|2|0.2995
381mGLU: 07,14|2|0.9379
201mILE: 23,27|2|0.4705
364mTHR: 24,29|2|0.3733
286mTHR: 07,14|2|0.2633
396mALA: 07,14|2|0.8503
205mALA: 06,20|2|0.1166
232mALA: 04,06|2|0.903
396mASP: 07,14|2|0.6072
205mASP: 06,20|2|1.266
226mGLY: 10,20|2|0.3182
177mHIS: 02,11|2|1.0238
444mALA: 15,24|2|1.9014
123mCYS: 02,20|2|0.021
141mGLU: 02,10|2|0.4937
199mGLY: 06,23|2|0.3077
123mILE: 02,20|2|0.2012
201mMET: 23,27|2|0.4227
208mALA: 10,20|2|0.5688
237mGLN: 06,23|2|0.3256
123mVAL: 02,20|2|0.121
444mSER: 15,24|2|0.7388
381mPRO: 07,14|2|0.236
444mGLY: 15,24|2|1.4734
208mLYS: 10,20|2|1.0232
177mGLN: 02,11|2|0.7477
177mASN: 02,11|2|0.9916
381mVAL: 07,14|2|0.1914
201mASN: 23,27|2|0.5623
396mLEU: 07,14|2|0.3694
455mGLY: 01,29|2|0.2765
396mTHR: 07,14|2|0.5054
444mASP: 15,24|2|2.3031
232mGLY: 04,06|2|0.9235
137mTHR: 02,10|2|0.6193
426mASN: 07,14|2|0.9061
201mALA: 23,27|2|0.839
396mILE: 07,14|2|0.4476
421mASP: 07,14|2|1.8206
208mGLU: 10,20|2|0.4905
435mASP: 00,24|2|0.4189
424mGLY: 07,14|2|0.0957
435mALA: 00,24|2|0.1372
286mALA: 07,14|2|0.0869
426mMET: 07,14|2|0.7473
201mVAL: 23,27|2|0.7385
201mGLY: 23,27|2|0.7264
201mGLU: 23,27|2|0.7993
237mSER: 06,23|2|0.7486
419mASN: 07,14|2|0.4009
232mSER: 04,06|2|0.8167
364mLYS: 24,29|2|0.1753
396mGLU: 07,14|2|0.6538
396mCYS: 07,14|2|0.9323
426mGLY: 07,14|2|1.0528
123mASP: 02,20|2|0.1252
419mLYS: 07,14|2|0.9524
381mASP: 07,14|2|0.7852
205mCYS: 06,20|2|1.1701
421mGLN: 07,14|2|0.3332
355mLYS: 18,24|2|0.3792
421mTHR: 07,14|2|2.3021
379mGLU: 07,14|2|1.2396
205mGLU: 06,20|2|1.0325
123mALA: 02,20|2|0.2596
419mGLU: 07,14|2|1.0929
183mASN: 11,17|2|0.2274
381mCYS: 07,14|2|0.2099
396mHIS: 07,14|2|0.0862
212mGLN: 10,21|2|0.2532
381mGLN: 07,14|2|0.2986
435mGLU: 00,24|2|0.5838
437mSER: 24|1|0.0937
126mTYR: 20|1|0.0441
278mMET: 18|1|0.4605
447mLYS: 14|1|0.0528
126mILE: 20|1|0.7953
401mGLN: 07|1|0.604
270mASP: 17|1|0.073
258mASN: 17|1|0.1052
445mASN: 24|1|0.238
445mTHR: 24|1|0.0785
197mASN: 23|1|0.201
132mSER: 20|1|0.304
274mTHR: 18|1|0.0653
327mASN: 07|1|0.5025
335mGLN: 07|1|0.0655
376mCYS: 07|1|0.5282
149mMET: 17|1|0.0938
335mTHR: 07|1|0.0888
234mLYS: 27|1|0.1279
255mGLY: 06|1|0.2073
335mASN: 07|1|0.1306
401mTHR: 07|1|0.8957
336mILE: 07|1|0.1068
447mGLY: 14|1|0.293
127mTHR: 20|1|0.3814
166mALA: 01|1|0.2741
376mALA: 07|1|0.3269
420mLEU: 14|1|0.3359
437mGLU: 24|1|0.2609
447mVAL: 14|1|0.1232
317mHIS: 07|1|0.1588
127mCYS: 20|1|0.821
324mCYS: 07|1|1.5643
400mSER: 07|1|0.0245
197mMET: 23|1|0.2773
126mMET: 20|1|0.3315
283mHIS: 14|1|0.1733
255mLEU: 06|1|0.1322
427mTHR: 14|1|0.2288
288mCYS: 07|1|3.1239
445mSER: 24|1|0.0945
207mASP: 20|1|0.9919
288mHIS: 07|1|0.3927
132mGLN: 20|1|0.3338
285mSER: 14|1|0.0216
172mTHR: 18|1|0.198
403mLEU: 07|1|0.365
274mGLN: 18|1|0.0035
258mTHR: 17|1|0.314
288mPRO: 07|1|0.594
427mLEU: 14|1|0.1521
304mLYS: 16|1|0.121
291mSER: 14|1|0.1422
298mALA: 18|1|0.0249
423mGLU: 14|1|0.1329
278mTHR: 18|1|0.1617
166mGLN: 01|1|0.1243
127mGLY: 20|1|0.7556
298mTRP: 18|1|0.0954
338mCYS: 07|1|0.9164
274mASP: 18|1|0.3096
124mTHR: 20|1|0.7013
317mGLY: 07|1|0.0174
420mVAL: 14|1|0.7882
126mARG: 20|1|0.3807
427mALA: 14|1|0.096
401mLEU: 07|1|0.4874
136mLYS: 02|1|1.3609
126mASP: 20|1|0.7342
298mGLU: 18|1|0.1383
207mPRO: 20|1|0.1885
124mTRP: 20|1|0.1444
149mPHE: 17|1|0.3405
239mASP: 23|1|0.1905
336mSER: 07|1|0.5069
338mLEU: 07|1|0.1643
427mVAL: 14|1|0.14
277mASP: 18|1|0.1788
403mALA: 07|1|0.9183
427mLYS: 14|1|0.0696
427mHIS: 14|1|0.4057
231mILE: 06|1|0.1299
278mASP: 18|1|0.2023
314mGLY: 28|1|0.0928
124mASN: 20|1|0.3743
427mSER: 14|1|0.2816
149mASP: 17|1|0.3281
126mPRO: 20|1|0.2926
294mASN: 18|1|0.0612
324mPRO: 07|1|0.5626
134mGLU: 18|1|0.1832
404mGLY: 07|1|0.081
427mMET: 14|1|0.3469
427mGLN: 14|1|0.2055
277mSER: 18|1|0.1477
285mHIS: 14|1|0.2336
336mASN: 07|1|0.6155
166mLEU: 01|1|0.1201
134mASP: 18|1|0.3603
336mALA: 07|1|0.1901
252mGLU: 23|1|0.1602
401mGLY: 07|1|0.7591
166mILE: 01|1|0.2449
403mLYS: 07|1|0.4025
334mGLY: 07|1|0.0392
124mSER: 20|1|0.2793
126mHIS: 20|1|0.4324
400mASN: 07|1|0.263
231mSER: 06|1|0.5595
234mCYS: 27|1|1.177
278mGLU: 18|1|0.2628
136mCYS: 02|1|1.1902
447mSER: 14|1|0.2648
294mSER: 18|1|0.0722
314mVAL: 28|1|0.0124
445mGLN: 24|1|0.1243
288mILE: 07|1|0.4618
239mTRP: 23|1|0.0712
312mASP: 28|1|0.3603
423mASP: 14|1|0.0423
324mVAL: 07|1|0.0783
404mMET: 07|1|0.1181
231mCYS: 06|1|0.0189
307mGLY: 05|1|0.0991
420mALA: 14|1|1.002
288mTHR: 07|1|0.6104
288mGLN: 07|1|0.0026
124mGLU: 20|1|0.6005
166mTHR: 01|1|0.3765
278mHIS: 18|1|0.631
207mALA: 20|1|0.43
447mASN: 14|1|0.2538
365mGLU: 24|1|0.1602
126mGLN: 20|1|0.2158
336mGLU: 07|1|0.8287
338mALA: 07|1|1.0154
447mALA: 14|1|0.0792
298mASN: 18|1|0.1995
327mGLY: 07|1|0.2743
420mPRO: 14|1|0.645
252mASN: 23|1|0.023
258mGLY: 17|1|0.0976
255mILE: 06|1|0.0856
288mALA: 07|1|1.1782
149mTYR: 17|1|0.1363
447mMET: 14|1|0.3301
336mVAL: 07|1|0.0955
277mTHR: 18|1|0.1041
124mASP: 20|1|0.6337
132mLYS: 20|1|0.3775
207mTHR: 20|1|0.2707
401mMET: 07|1|0.2361
258mPHE: 17|1|0.0783
403mILE: 07|1|0.4146
401mASP: 07|1|1.0061
134mGLY: 18|1|0.0991
127mALA: 20|1|0.5143
335mTRP: 07|1|0.0265
277mHIS: 18|1|0.02
445mLYS: 24|1|0.168
401mASN: 07|1|0.7564
447mGLU: 14|1|0.1926
239mPRO: 23|1|0.3448
327mASP: 07|1|0.0204
149mVAL: 17|1|0.326
447mASP: 14|1|0.0083
274mSER: 18|1|0.1457
393mALA: 19|1|0.0166
258mGLU: 17|1|0.5947
445mGLU: 24|1|0.3512
255mASP: 06|1|0.2832
423mPRO: 14|1|0.1966
376mLYS: 07|1|0.0197
136mGLU: 02|1|1.1191
274mALA: 18|1|0.1241
403mHIS: 07|1|0.0517
231mHIS: 06|1|0.2954
294mHIS: 18|1|0.1963
403mCYS: 07|1|1.3722
393mCYS: 19|1|1.0491
314mALA: 28|1|0.2264
149mLYS: 17|1|0.4589
207mGLY: 20|1|0.6548
288mVAL: 07|1|0.8199
127mGLU: 20|1|0.5177
207mTYR: 20|1|0.0146
400mGLY: 07|1|0.2342
317mGLU: 07|1|0.364
132mVAL: 20|1|0.1461
132mASN: 20|1|0.4475
126mALA: 20|1|1.299
437mCYS: 24|1|0.5752
447mHIS: 14|1|0.3889
126mLEU: 20|1|0.7457
447mPHE: 14|1|0.0
423mASN: 14|1|0.259
274mGLU: 18|1|0.1858
149mTHR: 17|1|0.4977
197mTHR: 23|1|0.1592
447mLEU: 14|1|0.1353
308mCYS: 05|1|0.2013
166mGLY: 01|1|0.1908
126mGLY: 20|1|0.9136
304mGLY: 16|1|0.1045
324mLYS: 07|1|1.1623
427mTRP: 14|1|0.1665
400mPRO: 07|1|0.0389
172mGLU: 18|1|0.3388
283mASP: 14|1|0.2656
404mHIS: 07|1|0.1769
400mASP: 07|1|0.8127
298mMET: 18|1|0.2758
288mASP: 07|1|0.9508
149mGLN: 17|1|0.2455
207mSER: 20|1|0.3644
285mASP: 14|1|0.1855
447mGLN: 14|1|0.1887
136mALA: 02|1|1.5413
239mGLN: 23|1|0.0879
420mSER: 14|1|0.5191
437mGLN: 24|1|0.0198
420mMET: 14|1|0.0333
420mTHR: 14|1|0.7693
166mCYS: 01|1|0.1548
234mALA: 27|1|0.1445
283mGLY: 14|1|0.1833
274mHIS: 18|1|0.3577
258mALA: 17|1|0.2704
134mASN: 18|1|0.07
239mGLY: 23|1|0.1482
136mASP: 02|1|1.4914
437mALA: 24|1|0.1593
207mASN: 20|1|0.1706
126mSER: 20|1|0.6968
136mTHR: 02|1|1.0844
270mALA: 17|1|0.1531
317mCYS: 07|1|2.7352
132mTHR: 20|1|0.288
288mGLY: 07|1|0.4421
172mASN: 18|1|0.2628
427mPHE: 14|1|0.0168
307mASN: 05|1|0.07
298mVAL: 18|1|0.0689
427mASN: 14|1|0.2706
291mGLU: 14|1|0.1823
298mTHR: 18|1|0.1577
403mGLU: 07|1|0.0825
258mHIS: 17|1|0.2299
314mILE: 28|1|0.0962
197mVAL: 23|1|0.0704
166mASP: 01|1|0.2069
324mGLY: 07|1|0.3133
149mPRO: 17|1|0.2655
447mILE: 14|1|0.0543
139mCYS: 02|1|0.8068
170mHIS: 18|1|0.1241
427mGLU: 14|1|0.2094
420mCYS: 14|1|1.9152
277mGLU: 18|1|0.3848
149mCYS: 17|1|0.276
400mTHR: 07|1|0.4305
239mCYS: 23|1|0.0763
304mALA: 16|1|0.5732
197mLEU: 23|1|0.0825
420mILE: 14|1|0.6292
149mALA: 17|1|0.3953
401mTRP: 07|1|0.3889
294mMET: 18|1|0.1375
338mGLY: 07|1|0.4572
365mASN: 24|1|0.023
324mILE: 07|1|0.3045
239mARG: 23|1|0.0378
124mALA: 20|1|0.1889
139mGLY: 02|1|0.2295
420mASP: 14|1|0.8547
215mASN: 15|1|0.1926
126mVAL: 20|1|0.3788
427mARG: 14|1|0.0168
401mGLU: 07|1|1.2327
215mGLU: 15|1|0.3298
197mGLU: 23|1|0.1398
149mASN: 17|1|0.5207
278mALA: 18|1|0.0877
255mARG: 06|1|0.0723
132mTYR: 20|1|0.1444
420mPHE: 14|1|0.4704
126mTRP: 20|1|0.1129
215mLYS: 15|1|0.1308
404mASN: 07|1|0.0418
420mASN: 14|1|0.6761
298mSER: 18|1|0.2105
258mMET: 17|1|0.0908
445mGLY: 24|1|0.2671
285mMET: 14|1|0.1219
336mPHE: 07|1|0.0013
423mLYS: 14|1|0.3923
215mTHR: 15|1|0.1696
291mASP: 14|1|0.3061
324mASP: 07|1|0.618
239mILE: 23|1|0.1025
207mLYS: 20|1|0.5003
423mTHR: 14|1|0.3542
403mSER: 07|1|0.3161
317mASP: 07|1|0.51
324mTHR: 07|1|0.8445
197mHIS: 23|1|0.3361
338mGLU: 07|1|0.5039
294mGLY: 18|1|0.1004
420mLYS: 14|1|1.049
312mGLU: 28|1|0.1832
170mMET: 18|1|0.0653
231mLYS: 06|1|0.0088
239mASN: 23|1|0.4072
283mSER: 14|1|0.2973
338mASP: 07|1|0.5689
324mASN: 07|1|0.6561
401mCYS: 07|1|0.2253
314mCYS: 28|1|0.479
400mGLU: 07|1|0.6024
404mSER: 07|1|0.0528
127mASN: 20|1|0.4294
136mASN: 02|1|0.7768
139mALA: 02|1|0.1383
126mPHE: 20|1|0.3585
437mASP: 24|1|0.7212
317mVAL: 07|1|0.3812
401mSER: 07|1|0.9865
139mASP: 02|1|0.3113
126mLYS: 20|1|0.7832
288mLYS: 07|1|1.2086
327mLYS: 07|1|0.2943
132mASP: 20|1|0.7378
401mALA: 07|1|0.9216
166mPRO: 01|1|0.1443
131mCYS: 20|1|0.3143
207mARG: 20|1|0.103
215mPHE: 15|1|0.0124
234mASP: 27|1|0.0644
136mSER: 02|1|1.0654
132mGLU: 20|1|0.5607
197mSER: 23|1|0.212
320mCYS: 07|1|1.9271
335mSER: 07|1|0.1416
149mTRP: 17|1|0.2391
132mHIS: 20|1|0.2095
445mASP: 24|1|0.5283
422mCYS: 14|1|0.8037
124mHIS: 20|1|0.3811
401mPHE: 07|1|0.2643
131mGLY: 20|1|0.1232
166mLYS: 01|1|0.3377
327mTHR: 07|1|0.7716
126mTHR: 20|1|0.24
166mSER: 01|1|0.3397
132mMET: 20|1|0.0598
320mLYS: 07|1|0.1234
420mARG: 14|1|0.1578
298mGLN: 18|1|0.1344
255mTHR: 06|1|0.0118
231mMET: 06|1|0.0554
149mHIS: 17|1|0.1212
285mGLU: 14|1|0.0617
298mHIS: 18|1|0.3346
136mGLN: 02|1|0.1817
278mGLY: 18|1|0.212
335mGLU: 07|1|0.0694
401mTYR: 07|1|0.0893
239mTHR: 23|1|0.5024
427mGLY: 14|1|0.3098
124mPRO: 20|1|0.3465
294mTHR: 18|1|0.0194
420mGLY: 14|1|0.5923
207mGLN: 20|1|0.2905
132mCYS: 20|1|0.2146
298mLEU: 18|1|0.081
258mLYS: 17|1|0.2099
127mLYS: 20|1|0.7005
136mGLY: 02|1|1.524
127mARG: 20|1|0.0174
166mVAL: 01|1|0.2048
258mASP: 17|1|0.3887
231mGLU: 06|1|0.3924
207mGLU: 20|1|0.5316
149mLEU: 17|1|0.2413
400mHIS: 07|1|0.0318
291mHIS: 14|1|0.3542
335mLEU: 07|1|0.0121
255mLYS: 06|1|0.1519
170mGLY: 18|1|0.0282
136mILE: 02|1|0.5868
288mSER: 07|1|0.1468
132mARG: 20|1|0.0598
298mGLY: 18|1|0.2387
307mGLU: 05|1|0.1832
445mCYS: 24|1|0.0051
131mASP: 20|1|0.4603
420mGLU: 14|1|1.1115
128mGLY: 20|1|0.1232
207mHIS: 20|1|0.1495
336mTHR: 07|1|0.5277
172mGLY: 18|1|0.0933
328mCYS: 19|1|1.0325
324mSER: 07|1|0.0919
274mGLY: 18|1|0.0346
400mLYS: 07|1|0.4928
215mALA: 15|1|0.0672
420mHIS: 14|1|0.4722
304mCYS: 16|1|0.9078
149mGLY: 17|1|0.312
336mGLY: 07|1|0.2373
317mLYS: 07|1|0.637
197mGLN: 23|1|0.1359
327mGLU: 07|1|0.467
136mHIS: 02|1|0.2241
126mGLU: 20|1|0.4632
127mPRO: 20|1|0.1715
124mGLY: 20|1|0.3164
401mLYS: 07|1|0.6218
401mPRO: 07|1|0.1483
215mSER: 15|1|0.1328
288mASN: 07|1|0.401
338mLYS: 07|1|0.4391
291mALA: 14|1|0.1206
338mSER: 07|1|0.5004
277mALA: 18|1|0.0605
437mGLY: 24|1|0.3841
317mALA: 07|1|0.6702
128mASP: 20|1|0.4603
427mILE: 14|1|0.0711
445mPRO: 24|1|0.0417
334mHIS: 07|1|0.1351
255mALA: 06|1|0.4591
124mARG: 20|1|0.0085
239mGLU: 23|1|0.2811
420mGLN: 14|1|0.3393
447mTHR: 14|1|0.212
278mGLN: 18|1|0.0766
376mASP: 07|1|0.151
401mVAL: 07|1|0.7228
149mGLU: 17|1|0.6579
270mCYS: 17|1|1.1856
312mGLY: 28|1|0.0991
307mASP: 05|1|0.3603
231mLEU: 06|1|0.1567
288mGLU: 07|1|1.1346
124mGLN: 20|1|0.225
283mTHR: 14|1|0.1232
283mGLU: 14|1|0.3727
447mTRP: 14|1|0.1497
128mCYS: 20|1|0.3143
380mCYS: 14|1|1.9153
149mILE: 17|1|0.3661
197mILE: 23|1|0.0015
291mGLY: 14|1|0.0311
312mASN: 28|1|0.07
166mTYR: 01|1|0.0151
403mGLY: 07|1|0.5329
197mGLY: 23|1|0.2402
401mHIS: 07|1|0.4026
338mILE: 07|1|0.1223
166mPHE: 01|1|0.2193
324mGLU: 07|1|0.9654
132mPRO: 20|1|0.2512
278mSER: 18|1|0.2949
334mSER: 07|1|0.011
288mPHE: 07|1|0.1698
291mTHR: 14|1|0.0618
132mGLY: 20|1|0.4766
304mILE: 16|1|0.0403
336mLYS: 07|1|0.2909
335mHIS: 07|1|0.2657
197mTRP: 23|1|0.0969
283mALA: 14|1|0.3941
172mSER: 18|1|0.214
335mMET: 07|1|0.2069
126mCYS: 20|1|1.7529
401mILE: 07|1|0.5702
331mTHR: 07|1|0.0833
127mSER: 20|1|0.3213
231mGLY: 06|1|0.6082
255mSER: 06|1|0.0895
334mMET: 07|1|0.0763
166mTRP: 01|1|0.1179
270mVAL: 17|1|0.0086
317mPRO: 07|1|0.2158
314mLYS: 28|1|0.0178
166mGLU: 01|1|0.5367
270mLYS: 17|1|0.1365
403mASP: 07|1|0.3535
258mSER: 17|1|0.3576
231mASP: 06|1|0.2991
255mCYS: 06|1|0.6604
376mGLY: 07|1|0.0751
427mASP: 14|1|0.0251
338mHIS: 07|1|0.1083
231mALA: 06|1|0.6072
127mASP: 20|1|1.251
324mALA: 07|1|0.506
291mMET: 14|1|0.2425
239mLYS: 23|1|0.5405
304mSER: 16|1|0.0366
124mLYS: 20|1|0.6741
149mSER: 17|1|0.4609
166mASN: 01|1|0.3995
231mVAL: 06|1|0.3077
437mLYS: 24|1|0.2296
335mGLY: 07|1|0.1698
215mILE: 15|1|0.038
207mCYS: 20|1|0.8459
197mALA: 23|1|0.0264
274mMET: 18|1|0.246
