297mGLY: 09,10,15,18,25,26,28,29|8|3.1076
438mTHR: 08,09,10,15,22,25,26,29|8|4.3371
438mSER: 08,09,10,15,22,25,26,29|8|3.4659
438mGLU: 08,09,10,15,22,25,26,29|8|3.7774
438mALA: 08,09,10,15,22,25,26,29|8|3.2299
164mGLU: 05,15,16,18,21,22,28|7|5.1768
319mSER: 02,10,12,13,19,23,24|7|1.8636
440mTHR: 09,10,15,22,25,26,29|7|6.2345
164mGLY: 05,15,16,18,21,22,28|7|5.722
319mGLY: 02,10,12,13,19,23,24|7|2.4863
164mVAL: 05,15,16,18,21,22,28|7|2.9941
356mGLU: 03,12,15,16,18,21,29|7|1.8986
440mILE: 09,10,15,22,25,26,29|7|3.6316
440mGLY: 09,10,15,22,25,26,29|7|5.1363
356mTHR: 03,12,15,16,18,21,29|7|1.7699
440mSER: 09,10,15,22,25,26,29|7|3.8853
316mTHR: 02,03,12,13,19,23,24|7|2.3077
164mTHR: 05,15,16,18,21,22,28|7|5.2585
164mLEU: 05,15,16,18,21,22,28|7|3.574
440mVAL: 09,10,15,22,25,26,29|7|4.327
356mSER: 03,12,15,16,18,21,29|7|1.7828
164mALA: 05,15,16,18,21,22,28|7|7.0862
165mALA: 05,15,16,18,21,22,28|7|3.1974
356mASN: 03,12,15,16,18,21,29|7|1.6743
288mGLU: 02,03,12,13,19,23,25|7|1.5248
440mGLN: 09,10,15,22,25,26,29|7|2.7819
440mASN: 09,10,15,22,25,26,29|7|4.245
440mALA: 09,10,15,22,25,26,29|7|6.418
283mHIS: 02,03,12,19,23,24|6|1.6638
283mGLY: 02,03,12,19,23,24|6|2.8135
293mGLY: 09,10,15,25,26,29|6|2.5536
243mGLY: 05,16,18,21,22,28|6|1.5796
243mPHE: 05,16,18,21,22,28|6|1.8233
162mSER: 05,15,16,21,22,28|6|1.4758
243mTHR: 05,16,18,21,22,28|6|3.7042
167mGLU: 05,15,16,18,22,28|6|2.3914
293mGLU: 09,10,15,25,26,29|6|3.9915
243mLEU: 05,16,18,21,22,28|6|2.9319
180mGLY: 00,04,06,07,11,27|6|4.3406
243mCYS: 05,16,18,21,22,28|6|4.3677
167mALA: 05,15,16,18,22,28|6|1.7107
243mMET: 05,16,18,21,22,28|6|1.0991
162mHIS: 05,15,16,21,22,28|6|1.1334
293mMET: 09,10,15,25,26,29|6|2.1226
180mSER: 00,04,06,07,11,27|6|3.5358
243mGLU: 05,16,18,21,22,28|6|4.738
180mALA: 00,04,06,07,11,27|6|7.1322
293mTHR: 09,10,15,25,26,29|6|3.6716
293mSER: 09,10,15,25,26,29|6|1.9587
293mALA: 09,10,15,25,26,29|6|3.076
180mGLU: 00,04,06,07,11,27|6|3.6101
284mTHR: 03,12,15,18,19,23|6|1.1679
162mGLU: 05,15,16,21,22,28|6|1.1817
313mALA: 02,03,12,19,23,24|6|1.6766
293mVAL: 09,10,15,25,26,29|6|2.0375
162mTHR: 05,15,16,21,22,28|6|1.1434
162mASN: 05,15,16,21,22,28|6|0.636
284mGLU: 03,12,15,18,19,23|6|1.6083
293mLEU: 09,10,15,25,26,29|6|3.3346
162mGLY: 05,15,16,21,22,28|6|1.8651
243mILE: 05,16,18,21,22,28|6|1.6503
243mGLN: 05,16,18,21,22,28|6|1.3011
401mTHR: 02,13,14,19,24|5|2.2366
296mGLU: 09,10,25,26,29|5|2.9896
301mGLY: 09,15,18,26,29|5|0.7515
291mCYS: 02,03,12,19,23|5|2.2572
291mILE: 02,03,12,19,23|5|0.7274
291mLEU: 02,03,12,19,23|5|1.375
401mGLY: 02,13,14,19,24|5|1.9332
296mTHR: 09,10,25,26,29|5|2.1916
441mLYS: 09,10,15,25,29|5|3.578
401mVAL: 02,13,14,19,24|5|1.4542
401mASN: 02,13,14,19,24|5|1.2915
296mGLY: 09,10,25,26,29|5|1.908
441mSER: 09,10,15,25,29|5|2.1158
441mALA: 09,10,15,25,29|5|4.6524
296mSER: 09,10,25,26,29|5|1.4545
120mGLY: 00,04,06,11,27|5|1.3463
419mTHR: 02,13,14,19,24|5|2.2873
441mTHR: 09,10,15,25,29|5|2.4071
379mGLY: 02,13,14,17,24|5|2.2443
291mTHR: 02,03,12,19,23|5|1.4484
401mALA: 02,13,14,19,24|5|3.2603
301mALA: 09,15,18,26,29|5|0.8459
291mVAL: 02,03,12,19,23|5|0.8464
441mILE: 09,10,15,25,29|5|1.6277
401mLYS: 02,13,14,19,24|5|2.2239
441mGLU: 09,10,15,25,29|5|2.0144
379mALA: 02,13,14,17,24|5|2.6112
401mILE: 02,13,14,19,24|5|1.3967
178mVAL: 00,04,06,27|4|0.7577
428mPHE: 02,03,12,23|4|0.5498
377mTHR: 02,13,14,24|4|1.9583
377mSER: 02,13,14,24|4|1.8072
147mTHR: 04,06,11,27|4|2.1111
279mMET: 02,12,23,24|4|0.7792
190mSER: 15,18,22,28|4|0.5468
265mVAL: 04,06,11,27|4|3.1328
265mALA: 04,06,11,27|4|4.1558
377mGLU: 02,13,14,24|4|2.2196
265mCYS: 04,06,11,27|4|1.279
403mLYS: 02,13,14,24|4|2.2809
312mASP: 03,12,19,23|4|1.8817
194mCYS: 05,21,22,28|4|1.3902
442mGLU: 15,25,26,29|4|1.473
178mLEU: 00,04,06,27|4|1.0699
147mVAL: 04,06,11,27|4|1.4761
146mGLY: 04,06,11,27|4|1.2818
403mILE: 02,13,14,24|4|1.3944
428mGLU: 02,03,12,23|4|1.3512
403mCYS: 02,13,14,24|4|2.4788
312mCYS: 03,12,19,23|4|5.9292
279mGLU: 02,12,23,24|4|0.2292
146mTHR: 04,06,11,27|4|1.8113
265mGLU: 04,06,11,27|4|1.416
190mASN: 15,18,22,28|4|0.5359
178mGLU: 00,04,06,27|4|1.422
147mGLY: 04,06,11,27|4|1.6798
279mASN: 02,12,23,24|4|0.474
428mCYS: 02,03,12,23|4|1.7944
279mHIS: 02,12,23,24|4|1.0144
279mSER: 02,12,23,24|4|0.518
403mGLU: 02,13,14,24|4|2.6288
265mTHR: 04,06,11,27|4|2.8065
190mHIS: 15,18,22,28|4|0.9513
403mASN: 02,13,14,24|4|1.0334
178mTHR: 00,04,06,27|4|1.2612
312mGLU: 03,12,19,23|4|1.9048
279mGLY: 02,12,23,24|4|0.6308
377mLEU: 02,13,14,24|4|1.8922
442mALA: 15,25,26,29|4|0.9611
144mGLY: 04,06,11,27|4|0.4018
190mTHR: 15,18,22,28|4|0.5958
403mTHR: 02,13,14,24|4|2.8037
190mMET: 15,18,22,28|4|0.5882
178mALA: 00,04,06,27|4|1.6787
279mGLN: 02,12,23,24|4|0.2136
279mTRP: 02,12,23,24|4|0.0576
146mVAL: 04,06,11,27|4|1.3325
377mGLY: 02,13,14,24|4|2.2805
279mTHR: 02,12,23,24|4|0.3068
265mLEU: 04,06,11,27|4|1.7248
428mLEU: 02,03,12,23|4|1.0505
377mALA: 02,13,14,24|4|3.28
359mGLU: 15,16,21,29|4|1.3105
403mGLY: 02,13,14,24|4|2.2301
194mGLU: 05,21,22,28|4|0.996
147mALA: 04,06,11,27|4|3.4458
240mLEU: 05,21,22,28|4|0.0695
240mGLU: 05,21,22,28|4|0.4283
190mGLY: 15,18,22,28|4|0.883
312mALA: 03,12,19,23|4|2.3662
145mGLU: 04,06,11,27|4|0.8791
144mMET: 04,06,11,27|4|0.6192
282mALA: 02,19,24|3|1.1948
273mARG: 12,19,23|3|0.4824
245mTYR: 05,22,28|3|0.8868
322mLEU: 02,10,25|3|0.7828
290mLEU: 15,25,29|3|1.1078
268mILE: 04,11,27|3|1.8878
276mHIS: 12,19,23|3|0.93
182mLEU: 00,04,07|3|2.4272
273mGLY: 12,19,23|3|1.8914
182mGLU: 00,04,07|3|2.8489
273mTRP: 12,19,23|3|0.9638
299mTHR: 09,25,29|3|0.3246
157mGLY: 16,20,21|3|1.0643
268mGLU: 04,11,27|3|2.6664
282mVAL: 02,19,24|3|1.197
273mALA: 12,19,23|3|1.6808
268mMET: 04,11,27|3|1.3767
273mASN: 12,19,23|3|0.9165
338mGLU: 02,13,14|3|0.3631
244mPRO: 05,22,28|3|0.6243
245mGLU: 05,22,28|3|3.306
292mTHR: 09,10,25|3|0.4352
338mLEU: 02,13,14|3|0.3858
245mARG: 05,22,28|3|0.0388
172mGLY: 15,22,28|3|1.014
290mCYS: 15,25,29|3|1.9126
245mSER: 05,22,28|3|1.3344
322mALA: 02,10,25|3|0.6038
322mMET: 02,10,25|3|1.2364
157mMET: 16,20,21|3|1.0496
157mSER: 16,20,21|3|0.8812
268mASN: 04,11,27|3|1.1315
182mTHR: 00,04,07|3|2.4154
435mILE: 15,26,29|3|0.4123
292mGLU: 09,10,25|3|0.6583
281mASP: 15,16,18|3|0.5585
244mGLY: 05,22,28|3|0.5609
191mILE: 18,22,28|3|0.689
245mASN: 05,22,28|3|1.6912
244mLEU: 05,22,28|3|2.0653
157mALA: 16,20,21|3|1.1528
268mALA: 04,11,27|3|2.055
443mGLU: 15,25,26|3|0.8613
121mALA: 06,11,27|3|2.3746
157mGLN: 16,20,21|3|1.2783
157mASN: 16,20,21|3|1.1084
266mMET: 04,11,27|3|1.0384
159mGLU: 16,20,21|3|1.6439
245mPRO: 05,22,28|3|2.6768
268mGLN: 04,11,27|3|1.7901
290mGLY: 15,25,29|3|0.8505
338mALA: 02,13,14|3|0.6921
244mVAL: 05,22,28|3|1.4843
266mTHR: 04,11,27|3|1.5615
245mPHE: 05,22,28|3|3.0364
262mALA: 00,06,07|3|1.2281
358mSER: 15,16,21|3|0.3011
157mLEU: 16,20,21|3|1.3699
282mGLY: 02,19,24|3|1.1842
273mPHE: 12,19,23|3|0.571
322mGLN: 02,10,25|3|0.43
244mASP: 05,22,28|3|1.4323
268mCYS: 04,11,27|3|3.2126
290mASP: 15,25,29|3|1.0684
269mGLY: 12,19,23|3|0.7071
273mLYS: 12,19,23|3|1.0462
273mMET: 12,19,23|3|2.1285
245mTRP: 05,22,28|3|2.5096
159mTHR: 16,20,21|3|0.703
282mSER: 02,19,24|3|0.7377
191mTHR: 18,22,28|3|1.1847
261mGLU: 00,07,23|3|1.7696
245mASP: 05,22,28|3|2.798
244mTHR: 05,22,28|3|2.2454
172mMET: 15,22,28|3|0.7799
268mPHE: 04,11,27|3|1.8157
245mALA: 05,22,28|3|2.38
282mTHR: 02,19,24|3|1.2511
308mCYS: 12,19,23|3|3.544
245mVAL: 05,22,28|3|2.7296
273mILE: 12,19,23|3|0.5122
261mALA: 00,07,23|3|0.9828
322mHIS: 02,10,25|3|1.4104
282mMET: 02,19,24|3|0.9958
282mLEU: 02,19,24|3|0.8344
119mGLU: 00,04,06|3|2.2523
266mSER: 04,11,27|3|0.7552
261mMET: 00,07,23|3|1.061
322mGLY: 02,10,25|3|1.2828
121mCYS: 06,11,27|3|2.1052
261mGLY: 00,07,23|3|1.0152
266mGLU: 04,11,27|3|1.1662
142mGLU: 06,11,27|3|1.0097
218mGLN: 15,18,28|3|1.2467
435mPHE: 15,26,29|3|0.2143
273mTHR: 12,19,23|3|1.5143
157mTRP: 16,20,21|3|1.1319
268mVAL: 04,11,27|3|1.5857
218mSER: 15,18,28|3|1.0428
268mSER: 04,11,27|3|1.1524
268mLEU: 04,11,27|3|2.1027
182mCYS: 00,04,07|3|2.9494
172mLEU: 15,22,28|3|0.3558
266mVAL: 04,11,27|3|1.0225
182mALA: 00,04,07|3|1.944
281mALA: 15,16,18|3|0.6266
157mVAL: 16,20,21|3|1.3023
299mGLU: 09,25,29|3|0.4192
273mGLU: 12,19,23|3|1.6853
268mTHR: 04,11,27|3|2.2509
329mALA: 08,10,14|3|0.2502
261mLEU: 00,07,23|3|1.3646
272mHIS: 12,19,23|3|0.4768
244mGLU: 05,22,28|3|3.1256
282mILE: 02,19,24|3|0.9097
290mILE: 15,25,29|3|0.7986
157mTHR: 16,20,21|3|1.66
261mVAL: 00,07,23|3|0.9672
262mTHR: 00,06,07|3|0.8768
299mASN: 09,25,29|3|0.4971
273mLEU: 12,19,23|3|1.2346
245mILE: 05,22,28|3|2.7272
245mMET: 05,22,28|3|2.2748
322mGLU: 02,10,25|3|1.1544
268mGLY: 04,11,27|3|1.6052
435mTHR: 15,26,29|3|0.6509
281mGLU: 15,16,18|3|1.1023
282mPHE: 02,19,24|3|0.6543
282mGLU: 02,19,24|3|0.8739
245mGLY: 05,22,28|3|1.942
273mASP: 12,19,23|3|1.6632
262mGLY: 00,06,07|3|0.7608
245mGLN: 05,22,28|3|2.7116
191mALA: 18,22,28|3|1.9872
245mHIS: 05,22,28|3|1.2116
285mGLU: 03,12,15|3|0.2712
245mCYS: 05,22,28|3|4.166
268mASP: 04,11,27|3|2.0545
157mILE: 16,20,21|3|1.2723
244mALA: 05,22,28|3|1.2636
273mSER: 12,19,23|3|1.9112
273mGLN: 12,19,23|3|1.2948
322mLYS: 02,10,25|3|0.3656
266mALA: 04,11,27|3|1.3934
261mGLN: 00,07,23|3|0.7558
261mSER: 00,07,23|3|0.6846
261mTHR: 00,07,23|3|1.451
322mTHR: 02,10,25|3|1.0656
435mGLU: 15,26,29|3|1.055
172mSER: 15,22,28|3|0.817
172mALA: 15,22,28|3|0.3805
299mGLY: 09,25,29|3|0.4673
182mTYR: 00,04,07|3|0.6839
142mILE: 06,11,27|3|0.1583
157mGLU: 16,20,21|3|1.9918
435mASP: 15,26,29|3|0.5516
437mSER: 08,09,25|3|0.8188
244mPHE: 05,22,28|3|1.682
266mGLN: 04,11,27|3|1.068
268mPRO: 04,11,27|3|1.4514
273mVAL: 12,19,23|3|0.4636
273mHIS: 12,19,23|3|2.5871
266mLEU: 04,11,27|3|1.3276
266mGLY: 04,11,27|3|1.0653
282mHIS: 02,19,24|3|1.0061
290mALA: 15,25,29|3|1.2999
244mCYS: 05,22,28|3|3.4892
142mTHR: 06,11,27|3|0.8122
290mSER: 15,25,29|3|0.5956
244mGLN: 05,22,28|3|1.1089
322mSER: 02,10,25|3|1.1996
172mHIS: 15,22,28|3|1.0266
263mGLU: 00,07,23|3|0.3625
244mILE: 05,22,28|3|1.3011
443mTHR: 15,25,26|3|0.6188
281mGLY: 15,16,18|3|1.1006
299mHIS: 09,25,29|3|0.904
266mHIS: 04,11,27|3|0.779
322mVAL: 02,10,25|3|0.5014
218mLEU: 15,18,28|3|0.9403
282mGLN: 02,19,24|3|0.92
191mGLY: 18,22,28|3|0.8966
322mASN: 02,10,25|3|0.7718
245mTHR: 05,22,28|3|2.924
268mTRP: 04,11,27|3|1.507
266mILE: 04,11,27|3|1.0385
292mLEU: 09,10,25|3|0.3273
282mASN: 02,19,24|3|1.0299
245mLEU: 05,22,28|3|3.01
218mASN: 15,18,28|3|0.8309
299mSER: 09,25,29|3|0.4164
281mLEU: 15,16,18|3|0.6514
177mLEU: 04,06|2|0.4545
171mGLU: 15,22|2|0.2776
258mASN: 19,23|2|0.6777
275mASP: 12,23|2|0.3001
321mGLU: 10,25|2|0.1285
305mTHR: 12,23|2|0.825
229mLEU: 00,07|2|1.4963
152mGLN: 19,23|2|0.3608
258mGLY: 19,23|2|1.2778
349mHIS: 01,17|2|0.2775
349mGLN: 01,17|2|0.8722
361mLYS: 15,16|2|1.4651
217mCYS: 18,28|2|2.3581
326mGLY: 08,10|2|0.8744
411mGLU: 01,08|2|0.5338
177mASP: 04,06|2|0.1267
295mTHR: 09,25|2|0.1534
258mTHR: 19,23|2|0.5266
326mTHR: 08,10|2|0.9481
318mILE: 09,25|2|0.0045
349mGLY: 01,17|2|1.3007
444mGLU: 15,26|2|1.8086
229mVAL: 00,07|2|0.8539
455mGLU: 01,17|2|0.5559
152mASN: 19,23|2|0.491
349mALA: 01,17|2|2.0084
347mLEU: 01,17|2|0.106
370mLEU: 01,17|2|0.7792
318mGLY: 09,25|2|0.7206
267mMET: 11,27|2|0.3607
177mGLU: 04,06|2|0.6709
228mPHE: 00,07|2|1.0117
444mHIS: 15,26|2|0.9565
177mVAL: 04,06|2|0.1514
229mGLY: 00,07|2|0.6413
318mTRP: 09,25|2|0.2907
314mMET: 09,25|2|0.5844
318mHIS: 09,25|2|1.0083
444mILE: 15,26|2|1.2421
152mLEU: 19,23|2|0.254
217mALA: 18,28|2|1.3517
314mGLY: 09,25|2|0.4731
325mGLU: 10,25|2|0.1638
318mTHR: 09,25|2|0.4776
421mALA: 03,13|2|0.8794
216mHIS: 18,28|2|0.2136
456mSER: 01,17|2|0.612
229mCYS: 00,07|2|1.3005
219mALA: 18,28|2|2.1216
171mSER: 15,22|2|0.5664
152mTHR: 19,23|2|0.4074
334mGLY: 08,14|2|0.3809
318mSER: 09,25|2|0.636
229mSER: 00,07|2|0.6092
216mCYS: 18,28|2|1.6195
326mVAL: 08,10|2|0.2913
325mHIS: 10,25|2|0.2919
177mALA: 04,06|2|0.3424
228mASP: 00,07|2|0.8412
456mVAL: 01,17|2|0.2058
158mGLU: 16,20|2|1.0382
257mGLY: 19,23|2|0.4234
411mHIS: 01,08|2|0.3345
267mLEU: 11,27|2|0.3287
267mTHR: 11,27|2|0.3934
349mMET: 01,17|2|0.9494
141mLEU: 06,11|2|0.9175
349mTHR: 01,17|2|2.0998
275mGLU: 12,23|2|0.2368
305mGLN: 12,23|2|0.3632
177mTHR: 04,06|2|0.409
295mGLU: 09,25|2|0.1146
171mASN: 15,22|2|0.5224
228mCYS: 00,07|2|1.6742
258mHIS: 19,23|2|0.8459
158mCYS: 16,20|2|0.6951
444mTRP: 15,26|2|0.4923
267mGLU: 11,27|2|0.4572
370mASP: 01,17|2|0.4088
229mALA: 00,07|2|0.8222
171mGLY: 15,22|2|0.6792
275mSER: 12,23|2|0.2288
305mPRO: 12,23|2|0.9172
228mLEU: 00,07|2|1.1272
228mGLY: 00,07|2|0.4839
347mCYS: 01,17|2|0.684
171mTRP: 15,22|2|0.106
295mASN: 09,25|2|0.237
370mGLU: 01,17|2|1.0557
325mLEU: 10,25|2|0.1283
267mILE: 11,27|2|0.0558
258mGLU: 19,23|2|1.2902
326mGLN: 08,10|2|0.5702
444mGLN: 15,26|2|1.0889
171mTHR: 15,22|2|0.3552
228mALA: 00,07|2|0.5986
152mVAL: 19,23|2|0.2298
451mALA: 01,17|2|1.0329
326mASN: 08,10|2|0.4869
171mMET: 15,22|2|0.8276
267mHIS: 11,27|2|0.3889
349mGLU: 01,17|2|2.1826
314mTRP: 09,25|2|0.0432
370mILE: 01,17|2|0.3649
349mVAL: 01,17|2|1.7238
326mSER: 08,10|2|0.6972
305mLEU: 12,23|2|0.514
141mSER: 06,11|2|0.7576
361mALA: 15,16|2|0.5959
355mGLY: 15,16|2|0.1764
326mILE: 08,10|2|0.5257
318mGLN: 09,25|2|0.4077
349mCYS: 01,17|2|2.1742
370mTHR: 01,17|2|0.8009
158mASP: 16,20|2|0.2524
314mGLU: 09,25|2|0.1719
152mGLU: 19,23|2|0.3686
270mSER: 19,23|2|0.4104
141mASN: 06,11|2|0.8248
141mILE: 06,11|2|0.6848
305mHIS: 12,23|2|0.1276
314mSER: 09,25|2|0.3885
370mPHE: 01,17|2|0.4637
361mASP: 15,16|2|0.9997
141mGLY: 06,11|2|0.9659
444mSER: 15,26|2|0.8009
228mTRP: 00,07|2|0.7663
257mGLU: 19,23|2|0.4334
361mCYS: 15,16|2|2.4556
152mALA: 19,23|2|0.1418
318mLEU: 09,25|2|0.2475
314mASN: 09,25|2|0.3555
444mCYS: 15,26|2|3.2875
456mALA: 01,17|2|0.2878
229mTHR: 00,07|2|1.5143
334mSER: 08,14|2|0.0355
141mVAL: 06,11|2|0.8232
228mASN: 00,07|2|0.2566
258mLYS: 19,23|2|0.7105
257mSER: 19,23|2|0.3581
228mVAL: 00,07|2|0.9048
152mTRP: 19,23|2|0.2828
295mMET: 09,25|2|0.3896
318mASN: 09,25|2|0.603
456mHIS: 01,17|2|0.8403
444mASN: 15,26|2|1.0462
229mGLU: 00,07|2|1.9983
318mALA: 09,25|2|0.0792
456mMET: 01,17|2|0.6218
216mGLY: 18,28|2|0.2852
270mMET: 19,23|2|0.658
318mVAL: 09,25|2|0.2112
365mALA: 01,15|2|0.7952
314mHIS: 09,25|2|0.7608
411mTHR: 01,08|2|0.4133
267mVAL: 11,27|2|0.2001
141mMET: 06,11|2|1.1233
325mSER: 10,25|2|0.3305
228mGLU: 00,07|2|1.4065
370mVAL: 01,17|2|0.5104
152mLYS: 19,23|2|0.089
267mALA: 11,27|2|0.2953
216mASP: 18,28|2|0.3227
295mHIS: 09,25|2|0.5072
444mTHR: 15,26|2|1.7836
305mASP: 12,23|2|1.272
314mTHR: 09,25|2|0.2301
216mALA: 18,28|2|0.6496
275mHIS: 12,23|2|0.7769
361mGLY: 15,16|2|0.5082
270mGLY: 19,23|2|0.5581
349mPRO: 01,17|2|0.6885
267mLYS: 11,27|2|0.2026
267mSER: 11,27|2|0.4076
228mMET: 00,07|2|0.7706
141mGLN: 06,11|2|0.9497
421mLYS: 03,13|2|0.5741
326mGLU: 08,10|2|1.1532
326mALA: 08,10|2|0.8914
349mASN: 01,17|2|0.5289
295mSER: 09,25|2|0.259
318mMET: 09,25|2|0.8319
295mTRP: 09,25|2|0.0288
228mILE: 00,07|2|0.8341
295mGLN: 09,25|2|0.1068
171mLEU: 15,22|2|0.0484
444mPRO: 15,26|2|1.2902
335mSER: 13,14|2|0.538
314mGLN: 09,25|2|0.1602
456mGLY: 01,17|2|0.7956
152mGLY: 19,23|2|0.5694
370mGLN: 01,17|2|0.4002
275mMET: 12,23|2|0.4947
267mGLY: 11,27|2|0.421
444mALA: 15,26|2|1.726
411mMET: 01,08|2|0.4545
257mHIS: 19,23|2|0.3294
270mHIS: 19,23|2|1.1225
295mGLY: 09,25|2|0.3154
349mPHE: 01,17|2|1.227
326mTRP: 08,10|2|0.3491
456mILE: 01,17|2|0.0829
152mHIS: 19,23|2|0.7612
141mGLU: 06,11|2|1.1061
171mGLN: 15,22|2|0.262
171mHIS: 15,22|2|1.0628
444mMET: 15,26|2|0.4069
305mPHE: 12,23|2|0.5978
258mASP: 19,23|2|0.5677
305mILE: 12,23|2|0.7096
444mGLY: 15,26|2|1.4691
347mTHR: 01,17|2|0.063
141mTHR: 06,11|2|1.0494
349mASP: 01,17|2|0.8257
365mGLY: 01,15|2|0.4749
250mCYS: 16,20|2|0.6671
228mTHR: 00,07|2|1.1394
229mASP: 00,07|2|0.5222
347mGLU: 01,17|2|0.254
326mLEU: 08,10|2|0.6802
444mASP: 15,26|2|1.7629
318mGLU: 09,25|2|0.4194
177mCYS: 04,06|2|0.7187
347mPHE: 01,17|2|0.1192
228mGLN: 00,07|2|0.9568
349mILE: 01,17|2|1.278
456mLEU: 01,17|2|0.2297
152mMET: 19,23|2|0.6436
325mGLY: 10,25|2|0.4711
411mLEU: 01,08|2|0.2167
411mGLY: 01,08|2|0.3574
152mSER: 19,23|2|0.513
349mLEU: 01,17|2|1.8388
305mGLY: 12,23|2|0.3514
141mTRP: 06,11|2|0.8212
152mILE: 19,23|2|0.092
370mCYS: 01,17|2|1.0248
444mLEU: 15,26|2|0.8204
305mVAL: 12,23|2|1.109
305mGLU: 12,23|2|1.38
217mGLU: 18,28|2|1.1106
141mHIS: 06,11|2|0.9751
305mCYS: 12,23|2|4.1812
335mHIS: 13,14|2|0.4807
335mMET: 13,14|2|0.3234
229mGLN: 00,07|2|0.8039
305mALA: 12,23|2|1.2232
334mMET: 08,14|2|0.5241
335mALA: 13,14|2|0.3604
258mSER: 19,23|2|1.2342
267mASP: 11,27|2|0.0643
219mCYS: 18,28|2|3.2254
141mALA: 06,11|2|0.6478
349mSER: 01,17|2|0.623
335mGLY: 13,14|2|0.692
444mVAL: 15,26|2|0.7928
388mLYS: 08|1|0.1989
259mPHE: 00|1|0.1245
388mHIS: 08|1|0.0491
235mGLU: 20|1|0.9413
397mHIS: 03|1|0.2657
205mPHE: 20|1|1.5182
204mMET: 20|1|0.2799
310mSER: 24|1|0.2816
391mGLN: 29|1|0.4562
210mTRP: 27|1|0.0969
235mPHE: 20|1|0.6093
417mTHR: 02|1|0.1799
445mASN: 15|1|0.5174
445mTHR: 15|1|0.6126
210mHIS: 27|1|0.3361
450mTHR: 17|1|0.5997
418mTRP: 24|1|0.4544
346mVAL: 17|1|0.1057
201mGLU: 20|1|1.2096
183mILE: 00|1|0.1735
328mLEU: 10|1|0.0561
344mTYR: 17|1|0.138
259mGLY: 00|1|0.4175
328mGLY: 10|1|0.2138
450mILE: 17|1|0.6229
208mGLU: 07|1|0.1573
446mTRP: 15|1|0.3539
204mVAL: 20|1|0.8943
376mALA: 02|1|0.0227
230mPRO: 07|1|0.1837
210mTHR: 27|1|0.1592
122mALA: 27|1|0.096
310mPHE: 24|1|0.0168
220mALA: 15|1|0.096
206mALA: 20|1|1.19
140mVAL: 18|1|0.1149
445mLYS: 15|1|0.6507
310mASN: 24|1|0.2706
183mGLU: 00|1|0.5813
445mSER: 15|1|0.1102
259mASN: 00|1|0.3783
417mCYS: 02|1|0.1795
402mASN: 13|1|0.1306
341mTHR: 14|1|0.4125
412mTYR: 08|1|0.2156
389mTYR: 08|1|0.5915
277mLEU: 15|1|0.1472
248mLEU: 16|1|0.835
430mGLU: 03|1|0.1383
137mASN: 06|1|0.1746
226mLEU: 07|1|0.4189
446mPRO: 15|1|0.6275
259mALA: 00|1|0.2037
368mLEU: 01|1|1.5486
412mHIS: 08|1|0.2333
249mILE: 16|1|0.9913
390mLEU: 08|1|0.5657
389mGLY: 08|1|0.7603
208mGLN: 07|1|0.0087
389mLEU: 08|1|0.5897
173mLYS: 15|1|0.1773
412mALA: 08|1|0.3558
344mGLU: 17|1|0.2086
235mALA: 20|1|0.6613
450mCYS: 17|1|0.1405
328mHIS: 10|1|0.3097
341mHIS: 14|1|0.0638
341mPRO: 14|1|0.4586
391mPHE: 29|1|0.5374
259mSER: 00|1|0.3893
418mSER: 24|1|0.3832
210mGLN: 27|1|0.1359
235mVAL: 20|1|0.6095
237mPHE: 20|1|0.0767
389mHIS: 08|1|0.317
328mMET: 10|1|0.2509
173mSER: 15|1|0.3893
390mGLY: 08|1|0.9691
333mTHR: 08|1|0.2314
205mTHR: 20|1|1.462
393mTHR: 10|1|0.1592
137mSER: 06|1|0.1856
277mVAL: 15|1|0.1354
122mARG: 27|1|0.0168
253mGLU: 20|1|0.1424
339mLEU: 14|1|0.0283
389mILE: 08|1|0.5139
137mHIS: 06|1|0.3097
173mARG: 15|1|0.1245
226mASN: 07|1|0.0892
226mTHR: 07|1|0.3974
369mLEU: 01|1|0.9183
450mLYS: 17|1|0.9469
402mTHR: 13|1|0.0888
333mGLY: 08|1|0.248
230mCYS: 07|1|0.556
220mILE: 15|1|0.0711
235mTHR: 20|1|0.7626
413mCYS: 01|1|0.3105
445mPRO: 15|1|0.455
344mTHR: 17|1|0.1254
205mTYR: 20|1|0.4434
249mHIS: 16|1|0.5681
122mGLN: 27|1|0.2055
418mPRO: 24|1|0.728
163mASP: 16|1|0.0432
368mTYR: 01|1|0.4876
137mMET: 06|1|0.2509
410mVAL: 08|1|0.0704
163mVAL: 16|1|0.009
311mGLY: 09|1|0.2402
423mCYS: 17|1|0.0833
387mGLU: 01|1|0.2557
137mGLU: 06|1|0.1134
418mGLY: 24|1|0.5314
369mVAL: 01|1|0.9899
348mCYS: 17|1|0.3101
417mLEU: 02|1|0.1919
212mSER: 27|1|0.2832
404mGLY: 13|1|0.081
368mPHE: 01|1|1.3684
390mALA: 08|1|1.512
201mSER: 20|1|0.2238
380mTYR: 17|1|0.0442
204mGLU: 20|1|1.0213
336mASN: 14|1|0.4076
402mHIS: 13|1|0.2657
369mPRO: 01|1|0.2041
204mGLN: 20|1|0.2139
341mPHE: 14|1|0.2989
212mASN: 27|1|0.2612
332mGLN: 13|1|0.1887
173mTHR: 15|1|0.3365
274mLEU: 15|1|0.0647
339mALA: 14|1|0.116
390mSER: 08|1|0.6145
393mGLY: 10|1|0.2402
397mTRP: 03|1|0.0265
205mMET: 20|1|1.1374
389mCYS: 08|1|0.3905
332mGLU: 13|1|0.1926
173mVAL: 15|1|0.2477
278mVAL: 15|1|0.0248
373mLEU: 17|1|0.0335
206mASP: 20|1|1.399
430mLEU: 03|1|0.081
390mTYR: 08|1|0.1825
248mTYR: 16|1|0.1521
249mMET: 16|1|1.0409
173mTYR: 15|1|0.1077
208mTHR: 07|1|0.0618
368mCYS: 01|1|2.1142
212mGLU: 27|1|0.1388
206mASN: 20|1|0.8456
368mGLU: 01|1|1.7678
212mTRP: 27|1|0.053
389mPRO: 08|1|0.3019
393mGLN: 10|1|0.1359
220mVAL: 15|1|0.14
393mHIS: 10|1|0.3361
404mMET: 13|1|0.1181
389mGLN: 08|1|0.0767
412mVAL: 08|1|0.1214
248mGLY: 16|1|0.7257
173mGLN: 15|1|0.3132
446mGLY: 15|1|0.4309
388mTYR: 08|1|0.2431
339mGLN: 14|1|0.1049
450mHIS: 17|1|0.429
173mGLU: 15|1|0.3171
417mALA: 02|1|0.2146
204mILE: 20|1|0.5245
249mLEU: 16|1|1.2137
332mILE: 13|1|0.0543
310mLEU: 24|1|0.1521
204mASN: 20|1|0.085
418mTYR: 24|1|0.3605
433mASP: 29|1|0.0171
183mLEU: 00|1|0.4361
205mSER: 20|1|0.6672
391mSER: 29|1|0.1119
277mGLY: 15|1|0.5554
274mCYS: 15|1|0.2237
226mMET: 07|1|0.2351
173mMET: 15|1|0.4546
453mLYS: 17|1|0.0038
450mLEU: 17|1|0.3149
418mCYS: 24|1|0.4595
259mLEU: 00|1|0.2598
251mTHR: 20|1|0.8506
390mMET: 08|1|0.1686
368mASP: 01|1|1.3052
393mSER: 10|1|0.212
402mLEU: 13|1|0.0121
205mPRO: 20|1|1.3384
212mGLN: 27|1|0.131
422mALA: 17|1|0.2487
391mALA: 29|1|0.3733
368mALA: 01|1|1.2563
122mTHR: 27|1|0.2288
450mALA: 17|1|0.945
339mSER: 14|1|0.3232
173mHIS: 15|1|0.5134
220mSER: 15|1|0.2816
369mGLY: 01|1|0.7126
391mASN: 29|1|0.2011
368mASN: 01|1|0.6467
140mGLY: 18|1|0.2847
433mGLU: 29|1|0.1441
278mALA: 15|1|0.4528
412mCYS: 08|1|0.0217
277mHIS: 15|1|0.5042
412mMET: 08|1|0.2357
402mGLN: 13|1|0.0655
248mALA: 16|1|0.6214
235mGLY: 20|1|0.4637
251mMET: 20|1|0.7049
346mGLY: 17|1|0.1297
249mPHE: 16|1|1.0916
220mTHR: 15|1|0.2288
368mVAL: 01|1|1.2919
391mPRO: 29|1|0.4475
410mGLY: 08|1|0.2402
201mGLN: 20|1|0.9124
311mSER: 09|1|0.212
393mASN: 10|1|0.201
205mARG: 20|1|0.0194
235mLEU: 20|1|0.7961
388mLEU: 08|1|0.2425
201mTRP: 20|1|0.8114
274mSER: 15|1|0.188
418mASP: 24|1|0.5737
235mSER: 20|1|0.3266
259mASP: 00|1|0.1328
393mALA: 10|1|0.0264
259mARG: 00|1|0.1245
339mTRP: 14|1|0.002
212mMET: 27|1|0.4138
251mALA: 20|1|1.0291
332mSER: 13|1|0.2648
446mARG: 15|1|0.3205
204mPRO: 20|1|0.1085
173mALA: 15|1|0.2037
445mGLU: 15|1|0.3913
388mGLU: 08|1|0.3137
332mLYS: 13|1|0.0528
122mPHE: 27|1|0.0168
163mLEU: 16|1|0.1492
248mPRO: 16|1|0.4919
417mMET: 02|1|0.0291
351mALA: 01|1|0.3124
310mASP: 24|1|0.0251
122mASP: 27|1|0.0251
235mILE: 20|1|0.5335
249mPRO: 16|1|0.7873
393mTRP: 10|1|0.0969
369mASP: 01|1|0.0956
205mHIS: 20|1|0.6058
389mALA: 08|1|1.2652
422mCYS: 17|1|0.1159
183mCYS: 00|1|0.7127
333mSER: 08|1|0.0098
205mGLU: 20|1|1.653
332mTHR: 13|1|0.212
230mTHR: 07|1|0.2455
430mGLY: 03|1|0.2387
173mILE: 15|1|0.1788
248mHIS: 16|1|0.639
328mVAL: 10|1|0.044
339mGLY: 14|1|0.2403
204mSER: 20|1|0.0764
388mPHE: 08|1|0.0491
341mGLY: 14|1|0.1757
348mGLU: 17|1|0.1787
201mPRO: 20|1|0.895
235mPRO: 20|1|0.36
220mASN: 15|1|0.2706
389mLYS: 08|1|1.1345
388mMET: 08|1|0.0797
336mHIS: 14|1|0.5934
332mTRP: 13|1|0.1497
122mASN: 27|1|0.2706
397mGLY: 03|1|0.1698
423mALA: 17|1|0.7567
412mTHR: 08|1|0.4192
430mMET: 03|1|0.2758
422mGLY: 17|1|0.0345
201mASP: 20|1|0.9556
450mSER: 17|1|0.3781
183mGLN: 00|1|0.0783
248mMET: 16|1|0.846
391mCYS: 29|1|0.8198
393mILE: 10|1|0.0015
205mGLY: 20|1|0.971
341mILE: 14|1|0.3548
390mARG: 08|1|0.0443
210mMET: 27|1|0.2773
418mILE: 24|1|0.4857
251mSER: 20|1|0.5837
418mTHR: 24|1|0.8856
332mVAL: 13|1|0.1232
446mALA: 15|1|0.2139
311mLEU: 09|1|0.0825
369mCYS: 01|1|0.9771
445mCYS: 15|1|0.1865
277mMET: 15|1|0.3445
122mGLY: 27|1|0.3098
163mILE: 16|1|0.0078
385mCYS: 01|1|0.215
249mASN: 16|1|0.6728
373mGLU: 17|1|0.1787
402mGLY: 13|1|0.1698
183mALA: 00|1|0.3013
249mSER: 16|1|0.5054
368mTRP: 01|1|0.8417
253mALA: 20|1|0.0454
417mVAL: 02|1|0.0754
235mGLN: 20|1|0.4383
380mLEU: 17|1|0.0436
226mGLU: 07|1|0.4929
163mGLU: 16|1|0.2972
220mGLN: 15|1|0.2055
445mGLN: 15|1|0.1981
173mLEU: 15|1|0.2598
205mGLN: 20|1|1.3558
430mALA: 03|1|0.0249
259mMET: 00|1|0.4546
249mTHR: 16|1|1.2474
388mSER: 08|1|0.1919
333mILE: 08|1|0.2546
387mCYS: 01|1|0.0888
393mLEU: 10|1|0.0825
201mTHR: 20|1|1.0186
397mMET: 03|1|0.2069
412mGLY: 08|1|0.3934
397mTHR: 03|1|0.0888
311mGLN: 09|1|0.1359
433mCYS: 29|1|0.3591
341mALA: 14|1|0.6116
274mHIS: 15|1|0.1681
206mILE: 20|1|1.3636
204mPHE: 20|1|0.3977
220mGLY: 15|1|0.3098
409mCYS: 08|1|0.1124
368mTHR: 01|1|1.4936
369mMET: 01|1|0.3755
417mLYS: 02|1|0.1483
173mPHE: 15|1|0.1245
140mTHR: 18|1|0.2037
140mMET: 18|1|0.3218
278mGLY: 15|1|0.1856
204mTHR: 20|1|1.1172
248mSER: 16|1|0.5456
390mILE: 08|1|0.3623
230mTRP: 07|1|0.1419
248mTRP: 16|1|0.7243
390mHIS: 08|1|0.3835
332mLEU: 13|1|0.1353
344mLYS: 17|1|0.0938
226mILE: 07|1|0.3482
237mGLU: 20|1|0.1441
410mTRP: 08|1|0.0969
204mGLY: 20|1|0.617
137mTRP: 06|1|0.0705
251mHIS: 20|1|0.5567
251mPRO: 20|1|0.4069
446mGLU: 15|1|0.5638
220mGLU: 15|1|0.2094
251mGLU: 20|1|0.9149
122mMET: 27|1|0.3469
445mASP: 15|1|0.3007
230mILE: 07|1|0.1963
212mTHR: 27|1|0.1776
170mHIS: 22|1|0.1241
208mILE: 07|1|0.0126
122mLYS: 27|1|0.0696
220mMET: 15|1|0.3469
251mLEU: 20|1|0.9158
418mVAL: 24|1|0.1005
388mCYS: 08|1|0.2301
277mGLU: 15|1|0.1115
212mGLY: 27|1|0.3396
413mPHE: 01|1|0.0281
208mPHE: 07|1|0.0899
418mLYS: 24|1|0.9237
237mLEU: 20|1|0.0701
409mGLU: 08|1|0.4419
430mTRP: 03|1|0.0954
306mGLU: 23|1|0.074
206mGLY: 20|1|0.971
393mVAL: 10|1|0.0704
332mARG: 13|1|0.0
226mCYS: 07|1|0.7079
206mPRO: 20|1|1.3384
208mVAL: 07|1|0.0132
328mASN: 10|1|0.1746
389mVAL: 08|1|0.8136
391mLEU: 29|1|0.5308
391mVAL: 29|1|0.4607
446mASP: 15|1|0.4732
368mPRO: 01|1|1.0292
390mTHR: 08|1|0.7828
390mCYS: 08|1|0.5747
277mALA: 15|1|0.2614
251mLYS: 20|1|0.1005
203mALA: 20|1|0.4168
346mLEU: 17|1|0.3044
220mLEU: 15|1|0.1521
369mGLU: 01|1|1.1169
310mILE: 24|1|0.0711
294mCYS: 26|1|0.215
249mTRP: 16|1|0.9779
380mALA: 17|1|0.0663
235mTYR: 20|1|0.2659
206mHIS: 20|1|0.6058
376mGLU: 02|1|0.0712
206mVAL: 20|1|1.3648
237mTHR: 20|1|0.0486
446mGLN: 15|1|0.3706
183mTHR: 00|1|0.4026
163mPHE: 16|1|0.1624
122mVAL: 27|1|0.14
410mGLN: 08|1|0.1359
212mHIS: 27|1|0.5314
368mILE: 01|1|1.2153
344mVAL: 17|1|0.0209
409mLEU: 08|1|0.1682
389mARG: 08|1|0.2635
208mCYS: 07|1|0.3723
208mASP: 07|1|0.0303
248mASN: 16|1|0.6238
346mGLU: 17|1|0.5069
388mTHR: 08|1|0.2305
210mGLY: 27|1|0.2402
137mGLY: 06|1|0.2138
446mTHR: 15|1|0.7851
248mGLN: 16|1|0.8138
328mSER: 10|1|0.1856
413mLEU: 01|1|0.0215
404mHIS: 13|1|0.1769
344mALA: 17|1|0.1601
230mGLN: 07|1|0.1924
203mVAL: 20|1|0.1044
418mHIS: 24|1|0.273
410mASN: 08|1|0.201
433mPHE: 29|1|0.0767
183mASP: 00|1|0.2457
259mHIS: 00|1|0.5134
277mILE: 15|1|0.0814
391mGLU: 29|1|0.6048
259mTRP: 00|1|0.2742
220mASP: 15|1|0.0251
163mCYS: 16|1|0.7272
251mTRP: 20|1|0.5725
417mGLU: 02|1|0.2631
230mGLU: 07|1|0.341
310mHIS: 24|1|0.4057
230mVAL: 07|1|0.1969
404mASN: 13|1|0.0418
402mMET: 13|1|0.2069
346mCYS: 17|1|0.261
445mGLY: 15|1|0.2584
233mGLU: 20|1|0.0485
341mCYS: 14|1|2.0906
388mGLY: 08|1|0.1771
450mPRO: 17|1|0.7327
344mLEU: 17|1|0.1374
205mVAL: 20|1|1.3648
341mGLN: 14|1|0.1816
423mLYS: 17|1|0.3188
328mTRP: 10|1|0.0705
418mASN: 24|1|0.7904
410mMET: 08|1|0.2773
206mTRP: 20|1|1.2548
393mGLU: 10|1|0.1398
140mLEU: 18|1|0.127
251mPHE: 20|1|0.5164
402mSER: 13|1|0.1416
328mGLU: 10|1|0.1134
445mTRP: 15|1|0.1814
433mTHR: 29|1|0.0486
201mHIS: 20|1|0.1624
230mMET: 07|1|0.0832
397mLEU: 03|1|0.0121
410mSER: 08|1|0.212
170mMET: 22|1|0.0653
346mTHR: 17|1|0.3476
226mPHE: 07|1|0.4255
412mLEU: 08|1|0.3665
368mHIS: 01|1|0.456
410mHIS: 08|1|0.3361
369mASN: 01|1|0.1806
259mTYR: 00|1|0.1077
332mGLY: 13|1|0.293
404mSER: 13|1|0.0528
311mALA: 09|1|0.0264
397mGLN: 03|1|0.0655
248mILE: 16|1|0.6833
183mGLY: 00|1|0.1037
173mASP: 15|1|0.1328
237mASP: 20|1|0.0171
332mASN: 13|1|0.2538
259mILE: 00|1|0.1788
430mTHR: 03|1|0.1577
208mLEU: 07|1|0.0833
251mVAL: 20|1|0.4543
339mASP: 14|1|0.2306
397mGLU: 03|1|0.0694
201mCYS: 20|1|1.6396
391mTRP: 29|1|0.4057
369mALA: 01|1|1.2227
341mVAL: 14|1|0.5545
310mGLN: 24|1|0.2055
235mMET: 20|1|0.4495
333mVAL: 08|1|0.4035
388mASP: 08|1|0.1051
450mASN: 17|1|0.6031
249mCYS: 16|1|1.4717
212mLEU: 27|1|0.0242
311mASN: 09|1|0.201
430mSER: 03|1|0.2105
346mALA: 17|1|0.1135
210mSER: 27|1|0.212
203mTHR: 20|1|0.0368
445mILE: 15|1|0.2127
351mLYS: 01|1|0.248
339mHIS: 14|1|0.6593
122mGLU: 27|1|0.2094
412mGLU: 08|1|0.5662
306mCYS: 23|1|0.289
344mGLY: 17|1|0.072
391mHIS: 29|1|0.0812
201mILE: 20|1|0.9202
210mALA: 27|1|0.0264
446mCYS: 15|1|0.359
206mLEU: 20|1|1.505
380mGLU: 17|1|0.1148
210mVAL: 27|1|0.0704
251mILE: 20|1|0.7175
205mASN: 20|1|0.8456
332mASP: 13|1|0.0083
201mLEU: 20|1|1.0616
230mALA: 07|1|0.1095
339mTHR: 14|1|0.19
278mLYS: 15|1|0.0356
388mVAL: 08|1|0.126
205mALA: 20|1|1.19
310mALA: 24|1|0.096
369mTHR: 01|1|1.2128
446mTYR: 15|1|0.26
380mTHR: 17|1|0.0316
206mGLN: 20|1|1.3558
203mLYS: 20|1|0.3524
183mVAL: 00|1|0.2495
210mASN: 27|1|0.201
205mASP: 20|1|1.399
226mGLY: 07|1|0.1519
413mGLU: 01|1|0.0955
418mALA: 24|1|0.3144
417mSER: 02|1|0.1413
137mVAL: 06|1|0.044
205mILE: 20|1|1.3636
248mASP: 16|1|0.655
391mILE: 29|1|0.4601
140mGLU: 18|1|0.1843
348mLEU: 17|1|0.0335
412mLYS: 08|1|0.1968
259mTHR: 00|1|0.3365
341mASP: 14|1|0.636
389mTHR: 08|1|0.8505
336mSER: 14|1|0.4968
412mSER: 08|1|0.3948
418mGLN: 24|1|0.4711
328mGLN: 10|1|0.1095
220mPHE: 15|1|0.0168
311mVAL: 09|1|0.0704
226mTRP: 07|1|0.2938
122mILE: 27|1|0.0711
311mMET: 09|1|0.2773
445mTYR: 15|1|0.0875
201mPHE: 20|1|1.0748
311mGLU: 09|1|0.1398
450mTRP: 17|1|0.1123
235mASN: 20|1|0.2239
249mGLY: 16|1|0.8374
140mLYS: 18|1|0.0445
450mTYR: 17|1|0.3155
311mHIS: 09|1|0.3361
310mMET: 24|1|0.3469
259mGLN: 00|1|0.3132
140mHIS: 18|1|0.3806
140mSER: 18|1|0.2565
201mMET: 20|1|0.694
368mSER: 01|1|0.6602
373mCYS: 17|1|0.3101
274mVAL: 15|1|0.065
390mLYS: 08|1|1.0477
163mTHR: 16|1|0.1062
310mGLU: 24|1|0.2094
336mGLU: 14|1|0.7658
226mPRO: 07|1|0.3356
368mMET: 01|1|1.0182
369mPHE: 01|1|0.4933
259mGLU: 00|1|0.3171
389mMET: 08|1|0.2197
220mTRP: 15|1|0.1665
251mGLY: 20|1|0.8816
205mTRP: 20|1|1.2548
235mASP: 20|1|0.6057
140mGLN: 18|1|0.1804
235mCYS: 20|1|1.0727
418mGLU: 24|1|0.6643
205mCYS: 20|1|2.083
251mGLN: 20|1|0.7482
206mPHE: 20|1|1.5182
333mPRO: 08|1|0.3644
410mLEU: 08|1|0.0825
249mASP: 16|1|0.9807
183mPHE: 00|1|0.2493
310mVAL: 24|1|0.14
253mTYR: 20|1|0.0012
170mGLY: 22|1|0.0282
368mGLY: 01|1|0.9492
336mTHR: 14|1|0.5492
140mASN: 18|1|0.2455
230mLEU: 07|1|0.267
446mASN: 15|1|0.6899
311mILE: 09|1|0.0015
450mVAL: 17|1|0.7718
450mGLU: 17|1|0.1658
430mGLN: 03|1|0.1344
122mHIS: 27|1|0.4057
206mGLU: 20|1|1.653
235mHIS: 20|1|0.1531
226mASP: 07|1|0.3659
332mMET: 13|1|0.3301
446mHIS: 15|1|0.1725
274mGLY: 15|1|0.3152
390mASN: 08|1|0.1074
140mTRP: 18|1|0.1414
310mGLY: 24|1|0.3098
333mPHE: 08|1|0.0305
248mPHE: 16|1|0.7063
336mGLY: 14|1|0.4765
277mASN: 15|1|0.0185
249mALA: 16|1|0.8426
278mILE: 15|1|0.1924
220mARG: 15|1|0.0168
409mTHR: 08|1|0.1994
389mGLU: 08|1|0.583
137mLEU: 06|1|0.0561
248mTHR: 16|1|0.8902
206mARG: 20|1|0.0194
391mTHR: 29|1|0.5093
226mGLN: 07|1|0.3443
332mALA: 13|1|0.0792
369mGLN: 01|1|0.3095
410mTHR: 08|1|0.1592
450mARG: 17|1|0.5989
206mSER: 20|1|0.6672
137mGLN: 06|1|0.1095
137mTHR: 06|1|0.1328
201mALA: 20|1|0.7466
311mTHR: 09|1|0.1592
140mALA: 18|1|0.0709
220mLYS: 15|1|0.0696
390mGLU: 08|1|0.4841
248mCYS: 16|1|0.804
204mALA: 20|1|1.1271
445mALA: 15|1|0.0414
206mMET: 20|1|1.1374
344mCYS: 17|1|0.125
391mGLY: 29|1|0.2638
344mSER: 17|1|0.0868
122mTRP: 27|1|0.1665
206mTHR: 20|1|1.462
310mLYS: 24|1|0.0696
220mHIS: 15|1|0.4057
206mCYS: 20|1|2.083
204mCYS: 20|1|0.8815
140mILE: 18|1|0.046
201mASN: 20|1|0.4022
417mGLY: 02|1|0.1265
418mLEU: 24|1|0.0342
328mTHR: 10|1|0.1328
249mVAL: 16|1|1.0614
388mALA: 08|1|0.2652
446mILE: 15|1|0.3852
391mMET: 29|1|0.347
201mVAL: 20|1|0.9214
259mVAL: 00|1|0.2477
201mGLY: 20|1|0.5276
248mGLU: 16|1|0.9663
311mTRP: 09|1|0.0969
397mASN: 03|1|0.1306
346mMET: 17|1|0.1526
274mALA: 15|1|0.235
205mLEU: 20|1|1.505
410mGLU: 08|1|0.1398
310mTHR: 24|1|0.2288
433mLEU: 29|1|0.0701
368mGLN: 01|1|1.1162
369mILE: 01|1|0.6201
450mMET: 17|1|0.2705
389mASN: 08|1|0.3929
402mTRP: 13|1|0.0265
251mCYS: 20|1|1.413
248mVAL: 16|1|0.7528
410mILE: 08|1|0.0015
418mARG: 24|1|0.421
380mCYS: 17|1|0.0312
417mASP: 02|1|0.0545
397mSER: 03|1|0.1416
183mMET: 00|1|0.0895
306mPHE: 23|1|0.0066
445mARG: 15|1|0.148
160mGLU: 20|1|0.0724
259mLYS: 00|1|0.1773
450mGLN: 17|1|0.3683
339mGLU: 14|1|0.2911
173mASN: 15|1|0.3783
173mTRP: 15|1|0.2742
333mALA: 08|1|0.5767
430mVAL: 03|1|0.0689
430mHIS: 03|1|0.3346
341mGLU: 14|1|0.69
341mLEU: 14|1|0.257
389mSER: 08|1|0.5517
122mSER: 27|1|0.2816
333mASN: 08|1|0.2348
446mSER: 15|1|0.2827
210mGLU: 27|1|0.1398
390mVAL: 08|1|0.3982
339mMET: 14|1|0.4888
277mSER: 15|1|0.4
210mLEU: 27|1|0.0825
226mALA: 07|1|0.2614
274mILE: 15|1|0.0799
332mHIS: 13|1|0.3889
388mILE: 08|1|0.0506
389mPHE: 08|1|0.2868
173mGLY: 15|1|0.4175
226mVAL: 07|1|0.3488
417mTYR: 02|1|0.1925
235mTRP: 20|1|0.2143
210mILE: 27|1|0.0015
333mLYS: 08|1|0.5786
333mHIS: 08|1|0.0607
376mTYR: 02|1|0.0006
369mSER: 01|1|0.172
310mARG: 24|1|0.0168
410mALA: 08|1|0.0264
204mLEU: 20|1|0.8227
393mMET: 10|1|0.2773
251mASP: 20|1|0.8868
336mASP: 14|1|0.1889
122mLEU: 27|1|0.1521
310mTRP: 24|1|0.1665
391mASP: 29|1|0.4778
450mPHE: 17|1|0.3988
249mGLN: 16|1|1.1179
237mCYS: 20|1|0.3591
402mGLU: 13|1|0.0694
446mLYS: 15|1|0.8232
230mASP: 07|1|0.214
251mASN: 20|1|0.3246
230mPHE: 07|1|0.2736
249mGLU: 16|1|1.419
430mASN: 03|1|0.1995
333mARG: 08|1|0.2306
206mTYR: 20|1|0.4434
278mCYS: 15|1|0.958
274mMET: 15|1|0.0672
450mGLY: 17|1|0.6163
