164mILE: 02,07,09,10,11,20,22,25|8|2.7567
164mGLY: 02,07,09,10,11,20,22,25|8|5.161
164mVAL: 02,07,09,10,11,20,22,25|8|3.0158
164mLEU: 02,07,09,10,11,20,22,25|8|3.0497
164mALA: 02,07,09,10,11,20,22,25|8|5.4126
164mSER: 02,07,09,10,11,20,22,25|8|4.5583
245mTHR: 03,07,09,11,16,20,22,23|8|4.7423
165mARG: 02,07,09,10,11,20,25|7|0.8496
165mTHR: 02,07,09,10,11,20,25|7|5.1725
165mGLU: 02,07,09,10,11,20,25|7|4.4119
165mHIS: 02,07,09,10,11,20,25|7|5.1129
165mSER: 02,07,09,10,11,20,25|7|5.4038
242mGLU: 02,07,09,10,11,13,20|7|2.2666
165mGLY: 02,07,09,10,11,20,25|7|5.3224
165mLEU: 02,07,09,10,11,20,25|7|4.0975
165mILE: 02,07,09,10,11,20,25|7|3.4111
165mLYS: 02,07,09,10,11,20,25|7|3.8914
165mALA: 02,07,09,10,11,20,25|7|5.0104
165mVAL: 02,07,09,10,11,20,25|7|4.2041
126mGLY: 03,06,16,17,18,22|6|2.3642
180mSER: 00,01,05,15,18,28|6|2.3734
180mLYS: 00,01,05,15,18,28|6|2.3065
180mGLU: 00,01,05,15,18,28|6|3.5659
250mTHR: 02,03,07,10,17,22|6|1.9125
250mGLU: 02,03,07,10,17,22|6|1.8964
250mLEU: 02,03,07,10,17,22|6|1.1763
127mTHR: 03,06,16,17,18|5|0.9103
261mARG: 00,15,21,26,29|5|0.9572
194mTHR: 02,09,13,20,25|5|1.6523
341mTHR: 04,12,14,24,27|5|4.7747
127mGLY: 03,06,16,17,18|5|1.4325
341mHIS: 04,12,14,24,27|5|2.4352
265mTHR: 00,01,15,21,28|5|2.4142
145mTHR: 01,05,15,18,28|5|1.1637
265mVAL: 00,01,15,21,28|5|1.6714
130mLYS: 03,06,13,16,23|5|0.4135
163mASP: 02,07,10,20,25|5|0.6978
146mGLY: 00,01,05,15,28|5|2.9235
339mSER: 04,12,14,24,27|5|2.0366
339mHIS: 04,12,14,24,27|5|1.1797
130mLEU: 03,06,13,16,23|5|1.5391
130mGLY: 03,06,13,16,23|5|2.2108
266mASN: 01,05,15,21,29|5|2.4394
341mGLN: 04,12,14,24,27|5|3.6617
163mLEU: 02,07,10,20,25|5|0.8075
339mGLY: 04,12,14,24,27|5|1.9424
127mGLU: 03,06,16,17,18|5|1.0695
341mGLY: 04,12,14,24,27|5|3.3953
130mALA: 03,06,13,16,23|5|1.7549
146mTHR: 00,01,05,15,28|5|3.0524
130mSER: 03,06,13,16,23|5|1.6823
265mGLU: 00,01,15,21,28|5|2.369
261mALA: 00,15,21,26,29|5|2.1997
163mGLU: 02,07,10,20,25|5|0.9971
266mSER: 01,05,15,21,29|5|2.3038
261mMET: 00,15,21,26,29|5|1.6091
261mGLY: 00,15,21,26,29|5|2.5602
266mGLU: 01,05,15,21,29|5|4.3521
261mPHE: 00,15,21,26,29|5|0.2303
194mGLU: 02,09,13,20,25|5|1.1983
194mGLN: 02,09,13,20,25|5|0.8968
146mASP: 00,01,05,15,28|5|2.1498
130mASP: 03,06,13,16,23|5|1.1531
261mLEU: 00,15,21,26,29|5|1.5613
146mILE: 00,01,05,15,28|5|2.0943
261mVAL: 00,15,21,26,29|5|2.2886
341mASN: 04,12,14,24,27|5|2.769
146mLEU: 00,01,05,15,28|5|3.0785
194mVAL: 02,09,13,20,25|5|1.0499
341mVAL: 04,12,14,24,27|5|4.0423
341mMET: 04,12,14,24,27|5|3.3865
127mMET: 03,06,16,17,18|5|1.144
194mMET: 02,09,13,20,25|5|1.5965
146mGLN: 00,01,05,15,28|5|1.559
130mILE: 03,06,13,16,23|5|0.9702
146mGLU: 00,01,05,15,28|5|3.6562
339mTHR: 04,12,14,24,27|5|2.597
163mCYS: 02,07,10,20,25|5|2.5238
266mTHR: 01,05,15,21,29|5|4.1933
261mGLU: 00,15,21,26,29|5|1.6874
341mSER: 04,12,14,24,27|5|2.3127
266mALA: 01,05,15,21,29|5|3.4414
261mGLN: 00,15,21,26,29|5|2.1975
194mGLY: 02,09,13,20,25|5|1.3957
261mSER: 00,15,21,26,29|5|2.863
146mALA: 00,01,05,15,28|5|3.9252
261mTHR: 00,15,21,26,29|5|2.5905
146mVAL: 00,01,05,15,28|5|2.1915
134mSER: 06,13,16,17,23|5|2.1288
261mASN: 00,15,21,26,29|5|2.4189
265mLEU: 00,01,15,21,28|5|1.9846
145mLEU: 01,05,15,18,28|5|0.5836
261mILE: 00,15,21,26,29|5|1.0644
134mTHR: 06,13,16,17,23|5|1.7986
266mGLY: 01,05,15,21,29|5|3.4248
261mHIS: 00,15,21,26,29|5|2.8959
339mGLU: 04,12,14,24,27|5|2.8728
341mGLU: 04,12,14,24,27|5|5.6955
261mLYS: 00,15,21,26,29|5|1.9975
266mHIS: 01,05,15,21,29|5|2.3429
194mLEU: 02,09,13,20,25|5|1.0584
163mTHR: 02,07,10,20,25|5|0.5045
145mGLU: 01,05,15,18,28|5|1.1872
335mTHR: 04,12,14,27|4|0.5377
204mVAL: 03,17,18,26|4|1.8237
136mVAL: 06,13,16,28|4|2.5283
197mMET: 03,16,17,22|4|0.7599
157mGLY: 02,07,10,22|4|1.1299
157mALA: 02,07,10,22|4|1.5371
409mVAL: 04,12,14,27|4|0.5219
337mVAL: 12,14,24,27|4|1.0532
136mMET: 06,13,16,28|4|1.7832
204mGLN: 03,17,18,26|4|1.0025
334mGLY: 04,12,14,27|4|1.1994
204mILE: 03,17,18,26|4|1.1228
204mASN: 03,17,18,26|4|1.1872
336mGLU: 04,12,14,27|4|3.3425
409mGLN: 04,12,14,27|4|1.3711
337mASP: 12,14,24,27|4|1.1543
337mLEU: 12,14,24,27|4|1.8077
136mGLU: 06,13,16,28|4|2.9097
197mTHR: 03,16,17,22|4|0.8805
337mTHR: 12,14,24,27|4|1.9176
142mGLU: 00,01,05,28|4|1.4726
136mALA: 06,13,16,28|4|2.646
204mPHE: 03,17,18,26|4|0.3209
204mTHR: 03,17,18,26|4|2.3749
136mTHR: 06,13,16,28|4|3.1274
409mSER: 04,12,14,27|4|1.8689
334mSER: 04,12,14,27|4|0.3974
251mGLU: 03,07,10,22|4|3.1886
409mGLU: 04,12,14,27|4|2.043
197mLEU: 03,16,17,22|4|0.4308
337mGLU: 12,14,24,27|4|2.1979
409mLEU: 04,12,14,27|4|0.5415
337mGLN: 12,14,24,27|4|1.3679
204mGLY: 03,17,18,26|4|0.8531
197mHIS: 03,16,17,22|4|0.9466
410mSER: 04,12,14,24|4|0.9229
336mLEU: 04,12,14,27|4|1.036
179mGLY: 01,05,18,28|4|0.7677
136mGLY: 06,13,16,28|4|2.1217
136mILE: 06,13,16,28|4|1.7932
251mALA: 03,07,10,22|4|1.8254
409mGLY: 04,12,14,27|4|1.4405
336mTHR: 04,12,14,27|4|2.026
204mMET: 03,17,18,26|4|1.0011
409mTHR: 04,12,14,27|4|1.3627
409mASN: 04,12,14,27|4|1.0795
136mLEU: 06,13,16,28|4|2.5622
204mALA: 03,17,18,26|4|1.3687
410mGLU: 04,12,14,24|4|1.1172
204mSER: 03,17,18,26|4|1.1173
337mALA: 12,14,24,27|4|1.4604
379mALA: 04,08,14,27|4|1.2575
197mGLY: 03,16,17,22|4|1.1711
204mHIS: 03,17,18,26|4|0.9607
337mPHE: 12,14,24,27|4|0.8222
204mLEU: 03,17,18,26|4|1.1997
337mILE: 12,14,24,27|4|1.0331
197mALA: 03,16,17,22|4|1.0059
219mLEU: 09,11,23|3|1.0744
177mLEU: 05,18,28|3|0.324
167mASN: 02,09,20|3|1.2173
123mLYS: 06,16,17|3|1.373
276mHIS: 08,21,29|3|1.5704
182mLEU: 00,01,18|3|1.8781
258mGLY: 21,26,29|3|1.6002
206mALA: 03,17,18|3|2.2512
326mGLY: 08,14,19|3|1.6916
219mTHR: 09,11,23|3|1.2278
276mGLY: 08,21,29|3|0.8032
182mGLU: 00,01,18|3|2.0482
258mTHR: 21,26,29|3|1.4463
326mTHR: 08,14,19|3|1.9396
249mILE: 07,10,20|3|1.2425
124mTHR: 06,17,18|3|1.007
377mTHR: 04,14,27|3|1.1435
258mLEU: 21,26,29|3|1.243
219mSER: 09,11,23|3|1.5847
177mGLU: 05,18,28|3|0.5532
123mGLU: 06,16,17|3|2.3266
177mVAL: 05,18,28|3|0.2756
218mVAL: 11,23,25|3|0.6687
264mTRP: 15,21,29|3|0.3849
264mGLN: 15,21,29|3|0.6304
406mMET: 04,12,24|3|0.2702
123mTHR: 06,16,17|3|2.3598
377mGLU: 04,14,27|3|1.6138
218mGLU: 11,23,25|3|0.9169
456mGLN: 10,26,29|3|0.6039
456mSER: 10,26,29|3|0.6933
182mTHR: 00,01,18|3|1.9778
177mMET: 05,18,28|3|1.1032
326mVAL: 08,14,19|3|1.576
331mLEU: 04,08,14|3|0.3754
249mMET: 07,10,20|3|1.2464
177mALA: 05,18,28|3|0.0996
218mALA: 11,23,25|3|0.7553
135mSER: 13,16,17|3|0.259
218mSER: 11,23,25|3|0.879
249mPHE: 07,10,20|3|0.8388
124mGLU: 06,17,18|3|1.266
123mTRP: 06,16,17|3|1.5413
326mALA: 08,14,19|3|1.2692
408mLYS: 04,12,24|3|0.3746
169mMET: 09,11,20|3|0.3265
167mGLU: 02,09,20|3|1.5303
167mGLY: 02,09,20|3|1.2119
283mASN: 08,21,29|3|1.1286
326mGLN: 08,14,19|3|1.7635
331mALA: 04,08,14|3|1.8178
326mASN: 08,14,19|3|1.4486
124mLEU: 06,17,18|3|0.635
205mTHR: 17,18,26|3|1.0174
219mGLU: 09,11,23|3|0.9327
167mSER: 02,09,20|3|1.0823
167mLYS: 02,09,20|3|1.1882
326mSER: 08,14,19|3|1.3032
326mHIS: 08,14,19|3|1.6141
177mGLY: 05,18,28|3|0.9548
123mGLY: 06,16,17|3|2.7924
276mMET: 08,21,29|3|1.1
167mALA: 02,09,20|3|1.194
276mASN: 08,21,29|3|0.4896
218mGLY: 11,23,25|3|0.9111
123mASN: 06,16,17|3|2.3801
326mILE: 08,14,19|3|1.3681
456mGLU: 10,26,29|3|1.3511
152mGLU: 21,26,29|3|0.581
249mTHR: 07,10,20|3|1.6886
258mALA: 21,26,29|3|1.9269
264mGLU: 15,21,29|3|0.7985
167mTHR: 02,09,20|3|1.2269
219mALA: 09,11,23|3|1.2652
219mVAL: 09,11,23|3|1.1605
152mALA: 21,26,29|3|0.355
123mGLN: 06,16,17|3|1.9488
408mALA: 04,12,24|3|0.762
456mALA: 10,26,29|3|0.6819
249mSER: 07,10,20|3|1.1162
167mILE: 02,09,20|3|0.7714
206mMET: 03,17,18|3|1.5034
135mGLY: 13,16,17|3|0.1327
276mSER: 08,21,29|3|0.5776
167mLEU: 02,09,20|3|0.6401
167mPHE: 02,09,20|3|0.504
123mTYR: 06,16,17|3|0.9996
206mGLY: 03,17,18|3|1.7085
124mALA: 06,17,18|3|0.6466
456mMET: 10,26,29|3|0.7269
182mALA: 00,01,18|3|1.9364
408mGLU: 04,12,24|3|0.8746
264mVAL: 15,21,29|3|0.3074
167mASP: 02,09,20|3|0.9049
135mHIS: 13,16,17|3|0.3218
123mSER: 06,16,17|3|2.638
167mGLN: 02,09,20|3|0.7503
205mVAL: 17,18,26|3|1.0087
219mHIS: 09,11,23|3|1.7517
406mGLY: 04,12,24|3|0.3959
169mGLY: 09,11,20|3|0.141
283mSER: 08,21,29|3|1.064
219mLYS: 09,11,23|3|1.0413
326mGLU: 08,14,19|3|2.0724
182mGLY: 00,01,18|3|2.2828
249mALA: 07,10,20|3|2.0803
124mGLY: 06,17,18|3|1.1656
283mGLU: 08,21,29|3|1.097
326mMET: 08,14,19|3|1.9693
177mTHR: 05,18,28|3|0.6308
182mGLN: 00,01,18|3|1.7031
169mHIS: 09,11,20|3|0.6205
206mLEU: 03,17,18|3|2.4075
249mASP: 07,10,20|3|1.6356
205mALA: 17,18,26|3|1.0291
456mGLY: 10,26,29|3|0.6134
152mLEU: 21,26,29|3|0.41
177mHIS: 05,18,28|3|1.3384
182mMET: 00,01,18|3|2.0407
326mTRP: 08,14,19|3|1.5455
249mGLY: 07,10,20|3|1.6972
123mILE: 06,16,17|3|1.2337
408mSER: 04,12,24|3|1.1185
177mTRP: 05,18,28|3|0.3816
123mVAL: 06,16,17|3|1.7225
264mTHR: 15,21,29|3|0.8
264mLEU: 15,21,29|3|0.438
123mMET: 06,16,17|3|2.9176
219mGLY: 09,11,23|3|1.6138
177mGLN: 05,18,28|3|0.5376
377mGLY: 04,14,27|3|0.7174
206mGLU: 03,17,18|3|2.697
219mILE: 09,11,23|3|0.7156
177mASN: 05,18,28|3|0.798
326mLEU: 08,14,19|3|1.7525
206mSER: 03,17,18|3|1.1364
219mMET: 09,11,23|3|1.4092
338mSER: 04,14,27|3|0.5081
205mGLU: 17,18,26|3|0.5454
206mTHR: 03,17,18|3|2.2753
203mTHR: 03,17,26|3|0.4981
249mVAL: 07,10,20|3|0.7915
258mGLU: 21,26,29|3|2.0059
249mLEU: 07,10,20|3|1.831
269mGLU: 05,21,29|3|0.2613
177mSER: 05,18,28|3|0.842
182mHIS: 00,01,18|3|1.9207
124mGLN: 06,17,18|3|0.7188
283mTHR: 08,21,29|3|0.8736
123mLEU: 06,16,17|3|1.9116
167mVAL: 02,09,20|3|1.0682
276mTHR: 08,21,29|3|0.1552
456mTHR: 10,26,29|3|0.9943
123mHIS: 06,16,17|3|3.2398
123mPHE: 06,16,17|3|0.9064
218mTHR: 11,23,25|3|0.9563
182mSER: 00,01,18|3|1.6024
123mASP: 06,16,17|3|1.0122
218mLEU: 11,23,25|3|0.568
123mARG: 06,16,17|3|0.7947
408mGLY: 04,12,24|3|1.149
258mSER: 21,26,29|3|1.3592
123mALA: 06,16,17|3|1.5977
182mASN: 00,01,18|3|1.0512
249mGLN: 07,10,20|3|1.2126
249mGLU: 07,10,20|3|1.9004
233mGLY: 26,29|2|0.2086
235mPHE: 03,26|2|2.2773
196mGLN: 03,16|2|0.2909
132mSER: 06,17|2|0.5568
235mGLU: 03,26|2|2.4795
259mGLY: 21,26|2|0.3777
208mGLU: 17,18|2|1.2635
178mVAL: 00,28|2|0.5569
193mSER: 11,23|2|0.5808
419mASP: 04,08|2|0.2046
133mLEU: 17,23|2|0.162
368mVAL: 12,24|2|0.3513
273mGLY: 21,29|2|1.2392
436mALA: 12,19|2|0.8809
400mSER: 04,08|2|1.0213
156mTYR: 26,29|2|0.4876
140mVAL: 13,28|2|0.7033
284mSER: 08,29|2|0.3617
411mGLU: 12,24|2|1.078
196mALA: 03,16|2|0.5452
193mGLU: 11,23|2|0.1451
132mASN: 06,17|2|0.5238
273mTRP: 21,29|2|0.666
201mLEU: 03,17|2|2.1232
139mTHR: 13,28|2|1.9396
162mASP: 02,25|2|0.442
162mARG: 02,25|2|0.1568
419mHIS: 04,08|2|0.6266
139mLEU: 13,28|2|1.7525
193mHIS: 11,23|2|0.7677
426mPHE: 08,29|2|0.1984
259mALA: 21,26|2|1.4134
411mLEU: 12,24|2|0.3687
368mLEU: 12,24|2|0.9414
178mSER: 00,28|2|0.509
229mHIS: 00,21|2|0.412
208mGLN: 17,18|2|0.4171
272mGLU: 21,29|2|0.5529
178mLYS: 00,28|2|0.5706
235mALA: 03,26|2|1.785
273mHIS: 21,29|2|1.6228
411mCYS: 12,24|2|1.5348
156mTHR: 26,29|2|1.4936
235mVAL: 03,26|2|2.0472
279mMET: 08,29|2|0.2421
229mGLY: 00,21|2|0.3814
270mASN: 21,29|2|0.306
235mTRP: 03,26|2|1.8822
132mLEU: 06,17|2|0.1683
426mGLN: 08,29|2|0.0084
139mGLU: 13,28|2|2.0724
329mMET: 19,27|2|1.379
286mALA: 08,29|2|0.1397
436mGLY: 12,19|2|0.9505
196mGLU: 03,16|2|0.3129
403mVAL: 04,14|2|0.4193
237mMET: 03,17|2|0.1401
411mVAL: 12,24|2|0.686
403mALA: 04,14|2|0.5045
235mHIS: 03,26|2|0.9087
193mASN: 11,23|2|0.3108
137mGLU: 06,28|2|0.6249
262mHIS: 00,15|2|0.3311
407mGLU: 12,27|2|1.1584
190mASN: 09,11|2|0.4705
259mSER: 21,26|2|0.604
201mSER: 03,17|2|0.4476
233mLEU: 26,29|2|0.4272
178mGLY: 00,28|2|0.3693
237mCYS: 03,17|2|0.2065
426mILE: 08,29|2|0.2496
233mGLN: 26,29|2|0.3848
403mLYS: 04,14|2|0.4536
273mARG: 21,29|2|0.0672
133mMET: 17,23|2|0.5516
229mSER: 00,21|2|0.1089
232mHIS: 21,29|2|1.2135
272mLEU: 21,29|2|0.381
133mHIS: 17,23|2|0.6692
139mALA: 13,28|2|1.2692
233mCYS: 26,29|2|0.3652
208mTHR: 17,18|2|0.8357
196mGLY: 03,16|2|0.721
407mTHR: 12,27|2|0.9604
368mGLU: 12,24|2|1.069
329mSER: 19,27|2|1.0525
232mILE: 21,29|2|1.9398
139mGLN: 13,28|2|1.7635
329mGLN: 19,27|2|0.672
201mPRO: 03,17|2|1.79
230mCYS: 21,26|2|1.1675
327mGLY: 08,14|2|0.368
415mMET: 12,24|2|0.3709
272mGLY: 21,29|2|0.8541
272mGLN: 21,29|2|0.5412
133mTRP: 17,23|2|0.1908
419mSER: 04,08|2|0.3951
407mLEU: 12,27|2|1.0078
133mGLY: 17,23|2|0.4774
235mTYR: 03,26|2|0.6651
259mGLU: 21,26|2|1.2142
178mGLN: 00,28|2|0.313
273mASN: 21,29|2|1.0824
329mALA: 19,27|2|0.1245
368mALA: 12,24|2|1.0213
273mPHE: 21,29|2|0.0672
419mALA: 04,08|2|0.9483
403mILE: 04,14|2|0.1326
162mLEU: 02,25|2|0.767
140mGLY: 13,28|2|0.7408
400mMET: 04,08|2|0.2828
132mGLN: 06,17|2|0.3285
151mGLN: 21,29|2|0.4032
426mTHR: 08,29|2|0.5128
151mHIS: 21,29|2|1.0038
208mPHE: 17,18|2|0.2208
151mGLU: 21,29|2|0.4149
178mARG: 00,28|2|0.3987
208mVAL: 17,18|2|0.1985
162mVAL: 02,25|2|0.7918
235mGLY: 03,26|2|1.4565
228mGLY: 00,18|2|0.1801
132mHIS: 06,17|2|0.9291
154mCYS: 26,29|2|0.6295
201mTRP: 03,17|2|1.6228
273mLYS: 21,29|2|0.2784
201mGLY: 03,17|2|1.0552
273mMET: 21,29|2|1.3876
235mILE: 03,26|2|2.0454
411mTHR: 12,24|2|1.0423
193mGLY: 11,23|2|0.4827
327mALA: 08,14|2|0.4578
230mTHR: 21,26|2|0.2946
232mGLU: 21,29|2|3.146
232mCYS: 21,29|2|2.7046
237mLEU: 03,17|2|0.2809
436mLEU: 12,19|2|0.3502
190mGLU: 09,11|2|0.4241
235mPRO: 03,26|2|2.0076
196mMET: 03,16|2|0.4982
400mGLY: 04,08|2|0.8169
132mTRP: 06,17|2|0.2115
139mVAL: 13,28|2|1.576
132mVAL: 06,17|2|0.132
419mVAL: 04,08|2|0.7811
132mGLU: 06,17|2|0.3402
151mASN: 21,29|2|0.5985
201mASP: 03,17|2|1.9112
279mGLU: 08,29|2|0.5312
162mILE: 02,25|2|0.9594
329mLEU: 19,27|2|0.405
139mHIS: 13,28|2|1.6141
403mHIS: 04,14|2|0.6079
162mALA: 02,25|2|1.2198
196mSER: 03,16|2|0.5468
133mALA: 17,23|2|0.0498
273mILE: 21,29|2|0.2844
235mASP: 03,26|2|2.0985
426mCYS: 08,29|2|0.0694
232mVAL: 21,29|2|2.2786
407mSER: 12,27|2|0.9664
235mARG: 03,26|2|0.0291
133mVAL: 17,23|2|0.1378
368mTRP: 12,24|2|0.1558
151mLEU: 21,29|2|0.243
235mGLN: 03,26|2|2.0337
329mHIS: 19,27|2|1.673
178mLEU: 00,28|2|0.3304
270mSER: 21,29|2|0.361
162mHIS: 02,25|2|0.4666
208mASP: 17,18|2|0.6478
162mSER: 02,25|2|0.7546
426mVAL: 08,29|2|0.1694
201mTHR: 03,17|2|2.0372
196mTHR: 03,16|2|0.3635
279mASN: 08,29|2|0.5164
162mMET: 02,25|2|0.3824
233mTHR: 26,29|2|0.5376
368mTHR: 12,24|2|0.9409
140mTHR: 13,28|2|0.7586
156mALA: 26,29|2|1.2563
235mLEU: 03,26|2|2.2575
272mTHR: 21,29|2|0.6111
132mTHR: 06,17|2|0.3984
237mGLU: 03,17|2|0.6147
262mMET: 00,15|2|0.2814
279mHIS: 08,29|2|0.3871
329mTRP: 19,27|2|0.477
279mSER: 08,29|2|0.4786
426mSER: 08,29|2|0.4392
233mVAL: 26,29|2|0.2628
426mPRO: 08,29|2|0.0484
426mLYS: 08,29|2|0.4352
272mTRP: 21,29|2|0.4242
419mLYS: 04,08|2|0.9956
193mTHR: 11,23|2|0.6558
139mTRP: 13,28|2|1.5455
286mSER: 08,29|2|0.7837
208mILE: 17,18|2|0.0182
329mTHR: 19,27|2|0.7885
162mCYS: 02,25|2|1.725
286mGLU: 08,29|2|0.8042
400mTHR: 04,08|2|0.8596
419mLEU: 04,08|2|0.3035
235mTHR: 03,26|2|2.193
259mLEU: 21,26|2|1.3248
151mMET: 21,29|2|0.8274
426mGLU: 08,29|2|0.8332
156mGLU: 26,29|2|1.7678
270mTHR: 21,29|2|0.097
270mMET: 21,29|2|0.6875
190mHIS: 09,11|2|0.4763
329mVAL: 19,27|2|0.3445
272mSER: 21,29|2|0.7695
273mALA: 21,29|2|0.384
368mILE: 12,24|2|0.4702
208mCYS: 17,18|2|2.0643
178mMET: 00,28|2|0.4359
403mASN: 04,14|2|0.5118
139mILE: 13,28|2|1.3681
178mTHR: 00,28|2|0.651
232mPHE: 21,29|2|1.8356
230mVAL: 21,26|2|0.501
233mGLU: 26,29|2|0.6898
156mCYS: 26,29|2|2.1142
272mASN: 21,29|2|0.7365
232mLEU: 21,29|2|2.4668
196mASP: 03,16|2|0.2275
286mHIS: 08,29|2|1.0283
140mLEU: 13,28|2|0.19
403mSER: 04,14|2|0.3088
400mHIS: 04,08|2|0.4763
272mHIS: 21,29|2|1.1418
270mGLY: 21,29|2|0.502
368mGLN: 12,24|2|0.544
368mHIS: 12,24|2|0.6425
228mMET: 00,18|2|0.3004
407mVAL: 12,27|2|0.2428
400mGLU: 04,08|2|0.7829
272mILE: 21,29|2|0.138
259mILE: 21,26|2|0.2032
407mALA: 12,27|2|0.9529
201mHIS: 03,17|2|0.3248
208mLEU: 17,18|2|1.0795
201mCYS: 03,17|2|3.2792
279mGLY: 08,29|2|0.3861
235mMET: 03,26|2|1.7061
273mLEU: 21,29|2|0.6084
140mASN: 13,28|2|0.3751
272mALA: 21,29|2|0.2127
368mASN: 12,24|2|0.2262
232mGLN: 21,29|2|2.1256
201mILE: 03,17|2|1.8404
436mVAL: 12,19|2|0.7131
259mTHR: 21,26|2|1.3344
196mILE: 03,16|2|0.1219
286mTHR: 08,29|2|0.5817
284mTHR: 08,29|2|0.3021
329mGLU: 19,27|2|0.6915
272mVAL: 21,29|2|0.3447
162mLYS: 02,25|2|0.8026
133mGLU: 17,23|2|0.2766
196mLEU: 03,16|2|0.3305
233mASP: 26,29|2|0.0672
232mASP: 21,29|2|2.4753
273mASP: 21,29|2|0.1004
232mALA: 21,29|2|2.2411
226mGLY: 01,18|2|0.2831
413mGLU: 12,24|2|0.1205
137mVAL: 06,28|2|0.0796
262mGLY: 00,15|2|0.3917
400mASN: 04,08|2|0.4736
140mGLU: 13,28|2|0.5582
133mGLN: 17,23|2|0.2688
162mGLU: 02,25|2|0.4664
270mHIS: 21,29|2|0.9815
178mHIS: 00,28|2|0.5905
232mPRO: 21,29|2|1.241
151mSER: 21,29|2|0.6315
133mSER: 17,23|2|0.421
201mPHE: 03,17|2|2.1496
151mGLY: 21,29|2|0.7161
235mASN: 03,26|2|1.2684
201mGLN: 03,17|2|1.8248
407mGLY: 12,27|2|0.8273
190mTHR: 09,11|2|0.3221
140mHIS: 13,28|2|0.397
436mILE: 12,19|2|0.4407
411mALA: 12,24|2|0.8752
178mASN: 00,28|2|0.4529
190mMET: 09,11|2|0.2725
201mGLU: 03,17|2|2.4192
140mSER: 13,28|2|0.3728
273mSER: 21,29|2|1.1264
201mMET: 03,17|2|1.388
125mSER: 06,17|2|0.2163
419mILE: 04,08|2|0.26
419mGLY: 04,08|2|0.4627
403mTHR: 04,14|2|0.4248
273mGLN: 21,29|2|0.822
272mLYS: 21,29|2|0.1335
139mGLY: 13,28|2|1.6916
151mTRP: 21,29|2|0.2862
368mMET: 12,24|2|0.7625
133mASN: 17,23|2|0.399
178mALA: 00,28|2|0.4404
232mTRP: 21,29|2|1.5529
407mGLN: 12,27|2|0.6014
151mVAL: 21,29|2|0.2067
415mGLY: 12,24|2|0.5195
140mGLN: 13,28|2|0.388
235mSER: 03,26|2|1.0008
279mGLN: 08,29|2|0.111
235mCYS: 03,26|2|3.1245
190mSER: 09,11|2|0.4437
279mTRP: 08,29|2|0.0266
178mILE: 00,28|2|0.3103
273mGLU: 21,29|2|0.8376
232mASN: 21,29|2|1.3433
262mSER: 00,15|2|0.2337
368mGLY: 12,24|2|0.9995
162mASN: 02,25|2|0.0356
284mGLU: 08,29|2|0.7236
230mLEU: 21,26|2|0.4023
132mMET: 06,17|2|0.7527
151mTHR: 21,29|2|0.4731
162mPRO: 02,25|2|0.1924
140mILE: 13,28|2|0.2233
193mMET: 11,23|2|0.5261
279mTHR: 08,29|2|0.4098
436mTHR: 12,19|2|0.4583
419mARG: 04,08|2|0.1299
201mASN: 03,17|2|0.8044
137mLEU: 06,28|2|0.3484
139mASN: 13,28|2|1.4486
233mPHE: 26,29|2|0.1698
125mGLY: 06,17|2|0.3905
232mGLY: 21,29|2|1.9591
137mTHR: 06,28|2|0.3701
426mALA: 08,29|2|0.308
426mASN: 08,29|2|0.5588
201mALA: 03,17|2|1.4932
273mTHR: 21,29|2|0.9152
426mGLY: 08,29|2|0.1414
140mALA: 13,28|2|0.8306
139mMET: 13,28|2|1.9693
426mASP: 08,29|2|0.1736
419mTHR: 04,08|2|0.7891
436mGLU: 12,19|2|0.2967
139mSER: 13,28|2|1.3032
201mVAL: 03,17|2|1.8428
233mTRP: 26,29|2|0.2058
259mVAL: 21,26|2|0.636
232mTHR: 21,29|2|2.6189
329mASN: 19,27|2|0.9975
273mVAL: 21,29|2|0.56
232mMET: 21,29|2|1.8436
415mHIS: 12,24|2|0.6649
125mHIS: 06,17|2|0.3441
403mMET: 04,14|2|0.3318
237mTHR: 03,17|2|0.3793
232mSER: 21,29|2|1.5685
403mGLY: 04,14|2|0.6034
272mMET: 21,29|2|0.9654
151mALA: 21,29|2|0.0747
132mGLY: 06,17|2|0.6414
233mHIS: 26,29|2|0.0352
196mLYS: 03,16|2|0.1852
329mGLY: 19,27|2|1.1935
368mSER: 12,24|2|0.6882
196mHIS: 03,16|2|0.6746
190mGLY: 09,11|2|0.3794
162mPHE: 02,25|2|0.534
233mASN: 26,29|2|0.0048
156mLEU: 26,29|2|1.5486
259mCYS: 21,26|2|2.0364
255mCYS: 26,29|2|0.7918
162mGLY: 02,25|2|0.9526
415mSER: 12,24|2|0.2889
419mGLU: 04,08|2|0.4992
233mILE: 26,29|2|0.1238
407mHIS: 12,27|2|0.4262
233mMET: 26,29|2|0.4492
133mTHR: 17,23|2|0.3154
383mGLN: 24|1|0.0655
312mHIS: 08|1|0.6058
282mALA: 08|1|0.288
398mTHR: 08|1|0.4837
291mHIS: 08|1|0.4004
224mASP: 05|1|0.0083
439mMET: 19|1|0.1518
149mLEU: 29|1|0.1353
210mTRP: 06|1|0.0969
356mCYS: 29|1|0.247
210mGLN: 06|1|0.1359
441mVAL: 19|1|0.1149
210mHIS: 06|1|0.3361
412mILE: 12|1|0.0569
301mASP: 19|1|0.6607
376mCYS: 04|1|0.578
321mGLU: 19|1|0.074
328mGLY: 19|1|0.4276
312mARG: 08|1|0.0194
285mTRP: 08|1|0.0705
360mALA: 10|1|0.6658
277mTHR: 29|1|0.1592
313mASP: 08|1|0.6995
220mLYS: 11|1|0.0696
322mTRP: 19|1|0.1414
275mTRP: 21|1|0.0705
297mASP: 19|1|0.6995
210mTHR: 06|1|0.1592
150mASP: 29|1|0.2656
297mTHR: 19|1|0.731
122mALA: 06|1|0.096
149mMET: 29|1|0.3301
349mHIS: 24|1|0.639
220mALA: 11|1|0.096
427mTHR: 08|1|0.2288
349mGLN: 24|1|0.8138
360mASN: 10|1|0.4985
297mGLY: 19|1|0.4855
289mMET: 19|1|0.1375
296mGLU: 19|1|0.8932
288mHIS: 08|1|0.2536
285mSER: 08|1|0.1856
427mLEU: 08|1|0.1521
318mILE: 19|1|1.3636
291mSER: 08|1|0.1522
398mCYS: 08|1|0.5195
173mTHR: 29|1|0.3365
360mHIS: 10|1|0.4595
358mASP: 10|1|0.3712
349mGLY: 24|1|0.7257
301mGLY: 19|1|0.6495
309mCYS: 08|1|0.215
282mGLU: 08|1|0.6282
412mHIS: 12|1|0.0025
224mPHE: 05|1|0.0
297mGLN: 19|1|0.6779
399mLYS: 08|1|0.2449
390mLEU: 12|1|0.063
333mASN: 19|1|0.0651
220mMET: 11|1|0.3469
317mGLY: 08|1|0.031
455mGLU: 10|1|0.1626
173mLYS: 29|1|0.1773
412mALA: 12|1|0.1621
301mTYR: 19|1|0.2645
325mTHR: 19|1|0.2664
427mALA: 08|1|0.096
150mARG: 29|1|0.249
328mHIS: 19|1|0.6194
453mILE: 29|1|0.0868
282mVAL: 08|1|0.42
328mLEU: 19|1|0.1122
349mASN: 24|1|0.6238
370mLEU: 24|1|0.0833
150mLYS: 29|1|0.3546
369mTHR: 24|1|0.1814
289mGLY: 19|1|0.1004
173mSER: 29|1|0.3893
333mTHR: 19|1|0.0233
421mCYS: 08|1|0.3803
301mTHR: 19|1|0.282
393mTHR: 19|1|0.3184
439mARG: 19|1|0.3024
149mPHE: 29|1|0.0
322mLEU: 19|1|0.127
277mVAL: 29|1|0.0704
122mARG: 06|1|0.0168
325mTRP: 19|1|0.0795
173mARG: 29|1|0.1245
318mTRP: 19|1|1.2548
319mTYR: 08|1|0.0442
292mTHR: 19|1|0.1531
356mGLU: 29|1|0.5273
424mALA: 08|1|0.3072
318mHIS: 19|1|0.6058
220mILE: 11|1|0.0711
427mLYS: 08|1|0.0696
455mASP: 10|1|0.0513
427mHIS: 08|1|0.4057
439mVAL: 19|1|0.526
325mGLU: 19|1|0.2082
427mSER: 08|1|0.2816
311mGLY: 19|1|0.4855
318mTHR: 19|1|1.462
369mVAL: 24|1|0.0769
312mPHE: 08|1|1.5182
322mALA: 19|1|0.0709
405mTRP: 24|1|0.0954
421mALA: 08|1|1.0186
383mTHR: 24|1|0.0888
325mSER: 19|1|0.4248
390mALA: 12|1|0.7597
427mMET: 08|1|0.3469
453mPHE: 29|1|0.1641
318mASN: 19|1|0.8456
421mILE: 08|1|0.1084
300mTHR: 19|1|0.1331
312mLEU: 08|1|1.505
122mLEU: 06|1|0.1521
297mASN: 19|1|0.4228
150mPHE: 29|1|0.249
292mGLU: 19|1|0.3318
383mGLU: 24|1|0.0694
297mTRP: 19|1|0.6274
428mTRP: 08|1|0.1938
313mCYS: 08|1|1.0415
150mTHR: 29|1|0.673
275mASN: 21|1|0.1746
393mGLY: 19|1|0.4804
441mMET: 19|1|0.3218
390mVAL: 12|1|0.5884
439mGLU: 19|1|0.1833
358mGLY: 10|1|0.1249
318mSER: 19|1|0.6672
441mGLN: 19|1|0.1804
370mGLN: 24|1|0.0087
312mTRP: 08|1|1.2548
405mVAL: 24|1|0.0689
150mTRP: 29|1|0.5484
453mGLN: 29|1|0.0829
277mTRP: 29|1|0.0969
149mASN: 29|1|0.2538
296mTHR: 19|1|0.5713
173mTYR: 29|1|0.1077
141mTHR: 28|1|0.8781
312mASP: 08|1|1.399
412mPRO: 12|1|0.0202
393mGLN: 19|1|0.2718
220mVAL: 11|1|0.14
393mHIS: 19|1|0.6722
390mTHR: 12|1|0.5549
211mGLU: 17|1|0.1146
358mVAL: 10|1|0.3068
150mTYR: 29|1|0.2154
412mVAL: 12|1|0.2346
288mTHR: 08|1|0.0767
173mGLN: 29|1|0.3132
288mGLN: 08|1|0.0534
220mSER: 11|1|0.2816
285mHIS: 08|1|0.3097
360mMET: 10|1|0.2422
439mSER: 19|1|0.4024
297mSER: 19|1|0.3336
398mSER: 08|1|0.3808
349mMET: 24|1|0.846
211mHIS: 17|1|0.5072
296mMET: 19|1|0.1623
439mHIS: 19|1|0.217
141mLEU: 28|1|0.8578
343mHIS: 24|1|0.1769
356mLEU: 29|1|0.2478
439mPRO: 19|1|0.0753
424mCYS: 08|1|0.5085
358mALA: 10|1|0.4513
297mGLU: 19|1|0.8265
299mLEU: 19|1|0.017
313mGLU: 08|1|0.8265
311mARG: 19|1|0.0097
399mALA: 08|1|0.2473
316mALA: 08|1|0.3024
173mMET: 29|1|0.4546
412mSER: 12|1|0.0451
150mVAL: 29|1|0.4954
439mASN: 19|1|0.1654
282mGLY: 08|1|0.9294
349mTRP: 24|1|0.7243
343mASN: 24|1|0.0418
311mPHE: 19|1|0.7591
296mALA: 19|1|0.5395
360mLEU: 10|1|0.0918
325mMET: 19|1|0.6207
439mILE: 19|1|0.2729
149mGLU: 29|1|0.1926
318mPHE: 19|1|1.5182
297mCYS: 19|1|1.0415
313mTRP: 08|1|0.6274
122mTHR: 06|1|0.2288
275mGLN: 21|1|0.1095
224mHIS: 05|1|0.3889
173mHIS: 29|1|0.5134
325mASN: 19|1|0.3918
239mTRP: 07|1|0.2938
312mILE: 08|1|1.3636
370mASP: 24|1|0.0303
211mASN: 17|1|0.237
316mLEU: 08|1|0.1664
275mSER: 21|1|0.1856
285mTHR: 08|1|0.1328
150mGLU: 29|1|0.6342
412mCYS: 12|1|0.0242
277mHIS: 29|1|0.3361
150mMET: 29|1|0.9092
428mILE: 08|1|0.13
297mILE: 19|1|0.6818
313mTHR: 08|1|0.731
343mGLY: 24|1|0.081
453mASP: 29|1|0.1045
345mMET: 24|1|0.032
453mGLU: 29|1|0.2315
319mTHR: 08|1|0.0316
275mGLY: 21|1|0.2138
271mGLY: 29|1|0.1004
311mSER: 19|1|0.3336
383mGLY: 24|1|0.1698
393mASN: 19|1|0.402
370mGLU: 24|1|0.1573
149mVAL: 29|1|0.1232
313mTYR: 08|1|0.2217
325mLEU: 19|1|0.0363
318mLEU: 19|1|1.505
312mALA: 08|1|1.19
376mGLU: 04|1|0.148
393mALA: 19|1|0.0528
424mGLY: 08|1|0.0554
393mLEU: 19|1|0.165
277mILE: 29|1|0.0015
173mALA: 29|1|0.2037
428mGLU: 08|1|0.6984
173mGLU: 29|1|0.3171
358mTHR: 10|1|0.1162
356mMET: 29|1|0.3297
453mVAL: 29|1|0.0874
421mGLY: 08|1|0.35
122mSER: 06|1|0.2816
358mARG: 10|1|0.0024
301mPHE: 19|1|0.4162
282mSER: 08|1|0.8448
421mLEU: 08|1|0.0389
405mSER: 24|1|0.2105
369mASP: 24|1|0.056
297mMET: 19|1|0.5687
390mSER: 12|1|0.1163
441mLYS: 19|1|0.0445
202mVAL: 26|1|0.5366
441mALA: 19|1|0.0709
313mMET: 08|1|0.5687
149mLYS: 29|1|0.0528
312mCYS: 08|1|2.083
455mLYS: 10|1|0.1593
358mHIS: 10|1|0.1956
328mVAL: 19|1|0.088
343mMET: 24|1|0.1181
287mSER: 08|1|0.0528
173mVAL: 29|1|0.2477
349mGLU: 24|1|0.9663
318mPRO: 19|1|1.3384
239mVAL: 07|1|0.3488
311mTYR: 19|1|0.2217
207mTYR: 18|1|0.0006
453mTRP: 29|1|0.0324
275mMET: 21|1|0.2509
300mALA: 19|1|0.2306
328mMET: 19|1|0.5018
370mILE: 24|1|0.0126
253mGLU: 26|1|0.074
293mGLU: 19|1|0.0706
428mGLY: 08|1|0.5533
319mCYS: 08|1|0.0312
317mGLU: 08|1|0.0643
173mILE: 29|1|0.1788
149mASP: 29|1|0.0083
289mHIS: 19|1|0.1963
405mGLY: 24|1|0.2387
296mVAL: 19|1|0.4312
150mASN: 29|1|0.7566
300mCYS: 19|1|0.9229
122mASN: 06|1|0.2706
211mMET: 17|1|0.3896
412mTHR: 12|1|0.2399
349mVAL: 24|1|0.7528
202mPHE: 26|1|0.0404
398mLYS: 08|1|0.5118
224mGLU: 05|1|0.1926
369mTYR: 24|1|0.194
275mLEU: 21|1|0.0561
311mMET: 19|1|0.5687
393mILE: 19|1|0.003
296mSER: 19|1|0.0275
239mMET: 07|1|0.2351
282mTHR: 08|1|0.6864
282mARG: 08|1|0.0504
370mVAL: 24|1|0.0132
202mSER: 26|1|0.2845
301mSER: 19|1|0.3521
311mLEU: 19|1|0.7525
141mSER: 28|1|0.8308
369mCYS: 24|1|0.181
318mASP: 19|1|1.399
277mMET: 29|1|0.2773
122mGLY: 06|1|0.3098
360mGLY: 10|1|0.5509
299mTHR: 19|1|0.3286
398mALA: 08|1|0.7551
150mSER: 29|1|0.7786
358mILE: 10|1|0.1077
427mTRP: 08|1|0.1665
441mGLY: 19|1|0.2847
296mGLY: 19|1|0.4431
313mVAL: 08|1|0.6824
282mMET: 08|1|1.0407
313mARG: 08|1|0.0097
282mLEU: 08|1|0.4563
318mGLN: 19|1|1.3558
291mASN: 08|1|0.1302
277mSER: 29|1|0.212
349mCYS: 24|1|0.804
325mGLN: 19|1|0.1965
239mLEU: 07|1|0.4189
271mASN: 29|1|0.0612
224mTRP: 05|1|0.1497
149mGLN: 29|1|0.1887
239mPRO: 07|1|0.3356
202mMET: 26|1|0.2422
322mHIS: 19|1|0.3806
220mGLN: 11|1|0.2055
173mLEU: 29|1|0.2598
239mGLN: 07|1|0.3443
439mTHR: 19|1|0.6358
192mHIS: 11|1|0.0959
398mMET: 08|1|0.0163
141mASN: 28|1|0.6299
287mGLY: 08|1|0.081
311mGLN: 19|1|0.6779
314mMET: 19|1|0.011
455mALA: 10|1|0.2023
453mPRO: 29|1|0.0742
211mSER: 17|1|0.259
224mASN: 05|1|0.2538
369mGLU: 24|1|0.2646
356mALA: 29|1|0.2341
369mMET: 24|1|0.0306
239mGLY: 07|1|0.1519
322mGLY: 19|1|0.2847
439mGLN: 19|1|0.0499
345mGLU: 24|1|0.1285
287mHIS: 08|1|0.1769
390mILE: 12|1|0.1773
220mTRP: 11|1|0.1665
390mHIS: 12|1|0.0164
317mCYS: 08|1|0.5624
288mGLY: 08|1|0.1577
370mCYS: 24|1|0.3723
427mPHE: 08|1|0.0168
301mLEU: 19|1|0.5864
441mTHR: 19|1|0.2037
297mHIS: 19|1|0.3029
297mPRO: 19|1|0.6692
313mILE: 08|1|0.6818
427mASN: 08|1|0.2706
202mLEU: 26|1|0.0918
291mGLU: 08|1|0.0078
360mARG: 10|1|0.2405
122mMET: 06|1|0.3469
292mALA: 19|1|0.0518
271mHIS: 29|1|0.1963
455mHIS: 10|1|0.2563
439mPHE: 19|1|0.0154
288mMET: 08|1|0.1948
271mTHR: 29|1|0.0194
297mVAL: 19|1|0.6824
122mLYS: 06|1|0.0696
360mPRO: 10|1|0.2498
427mGLU: 08|1|0.2094
349mSER: 24|1|0.5456
277mGLU: 29|1|0.1398
224mTHR: 05|1|0.212
313mGLY: 08|1|0.4855
297mARG: 19|1|0.0097
311mASP: 19|1|0.6995
285mGLY: 08|1|0.2138
202mASN: 26|1|0.4985
149mALA: 29|1|0.0792
141mGLN: 28|1|1.1108
211mTHR: 17|1|0.1534
360mVAL: 10|1|0.5366
393mVAL: 19|1|0.1408
141mASP: 28|1|0.5289
328mASN: 19|1|0.3492
398mLEU: 08|1|0.2955
297mALA: 19|1|0.595
405mALA: 24|1|0.0249
349mPHE: 24|1|0.7063
455mVAL: 10|1|0.1018
312mMET: 08|1|1.1374
318mALA: 19|1|1.19
349mALA: 24|1|0.6214
454mCYS: 29|1|0.2824
282mASP: 08|1|0.0753
441mSER: 19|1|0.2565
318mCYS: 19|1|2.083
318mVAL: 19|1|1.3648
428mMET: 08|1|0.4093
347mGLY: 24|1|0.0538
318mTYR: 19|1|0.4434
393mSER: 19|1|0.424
427mARG: 08|1|0.0168
296mLEU: 19|1|0.2744
224mILE: 05|1|0.0543
122mVAL: 06|1|0.14
141mMET: 28|1|0.1801
322mSER: 19|1|0.2565
220mASN: 11|1|0.2706
149mTHR: 29|1|0.212
328mTRP: 19|1|0.141
412mARG: 12|1|0.1996
312mSER: 08|1|0.6672
210mGLY: 06|1|0.2402
299mGLU: 19|1|0.5649
328mSER: 19|1|0.3712
428mHIS: 08|1|0.5543
220mASP: 11|1|0.0251
428mSER: 08|1|0.6458
141mILE: 28|1|0.2873
316mGLY: 08|1|0.0668
318mGLY: 19|1|0.971
439mLYS: 19|1|0.683
427mVAL: 08|1|0.14
333mMET: 19|1|0.1414
141mPRO: 28|1|0.5565
275mVAL: 21|1|0.044
211mTRP: 17|1|0.0288
285mMET: 08|1|0.2509
356mTHR: 29|1|0.3113
211mGLN: 17|1|0.1068
311mCYS: 19|1|1.0415
393mGLU: 19|1|0.2796
291mTHR: 08|1|0.0466
313mGLN: 08|1|0.6779
316mTHR: 08|1|0.0892
453mLEU: 29|1|0.1575
149mHIS: 29|1|0.3889
275mHIS: 21|1|0.3097
317mASP: 08|1|0.0362
343mSER: 24|1|0.0528
141mCYS: 28|1|0.4412
313mPRO: 08|1|0.6692
296mASP: 19|1|0.262
312mGLU: 08|1|1.653
282mILE: 08|1|0.2133
150mLEU: 29|1|0.5196
239mASN: 07|1|0.0892
349mPRO: 24|1|0.4919
328mGLU: 19|1|0.2268
428mASN: 08|1|0.6836
277mGLY: 29|1|0.2402
421mSER: 08|1|0.0088
311mALA: 19|1|0.595
224mMET: 05|1|0.3301
202mHIS: 26|1|0.4595
405mGLU: 24|1|0.1383
421mLYS: 08|1|0.647
173mASP: 29|1|0.1328
358mCYS: 10|1|1.4838
428mGLN: 08|1|0.2782
150mHIS: 29|1|1.0268
345mTHR: 24|1|0.0647
141mVAL: 28|1|0.7172
356mASP: 29|1|0.5241
345mGLY: 24|1|0.0923
369mALA: 24|1|0.2161
202mGLN: 26|1|0.1986
424mASP: 08|1|0.1313
314mTHR: 19|1|0.0552
383mHIS: 24|1|0.2657
150mILE: 29|1|0.3576
299mASN: 19|1|0.0852
441mTRP: 19|1|0.1414
311mASN: 19|1|0.4228
293mALA: 19|1|0.0221
369mGLY: 24|1|0.128
439mCYS: 19|1|0.4197
318mMET: 19|1|1.1374
210mSER: 06|1|0.212
405mHIS: 24|1|0.3346
317mLEU: 08|1|0.0652
398mHIS: 08|1|0.1991
312mPRO: 08|1|1.3384
122mASP: 06|1|0.0251
316mCYS: 08|1|0.6512
301mPRO: 19|1|0.4304
122mGLU: 06|1|0.2094
322mGLU: 19|1|0.1843
210mALA: 06|1|0.0264
345mHIS: 24|1|0.0602
399mTHR: 08|1|0.3885
428mALA: 08|1|0.209
282mPHE: 08|1|0.0504
141mTRP: 28|1|0.5261
439mLEU: 19|1|0.4039
149mTRP: 29|1|0.1497
349mASP: 24|1|0.655
398mILE: 08|1|0.0369
210mASN: 06|1|0.201
288mSER: 08|1|0.1295
287mASN: 08|1|0.0418
122mGLN: 06|1|0.2055
299mVAL: 19|1|0.0195
360mLYS: 10|1|0.6413
383mLEU: 24|1|0.0121
412mLYS: 12|1|0.3187
360mSER: 10|1|0.2845
148mGLY: 05|1|0.0282
328mGLN: 19|1|0.219
220mPHE: 11|1|0.0168
173mPHE: 29|1|0.1245
311mVAL: 19|1|0.6824
301mALA: 19|1|0.5198
285mASN: 08|1|0.1746
398mVAL: 08|1|0.0262
314mGLU: 19|1|0.1313
289mSER: 19|1|0.0722
358mPRO: 10|1|0.2241
358mLYS: 10|1|0.4347
210mLEU: 06|1|0.0825
360mILE: 10|1|0.3188
349mTHR: 24|1|0.8902
311mGLU: 19|1|0.8265
345mSER: 24|1|0.0789
202mGLY: 26|1|0.5509
301mILE: 19|1|0.243
313mALA: 08|1|0.595
312mGLN: 08|1|1.3558
356mGLY: 29|1|0.0351
311mHIS: 19|1|0.3029
301mASN: 19|1|0.2692
141mGLU: 28|1|0.9409
239mTHR: 07|1|0.3974
427mGLY: 08|1|0.3098
321mPHE: 19|1|0.0066
405mTHR: 24|1|0.1577
296mGLN: 19|1|0.0226
285mVAL: 08|1|0.044
369mLEU: 24|1|0.1934
300mGLU: 19|1|0.1152
370mPHE: 24|1|0.0899
322mLYS: 19|1|0.0445
390mGLY: 12|1|0.4561
376mPHE: 04|1|0.0132
311mPRO: 19|1|0.6692
224mSER: 05|1|0.2648
369mPHE: 24|1|0.0
312mVAL: 08|1|1.3648
358mGLU: 10|1|0.2982
288mTRP: 08|1|0.0144
271mSER: 29|1|0.0722
428mLYS: 08|1|0.2198
141mGLY: 28|1|0.5753
220mTHR: 11|1|0.2288
202mILE: 26|1|0.3188
207mGLU: 18|1|0.0712
285mLEU: 08|1|0.0561
313mHIS: 08|1|0.3029
202mARG: 26|1|0.2405
239mALA: 07|1|0.2614
322mTHR: 19|1|0.2037
285mGLN: 08|1|0.1095
253mPHE: 26|1|0.0066
239mASP: 07|1|0.3659
311mILE: 19|1|0.6818
122mILE: 06|1|0.0711
285mGLU: 08|1|0.1134
277mGLN: 29|1|0.1359
369mSER: 24|1|0.1428
122mHIS: 06|1|0.4057
441mILE: 19|1|0.046
441mHIS: 19|1|0.3806
224mALA: 05|1|0.0792
313mPHE: 08|1|0.7591
319mGLU: 08|1|0.1148
224mLYS: 05|1|0.0528
356mHIS: 29|1|0.1756
390mASN: 12|1|0.1296
150mALA: 29|1|0.4074
149mGLY: 29|1|0.293
390mGLN: 12|1|0.2076
405mMET: 24|1|0.2758
301mGLU: 19|1|0.5061
277mASN: 29|1|0.201
220mARG: 11|1|0.0168
356mPHE: 29|1|0.2609
455mGLY: 10|1|0.0897
301mGLN: 19|1|0.3883
333mSER: 19|1|0.0761
439mALA: 19|1|0.5927
313mSER: 08|1|0.3336
202mTHR: 26|1|0.4533
347mGLU: 24|1|0.0811
288mASN: 08|1|0.1185
383mTRP: 24|1|0.0265
277mLEU: 29|1|0.0825
289mTHR: 19|1|0.0194
289mASN: 19|1|0.0612
318mGLU: 19|1|1.653
311mTHR: 19|1|0.731
277mALA: 29|1|0.0264
390mGLU: 12|1|0.3739
220mLEU: 11|1|0.1521
317mALA: 08|1|0.1785
399mSER: 08|1|0.1693
122mTRP: 06|1|0.1665
315mCYS: 19|1|0.215
220mHIS: 11|1|0.4057
360mGLN: 10|1|0.1986
141mPHE: 28|1|0.5081
427mILE: 08|1|0.0711
441mLEU: 19|1|0.127
316mGLU: 08|1|0.2367
328mTHR: 19|1|0.2656
342mHIS: 24|1|0.1764
202mALA: 26|1|0.6658
349mILE: 24|1|0.6833
441mGLU: 19|1|0.1843
333mGLU: 19|1|0.0039
287mMET: 08|1|0.1181
453mTHR: 29|1|0.136
356mGLN: 29|1|0.1964
239mGLU: 07|1|0.4929
150mGLY: 29|1|0.835
253mCYS: 26|1|0.289
319mALA: 08|1|0.0663
455mCYS: 10|1|0.9709
311mTRP: 19|1|0.6274
271mMET: 29|1|0.1375
220mGLY: 11|1|0.3098
325mGLY: 19|1|0.5094
427mGLN: 08|1|0.2055
383mMET: 24|1|0.2069
275mGLU: 21|1|0.1134
428mLEU: 08|1|0.1672
296mHIS: 19|1|0.395
192mMET: 11|1|0.0371
296mCYS: 19|1|1.4556
369mILE: 24|1|0.0015
312mGLY: 08|1|0.971
210mVAL: 06|1|0.0704
297mTYR: 19|1|0.2217
322mMET: 19|1|0.3218
297mPHE: 19|1|0.7591
207mALA: 18|1|0.0227
288mGLU: 08|1|0.0573
282mLYS: 08|1|0.2088
299mCYS: 19|1|0.0207
301mHIS: 19|1|0.2378
282mHIS: 08|1|1.2171
349mLEU: 24|1|0.835
312mTYR: 08|1|0.4434
224mGLN: 05|1|0.1887
454mGLU: 29|1|0.0674
441mASN: 19|1|0.2455
439mGLY: 19|1|0.2197
149mILE: 29|1|0.0543
220mGLU: 11|1|0.2094
321mCYS: 19|1|0.289
291mGLY: 08|1|0.2086
312mASN: 08|1|0.8456
239mILE: 07|1|0.3482
202mPRO: 26|1|0.2498
360mPHE: 10|1|0.0404
122mPHE: 06|1|0.0168
428mTHR: 08|1|0.577
148mMET: 05|1|0.0653
239mCYS: 07|1|0.7079
173mASN: 29|1|0.3783
173mTRP: 29|1|0.2742
319mLEU: 08|1|0.0436
312mTHR: 08|1|1.462
275mTHR: 21|1|0.1328
301mTRP: 19|1|0.3584
349mTYR: 24|1|0.1521
405mASN: 24|1|0.1995
405mGLN: 24|1|0.1344
370mTHR: 24|1|0.0618
296mILE: 19|1|0.0183
210mGLU: 06|1|0.1398
347mSER: 24|1|0.1041
211mGLY: 17|1|0.3154
301mVAL: 19|1|0.4266
301mCYS: 19|1|0.3634
301mMET: 19|1|0.1011
322mILE: 19|1|0.046
322mGLN: 19|1|0.1804
325mHIS: 19|1|0.7971
356mTRP: 29|1|0.082
320mCYS: 08|1|0.3846
224mGLY: 05|1|0.293
239mPHE: 07|1|0.4255
322mVAL: 19|1|0.1149
333mGLY: 19|1|0.1043
173mGLY: 29|1|0.4175
224mLEU: 05|1|0.1353
292mCYS: 19|1|0.4632
428mVAL: 08|1|0.2277
383mASN: 24|1|0.1306
297mLEU: 19|1|0.7525
148mHIS: 05|1|0.1241
453mCYS: 29|1|0.4465
282mGLN: 08|1|0.6165
210mILE: 06|1|0.0015
393mTRP: 19|1|0.1938
333mHIS: 19|1|0.2002
399mVAL: 08|1|0.0854
322mASN: 19|1|0.2455
421mTHR: 08|1|0.1913
313mLEU: 08|1|0.7525
224mVAL: 05|1|0.1232
369mLYS: 24|1|0.1498
356mPRO: 29|1|0.0523
292mLEU: 19|1|0.1866
202mLYS: 26|1|0.6413
427mASP: 08|1|0.0251
393mMET: 19|1|0.5546
405mLEU: 24|1|0.081
210mMET: 06|1|0.2773
282mASN: 08|1|0.8118
398mGLY: 08|1|0.3441
318mARG: 19|1|0.0194
360mTHR: 10|1|0.4533
141mALA: 28|1|0.4867
291mMET: 08|1|0.2828
150mGLN: 29|1|0.6264
439mTYR: 19|1|0.1823
282mTRP: 08|1|0.4995
149mSER: 29|1|0.2648
383mSER: 24|1|0.1416
141mHIS: 28|1|0.5725
399mLEU: 08|1|0.0919
313mASN: 08|1|0.4228
