268mTHR: 01,02,04,06,07,10,11,16,22,25,27,28,29|13|10.8586
146mGLY: 01,02,04,06,10,16,22,25,27,28,29|11|5.4439
303mALA: 01,02,04,06,07,10,11,22,23,25,29|11|9.2147
144mALA: 01,02,04,06,10,11,22,25,27,29|10|5.1677
144mGLY: 01,02,04,06,10,11,22,25,27,29|10|3.344
144mCYS: 01,02,04,06,10,11,22,25,27,29|10|8.1251
251mGLY: 00,05,08,09,12,13,14,20,26|9|4.4839
243mGLY: 03,08,14,17,18,19,21,24,26|9|4.7084
251mTHR: 00,05,08,09,12,13,14,20,26|9|3.4001
251mLEU: 00,05,08,09,12,13,14,20,26|9|3.2035
243mALA: 03,08,14,17,18,19,21,24,26|9|7.0819
245mALA: 03,05,08,09,13,14,19,21,26|9|4.8226
251mGLU: 00,05,08,09,12,13,14,20,26|9|3.1871
251mSER: 00,05,08,09,12,13,14,20,26|9|2.4034
251mPRO: 00,05,08,09,12,13,14,20,26|9|1.7701
251mALA: 00,05,08,09,12,13,14,20,26|9|5.2078
147mVAL: 01,02,06,10,16,25,27,29|8|1.7334
307mALA: 02,04,06,11,22,23,25,28|8|1.3743
147mGLY: 01,02,06,10,16,25,27,29|8|4.2633
147mALA: 01,02,06,10,16,25,27,29|8|7.0194
159mALA: 00,03,08,14,19,20,26|7|3.979
267mGLY: 01,04,06,22,25,27,29|7|3.6898
218mALA: 04,06,17,18,22,24,25|7|3.0191
267mTHR: 01,04,06,22,25,27,29|7|2.5128
267mGLU: 01,04,06,22,25,27,29|7|2.7846
237mGLY: 00,05,08,09,12,13,20|7|2.7282
242mGLY: 03,08,17,18,19,24,26|7|4.1426
267mSER: 01,04,06,22,25,27,29|7|3.6454
267mGLN: 01,04,06,22,25,27,29|7|3.653
242mTHR: 03,08,17,18,19,24,26|7|3.8249
267mASP: 01,04,06,22,25,27,29|7|5.8521
165mASP: 03,14,17,18,19,24|6|5.7696
265mALA: 01,02,16,27,28,29|6|5.3508
164mGLU: 03,14,17,18,19,24|6|4.5102
165mCYS: 03,14,17,18,19,24|6|5.7242
165mGLU: 03,14,17,18,19,24|6|4.1514
165mASN: 03,14,17,18,19,24|6|1.8648
165mSER: 03,14,17,18,19,24|6|3.565
165mPRO: 03,14,17,18,19,24|6|2.3115
164mLEU: 03,14,17,18,19,24|6|2.51
165mGLY: 03,14,17,18,19,24|6|4.4616
165mGLN: 03,14,17,18,19,24|6|3.8969
163mGLY: 03,08,14,17,19,24|6|1.2386
165mTHR: 03,14,17,18,19,24|6|3.5338
165mALA: 03,14,17,18,19,24|6|4.4002
206mALA: 05,08,12,13,20|5|1.7146
240mASP: 03,17,18,19,24|5|1.8998
194mASP: 03,17,18,19,24|5|3.0438
269mGLY: 01,02,07,16,28|5|1.1636
126mGLY: 05,09,12,13,20|5|3.6006
194mGLU: 03,17,18,19,24|5|1.5448
126mALA: 05,09,12,13,20|5|5.0747
249mALA: 03,08,17,20,21|5|2.0307
126mTHR: 05,09,12,13,20|5|1.8699
249mGLY: 03,08,17,20,21|5|1.6188
194mGLY: 03,17,18,19,24|5|1.6034
197mASP: 05,08,09,13,20|5|2.7135
249mASP: 03,08,17,20,21|5|1.573
197mCYS: 05,08,09,13,20|5|3.5641
249mLEU: 03,08,17,20,21|5|1.1727
126mCYS: 05,09,12,13,20|5|6.3035
191mGLY: 03,17,18,19,24|5|1.413
141mALA: 04,06,10,25,27|5|2.8701
197mALA: 05,08,09,13,20|5|2.5373
196mALA: 05,09,13,20|4|2.6141
127mGLY: 05,09,13,20|4|2.364
128mALA: 05,09,13,20|4|2.6325
196mGLY: 05,09,13,20|4|1.7934
127mALA: 05,09,13,20|4|3.5193
127mLEU: 05,09,13,20|4|1.4651
128mLYS: 05,09,13,20|4|1.3771
128mSER: 05,09,13,20|4|1.2725
196mILE: 05,09,13,20|4|1.2513
128mGLY: 05,09,13,20|4|1.7166
220mTHR: 04,06,22|3|2.1799
220mGLN: 04,06,22|3|1.066
274mASP: 04,06,22|3|1.086
215mCYS: 04,06,22|3|2.0203
215mGLU: 04,06,22|3|1.2861
131mALA: 05,09,13|3|1.9607
167mMET: 17,19,24|3|1.0517
167mSER: 17,19,24|3|1.035
220mILE: 04,06,22|3|1.7519
311mGLY: 07,11,23|3|1.5174
201mSER: 00,08,20|3|1.1084
220mALA: 04,06,22|3|2.5289
220mSER: 04,06,22|3|1.7907
167mHIS: 17,19,24|3|1.2869
131mLYS: 05,09,13|3|1.1132
274mALA: 04,06,22|3|1.5807
205mGLN: 05,12,13|3|1.338
167mGLY: 17,19,24|3|1.2374
205mSER: 05,12,13|3|1.1097
205mHIS: 05,12,13|3|1.2129
205mTHR: 05,12,13|3|1.3314
300mCYS: 06,22,23|3|1.1544
201mASP: 00,08,20|3|1.1287
311mLEU: 07,11,23|3|1.2989
205mGLY: 05,12,13|3|1.6154
199mASP: 08,09,20|3|1.3246
220mGLU: 04,06,22|3|2.8926
220mPRO: 04,06,22|3|1.0985
215mTHR: 04,06,22|3|1.2285
220mASP: 04,06,22|3|2.0128
205mVAL: 05,12,13|3|1.2498
311mALA: 07,11,23|3|1.1323
220mCYS: 04,06,22|3|2.9008
205mASN: 05,12,13|3|1.094
205mALA: 05,12,13|3|1.1676
274mCYS: 04,06,22|3|2.9957
205mMET: 05,12,13|3|1.2244
131mGLY: 05,09,13|3|1.2086
311mGLU: 07,11,23|3|1.2668
220mLEU: 04,06,22|3|1.4166
205mTRP: 05,12,13|3|1.1796
219mGLY: 17,18,24|3|1.8516
215mALA: 04,06,22|3|2.7915
220mLYS: 04,06,22|3|1.5739
205mLEU: 05,12,13|3|1.5039
220mGLY: 04,06,22|3|1.5826
205mGLU: 05,12,13|3|1.6122
171mGLU: 06,22|2|1.1143
235mGLU: 00,08|2|1.1771
297mTHR: 18,23|2|1.013
297mGLN: 18,23|2|1.0662
235mALA: 00,08|2|1.1595
302mCYS: 06,22|2|1.0564
235mCYS: 00,08|2|1.8581
301mCYS: 06,22|2|1.4309
297mGLU: 18,23|2|1.3326
235mGLY: 00,08|2|1.1711
235mASP: 00,08|2|1.7897
235mGLN: 00,08|2|1.2439
297mPRO: 18,23|2|1.0996
297mVAL: 18,23|2|1.109
297mGLY: 18,23|2|1.135
297mALA: 18,23|2|1.1148
222mCYS: 06,22|2|1.6619
297mLEU: 18,23|2|1.3389
222mALA: 06,22|2|1.3786
235mSER: 00,08|2|1.0082
297mASP: 18,23|2|1.3602
171mALA: 06,22|2|1.3069
297mCYS: 18,23|2|1.4049
297mPHE: 18,23|2|1.1753
171mCYS: 06,22|2|2.4832
171mASP: 06,22|2|1.0969
278mCYS: 06,22|2|1.4862
338mCYS: 15|1|1.7648
422mALA: 15|1|1.1374
175mCYS: 22|1|1.0318
231mCYS: 00|1|1.2972
335mALA: 15|1|1.4124
379mCYS: 15|1|1.1222
338mALA: 15|1|1.3735
378mCYS: 15|1|1.077
403mCYS: 15|1|1.2045
441mALA: 23|1|1.1881
335mCYS: 15|1|1.815
378mGLU: 15|1|1.1133
281mCYS: 18|1|1.0663
335mASP: 15|1|1.0606
255mCYS: 00|1|1.2897
