242mGLY: 02,05,06,11,13,15,17,21,25,26,28|11|9.6343
242mALA: 02,05,06,11,13,15,17,21,25,26,28|11|8.8482
242mLYS: 02,05,06,11,13,15,17,21,25,26,28|11|10.559
243mGLY: 02,05,06,11,13,16,17,25,26,28|10|4.1713
242mSER: 02,05,06,11,13,15,17,21,26,28|10|7.5122
242mVAL: 02,05,06,11,13,17,21,25,26,28|10|4.7154
242mGLU: 02,05,06,11,13,15,17,21,25,26|10|9.4666
242mILE: 02,05,06,11,13,17,21,25,26,28|10|3.1312
243mLYS: 02,05,06,11,13,15,17,25,26,28|10|5.6353
242mTHR: 02,05,06,11,13,15,17,21,25,26|10|7.0273
242mASN: 02,05,06,11,13,15,17,21,25,26|10|6.2708
242mHIS: 02,05,06,11,13,15,17,21,25,26|10|6.1271
164mTHR: 02,05,11,15,16,17,21,25,26|9|6.1257
165mASP: 02,05,06,11,13,15,17,25,26|9|8.2562
243mTHR: 02,05,06,11,13,17,21,25,26|9|2.0152
164mMET: 02,05,11,15,16,17,21,25,26|9|3.4483
165mTHR: 02,05,06,11,13,15,17,25,26|9|4.6642
165mGLU: 02,05,06,11,13,15,17,25,26|9|7.2949
164mGLY: 02,05,11,15,16,17,21,25,26|9|6.8724
243mASP: 02,05,06,13,15,17,25,26,28|9|5.6931
242mCYS: 02,06,11,13,15,17,25,26,28|9|11.9904
165mSER: 02,05,06,11,13,15,17,25,26|9|3.4713
165mPRO: 02,05,06,11,13,15,17,25,26|9|2.9567
242mASP: 02,06,11,13,15,17,21,25,26|9|11.7936
165mGLY: 02,05,06,11,13,15,17,25,26|9|5.4682
242mLEU: 02,05,06,11,13,17,21,26,28|9|2.9659
242mPRO: 02,05,06,11,13,15,17,25,26|9|5.2834
164mALA: 02,05,11,15,16,17,21,25,26|9|6.3175
242mARG: 02,05,06,11,13,15,17,25,26|9|3.8177
165mALA: 02,05,06,11,13,15,17,25,26|9|5.4099
165mVAL: 02,05,06,11,13,15,17,25,26|9|2.4101
164mSER: 02,05,11,15,16,17,21,25,26|9|5.5896
164mASP: 02,05,11,15,17,21,25,26|8|6.9919
164mGLU: 02,05,11,15,17,21,25,26|8|8.2377
242mMET: 02,06,11,13,15,17,21,26|8|3.5037
164mVAL: 02,05,11,15,16,21,25,26|8|4.0197
362mHIS: 02,09,11,12,13,14,16,21|8|4.0253
247mASP: 02,06,11,13,15,17,25,26|8|1.6586
165mGLN: 02,06,11,13,15,17,25,26|8|2.8105
164mHIS: 05,11,15,16,17,21,25,26|8|6.1726
242mGLN: 02,06,11,13,15,17,21,26|8|4.3251
164mGLN: 02,05,11,15,17,21,25,26|8|3.4702
440mGLU: 09,12,14,16,20,21,24|7|5.6628
194mTHR: 02,06,08,13,17,25,26|7|2.3926
164mILE: 02,11,15,16,21,25,26|7|1.4902
362mGLY: 02,09,12,14,16,21,24|7|5.9222
179mGLU: 00,01,03,10,18,22,29|7|1.9583
438mTHR: 09,12,14,16,20,21,24|7|3.576
438mGLU: 09,12,14,16,20,21,24|7|5.5019
147mHIS: 00,03,04,10,18,22,29|7|1.7813
244mGLY: 05,06,08,17,25,26,28|7|3.1772
244mASP: 05,06,08,17,25,26,28|7|2.6605
147mSER: 00,03,04,10,18,22,29|7|2.3322
362mGLU: 02,09,12,14,16,21,24|7|7.2148
165mCYS: 02,11,13,15,17,25,26|7|8.8964
194mHIS: 02,06,08,13,17,25,26|7|3.1532
438mGLY: 09,12,14,16,20,21,24|7|4.3943
244mTHR: 05,06,08,17,25,26,28|7|1.8796
243mCYS: 05,06,13,15,17,25,28|7|8.2372
147mGLY: 00,03,04,10,18,22,29|7|3.4586
194mASP: 02,06,08,13,17,25,26|7|4.7242
194mGLU: 02,06,08,13,17,25,26|7|3.7827
243mGLU: 02,05,06,17,25,26,28|7|5.4212
438mSER: 09,12,14,16,20,21,24|7|2.9196
359mHIS: 11,13,14,15,16,21,24|7|1.5194
244mGLU: 05,06,08,17,25,26,28|7|3.2912
438mALA: 09,12,14,16,20,21,24|7|3.9057
359mGLU: 02,11,13,14,15,21,24|7|4.788
244mALA: 05,06,08,17,25,26,28|7|3.4855
164mLYS: 05,15,16,17,21,25,26|7|5.2112
194mGLY: 02,06,08,13,17,25,26|7|2.8718
438mLYS: 09,12,14,16,20,21,24|7|5.0553
362mTHR: 02,09,12,14,16,21,24|7|4.0936
194mALA: 02,06,08,13,17,25,26|7|3.9076
164mASN: 05,11,15,16,21,25,26|7|4.3173
243mSER: 13,16,17,21,25,26,28|7|2.3098
362mASP: 09,12,13,14,16,21,24|7|8.3924
168mGLU: 02,05,06,11,13,17,25|7|2.4071
247mCYS: 02,05,06,25,26,28|6|3.7511
440mLYS: 09,14,16,20,21,24|6|6.1121
440mTHR: 09,14,16,20,21,24|6|4.3268
168mHIS: 05,06,11,13,17,25|6|1.8837
244mLYS: 05,06,08,17,26,28|6|2.5973
240mASP: 02,06,13,17,25,26|6|2.5423
359mALA: 13,14,15,16,21,24|6|4.9944
245mGLU: 02,05,08,11,13,21|6|1.1536
262mGLU: 00,03,10,22,27,29|6|4.041
262mHIS: 00,03,10,22,27,29|6|1.849
181mLYS: 00,01,03,04,22,29|6|3.196
362mALA: 09,12,14,16,21,24|6|5.6571
438mASP: 09,12,14,16,20,21|6|4.7375
191mHIS: 02,06,13,17,25,26|6|1.3296
240mALA: 02,05,06,13,17,25|6|1.1287
362mCYS: 09,12,14,16,21,24|6|9.8688
146mGLY: 00,03,04,10,18,29|6|5.2566
440mSER: 09,14,16,20,21,24|6|4.9792
147mLYS: 00,04,10,18,22,29|6|2.6957
243mALA: 02,11,13,17,25,28|6|3.9829
165mMET: 02,06,11,13,17,26|6|1.7128
245mALA: 02,06,08,11,13,21|6|0.4417
181mASP: 00,01,03,04,22,29|6|4.8955
179mASP: 00,01,03,10,18,22|6|2.7433
265mGLU: 00,03,04,18,27,29|6|1.9131
179mALA: 00,03,10,18,22,29|6|1.8572
147mLEU: 00,04,10,18,22,29|6|2.6164
181mGLU: 00,01,03,04,22,29|6|4.2815
165mASN: 05,06,15,17,25,26|6|2.8762
438mHIS: 09,12,14,16,20,24|6|1.9571
262mASP: 00,03,10,22,27,29|6|4.514
440mASP: 09,14,16,20,21,24|6|4.1528
440mALA: 09,12,16,20,21,24|6|6.2864
194mGLN: 02,06,13,17,25,26|6|1.5645
147mPRO: 00,04,10,18,22,29|6|1.1506
440mGLY: 09,14,16,20,21,24|6|6.1105
362mSER: 02,09,12,14,16,21|6|4.1225
164mLEU: 02,05,11,15,21,25|6|2.8218
244mSER: 05,06,08,17,25,26|6|1.8649
435mLYS: 09,12,14,16,20,21|6|0.7219
165mILE: 02,06,11,13,15,25|6|1.6378
146mGLU: 00,03,04,10,18,29|6|5.8323
194mLYS: 02,06,08,17,25,26|6|2.6929
262mGLY: 00,03,10,22,27,29|6|2.8118
165mLYS: 05,06,15,17,25,26|6|4.6119
146mSER: 00,03,04,10,18,29|6|3.763
440mVAL: 09,14,16,20,21,24|6|4.4938
146mALA: 00,03,04,10,18,29|6|5.992
262mSER: 00,03,10,22,27,29|6|1.9838
359mCYS: 13,14,15,16,21,24|6|4.1093
359mSER: 13,14,15,16,21,24|6|2.8777
440mHIS: 09,14,16,20,21,24|6|4.9881
440mASN: 09,14,16,20,21,24|6|4.2637
435mALA: 09,12,14,16,20,21|6|1.1335
440mGLN: 09,14,16,20,21,24|6|2.6956
244mCYS: 05,06,08,17,26,28|6|5.1363
147mALA: 00,04,10,18,22,29|6|5.1041
146mASP: 00,03,04,10,18,29|6|5.6166
266mCYS: 00,10,18,22,27,29|6|6.8076
240mGLU: 05,06,13,17,25,26|6|1.5147
194mMET: 02,06,13,17,25,26|6|1.5158
262mLYS: 00,03,10,22,27,29|6|1.7282
168mSER: 05,06,11,13,17,25|6|1.1758
242mTYR: 02,05,11,13,17,26|6|2.8933
359mGLY: 13,14,15,16,21,24|6|3.4944
388mHIS: 09,14,20,21,24|5|2.1702
164mARG: 05,15,16,25,26|5|1.2419
358mASP: 13,14,15,16,21|5|2.9773
229mHIS: 00,03,22,27,29|5|1.5968
391mPHE: 09,14,16,21,24|5|0.9312
219mHIS: 02,06,08,13,17|5|1.6074
147mTHR: 00,04,10,18,22|5|2.0966
440mLEU: 09,16,20,21,24|5|3.2529
229mGLY: 00,03,22,27,29|5|3.0579
245mSER: 02,08,11,13,21|5|0.8611
391mASP: 09,14,16,21,24|5|1.6213
169mGLU: 02,13,17,25,26|5|1.5708
358mGLY: 13,14,15,16,21|5|3.2467
243mHIS: 02,11,16,17,25|5|1.0125
165mARG: 06,15,17,25,26|5|0.9105
194mCYS: 02,08,13,17,26|5|6.1187
438mASN: 09,12,16,21,24|5|2.496
365mGLU: 09,12,14,16,24|5|2.3899
391mLYS: 09,14,16,21,24|5|1.6445
391mSER: 09,14,16,21,24|5|1.6583
358mALA: 13,14,15,16,21|5|4.1539
357mSER: 02,11,15,16,26|5|1.022
262mALA: 00,03,22,27,29|5|3.7309
362mASN: 02,09,14,16,21|5|3.0339
391mASN: 09,14,16,21,24|5|1.0618
229mALA: 00,03,22,27,29|5|3.7413
440mMET: 09,16,20,21,24|5|3.0263
240mSER: 02,06,13,25,26|5|0.5414
146mLYS: 00,03,04,18,29|5|3.1443
164mPRO: 05,15,16,25,26|5|2.2889
388mALA: 09,14,20,21,24|5|2.9402
391mGLY: 09,14,16,21,24|5|1.9247
169mASP: 02,13,17,25,26|5|1.6584
440mPRO: 09,14,16,20,21|5|2.6153
388mGLU: 09,14,20,21,24|5|1.9945
388mLEU: 09,14,20,21,24|5|1.5053
362mGLN: 09,14,16,21,24|5|1.9347
161mLYS: 02,11,13,15,25|5|2.2434
194mSER: 02,06,17,25,26|5|2.1111
168mASP: 02,05,13,17,25|5|2.0648
440mPHE: 09,16,20,21,24|5|2.4356
146mASN: 00,03,04,10,18|5|2.3496
146mTHR: 00,03,04,10,18|5|4.3432
391mARG: 09,14,16,21,24|5|0.6208
164mCYS: 02,05,11,15,25|5|5.7706
194mILE: 02,06,08,17,26|5|0.9179
435mCYS: 09,12,14,20,21|5|3.7438
168mGLY: 02,06,11,13,25|5|1.5825
362mLYS: 09,12,14,16,21|5|6.0766
162mHIS: 02,13,16,21,25|5|1.366
388mSER: 09,14,20,21,24|5|2.3258
120mGLY: 00,01,03,04,18|5|1.882
194mARG: 02,06,08,17,26|5|0.5541
165mHIS: 06,15,17,25,26|5|3.3361
262mMET: 00,03,10,27,29|5|1.4578
359mTHR: 13,14,15,21,24|5|2.8809
365mASP: 09,12,14,16,24|5|2.9552
359mMET: 14,15,16,21,24|5|1.3071
391mLEU: 09,14,16,21,24|5|1.2765
244mHIS: 05,08,17,26,28|5|1.5672
365mALA: 12,14,16,21,24|5|2.482
438mCYS: 09,12,14,20,21|5|5.9139
440mILE: 09,16,20,21,24|5|4.3624
146mHIS: 00,03,10,18,29|5|1.6888
391mGLU: 09,14,16,21,24|5|1.8053
388mGLY: 09,14,20,21,24|5|2.2678
147mPHE: 00,04,10,22,29|5|1.3409
169mGLY: 02,06,13,17,25|5|0.733
391mGLN: 09,14,16,21,24|5|1.0222
146mILE: 00,03,10,18,29|5|2.404
262mTHR: 03,10,22,27,29|5|2.3197
357mGLY: 02,11,15,16,26|5|1.2644
165mLEU: 02,06,11,13,17|5|2.5872
249mALA: 02,05,11,15,25|5|1.7856
388mASP: 09,14,20,21,24|5|1.803
245mMET: 02,08,11,13,21|5|1.2926
391mHIS: 09,14,16,21,24|5|2.2673
169mHIS: 06,13,17,25,26|5|1.0518
245mGLY: 02,08,11,13,21|5|0.5842
181mGLY: 00,03,04,22,29|5|1.5342
146mCYS: 00,04,10,18,29|5|6.841
391mILE: 09,14,16,21,24|5|1.1628
162mGLU: 02,13,16,21,25|5|0.7322
391mALA: 09,14,16,21,24|5|2.0466
245mGLN: 02,08,11,13,21|5|0.2823
245mHIS: 02,08,11,13,21|5|1.7453
179mHIS: 00,01,10,18,22|5|1.3483
391mVAL: 09,14,16,21,24|5|1.4546
262mPRO: 00,03,22,27,29|5|0.7657
266mALA: 00,10,18,22,27|5|2.8558
162mTHR: 02,13,16,21,25|5|0.348
358mGLU: 13,14,15,16,21|5|2.3971
359mVAL: 14,15,16,21,24|5|2.2385
146mVAL: 00,03,10,18,29|5|2.2181
146mMET: 00,03,04,10,29|5|2.2979
362mPRO: 09,14,16,21,24|5|2.5566
437mGLY: 12,14,20,21,24|5|1.7273
359mLEU: 14,15,16,21,24|5|2.7129
147mGLU: 00,04,10,18,22|5|3.1551
391mMET: 09,14,16,21,24|5|1.5844
357mTHR: 02,11,15,16,26|5|1.3935
266mGLY: 00,03,18,22,27|5|1.9126
168mTHR: 02,06,11,13,25|5|1.112
391mTHR: 09,14,16,21,24|5|1.3066
147mMET: 00,03,04,10,22|5|1.745
147mASP: 00,04,10,18,22|5|3.1707
359mASP: 13,14,15,21,24|5|3.6555
242mTRP: 02,13,15,17,21|5|0.7611
245mTHR: 02,08,11,13,21|5|0.5143
162mGLY: 02,13,16,21,25|5|0.4573
435mGLU: 12,14,16,21,24|5|0.9397
194mLEU: 02,06,13,17,26|5|1.2143
249mGLU: 02,05,11,15,25|5|1.3806
388mLYS: 09,14,20,21|4|1.8052
219mLEU: 02,06,13,17|4|0.9955
362mVAL: 09,14,16,21|4|2.3659
357mLYS: 02,11,15,16|4|2.3893
360mALA: 14,16,21,24|4|2.7736
247mLYS: 02,25,26,28|4|1.4552
193mGLU: 06,08,13,17|4|1.4224
262mLEU: 00,03,27,29|4|2.6594
193mHIS: 06,08,13,17|4|0.9965
178mSER: 10,18,22,29|4|0.7708
265mLYS: 00,04,18,29|4|3.7404
178mLYS: 10,18,22,29|4|1.1272
219mSER: 02,06,13,17|4|1.4949
265mTHR: 00,04,18,29|4|2.537
180mLYS: 00,03,18,29|4|1.8783
142mALA: 00,01,04,18|4|2.7852
265mALA: 00,04,18,29|4|3.7013
251mALA: 05,11,15,28|4|2.1763
219mILE: 02,06,13,17|4|0.9601
161mSER: 13,16,21,25|4|1.3843
365mCYS: 14,16,21,24|4|5.0221
178mGLY: 10,18,22,29|4|1.069
229mCYS: 00,03,22,29|4|4.1819
263mASP: 10,22,27,29|4|2.3436
229mSER: 00,03,27,29|4|1.8056
263mALA: 10,22,27,29|4|0.8363
267mGLY: 03,04,18,29|4|1.3358
357mHIS: 02,11,21,26|4|1.2225
168mMET: 05,06,11,17|4|0.9702
266mMET: 03,18,22,27|4|1.2932
240mCYS: 02,13,17,26|4|2.9546
147mILE: 00,04,18,29|4|2.8487
266mASP: 00,18,22,27|4|2.3048
191mGLU: 13,17,25,26|4|1.3375
263mTHR: 10,22,27,29|4|1.9898
162mSER: 02,16,21,25|4|0.4366
147mVAL: 00,04,18,29|4|1.7638
147mCYS: 00,04,18,29|4|6.0993
268mCYS: 00,04,10,29|4|3.4894
357mASN: 02,11,16,26|4|1.1068
169mMET: 02,06,13,26|4|0.7299
165mPHE: 02,06,11,13|4|1.196
267mILE: 03,04,18,29|4|0.8385
358mTHR: 13,14,15,21|4|1.9919
193mGLY: 06,08,13,17|4|1.1118
240mHIS: 06,17,25,26|4|0.6999
358mHIS: 13,15,16,21|4|1.4633
388mPHE: 09,14,20,21|4|1.1232
365mHIS: 09,12,16,21|4|0.7216
245mASP: 02,05,11,13|4|1.2462
219mGLU: 02,06,13,17|4|0.7738
159mCYS: 02,11,13,15|4|4.8289
437mCYS: 12,14,20,21|4|5.0653
240mGLY: 02,13,17,26|4|1.0062
248mALA: 05,11,15,28|4|1.3516
120mHIS: 00,01,04,18|4|0.6398
360mGLY: 02,14,16,24|4|1.4074
261mALA: 03,22,27,29|4|4.3714
440mTRP: 09,16,21,24|4|1.1237
229mLYS: 00,03,22,27|4|2.4069
266mSER: 03,18,22,27|4|1.295
262mGLN: 03,10,27,29|4|1.0816
267mLYS: 03,04,18,29|4|1.2218
359mGLN: 14,15,21,24|4|1.1215
162mMET: 02,16,21,25|4|0.7678
219mALA: 02,06,13,17|4|1.4503
266mGLU: 03,18,22,27|4|2.7691
219mVAL: 02,06,13,17|4|0.9843
251mGLU: 05,11,15,28|4|2.3032
193mTHR: 06,08,13,17|4|0.4908
263mGLY: 10,22,27,29|4|1.1736
229mMET: 00,03,27,29|4|1.2389
120mCYS: 00,01,03,18|4|4.0286
178mALA: 10,18,22,29|4|2.0656
181mCYS: 00,03,04,29|4|4.371
240mLYS: 02,13,17,26|4|1.3172
120mSER: 01,03,04,18|4|0.8719
191mMET: 02,06,13,25|4|0.7622
229mGLU: 00,22,27,29|4|2.0557
266mVAL: 03,18,22,27|4|1.1842
120mLYS: 00,01,03,18|4|2.7049
388mMET: 09,20,21,24|4|1.6606
147mGLN: 00,04,10,22|4|1.236
391mTRP: 14,16,21,24|4|0.6335
435mGLY: 12,16,21,24|4|0.6891
161mGLU: 02,13,16,21|4|1.6095
267mALA: 03,04,18,29|4|2.0555
262mPHE: 00,03,27,29|4|1.441
161mALA: 02,13,15,25|4|3.1072
146mLEU: 00,03,10,29|4|2.2539
358mMET: 13,15,16,21|4|1.1669
194mVAL: 06,08,17,26|4|2.1357
435mSER: 12,16,21,24|4|0.8085
358mCYS: 13,14,15,16|4|5.0738
437mASP: 12,14,20,21|4|1.8135
359mILE: 14,15,16,21|4|1.7436
262mCYS: 00,03,22,29|4|5.6967
180mGLU: 00,03,18,29|4|0.2952
365mLYS: 09,14,16,21|4|2.7914
161mCYS: 02,11,13,25|4|5.3591
179mGLY: 00,01,03,18|4|1.4133
268mGLY: 00,04,10,29|4|0.7426
362mILE: 09,14,21,24|4|2.3326
266mTHR: 03,18,22,27|4|2.3016
358mSER: 13,15,16,21|4|2.1343
268mASP: 00,04,10,18|4|1.6901
261mGLU: 03,22,27,29|4|4.5454
179mLYS: 00,01,03,18|4|1.9328
359mLYS: 13,15,16,24|4|2.5294
179mSER: 01,10,18,22|4|1.0154
120mASP: 00,01,03,18|4|3.8104
219mGLY: 02,06,13,17|4|1.9047
194mASN: 06,08,17,26|4|1.6168
358mLEU: 13,15,16,21|4|2.1128
365mGLY: 09,14,16,21|4|1.7575
229mASP: 00,22,27,29|4|2.1967
244mILE: 06,08,17,26|4|0.9674
142mGLY: 00,01,04,18|4|1.8493
147mTRP: 00,04,10,22|4|0.4878
437mSER: 12,14,21,24|4|0.7513
266mGLN: 03,18,22,27|4|1.5203
119mLYS: 00,01,03,04|4|2.2018
268mALA: 00,04,10,29|4|2.2692
120mGLU: 00,01,03,18|4|2.9725
266mLEU: 00,18,22,27|4|2.2856
247mALA: 02,05,25,28|4|1.9944
161mASP: 02,13,16,25|4|0.998
263mGLU: 10,22,27,29|4|2.938
265mGLY: 00,04,18,29|4|2.3815
191mGLY: 06,13,17,26|4|0.7209
219mLYS: 02,06,13,17|4|0.7189
437mLYS: 12,14,20,21|4|2.1669
388mGLN: 09,20,24|3|0.4449
319mASP: 07,19,23|3|1.2244
263mASN: 10,22,27|3|1.1713
142mVAL: 00,01,04|3|1.0151
261mARG: 22,27,29|3|1.0519
250mASN: 11,15,28|3|1.5921
388mARG: 09,20,21|3|0.1284
437mGLU: 12,20,21|3|1.587
219mASN: 02,06,13|3|0.982
293mHIS: 09,12,16|3|1.6624
219mTHR: 02,06,13|3|0.8148
357mARG: 02,11,16|3|0.3299
251mGLY: 05,11,15|3|1.9562
162mASP: 02,13,16|3|1.045
412mPHE: 14,20,24|3|0.3756
250mSER: 11,15,28|3|1.356
293mLEU: 09,12,16|3|1.0513
229mVAL: 00,03,22|3|1.6819
293mGLY: 09,12,16|3|1.8986
412mALA: 14,20,24|3|1.0479
262mILE: 00,03,29|3|1.7985
268mGLU: 00,10,18|3|1.2764
267mVAL: 03,18,29|3|0.7133
243mVAL: 17,25,28|3|0.9953
181mHIS: 01,04,22|3|0.6296
435mHIS: 14,16,24|3|1.241
190mSER: 02,06,13|3|0.3044
265mVAL: 00,04,18|3|2.3781
265mPHE: 00,04,18|3|1.0284
356mGLY: 02,14,15|3|0.4882
161mVAL: 02,13,15|3|1.1079
193mALA: 08,13,17|3|0.9499
265mCYS: 00,04,18|3|0.7965
193mASN: 06,08,17|3|0.5334
142mSER: 00,01,04|3|1.4617
190mASN: 02,06,13|3|0.2604
146mPHE: 03,10,29|3|0.7215
250mILE: 11,15,28|3|1.2833
297mASN: 09,12,16|3|0.4983
316mLYS: 07,19,23|3|1.467
266mPRO: 18,22,27|3|1.3274
249mLYS: 05,15,25|3|1.2272
193mSER: 06,13,17|3|0.8871
251mTHR: 05,11,15|3|1.6242
229mPRO: 00,03,27|3|0.4778
194mPRO: 08,17,26|3|1.1488
244mLEU: 08,17,26|3|0.9901
251mASN: 05,11,15|3|0.9833
265mTYR: 00,04,18|3|1.3605
142mPHE: 00,01,04|3|0.2222
297mSER: 09,12,16|3|0.7837
358mVAL: 15,16,21|3|0.5397
147mARG: 10,22,29|3|0.0636
250mHIS: 11,15,28|3|1.5632
217mGLY: 06,08,17|3|0.5898
190mGLU: 02,06,13|3|0.0156
364mCYS: 16,21,24|3|1.5031
267mTHR: 03,04,18|3|0.6854
290mGLY: 09,12,16|3|1.014
297mGLU: 09,12,16|3|0.8042
251mLEU: 05,11,15|3|1.7174
412mGLY: 14,20,24|3|0.652
251mPHE: 05,11,15|3|1.1564
290mLEU: 09,12,16|3|0.4658
293mTRP: 09,12,16|3|0.8719
250mLYS: 11,15,28|3|2.0766
440mARG: 09,16,20|3|1.7496
267mGLU: 03,04,18|3|0.9194
357mVAL: 02,11,16|3|0.9855
357mALA: 11,15,16|3|1.9375
364mALA: 16,21,24|3|1.3453
265mASN: 00,04,18|3|1.494
362mLEU: 09,21,24|3|1.2906
179mCYS: 00,03,18|3|4.4538
219mGLN: 02,06,13|3|0.7216
437mALA: 12,14,21|3|2.2584
293mGLN: 09,12,16|3|1.1269
265mPRO: 00,04,18|3|1.5519
435mLEU: 12,16,24|3|0.3184
229mLEU: 00,03,27|3|1.3214
358mGLN: 13,15,21|3|1.0763
267mHIS: 03,04,18|3|0.7176
412mASP: 14,20,24|3|0.9628
293mGLU: 09,12,16|3|1.9815
230mCYS: 03,22,27|3|3.0434
162mASN: 13,21,25|3|0.1918
243mLEU: 17,25,28|3|1.6254
250mGLY: 11,15,28|3|1.874
391mPRO: 09,16,21|3|0.8577
162mALA: 02,13,16|3|0.7541
266mASN: 03,18,22|3|0.9097
250mVAL: 11,15,28|3|1.7943
180mGLY: 00,18,29|3|0.661
250mGLN: 11,15,28|3|0.9516
358mILE: 13,15,16|3|1.6466
293mMET: 09,12,16|3|1.3136
142mGLU: 00,01,04|3|1.1068
119mGLU: 00,01,03|3|1.59
251mMET: 05,11,15|3|1.698
293mASP: 09,12,16|3|0.8679
249mSER: 05,15,25|3|0.7716
266mPHE: 18,22,27|3|1.5467
249mTHR: 05,15,25|3|0.8655
178mGLU: 10,22,29|3|0.4296
142mLEU: 00,01,04|3|0.5535
263mVAL: 10,27,29|3|0.1724
359mPHE: 15,16,24|3|0.9912
357mILE: 11,15,16|3|0.521
263mHIS: 10,22,27|3|0.536
263mCYS: 10,22,27|3|4.0088
261mGLY: 22,27,29|3|3.9568
119mGLY: 01,03,04|3|0.9205
169mALA: 02,13,17|3|0.6203
160mCYS: 11,13,15|3|2.4986
158mGLY: 05,11,15|3|1.3249
250mALA: 11,15,28|3|2.1919
261mPHE: 22,27,29|3|0.5818
251mHIS: 05,11,15|3|1.7839
191mASP: 17,25,26|3|1.6638
265mMET: 00,04,18|3|0.7353
251mPRO: 05,11,15|3|0.6115
145mMET: 00,03,04|3|0.6191
229mTHR: 22,27,29|3|0.9451
261mCYS: 22,27,29|3|6.2907
297mGLY: 09,12,16|3|0.6083
181mALA: 00,04,29|3|0.9807
168mASN: 06,11,25|3|0.9844
121mLYS: 00,01,18|3|1.5065
119mASP: 00,01,03|3|1.5316
388mTRP: 09,20,24|3|0.2142
144mHIS: 00,04,18|3|0.6615
251mSER: 05,11,15|3|1.8667
190mHIS: 02,06,13|3|0.8008
251mLYS: 05,11,15|3|0.8367
357mLEU: 11,15,16|3|0.1198
356mGLU: 02,14,15|3|0.5996
261mASP: 22,27,29|3|5.167
290mASP: 09,12,16|3|0.2358
181mTHR: 00,03,04|3|1.486
180mCYS: 00,04,18|3|2.1543
160mALA: 11,13,15|3|0.5983
438mGLN: 14,16,24|3|0.3267
158mALA: 05,11,15|3|2.0419
180mALA: 00,18,29|3|1.2656
388mTHR: 09,20,24|3|0.6536
178mTHR: 10,22,29|3|0.5393
442mMET: 02,12,16|3|0.1945
261mPRO: 22,27,29|3|2.423
293mTHR: 09,12,16|3|1.7505
261mLEU: 22,27,29|3|1.5649
169mTHR: 02,13,17|3|0.9232
267mSER: 03,04,29|3|0.8562
412mLEU: 14,20,24|3|0.3799
261mVAL: 22,27,29|3|2.3921
290mILE: 09,12,16|3|0.1762
293mSER: 09,12,16|3|1.9658
440mCYS: 09,14,20|3|7.511
121mGLY: 00,01,18|3|1.2255
251mVAL: 05,11,15|3|1.6206
293mALA: 09,12,16|3|1.4618
267mLEU: 03,04,29|3|0.8324
265mSER: 00,04,18|3|1.3947
265mARG: 00,04,18|3|1.2936
266mILE: 18,22,27|3|1.7645
146mGLN: 00,03,10|3|1.7239
412mGLU: 14,20,24|3|1.0572
360mCYS: 16,21,24|3|3.9871
435mTHR: 12,16,24|3|0.5448
251mILE: 05,11,15|3|1.4035
297mTHR: 09,12,16|3|0.5817
230mALA: 03,22,27|3|0.9077
168mGLN: 06,11,25|3|0.6737
159mALA: 02,13,15|3|1.7056
360mLYS: 14,16,24|3|1.9421
164mTYR: 05,15,25|3|0.6019
412mLYS: 14,20,24|3|0.6547
360mSER: 02,14,16|3|0.1996
219mTRP: 02,06,13|3|0.5656
293mLYS: 09,12,16|3|1.1762
412mSER: 14,20,24|3|0.9241
178mHIS: 10,22,29|3|0.772
358mLYS: 13,15,16|3|1.9802
245mCYS: 05,06,28|3|1.7678
249mGLY: 05,15,25|3|0.9856
121mASP: 00,01,18|3|2.494
190mTHR: 02,06,13|3|0.0932
190mMET: 02,06,13|3|0.5656
365mPRO: 09,16,21|3|0.4268
358mARG: 13,15,16|3|1.0246
251mASP: 05,11,15|3|2.1361
261mGLN: 22,27,29|3|2.26
262mVAL: 00,03,29|3|1.2767
261mSER: 22,27,29|3|2.8406
251mTRP: 05,11,15|3|1.0695
251mGLN: 05,11,15|3|1.4483
261mTHR: 22,27,29|3|3.5874
249mASP: 05,15,25|3|1.5108
265mGLN: 00,04,18|3|0.6675
269mLYS: 10,27,29|3|0.8321
319mGLU: 07,19,23|3|0.385
261mASN: 22,27,29|3|2.6669
193mMET: 06,13,17|3|0.5648
142mILE: 00,01,04|3|1.0213
356mSER: 02,14,15|3|0.475
250mMET: 11,15,28|3|1.1592
265mLEU: 00,04,18|3|1.3569
229mARG: 00,03,27|3|0.2418
219mMET: 02,06,13|3|1.2872
161mGLY: 02,13,25|3|1.5436
435mASP: 09,16,20|3|0.6358
267mCYS: 04,18,29|3|3.6802
193mASP: 08,13,17|3|1.2661
250mTHR: 11,15,28|3|1.7322
261mILE: 22,27,29|3|2.2891
388mPRO: 09,20,21|3|0.226
293mILE: 09,12,16|3|0.9303
179mMET: 10,18,22|3|0.7474
146mTRP: 00,03,10|3|0.8501
249mLEU: 05,15,25|3|0.7359
269mGLU: 18,27,29|3|0.6022
365mSER: 09,12,21|3|0.6598
142mLYS: 00,01,04|3|1.5288
438mMET: 14,16,24|3|0.5645
290mALA: 09,12,16|3|0.6244
290mLYS: 09,12,16|3|0.238
243mILE: 17,25,28|3|1.3639
290mSER: 09,12,16|3|0.8116
229mPHE: 00,03,27|3|0.9458
265mHIS: 00,04,18|3|1.119
364mLYS: 16,21,24|3|1.198
240mLEU: 02,05,13|3|0.2648
261mHIS: 22,27,29|3|2.6717
269mALA: 10,27,29|3|0.9091
247mGLY: 02,21,28|3|1.2668
261mLYS: 22,27,29|3|3.7941
266mHIS: 03,18,22|3|0.7575
190mGLY: 02,06,13|3|0.4172
250mGLU: 11,15,28|3|0.9088
144mGLU: 01,04,18|3|0.7347
263mLYS: 10,22,27|3|2.3995
250mLEU: 11,15,28|3|1.0212
267mASP: 03,04,18|3|0.8827
360mTHR: 02,14,24|3|0.4599
265mILE: 00,04,18|3|1.7052
145mGLU: 00,03,04|3|0.5352
364mGLU: 21,24|2|0.583
258mASN: 22,27|2|0.8102
435mMET: 16,24|2|0.8572
387mALA: 14,24|2|1.7915
286mCYS: 07,23|2|1.5103
249mARG: 15,25|2|0.4236
441mVAL: 09,16|2|0.6375
262mARG: 00,27|2|0.0642
403mPHE: 07,23|2|0.6883
217mMET: 06,08|2|0.6207
360mASP: 16,24|2|0.1223
268mILE: 10,29|2|0.6096
259mGLY: 22,27|2|1.3504
124mVAL: 01,03|2|0.3311
178mVAL: 18,29|2|0.8366
193mVAL: 08,17|2|0.6571
169mCYS: 13,17|2|1.3842
130mGLU: 08,17|2|0.4884
258mGLY: 22,27|2|2.7991
400mSER: 07,23|2|0.8443
126mMET: 01,28|2|0.4566
191mTHR: 13,17|2|0.4892
206mALA: 01,28|2|0.7983
361mHIS: 02,13|2|0.3361
288mCYS: 07,23|2|0.9859
161mLEU: 13,25|2|0.8072
232mGLY: 22,27|2|0.3152
184mASP: 01,03|2|0.4977
259mASN: 22,27|2|0.4489
121mGLU: 00,01|2|1.616
411mGLU: 14,24|2|0.9791
454mARG: 13,15|2|0.4216
217mHIS: 06,08|2|0.7971
403mLEU: 07,23|2|0.9459
158mHIS: 05,15|2|0.9324
293mPRO: 09,16|2|0.0886
444mARG: 09,12|2|0.1898
145mASN: 00,04|2|0.5261
433mALA: 09,14|2|0.289
283mGLY: 07,27|2|0.2956
163mGLY: 05,11|2|0.4393
127mGLY: 08,28|2|1.5332
259mALA: 22,27|2|1.3369
412mGLN: 20,24|2|0.34
412mHIS: 20,24|2|1.0484
249mILE: 15,25|2|0.4557
317mGLY: 07,23|2|0.1973
455mGLU: 15,21|2|0.4736
437mILE: 12,21|2|0.9045
377mTHR: 07,23|2|0.5521
366mALA: 14,21|2|1.9032
121mSER: 00,18|2|0.5524
268mMET: 00,10|2|0.2123
411mCYS: 14,24|2|1.9526
259mSER: 22,27|2|0.8784
366mILE: 14,21|2|1.0096
377mSER: 07,23|2|0.6
267mMET: 03,04|2|0.4095
145mTHR: 00,04|2|0.5608
244mPRO: 05,06|2|0.1568
208mGLY: 01,03|2|1.7176
122mARG: 00,01|2|0.4236
122mASP: 00,01|2|1.2649
437mVAL: 12,21|2|0.4269
128mHIS: 08,28|2|0.1721
443mASN: 09,16|2|0.1718
181mASN: 00,03|2|0.6195
286mALA: 07,23|2|0.2252
369mLEU: 14,24|2|0.3855
130mHIS: 08,17|2|0.5821
444mILE: 09,12|2|0.2574
377mGLU: 07,23|2|0.8169
120mALA: 01,18|2|1.5478
232mALA: 22,27|2|0.235
163mALA: 05,11|2|0.7792
403mALA: 07,23|2|1.2591
455mASP: 15,21|2|0.5211
403mPRO: 07,23|2|0.5846
439mVAL: 09,20|2|1.6331
249mHIS: 15,25|2|1.1374
208mASN: 01,03|2|1.2637
331mASN: 07,23|2|0.246
163mASP: 05,11|2|0.4432
229mILE: 00,03|2|1.8674
387mGLU: 14,24|2|0.9857
369mVAL: 14,24|2|0.9572
144mGLY: 00,18|2|0.3405
131mHIS: 08,28|2|0.1722
454mASP: 13,15|2|0.8434
193mCYS: 08,17|2|2.3192
191mASN: 13,17|2|0.3079
119mSER: 03,04|2|0.1636
122mLEU: 00,01|2|0.5036
124mMET: 01,03|2|0.3767
124mTHR: 01,03|2|0.5585
369mPRO: 14,24|2|0.1934
316mHIS: 19,23|2|0.578
366mCYS: 14,21|2|3.8268
401mGLY: 07,23|2|1.3683
297mTRP: 09,16|2|0.1334
164mTRP: 11,21|2|0.3665
411mSER: 14,24|2|0.431
400mILE: 07,23|2|1.1119
120mTHR: 01,18|2|0.8935
403mLYS: 07,23|2|0.2328
403mGLN: 07,23|2|0.7481
439mGLU: 09,20|2|0.4614
124mSER: 01,03|2|0.3943
444mLYS: 09,12|2|0.3222
245mASN: 08,21|2|0.402
243mPHE: 25,28|2|0.3009
179mVAL: 00,18|2|0.986
217mTRP: 06,08|2|0.0795
444mHIS: 09,12|2|0.4755
366mSER: 14,21|2|0.4899
443mGLU: 09,16|2|0.4344
159mVAL: 02,13|2|0.4582
354mGLY: 02,09|2|0.3077
179mLEU: 18,29|2|0.7826
366mLYS: 14,21|2|1.1158
249mMET: 15,25|2|0.6142
208mTHR: 01,03|2|1.4168
368mCYS: 14,24|2|1.9715
258mCYS: 22,27|2|5.5034
177mALA: 03,18|2|0.78
412mPRO: 20,24|2|0.0692
158mGLU: 05,15|2|1.4121
323mALA: 07,23|2|1.1924
316mALA: 19,23|2|1.2561
354mSER: 02,09|2|0.1617
168mLEU: 06,11|2|0.3258
159mGLU: 13,15|2|0.6152
249mPHE: 15,25|2|0.5454
433mASP: 09,14|2|0.1288
124mGLU: 01,03|2|0.792
250mPRO: 11,28|2|1.25
158mGLN: 05,15|2|0.8468
357mMET: 11,26|2|0.5172
232mILE: 22,27|2|0.0799
400mVAL: 07,23|2|1.0711
439mSER: 09,20|2|1.0032
442mHIS: 02,16|2|0.2877
411mHIS: 14,24|2|0.6973
179mPRO: 00,18|2|0.3039
379mSER: 07,23|2|0.2168
178mLEU: 18,29|2|0.459
327mGLY: 07,23|2|0.5247
244mVAL: 06,28|2|0.2425
441mLYS: 09,16|2|0.7162
313mGLU: 23,27|2|0.3388
399mALA: 07,23|2|0.9287
158mTHR: 05,15|2|1.0505
240mASN: 17,26|2|0.5998
288mALA: 07,23|2|0.6997
247mTHR: 02,21|2|0.1092
142mMET: 00,04|2|0.6162
290mASN: 12,16|2|0.7614
145mGLY: 00,04|2|0.5484
360mLEU: 14,16|2|0.1698
435mGLN: 16,24|2|0.3319
439mILE: 09,20|2|1.2348
258mPHE: 22,27|2|0.8063
368mALA: 14,24|2|0.4338
127mASN: 08,28|2|0.1185
290mTHR: 12,16|2|0.636
442mALA: 09,12|2|0.5726
165mTRP: 06,26|2|0.2751
293mASN: 12,16|2|1.8512
124mHIS: 01,03|2|0.3676
400mMET: 07,23|2|0.2699
435mASN: 16,24|2|0.2921
313mTHR: 23,27|2|0.198
145mHIS: 00,03|2|0.5433
412mMET: 20,24|2|0.825
359mPRO: 15,16|2|0.6367
360mASN: 02,14|2|0.1848
228mGLY: 03,22|2|0.1763
247mHIS: 21,28|2|0.1966
206mHIS: 01,28|2|1.6689
130mGLY: 08,17|2|0.4155
208mMET: 01,03|2|1.1833
258mGLU: 22,27|2|2.1353
243mPRO: 15,17|2|0.1965
444mGLN: 09,12|2|0.292
293mPHE: 12,16|2|0.4756
163mLEU: 05,11|2|0.4296
184mHIS: 01,18|2|0.172
122mSER: 00,01|2|0.6326
249mPRO: 15,25|2|0.6763
130mVAL: 08,17|2|0.4276
158mCYS: 11,15|2|2.4825
327mALA: 07,23|2|1.1839
297mMET: 09,16|2|0.8006
441mALA: 09,16|2|1.3048
324mHIS: 07,23|2|0.5875
124mLEU: 01,03|2|0.2747
362mPHE: 21,24|2|0.3779
248mHIS: 05,11|2|0.5222
122mALA: 00,01|2|1.1595
269mCYS: 27,29|2|1.9424
217mASN: 06,08|2|0.3918
160mLYS: 11,15|2|0.6489
377mLYS: 07,23|2|0.6123
288mVAL: 07,23|2|0.0963
127mGLU: 08,28|2|0.7035
455mSER: 15,21|2|0.2442
206mTRP: 01,28|2|0.8577
444mGLU: 09,12|2|0.3101
217mGLN: 06,08|2|0.1965
230mHIS: 27,29|2|0.1666
400mGLY: 07,23|2|1.4068
193mLYS: 08,17|2|1.1547
319mCYS: 19,23|2|0.9535
317mGLU: 07,23|2|0.4547
358mTYR: 13,15|2|0.5609
244mMET: 08,17|2|0.5485
454mLYS: 13,15|2|0.5808
130mALA: 08,17|2|0.5281
241mCYS: 08,17|2|2.1205
122mASN: 00,01|2|0.4176
263mPRO: 22,27|2|0.8066
126mHIS: 01,28|2|0.3672
412mTHR: 20,24|2|0.4636
259mCYS: 22,27|2|2.706
364mTYR: 21,24|2|0.5915
437mHIS: 14,24|2|0.6222
391mCYS: 09,21|2|2.7232
178mMET: 10,22|2|0.5184
290mMET: 12,16|2|0.9903
454mALA: 13,15|2|1.1952
369mCYS: 14,24|2|2.0019
245mVAL: 08,21|2|0.1408
126mGLY: 01,28|2|0.5962
122mGLY: 00,01|2|0.7436
163mILE: 05,11|2|0.1911
441mGLY: 09,16|2|1.0345
269mASP: 27,29|2|0.8508
258mLYS: 22,27|2|3.0329
184mCYS: 03,18|2|0.9735
249mASN: 15,25|2|0.4176
400mASP: 07,23|2|0.6091
361mASP: 13,24|2|0.2708
411mPRO: 14,24|2|0.1408
411mLYS: 14,24|2|0.9147
387mSER: 14,24|2|1.1809
158mASP: 05,15|2|1.611
354mASP: 09,14|2|0.3864
243mMET: 16,25|2|0.4463
226mGLU: 01,03|2|0.4355
163mGLU: 05,11|2|0.3686
439mTHR: 09,20|2|0.5992
323mGLY: 07,23|2|0.72
208mASP: 01,03|2|1.3407
261mMET: 27,29|2|1.5344
364mLEU: 21,24|2|0.5897
259mHIS: 22,27|2|0.5731
433mCYS: 09,14|2|2.354
323mLYS: 07,23|2|1.0574
169mVAL: 13,17|2|0.2681
141mCYS: 01,18|2|1.7019
258mALA: 22,27|2|3.446
178mASP: 10,22|2|0.6456
364mTHR: 21,24|2|0.8505
266mTRP: 18,22|2|1.0025
400mTYR: 07,23|2|0.1707
121mCYS: 01,18|2|2.1169
443mGLY: 09,16|2|0.4966
437mLEU: 14,21|2|0.293
141mGLY: 01,18|2|0.501
444mSER: 09,12|2|0.4718
126mSER: 01,28|2|0.2701
147mTYR: 00,04|2|0.3782
361mGLU: 13,24|2|0.0724
240mARG: 02,26|2|0.1464
377mHIS: 07,23|2|0.2173
134mALA: 08,17|2|0.273
288mGLY: 07,23|2|0.8196
230mGLU: 22,27|2|0.3848
144mALA: 00,18|2|0.611
411mGLY: 14,24|2|0.8136
297mHIS: 09,16|2|1.0299
362mTRP: 21,24|2|0.2343
142mASN: 00,04|2|0.8106
316mVAL: 19,23|2|0.8432
366mGLY: 14,21|2|0.9591
122mMET: 00,01|2|0.6142
403mGLU: 07,23|2|1.0932
206mILE: 01,28|2|0.4502
122mPHE: 00,01|2|0.5454
258mHIS: 22,27|2|1.3015
206mMET: 01,28|2|1.6466
361mMET: 02,13|2|0.1656
324mGLY: 07,23|2|0.5074
208mILE: 01,03|2|0.7413
122mLYS: 00,01|2|1.0188
357mPRO: 02,16|2|0.1542
454mGLN: 13,15|2|0.2486
121mHIS: 00,18|2|0.4981
388mCYS: 14,21|2|3.1341
268mSER: 00,10|2|0.3475
400mTHR: 07,23|2|1.1223
355mASP: 09,12|2|0.3576
191mVAL: 13,17|2|0.3117
387mHIS: 14,24|2|0.6212
258mLEU: 22,27|2|1.4238
182mCYS: 00,03|2|1.8548
206mGLY: 01,28|2|1.2407
360mVAL: 14,16|2|0.915
159mGLY: 02,13|2|0.5035
240mPRO: 17,26|2|0.4384
208mVAL: 01,03|2|1.3398
365mASN: 09,16|2|0.368
297mALA: 09,16|2|0.1769
226mHIS: 01,03|2|0.5048
130mASP: 08,17|2|0.3771
124mALA: 01,03|2|0.2852
318mALA: 19,23|2|0.3901
182mALA: 00,01|2|0.1407
359mTYR: 15,24|2|0.3063
378mSER: 07,23|2|0.2318
435mTRP: 16,24|2|0.19
318mCYS: 19,23|2|1.5888
379mGLY: 07,23|2|0.2606
250mPHE: 11,28|2|0.7416
250mARG: 11,28|2|1.0301
206mVAL: 01,28|2|0.6962
441mSER: 09,16|2|0.8582
269mGLY: 27,29|2|0.3394
122mVAL: 00,01|2|0.6935
400mCYS: 07,23|2|2.4853
438mPRO: 12,16|2|0.5544
412mARG: 20,24|2|0.0072
266mTYR: 18,27|2|0.235
331mGLY: 07,23|2|0.5147
267mASN: 03,18|2|0.2793
316mGLY: 19,23|2|0.7267
400mPHE: 07,23|2|0.5238
354mTHR: 02,09|2|0.0312
248mGLY: 05,11|2|0.8154
442mCYS: 09,12|2|2.1736
444mTHR: 09,12|2|0.3413
163mLYS: 05,11|2|0.4057
217mTHR: 06,08|2|0.2664
262mTRP: 03,27|2|0.2439
331mSER: 07,23|2|0.2349
454mILE: 13,15|2|0.4482
324mASP: 07,23|2|0.5271
433mLYS: 09,14|2|0.2558
272mHIS: 18,27|2|0.4211
403mSER: 07,23|2|0.6497
317mASP: 07,23|2|0.7048
159mLYS: 02,13|2|0.7352
312mGLU: 19,23|2|0.2546
443mHIS: 09,16|2|0.2594
127mSER: 08,28|2|1.208
401mCYS: 07,23|2|0.9261
400mGLU: 07,23|2|1.2567
127mHIS: 08,28|2|0.9001
247mVAL: 25,28|2|0.4967
454mPRO: 13,15|2|0.2098
290mTRP: 12,16|2|0.4491
454mLEU: 13,15|2|0.5414
454mGLY: 13,15|2|0.6916
230mLYS: 22,27|2|0.4709
297mGLN: 09,16|2|0.2753
124mGLY: 01,03|2|0.5241
369mALA: 14,24|2|2.6518
249mCYS: 05,25|2|2.5236
217mGLU: 06,08|2|0.2082
369mGLY: 14,24|2|1.3418
439mCYS: 09,12|2|1.9211
127mMET: 08,28|2|0.715
454mTYR: 13,15|2|0.0756
378mGLU: 07,23|2|0.3967
245mILE: 08,21|2|0.003
455mALA: 15,21|2|0.5087
401mALA: 07,23|2|1.9237
258mVAL: 22,27|2|1.9923
244mARG: 08,17|2|0.07
297mLEU: 09,16|2|0.1453
316mCYS: 19,23|2|1.1851
193mPRO: 08,17|2|0.3193
122mGLU: 00,01|2|1.0681
130mILE: 08,17|2|0.1596
161mHIS: 02,25|2|0.1709
206mLEU: 01,28|2|0.9803
356mCYS: 02,15|2|0.8229
259mTHR: 22,27|2|0.3016
439mLEU: 09,20|2|0.6603
290mGLN: 12,16|2|0.5661
388mVAL: 14,21|2|1.3177
205mALA: 03,28|2|0.2955
258mILE: 22,27|2|2.5686
206mGLN: 01,28|2|1.0891
119mTHR: 01,04|2|1.0692
217mSER: 06,08|2|0.4248
122mGLN: 00,01|2|0.526
208mHIS: 01,03|2|1.9103
438mVAL: 16,24|2|0.4392
163mCYS: 05,11|2|0.9454
327mTHR: 07,23|2|0.2181
142mGLN: 00,04|2|0.3404
320mLYS: 07,23|2|1.0789
178mGLN: 10,22|2|0.0334
122mTHR: 00,01|2|0.7656
444mTRP: 09,12|2|0.1668
358mPRO: 15,16|2|0.721
360mILE: 14,16|2|0.743
400mALA: 07,23|2|2.4947
145mSER: 00,03|2|0.2072
438mLEU: 14,21|2|0.1304
411mALA: 14,24|2|0.8865
293mVAL: 12,16|2|0.9394
323mSER: 07,23|2|0.2859
377mASP: 07,23|2|1.2909
120mPRO: 00,18|2|0.1069
403mTHR: 07,23|2|0.889
362mARG: 14,21|2|0.8731
444mMET: 09,12|2|0.3579
208mALA: 01,03|2|1.4818
390mHIS: 12,20|2|0.0604
158mMET: 05,15|2|0.8298
168mTRP: 06,11|2|0.2439
259mGLU: 22,27|2|1.3671
258mASP: 22,27|2|1.5426
251mARG: 05,11|2|0.2931
454mTHR: 13,15|2|0.3006
443mSER: 09,16|2|0.4713
178mILE: 18,29|2|0.8637
142mHIS: 00,04|2|1.0314
444mGLY: 09,12|2|0.6178
366mVAL: 14,21|2|0.8334
142mCYS: 01,18|2|2.5588
288mLYS: 07,23|2|0.5359
163mSER: 05,11|2|0.3363
194mTYR: 06,26|2|0.1639
387mASP: 14,24|2|0.7431
365mLEU: 21,24|2|0.2349
158mSER: 05,15|2|0.9916
208mLYS: 01,03|2|1.0226
122mILE: 00,01|2|0.4557
454mSER: 13,15|2|0.456
268mTHR: 10,18|2|0.9164
208mSER: 01,03|2|1.4894
206mGLU: 01,28|2|1.4317
441mILE: 09,16|2|0.8601
439mLYS: 09,20|2|1.8331
454mHIS: 13,15|2|0.2152
226mASP: 01,03|2|0.6323
161mASN: 13,21|2|0.2114
454mTRP: 13,15|2|0.0762
356mHIS: 02,14|2|0.4277
250mCYS: 11,28|2|0.406
258mPRO: 22,27|2|0.7304
130mLYS: 08,17|2|0.4851
317mLYS: 07,23|2|0.408
290mVAL: 12,16|2|0.3696
240mMET: 06,25|2|0.3614
312mALA: 19,23|2|0.0927
401mLYS: 07,23|2|0.6336
439mALA: 09,20|2|2.6762
401mPRO: 07,23|2|0.4457
313mSER: 23,27|2|0.214
444mASP: 09,12|2|0.409
206mSER: 01,28|2|1.1153
119mALA: 01,04|2|0.5119
365mVAL: 16,21|2|0.3596
191mGLN: 13,17|2|0.2575
208mGLU: 01,03|2|1.7174
206mTHR: 01,28|2|1.2739
315mCYS: 19,23|2|1.5477
259mASP: 22,27|2|1.0787
122mHIS: 00,01|2|1.1374
356mASN: 02,14|2|0.4969
324mMET: 07,23|2|0.4337
269mVAL: 10,29|2|0.2582
208mGLN: 01,03|2|1.1296
217mLEU: 06,08|2|0.0363
358mPHE: 15,16|2|0.5771
364mSER: 21,24|2|0.5517
441mLEU: 09,16|2|0.5277
316mGLU: 19,23|2|0.4857
249mVAL: 15,25|2|0.6935
403mTRP: 07,23|2|0.5475
259mVAL: 22,27|2|0.8852
248mGLU: 05,11|2|0.9575
206mASN: 01,28|2|0.8593
247mSER: 21,28|2|0.5045
158mILE: 11,15|2|0.8934
169mASN: 02,13|2|0.4473
439mASN: 09,20|2|0.2524
377mALA: 07,23|2|0.9882
159mLEU: 13,15|2|0.415
369mILE: 14,24|2|1.2435
403mMET: 07,23|2|0.8059
361mGLY: 02,24|2|0.1312
366mLEU: 14,21|2|0.3315
124mGLN: 01,03|2|0.4193
251mCYS: 11,15|2|1.5959
454mGLU: 13,15|2|0.277
439mGLY: 09,20|2|1.5843
290mHIS: 12,16|2|1.1667
247mASN: 21,26|2|0.0665
142mTHR: 00,04|2|0.9324
144mTHR: 01,18|2|0.236
403mGLY: 07,23|2|0.8083
160mGLU: 11,15|2|0.1997
259mLYS: 22,27|2|1.3178
444mLEU: 09,12|2|0.385
245mTRP: 08,21|2|0.1938
244mGLN: 08,17|2|0.2963
250mTYR: 11,28|2|0.769
324mGLU: 07,23|2|0.4155
267mARG: 04,18|2|0.127
454mCYS: 13,15|2|1.5978
364mGLY: 21,24|2|0.7603
130mTHR: 08,17|2|0.3258
312mTHR: 19,23|2|0.1908
145mASP: 03,04|2|0.323
312mLEU: 19,23|2|0.1261
122mPRO: 00,01|2|0.6763
443mTHR: 09,16|2|0.3248
283mALA: 07,27|2|0.3336
388mILE: 14,21|2|1.693
356mTRP: 02,14|2|0.1413
320mCYS: 07,23|2|1.9797
387mMET: 14,24|2|0.3558
401mILE: 07,23|2|0.9678
331mTHR: 07,23|2|0.3895
400mLEU: 07,23|2|1.4007
378mTHR: 07,23|2|0.1354
412mTRP: 20,24|2|0.2122
454mMET: 13,15|2|0.0976
290mGLU: 12,16|2|0.5778
411mASP: 14,24|2|1.3408
267mGLN: 03,04|2|0.2232
216mGLU: 08,17|2|0.8061
437mASN: 21,24|2|0.168
250mTRP: 11,15|2|0.3951
369mSER: 14,24|2|0.4506
324mSER: 07,23|2|0.5195
403mASP: 07,23|2|1.3732
258mSER: 22,27|2|2.0545
379mGLU: 07,23|2|0.6707
369mLYS: 14,24|2|1.7226
205mGLU: 03,28|2|0.3565
403mHIS: 07,23|2|0.7106
399mCYS: 07,23|2|2.5484
441mGLU: 09,16|2|0.5507
264mCYS: 10,27|2|1.0331
245mLEU: 08,21|2|0.165
364mVAL: 21,24|2|0.8136
249mGLN: 15,25|2|0.526
141mALA: 01,18|2|1.058
356mLYS: 02,15|2|0.6787
324mALA: 07,23|2|0.7305
163mTHR: 05,11|2|0.2972
444mALA: 09,12|2|0.6558
230mASP: 22,27|2|0.2999
262mTYR: 03,29|2|0.6213
168mVAL: 06,11|2|0.2194
313mASN: 23,27|2|0.2628
