242mSER: 01,02,07,12,16,22,23,24,26,28|10|3.8653
242mALA: 01,02,07,12,16,22,23,24,26,28|10|3.7415
242mGLU: 01,02,07,12,16,22,23,24,26,28|10|6.1279
242mILE: 01,02,07,12,16,22,23,24,26,28|10|2.3022
242mLEU: 01,02,07,12,16,22,23,24,26,28|10|1.6244
265mTHR: 00,04,05,08,09,15,21,27,29|9|4.9309
242mGLY: 01,02,07,12,16,22,23,24,26|9|3.3631
265mGLU: 00,04,05,08,09,15,21,27,29|9|4.5081
242mVAL: 01,02,07,12,16,22,23,26,28|9|2.0037
180mGLU: 00,04,05,08,09,15,21,27,29|9|7.9095
180mTHR: 00,04,05,08,09,15,21,27,29|9|7.1423
242mLYS: 01,07,12,16,22,23,24,26,28|9|3.9196
242mTHR: 01,02,07,12,16,22,24,26,28|9|5.8413
165mASP: 02,12,16,22,23,24,26,28|8|5.1506
164mGLU: 02,12,16,22,23,24,26,28|8|8.1583
265mASN: 00,04,05,08,15,21,27,29|8|3.4495
165mMET: 02,12,16,22,23,24,26,28|8|3.3083
165mTHR: 02,12,16,22,23,24,26,28|8|6.4252
165mGLU: 02,12,16,22,23,24,26,28|8|8.742
178mGLU: 00,04,08,09,15,21,27,29|8|3.35
165mASN: 02,12,16,22,23,24,26,28|8|4.7023
165mHIS: 02,12,16,22,23,24,26,28|8|3.8685
165mSER: 02,12,16,22,23,24,26,28|8|6.5988
180mALA: 00,04,05,08,15,21,27,29|8|2.795
178mTHR: 00,04,08,09,15,21,27,29|8|2.9811
180mLYS: 00,04,05,08,15,21,27,29|8|3.8267
244mGLU: 02,03,07,12,16,19,22,28|8|3.8975
165mGLY: 02,12,16,22,23,24,26,28|8|6.8975
165mLEU: 02,12,16,22,23,24,26,28|8|5.1123
165mILE: 02,12,16,22,23,24,26,28|8|4.759
164mTHR: 02,12,16,22,23,24,26,28|8|6.4164
165mLYS: 02,12,16,22,23,24,26,28|8|4.5299
165mGLN: 02,12,16,22,23,24,26,28|8|3.3703
165mALA: 02,12,16,22,23,24,26,28|8|7.2758
242mASN: 01,02,07,12,16,22,24,26|8|3.791
178mVAL: 00,08,09,15,21,27,29|7|1.4945
194mTHR: 02,07,12,16,22,26,28|7|1.6874
164mILE: 02,12,16,23,24,26,28|7|2.4161
219mTHR: 02,07,12,16,22,26,28|7|2.0607
178mSER: 00,08,09,15,21,27,29|7|3.3188
265mLYS: 04,05,08,15,21,27,29|7|2.2624
178mLYS: 00,08,09,15,21,27,29|7|0.9988
147mTHR: 00,04,05,09,10,21,27|7|2.8719
265mVAL: 00,04,08,09,15,21,29|7|1.2133
265mALA: 00,04,08,09,21,27,29|7|1.392
164mASP: 02,12,16,23,24,26,28|7|4.7569
119mSER: 00,05,08,09,10,11,21|7|1.6068
178mGLY: 00,08,09,15,21,27,29|7|3.4505
178mLEU: 00,08,09,15,21,27,29|7|1.7759
146mGLY: 00,04,05,09,10,21,27|7|6.724
243mTHR: 02,07,16,22,24,26,28|7|3.208
147mSER: 00,04,05,09,10,15,29|7|1.3441
146mLYS: 00,04,05,09,10,21,27|7|4.7348
244mTHR: 02,03,07,12,16,19,28|7|2.7622
146mTHR: 00,04,05,09,10,21,27|7|4.2295
181mGLU: 00,04,05,08,09,27,29|7|3.2362
163mGLU: 01,02,22,23,24,26,28|7|0.3373
147mGLY: 04,05,09,10,15,27,29|7|1.6927
178mASP: 00,08,09,15,21,27,29|7|0.1909
164mGLY: 02,12,16,23,24,26,28|7|6.3322
194mGLU: 02,07,12,16,22,26,28|7|2.2426
180mSER: 00,05,08,15,21,27,29|7|4.1482
243mGLU: 02,03,16,22,23,24,26|7|3.6952
178mMET: 00,08,09,15,21,27,29|7|3.4456
146mHIS: 00,04,05,09,10,21,27|7|4.4583
242mASP: 01,07,12,16,22,24,26|7|1.5933
146mILE: 00,04,05,09,10,21,27|7|3.2777
164mLEU: 02,12,16,23,24,26,28|7|2.4704
146mLEU: 00,04,05,09,10,21,27|7|3.9626
194mVAL: 02,07,12,16,22,23,26|7|0.7769
265mGLY: 00,04,05,08,15,21,29|7|2.7812
265mSER: 00,04,05,08,15,21,29|7|2.7517
146mGLU: 00,04,05,09,10,21,27|7|6.405
178mHIS: 00,08,09,15,21,27,29|7|4.0586
178mGLN: 00,08,09,15,21,27,29|7|1.8011
146mSER: 00,04,05,09,10,21,27|7|5.9862
178mASN: 00,08,09,15,21,27,29|7|2.8738
164mLYS: 02,12,16,23,24,26,28|7|5.1129
266mALA: 00,04,05,08,09,15,27|7|1.9677
178mALA: 00,08,09,15,21,27,29|7|1.3582
194mGLY: 02,07,12,16,22,23,26|7|1.6652
146mALA: 00,04,05,09,10,21,27|7|6.1964
178mILE: 00,08,09,15,21,27,29|7|0.6259
262mSER: 00,04,08,09,15,27,29|7|0.5098
164mALA: 02,12,16,23,24,26,28|7|5.3052
147mGLU: 00,04,05,09,10,21,27|7|3.5695
242mGLN: 01,02,07,12,16,22,26|7|1.4681
164mGLN: 02,12,16,23,24,26,28|7|2.5228
164mASN: 02,12,16,23,24,26,28|7|5.1423
165mVAL: 02,12,16,22,23,26,28|7|3.8505
164mSER: 02,12,16,23,24,26,28|7|5.9083
146mASP: 00,04,05,09,10,21,27|7|4.0717
180mASN: 00,05,08,15,21,27,29|7|4.2287
194mLEU: 02,07,12,16,22,23,26|7|0.8225
163mTHR: 01,02,22,23,24,26,28|7|0.2281
168mGLU: 12,16,22,23,24,26,28|7|3.5781
193mSER: 03,07,16,19,26,28|6|1.0316
219mASN: 02,07,12,16,22,26|6|1.7881
193mGLU: 03,07,16,19,26,28|6|0.472
217mHIS: 07,10,12,16,21,28|6|2.001
193mHIS: 03,07,16,19,26,28|6|1.4439
179mGLU: 04,05,08,09,10,27|6|1.0965
219mSER: 07,12,16,22,26,28|6|2.1369
146mPHE: 00,04,05,10,21,27|6|1.3959
244mGLY: 02,07,12,16,19,28|6|1.1376
268mALA: 00,04,05,10,21,27|6|1.7497
218mASN: 02,07,10,12,16,21|6|1.3964
190mGLU: 02,12,16,23,26,28|6|2.6275
267mGLU: 00,04,05,10,21,27|6|1.8037
165mPHE: 02,12,16,22,23,28|6|3.1076
194mTRP: 02,07,12,16,22,26|6|0.6651
193mGLY: 03,07,16,19,26,28|6|1.3439
165mCYS: 16,22,23,24,26,28|6|7.767
219mGLU: 07,12,16,22,26,28|6|2.7676
180mGLY: 00,05,15,21,27,29|6|3.7056
194mILE: 07,12,16,22,23,26|6|0.5098
261mALA: 00,04,05,08,15,29|6|2.4991
261mMET: 00,04,05,08,15,29|6|3.0213
194mSER: 07,12,16,22,23,26|6|1.5547
219mALA: 07,12,16,22,26,28|6|1.3504
120mGLY: 00,08,09,10,11,21|6|1.9386
261mGLY: 00,04,05,08,15,29|6|4.4264
266mGLU: 00,04,08,09,15,27|6|2.4925
119mGLY: 00,08,09,10,11,21|6|1.8037
193mTHR: 03,07,16,19,26,28|6|0.4906
194mGLN: 02,07,12,16,22,26|6|0.956
263mGLY: 00,04,05,08,15,29|6|1.1584
120mSER: 00,08,09,10,11,21|6|0.9218
164mVAL: 02,12,16,24,26,28|6|1.6948
261mASP: 00,04,05,08,15,29|6|2.478
178mTRP: 00,08,09,21,27,29|6|1.084
121mGLY: 00,05,09,19,21,27|6|0.7957
165mTRP: 12,16,22,24,26,28|6|2.441
194mMET: 02,07,12,16,22,26|6|1.5435
146mGLN: 00,04,05,09,10,21|6|2.5244
268mGLY: 00,04,05,10,21,27|6|1.7031
194mLYS: 07,12,16,22,23,26|6|0.5167
119mTHR: 00,05,08,09,10,11|6|1.3079
146mCYS: 00,05,09,10,21,27|6|6.5449
266mTHR: 00,04,08,09,15,21|6|1.97
261mGLU: 00,04,05,08,15,29|6|3.9986
261mGLN: 00,04,05,08,15,29|6|1.99
261mSER: 00,04,05,08,15,29|6|3.907
164mHIS: 02,12,16,24,26,28|6|3.592
261mTHR: 00,04,05,08,15,29|6|3.7579
219mGLY: 02,07,12,16,22,26|6|2.0184
194mASN: 07,12,16,22,26,28|6|1.4733
265mGLN: 04,08,09,15,21,29|6|1.2141
146mVAL: 00,04,05,10,21,27|6|2.881
261mASN: 00,04,05,08,15,29|6|4.1457
193mMET: 03,07,16,19,26,28|6|0.8285
243mLYS: 07,16,22,23,26,28|6|1.3672
243mSER: 01,07,12,22,23,24|6|0.8258
194mALA: 07,12,16,22,23,26|6|0.7937
261mHIS: 00,04,05,08,15,29|6|3.2936
147mALA: 00,04,05,09,10,27|6|2.2695
261mLYS: 00,04,05,08,15,29|6|2.6245
242mHIS: 01,07,12,16,22,26|6|1.8646
191mGLY: 02,07,12,16,22,28|6|0.3989
219mLYS: 07,12,16,22,26,28|6|0.9403
265mILE: 00,04,08,09,21,29|6|0.8669
145mGLU: 00,04,05,10,21,27|6|1.6534
219mLEU: 07,12,16,22,26|5|1.0006
145mASN: 00,04,05,21,27|5|1.1609
249mASN: 01,02,23,24,26|5|1.2502
249mILE: 01,02,23,24,26|5|1.0895
268mGLU: 00,04,05,10,21|5|2.3693
121mSER: 00,05,09,19,21|5|0.4422
241mASP: 02,07,12,19,28|5|2.1147
145mTHR: 00,04,05,21,27|5|1.2317
245mGLU: 01,02,03,07,24|5|2.4881
181mASN: 00,05,08,15,27|5|0.7628
262mGLU: 00,04,08,15,29|5|1.9596
243mGLY: 01,02,12,22,23|5|0.8706
120mALA: 00,08,09,10,11|5|2.2118
218mGLU: 07,10,12,16,21|5|1.221
249mHIS: 01,02,23,24,26|5|1.353
245mSER: 01,02,03,07,24|5|1.4289
190mASN: 02,12,16,26,28|5|0.938
182mTHR: 04,05,08,09,29|5|3.2347
120mTHR: 00,08,09,10,11|5|1.0513
229mSER: 00,04,05,15,29|5|0.9937
241mGLY: 02,07,12,19,28|5|0.9975
159mGLU: 01,02,22,23,24|5|3.2675
249mPHE: 01,02,23,24,26|5|0.7542
217mGLY: 07,10,12,21,28|5|3.3516
267mTHR: 04,05,10,21,27|5|1.5247
241mPRO: 02,07,12,19,28|5|1.5069
145mGLY: 00,04,05,10,21|5|1.3692
147mLYS: 04,05,09,10,27|5|1.2467
261mTRP: 00,04,08,15,29|5|1.5379
181mILE: 04,05,08,09,15|5|0.4261
228mGLY: 05,08,09,15,29|5|1.3542
164mMET: 02,12,16,24,26|5|2.58
267mILE: 04,05,10,21,27|5|0.5468
136mGLU: 07,10,11,12,19|5|3.2072
194mHIS: 07,12,16,22,26|5|1.7252
241mCYS: 02,07,12,19,28|5|2.9595
245mALA: 01,02,03,07,24|5|1.4747
146mASN: 00,04,05,10,21|5|3.4857
119mCYS: 00,08,09,10,11|5|2.2439
164mCYS: 16,22,23,24,28|5|5.0805
179mASN: 05,10,15,21,29|5|0.4333
218mGLY: 07,10,12,16,21|5|1.3934
119mGLU: 00,08,09,10,11|5|2.0311
249mSER: 01,02,23,24,26|5|1.4715
266mSER: 00,05,08,09,15|5|1.2188
249mTHR: 01,02,23,24,26|5|1.6696
267mLYS: 04,05,10,21,27|5|0.7912
241mGLN: 02,07,12,19,28|5|1.6243
136mASP: 07,10,11,12,19|5|2.6108
219mVAL: 07,12,16,22,26|5|0.7479
136mTHR: 07,10,11,12,19|5|2.3923
265mMET: 08,09,15,21,29|5|1.7172
242mCYS: 16,22,23,24,28|5|3.0819
242mMET: 01,02,07,12,26|5|1.1113
181mALA: 04,05,08,09,15|5|1.2693
120mCYS: 00,08,09,10,11|5|3.4823
181mCYS: 04,05,08,09,15|5|2.0481
191mMET: 02,07,12,16,22|5|0.4494
229mGLU: 04,05,08,15,29|5|2.2656
249mTRP: 01,02,23,24,26|5|1.0083
180mVAL: 05,08,15,21,27|5|1.2991
181mTHR: 04,05,08,09,15|5|3.3849
180mCYS: 00,04,05,08,27|5|1.2047
248mASN: 01,02,22,23,24|5|1.0709
267mASN: 04,05,10,21,27|5|1.5201
217mTHR: 07,10,16,21,28|5|2.5868
267mALA: 04,05,10,21,27|5|1.1032
261mLEU: 00,04,08,15,29|5|1.6597
267mSER: 04,05,10,21,27|5|1.7928
262mTHR: 00,04,05,08,09|5|1.3185
249mALA: 01,02,23,24,26|5|1.4801
244mSER: 02,03,16,19,28|5|0.7295
217mGLU: 07,10,12,21,28|5|3.0385
266mILE: 00,05,08,09,15|5|1.2874
245mGLY: 01,02,03,07,22|5|1.6748
241mASN: 02,07,12,19,28|5|0.7176
217mSER: 07,10,12,21,28|5|2.8277
267mGLY: 04,05,10,21,27|5|1.7538
162mGLU: 02,16,22,23,26|5|1.144
241mTHR: 02,07,12,19,28|5|1.7909
249mGLY: 01,02,23,24,26|5|1.6769
241mSER: 02,07,12,19,28|5|0.2173
190mTHR: 12,16,23,26,28|5|1.209
244mALA: 02,07,12,19,28|5|1.6934
179mSER: 05,10,15,21,29|5|0.296
120mASP: 00,08,09,10,11|5|2.8819
162mTHR: 02,16,22,23,26|5|0.6832
241mGLU: 02,07,12,19,28|5|2.4456
267mLEU: 04,05,10,21,27|5|0.7488
163mSER: 01,02,23,26,28|5|0.4357
249mASP: 01,02,23,24,26|5|1.1288
180mILE: 05,08,15,21,29|5|0.9776
268mTHR: 00,04,05,10,21|5|2.1818
146mMET: 00,04,05,10,21|5|3.5211
265mLEU: 00,08,09,21,29|5|1.0115
248mTHR: 01,02,22,23,24|5|1.2671
119mALA: 00,08,09,10,11|5|2.3268
163mGLY: 01,02,23,26,28|5|0.7559
261mILE: 00,04,08,15,29|5|1.2147
249mVAL: 01,02,23,24,26|5|0.924
146mTRP: 00,04,05,10,21|5|1.5564
249mLEU: 01,02,23,24,26|5|1.325
120mGLU: 00,05,08,09,11|5|1.9105
266mLEU: 00,05,08,09,15|5|1.4974
119mHIS: 00,05,09,10,21|5|1.1134
266mGLY: 00,05,08,09,15|5|1.6751
217mLYS: 10,12,16,21,28|5|2.3174
190mGLY: 02,12,23,26,28|5|1.7902
119mLYS: 00,08,09,10,11|5|1.2772
267mASP: 04,05,10,21,27|5|0.4384
249mGLN: 01,02,23,24,26|5|1.2684
249mGLU: 01,02,23,24,26|5|1.8553
190mLEU: 12,16,23,28|4|0.9822
401mGLN: 06,17,20,25|4|1.2343
167mASN: 22,23,26,28|4|1.826
265mTRP: 08,15,21,29|4|0.7584
182mPRO: 04,05,09,29|4|2.3061
249mARG: 01,02,23,26|4|0.0871
268mILE: 00,04,05,10|4|0.6878
335mTHR: 06,14,20,25|4|1.4413
401mTHR: 06,17,20,25|4|1.3573
127mTHR: 03,07,11,19|4|2.1414
182mLEU: 04,05,09,29|4|2.8749
400mSER: 06,17,20,25|4|1.5616
267mHIS: 04,05,10,21|4|1.9445
190mSER: 12,23,26,28|4|1.7885
146mARG: 04,09,10,21|4|0.7232
121mGLU: 00,09,10,21|4|0.9589
182mGLU: 04,05,09,29|4|3.6448
122mHIS: 00,10,21,27|4|1.2822
136mALA: 07,10,11,19|4|1.5902
127mGLY: 03,07,11,19|4|1.5675
194mASP: 07,12,16,22|4|0.0332
229mHIS: 00,05,09,15|4|0.6434
268mMET: 00,04,05,10|4|1.6779
401mLEU: 06,17,20,25|4|1.1487
136mLYS: 07,11,12,19|4|1.5337
219mHIS: 07,16,22,26|4|1.9647
177mGLU: 05,10,21,27|4|1.5572
122mASP: 00,10,21,27|4|0.6687
229mGLY: 00,04,05,15|4|1.4106
167mSER: 22,23,26,28|4|1.4792
147mLEU: 00,04,05,09|4|0.7245
265mCYS: 00,04,09,27|4|1.3576
193mASN: 03,07,16,19|4|0.6658
219mILE: 07,16,22,26|4|0.205
159mASN: 01,02,23,24|4|3.1138
163mASP: 22,23,24,28|4|0.638
182mTRP: 04,05,09,29|4|2.3867
243mHIS: 01,07,12,23|4|0.7584
134mGLU: 03,11,12,19|4|1.3337
182mASP: 04,05,09,29|4|2.6227
217mALA: 10,12,21,28|4|2.3883
268mASN: 00,04,05,10|4|1.2268
401mGLY: 06,17,20,25|4|1.3548
249mLYS: 01,02,23,26|4|0.784
334mGLY: 06,14,20,25|4|0.7329
245mASN: 01,02,03,07|4|1.1269
168mCYS: 16,22,23,28|4|1.5417
163mCYS: 22,23,24,28|4|2.0764
249mMET: 01,02,24,26|4|1.3877
228mASP: 05,08,15,29|4|2.3747
218mALA: 07,10,16,28|4|0.5578
266mMET: 00,08,09,15|4|1.3269
191mHIS: 02,07,12,22|4|0.4777
241mPHE: 02,07,12,28|4|1.8248
336mGLU: 06,14,20,25|4|3.1289
240mASN: 02,12,23,26|4|0.1262
177mTHR: 05,10,21,27|4|1.087
218mHIS: 07,10,12,16|4|1.6789
217mILE: 10,12,21,28|4|0.9517
401mMET: 06,17,20,25|4|1.5493
127mASN: 03,07,11,19|4|1.4165
244mASP: 02,07,12,19|4|2.024
401mASP: 06,17,20,25|4|0.7147
147mCYS: 00,09,10,27|4|2.9547
229mALA: 04,05,15,29|4|2.0574
190mLYS: 02,12,23,28|4|1.2374
401mASN: 06,17,20,25|4|1.1745
167mGLU: 22,23,26,28|4|2.9838
167mGLY: 22,23,26,28|4|1.3645
163mLEU: 22,23,24,28|4|0.442
159mTHR: 01,02,23,24|4|3.5546
122mSER: 00,10,21,27|4|1.0044
217mASP: 10,12,21,28|4|1.9127
168mASP: 22,23,26,28|4|1.0268
182mVAL: 04,05,09,29|4|2.6671
217mASN: 07,10,21,28|4|2.3576
267mTRP: 04,05,10,21|4|0.7485
127mGLU: 03,07,11,19|4|2.4069
217mGLN: 07,10,21,28|4|1.1756
400mGLY: 06,17,20,25|4|1.7414
245mASP: 03,07,22,24|4|1.9975
241mTRP: 02,07,12,28|4|1.298
122mASN: 00,10,21,27|4|1.1149
268mGLN: 00,04,05,10|4|1.2215
266mASN: 00,08,09,15|4|1.3094
245mVAL: 01,02,03,07|4|1.4377
122mGLY: 00,10,21,27|4|1.2616
163mILE: 22,23,24,28|4|0.2074
268mLEU: 00,04,05,10|4|1.0825
167mALA: 22,23,26,28|4|1.6196
263mHIS: 00,08,15,29|4|0.5362
266mTRP: 00,08,09,15|4|1.2288
121mCYS: 00,09,10,27|4|1.2366
218mGLN: 07,10,12,16|4|0.602
261mPHE: 00,08,15,29|4|0.526
145mMET: 00,04,05,21|4|0.7892
241mALA: 02,07,12,28|4|1.1684
228mASN: 05,08,15,29|4|0.8116
167mILE: 22,23,26,28|4|1.6807
268mVAL: 00,04,05,10|4|0.964
122mLYS: 00,10,21,27|4|0.4419
218mSER: 07,10,12,16|4|1.274
268mSER: 00,04,05,10|4|1.1816
400mTHR: 06,17,20,25|4|2.3334
167mLEU: 22,23,26,28|4|1.5287
182mCYS: 04,05,09,29|4|3.7456
119mASP: 00,08,10,11|4|1.591
401mTRP: 06,17,20,25|4|1.0668
167mGLN: 22,23,26,28|4|1.4455
266mVAL: 00,08,09,15|4|1.3727
216mGLY: 10,12,16,28|4|0.1918
182mALA: 04,05,09,29|4|2.3428
120mLYS: 00,08,10,11|4|1.1374
190mHIS: 12,23,26,28|4|1.2626
267mVAL: 04,05,10,21|4|0.616
122mVAL: 00,10,21,27|4|0.4217
165mPRO: 16,22,23,28|4|2.0915
228mGLU: 05,08,15,29|4|1.2456
167mASP: 22,23,26,28|4|1.5561
241mVAL: 02,07,12,28|4|1.518
190mALA: 12,16,23,28|4|1.7938
180mMET: 15,21,27,29|4|1.2958
161mGLU: 02,22,23,24|4|1.1095
401mGLU: 06,17,20,25|4|1.3946
248mGLY: 01,02,22,24|4|0.7911
400mHIS: 06,17,20,25|4|1.2262
267mMET: 04,05,10,21|4|1.6505
159mLYS: 01,02,23,24|4|1.8321
127mSER: 03,07,11,19|4|1.5127
261mVAL: 00,08,15,29|4|1.3594
400mGLU: 06,17,20,25|4|2.3056
136mASN: 10,11,12,19|4|1.3151
218mMET: 07,10,12,16|4|1.2987
182mGLY: 04,05,09,29|4|2.0353
401mSER: 06,17,20,25|4|1.1183
119mMET: 00,05,10,21|4|0.5281
245mILE: 01,02,03,07|4|1.3537
245mMET: 01,02,03,07|4|1.3941
401mALA: 06,17,20,25|4|0.8229
182mGLN: 04,05,09,29|4|2.6341
268mTRP: 00,04,05,10|4|1.015
122mGLU: 00,10,21,27|4|1.0445
179mGLY: 10,15,21,29|4|0.5936
136mSER: 07,11,12,19|4|1.2237
218mVAL: 07,10,12,16|4|0.2895
242mTRP: 01,07,12,16|4|0.9035
182mPHE: 04,05,09,29|4|2.8652
122mGLN: 00,10,21,27|4|0.8059
205mASP: 08,11,15,29|4|0.9675
121mALA: 00,09,10,27|4|0.8354
159mALA: 01,02,22,23|4|1.0471
262mGLY: 00,04,08,27|4|0.3726
400mASN: 06,17,20,25|4|1.8319
182mMET: 04,05,09,29|4|2.187
241mMET: 02,07,12,28|4|1.0632
122mTHR: 00,10,21,27|4|0.83
245mHIS: 01,02,07,24|4|1.1632
145mSER: 00,04,05,21|4|0.9785
335mGLU: 06,14,20,25|4|1.9909
190mMET: 12,23,26,28|4|0.8661
136mGLY: 07,11,12,19|4|2.1264
180mLEU: 08,15,21,27|4|1.0701
335mLEU: 06,14,20,25|4|0.6557
159mSER: 01,02,23,24|4|2.5232
241mILE: 02,07,12,28|4|1.5156
377mGLY: 06,13,20,25|4|0.7625
336mTHR: 06,14,20,25|4|2.2644
336mGLY: 06,14,20,25|4|2.0101
228mTHR: 05,08,15,29|4|1.1596
167mPHE: 22,23,26,28|4|1.7042
167mTHR: 22,23,26,28|4|2.3316
219mMET: 07,16,22,26|4|1.6457
217mLEU: 07,12,21,28|4|0.7432
182mILE: 04,05,09,29|4|2.6359
266mGLN: 00,08,09,15|4|1.4142
190mVAL: 12,16,23,28|4|0.8726
248mGLU: 01,02,23,24|4|1.8179
401mVAL: 06,17,20,25|4|1.0423
159mGLY: 01,02,23,24|4|2.3673
168mTHR: 12,22,24,26|4|1.4497
241mLEU: 02,07,12,28|4|1.7984
190mASP: 02,16,23,28|4|1.3389
244mCYS: 02,07,12,19|4|3.5129
167mVAL: 22,23,26,28|4|1.6305
248mSER: 01,02,23,24|4|0.7566
401mHIS: 06,17,20,25|4|1.4599
265mHIS: 08,15,21,29|4|2.7226
218mTHR: 07,10,12,16|4|0.994
182mSER: 04,05,09,29|4|1.5484
266mCYS: 00,05,09,27|4|2.9579
167mTRP: 22,23,26,28|4|1.2863
266mHIS: 08,09,15,21|4|0.995
401mILE: 06,17,20,25|4|0.835
267mGLN: 04,05,10,21|4|0.9435
168mSER: 12,24,26,28|4|2.0182
245mTHR: 02,03,07,24|4|1.7641
180mHIS: 15,21,27,29|4|2.1291
182mASN: 04,05,09,29|4|1.954
245mLEU: 01,02,03,07|4|1.5171
268mHIS: 00,04,05,10|4|1.6473
131mSER: 03,07,19|3|0.2614
177mLEU: 05,10,21|3|0.285
263mASN: 04,05,15|3|0.7694
196mGLN: 01,07,11|3|1.6104
197mASN: 01,03,11|3|0.8248
217mMET: 07,10,12|3|1.055
183mILE: 04,09,29|3|0.3702
169mCYS: 16,23,28|3|1.076
329mMET: 06,20,25|3|1.2386
183mGLU: 04,09,29|3|0.7915
217mCYS: 12,21,28|3|2.8497
168mHIS: 12,24,26|3|2.2347
403mLEU: 06,17,20|3|1.39
341mTHR: 13,14,20|3|1.1792
244mLYS: 07,19,26|3|0.5292
329mHIS: 06,20,25|3|1.6176
119mILE: 00,08,10|3|0.4915
157mGLY: 01,02,24|3|1.2994
329mTHR: 06,20,25|3|1.0499
121mHIS: 05,19,21|3|1.1769
377mTHR: 06,13,20|3|0.5425
190mILE: 16,23,28|3|0.9649
197mGLU: 01,03,11|3|1.1061
131mALA: 03,07,19|3|0.7509
377mSER: 06,13,25|3|0.7643
197mHIS: 01,03,11|3|0.9751
244mPRO: 02,07,12|3|0.4845
122mARG: 10,21,27|3|0.0504
177mVAL: 05,10,21|3|0.4979
139mGLU: 10,12,19|3|1.1966
167mMET: 22,23,26|3|0.9984
148mGLY: 04,21,27|3|0.0594
163mASN: 01,02,26|3|0.1953
196mGLU: 01,07,11|3|2.1345
377mGLU: 06,13,20|3|1.3474
403mALA: 06,17,20|3|1.2182
142mSER: 10,21,27|3|0.8404
137mGLU: 10,19,21|3|0.7209
161mSER: 01,02,22|3|0.4631
163mMET: 01,02,26|3|0.4242
262mHIS: 00,09,27|3|0.7271
144mGLY: 00,04,05|3|0.3745
196mVAL: 01,07,11|3|1.4317
407mGLU: 13,14,20|3|0.4257
122mLEU: 10,21,27|3|0.4563
229mCYS: 04,05,29|3|2.7542
157mSER: 01,02,24|3|1.1836
336mALA: 06,14,20|3|1.6736
164mTRP: 12,24,26|3|1.0277
336mSER: 06,20,25|3|1.5895
261mARG: 00,04,08|3|0.2402
403mLYS: 06,17,20|3|0.6076
403mGLN: 06,17,20|3|1.4798
147mHIS: 09,15,29|3|0.7573
177mMET: 05,10,21|3|1.0323
263mASP: 04,05,15|3|1.8116
244mLEU: 02,12,28|3|0.884
217mTRP: 07,10,28|3|0.4858
136mCYS: 07,10,19|3|2.4691
168mMET: 12,24,26|3|1.4022
164mTYR: 16,24,28|3|0.5639
196mGLY: 01,07,11|3|1.3684
177mALA: 05,10,21|3|0.2198
157mASN: 01,02,24|3|1.2886
167mHIS: 22,23,26|3|0.553
168mLEU: 12,22,24|3|0.13
194mCYS: 02,23,28|3|0.8466
157mVAL: 01,02,24|3|0.8311
266mASP: 00,09,27|3|1.2687
127mALA: 03,11,19|3|1.401
329mSER: 06,20,25|3|1.2519
329mGLN: 06,20,25|3|0.9873
139mGLY: 10,12,19|3|0.7333
191mGLU: 16,26,28|3|1.1459
196mCYS: 01,07,11|3|2.2184
183mLEU: 04,09,29|3|0.6029
134mILE: 03,11,19|3|0.1864
419mGLY: 06,17,25|3|1.8601
419mSER: 06,17,25|3|1.6202
337mASP: 14,20,25|3|1.021
228mCYS: 05,08,15|3|1.7073
329mALA: 06,20,25|3|0.5551
191mALA: 16,23,28|3|1.0385
147mILE: 00,09,27|3|0.5295
419mALA: 06,17,25|3|1.3518
403mILE: 06,17,20|3|1.2011
162mLEU: 16,22,23|3|0.2914
400mMET: 06,17,20|3|0.4428
268mCYS: 00,21,27|3|3.0173
240mSER: 02,12,23|3|0.4847
145mHIS: 04,05,21|3|1.0583
162mVAL: 22,23,26|3|0.1045
159mTRP: 01,02,23|3|0.6322
169mMET: 12,16,26|3|0.3841
169mASP: 16,23,28|3|0.4738
179mCYS: 08,09,27|3|0.7098
119mLEU: 00,09,10|3|0.7476
320mTHR: 06,17,25|3|1.0378
245mTRP: 02,03,07|3|1.1319
219mGLN: 07,22,26|3|0.7562
336mASP: 06,14,20|3|1.3637
398mGLY: 06,17,25|3|0.7212
240mHIS: 02,12,23|3|0.5889
197mMET: 01,03,11|3|1.1233
122mALA: 10,21,27|3|0.288
167mLYS: 23,26,28|3|0.8157
240mGLY: 02,12,23|3|0.6401
183mGLN: 04,09,29|3|0.6351
329mLEU: 06,20,25|3|0.4204
177mGLY: 05,10,21|3|1.3378
403mHIS: 06,17,20|3|1.5811
216mSER: 10,16,28|3|0.1465
248mALA: 01,02,24|3|0.5869
162mALA: 16,23,26|3|0.5805
196mSER: 01,07,11|3|0.892
243mCYS: 02,23,26|3|1.6403
167mPRO: 22,23,28|3|1.2826
243mMET: 01,12,23|3|0.4023
162mASP: 16,22,23|3|0.4232
228mLYS: 08,15,29|3|1.3372
142mGLU: 10,21,27|3|2.3946
168mGLY: 12,24,26|3|1.9157
196mASN: 01,07,11|3|1.2139
162mILE: 16,22,23|3|0.2282
228mALA: 05,08,15|3|0.6474
218mILE: 07,10,16|3|0.006
196mTHR: 01,07,11|3|1.6708
157mHIS: 01,02,24|3|1.3096
134mASN: 03,11,12|3|1.3346
320mGLU: 06,17,25|3|1.6833
169mALA: 16,23,28|3|0.6026
377mHIS: 13,20,25|3|0.3403
134mALA: 03,11,19|3|0.5731
262mMET: 00,09,27|3|0.3679
120mGLN: 08,09,11|3|0.567
191mASP: 16,23,28|3|0.9527
229mTHR: 04,05,29|3|2.0974
334mSER: 06,20,25|3|0.2823
122mMET: 10,21,27|3|1.0407
403mGLU: 06,17,20|3|2.0525
419mLYS: 06,17,25|3|1.4913
197mVAL: 01,03,11|3|0.8232
157mGLU: 01,02,24|3|1.5847
159mGLN: 01,02,23|3|1.1907
162mCYS: 16,22,23|3|1.4323
135mGLY: 07,11,19|3|0.3549
197mLEU: 01,03,11|3|0.9175
197mGLY: 01,03,11|3|0.9659
121mLYS: 00,09,27|3|0.3309
329mGLY: 06,20,25|3|1.3698
319mGLY: 06,17,25|3|0.7041
157mGLN: 01,02,24|3|1.0081
190mCYS: 16,23,28|3|1.8366
145mLYS: 00,04,10|3|0.2865
329mVAL: 06,20,25|3|0.4677
159mMET: 01,02,23|3|1.3742
183mTHR: 04,09,29|3|0.7348
147mPRO: 09,10,27|3|0.2648
134mVAL: 03,11,19|3|0.7445
337mTHR: 14,20,25|3|1.0491
403mASN: 06,17,20|3|1.6952
137mGLY: 19,21,27|3|0.6199
183mASP: 04,09,29|3|0.2959
157mMET: 01,02,24|3|1.3128
216mASP: 12,19,28|3|0.7298
162mSER: 02,16,26|3|0.4713
196mASP: 01,07,11|3|2.0576
169mGLY: 12,16,26|3|0.2499
403mSER: 06,17,20|3|1.5792
324mTHR: 06,17,25|3|0.3752
157mTHR: 01,02,24|3|1.4066
324mASN: 06,17,25|3|0.2154
127mLYS: 03,11,19|3|1.1278
146mTYR: 04,05,21|3|0.8401
337mLYS: 14,20,25|3|1.1385
169mHIS: 12,23,26|3|0.4216
205mASN: 08,11,15|3|0.2595
197mSER: 01,03,11|3|0.7576
162mASN: 02,23,26|3|0.4255
399mTHR: 06,17,25|3|0.2576
190mPHE: 16,23,28|3|0.7885
335mSER: 06,20,25|3|1.239
183mVAL: 04,09,29|3|0.5086
137mVAL: 10,19,21|3|0.1061
131mGLY: 03,07,19|3|0.5189
177mHIS: 05,10,21|3|1.3584
159mILE: 01,02,23|3|0.6374
219mTRP: 07,22,26|3|0.3877
134mLEU: 03,11,19|3|0.6683
245mGLN: 02,03,07|3|1.2783
245mCYS: 03,07,22|3|2.0206
168mASN: 12,24,26|3|1.882
136mGLN: 07,11,19|3|0.6188
399mGLU: 06,17,25|3|0.8337
121mASP: 00,09,27|3|0.7441
407mGLY: 13,14,20|3|0.6131
141mGLU: 10,21,27|3|1.492
179mHIS: 15,21,29|3|0.8845
131mCYS: 03,07,19|3|0.5978
263mMET: 00,08,29|3|0.2143
159mHIS: 01,02,23|3|2.2227
120mPRO: 08,09,11|3|0.4375
403mTHR: 06,17,20|3|1.855
196mPRO: 01,07,11|3|1.5104
167mCYS: 22,23,28|3|2.0587
183mPHE: 04,09,29|3|0.3389
136mILE: 10,11,19|3|0.7827
339mTHR: 13,14,20|3|0.9462
163mHIS: 01,02,26|3|0.6006
122mILE: 10,21,27|3|0.2133
218mTRP: 07,10,16|3|0.3876
177mGLN: 05,10,21|3|0.8821
134mSER: 03,11,19|3|1.115
398mSER: 06,17,25|3|0.3684
400mLYS: 06,17,25|3|1.0995
177mASN: 05,10,21|3|1.1911
121mMET: 05,19,21|3|0.7712
137mLEU: 10,19,21|3|0.1157
197mGLN: 01,03,11|3|0.9497
327mGLU: 06,20,25|3|1.2949
409mASN: 13,14,20|3|1.1982
240mMET: 02,12,23|3|0.4292
337mASN: 14,20,25|3|0.6664
401mLYS: 06,17,20|3|0.1584
164mPRO: 23,24,28|3|1.3385
244mILE: 02,07,12|3|0.8805
136mLEU: 10,11,19|3|0.8154
137mTHR: 10,19,21|3|0.504
182mTYR: 05,09,29|3|0.5955
122mTRP: 10,21,27|3|0.4995
177mSER: 05,10,21|3|1.0806
134mTHR: 03,11,19|3|1.5186
419mTHR: 06,17,25|3|1.6363
403mVAL: 06,17,20|3|1.3683
403mTRP: 06,17,20|3|1.3059
216mCYS: 12,19,28|3|1.1778
179mMET: 15,21,29|3|0.5905
329mASN: 06,20,25|3|1.0612
134mGLY: 03,11,12|3|1.4409
403mMET: 06,17,20|3|1.6431
182mHIS: 05,09,29|3|1.2448
336mCYS: 06,14,20|3|2.1661
337mALA: 14,20,25|3|1.0805
142mLYS: 10,21,27|3|1.7077
409mLYS: 13,14,20|3|1.7261
419mASN: 06,17,25|3|1.338
147mMET: 09,15,29|3|0.4633
197mILE: 01,03,11|3|0.6848
147mASP: 09,10,27|3|1.8558
142mTHR: 10,21,27|3|2.2777
403mGLY: 06,17,20|3|1.6668
122mPHE: 10,21,27|3|0.0504
324mGLU: 06,17,25|3|0.5727
135mGLU: 07,11,19|3|1.0979
263mGLU: 04,05,15|3|0.6299
337mGLY: 14,20,25|3|1.238
240mGLU: 23,26,28|3|0.6509
329mGLU: 06,20,25|3|1.4043
197mTHR: 01,03,11|3|1.0494
196mHIS: 01,07,11|3|0.7361
334mMET: 14,20,25|3|0.4511
218mLEU: 07,10,16|3|0.33
216mGLU: 07,19,28|3|0.6163
144mGLU: 10,21,27|3|1.2238
403mASP: 06,17,20|3|1.0428
162mGLY: 02,16,26|3|0.4966
419mGLU: 06,17,25|3|1.2992
196mTYR: 01,07,11|3|0.5086
197mTRP: 01,03,11|3|0.8212
335mGLY: 06,20,25|3|1.3505
197mALA: 01,03,11|3|0.6478
168mVAL: 12,22,24|3|0.1688
398mTHR: 06,25|2|0.1946
388mHIS: 14,18|2|0.5404
247mCYS: 23,28|2|0.4624
133mLEU: 11,19|2|0.1517
130mGLN: 07,16|2|0.8569
356mCYS: 18,23|2|1.5365
219mCYS: 12,28|2|0.3459
445mTHR: 18,23|2|0.5066
331mMET: 06,17|2|0.4775
132mSER: 11,19|2|0.3712
303mGLY: 10,21|2|0.379
435mLEU: 14,18|2|0.0439
335mGLN: 06,25|2|0.2432
376mCYS: 06,20|2|0.8172
335mASN: 20,25|2|0.7217
336mILE: 06,14|2|0.4055
166mALA: 22,23|2|0.7821
134mMET: 03,11|2|1.3865
216mASN: 10,16|2|0.0836
130mGLU: 07,16|2|1.0094
229mLEU: 04,05|2|1.264
419mASP: 17,25|2|1.7866
127mCYS: 03,11|2|1.242
136mVAL: 10,11|2|0.3214
297mTHR: 18,23|2|0.3517
191mTHR: 16,28|2|0.7539
164mARG: 24,26|2|0.5669
361mHIS: 18,23|2|0.2482
297mGLY: 18,23|2|0.9888
120mTRP: 08,09|2|0.2178
326mGLY: 20,25|2|0.5704
445mSER: 18,23|2|0.1252
411mGLU: 13,14|2|0.7676
196mALA: 07,11|2|1.1706
132mASN: 11,19|2|0.3492
251mGLY: 01,24|2|0.7714
139mTHR: 10,19|2|0.929
326mTHR: 20,25|2|0.2436
248mLEU: 02,24|2|0.6174
337mTRP: 14,25|2|0.4816
137mASN: 19,21|2|0.3492
360mHIS: 18,23|2|0.7852
419mHIS: 06,17|2|2.0121
139mLEU: 10,19|2|0.6174
262mLEU: 00,04|2|0.1798
267mCYS: 00,27|2|0.9523
327mHIS: 17,20|2|0.4377
229mVAL: 04,05|2|0.3213
359mALA: 18,23|2|0.8119
208mGLN: 08,11|2|0.1814
183mARG: 09,29|2|0.249
303mLYS: 10,21|2|0.8712
143mGLU: 00,27|2|0.9434
243mVAL: 07,23|2|0.4821
331mSER: 06,17|2|0.4853
338mGLU: 06,25|2|0.6399
143mGLN: 00,27|2|0.2402
337mVAL: 14,25|2|0.2819
138mVAL: 10,19|2|0.0012
421mCYS: 17,25|2|0.4286
208mGLY: 08,11|2|1.5369
444mHIS: 18,23|2|0.201
137mSER: 19,21|2|0.3712
132mLEU: 11,19|2|0.1122
443mASN: 18,23|2|0.454
137mHIS: 19,21|2|0.6194
180mTRP: 21,29|2|0.6925
183mLYS: 09,29|2|0.3546
142mALA: 10,27|2|0.9419
356mGLY: 18,23|2|0.9511
334mASP: 06,14|2|0.6676
130mHIS: 07,16|2|0.6821
444mILE: 18,23|2|0.5867
251mALA: 01,24|2|0.8647
163mALA: 23,28|2|0.9466
158mASN: 01,24|2|0.7516
264mGLY: 05,15|2|0.5353
147mGLN: 09,10|2|0.3535
208mASN: 08,11|2|1.2903
331mASN: 06,17|2|0.4182
137mMET: 19,21|2|0.5018
229mILE: 04,05|2|0.8813
163mVAL: 22,24|2|0.009
166mGLN: 22,23|2|0.3917
138mGLU: 10,19|2|0.2894
421mALA: 17,25|2|0.4538
216mHIS: 10,16|2|0.3538
183mTYR: 09,29|2|0.2154
193mCYS: 26,28|2|0.6024
191mASN: 16,26|2|0.127
335mHIS: 20,25|2|1.0468
336mASN: 20,25|2|1.2803
143mILE: 00,27|2|0.5604
166mLEU: 22,23|2|0.6127
181mLYS: 08,15|2|1.0876
250mILE: 01,24|2|0.414
134mASP: 07,12|2|0.5307
316mCYS: 17,25|2|0.5073
323mTHR: 17,20|2|0.1387
297mASN: 18,23|2|0.5402
316mHIS: 06,25|2|0.4891
266mPRO: 00,09|2|1.145
332mGLN: 20,25|2|0.3774
411mSER: 13,14|2|0.7053
251mTHR: 01,24|2|1.2348
377mCYS: 06,20|2|1.4437
169mGLU: 16,28|2|1.3798
191mILE: 16,28|2|0.5977
355mASN: 18,23|2|0.2571
136mPHE: 10,11|2|0.2894
320mGLY: 06,17|2|0.7262
332mGLU: 20,25|2|0.3852
443mGLU: 18,23|2|0.6432
159mVAL: 02,23|2|0.9626
251mASN: 01,24|2|0.4297
179mLEU: 08,27|2|0.043
355mALA: 18,23|2|0.3888
407mTHR: 13,14|2|0.35
165mARG: 12,24|2|0.2234
297mSER: 18,23|2|0.4906
135mSER: 11,19|2|0.2678
158mGLU: 01,24|2|1.8735
335mALA: 06,20|2|0.9038
191mLEU: 16,28|2|0.6609
316mALA: 17,25|2|0.3137
319mGLN: 06,17|2|0.1943
245mPRO: 03,07|2|1.145
138mPHE: 10,19|2|0.1546
183mHIS: 09,29|2|1.0268
166mTHR: 22,23|2|0.4708
360mMET: 18,23|2|0.55
319mSER: 06,17|2|0.638
139mGLN: 10,19|2|0.6004
329mLYS: 06,20|2|0.7572
332mILE: 20,25|2|0.1086
290mGLY: 18,23|2|1.3432
196mPHE: 07,11|2|1.4988
143mASP: 00,27|2|1.1698
337mGLN: 14,25|2|0.6458
147mVAL: 00,09|2|0.2956
327mGLY: 17,25|2|0.101
297mGLU: 18,23|2|0.8291
244mVAL: 02,12|2|0.3252
251mLEU: 01,24|2|1.2131
399mALA: 17,25|2|0.2813
251mPHE: 01,24|2|0.8976
131mLYS: 03,19|2|0.886
240mCYS: 23,28|2|0.9531
245mPHE: 03,07|2|1.3998
319mMET: 06,17|2|0.4668
144mLYS: 21,27|2|0.2672
407mLEU: 13,14|2|0.2086
157mLEU: 02,24|2|0.9175
145mVAL: 04,21|2|0.0627
247mTHR: 22,26|2|0.8372
362mASN: 18,23|2|0.5108
334mALA: 06,14|2|0.7952
179mPHE: 08,27|2|0.0562
138mLEU: 10,19|2|0.1414
319mHIS: 06,17|2|0.6706
326mALA: 20,25|2|0.4841
290mTHR: 18,23|2|1.0737
132mGLN: 11,19|2|0.219
140mLEU: 10,19|2|0.3576
379mCYS: 06,25|2|0.3767
130mLEU: 07,16|2|0.8781
337mARG: 14,25|2|0.3549
166mGLU: 22,23|2|0.5545
243mALA: 02,23|2|0.835
319mTHR: 06,17|2|0.5164
132mHIS: 11,19|2|0.6194
415mGLU: 13,14|2|0.3488
130mGLY: 07,16|2|0.7688
376mGLU: 13,20|2|0.1313
208mMET: 08,11|2|0.4059
337mLEU: 14,25|2|0.6854
332mSER: 20,25|2|0.5296
181mLEU: 04,05|2|0.2723
445mGLU: 18,23|2|0.8748
290mALA: 18,23|2|0.9714
444mGLN: 18,23|2|0.8413
332mLYS: 20,25|2|0.1056
421mGLY: 17,25|2|0.9438
127mLEU: 11,19|2|0.539
205mSER: 11,29|2|0.5112
249mPRO: 23,24|2|0.6438
130mVAL: 07,16|2|0.7959
303mSER: 10,21|2|0.6352
205mHIS: 11,29|2|0.6427
265mPRO: 04,09|2|0.7054
337mILE: 14,25|2|0.4768
169mPHE: 16,28|2|0.6102
327mALA: 06,25|2|0.0912
362mGLU: 18,23|2|1.4289
405mVAL: 06,13|2|0.0012
324mHIS: 06,17|2|0.6006
332mTHR: 20,25|2|0.424
166mGLY: 22,23|2|0.4208
130mASN: 07,16|2|0.6669
120mVAL: 08,09|2|0.0663
191mCYS: 16,28|2|1.8018
444mGLU: 18,23|2|1.6434
341mGLY: 14,20|2|0.7532
157mILE: 02,24|2|0.6848
191mPHE: 16,28|2|0.5026
196mMET: 07,11|2|1.118
193mLYS: 26,28|2|0.0604
132mTRP: 11,19|2|0.141
139mVAL: 10,19|2|0.6199
244mMET: 12,28|2|0.3019
229mTRP: 04,05|2|0.1041
132mVAL: 11,19|2|0.088
130mALA: 07,16|2|0.6645
419mVAL: 06,17|2|0.892
332mTRP: 20,25|2|0.2994
132mGLU: 11,19|2|0.2268
181mASP: 04,05|2|0.4403
135mTHR: 11,19|2|0.6208
442mGLU: 18,23|2|0.3821
326mSER: 20,25|2|0.5073
143mPRO: 00,27|2|0.5143
326mHIS: 20,25|2|0.8471
130mSER: 07,16|2|0.5887
362mGLY: 18,23|2|1.4285
158mALA: 01,24|2|0.6796
169mILE: 16,28|2|0.5068
290mMET: 18,23|2|0.2026
120mHIS: 08,21|2|0.4871
141mSER: 10,21|2|0.9716
126mGLY: 03,19|2|0.3931
143mTHR: 00,27|2|0.9196
360mGLY: 18,23|2|0.4016
205mGLY: 11,29|2|0.8314
125mGLU: 03,11|2|0.7378
340mCYS: 06,20|2|0.4005
184mCYS: 09,27|2|0.43
355mTHR: 18,23|2|0.4943
263mTHR: 04,05|2|0.3375
183mALA: 09,29|2|0.4074
334mTHR: 06,14|2|0.6084
407mSER: 13,14|2|0.417
326mASP: 20,25|2|0.3519
251mMET: 01,24|2|0.8775
133mVAL: 11,19|2|0.0695
444mASN: 18,23|2|0.7415
266mPHE: 00,09|2|1.3998
355mGLU: 18,23|2|0.8863
162mHIS: 02,26|2|0.2761
208mASP: 08,11|2|1.6212
134mHIS: 03,11|2|1.6805
134mGLN: 03,11|2|0.6795
141mASN: 10,21|2|1.0876
329mASP: 06,20|2|1.3826
138mCYS: 10,19|2|0.7194
388mSER: 14,18|2|0.044
377mILE: 06,20|2|0.5456
166mCYS: 22,23|2|1.4299
183mTRP: 09,29|2|0.5484
169mVAL: 16,28|2|0.4278
303mGLU: 10,21|2|1.1237
143mSER: 00,27|2|0.8067
190mPRO: 16,28|2|0.1275
265mPHE: 00,09|2|0.1511
356mALA: 18,23|2|0.9026
407mASN: 13,14|2|0.2031
140mTHR: 10,19|2|0.7339
398mASN: 06,25|2|0.2085
443mGLY: 18,23|2|0.3136
243mASP: 02,23|2|0.2686
141mGLY: 10,21|2|1.0592
444mSER: 18,23|2|0.7863
119mARG: 00,10|2|0.3864
126mSER: 03,19|2|0.167
248mTRP: 02,24|2|0.5045
337mSER: 14,25|2|0.9017
332mLEU: 20,25|2|0.2706
132mTHR: 11,19|2|0.2656
158mGLY: 01,24|2|0.8687
329mTRP: 20,25|2|0.3665
137mTRP: 19,21|2|0.141
444mCYS: 18,23|2|1.7908
411mGLY: 13,14|2|0.7574
297mHIS: 18,23|2|0.4059
251mHIS: 01,24|2|0.3741
142mASN: 10,21|2|0.9925
251mGLU: 01,24|2|1.4896
141mHIS: 10,21|2|0.9735
141mVAL: 10,21|2|0.7607
332mVAL: 20,25|2|0.2464
127mVAL: 11,19|2|0.6923
303mTHR: 10,21|2|0.3029
166mASP: 22,23|2|0.7107
445mASN: 18,23|2|0.3579
139mTRP: 10,19|2|0.5045
361mMET: 18,23|2|0.1306
324mGLY: 06,17|2|0.3129
157mTRP: 02,24|2|0.8212
139mCYS: 12,19|2|1.2042
337mTYR: 14,25|2|0.1483
181mPRO: 04,15|2|0.337
216mMET: 10,16|2|0.2362
284mGLY: 17,23|2|0.337
355mASP: 18,23|2|1.1628
229mMET: 00,05|2|0.5363
409mGLU: 13,20|2|0.8419
337mGLU: 14,25|2|0.6678
143mGLY: 00,27|2|0.9195
405mCYS: 06,13|2|0.7194
144mHIS: 04,05|2|0.2482
131mTHR: 03,19|2|0.7882
251mSER: 01,24|2|0.4542
388mMET: 14,18|2|0.3052
303mASP: 10,21|2|0.9611
445mGLN: 18,23|2|0.4993
356mGLU: 18,23|2|1.4001
131mLEU: 03,07|2|0.0786
290mASP: 18,23|2|1.57
250mPHE: 01,24|2|0.2071
411mTHR: 13,14|2|0.5304
163mPHE: 22,24|2|0.1624
182mARG: 05,29|2|0.0194
319mILE: 06,25|2|0.0136
141mMET: 10,21|2|1.0355
435mGLY: 14,18|2|0.2069
163mLYS: 23,28|2|0.3322
248mGLN: 02,24|2|0.6004
143mTRP: 00,27|2|0.1689
139mILE: 10,19|2|0.5905
355mGLY: 18,23|2|0.4373
331mGLY: 06,17|2|0.3738
410mASN: 13,20|2|0.5924
145mGLN: 04,21|2|0.1787
359mHIS: 18,23|2|0.4407
316mGLY: 06,17|2|0.0181
145mCYS: 10,27|2|0.5146
445mGLY: 18,23|2|0.4497
388mGLY: 14,18|2|0.1568
130mASP: 07,16|2|0.6981
356mTHR: 18,23|2|1.0081
444mTHR: 18,23|2|1.1268
406mGLY: 13,14|2|0.4759
216mALA: 19,28|2|0.5538
362mSER: 18,23|2|1.1574
230mMET: 05,09|2|0.0742
362mHIS: 18,23|2|0.5298
141mCYS: 10,27|2|1.1296
244mTRP: 02,12|2|0.275
162mLYS: 16,26|2|0.2436
169mTHR: 16,28|2|0.8684
409mASP: 13,20|2|1.5112
337mHIS: 14,25|2|1.0295
202mASP: 08,15|2|0.3542
332mGLY: 20,25|2|0.586
290mILE: 18,23|2|0.1237
141mGLN: 10,21|2|0.8722
341mASN: 14,20|2|0.3466
181mPHE: 04,05|2|0.119
127mHIS: 07,19|2|0.5661
120mLEU: 08,09|2|0.8103
248mILE: 02,24|2|0.5905
405mGLU: 06,13|2|0.2894
193mLEU: 26,28|2|0.186
183mGLY: 09,29|2|0.835
444mPRO: 18,23|2|0.7506
332mASN: 20,25|2|0.5076
445mCYS: 18,23|2|0.7437
407mALA: 13,14|2|0.1191
435mSER: 14,18|2|0.3424
297mGLN: 18,23|2|0.4805
251mVAL: 01,24|2|0.9443
337mMET: 14,25|2|0.8531
356mASP: 18,23|2|1.6766
139mASP: 12,19|2|1.0603
138mTHR: 10,19|2|0.0984
126mLYS: 03,11|2|0.4342
249mCYS: 23,24|2|1.7206
377mLEU: 06,20|2|0.3981
127mMET: 07,19|2|0.3929
326mMET: 20,25|2|0.559
135mLEU: 11,19|2|0.1798
130mILE: 07,16|2|0.7264
336mLEU: 06,14|2|0.6634
161mHIS: 01,02|2|0.9003
120mILE: 08,09|2|0.7712
405mPHE: 06,13|2|0.1546
196mILE: 07,11|2|1.3442
435mTHR: 14,18|2|0.365
251mILE: 01,24|2|0.7988
405mASP: 06,13|2|0.0354
332mASP: 20,25|2|0.0166
133mGLU: 11,19|2|0.283
168mGLN: 12,24|2|0.3977
196mLEU: 07,11|2|1.4856
290mGLN: 18,23|2|0.4168
419mGLN: 06,17|2|0.98
205mALA: 11,29|2|0.6936
180mGLN: 21,29|2|0.995
419mMET: 06,17|2|1.6282
445mASP: 18,23|2|0.9249
208mHIS: 08,11|2|0.2424
205mMET: 11,29|2|0.3487
248mASP: 22,24|2|0.5831
337mCYS: 14,20|2|1.0514
248mVAL: 02,24|2|0.6199
208mTHR: 08,11|2|1.0106
140mGLU: 10,19|2|1.034
360mSER: 18,23|2|0.2888
327mTHR: 06,25|2|0.4954
126mTHR: 03,11|2|0.9279
166mSER: 22,23|2|0.1511
158mTHR: 01,24|2|1.3494
181mVAL: 05,09|2|0.2157
228mMET: 05,09|2|0.3004
435mASN: 14,18|2|0.1993
120mPHE: 08,09|2|0.3747
320mSER: 06,17|2|0.9126
168mLYS: 26,28|2|1.0071
400mALA: 17,25|2|0.2764
268mASP: 00,21|2|0.8174
230mHIS: 05,09|2|0.1918
205mTHR: 11,29|2|0.1974
119mGLN: 00,10|2|0.4021
419mLEU: 06,17|2|0.8674
411mALA: 13,14|2|0.4135
331mHIS: 06,17|2|0.6909
377mASP: 06,20|2|0.3802
421mSER: 17,25|2|0.649
419mILE: 06,17|2|0.4689
405mTHR: 06,13|2|0.0984
242mPRO: 16,22|2|1.4409
177mTRP: 05,21|2|0.2862
208mALA: 08,11|2|0.8515
251mASP: 01,24|2|0.8427
162mPHE: 22,23|2|0.2574
163mARG: 23,28|2|0.173
168mTRP: 12,24|2|0.1963
141mASP: 10,27|2|0.6555
125mCYS: 03,11|2|0.6067
332mALA: 20,25|2|0.1584
320mASN: 06,17|2|0.5934
251mTRP: 01,24|2|0.5206
443mSER: 18,23|2|0.2617
251mGLN: 01,24|2|0.8341
444mGLY: 18,23|2|1.0797
143mALA: 00,27|2|1.2381
142mCYS: 10,27|2|0.4584
323mASN: 17,20|2|0.2337
138mASP: 10,19|2|0.0354
141mTHR: 10,21|2|1.2474
121mASN: 05,19|2|0.1254
332mMET: 20,25|2|0.6602
409mGLY: 13,20|2|0.8649
158mSER: 01,24|2|0.9596
132mMET: 11,19|2|0.5018
208mLYS: 08,11|2|1.1008
196mTRP: 07,11|2|1.2354
208mSER: 08,11|2|0.9023
143mASN: 00,27|2|0.8311
130mTRP: 07,16|2|0.7674
120mMET: 08,21|2|0.3107
139mALA: 10,19|2|0.5578
319mGLU: 06,17|2|0.6184
161mASN: 01,02|2|0.5642
250mCYS: 01,24|2|0.6815
444mLEU: 18,23|2|0.6212
119mTRP: 00,10|2|0.1907
329mARG: 06,20|2|0.2238
419mARG: 06,17|2|0.5219
145mLEU: 05,21|2|0.1456
409mTHR: 13,14|2|1.4009
139mASN: 10,19|2|0.6856
126mGLU: 03,11|2|0.9309
229mASP: 04,05|2|1.2824
377mMET: 20,25|2|0.3748
359mSER: 18,23|2|0.7151
326mLEU: 20,25|2|0.1256
444mASP: 18,23|2|1.6469
137mGLN: 19,21|2|0.219
161mGLY: 01,02|2|0.6067
356mSER: 18,23|2|0.5138
242mARG: 16,22|2|0.7885
362mTHR: 18,23|2|1.1586
142mGLY: 10,21|2|0.5345
191mGLN: 16,28|2|0.3695
208mGLU: 08,11|2|0.9835
399mSER: 06,17|2|0.2428
139mMET: 10,19|2|0.4809
191mPRO: 16,28|2|0.3527
297mASP: 18,23|2|0.9765
339mLYS: 13,20|2|0.9804
284mASP: 17,23|2|0.1601
324mMET: 06,17|2|0.4242
193mASP: 26,28|2|0.234
128mASP: 01,03|2|0.8198
250mTHR: 01,24|2|1.1163
244mPHE: 02,12|2|0.6017
316mGLU: 06,17|2|0.7176
334mCYS: 06,14|2|1.0348
139mSER: 10,19|2|0.5476
445mPRO: 18,23|2|0.408
334mHIS: 20,25|2|0.5404
355mCYS: 18,23|2|1.0227
356mGLN: 18,23|2|0.3214
319mALA: 06,25|2|0.5422
320mHIS: 06,17|2|0.5681
169mASN: 16,28|2|0.298
143mCYS: 00,27|2|1.2109
205mLEU: 11,29|2|0.2081
319mASN: 06,17|2|0.6648
410mGLU: 13,20|2|0.4477
134mTRP: 03,11|2|0.4845
143mLYS: 00,27|2|1.1104
159mLEU: 02,23|2|0.6877
320mMET: 06,17|2|0.2805
218mASP: 02,21|2|0.4192
247mALA: 22,23|2|0.1584
361mGLY: 18,23|2|0.0564
341mASP: 14,20|2|0.5761
335mASP: 06,14|2|0.4308
319mVAL: 06,17|2|0.0783
248mMET: 02,24|2|0.4809
288mGLU: 06,25|2|0.1313
360mASN: 18,23|2|0.2448
251mCYS: 01,24|2|1.4587
330mLYS: 06,20|2|0.2644
290mLYS: 18,23|2|1.1948
183mMET: 09,29|2|0.9092
334mGLU: 06,14|2|0.6313
247mASN: 22,26|2|0.5033
144mTHR: 10,21|2|0.354
290mSER: 18,23|2|1.0296
229mPHE: 04,05|2|0.5063
148mMET: 04,21|2|0.1306
244mGLN: 02,12|2|0.4686
341mGLU: 13,20|2|1.3192
130mTHR: 07,16|2|0.9333
303mALA: 10,21|2|0.5253
444mALA: 18,23|2|1.0477
145mASP: 00,10|2|0.8406
261mCYS: 04,05|2|0.9437
166mILE: 22,23|2|0.4954
157mALA: 02,24|2|0.6478
132mGLY: 11,19|2|0.4276
183mSER: 09,29|2|0.7786
443mTHR: 18,23|2|0.2297
247mGLY: 22,26|2|0.219
332mHIS: 20,25|2|0.7778
407mMET: 13,14|2|0.4354
335mMET: 20,25|2|0.756
126mCYS: 03,11|2|0.728
161mLYS: 02,22|2|0.3152
330mASN: 06,20|2|0.4436
229mGLN: 04,05|2|0.5964
331mTHR: 06,17|2|0.5745
216mLYS: 12,28|2|0.4585
148mHIS: 04,21|2|0.2482
250mGLU: 01,24|2|1.0726
130mMET: 07,16|2|0.8891
290mGLU: 18,23|2|1.3508
193mALA: 26,28|2|0.7276
205mCYS: 11,29|2|0.3045
177mCYS: 10,27|2|0.6293
324mSER: 06,17|2|0.2283
335mCYS: 06,14|2|1.3719
336mHIS: 20,25|2|1.3051
217mPRO: 21,28|2|0.4111
356mPRO: 18,23|2|0.5042
376mGLY: 06,13|2|0.2328
263mLYS: 04,05|2|0.7343
183mASN: 09,29|2|0.7566
264mCYS: 05,27|2|0.7606
405mLEU: 06,13|2|0.1414
407mHIS: 13,14|2|0.5224
360mTHR: 18,23|2|0.0776
435mGLU: 14,18|2|0.589
141mALA: 10,27|2|0.865
290mCYS: 18,23|2|0.8949
444mVAL: 18,23|2|0.5057
133mTHR: 11,19|2|0.2069
144mMET: 04,05|2|0.1306
242mTYR: 16,22|2|0.6837
359mGLY: 18,23|2|0.6997
337mPHE: 14,25|2|0.1441
