165mASP: 02,07,09,12,13,16,25,28,29|9|4.2961
242mSER: 02,07,09,12,13,16,22,25,28|9|6.7297
242mGLY: 02,07,09,12,13,16,22,25,28|9|5.8894
165mGLU: 02,07,09,12,13,16,25,28,29|9|4.685
165mGLY: 02,07,09,12,13,16,25,28,29|9|5.1423
242mALA: 02,07,09,12,13,16,22,25,28|9|6.2398
165mSER: 02,07,09,12,13,16,25,28,29|9|4.7828
165mILE: 02,07,09,12,13,16,25,28,29|9|2.6665
242mILE: 02,07,09,12,13,16,22,25,28|9|2.367
165mLYS: 02,07,09,12,13,16,25,28,29|9|4.8617
242mLYS: 02,07,09,12,13,16,22,25,28|9|7.9263
165mTHR: 02,07,09,12,13,16,25,28,29|9|4.0455
165mALA: 02,07,09,12,13,16,25,28,29|9|5.7029
242mTHR: 02,07,09,12,13,16,22,25,28|9|7.4324
390mSER: 00,01,10,11,17,19,20,24|8|4.2446
164mILE: 02,07,09,13,16,25,28,29|8|2.884
390mLEU: 00,01,10,11,17,19,20,24|8|2.5156
390mGLY: 00,01,10,11,17,19,20,24|8|4.4017
164mASP: 02,07,09,13,16,25,28,29|8|5.2086
390mASN: 00,01,10,11,17,19,20,24|8|2.999
390mALA: 00,01,10,11,17,19,20,24|8|2.0204
164mGLU: 02,07,09,13,16,25,28,29|8|5.9957
390mVAL: 00,01,10,11,17,19,20,24|8|1.7319
243mTHR: 02,07,09,13,16,22,25,28|8|3.1134
390mTHR: 00,01,10,11,17,19,20,24|8|3.7738
164mVAL: 02,07,09,13,16,25,28,29|8|3.4893
164mGLY: 02,07,09,13,16,25,28,29|8|6.812
390mLYS: 00,01,10,11,17,19,20,24|8|1.3166
164mALA: 02,07,09,13,16,25,28,29|8|6.8264
390mGLU: 00,01,10,11,17,19,20,24|8|4.1616
164mSER: 02,07,09,13,16,25,28,29|8|5.9349
341mGLU: 01,03,06,10,11,15,18,26|8|3.7032
194mTHR: 05,07,09,12,16,25,28|7|2.012
193mASN: 04,05,09,12,13,16,22|7|0.9291
193mSER: 04,05,09,12,13,16,22|7|1.7611
217mGLY: 04,05,12,16,22,25,28|7|3.4569
337mASP: 01,03,06,10,11,15,18|7|1.2461
219mGLU: 04,05,12,16,22,25,28|7|2.9763
337mALA: 01,03,06,10,11,15,18|7|2.6637
194mSER: 05,07,09,12,16,25,28|7|1.8176
337mSER: 01,03,06,10,11,15,18|7|3.0897
193mTHR: 04,05,09,12,13,16,22|7|1.4494
337mGLU: 01,03,06,10,11,15,18|7|2.9359
337mTHR: 01,03,06,10,11,15,18|7|3.0936
217mTHR: 04,05,12,16,22,25,28|7|3.5538
337mVAL: 01,03,06,10,11,15,18|7|1.833
217mGLU: 04,05,12,16,22,25,28|7|4.6571
337mLYS: 01,03,06,10,11,15,18|7|2.3757
194mLYS: 05,07,09,12,16,25,28|7|2.3294
217mSER: 04,05,12,16,22,25,28|7|2.8764
194mASN: 05,07,09,12,16,25,28|7|1.6007
337mASN: 01,03,06,10,11,15,18|7|2.3881
337mGLY: 01,03,06,10,11,15,18|7|2.8532
337mILE: 01,03,06,10,11,15,18|7|1.5729
362mVAL: 07,19,20,24,25,29|6|1.6935
336mSER: 01,03,10,11,15,18|6|1.5731
336mASN: 01,03,10,11,15,18|6|1.1783
362mALA: 07,19,20,24,25,29|6|3.2787
362mASN: 07,19,20,24,25,29|6|3.8337
364mALA: 06,07,19,20,25,29|6|1.2269
362mLYS: 07,19,20,24,25,29|6|3.6251
364mTHR: 06,07,19,20,25,29|6|1.9825
362mSER: 07,19,20,24,25,29|6|3.22
364mASN: 06,07,19,20,25,29|6|1.4614
336mTHR: 01,03,10,11,15,18|6|1.941
362mTHR: 07,19,20,24,25,29|6|4.4115
364mLYS: 06,07,19,20,25,29|6|1.6061
364mSER: 06,07,19,20,25,29|6|1.5425
440mGLU: 00,07,24,25,29|5|4.2703
435mLEU: 00,01,07,19,24|5|0.23
440mLYS: 00,07,24,25,29|5|3.1975
440mTHR: 00,07,24,25,29|5|3.0191
438mTHR: 00,07,17,24,29|5|4.1335
245mGLU: 02,09,13,22,28|5|0.9766
190mSER: 05,12,16,25,28|5|1.8229
190mASN: 05,12,16,25,28|5|1.9219
167mHIS: 02,07,16,25,28|5|1.7869
190mGLU: 05,12,16,25,28|5|2.7389
440mSER: 00,07,24,25,29|5|2.7715
359mSER: 07,19,20,25,29|5|2.4188
167mGLU: 02,07,16,25,28|5|2.3705
167mSER: 02,07,16,25,28|5|2.3771
167mLYS: 02,07,16,25,28|5|1.6185
167mALA: 02,07,16,25,28|5|2.179
167mTHR: 02,07,16,25,28|5|1.8213
359mTHR: 07,19,20,25,29|5|1.8094
440mALA: 00,07,24,25,29|5|3.0449
167mILE: 02,07,16,25,28|5|1.3027
167mLEU: 02,07,16,25,28|5|1.5194
405mALA: 03,11,15,18,26|5|0.2632
435mGLY: 00,01,07,19,24|5|1.3685
167mASP: 02,07,16,25,28|5|1.0361
440mGLY: 00,07,24,25,29|5|3.3118
167mGLN: 02,07,16,25,28|5|0.9283
435mSER: 00,01,07,19,24|5|1.3209
438mALA: 00,07,17,24,29|5|4.2503
435mTHR: 00,01,07,19,24|5|1.2196
167mMET: 02,07,16,25,28|5|1.4266
435mASN: 00,01,07,19,24|5|0.8299
190mTHR: 05,12,16,25,28|5|1.6332
405mTHR: 03,11,15,18,26|5|1.077
438mLYS: 00,07,17,24,29|5|3.827
359mLYS: 07,19,20,25,29|5|2.5358
167mGLY: 02,07,16,25,28|5|2.3941
440mASP: 00,07,24,25,29|5|3.3688
167mTRP: 02,07,16,25,28|5|0.4831
190mGLY: 05,12,16,25,28|5|1.3891
435mGLU: 00,01,07,19,24|5|1.9091
391mASP: 01,11,19,20|4|0.1004
121mGLU: 04,08,21,23|4|1.3868
391mPHE: 01,11,19,20|4|0.0672
142mALA: 04,05,21,23|4|0.9857
142mSER: 04,05,21,23|4|2.1399
140mLYS: 04,05,12,22|4|1.135
391mLYS: 01,11,19,20|4|0.2784
391mSER: 01,11,19,20|4|1.1264
391mASN: 01,11,19,20|4|1.0824
391mGLY: 01,11,19,20|4|1.2392
391mARG: 01,11,19,20|4|0.0672
142mGLU: 04,05,21,23|4|3.0945
391mLEU: 01,11,19,20|4|0.6084
391mTRP: 01,11,19,20|4|0.666
391mGLU: 01,11,19,20|4|0.8376
391mGLN: 01,11,19,20|4|0.822
391mHIS: 01,11,19,20|4|1.6228
391mILE: 01,11,19,20|4|0.2844
140mGLU: 04,05,12,22|4|1.6724
391mALA: 01,11,19,20|4|0.384
140mSER: 04,05,12,22|4|1.1639
391mVAL: 01,11,19,20|4|0.56
345mALA: 06,11,15,18|4|0.9485
142mGLY: 04,05,21,23|4|1.9259
342mHIS: 03,06,15,18|4|0.5042
391mMET: 01,11,19,20|4|1.3876
391mTHR: 01,11,19,20|4|0.9152
142mLYS: 04,05,21,23|4|0.9854
220mLYS: 05,16,25|3|1.0374
419mASP: 14,26,27|3|0.8747
136mVAL: 04,05,22|3|0.8794
419mLYS: 14,26,27|3|1.4773
220mALA: 05,16,25|3|0.873
220mTHR: 05,16,25|3|1.313
293mHIS: 07,24,29|3|1.1148
171mGLU: 12,16,25|3|0.5401
220mGLN: 05,16,25|3|0.5331
136mALA: 04,05,22|3|3.1678
293mGLY: 07,24,29|3|1.3568
215mCYS: 04,05,12|3|0.7144
136mLYS: 04,05,22|3|2.2798
389mILE: 00,10,17|3|0.176
215mLEU: 04,05,12|3|0.6704
220mILE: 05,16,25|3|0.7605
119mSER: 08,21,23|3|1.2311
181mLYS: 08,21,23|3|1.0653
171mSER: 12,16,25|3|0.5597
147mHIS: 08,21,23|3|0.8156
439mGLU: 00,17,24|3|1.0873
220mVAL: 05,16,25|3|0.7091
220mSER: 05,16,25|3|1.2554
361mTHR: 07,25,29|3|0.1472
171mASN: 12,16,25|3|0.5865
385mTHR: 01,15,20|3|0.5745
147mSER: 08,21,23|3|0.1562
370mASP: 06,19,20|3|0.9923
370mGLU: 06,19,20|3|2.4937
171mTHR: 12,16,25|3|0.4381
136mGLU: 04,05,22|3|2.3023
293mGLN: 07,24,29|3|0.6054
389mALA: 00,10,17|3|0.2799
349mGLU: 06,19,20|3|0.5753
370mILE: 06,19,20|3|0.6667
293mGLU: 07,24,29|3|1.2588
389mLYS: 00,10,17|3|0.2643
419mVAL: 14,26,27|3|0.4667
215mGLY: 04,05,12|3|0.3674
389mTHR: 00,10,17|3|0.7807
361mASN: 07,25,29|3|0.2392
385mHIS: 01,15,20|3|0.6909
172mGLU: 12,16,25|3|0.7582
293mMET: 07,24,29|3|0.9277
119mGLU: 08,21,23|3|1.8187
293mASP: 07,24,29|3|0.5482
419mASN: 14,26,27|3|1.7852
370mTHR: 06,19,20|3|1.4393
163mGLU: 02,13,25|3|0.4344
419mILE: 14,26,27|3|0.5684
385mGLY: 01,15,20|3|0.3738
220mGLY: 05,16,25|3|0.8369
136mASP: 04,05,22|3|1.7414
220mASP: 05,16,25|3|0.6005
361mGLU: 07,25,29|3|0.788
119mGLY: 08,21,23|3|1.8086
370mCYS: 06,19,20|3|2.3466
172mASN: 12,16,25|3|0.8658
293mLEU: 07,24,29|3|0.8779
220mGLU: 05,16,25|3|1.7742
293mTRP: 07,24,29|3|0.5043
347mALA: 06,18,19|3|1.9644
419mSER: 14,26,27|3|1.447
181mALA: 08,21,23|3|0.4347
181mCYS: 08,21,23|3|0.6078
119mASP: 08,21,23|3|1.0584
181mTHR: 08,21,23|3|0.4682
220mASN: 05,16,25|3|1.4238
370mVAL: 06,19,20|3|0.408
370mGLY: 06,19,20|3|0.6616
215mLYS: 04,05,12|3|1.2722
370mALA: 06,19,20|3|1.7444
215mTHR: 04,05,12|3|1.1462
293mTHR: 07,24,29|3|0.9024
370mASN: 06,19,20|3|0.948
419mALA: 14,26,27|3|1.1997
293mPHE: 07,24,29|3|0.59
293mSER: 07,24,29|3|1.3503
293mLYS: 07,24,29|3|0.9483
370mSER: 06,19,20|3|1.081
293mALA: 07,24,29|3|1.1461
293mASN: 07,24,29|3|1.0286
119mTHR: 08,21,23|3|1.1453
347mILE: 06,18,19|3|0.651
358mSER: 07,14,20|3|0.5026
220mPHE: 05,16,25|3|0.6294
141mGLU: 04,05,23|3|0.7766
293mVAL: 07,24,29|3|0.9508
419mGLY: 14,26,27|3|1.0087
385mMET: 01,15,20|3|0.4775
347mLYS: 06,18,19|3|1.4451
220mLEU: 05,16,25|3|0.4671
220mTRP: 05,16,25|3|0.4749
163mSER: 02,13,25|3|0.4713
215mALA: 04,05,12|3|1.0253
389mGLU: 00,10,17|3|0.8827
215mSER: 04,05,12|3|0.718
347mGLU: 06,18,19|3|0.9716
370mLYS: 06,19,20|3|1.6723
119mALA: 08,21,23|3|1.6506
163mGLY: 02,13,25|3|0.4966
419mTHR: 14,26,27|3|1.7338
293mILE: 07,24,29|3|0.9369
389mASN: 00,10,17|3|0.9291
172mTHR: 12,16,25|3|0.6756
215mTYR: 04,05,12|3|0.2266
389mSER: 00,10,17|3|0.9023
385mASN: 01,15,20|3|0.4182
293mARG: 07,24,29|3|0.0609
347mSER: 06,18,19|3|0.7799
172mSER: 12,16,25|3|0.85
379mGLU: 14,26,27|3|0.9579
385mSER: 01,15,20|3|0.4853
419mGLU: 14,26,27|3|2.3138
163mTHR: 02,13,25|3|0.3248
215mVAL: 04,05,12|3|1.0311
177mLEU: 21,23|2|0.324
383mGLN: 06,15|2|0.131
130mGLN: 04,16|2|0.3774
441mVAL: 07,29|2|0.2298
403mPHE: 26,27|2|0.3405
290mLEU: 07,24|2|0.3766
401mTHR: 14,27|2|0.538
383mGLU: 06,15|2|0.1388
178mVAL: 21,23|2|0.5569
420mLEU: 14,26|2|0.42
130mGLU: 04,16|2|0.3852
122mALA: 21,23|2|0.4843
162mCYS: 25,28|2|0.7051
146mARG: 21,23|2|0.7947
145mASN: 21,23|2|0.6984
249mASN: 02,13|2|0.9256
177mSER: 21,23|2|0.842
375mLYS: 18,26|2|1.0479
301mGLY: 05,25|2|0.4804
178mHIS: 21,23|2|0.5905
178mSER: 21,23|2|0.509
249mILE: 02,13|2|0.372
157mGLY: 02,13|2|0.9608
372mSER: 06,15|2|0.5686
366mALA: 19,29|2|0.134
363mCYS: 24,29|2|0.3644
363mTRP: 24,29|2|0.2906
444mTRP: 24,25|2|0.4112
366mILE: 19,29|2|0.0799
333mMET: 11,17|2|0.4057
363mPRO: 24,29|2|0.3434
192mALA: 22,25|2|0.1666
145mTHR: 21,23|2|0.5312
301mTHR: 05,25|2|0.3184
177mGLU: 21,23|2|0.5532
122mARG: 21,23|2|0.4426
363mVAL: 24,29|2|0.4644
177mVAL: 21,23|2|0.2756
374mHIS: 06,15|2|0.1918
148mGLY: 21,23|2|0.0564
363mPHE: 24,29|2|0.4934
265mALA: 08,21|2|0.5513
372mTHR: 06,15|2|0.4079
333mGLY: 11,17|2|0.2649
444mILE: 24,25|2|0.9192
375mVAL: 18,26|2|0.5507
403mALA: 26,27|2|0.4745
265mCYS: 08,21|2|0.7876
383mSER: 06,15|2|0.2832
130mLYS: 04,16|2|0.1056
290mGLU: 07,24|2|0.8505
122mGLN: 21,23|2|0.3569
375mCYS: 18,26|2|0.5192
137mGLU: 04,23|2|0.5737
366mASN: 19,29|2|0.434
159mALA: 02,13|2|0.5304
421mALA: 14,26|2|1.904
366mLYS: 19,29|2|0.1712
146mPHE: 21,23|2|0.9064
375mASN: 18,26|2|1.2415
421mILE: 14,26|2|0.5112
122mLEU: 21,23|2|0.3743
157mSER: 02,13|2|0.848
249mLYS: 02,13|2|0.4618
403mLYS: 26,27|2|0.5117
378mASP: 26,27|2|0.8294
403mGLN: 26,27|2|0.4342
441mMET: 07,29|2|0.6436
177mMET: 21,23|2|1.1032
334mGLY: 11,17|2|0.5626
444mLYS: 24,25|2|1.2904
441mGLN: 07,29|2|0.3608
157mALA: 02,13|2|0.1056
366mSER: 19,29|2|0.3852
320mGLY: 14,27|2|1.1777
177mALA: 21,23|2|0.0996
372mGLY: 06,15|2|0.6073
157mASN: 02,13|2|0.804
146mTRP: 21,23|2|1.5413
159mGLU: 02,13|2|0.6383
249mPHE: 02,13|2|0.2378
157mVAL: 02,13|2|0.2816
403mVAL: 26,27|2|0.4492
363mGLN: 24,29|2|0.3034
366mGLU: 19,29|2|0.51
375mGLN: 18,26|2|0.5774
351mGLU: 06,20|2|1.3276
281mVAL: 16,25|2|0.7951
290mPHE: 07,24|2|0.3405
351mSER: 06,20|2|0.5396
290mGLY: 07,24|2|0.605
375mGLU: 18,26|2|1.6291
146mTHR: 21,23|2|2.3598
313mGLU: 14,27|2|0.4786
420mPRO: 14,26|2|0.5168
401mVAL: 14,27|2|0.361
363mGLY: 24,29|2|0.4364
146mGLY: 21,23|2|2.7924
301mASN: 05,25|2|0.402
157mLEU: 02,13|2|0.33
145mVAL: 21,23|2|0.176
420mALA: 14,26|2|1.036
290mASN: 07,24|2|0.7745
281mASP: 16,25|2|0.3904
178mGLN: 21,23|2|0.313
334mSER: 11,17|2|0.2158
122mTHR: 21,23|2|0.6949
290mTHR: 07,24|2|0.7097
363mILE: 24,29|2|0.5446
444mPHE: 24,25|2|0.8168
421mGLU: 14,26|2|1.669
420mVAL: 14,26|2|0.7588
130mLEU: 04,16|2|0.2706
146mLYS: 21,23|2|1.373
428mILE: 14,27|2|0.4194
313mTHR: 14,27|2|0.3572
178mARG: 21,23|2|0.3987
420mCYS: 14,26|2|0.5588
192mPHE: 22,25|2|0.057
383mGLY: 06,15|2|0.3396
383mTRP: 06,15|2|0.053
130mGLY: 04,16|2|0.586
363mHIS: 24,29|2|0.0548
363mTHR: 24,29|2|0.8078
320mTHR: 14,27|2|0.5978
375mILE: 18,26|2|0.3397
444mGLN: 24,25|2|0.4368
122mPHE: 21,23|2|0.0439
159mTHR: 02,13|2|0.7471
122mSER: 21,23|2|0.5529
351mALA: 06,20|2|0.2772
363mLEU: 24,29|2|0.295
192mSER: 22,25|2|0.2978
130mVAL: 04,16|2|0.2464
327mALA: 17,27|2|0.6036
441mALA: 07,29|2|0.1418
130mASN: 04,16|2|0.5076
290mTRP: 07,24|2|0.3888
281mLEU: 16,25|2|0.8069
399mGLU: 14,27|2|0.5488
374mMET: 06,15|2|0.0742
403mLEU: 26,27|2|0.3766
444mPRO: 24,25|2|0.5168
455mSER: 19,20|2|0.4847
444mGLU: 24,25|2|2.0864
420mTHR: 14,26|2|1.4456
281mGLN: 16,25|2|0.5302
130mALA: 04,16|2|0.1584
281mTHR: 16,25|2|0.575
122mASN: 21,23|2|0.4968
343mLYS: 18,26|2|0.1486
281mPHE: 16,25|2|0.4198
146mASN: 21,23|2|2.3801
403mASP: 26,27|2|0.3364
403mHIS: 26,27|2|0.5101
130mSER: 04,16|2|0.5296
290mMET: 07,24|2|0.4239
162mALA: 25,28|2|0.6231
455mASN: 19,20|2|0.1032
133mALA: 04,22|2|0.0833
301mSER: 05,25|2|0.424
122mGLY: 21,23|2|0.4132
290mALA: 07,24|2|0.4745
420mASP: 14,26|2|0.7672
403mMET: 26,27|2|0.4239
441mGLY: 07,29|2|0.5694
162mASP: 25,28|2|0.38
444mLEU: 24,25|2|0.42
363mLYS: 24,29|2|0.7302
249mSER: 02,13|2|0.8878
178mTHR: 21,23|2|0.651
249mTHR: 02,13|2|0.819
420mSER: 14,26|2|1.2984
162mGLY: 25,28|2|0.288
372mGLU: 06,15|2|0.5813
157mHIS: 02,13|2|1.3444
145mTRP: 21,23|2|0.282
444mSER: 24,25|2|1.2984
351mILE: 06,20|2|0.1604
441mHIS: 07,29|2|0.7612
428mSER: 14,27|2|0.8286
288mGLY: 14,27|2|0.5659
301mLEU: 05,25|2|0.165
441mTHR: 07,29|2|0.4074
444mCYS: 24,25|2|0.5588
320mGLN: 14,27|2|0.296
145mMET: 21,23|2|1.0036
122mMET: 21,23|2|0.4798
403mGLU: 26,27|2|0.8505
455mHIS: 19,20|2|0.5889
157mTRP: 02,13|2|0.3876
122mLYS: 21,23|2|0.6145
146mLEU: 21,23|2|1.9116
375mSER: 18,26|2|0.9784
320mASP: 14,27|2|0.9965
157mGLU: 02,13|2|0.5592
159mGLN: 02,13|2|0.6046
375mHIS: 18,26|2|0.2045
313mGLY: 14,27|2|0.3335
178mLYS: 21,23|2|0.5706
420mILE: 14,26|2|0.9192
363mGLU: 24,29|2|1.1282
281mMET: 16,25|2|1.0042
444mASN: 24,25|2|1.5376
157mGLN: 02,13|2|0.5436
146mMET: 21,23|2|2.9176
281mALA: 16,25|2|0.9211
441mSER: 07,29|2|0.513
249mTRP: 02,13|2|0.4358
428mMET: 14,27|2|0.8208
290mASP: 07,24|2|0.3364
281mILE: 16,25|2|0.7411
162mILE: 25,28|2|0.2204
375mALA: 18,26|2|0.5432
159mMET: 02,13|2|1.2361
122mVAL: 21,23|2|0.6008
403mASN: 26,27|2|0.7745
145mGLY: 21,23|2|0.8552
363mASN: 24,29|2|0.8538
146mHIS: 21,23|2|3.2398
428mHIS: 14,27|2|1.0342
420mPHE: 14,26|2|0.8168
146mASP: 21,23|2|1.0122
145mGLN: 21,23|2|0.438
420mASN: 14,26|2|1.5376
281mHIS: 16,25|2|1.1639
192mGLU: 22,25|2|0.6918
130mASP: 04,16|2|0.0166
444mTHR: 24,25|2|1.4456
281mASN: 16,25|2|0.6782
178mALA: 21,23|2|0.4404
146mILE: 21,23|2|1.2337
375mTYR: 18,26|2|0.1696
178mILE: 21,23|2|0.3103
441mTRP: 07,29|2|0.2828
178mLEU: 21,23|2|0.3304
420mLYS: 14,26|2|1.2904
157mTHR: 02,13|2|0.6368
428mASN: 14,27|2|0.7615
378mLYS: 26,27|2|0.29
333mTHR: 11,17|2|0.3846
403mILE: 26,27|2|0.4204
421mSER: 14,26|2|0.7398
316mGLU: 14,27|2|0.7198
403mSER: 26,27|2|0.7257
421mLYS: 14,26|2|1.3975
428mGLN: 14,27|2|0.5565
249mALA: 02,13|2|0.451
192mASN: 22,25|2|0.4174
281mSER: 16,25|2|1.0597
383mHIS: 06,15|2|0.5314
281mLYS: 16,25|2|0.6597
351mPHE: 06,20|2|0.058
327mLYS: 17,27|2|0.6096
378mGLU: 26,27|2|1.2192
351mLYS: 06,20|2|0.5316
372mHIS: 06,15|2|0.338
420mTRP: 14,26|2|0.4112
177mTHR: 21,23|2|0.6308
301mHIS: 05,25|2|0.6722
146mGLN: 21,23|2|1.9488
130mILE: 04,16|2|0.1086
177mHIS: 21,23|2|1.3384
146mGLU: 21,23|2|2.3266
281mGLU: 16,25|2|0.7712
428mALA: 14,27|2|0.5744
162mLYS: 25,28|2|0.3795
133mGLU: 04,22|2|0.7219
290mGLN: 07,24|2|0.4342
290mILE: 07,24|2|0.4204
301mVAL: 05,25|2|0.1408
192mASP: 22,25|2|0.0322
444mASP: 24,25|2|0.7672
383mLEU: 06,15|2|0.0242
162mGLU: 25,28|2|0.4266
320mLYS: 14,27|2|0.9084
192mILE: 22,25|2|0.1082
133mSER: 04,22|2|0.4001
301mALA: 05,25|2|0.0528
383mTHR: 06,15|2|0.1776
320mSER: 14,27|2|0.9286
146mSER: 21,23|2|2.638
145mSER: 21,23|2|0.7424
301mILE: 05,25|2|0.003
130mPHE: 04,16|2|0.0
249mGLY: 02,13|2|0.7953
157mILE: 02,13|2|0.006
192mTHR: 22,25|2|0.3714
375mPRO: 18,26|2|0.5348
178mASN: 21,23|2|0.4529
320mGLU: 14,27|2|1.3066
159mHIS: 02,13|2|1.5889
420mGLY: 14,26|2|0.7028
441mLYS: 07,29|2|0.089
403mTHR: 26,27|2|0.7097
177mTRP: 21,23|2|0.3816
177mGLN: 21,23|2|0.5376
133mASN: 04,22|2|0.5087
162mTHR: 25,28|2|0.2782
320mASN: 14,27|2|1.0074
428mLYS: 14,27|2|0.6782
146mALA: 21,23|2|1.5977
444mGLY: 24,25|2|0.7028
249mASP: 02,13|2|0.242
122mILE: 21,23|2|0.3542
159mSER: 02,13|2|1.0888
441mILE: 07,29|2|0.092
146mVAL: 21,23|2|1.7225
130mTRP: 04,16|2|0.2994
421mTHR: 14,26|2|0.9468
177mGLY: 21,23|2|0.9548
177mASN: 21,23|2|0.798
363mTYR: 24,29|2|0.085
301mGLU: 05,25|2|0.2796
420mGLU: 14,26|2|2.0864
145mLEU: 21,23|2|0.2244
290mVAL: 07,24|2|0.4492
455mGLY: 19,20|2|0.6401
301mGLN: 05,25|2|0.2718
401mLYS: 14,27|2|0.578
428mTHR: 14,27|2|0.9178
313mSER: 14,27|2|0.426
162mSER: 25,28|2|0.3191
421mASP: 14,26|2|1.1104
399mSER: 14,27|2|0.0809
363mALA: 24,29|2|0.603
122mHIS: 21,23|2|0.6344
441mLEU: 07,29|2|0.254
249mVAL: 02,13|2|0.4697
130mHIS: 04,16|2|0.7778
403mTRP: 26,27|2|0.3888
334mHIS: 11,17|2|0.2491
351mASP: 06,20|2|0.0084
420mGLN: 14,26|2|0.4368
192mLYS: 22,25|2|0.2938
320mHIS: 14,27|2|0.8844
281mARG: 16,25|2|0.2312
375mASP: 18,26|2|1.1466
249mLEU: 02,13|2|0.4092
383mMET: 06,15|2|0.4138
428mLEU: 14,27|2|0.5205
159mGLY: 02,13|2|1.3476
351mASN: 06,20|2|0.7788
444mALA: 24,25|2|1.036
159mLEU: 02,13|2|0.484
192mVAL: 22,25|2|0.028
146mTYR: 21,23|2|0.9996
428mGLY: 14,27|2|0.7171
441mASN: 07,29|2|0.491
366mTHR: 19,29|2|0.3692
290mLYS: 07,24|2|0.5117
290mHIS: 07,24|2|0.5101
290mSER: 07,24|2|0.7257
403mGLY: 26,27|2|0.605
148mMET: 21,23|2|0.1306
178mMET: 21,23|2|0.4359
130mTHR: 04,16|2|0.424
157mMET: 02,13|2|1.1092
333mASN: 11,17|2|0.2701
375mTHR: 18,26|2|1.036
283mALA: 14,27|2|0.177
301mMET: 05,25|2|0.5546
351mTHR: 06,20|2|0.6868
281mGLY: 16,25|2|1.2151
145mGLU: 21,23|2|0.4536
281mTRP: 16,25|2|0.4355
145mHIS: 21,23|2|1.2388
363mASP: 24,29|2|0.4686
428mVAL: 14,27|2|0.7349
383mASN: 06,15|2|0.2612
148mHIS: 21,23|2|0.2482
130mMET: 04,16|2|0.6602
378mTHR: 26,27|2|0.2755
375mGLY: 18,26|2|0.8532
333mHIS: 11,17|2|0.6779
178mGLY: 21,23|2|0.3693
455mMET: 19,20|2|0.4292
333mSER: 11,17|2|0.3482
320mVAL: 14,27|2|0.2045
441mGLU: 07,29|2|0.3686
363mSER: 24,29|2|0.7342
249mGLN: 02,13|2|0.5202
301mTRP: 05,25|2|0.1938
133mTHR: 04,22|2|0.4209
249mGLU: 02,13|2|0.9404
444mVAL: 24,25|2|0.7588
313mASN: 14,27|2|0.4638
