164mGLU: 02,09,11,12,13,14,15,16,22,24,28|11|6.8276
165mTHR: 02,09,11,13,14,15,16,22,24,28,29|11|5.4297
165mGLU: 02,09,11,13,14,15,16,22,24,28,29|11|5.8146
165mSER: 02,09,11,13,14,15,16,22,24,28,29|11|5.9624
164mVAL: 02,09,11,12,13,14,15,16,22,24,28|11|3.571
164mLEU: 02,09,11,12,13,14,15,16,22,24,28|11|3.2752
165mGLY: 02,09,11,13,14,15,16,22,24,28,29|11|6.2246
165mLEU: 02,09,11,13,14,15,16,22,24,28,29|11|4.4123
165mASP: 02,09,11,13,14,15,16,22,24,28,29|11|3.3148
164mTHR: 02,09,11,12,13,14,15,16,22,24,28|11|6.4826
165mLYS: 02,09,11,13,14,15,16,22,24,28,29|11|3.7133
165mALA: 02,09,11,13,14,15,16,22,24,28,29|11|6.0117
164mILE: 02,09,11,12,13,14,16,22,24,28|10|2.4628
165mASN: 02,09,11,13,14,15,16,24,28,29|10|4.1016
164mGLY: 02,11,12,13,14,15,16,22,24,28|10|5.4414
165mILE: 02,09,11,13,14,15,16,24,28,29|10|3.2023
164mGLN: 02,09,11,12,13,14,15,16,24,28|10|2.4176
161mGLU: 09,11,12,13,14,15,16,28,29|9|2.2324
164mMET: 02,11,12,13,15,16,22,24,28|9|3.8132
165mHIS: 02,09,11,13,14,15,16,24,28|9|5.7264
165mTRP: 02,09,11,13,15,16,24,28,29|9|2.7442
165mGLN: 02,09,11,13,15,16,24,28,29|9|3.5757
164mALA: 02,11,12,13,14,16,22,24,28|9|5.2821
165mVAL: 02,09,11,13,14,15,16,28,29|9|3.0568
164mSER: 02,11,12,13,14,16,22,24,28|9|5.8023
165mPHE: 02,09,11,13,14,16,28,29|8|1.7111
165mMET: 02,09,11,13,15,16,24,28|8|4.9682
242mGLY: 11,13,14,15,16,22,28,29|8|4.8378
164mCYS: 09,11,12,13,14,15,22,28|8|2.4376
242mALA: 11,13,14,15,16,22,28,29|8|4.8564
242mGLU: 11,13,14,15,16,22,28,29|8|4.2787
242mASP: 11,13,14,15,16,22,28,29|8|4.6482
438mALA: 02,09,12,13,18,19,21,24|8|1.6682
242mLEU: 11,13,14,15,16,22,28,29|8|2.7506
242mGLN: 11,13,14,15,16,22,28,29|8|2.0499
164mASN: 02,09,12,13,14,16,24,28|8|4.4031
178mSER: 00,03,07,08,17,20,27|7|2.0658
178mLYS: 00,03,07,08,17,20,27|7|1.8562
438mTHR: 02,09,12,13,19,21,24|7|2.5621
356mGLY: 02,09,11,12,13,24,28|7|1.4516
243mGLY: 11,13,14,15,16,22,29|7|2.8315
438mGLU: 02,09,12,13,19,21,24|7|4.169
178mGLY: 00,03,07,08,17,20,27|7|2.1589
165mARG: 02,09,11,15,16,24,28|7|0.6634
242mSER: 11,13,14,15,16,28,29|7|3.9926
178mLEU: 00,03,07,08,17,20,27|7|1.916
165mCYS: 13,14,15,22,24,28,29|7|4.435
164mLYS: 02,12,14,16,22,24,28|7|4.0147
178mGLU: 00,03,07,08,17,20,27|7|1.8165
359mTHR: 02,09,11,12,16,24,28|7|2.4129
284mALA: 02,09,10,11,12,13,24|7|2.8166
356mGLU: 02,09,11,12,13,24,28|7|1.859
243mGLU: 09,11,13,14,15,22,29|7|3.3134
178mMET: 00,03,07,08,17,20,27|7|1.3161
438mSER: 02,09,12,18,19,21,24|7|3.0865
178mTHR: 00,03,07,08,17,20,27|7|2.1012
362mHIS: 02,09,11,12,16,21,24|7|1.4527
356mLEU: 02,09,11,12,13,24,28|7|1.3726
162mGLU: 09,11,12,13,15,16,22|7|2.6314
438mGLY: 02,09,13,18,19,21,24|7|3.5683
178mALA: 00,03,07,08,17,20,27|7|2.6584
162mTHR: 09,11,12,13,15,16,22|7|2.2095
178mILE: 00,03,07,08,17,20,27|7|0.8731
164mHIS: 02,11,12,13,16,24,28|7|4.2059
356mSER: 02,09,11,12,13,24,28|7|1.3265
242mTHR: 11,13,14,15,16,28,29|7|3.7112
284mCYS: 02,09,10,11,12,13,24|7|4.3042
440mGLU: 02,09,13,18,19,21|6|4.4927
356mCYS: 02,09,12,13,24,28|6|2.8562
440mLYS: 02,09,13,18,19,21|6|3.8104
178mVAL: 03,07,08,17,20,27|6|1.0023
362mGLY: 02,09,11,12,21,24|6|2.6703
281mASP: 02,09,11,13,21,24|6|2.2334
164mASP: 02,13,16,22,24,28|6|2.4042
161mSER: 02,14,15,16,28,29|6|0.6556
164mTRP: 02,13,15,16,24,28|6|1.1399
362mALA: 02,09,11,12,21,24|6|2.7258
290mLEU: 02,09,12,18,21,24|6|2.4036
354mSER: 02,09,12,16,24,28|6|0.3551
159mGLU: 11,13,15,16,28,29|6|2.0737
438mASN: 02,09,12,19,21,24|6|3.4224
290mGLY: 02,09,12,18,21,24|6|1.9673
357mSER: 02,09,13,16,24,28|6|0.9088
290mASN: 02,09,12,18,21,24|6|0.9799
440mSER: 02,09,13,18,19,21|6|3.695
290mTHR: 02,09,12,18,21,24|6|2.3988
162mLEU: 09,11,12,15,16,22|6|1.3334
243mALA: 11,13,14,15,22,29|6|3.7777
290mALA: 02,09,12,18,21,24|6|2.3035
440mTHR: 02,09,13,18,19,21|6|3.6498
362mGLU: 02,09,11,12,21,24|6|2.8528
281mLEU: 02,09,11,13,21,24|6|3.4146
281mGLN: 02,09,11,13,21,24|6|0.9068
281mTHR: 02,09,11,13,21,24|6|3.2319
290mMET: 02,09,12,18,21,24|6|1.6006
243mCYS: 11,13,14,15,22,29|6|4.2275
362mLYS: 02,09,11,12,21,24|6|2.782
178mASP: 00,03,07,08,17,20|6|1.084
356mALA: 02,09,12,13,24,28|6|2.5309
242mCYS: 13,14,15,22,28,29|6|4.0523
440mASP: 02,09,13,18,19,21|6|3.5139
440mGLY: 02,09,13,18,19,21|6|3.8247
157mGLU: 13,15,16,22,28,29|6|2.3862
242mMET: 11,13,15,16,28,29|6|2.9215
281mALA: 02,09,11,13,21,24|6|3.552
290mASP: 02,09,12,18,21,24|6|1.5366
281mILE: 02,09,11,13,21,24|6|1.6104
180mALA: 03,08,17,20,23,27|6|2.0354
354mTHR: 02,09,12,16,24,28|6|0.9545
356mTHR: 02,09,11,13,24,28|6|1.1464
362mSER: 02,09,11,12,21,24|6|2.4207
157mTHR: 13,15,16,22,28,29|6|2.01
290mILE: 02,09,12,18,21,24|6|1.2924
249mALA: 13,14,15,22,28,29|6|0.9659
180mGLU: 03,08,17,20,23,27|6|2.7709
242mILE: 11,13,14,15,28,29|6|1.262
281mGLU: 02,09,11,13,21,24|6|4.0573
290mGLN: 02,09,12,18,21,24|6|0.9664
438mVAL: 02,09,13,19,21,24|6|1.1418
242mHIS: 11,13,15,16,28,29|6|3.5234
180mLEU: 03,08,17,20,23,27|6|1.3537
284mLEU: 02,10,11,12,13,24|6|1.7075
284mGLU: 02,10,11,12,13,24|6|1.8861
242mLYS: 11,13,15,16,28,29|6|3.2045
290mVAL: 02,09,12,18,21,24|6|1.7389
362mTHR: 02,09,11,12,21,24|6|2.6822
357mTHR: 02,09,13,16,24,28|6|1.5874
242mASN: 11,13,15,16,28,29|6|2.551
440mGLN: 02,09,13,18,19,21|6|2.0168
290mHIS: 02,09,12,18,21,24|6|1.2406
290mSER: 02,09,12,18,21,24|6|1.8612
243mSER: 13,14,15,16,22,29|6|2.3366
157mALA: 13,14,15,16,22,28|6|1.6427
281mGLY: 02,09,11,13,21,24|6|2.5902
290mGLU: 02,09,12,18,21,24|6|2.8909
356mLYS: 02,09,12,13,24,28|6|1.3737
249mGLU: 13,14,15,22,28,29|6|1.0089
168mGLU: 02,09,12,14,16,22|6|0.9148
359mGLY: 02,09,11,12,16,24|6|2.4938
249mARG: 13,14,15,28,29|5|0.2402
194mTHR: 11,14,22,24,29|5|1.3192
249mILE: 13,14,15,28,29|5|0.4707
245mGLU: 06,14,15,22,29|5|3.1955
440mLEU: 02,13,18,19,21|5|1.1436
249mHIS: 13,14,15,28,29|5|1.6926
157mSER: 13,15,16,28,29|5|1.3052
249mLYS: 13,14,15,28,29|5|0.531
358mGLY: 02,11,12,16,28|5|1.1153
245mASN: 06,14,15,22,29|5|2.228
357mHIS: 02,09,11,16,24|5|1.0243
249mMET: 13,14,15,28,29|5|1.3986
157mASN: 13,15,16,28,29|5|1.5104
281mVAL: 02,11,13,21,24|5|2.1513
163mTHR: 11,12,13,22,28|5|0.6464
362mCYS: 02,11,12,21,24|5|2.9502
178mHIS: 00,07,17,20,27|5|1.5835
157mLEU: 13,15,16,22,28|5|1.7961
440mALA: 02,13,18,19,21|5|3.0507
440mMET: 02,09,13,18,21|5|0.9382
240mSER: 11,13,14,15,22|5|0.3915
359mSER: 02,09,11,12,16|5|1.9201
440mASN: 02,09,13,19,21|5|3.7614
167mGLU: 09,12,13,16,22|5|1.9259
440mPRO: 02,13,18,19,21|5|1.4299
281mPHE: 02,11,13,21,24|5|1.4896
240mGLY: 11,13,14,15,22|5|0.8295
243mLEU: 11,13,14,22,29|5|2.3085
180mGLY: 03,08,17,23,27|5|1.927
167mALA: 09,12,13,16,22|5|1.5022
440mTRP: 02,09,13,18,19|5|0.7406
249mSER: 13,14,15,28,29|5|1.3166
168mGLY: 02,09,12,16,24|5|1.0162
163mGLU: 11,12,13,22,28|5|0.9271
439mTHR: 02,13,18,19,21|5|1.3406
249mTHR: 13,14,15,28,29|5|1.0277
162mMET: 09,11,12,13,22|5|0.5172
194mASP: 11,14,22,24,29|5|1.2912
438mHIS: 02,09,13,19,21|5|2.7653
194mGLU: 11,14,22,24,29|5|1.7224
157mGLY: 13,14,15,16,28|5|1.747
178mCYS: 00,03,08,20,27|5|2.3604
243mTHR: 11,13,15,22,29|5|1.9718
284mGLY: 02,09,10,12,24|5|1.1054
281mMET: 02,11,13,21,24|5|1.8741
159mGLY: 11,15,16,28,29|5|2.238
242mVAL: 11,13,15,28,29|5|1.354
249mTRP: 13,14,15,28,29|5|0.6663
440mILE: 02,13,18,19,21|5|1.5721
438mGLN: 02,09,19,21,24|5|1.6687
165mPRO: 13,14,16,28,29|5|0.7063
245mGLY: 06,14,15,22,29|5|3.4657
181mGLY: 03,17,20,23,27|5|0.9857
290mPHE: 02,09,18,21,24|5|1.3079
180mTHR: 03,08,17,23,27|5|1.5538
281mCYS: 02,09,11,13,24|5|4.1618
249mGLY: 13,14,15,28,29|5|1.5472
359mGLU: 09,11,12,16,24|5|2.8687
359mLYS: 02,09,11,12,28|5|2.0401
194mGLY: 11,14,22,24,29|5|1.4358
249mASP: 13,14,15,28,29|5|0.4843
438mLYS: 02,09,12,13,21|5|2.167
243mLYS: 13,14,15,22,29|5|2.1538
248mTHR: 14,15,22,28,29|5|2.0153
439mALA: 02,13,18,19,21|5|1.2555
161mGLY: 02,14,15,28,29|5|1.3004
440mHIS: 02,09,13,18,21|5|3.1625
194mALA: 11,14,22,24,29|5|1.9751
249mLEU: 13,14,15,28,29|5|0.8413
266mGLY: 00,07,08,17,27|5|1.8282
290mLYS: 02,09,12,18,24|5|1.3603
243mILE: 11,13,14,22,29|5|1.3745
357mGLY: 02,09,11,16,24|5|1.1763
247mGLY: 14,15,22,28,29|5|1.11
242mTRP: 11,13,15,16,28|5|0.9831
191mGLY: 02,11,13,22,24|5|0.5352
290mTYR: 02,09,18,21,24|5|1.7405
362mASP: 02,11,12,21,24|5|1.9142
249mGLN: 13,14,15,28,29|5|0.9085
194mLEU: 11,14,22,24,29|5|1.3791
290mCYS: 02,09,18,21,24|5|2.4953
362mVAL: 02,09,11,24|4|1.0001
357mLYS: 02,13,16,28|4|1.323
441mVAL: 13,18,19,21|4|1.9582
182mLEU: 03,20,23,27|4|1.135
358mTHR: 11,12,16,28|4|1.3467
326mGLY: 01,04,05,25|4|1.3118
317mILE: 01,19,21,25|4|0.246
182mGLU: 03,20,23,27|4|1.4013
326mTHR: 01,04,05,25|4|0.5158
248mLEU: 14,22,28,29|4|1.3928
163mGLY: 11,12,22,28|4|0.4929
317mLEU: 01,19,21,25|4|0.5031
359mALA: 02,09,11,12|4|2.7274
179mGLU: 03,08,17,23|4|0.6973
243mVAL: 11,14,22,29|4|1.4566
287mLEU: 02,09,24,25|4|0.048
443mASN: 09,12,18,21|4|0.293
163mASN: 11,12,22,28|4|0.4461
287mTYR: 02,09,24,25|4|0.0504
120mALA: 03,17,20,23|4|2.7329
159mASN: 11,15,28,29|4|0.9468
439mVAL: 02,13,18,21|4|0.7072
245mSER: 06,14,22,29|4|2.6729
163mMET: 11,13,22,28|4|0.4354
243mHIS: 14,16,22,29|4|0.8212
120mTHR: 03,17,20,23|4|2.1132
147mHIS: 00,17,20,27|4|1.2693
439mGLU: 02,18,19,21|4|1.4677
358mSER: 02,11,16,28|4|1.0767
443mGLU: 09,12,18,21|4|1.4254
355mALA: 02,09,24,28|4|0.2932
438mASP: 09,13,21,24|4|2.7368
266mMET: 00,07,08,17|4|1.2033
249mPHE: 13,14,15,28|4|0.0672
248mGLY: 14,22,28,29|4|2.4625
157mVAL: 13,15,16,28|4|1.576
191mHIS: 02,11,13,24|4|0.5917
439mSER: 02,18,19,21|4|0.992
240mALA: 14,15,22,29|4|1.3766
362mASN: 02,09,11,24|4|1.8523
355mLEU: 02,09,24,28|4|0.2024
326mALA: 01,04,05,25|4|0.7464
147mSER: 00,17,20,27|4|1.7008
357mASN: 02,09,13,24|4|0.638
162mVAL: 12,15,16,22|4|1.0807
248mALA: 14,22,28,29|4|1.1134
287mALA: 02,09,24,25|4|0.1388
357mALA: 02,13,16,28|4|1.0286
159mTHR: 11,13,15,28|4|1.1643
362mGLN: 02,11,21,24|4|0.898
287mGLU: 02,09,24,25|4|0.3328
441mALA: 13,18,19,21|4|2.5126
248mHIS: 14,22,28,29|4|2.8089
120mVAL: 03,17,20,23|4|1.3335
245mASP: 06,14,15,22|4|1.5248
354mGLY: 11,12,16,24|4|0.4244
326mSER: 01,04,05,25|4|0.9352
326mHIS: 01,04,05,25|4|1.3149
179mALA: 03,08,20,23|4|1.1615
441mGLY: 13,18,19,21|4|1.6089
194mILE: 11,14,22,29|4|0.4297
355mTHR: 02,09,24,28|4|0.1544
249mASN: 13,14,15,28|4|1.0824
441mLYS: 13,18,19,21|4|2.7625
181mGLU: 03,08,23,27|4|2.1645
243mMET: 11,14,16,29|4|0.6077
266mSER: 00,07,08,17|4|1.5673
147mGLY: 00,17,20,27|4|2.2411
157mHIS: 13,15,16,28|4|1.6141
167mTHR: 09,12,13,16|4|1.6696
443mGLY: 09,12,18,21|4|1.0798
243mASP: 11,13,15,29|4|2.2111
266mGLU: 00,07,08,27|4|1.5064
248mSER: 14,22,28,29|4|1.9672
355mTYR: 02,09,24,28|4|0.2048
317mCYS: 01,19,21,25|4|2.9049
441mTHR: 13,18,19,21|4|3.2781
443mMET: 09,12,18,21|4|0.7644
178mTYR: 00,03,08,20|4|0.8516
441mLEU: 13,18,19,21|4|1.6071
167mILE: 09,12,13,16|4|1.0895
157mTRP: 13,15,16,28|4|1.5455
162mCYS: 12,15,16,22|4|1.597
181mALA: 03,08,23,27|4|2.3934
167mLEU: 09,12,13,16|4|1.325
180mSER: 08,17,23,27|4|1.7387
157mGLN: 13,15,16,28|4|1.7635
191mMET: 02,13,22,24|4|0.2382
182mALA: 03,20,23,27|4|1.5538
147mCYS: 00,17,20,27|4|2.0668
438mCYS: 13,18,21,24|4|2.976
180mVAL: 08,17,23,27|4|0.919
441mSER: 13,18,19,21|4|2.5487
178mTRP: 00,07,17,27|4|0.3555
248mASN: 14,22,28,29|4|1.6311
167mASP: 09,12,13,16|4|1.1288
248mGLN: 14,22,28,29|4|1.599
356mTYR: 02,09,24,28|4|0.7319
359mHIS: 02,11,16,24|4|1.0434
281mHIS: 11,13,21,24|4|1.6292
167mGLN: 09,12,13,16|4|1.2684
180mLYS: 08,17,23,27|4|0.8446
281mASN: 11,13,21,24|4|1.1504
317mASP: 01,19,21,25|4|1.0541
281mTYR: 11,13,21,24|4|2.5815
161mALA: 15,16,28,29|4|0.7336
443mHIS: 09,12,18,21|4|0.7596
281mSER: 11,13,21,24|4|2.5047
194mSER: 11,14,24,29|4|1.3449
281mLYS: 11,13,21,24|4|2.3417
157mCYS: 13,14,15,22|4|2.3852
326mMET: 01,04,05,25|4|0.9033
245mMET: 06,14,22,29|4|2.7167
284mTHR: 10,11,12,13|4|1.3851
194mLYS: 11,14,24,29|4|0.8586
159mALA: 11,15,16,28|4|1.1748
266mTHR: 00,07,08,17|4|1.2394
178mGLN: 00,07,17,27|4|0.8147
245mGLN: 06,14,22,29|4|1.81
245mHIS: 06,14,22,29|4|3.4316
157mILE: 13,15,16,28|4|1.3681
265mGLY: 00,07,08,27|4|1.0618
438mLEU: 09,18,19,24|4|0.8692
159mHIS: 11,15,16,28|4|1.9639
119mGLU: 03,17,20,23|4|3.056
242mPRO: 14,15,22,28|4|1.064
443mSER: 09,12,18,21|4|1.0826
440mVAL: 02,13,19,21|4|1.8925
163mSER: 11,12,22,28|4|0.6002
162mASN: 12,13,16,22|4|0.6631
440mCYS: 13,18,19,21|4|3.957
359mCYS: 02,09,11,12|4|2.1793
285mGLU: 02,11,24,25|4|0.2425
159mSER: 11,15,28,29|4|1.6057
441mILE: 13,18,19,21|4|0.9617
161mASN: 02,14,28,29|4|0.3147
326mLEU: 01,04,05,25|4|0.3731
317mALA: 01,19,21,25|4|1.6532
355mGLU: 02,09,24,28|4|0.4872
249mVAL: 13,14,15,28|4|0.56
147mGLU: 00,17,20,27|4|1.1588
355mCYS: 02,09,24,28|4|0.1528
248mGLU: 14,22,28,29|4|1.793
281mARG: 11,13,21,24|4|0.4584
247mSER: 14,22,28,29|4|0.7558
159mLEU: 11,13,15,28|4|0.9197
167mGLY: 09,12,13,16|4|1.6769
248mMET: 14,22,28,29|4|2.5455
441mASN: 13,18,19,21|4|1.6003
439mGLY: 02,18,19,21|4|1.084
245mTRP: 06,14,22,29|4|1.1715
147mALA: 00,17,20,27|4|2.2594
157mMET: 13,15,16,28|4|1.9693
240mLEU: 14,15,22,29|4|0.3732
443mTHR: 09,12,18,21|4|1.1314
167mTRP: 09,12,13,16|4|1.0083
266mHIS: 00,07,08,17|4|2.3068
194mMET: 11,14,24,29|4|1.06
355mLYS: 02,09,24,28|4|0.028
245mTHR: 06,14,22,29|4|2.3537
438mTRP: 09,19,21,24|4|0.9639
441mGLU: 13,18,19,21|4|2.5094
167mSER: 09,12,13,16|4|1.4715
437mSER: 09,18,19|3|0.2457
167mASN: 09,12,16|3|1.3973
258mASN: 07,08,10|3|1.2354
445mTHR: 02,09,24|3|0.5442
322mLEU: 01,19,21|3|0.6662
259mGLY: 07,08,10|3|1.8977
354mLYS: 02,09,28|3|0.7623
444mLYS: 02,09,12|3|0.7402
247mMET: 14,16,28|3|0.4307
258mGLY: 07,08,10|3|0.7862
280mGLU: 11,13,24|3|0.194
277mCYS: 10,11,13|3|0.0936
300mGLU: 18,19,21|3|0.8764
445mLYS: 02,09,24|3|0.4494
297mGLY: 13,19,21|3|1.7615
161mLEU: 09,28,29|3|0.3014
445mSER: 02,09,24|3|0.4284
259mASN: 07,08,10|3|1.2188
121mGLU: 17,20,23|3|0.478
168mHIS: 02,09,16|3|0.9647
258mTHR: 07,08,10|3|1.9059
277mLEU: 10,11,13|3|0.1308
318mILE: 01,19,21|3|1.0143
162mASP: 12,15,22|3|0.4917
136mALA: 03,06,23|3|1.9888
240mASP: 14,15,22|3|0.8142
358mASP: 11,12,16|3|0.5861
251mGLY: 14,15,16|3|1.1036
327mHIS: 04,05,25|3|0.2815
441mHIS: 13,18,21|3|1.106
162mPHE: 12,15,22|3|0.4111
241mALA: 06,14,29|3|1.1963
293mGLY: 18,19,21|3|1.5988
317mGLY: 19,21,25|3|0.5865
354mMET: 12,16,24|3|0.4125
241mASP: 06,14,29|3|0.633
259mSER: 07,08,10|3|1.3892
318mGLY: 01,19,21|3|1.3534
147mTHR: 00,20,27|3|1.1948
123mGLU: 03,06,23|3|1.2596
208mGLY: 03,20,23|3|0.6598
208mARG: 03,20,23|3|0.4296
142mALA: 00,03,17|3|1.1182
321mALA: 01,19,21|3|0.7446
436mGLY: 04,18,19|3|0.9995
265mALA: 00,08,20|3|0.5645
444mILE: 02,09,12|3|0.4093
147mLEU: 17,20,27|3|1.2552
152mALA: 07,10,11|3|0.4961
251mALA: 14,15,16|3|1.3558
142mSER: 00,03,17|3|1.0981
119mSER: 03,17,23|3|1.3993
300mTHR: 18,19,21|3|0.6235
240mLYS: 14,15,22|3|0.4203
444mPHE: 02,09,12|3|0.248
297mASN: 13,19,21|3|1.0443
150mPHE: 00,07,17|3|0.4087
182mTHR: 03,20,23|3|1.1317
354mASN: 12,16,24|3|0.1836
297mTRP: 13,19,21|3|0.6939
150mTHR: 00,07,17|3|0.7434
436mALA: 04,18,19|3|1.0213
441mMET: 13,18,21|3|0.775
244mGLY: 06,22,29|3|0.9009
318mSER: 01,19,21|3|0.7164
241mGLY: 06,14,29|3|0.685
268mALA: 00,17,27|3|1.3565
159mVAL: 11,15,16|3|0.6679
159mCYS: 13,15,16|3|1.6661
300mALA: 18,19,21|3|0.568
179mLEU: 03,08,23|3|0.4943
248mVAL: 14,22,28|3|1.1048
445mILE: 02,09,24|3|0.0045
297mSER: 13,19,21|3|1.3696
251mSER: 14,15,16|3|0.8412
167mHIS: 09,13,16|3|1.3681
194mCYS: 14,22,29|3|2.4232
266mASP: 07,17,27|3|0.7962
357mMET: 02,09,24|3|0.615
329mSER: 04,05,25|3|0.184
329mLYS: 04,05,25|3|0.4536
296mMET: 18,19,21|3|0.5384
300mLEU: 18,19,21|3|0.7235
358mALA: 11,16,28|3|1.6317
327mGLY: 04,05,25|3|0.4032
297mGLU: 13,19,21|3|1.3574
251mLEU: 14,15,16|3|0.7688
317mSER: 19,21,25|3|0.2331
322mGLY: 01,19,21|3|0.7854
365mSER: 09,12,24|3|0.1833
240mCYS: 14,15,22|3|1.9458
146mGLY: 00,17,27|3|2.2442
288mALA: 01,19,25|3|0.395
440mARG: 13,18,21|3|1.1508
247mTHR: 22,28,29|3|0.4379
265mGLU: 00,07,08|3|0.8132
329mALA: 04,05,25|3|1.1189
147mLYS: 00,17,20|3|1.4274
442mALA: 18,19,21|3|0.9053
268mCYS: 00,17,27|3|1.3222
150mGLU: 00,07,17|3|1.0053
357mVAL: 02,13,16|3|0.7513
297mILE: 13,19,21|3|0.7677
164mPRO: 12,14,16|3|0.3952
266mASN: 00,07,08|3|1.4764
247mHIS: 14,16,28|3|0.7609
169mMET: 02,11,24|3|0.2962
284mTYR: 11,12,13|3|0.3101
150mVAL: 00,07,17|3|0.4858
259mASP: 07,08,10|3|2.2107
362mLEU: 02,09,21|3|0.5742
181mLEU: 03,23,27|3|1.4532
119mLEU: 03,17,23|3|1.9568
326mGLN: 01,04,25|3|0.3775
445mGLU: 02,09,24|3|0.7938
296mGLY: 18,19,21|3|1.0121
136mGLU: 03,06,23|3|1.8574
326mASN: 01,04,25|3|0.4043
297mMET: 13,19,21|3|1.7451
251mASP: 14,15,16|3|0.542
358mHIS: 02,11,28|3|0.8416
150mASP: 00,07,17|3|0.4611
194mHIS: 11,14,24|3|1.2563
191mCYS: 11,14,22|3|1.4766
444mGLU: 02,09,12|3|1.5326
440mPHE: 02,13,19|3|0.8372
436mLEU: 04,18,19|3|0.9414
293mGLU: 18,19,21|3|1.4301
241mCYS: 06,14,29|3|1.2081
167mLYS: 12,13,16|3|0.7144
245mALA: 14,22,29|3|1.792
300mILE: 18,19,21|3|0.425
181mASP: 03,23,27|3|1.1875
160mMET: 15,16,28|3|0.1945
162mILE: 12,15,22|3|0.6214
437mHIS: 09,18,19|3|0.6915
438mPRO: 13,21,24|3|1.0579
146mTHR: 00,17,27|3|2.1603
123mGLY: 03,06,23|3|0.9169
277mTYR: 10,11,13|3|0.1326
158mALA: 14,15,16|3|1.2358
120mHIS: 03,17,23|3|0.812
119mCYS: 03,17,20|3|2.9108
277mTHR: 10,11,13|3|0.0948
245mVAL: 14,22,29|3|1.8468
300mGLY: 18,19,21|3|1.1801
296mSER: 18,19,21|3|0.5964
240mILE: 14,15,22|3|0.2214
258mLYS: 07,08,10|3|1.8142
167mPRO: 09,12,13|3|0.5361
261mALA: 07,08,27|3|2.3794
142mGLU: 00,03,17|3|1.4444
293mASP: 18,19,21|3|0.7941
444mASN: 02,09,12|3|1.0669
300mGLN: 18,19,21|3|0.479
229mLYS: 07,08,27|3|1.1454
162mHIS: 12,13,22|3|0.5124
162mSER: 12,13,22|3|1.3418
359mGLN: 02,11,24|3|0.1432
300mVAL: 18,19,21|3|0.6174
120mGLY: 03,17,23|3|2.4224
266mTRP: 00,07,08|3|0.462
261mGLY: 07,08,27|3|1.4115
136mASP: 03,06,23|3|1.706
444mSER: 02,09,12|3|1.1612
248mTRP: 14,22,28|3|1.2088
136mTHR: 03,06,23|3|1.2713
119mGLY: 03,17,23|3|2.2574
300mSER: 18,19,21|3|0.8164
240mARG: 14,15,22|3|0.1815
318mLEU: 01,19,21|3|1.6175
150mCYS: 00,07,17|3|1.0531
250mALA: 14,15,29|3|1.4737
293mLEU: 18,19,21|3|1.1102
297mHIS: 13,19,21|3|1.8154
142mASN: 00,03,17|3|0.5859
251mGLU: 14,15,16|3|0.7614
261mCYS: 07,08,27|3|1.9886
194mGLN: 11,22,24|3|0.4372
208mILE: 03,20,23|3|0.5912
297mVAL: 13,19,21|3|1.029
159mGLN: 11,15,28|3|0.6402
277mGLU: 10,11,13|3|0.3444
152mCYS: 07,10,11|3|0.6272
120mCYS: 03,17,23|3|2.9195
167mPHE: 09,12,16|3|0.792
182mCYS: 03,23,27|3|2.1833
181mCYS: 03,23,27|3|3.3308
119mASP: 03,17,20|3|1.3381
329mGLY: 04,05,25|3|0.7142
226mCYS: 03,20,23|3|0.7305
297mALA: 13,19,21|3|0.9356
120mSER: 03,17,23|3|1.5938
318mALA: 01,19,21|3|2.172
244mHIS: 06,22,29|3|0.4112
120mLYS: 03,20,23|3|0.7581
251mLYS: 14,15,16|3|0.556
318mCYS: 01,19,21|3|3.3861
241mLYS: 06,14,29|3|0.8201
318mVAL: 01,19,21|3|0.486
300mMET: 18,19,21|3|1.1266
300mASN: 18,19,21|3|0.5021
261mASP: 07,08,27|3|1.2818
273mALA: 00,07,10|3|0.0663
181mTHR: 03,08,27|3|0.8763
159mMET: 11,15,28|3|1.4848
180mCYS: 08,20,23|3|1.1198
119mLYS: 17,20,23|3|1.4467
445mVAL: 02,09,24|3|0.2307
136mLYS: 03,06,23|3|1.5277
445mGLY: 02,09,24|3|0.384
251mTHR: 14,15,16|3|0.6574
444mTHR: 02,09,12|3|1.1678
293mTHR: 18,19,21|3|1.0023
261mLEU: 07,08,27|3|0.9664
146mILE: 00,17,27|3|1.419
159mLYS: 11,16,28|3|0.2855
150mLEU: 00,07,17|3|0.7889
261mVAL: 07,08,27|3|1.6897
293mPHE: 18,19,21|3|0.3582
120mLEU: 03,17,23|3|2.5793
248mILE: 14,22,28|3|0.6908
167mCYS: 09,12,13|3|1.5527
136mASN: 03,06,23|3|1.0796
358mMET: 02,11,28|3|0.4518
194mVAL: 11,14,29|3|0.2453
293mLYS: 18,19,21|3|1.1567
326mGLU: 01,04,25|3|0.4073
358mCYS: 11,16,28|3|1.1791
182mGLY: 03,20,27|3|1.2733
208mLEU: 03,20,23|3|0.5188
244mSER: 06,22,29|3|0.5181
445mMET: 02,09,24|3|0.0918
441mCYS: 18,19,21|3|0.9668
150mILE: 00,07,17|3|0.3344
293mALA: 18,19,21|3|1.728
318mMET: 01,19,21|3|0.483
265mSER: 00,07,08|3|0.6211
137mSER: 03,06,23|3|0.4384
245mILE: 14,22,29|3|1.5309
247mASP: 15,16,22|3|0.683
123mASP: 03,06,23|3|0.5888
297mLEU: 13,19,21|3|1.1472
161mCYS: 09,15,28|3|0.5411
146mGLN: 00,17,27|3|0.6884
265mTHR: 00,07,08|3|0.3655
169mHIS: 02,11,24|3|0.5843
136mSER: 03,06,23|3|1.9434
362mILE: 02,11,21|3|0.6652
146mGLU: 00,17,27|3|1.9653
297mTHR: 13,19,21|3|1.1239
439mLEU: 02,18,19|3|0.4053
167mMET: 09,13,16|3|1.3987
354mHIS: 12,16,24|3|0.5889
119mTHR: 03,20,23|3|2.0937
445mASP: 02,09,24|3|0.168
208mHIS: 03,20,23|3|0.3391
208mTHR: 03,20,23|3|1.0989
157mTYR: 13,15,22|3|0.418
241mTHR: 06,14,29|3|0.782
191mALA: 11,14,22|3|0.9616
358mLYS: 11,16,28|3|1.0521
445mTYR: 02,09,24|3|0.582
146mSER: 00,17,27|3|2.0241
136mGLN: 03,06,23|3|0.9448
261mGLU: 07,08,27|3|1.9436
241mSER: 06,14,29|3|0.7457
178mASN: 07,17,27|3|0.9605
293mVAL: 18,19,21|3|0.6873
362mARG: 02,21,24|3|0.4859
208mALA: 03,20,23|3|1.6027
322mLYS: 01,19,21|3|0.3704
293mSER: 18,19,21|3|1.4893
136mGLY: 03,06,23|3|2.3863
266mALA: 00,08,17|3|0.4392
283mCYS: 07,10,25|3|1.6124
146mLEU: 00,17,27|3|1.8936
358mGLU: 11,12,16|3|1.8662
259mGLU: 07,08,10|3|1.846
261mSER: 07,08,27|3|2.0863
241mGLU: 06,14,29|3|1.0968
146mALA: 00,17,27|3|3.0443
444mGLY: 02,09,12|3|0.905
273mGLU: 00,07,10|3|0.2118
261mTHR: 07,08,27|3|2.726
322mTHR: 01,19,21|3|0.7836
437mMET: 09,18,19|3|0.6212
262mSER: 07,08,27|3|0.3874
163mHIS: 11,22,28|3|0.4902
208mLYS: 03,20,23|3|1.3387
445mCYS: 02,09,24|3|0.543
241mILE: 06,14,29|3|0.3644
208mSER: 03,20,23|3|0.8807
439mLYS: 02,13,21|3|1.381
157mASP: 13,14,15|3|1.4858
146mVAL: 00,17,27|3|1.4113
120mMET: 03,17,23|3|1.0826
261mASN: 07,08,27|3|1.7447
356mHIS: 11,12,24|3|0.3817
358mLEU: 11,16,28|3|0.7246
365mGLY: 09,12,24|3|0.3575
142mILE: 00,03,17|3|0.2859
297mGLN: 13,19,21|3|0.9561
317mLYS: 19,21,25|3|0.4203
444mASP: 02,09,12|3|0.2958
362mPRO: 02,11,21|3|0.7044
242mARG: 13,15,28|3|1.0659
119mALA: 03,17,23|3|3.2149
277mALA: 10,11,13|3|0.1989
437mGLY: 09,18,19|3|0.6376
445mALA: 02,09,24|3|0.6483
208mGLU: 03,20,23|3|0.1447
284mASP: 09,10,12|3|1.6616
208mGLN: 03,20,23|3|0.142
261mILE: 07,08,27|3|1.243
158mGLY: 14,15,16|3|0.8365
266mGLN: 00,07,08|3|0.8491
119mVAL: 03,17,23|3|1.2319
293mILE: 18,19,21|3|0.9307
258mGLU: 07,08,10|3|1.7348
120mGLU: 03,17,23|3|2.8924
296mHIS: 18,19,21|3|0.449
144mALA: 00,03,17|3|1.187
266mLEU: 00,08,17|3|0.3928
168mTHR: 02,09,16|3|0.6336
322mALA: 01,19,21|3|0.6221
241mLEU: 06,14,29|3|0.67
300mHIS: 18,19,21|3|1.1381
247mALA: 14,22,29|3|1.15
441mGLN: 13,18,21|3|0.33
142mLYS: 00,03,17|3|1.1767
438mMET: 02,09,19|3|1.3074
454mGLU: 12,16,28|3|0.7159
123mLEU: 03,06,23|3|0.7347
147mMET: 17,20,27|3|0.8779
167mVAL: 09,12,16|3|1.0704
147mASP: 00,20,27|3|1.0865
317mARG: 19,21,25|3|0.1815
142mTHR: 00,03,17|3|1.4295
144mTHR: 00,03,17|3|0.7918
259mLYS: 07,08,10|3|1.8249
444mLEU: 02,09,12|3|0.5136
168mASN: 02,09,16|3|0.8238
438mTYR: 09,21,24|3|0.3583
322mSER: 01,19,21|3|0.7734
354mALA: 02,09,28|3|0.327
359mASP: 11,12,16|3|1.6726
261mLYS: 07,08,27|3|3.044
226mALA: 03,20,23|3|0.6269
283mALA: 07,10,25|3|1.0348
322mVAL: 01,19,21|3|0.2925
168mSER: 02,09,16|3|0.808
445mLEU: 02,09,24|3|0.5802
258mSER: 07,08,10|3|1.3975
123mALA: 03,06,23|3|0.5524
162mGLY: 12,13,22|3|0.994
245mLEU: 14,22,29|3|2.0469
150mGLN: 00,07,17|3|0.1479
444mALA: 02,09,12|3|0.7321
145mGLU: 03,20,27|3|0.3559
242mTYR: 13,15,29|3|0.6164
322mGLU: 01,19,21|3|0.9944
444mVAL: 02,09,12|3|0.5423
177mLEU: 03,20|2|0.5757
247mCYS: 22,29|2|0.8816
401mGLN: 05,25|2|0.5414
435mMET: 02,21|2|0.278
295mCYS: 19,21|2|1.0564
148mLYS: 17,20|2|0.0694
303mGLY: 00,17|2|1.8738
183mILE: 08,27|2|0.2615
335mTHR: 04,05|2|0.3703
321mGLU: 19,21|2|0.1526
360mALA: 12,24|2|0.4685
142mVAL: 00,17|2|0.6806
401mTHR: 05,25|2|1.019
313mASP: 01,25|2|0.8308
305mTHR: 00,17|2|0.6804
326mCYS: 05,25|2|0.3045
169mCYS: 14,22|2|0.0764
419mASP: 05,25|2|0.4108
136mVAL: 03,23|2|0.8293
286mLEU: 10,25|2|0.2133
400mSER: 05,25|2|0.9965
122mALA: 20,23|2|0.614
293mCYS: 18,21|2|1.8355
247mLYS: 22,29|2|0.5795
164mARG: 12,14|2|0.5151
361mHIS: 12,24|2|0.6688
183mGLU: 08,27|2|0.8164
293mHIS: 19,21|2|1.1997
284mSER: 10,12|2|0.6048
324mTYR: 01,25|2|0.3621
293mGLN: 19,21|2|0.5827
296mGLU: 19,21|2|0.8993
177mASP: 03,20|2|0.1635
172mTRP: 11,13|2|0.7502
296mVAL: 19,21|2|0.261
158mHIS: 15,16|2|0.4562
341mTHR: 05,26|2|1.0111
163mILE: 12,22|2|0.2119
244mLYS: 06,29|2|0.9403
291mSER: 01,25|2|0.3363
337mTRP: 04,05|2|0.522
137mASN: 06,23|2|0.3
226mLEU: 03,23|2|0.0933
283mLEU: 10,25|2|0.8397
419mHIS: 05,25|2|0.5285
119mILE: 03,17|2|0.9241
250mSER: 14,15|2|1.0281
283mGLY: 07,10|2|0.5191
123mMET: 03,23|2|0.637
259mALA: 07,10|2|1.304
123mGLN: 03,23|2|0.6151
158mLEU: 15,16|2|0.8153
265mLYS: 08,27|2|0.1866
229mVAL: 08,27|2|0.5219
356mILE: 12,24|2|0.5984
291mCYS: 01,25|2|0.9454
303mLYS: 00,17|2|1.3437
292mASP: 19,21|2|1.0188
325mTHR: 19,21|2|0.209
258mLEU: 07,10|2|0.6462
268mGLU: 00,17|2|0.3302
121mSER: 17,20|2|0.5784
150mARG: 00,07|2|0.0954
318mTYR: 19,21|2|0.0266
143mGLU: 03,17|2|0.5601
401mLEU: 05,25|2|0.3835
126mASP: 06,23|2|0.496
219mHIS: 11,13|2|0.8093
331mSER: 04,05|2|0.1665
421mHIS: 10,25|2|1.7043
267mMET: 00,27|2|0.5153
338mGLU: 05,25|2|0.5313
337mVAL: 04,05|2|0.5559
172mGLN: 11,13|2|1.0236
177mGLU: 03,20|2|0.7893
435mHIS: 02,21|2|0.5453
122mASP: 20,23|2|0.4087
177mVAL: 03,20|2|0.2262
137mHIS: 03,23|2|0.7488
180mGLN: 17,27|2|0.2942
336mSER: 04,05|2|1.4478
262mGLU: 08,27|2|0.1878
286mALA: 10,25|2|0.2253
292mTHR: 19,21|2|0.7268
443mALA: 09,18|2|1.2236
454mTHR: 16,28|2|0.5195
251mASN: 14,16|2|0.3941
123mTHR: 03,23|2|0.967
163mALA: 12,22|2|0.4557
158mASN: 15,16|2|0.2241
291mILE: 01,25|2|0.1911
172mGLY: 11,13|2|1.0818
325mGLU: 19,21|2|0.3754
163mASP: 12,22|2|0.2284
137mMET: 03,23|2|0.4548
163mVAL: 12,22|2|0.2472
318mTHR: 19,21|2|1.245
137mGLU: 06,23|2|0.376
182mTRP: 03,20|2|0.6658
152mSER: 07,10|2|0.1736
136mMET: 03,23|2|1.4027
436mASN: 18,19|2|0.8248
146mPHE: 17,27|2|0.5201
226mLYS: 03,23|2|0.0694
152mLYS: 07,10|2|0.1876
336mASN: 04,05|2|0.9324
291mLEU: 01,25|2|0.4296
143mILE: 03,17|2|0.1195
181mLYS: 08,23|2|0.1024
217mALA: 11,17|2|0.486
172mILE: 11,13|2|1.231
323mTHR: 01,25|2|0.2867
229mCYS: 07,27|2|0.5002
144mLEU: 03,17|2|0.8477
336mALA: 04,05|2|1.4251
169mALA: 14,22|2|0.1466
292mGLU: 19,21|2|0.8696
401mGLY: 05,25|2|0.9685
303mLEU: 00,17|2|1.4608
261mARG: 07,08|2|1.0932
152mTHR: 07,10|2|0.2508
274mLEU: 00,17|2|0.8397
172mHIS: 11,13|2|0.2402
177mMET: 03,20|2|0.0873
284mPRO: 10,12|2|1.1529
169mGLU: 14,22|2|0.2436
400mASN: 05,25|2|0.5713
229mSER: 08,27|2|0.6171
243mPHE: 11,29|2|0.5408
244mLEU: 06,29|2|0.4583
326mVAL: 01,04|2|0.1408
136mPHE: 03,23|2|0.4394
136mCYS: 03,06|2|2.0078
421mPRO: 10,25|2|0.1883
248mASP: 14,29|2|0.6083
168mCYS: 12,13|2|1.0637
163mCYS: 12,22|2|0.3013
436mSER: 18,19|2|0.7576
296mTHR: 19,21|2|0.8274
148mALA: 17,20|2|0.4429
168mMET: 02,09|2|0.7527
146mCYS: 17,27|2|2.6901
258mCYS: 07,10|2|0.4272
177mALA: 03,20|2|0.6438
169mTYR: 14,22|2|0.1024
324mVAL: 01,25|2|0.2679
303mVAL: 00,17|2|1.2762
438mARG: 09,21|2|0.3724
135mSER: 03,06|2|0.145
158mGLU: 15,16|2|0.8144
191mLEU: 14,22|2|0.5628
358mVAL: 11,16|2|0.058
158mVAL: 15,16|2|0.3538
316mALA: 01,25|2|0.3337
147mILE: 17,20|2|0.697
162mTYR: 12,22|2|0.8746
158mGLN: 15,16|2|0.6477
361mTHR: 09,12|2|0.0918
217mGLY: 11,17|2|0.4389
400mVAL: 05,25|2|0.9672
123mTRP: 03,23|2|0.4802
267mTHR: 00,27|2|0.9827
315mLYS: 01,19|2|0.1802
191mGLU: 14,22|2|0.647
305mCYS: 00,17|2|1.6693
401mPHE: 05,25|2|0.1191
325mALA: 19,21|2|0.2784
263mTHR: 07,08|2|0.4605
143mASP: 03,17|2|0.4261
295mASP: 19,21|2|0.302
337mGLN: 04,05|2|0.6064
147mVAL: 17,20|2|0.5002
244mVAL: 06,29|2|0.2908
274mCYS: 00,17|2|1.1039
158mTHR: 15,16|2|0.7501
295mALA: 19,21|2|0.6538
240mASN: 11,13|2|0.1254
177mTHR: 03,20|2|0.5397
274mALA: 00,17|2|0.7276
284mASN: 10,12|2|0.4459
152mTYR: 07,10|2|0.276
245mPHE: 14,22|2|0.9856
419mSER: 05,25|2|0.8869
262mALA: 08,27|2|0.2546
144mLYS: 00,03|2|0.5522
337mASP: 04,05|2|0.3282
336mVAL: 04,05|2|1.2644
439mASN: 02,21|2|0.6888
247mLEU: 14,22|2|0.1679
435mGLN: 02,21|2|0.4861
318mPHE: 19,21|2|0.6378
401mMET: 05,25|2|0.2361
122mTHR: 20,23|2|0.9516
419mALA: 05,25|2|0.709
296mCYS: 19,21|2|2.4351
401mASP: 05,25|2|1.1738
303mHIS: 00,17|2|1.7147
267mGLU: 00,27|2|0.499
178mPRO: 00,27|2|0.1997
229mALA: 08,27|2|0.8198
315mCYS: 01,19|2|0.9124
421mGLU: 10,25|2|2.3554
435mASN: 02,21|2|0.4313
150mMET: 00,07|2|0.38
146mLYS: 00,27|2|1.8129
303mPHE: 00,17|2|0.7673
178mARG: 00,27|2|0.6095
401mASN: 05,25|2|0.971
284mILE: 10,12|2|1.2973
159mTRP: 11,15|2|0.2558
300mTRP: 18,21|2|0.2828
364mALA: 12,24|2|0.2468
292mMET: 19,21|2|0.2222
168mLYS: 12,16|2|0.1075
325mLEU: 19,21|2|0.233
267mILE: 00,27|2|0.5359
194mTRP: 11,24|2|0.2522
424mGLY: 10,25|2|0.5202
443mLEU: 09,18|2|1.1328
337mLEU: 04,05|2|0.4954
179mCYS: 03,20|2|1.4714
243mPRO: 11,29|2|0.3111
444mGLN: 02,12|2|0.5202
284mTRP: 10,12|2|1.0025
122mPHE: 20,23|2|0.4252
163mLEU: 13,22|2|0.3044
356mMET: 11,24|2|0.2717
157mPHE: 13,15|2|1.4654
421mGLY: 10,25|2|1.8117
122mSER: 20,23|2|0.9308
358mARG: 11,28|2|0.3322
146mARG: 00,27|2|0.5549
152mVAL: 07,10|2|0.0418
303mSER: 00,17|2|1.9677
158mCYS: 14,15|2|2.0585
337mILE: 04,05|2|0.4582
247mILE: 22,29|2|0.0938
303mGLN: 00,17|2|1.0588
324mHIS: 01,25|2|0.3798
435mLEU: 02,21|2|0.1422
360mASP: 02,28|2|0.4531
240mHIS: 11,13|2|0.5307
455mLYS: 16,28|2|1.0061
182mVAL: 03,20|2|0.4946
358mGLN: 11,28|2|0.2622
267mHIS: 00,27|2|0.6981
191mTHR: 14,22|2|0.3969
339mGLY: 04,05|2|0.197
442mHIS: 13,21|2|0.1748
318mPRO: 19,21|2|0.349
455mSER: 12,28|2|1.0103
341mGLY: 05,26|2|0.729
318mASP: 19,21|2|1.474
365mHIS: 09,12|2|0.3538
400mGLY: 05,25|2|0.5104
219mGLU: 11,13|2|0.2448
244mTHR: 06,29|2|0.6754
358mTYR: 11,16|2|0.2489
244mMET: 22,29|2|0.2344
172mMET: 11,13|2|0.6542
454mLYS: 16,28|2|0.4616
150mASN: 00,07|2|0.2206
419mVAL: 05,25|2|0.5445
122mASN: 20,23|2|1.0394
337mGLY: 04,05|2|0.8815
259mCYS: 07,10|2|1.2129
303mASN: 00,17|2|1.6107
442mGLU: 18,19|2|0.2388
146mASN: 00,27|2|1.0571
439mHIS: 02,13|2|0.9067
436mILE: 18,19|2|0.6848
313mCYS: 01,25|2|1.55
329mLEU: 05,25|2|0.0932
177mGLY: 03,20|2|0.3795
296mALA: 19,21|2|1.586
274mGLU: 00,17|2|1.0561
246mHIS: 06,29|2|0.2885
325mLYS: 19,21|2|0.1458
161mMET: 02,28|2|0.5473
421mARG: 10,25|2|0.1457
454mALA: 16,28|2|0.7316
162mALA: 12,22|2|1.6103
296mTRP: 19,21|2|0.4994
361mASN: 09,12|2|0.124
232mCYS: 07,10|2|0.3791
143mTHR: 03,17|2|0.4055
122mGLY: 20,23|2|0.6612
360mGLY: 02,24|2|0.6317
180mTYR: 08,23|2|0.414
136mARG: 03,23|2|0.4616
324mLYS: 01,25|2|0.3433
172mGLU: 11,13|2|1.3492
283mASP: 07,10|2|0.737
436mASP: 04,18|2|0.6925
172mTHR: 11,13|2|1.1818
123mASN: 03,23|2|0.7654
183mALA: 08,27|2|0.5053
326mILE: 01,04|2|0.003
251mMET: 14,16|2|0.7048
318mGLN: 19,21|2|0.5444
442mLEU: 18,19|2|0.1038
295mGLY: 19,21|2|0.1502
158mASP: 14,15|2|0.9621
337mALA: 04,05|2|0.5372
152mGLU: 07,10|2|0.4172
239mHIS: 06,29|2|0.2482
208mASP: 03,20|2|0.6336
261mMET: 07,08|2|0.2401
399mSER: 10,25|2|0.2614
329mASP: 05,25|2|0.3952
142mLEU: 00,17|2|0.7189
291mASP: 01,25|2|0.4432
267mLYS: 00,27|2|1.0108
293mMET: 19,21|2|0.9812
356mASP: 12,24|2|0.8439
261mHIS: 07,08|2|0.7908
258mALA: 07,10|2|1.2757
303mGLU: 00,17|2|2.1917
241mGLN: 06,14|2|0.0512
143mSER: 03,17|2|0.406
292mHIS: 19,21|2|0.2786
219mALA: 13,24|2|0.2468
239mGLY: 06,29|2|0.0564
361mGLU: 09,12|2|0.3758
119mPHE: 03,17|2|0.7107
361mCYS: 12,24|2|0.3539
337mSER: 04,05|2|0.974
148mLEU: 17,20|2|0.0933
314mCYS: 19,21|2|1.3454
379mTHR: 05,25|2|0.2296
419mTHR: 05,25|2|0.9095
120mGLN: 03,17|2|0.5928
172mASN: 11,13|2|0.0462
261mPHE: 07,27|2|0.2686
444mCYS: 02,09|2|0.2664
251mHIS: 14,16|2|0.8812
292mTYR: 19,21|2|0.527
265mMET: 00,08|2|0.5925
284mHIS: 10,12|2|0.423
229mTHR: 08,27|2|1.1065
181mMET: 03,17|2|0.1212
291mGLU: 01,25|2|0.3686
292mALA: 19,21|2|1.6908
303mTHR: 00,17|2|1.9233
419mLYS: 05,25|2|0.6799
258mHIS: 07,10|2|0.2858
455mHIS: 12,28|2|0.8797
293mTRP: 19,21|2|0.4018
324mGLY: 01,25|2|0.5399
274mTYR: 00,17|2|0.3101
122mLYS: 20,23|2|0.7148
315mLEU: 01,19|2|0.2252
292mILE: 19,21|2|0.5146
121mHIS: 17,23|2|0.5949
135mGLY: 03,06|2|0.3147
313mGLY: 01,25|2|0.5409
400mTHR: 05,25|2|1.4473
337mGLU: 04,05|2|1.0266
158mMET: 15,16|2|0.6044
143mTYR: 03,17|2|0.3182
143mGLY: 03,17|2|0.4942
359mMET: 02,24|2|0.5922
259mLEU: 07,10|2|0.07
436mMET: 18,19|2|1.1233
338mGLY: 04,25|2|0.4485
180mMET: 17,27|2|0.6646
365mASN: 09,12|2|0.0836
172mLEU: 11,13|2|1.4656
266mVAL: 00,08|2|0.2816
150mTYR: 00,07|2|0.7068
436mGLN: 18,19|2|0.9497
143mLEU: 03,17|2|0.5499
303mASP: 00,17|2|0.8918
183mTHR: 08,27|2|0.573
296mLEU: 19,21|2|1.0897
163mPHE: 12,22|2|0.1848
122mVAL: 20,23|2|0.5194
147mGLN: 20,27|2|0.2556
219mSER: 11,13|2|0.3491
435mGLY: 02,21|2|0.9547
208mCYS: 03,20|2|1.388
337mTHR: 04,05|2|0.9052
228mGLU: 08,27|2|0.3684
137mGLY: 03,23|2|0.6034
163mLYS: 12,22|2|0.453
146mHIS: 00,27|2|1.5003
183mASP: 08,27|2|0.278
259mHIS: 07,10|2|0.7691
146mASP: 17,27|2|1.5626
443mTYR: 09,18|2|1.1352
241mVAL: 06,29|2|0.3586
136mTRP: 03,23|2|0.6429
421mASN: 10,25|2|2.1606
120mTYR: 03,23|2|0.8862
158mTRP: 15,16|2|0.472
401mGLU: 05,25|2|1.5351
261mPRO: 07,08|2|1.1715
442mCYS: 18,19|2|0.6701
217mTHR: 11,17|2|0.6277
161mASP: 14,29|2|0.6589
267mALA: 00,27|2|1.2541
293mASN: 18,19|2|0.6825
291mTHR: 01,25|2|0.2972
169mGLY: 02,11|2|0.0564
454mILE: 16,28|2|0.304
336mGLU: 04,05|2|1.0001
244mGLU: 06,29|2|0.3767
150mHIS: 00,07|2|0.3188
324mTHR: 01,25|2|0.5657
400mHIS: 05,25|2|0.4101
296mASP: 19,21|2|1.3387
269mSER: 00,07|2|0.0533
172mASP: 11,13|2|1.6616
162mLYS: 12,22|2|1.5653
169mTHR: 14,22|2|0.0772
436mCYS: 04,18|2|1.3437
267mSER: 00,27|2|0.8798
337mHIS: 04,05|2|0.8825
177mTYR: 03,20|2|0.5775
324mASN: 01,25|2|0.1465
262mTHR: 08,27|2|0.8112
401mCYS: 05,25|2|0.7235
341mASN: 05,26|2|0.9991
159mPHE: 13,15|2|0.1403
290mTRP: 12,21|2|0.7674
168mTRP: 02,09|2|0.2115
183mSER: 08,27|2|0.4976
183mGLY: 08,27|2|0.3339
421mLYS: 10,25|2|1.5074
435mSER: 02,21|2|0.6361
292mLYS: 19,21|2|0.9438
179mTYR: 08,23|2|0.0252
337mMET: 04,05|2|0.7375
359mILE: 09,12|2|0.0382
401mSER: 05,25|2|0.9596
424mASP: 10,25|2|0.5388
217mGLU: 11,17|2|0.9722
439mCYS: 13,21|2|0.6093
337mLYS: 04,05|2|0.548
283mGLU: 10,25|2|1.0561
295mLYS: 19,21|2|0.0394
122mPRO: 20,23|2|0.1507
157mPRO: 13,15|2|1.1611
401mALA: 05,25|2|0.6633
258mVAL: 07,10|2|1.0477
316mCYS: 01,25|2|0.872
182mGLN: 03,20|2|0.9195
266mILE: 00,08|2|0.006
122mGLU: 20,23|2|1.2526
341mSER: 05,26|2|0.9907
336mLEU: 04,05|2|0.8083
327mMET: 04,05|2|0.1306
219mGLY: 11,13|2|0.2944
421mSER: 10,25|2|1.8702
268mGLY: 00,27|2|0.1065
161mHIS: 02,28|2|0.7658
442mTHR: 19,21|2|0.5536
303mTYR: 00,17|2|0.9007
436mVAL: 18,19|2|0.8232
120mILE: 03,17|2|1.0399
435mTHR: 02,21|2|0.4896
286mTHR: 10,25|2|0.254
251mILE: 14,16|2|0.3285
324mLEU: 01,25|2|0.513
443mILE: 09,18|2|0.3652
168mGLN: 02,09|2|0.3285
419mGLN: 05,25|2|0.3628
232mASP: 07,10|2|0.5339
123mSER: 03,23|2|0.6384
258mILE: 07,10|2|0.5528
335mLYS: 04,05|2|0.2195
183mVAL: 08,27|2|0.2968
217mSER: 11,17|2|0.6855
122mGLN: 20,23|2|0.4239
152mGLY: 07,10|2|0.144
226mGLY: 03,20|2|0.2638
152mLEU: 07,10|2|0.2748
303mARG: 00,17|2|0.2034
419mPHE: 05,25|2|0.3589
330mASP: 05,25|2|0.7283
169mLYS: 14,22|2|0.014
267mGLY: 00,27|2|0.8431
159mILE: 11,15|2|0.425
296mPHE: 19,21|2|0.5549
150mSER: 00,07|2|0.6044
259mTHR: 07,10|2|1.509
182mMET: 03,20|2|1.159
419mGLY: 05,25|2|0.7514
183mCYS: 08,27|2|0.3509
183mLYS: 08,27|2|0.5026
400mILE: 05,25|2|0.4322
241mMET: 06,29|2|0.0338
444mTRP: 02,12|2|0.4358
326mTRP: 01,04|2|0.1938
245mCYS: 14,22|2|1.8179
400mALA: 05,25|2|1.1259
268mASP: 17,27|2|0.1318
313mALA: 01,25|2|0.9022
401mTYR: 05,25|2|0.5266
259mGLN: 07,10|2|0.6204
239mMET: 06,29|2|0.1306
123mILE: 03,23|2|0.4708
244mALA: 06,29|2|1.4046
326mASP: 05,25|2|0.1291
246mGLY: 22,29|2|0.1029
144mCYS: 03,17|2|1.4047
419mILE: 05,25|2|0.4403
296mGLN: 19,21|2|0.7223
354mVAL: 09,28|2|0.0216
443mCYS: 09,18|2|1.0832
172mCYS: 11,13|2|3.1
315mALA: 01,19|2|0.7224
274mTHR: 00,17|2|0.7942
330mGLY: 05,25|2|0.4865
261mGLN: 07,08|2|0.9485
262mVAL: 08,27|2|0.0706
325mSER: 19,21|2|0.1318
258mASP: 08,10|2|0.5193
123mVAL: 03,23|2|0.5691
172mPRO: 11,13|2|0.9674
251mARG: 14,16|2|0.2066
251mTRP: 14,16|2|0.3333
436mHIS: 18,19|2|0.9751
251mGLN: 14,16|2|0.4975
436mTRP: 18,19|2|0.8212
143mALA: 03,17|2|0.9222
443mLYS: 09,18|2|0.9584
183mPHE: 08,27|2|0.2344
269mGLY: 00,07|2|0.1697
267mLEU: 00,27|2|0.7945
194mTYR: 14,29|2|0.6198
325mTYR: 19,21|2|0.2342
172mALA: 11,13|2|1.8044
141mTHR: 03,17|2|0.1311
136mILE: 03,23|2|1.0391
121mASN: 20,23|2|0.1119
419mMET: 05,25|2|0.4729
180mILE: 17,27|2|0.3342
158mSER: 15,16|2|0.4832
172mVAL: 11,13|2|0.5668
122mILE: 20,23|2|0.5307
454mSER: 16,28|2|0.6132
194mASN: 11,24|2|0.3543
284mMET: 10,12|2|0.8958
441mTYR: 18,19|2|0.2319
322mTYR: 19,21|2|0.414
265mGLN: 00,08|2|0.2438
336mTHR: 04,05|2|1.9545
315mSER: 01,19|2|0.3058
146mMET: 00,27|2|1.004
160mHIS: 15,28|2|0.2877
400mLYS: 05,25|2|1.3437
250mCYS: 15,29|2|0.9948
150mALA: 00,07|2|0.751
436mTHR: 18,19|2|1.0494
443mVAL: 09,18|2|0.6668
284mVAL: 10,12|2|0.9658
305mSER: 00,17|2|0.4158
265mLEU: 00,08|2|0.23
336mGLY: 04,05|2|0.9987
288mTYR: 19,25|2|0.0012
327mGLU: 01,25|2|0.1446
136mHIS: 03,23|2|1.68
455mGLY: 12,28|2|1.5833
240mMET: 11,13|2|0.3543
337mASN: 04,05|2|1.0118
229mASP: 07,27|2|0.2949
314mASP: 19,21|2|0.249
401mLYS: 05,25|2|1.0381
265mASN: 07,08|2|0.3704
291mALA: 01,25|2|0.7792
283mTYR: 10,25|2|0.3101
172mSER: 11,13|2|0.5424
136mLEU: 03,23|2|1.2325
305mALA: 00,17|2|1.2385
232mGLY: 07,10|2|0.6903
318mGLU: 19,21|2|1.5788
454mASN: 16,28|2|0.3247
177mCYS: 03,20|2|0.5385
219mMET: 11,13|2|0.58
137mTHR: 06,23|2|0.2352
338mSER: 04,25|2|0.1229
142mGLY: 00,17|2|0.6323
248mCYS: 14,29|2|0.3625
421mASP: 10,25|2|1.9598
300mLYS: 18,21|2|0.089
421mTRP: 10,25|2|0.5035
169mLEU: 14,22|2|0.1012
122mTRP: 20,23|2|0.3721
303mMET: 00,17|2|1.5721
356mASN: 11,13|2|0.1993
324mMET: 01,25|2|0.3822
177mSER: 03,20|2|0.4239
267mCYS: 00,27|2|1.0185
250mTHR: 14,15|2|1.1922
217mLEU: 11,17|2|0.2216
359mLEU: 02,12|2|0.2763
314mALA: 19,21|2|0.4963
436mGLU: 18,19|2|1.1061
177mLYS: 03,20|2|0.4449
182mILE: 03,20|2|0.62
267mTYR: 00,27|2|0.1879
259mVAL: 07,10|2|0.3475
150mGLY: 00,07|2|0.5748
325mGLY: 19,21|2|0.1022
168mLEU: 02,09|2|0.1683
158mILE: 15,16|2|0.617
399mGLU: 10,25|2|0.6699
143mCYS: 03,17|2|1.0533
148mCYS: 17,20|2|0.6091
269mGLU: 00,07|2|0.1352
275mGLU: 00,07|2|0.097
401mVAL: 05,25|2|0.6009
143mLYS: 03,17|2|0.4824
421mTHR: 10,25|2|1.6936
119mPRO: 03,17|2|0.3347
150mLYS: 00,07|2|0.6184
291mLYS: 01,25|2|0.4057
182mHIS: 03,20|2|1.1284
361mGLY: 12,24|2|0.4527
284mPHE: 10,12|2|1.2278
172mPHE: 11,13|2|0.9374
288mGLU: 19,25|2|0.1424
325mCYS: 19,21|2|0.2082
283mTHR: 10,25|2|0.7942
251mCYS: 14,15|2|1.3283
292mSER: 19,21|2|0.805
292mGLY: 19,21|2|1.011
330mLYS: 05,25|2|0.3788
123mPHE: 03,23|2|0.4139
419mASN: 05,25|2|0.7438
305mGLY: 00,17|2|0.6678
284mGLN: 10,12|2|1.1897
357mILE: 02,13|2|0.2753
322mCYS: 19,21|2|0.375
232mSER: 07,10|2|0.2257
321mCYS: 01,21|2|1.0316
291mGLY: 01,25|2|0.4393
401mHIS: 05,25|2|0.3826
286mGLU: 10,25|2|0.4842
305mGLU: 00,17|2|0.9763
324mGLU: 01,25|2|0.7127
267mARG: 00,27|2|0.4978
454mCYS: 12,28|2|0.8966
341mGLU: 05,26|2|1.5093
123mHIS: 03,23|2|0.5162
303mALA: 00,17|2|1.4919
265mHIS: 00,08|2|0.8277
250mGLY: 14,15|2|0.8411
296mILE: 19,21|2|0.9258
293mARG: 19,21|2|0.3702
135mGLU: 06,23|2|0.5742
217mLYS: 11,17|2|0.3328
336mLYS: 04,05|2|1.2905
167mARG: 13,16|2|0.2066
182mSER: 03,20|2|0.9072
266mCYS: 17,27|2|0.4337
443mPHE: 09,18|2|0.3592
161mLYS: 14,28|2|0.1742
401mILE: 05,25|2|0.2744
331mTHR: 04,05|2|0.3311
400mLEU: 05,25|2|0.6504
292mCYS: 19,21|2|2.0232
120mPHE: 03,17|2|0.8178
315mGLY: 01,19|2|0.5508
419mLEU: 05,25|2|0.5884
365mMET: 09,12|2|0.2362
262mLYS: 08,27|2|0.5096
250mGLU: 14,15|2|1.0157
180mASN: 17,27|2|0.7996
267mGLN: 00,27|2|0.3475
296mPRO: 19,21|2|0.6748
437mASN: 09,19|2|0.0836
144mGLU: 03,17|2|0.9228
241mTYR: 06,29|2|0.4031
243mGLN: 11,29|2|0.4109
421mGLN: 10,25|2|0.6473
324mSER: 01,25|2|0.5413
455mMET: 12,28|2|0.4106
379mGLU: 05,25|2|0.4536
336mHIS: 04,05|2|0.613
180mHIS: 17,27|2|1.2042
292mLEU: 19,21|2|0.9916
263mLYS: 07,08|2|0.5377
443mASP: 09,18|2|0.5832
419mGLU: 05,25|2|1.1335
183mASN: 08,27|2|0.3655
122mLEU: 20,23|2|0.3621
250mLEU: 14,15|2|0.6949
182mASN: 03,20|2|0.6261
315mILE: 01,19|2|0.1938
435mGLU: 02,21|2|0.7311
324mALA: 01,25|2|0.5023
329mCYS: 05,25|2|1.1496
303mILE: 00,17|2|0.9588
168mVAL: 02,09|2|0.132
337mPHE: 04,05|2|0.324
