168mGLU: 04,06,09,10,11,13,17,21,25,26|10|4.0414
164mGLU: 06,09,10,11,17,18,21,26,27|9|9.8757
242mSER: 04,09,10,11,13,17,18,21,26|9|5.5424
242mGLY: 04,09,10,11,13,17,18,21,26|9|7.109
168mGLY: 04,06,09,10,11,13,21,25,27|9|1.3414
242mALA: 04,09,10,11,13,17,18,21,26|9|7.6361
242mVAL: 04,09,10,11,13,17,18,21,26|9|2.7667
242mGLU: 04,09,10,11,13,17,18,21,26|9|8.4576
242mASP: 04,09,10,11,13,17,18,21,26|9|8.4069
242mLEU: 04,09,10,11,13,17,18,21,26|9|2.7203
242mTHR: 04,09,10,11,13,17,18,21,26|9|6.7685
168mTHR: 04,06,10,11,13,17,21,25,26|9|1.2656
164mASP: 06,09,10,11,17,21,26,27|8|7.7526
242mCYS: 04,09,10,13,17,18,21,26|8|8.2173
165mMET: 04,09,10,11,13,17,21,26|8|3.2145
165mTHR: 04,09,10,11,13,17,21,26|8|4.8966
165mGLU: 04,09,10,11,13,17,21,26|8|6.2397
165mGLY: 04,09,10,11,13,17,21,26|8|4.4352
164mCYS: 09,10,11,17,18,21,26,27|8|5.7288
164mGLY: 06,09,10,11,17,21,26,27|8|6.4291
165mHIS: 04,09,10,11,13,17,21,26|8|2.9234
165mSER: 04,09,10,11,13,17,21,26|8|4.1515
243mTHR: 03,04,09,11,17,18,21,26|8|1.7077
242mMET: 04,09,10,13,17,18,21,26|8|2.7038
164mLEU: 06,09,10,11,17,21,26,27|8|3.7628
242mILE: 04,09,10,13,17,18,21,26|8|3.0535
164mTHR: 06,09,10,11,17,21,26,27|8|6.9851
164mALA: 06,09,10,11,17,21,26,27|8|6.6205
242mGLN: 04,09,10,13,17,18,21,26|8|3.0783
165mALA: 04,09,10,11,13,17,21,26|8|5.089
242mASN: 04,09,10,11,13,17,21,26|8|5.0536
165mASP: 04,09,11,13,17,21,26|7|5.0962
243mGLY: 03,04,09,11,17,18,26|7|1.9735
158mTHR: 10,12,15,17,18,21,26|7|3.2493
168mASP: 09,11,13,17,21,26,27|7|2.5066
248mALA: 10,12,14,17,18,20,21|7|3.4301
165mASN: 04,09,10,13,17,21,26|7|1.7839
134mASN: 02,03,04,09,13,14,20|7|1.3382
164mVAL: 09,10,11,17,21,26,27|7|2.3207
243mGLU: 03,04,11,17,18,21,26|7|3.3875
248mASN: 10,12,14,18,20,21,26|7|2.4351
165mLEU: 04,09,10,11,13,17,26|7|3.5827
248mASP: 12,14,17,18,20,21,26|7|4.3726
242mLYS: 04,09,10,13,17,21,26|7|5.9957
248mTHR: 10,12,14,17,18,20,21|7|4.4246
134mTHR: 02,03,04,09,13,14,20|7|1.3665
158mGLY: 10,12,15,17,18,21,26|7|2.9619
164mGLN: 06,09,10,11,17,21,26|7|3.2191
248mGLU: 10,12,14,17,18,20,21|7|5.6293
164mASN: 06,10,11,17,21,26,27|7|3.5922
165mVAL: 04,09,10,11,13,17,26|7|2.6366
164mSER: 06,10,11,17,21,26,27|7|5.9158
242mHIS: 04,09,10,13,17,21,26|7|2.5162
168mSER: 04,06,10,11,13,21,25|7|1.2691
127mTHR: 02,03,14,18,20,28|6|3.2669
164mILE: 09,10,11,17,26,27|6|2.0755
127mGLY: 02,03,14,18,20,28|6|2.347
136mLYS: 02,03,14,20,23,28|6|4.2142
167mSER: 06,09,11,21,26,27|6|1.6849
159mASN: 10,12,15,17,18,26|6|2.127
218mGLU: 03,04,09,13,23,25|6|4.3011
159mALA: 10,12,15,17,18,26|6|0.9457
134mGLU: 02,03,04,09,13,20|6|0.7978
158mGLU: 10,15,17,18,21,26|6|3.8252
159mGLU: 10,12,15,17,18,26|6|2.987
248mGLY: 10,12,14,18,20,21|6|3.6601
127mASN: 02,03,14,18,20,28|6|2.3175
167mGLU: 06,09,11,21,26,27|6|2.9324
159mTHR: 10,12,15,17,18,26|6|2.7575
217mASP: 04,07,09,13,23,25|6|2.496
136mGLU: 02,03,14,20,23,28|6|5.1499
248mHIS: 10,12,14,18,20,21|6|2.4459
127mGLU: 02,03,14,18,20,28|6|3.4021
245mASP: 03,14,17,21,26,28|6|2.8313
158mALA: 10,12,15,18,21,26|6|3.3373
261mALA: 05,15,16,19,22,24|6|2.6656
167mALA: 06,09,11,21,26,27|6|2.9151
261mMET: 05,15,16,19,22,24|6|2.9425
167mTHR: 06,09,11,21,26,27|6|2.1964
261mGLY: 05,15,16,19,22,24|6|4.0282
136mASP: 02,03,14,20,23,28|6|3.5498
243mASP: 03,04,11,17,18,26|6|3.5459
136mTHR: 02,03,14,20,23,28|6|5.2478
167mLEU: 06,09,11,21,26,27|6|2.3785
167mASP: 06,09,11,21,26,27|6|2.8005
248mGLN: 10,12,14,18,20,21|6|2.9573
217mTHR: 03,04,07,09,13,23|6|3.0088
159mLYS: 10,12,15,17,18,26|6|1.4845
127mSER: 02,03,14,18,20,28|6|1.9453
261mVAL: 05,15,16,19,22,24|6|1.2172
136mASN: 02,03,14,20,23,28|6|5.867
217mGLU: 03,04,07,09,13,23|6|3.8285
136mSER: 02,03,14,20,23,28|6|4.6822
245mGLY: 03,14,17,21,26,28|6|2.0991
165mLYS: 04,10,11,13,17,21|6|1.3387
261mGLU: 05,15,16,19,22,24|6|3.6529
242mPRO: 04,10,13,17,21,26|6|2.7642
136mGLY: 02,03,14,20,23,28|6|5.8155
261mSER: 05,15,16,19,22,24|6|3.6962
164mMET: 06,10,11,17,21,26|6|2.9828
164mHIS: 06,10,11,17,21,26|6|4.205
261mTHR: 05,15,16,19,22,24|6|3.6017
158mSER: 10,12,15,18,21,26|6|2.2173
261mASN: 05,15,16,19,22,24|6|3.5995
136mHIS: 02,03,14,20,23,28|6|4.688
242mARG: 04,09,10,13,17,21|6|1.8209
167mGLY: 06,09,11,21,26,27|6|2.2751
261mHIS: 05,15,16,19,22,24|6|3.0345
167mVAL: 06,09,11,21,26,27|6|1.0983
248mSER: 10,12,14,18,20,21|6|3.1911
243mSER: 03,11,17,18,21,26|6|1.7261
261mLYS: 05,15,16,19,22,24|6|2.3472
242mTRP: 09,10,13,17,18,26|6|0.9663
250mGLU: 10,12,14,18,20,21|6|1.0769
191mGLY: 04,09,11,13,21,25|6|0.6735
245mTHR: 03,14,17,21,26,28|6|1.7073
242mTYR: 04,09,10,13,17,21|6|1.5521
440mGLU: 06,07,11,25,27|5|3.8149
167mASN: 06,09,11,21,26|5|0.8889
246mASP: 10,14,17,20,21|5|0.8178
440mLYS: 06,07,11,25,27|5|3.2211
440mTHR: 06,07,11,25,27|5|3.477
158mHIS: 10,12,15,21,26|5|1.5566
251mGLY: 10,12,17,18,21|5|3.4637
248mLEU: 10,12,14,20,21|5|3.2928
136mALA: 02,03,14,20,23|5|2.1953
158mLEU: 10,12,15,21,26|5|2.7621
438mTHR: 06,07,11,25,27|5|1.4552
180mLYS: 01,05,16,22,24|5|3.0433
245mGLU: 03,14,17,18,26|5|2.6749
229mGLY: 05,15,19,22,24|5|0.8046
190mSER: 04,09,11,13,25|5|0.9703
158mASN: 10,15,17,21,26|5|1.0176
245mSER: 03,14,17,21,26|5|1.1807
438mGLU: 06,07,11,25,27|5|2.0367
136mMET: 02,03,14,20,23|5|3.9068
217mALA: 07,09,13,23,25|5|2.1374
246mCYS: 03,12,14,20,21|5|2.2352
251mTHR: 10,12,17,18,21|5|3.4739
244mGLY: 03,09,13,21,28|5|0.98
245mCYS: 03,10,14,17,21|5|3.4978
248mVAL: 10,12,14,20,21|5|2.9664
218mALA: 03,04,09,13,25|5|3.3256
218mASN: 03,04,09,13,23|5|1.2375
190mGLU: 04,09,11,13,25|5|1.9354
218mHIS: 03,04,09,23,25|5|2.1892
218mSER: 03,04,09,13,23|5|2.5538
440mSER: 06,07,11,25,27|5|2.943
205mGLN: 02,12,15,20,24|5|2.449
165mTRP: 04,09,13,17,26|5|1.2262
243mALA: 03,04,11,18,26|5|2.3592
165mPHE: 04,09,13,17,26|5|1.1324
205mSER: 02,12,15,20,24|5|2.118
205mHIS: 02,12,15,20,24|5|1.8264
217mASN: 03,07,09,13,23|5|2.4797
219mGLU: 03,09,21,25,28|5|0.7619
167mLYS: 06,09,11,21,26|5|0.7464
245mALA: 03,14,17,21,26|5|2.0336
248mMET: 10,12,14,20,21|5|2.7599
146mTHR: 01,16,19,22,23|5|3.6225
265mGLU: 05,16,19,22,24|5|1.2581
180mGLY: 01,05,16,22,24|5|2.8109
136mARG: 02,03,14,20,23|5|0.7905
205mGLY: 02,12,15,20,24|5|2.927
218mGLY: 03,04,09,13,23|5|2.9345
134mHIS: 02,04,09,13,20|5|1.0513
219mALA: 03,04,13,21,25|5|0.8087
119mGLY: 01,02,16,19,20|5|0.9105
251mASP: 10,12,17,18,21|5|3.5585
251mHIS: 10,12,17,18,21|5|1.6905
440mALA: 06,07,11,25,27|5|3.1251
251mGLU: 10,12,17,18,21|5|3.7584
167mILE: 06,09,11,21,26|5|1.65
263mGLY: 05,16,19,22,24|5|0.6908
158mMET: 10,12,15,21,26|5|1.9539
167mPHE: 06,09,11,21,26|5|1.4994
131mTHR: 02,04,13,20,28|5|0.3041
251mSER: 10,12,17,18,21|5|2.6981
251mLYS: 10,12,17,18,21|5|1.8273
261mASP: 05,15,16,19,24|5|1.8595
440mGLY: 06,07,11,25,27|5|3.2711
167mGLN: 06,09,11,21,26|5|1.696
161mGLU: 15,17,18,21,27|5|1.1196
262mTHR: 01,05,16,19,24|5|1.5392
180mGLU: 01,05,16,22,24|5|2.8421
165mILE: 04,09,13,17,26|5|2.0771
146mGLN: 01,16,19,22,23|5|2.1551
438mALA: 06,07,11,25,27|5|1.0941
146mGLU: 01,16,19,22,23|5|5.1313
251mILE: 10,12,17,18,21|5|2.2923
205mALA: 02,12,15,20,24|5|3.7433
217mSER: 03,07,09,13,23|5|3.0933
205mMET: 02,12,15,20,24|5|2.3615
146mCYS: 01,16,19,22,23|5|3.8671
266mTHR: 01,16,19,22,24|5|0.4398
180mTHR: 01,05,16,22,24|5|3.3626
136mGLN: 02,03,14,20,23|5|2.7672
205mTHR: 02,12,15,20,24|5|2.8595
190mTHR: 04,09,11,13,25|5|1.0878
165mGLN: 04,09,13,17,26|5|2.515
251mGLN: 10,12,17,18,21|5|2.2164
136mILE: 02,03,14,20,23|5|1.4745
251mALA: 10,12,17,18,21|5|4.0821
159mSER: 12,15,17,18,26|5|1.9567
218mTHR: 03,04,09,13,23|5|3.2956
440mASP: 06,07,11,25,27|5|3.0167
159mGLY: 12,15,17,18,26|5|2.2465
134mGLY: 02,04,09,13,20|5|0.8968
266mGLY: 01,16,19,22,24|5|0.6279
168mASN: 04,06,10,13,25|5|0.961
146mASP: 01,16,19,22,23|5|3.8165
217mLYS: 07,09,13,23,25|5|1.9596
263mGLU: 05,15,19,22,24|5|0.7557
167mTRP: 06,09,11,21,26|5|1.3133
190mGLY: 04,09,11,13,25|5|1.1863
205mGLU: 02,12,15,20,24|5|3.7114
217mMET: 03,09,13,23|4|1.7815
206mALA: 02,12,14,20|4|2.842
293mCYS: 06,07,25,27|4|4.3519
219mASN: 03,09,21,25|4|1.3638
217mCYS: 04,13,23,25|4|1.9712
182mGLU: 01,05,16,19|4|1.7928
217mHIS: 03,09,13,23|4|2.829
168mHIS: 06,10,21,25|4|1.4724
293mPRO: 06,07,25,27|4|1.8444
240mASP: 04,11,17,21|4|0.6646
178mSER: 01,16,22,24|4|1.4038
249mILE: 11,17,18,21|4|0.7234
265mLYS: 05,16,19,24|4|0.808
293mGLY: 06,07,25,27|4|1.9394
178mLYS: 01,16,22,24|4|1.2925
265mTHR: 05,16,19,24|4|1.431
281mASP: 06,07,11,27|4|1.5231
237mASP: 12,14,18,20|4|1.1512
167mMET: 09,11,21,26|4|1.6013
262mGLU: 05,16,19,24|4|1.5143
290mGLU: 06,07,11,27|4|3.1083
137mGLU: 02,14,20,23|4|2.0042
262mHIS: 05,15,16,24|4|1.4081
190mASN: 04,09,11,25|4|0.7972
146mPHE: 01,16,19,22|4|1.179
119mSER: 02,16,19,20|4|0.7045
178mGLY: 01,16,22,24|4|1.7071
182mTHR: 01,05,16,19|4|1.7556
354mASN: 06,11,25,27|4|0.8793
245mASN: 03,14,17,28|4|1.1065
229mSER: 15,16,22,24|4|0.4624
251mASN: 10,17,18,21|4|1.6266
168mMET: 06,10,21,25|4|1.1255
249mMET: 11,17,18,21|4|1.6898
232mLEU: 05,12,15,24|4|0.9319
167mHIS: 09,11,21,26|4|1.3578
290mLEU: 06,07,11,27|4|2.4697
168mLEU: 06,10,25,27|4|0.2349
266mASP: 01,16,19,22|4|0.8191
127mALA: 02,03,20,28|4|1.421
217mGLY: 03,09,13,23|4|2.7926
290mGLY: 06,07,11,27|4|1.7394
178mLEU: 01,16,22,24|4|0.7523
251mLEU: 10,12,18,21|4|2.6949
218mGLN: 03,04,09,23|4|1.6153
146mGLY: 01,16,22,23|4|3.0213
178mHIS: 01,16,22,24|4|1.0422
232mASN: 05,12,15,24|4|1.5711
290mASN: 06,07,11,27|4|1.76
244mASP: 03,04,18,28|4|1.3805
290mTHR: 06,07,11,27|4|2.6616
267mGLU: 01,16,22,23|4|1.448
290mPRO: 06,07,11,27|4|2.244
440mMET: 06,07,25,27|4|1.9643
228mGLY: 01,05,16,24|4|0.3676
265mASN: 05,16,19,24|4|1.3206
440mASN: 06,11,25,27|4|3.4427
243mPRO: 03,04,18,26|4|0.3217
290mALA: 06,07,11,27|4|2.1512
219mTHR: 03,09,21,25|4|1.6141
165mCYS: 09,17,21,26|4|3.3839
281mLEU: 06,07,11,27|4|1.3019
206mTRP: 02,12,14,20|4|1.6552
293mGLU: 06,07,25,27|4|2.779
244mTHR: 03,13,21,28|4|1.1532
281mTHR: 07,11,25,27|4|1.4105
354mGLY: 06,11,25,27|4|0.4445
135mTHR: 02,14,20,28|4|0.5147
290mMET: 06,07,11,27|4|1.7708
243mCYS: 04,11,18,26|4|4.047
167mPRO: 06,09,11,21|4|1.3189
249mASN: 11,17,18,21|4|1.3825
293mMET: 06,07,25,27|4|1.1311
264mGLU: 01,05,15,19|4|0.8513
251mMET: 10,12,18,21|4|1.4152
293mASP: 06,07,25,27|4|2.9076
249mSER: 11,17,18,21|4|1.3256
249mTHR: 11,17,18,21|4|1.6908
178mGLU: 01,16,22,24|4|1.3209
147mGLY: 01,16,22,24|4|1.1525
178mASP: 01,16,22,24|4|1.2999
237mTHR: 12,14,18,20|4|0.7069
248mTRP: 12,14,20,21|4|2.0574
134mALA: 04,09,20,28|4|0.2713
237mGLU: 12,14,18,20|4|1.3826
229mTHR: 01,05,16,24|4|1.1265
206mILE: 02,12,14,20|4|1.9585
206mGLY: 02,12,14,20|4|2.5721
297mALA: 06,07,25,27|4|1.1332
281mALA: 06,07,11,27|4|1.7608
290mASP: 06,07,11,27|4|2.3975
281mILE: 06,07,11,27|4|1.1412
206mHIS: 02,12,14,20|4|1.6699
206mVAL: 02,12,14,20|4|1.6943
159mMET: 12,15,17,26|4|0.7306
232mGLU: 05,12,15,24|4|2.3119
165mPRO: 09,17,21,26|4|0.5378
178mMET: 01,16,22,24|4|1.1412
137mGLY: 02,14,20,23|4|2.1136
438mSER: 06,07,11,27|4|1.2513
178mTHR: 01,16,22,24|4|1.4129
251mPRO: 10,12,17,21|4|1.2859
136mTRP: 02,03,14,20|4|2.2168
190mALA: 04,09,11,13|4|0.8476
205mVAL: 02,15,20,24|4|2.3009
354mTHR: 06,11,25,27|4|0.3932
293mTHR: 06,07,25,27|4|2.4805
261mLEU: 05,16,19,22|4|1.507
244mGLU: 03,13,21,28|4|1.7699
160mTHR: 10,12,17,18|4|0.467
146mILE: 01,16,19,22|4|1.8716
205mILE: 02,15,20,24|4|2.7172
290mILE: 06,07,11,27|4|2.3824
127mHIS: 02,14,18,28|4|1.2375
248mILE: 12,14,20,21|4|2.5303
290mTRP: 06,07,11,27|4|2.0922
167mCYS: 06,09,11,27|4|3.3874
146mLEU: 01,16,19,22|4|2.6622
218mMET: 03,04,09,23|4|2.0234
249mALA: 11,17,18,21|4|1.3216
119mMET: 02,16,19,20|4|0.9521
293mALA: 06,07,25,27|4|2.8383
127mMET: 02,14,18,28|4|0.8515
245mMET: 03,14,21,26|4|1.1775
219mLYS: 03,09,21,25|4|1.1521
158mCYS: 10,12,18,21|4|3.8097
206mLEU: 02,12,14,20|4|2.5488
261mTRP: 05,16,19,24|4|1.3577
205mASN: 02,15,20,24|4|0.9831
281mGLU: 06,07,11,27|4|2.044
249mASP: 11,17,18,21|4|1.6446
290mGLN: 06,07,11,27|4|2.2501
206mGLN: 02,12,14,20|4|2.3048
181mGLY: 01,05,16,24|4|0.766
232mALA: 05,12,15,24|4|1.1824
144mGLY: 01,16,19,23|4|0.4531
438mVAL: 06,07,25,27|4|0.4315
262mGLY: 05,15,16,24|4|1.615
126mTHR: 02,14,20,28|4|0.6876
290mPHE: 06,07,11,27|4|2.5887
178mGLN: 01,16,22,24|4|0.6679
245mGLN: 03,14,17,26|4|1.3244
245mHIS: 03,14,21,26|4|0.934
281mCYS: 06,07,11,27|4|2.594
249mGLY: 11,17,18,21|4|1.5667
244mALA: 03,13,21,28|4|0.6431
159mHIS: 12,15,17,26|4|0.7859
164mLYS: 10,11,21,27|4|4.1932
262mMET: 05,15,16,24|4|1.0907
293mSER: 06,07,25,27|4|1.2531
261mGLN: 05,16,19,24|4|1.7084
178mALA: 01,16,22,24|4|1.6029
205mTRP: 02,15,20,24|4|1.7677
251mTRP: 10,12,17,21|4|1.2695
440mVAL: 06,11,25,27|4|1.3584
146mALA: 01,16,22,23|4|3.3461
178mILE: 01,16,22,24|4|0.69
219mGLY: 03,09,21,25|4|1.1579
262mSER: 05,15,16,24|4|1.3738
206mGLU: 02,12,14,20|4|3.007
146mVAL: 01,16,19,22|4|2.204
182mGLY: 01,05,16,19|4|1.5566
438mLYS: 06,07,11,27|4|0.8686
290mVAL: 06,07,11,27|4|2.3441
243mLYS: 03,17,18,26|4|0.6803
232mGLY: 05,12,15,24|4|1.6637
206mSER: 02,12,14,20|4|1.8747
137mTHR: 02,14,20,23|4|2.6983
248mCYS: 12,14,20,21|4|3.3257
440mHIS: 06,07,25,27|4|1.9545
206mTHR: 02,12,14,20|4|2.6255
248mPRO: 12,14,20,21|4|1.5395
248mPHE: 12,14,20,21|4|2.4235
250mTHR: 10,14,20,21|4|0.1831
217mLEU: 03,04,09,23|4|0.6547
261mILE: 05,16,19,24|4|1.2084
293mILE: 06,07,25,27|4|2.0475
206mASN: 02,12,14,20|4|1.1448
205mLEU: 02,15,20,24|4|3.201
232mTHR: 05,12,15,24|4|2.0797
232mMET: 05,12,15,24|4|1.4172
119mHIS: 02,16,19,20|4|1.4166
440mGLN: 07,11,25,27|4|1.0071
251mCYS: 10,12,18,21|4|4.4712
190mASP: 04,09,11,13|4|1.716
290mHIS: 06,07,11,27|4|1.0008
232mSER: 05,12,15,24|4|1.2669
290mSER: 06,07,11,27|4|1.4326
290mCYS: 06,07,11,27|4|3.3714
160mASN: 10,17,18,26|4|0.489
265mGLY: 05,16,19,24|4|1.1062
180mASN: 01,05,22,24|4|2.1749
290mTYR: 06,07,11,27|4|0.7723
206mMET: 02,12,14,20|4|2.0342
441mGLU: 06,07,25,27|4|0.8215
182mASN: 01,05,16,19|4|1.1684
127mASP: 02,03,20,28|4|1.8326
360mTHR: 06,10,11,27|4|0.6139
249mGLU: 11,17,18,21|4|1.7434
359mGLY: 06,10,11,17|4|0.2082
131mSER: 02,04,13|3|0.2917
219mLEU: 03,21,25|3|0.6475
139mLEU: 03,23,28|3|0.8978
123mLYS: 02,14,20|3|1.5417
249mARG: 11,17,18|3|0.333
197mASN: 14,20,28|3|1.3932
203mGLU: 12,15,24|3|1.0486
259mGLY: 05,15,24|3|2.1596
354mLYS: 06,11,27|3|0.6423
178mVAL: 01,22,24|3|0.5935
134mMET: 04,09,20|3|0.8319
182mLEU: 05,16,19|3|1.0832
131mASN: 02,04,13|3|0.2264
136mVAL: 14,20,23|3|1.4632
164mARG: 10,11,21|3|0.8162
293mHIS: 06,25,27|3|0.3681
284mSER: 06,11,15|3|1.1888
293mGLN: 06,25,27|3|1.6508
264mSER: 01,15,19|3|0.3416
259mASN: 05,15,24|3|2.2465
121mGLU: 01,02,19|3|0.6649
193mGLU: 09,13,28|3|1.8404
132mASN: 02,20,28|3|0.825
362mGLY: 06,11,27|3|1.5531
139mTHR: 03,23,28|3|0.9093
244mLYS: 04,21,28|3|0.4536
137mASN: 02,14,20|3|2.385
262mLEU: 05,16,24|3|0.8815
194mASP: 04,11,21|3|1.6964
128mASP: 02,14,20|3|0.68
259mALA: 05,15,24|3|1.8618
293mLEU: 06,25,27|3|2.1632
241mALA: 03,04,21|3|0.6797
362mTYR: 06,11,27|3|0.4334
197mLEU: 14,20,28|3|1.8364
241mASP: 03,04,21|3|1.2177
264mTHR: 05,15,19|3|0.9309
259mSER: 05,15,24|3|2.3424
219mHIS: 03,21,25|3|1.4148
197mHIS: 14,20,28|3|1.515
147mTHR: 01,16,22|3|1.3915
249mVAL: 11,18,21|3|0.8357
440mLEU: 07,11,27|3|0.7863
137mSER: 02,14,20|3|1.4323
218mVAL: 03,04,23|3|1.2755
137mHIS: 02,14,20|3|1.8276
237mALA: 12,18,20|3|0.4448
139mGLU: 03,23,28|3|0.9542
456mASN: 15,17,29|3|0.6251
356mGLY: 06,15,27|3|1.3721
265mALA: 05,16,24|3|0.3214
219mILE: 03,21,25|3|0.4654
249mHIS: 11,18,21|3|1.5427
182mTRP: 05,16,19|3|0.905
131mHIS: 02,04,13|3|0.7776
204mGLU: 02,12,15|3|1.3856
284mALA: 06,11,15|3|2.02
297mASN: 06,07,27|3|0.3576
164mTRP: 10,17,26|3|0.9411
249mLYS: 11,17,18|3|0.8873
261mARG: 05,19,24|3|0.2906
193mSER: 09,13,28|3|0.6768
219mTRP: 03,21,25|3|0.3639
147mHIS: 16,22,24|3|0.5169
439mGLU: 07,25,27|3|1.8068
284mPRO: 06,11,15|3|1.5252
169mGLU: 04,09,11|3|1.0536
358mGLY: 06,10,27|3|0.1215
358mSER: 06,10,27|3|0.0323
241mGLY: 03,04,21|3|1.1435
217mTRP: 03,09,23|3|0.6078
232mHIS: 12,15,24|3|1.1598
268mALA: 01,22,23|3|1.9463
248mTYR: 14,20,21|3|0.4994
164mTYR: 10,11,21|3|1.3284
240mLEU: 11,17,26|3|0.4798
228mASP: 05,16,24|3|0.9025
362mALA: 06,11,27|3|0.9393
438mASP: 06,07,25|3|0.794
297mSER: 06,07,27|3|0.7805
245mPRO: 03,14,17|3|1.2636
158mGLN: 10,15,21|3|1.9595
191mHIS: 04,21,25|3|0.6205
232mILE: 05,12,24|3|0.8844
438mASN: 06,11,27|3|1.3066
139mGLN: 03,23,28|3|0.7836
281mVAL: 06,07,11|3|1.1615
267mLEU: 16,22,23|3|1.1277
267mTHR: 16,22,23|3|1.1707
182mALA: 05,16,19|3|1.0376
130mILE: 03,13,28|3|0.285
134mLEU: 04,09,20|3|0.2475
240mALA: 04,11,17|3|0.5921
134mILE: 04,09,20|3|0.0045
233mCYS: 12,15,24|3|0.7016
297mGLU: 06,07,27|3|1.4386
362mCYS: 06,11,27|3|0.4872
251mPHE: 10,18,21|3|0.976
240mCYS: 11,17,26|3|1.3506
262mALA: 05,16,24|3|0.9853
249mPHE: 11,18,21|3|0.8502
362mASN: 06,11,27|3|1.6194
132mLYS: 02,20,28|3|0.8411
147mSER: 16,22,24|3|0.917
239mGLU: 12,14,20|3|1.4384
232mGLN: 05,12,24|3|1.0594
293mASN: 06,07,27|3|1.3549
268mCYS: 01,22,23|3|2.3846
130mLEU: 03,13,28|3|0.5012
250mGLY: 10,12,18|3|0.1345
360mASN: 10,11,27|3|0.2445
284mILE: 06,11,15|3|2.1253
266mASN: 16,19,24|3|0.7202
169mMET: 09,13,21|3|0.466
267mILE: 16,22,23|3|0.7598
130mGLY: 03,13,28|3|1.0101
284mTRP: 06,11,15|3|1.5611
442mSER: 06,07,27|3|0.2821
249mPRO: 11,17,21|3|0.8465
219mGLN: 03,21,25|3|0.7369
193mGLY: 09,13,28|3|1.2046
362mGLU: 06,11,27|3|1.9132
182mVAL: 05,16,19|3|1.1275
197mMET: 14,20,28|3|1.6508
217mGLN: 03,09,23|3|1.1514
440mPHE: 07,11,27|3|0.5272
123mTHR: 02,14,20|3|2.0063
139mVAL: 03,23,28|3|0.4242
244mMET: 09,13,21|3|0.468
130mALA: 03,13,28|3|1.3791
281mPHE: 06,07,11|3|0.681
442mGLU: 06,07,27|3|0.424
131mMET: 02,04,13|3|0.6167
264mLYS: 05,15,19|3|0.6697
139mHIS: 03,23,28|3|0.7923
130mSER: 03,13,28|3|0.8248
243mLEU: 03,11,18|3|0.5916
179mASN: 01,05,22|3|0.1783
245mVAL: 03,14,17|3|1.0281
126mGLY: 14,18,20|3|0.631
441mGLY: 06,07,25|3|0.4928
123mASN: 02,14,20|3|1.4803
355mGLY: 06,11,25|3|0.2083
232mVAL: 05,12,24|3|0.9666
181mGLU: 01,16,24|3|1.8823
239mLEU: 12,14,20|3|1.0199
144mCYS: 01,19,23|3|1.4135
158mASP: 10,12,21|3|2.7379
354mASP: 06,11,27|3|0.819
163mGLU: 11,18,21|3|1.1369
266mSER: 01,22,24|3|0.4097
239mGLN: 12,14,20|3|0.7621
362mLYS: 06,11,27|3|2.0221
439mTHR: 07,25,27|3|1.2759
134mGLN: 04,09,20|3|0.4077
218mILE: 03,04,13|3|1.2179
356mASP: 06,15,27|3|2.0992
263mHIS: 16,19,22|3|0.3627
233mTHR: 12,15,24|3|1.2437
356mALA: 06,15,27|3|2.1463
239mGLY: 12,14,20|3|0.495
266mGLU: 01,22,24|3|0.6853
219mVAL: 03,21,25|3|0.8498
132mTHR: 02,20,28|3|0.624
359mTHR: 06,11,27|3|0.4069
441mTHR: 06,25,27|3|0.5855
261mPHE: 05,16,19|3|0.4714
169mASN: 04,09,11|3|0.1422
144mALA: 01,19,23|3|1.2903
191mASP: 09,11,13|3|1.0014
284mHIS: 06,11,15|3|1.0768
284mGLN: 06,11,15|3|1.7683
178mTYR: 01,16,22|3|0.506
194mGLU: 04,11,21|3|1.9366
261mCYS: 05,15,24|3|0.8453
197mVAL: 14,20,28|3|1.9734
193mTHR: 09,13,28|3|1.8311
293mTRP: 06,25,27|3|1.3205
229mHIS: 15,22,24|3|0.6222
217mILE: 07,13,23|3|0.2867
297mGLY: 06,07,27|3|1.0136
284mGLY: 06,11,15|3|1.7717
229mMET: 15,22,24|3|0.387
356mILE: 06,15,27|3|0.6363
194mPRO: 04,11,21|3|0.8633
191mMET: 04,21,25|3|0.3265
229mGLU: 05,16,24|3|1.5827
158mVAL: 10,15,21|3|1.8796
244mHIS: 09,13,21|3|0.5526
139mGLY: 03,23,28|3|1.0213
356mGLU: 06,15,27|3|1.4716
241mLYS: 03,04,21|3|1.4944
249mTRP: 11,18,21|3|0.9707
438mCYS: 06,07,25|3|2.0216
250mPHE: 14,20,21|3|0.2384
440mILE: 11,25,27|3|1.2019
181mTHR: 01,16,24|3|1.6529
441mSER: 06,07,25|3|0.3902
239mVAL: 12,14,20|3|0.581
197mGLU: 14,20,28|3|2.7564
219mSER: 03,21,25|3|1.0851
134mVAL: 04,09,20|3|0.2112
180mALA: 05,16,22|3|2.5679
139mILE: 03,23,28|3|0.6185
230mGLU: 05,15,16|3|0.5539
233mGLU: 12,15,24|3|0.9798
130mASP: 03,13,28|3|1.1081
158mTRP: 10,15,21|3|1.3006
356mTHR: 06,15,27|3|1.3206
178mTRP: 01,16,24|3|0.4651
161mASP: 15,21,27|3|0.6099
355mMET: 06,11,25|3|0.3657
267mALA: 16,22,23|3|1.792
281mASN: 07,11,25|3|0.556
169mGLY: 09,11,13|3|0.3565
362mSER: 06,11,27|3|1.1008
362mHIS: 06,25,27|3|0.7995
127mLYS: 02,20,28|3|2.5435
358mMET: 06,10,27|3|0.1614
194mVAL: 04,11,21|3|0.7044
440mCYS: 06,11,25|3|2.2582
139mALA: 03,23,28|3|0.955
251mVAL: 10,18,21|3|1.2786
244mSER: 09,13,21|3|0.6087
265mSER: 05,16,24|3|0.728
132mASP: 02,20,28|3|0.6089
182mGLN: 05,16,19|3|1.2812
179mGLY: 05,16,22|3|0.3575
268mGLY: 01,22,23|3|0.9141
356mCYS: 06,15,27|3|2.4175
197mTRP: 14,20,28|3|1.4224
284mTHR: 06,11,15|3|1.9491
197mSER: 14,20,28|3|1.8166
297mTHR: 06,07,27|3|1.0731
168mGLN: 06,10,25|3|0.3285
233mASP: 12,15,24|3|0.463
241mASN: 03,04,21|3|1.6793
119mTHR: 01,16,19|3|0.4902
205mASP: 02,12,24|3|3.705
131mGLY: 02,04,13|3|0.4655
267mGLY: 16,22,23|3|1.5273
162mGLU: 10,26,27|3|1.7926
293mLYS: 06,07,25|3|0.8092
259mTHR: 05,15,24|3|2.7842
182mMET: 05,16,19|3|1.38
284mASN: 06,11,15|3|1.0859
264mASN: 05,15,19|3|0.8599
241mTHR: 03,04,21|3|1.4365
301mALA: 06,07,25|3|0.3946
146mSER: 01,16,22|3|2.565
230mTHR: 05,15,16|3|0.6987
268mASP: 01,22,23|3|1.5147
438mGLY: 06,07,27|3|1.2065
241mSER: 03,04,21|3|0.6793
197mTHR: 14,20,28|3|2.2506
239mTHR: 12,14,20|3|0.9869
178mASN: 01,22,24|3|1.2638
359mLYS: 06,17,27|3|0.6153
246mGLY: 10,21,28|3|0.2947
179mSER: 05,16,22|3|0.1833
354mALA: 06,11,27|3|0.2946
193mALA: 09,13,28|3|0.834
266mALA: 01,22,24|3|0.7079
168mTRP: 06,10,25|3|0.2115
232mTRP: 05,12,24|3|0.8563
162mTHR: 10,26,27|3|1.4889
259mGLU: 05,15,24|3|3.2062
164mPRO: 10,11,21|3|1.0954
194mGLY: 04,11,21|3|2.126
241mGLU: 03,04,21|3|0.9466
251mARG: 10,12,17|3|0.2583
246mASN: 10,18,28|3|0.343
239mALA: 12,14,20|3|1.1545
162mASN: 10,26,27|3|1.3158
284mGLU: 06,11,15|3|2.4512
239mASP: 12,14,20|3|1.4438
218mTRP: 03,04,09|3|0.8066
284mMET: 06,11,15|3|1.7733
128mGLY: 14,18,20|3|0.4224
439mLYS: 07,25,27|3|0.7052
144mASP: 01,19,23|3|1.6788
233mPRO: 12,15,24|3|0.5259
134mSER: 04,09,20|3|0.636
146mMET: 01,16,22|3|1.5618
250mCYS: 14,20,21|3|1.368
136mTYR: 14,20,23|3|0.7611
130mLYS: 03,13,28|3|0.3749
284mVAL: 06,11,15|3|2.1122
356mSER: 06,15,27|3|0.9666
128mSER: 03,14,18|3|0.1847
193mASP: 09,13,28|3|0.7399
139mTRP: 03,23,28|3|0.5689
139mASN: 03,23,28|3|0.4251
197mGLN: 14,20,28|3|2.0188
439mALA: 07,25,27|3|1.384
136mLEU: 14,20,23|3|1.3997
137mGLN: 02,14,20|3|0.9307
219mMET: 03,21,25|3|1.1426
161mGLY: 17,21,26|3|0.0482
362mTHR: 06,11,27|3|2.2696
139mMET: 03,23,28|3|0.8817
284mASP: 06,11,15|3|1.8737
259mASP: 05,15,24|3|2.1783
194mALA: 04,11,21|3|1.4233
267mCYS: 01,22,23|3|2.0034
203mTHR: 12,15,24|3|0.7781
182mILE: 05,16,19|3|0.7275
139mSER: 03,23,28|3|0.6952
147mGLU: 01,16,22|3|1.9551
356mGLN: 06,15,27|3|0.4813
146mTRP: 01,16,22|3|0.9038
158mILE: 10,15,21|3|1.8735
249mLEU: 11,18,21|3|1.1077
134mTRP: 04,09,20|3|0.2907
218mASP: 04,09,13|3|3.3524
267mASP: 16,22,23|3|1.5546
182mHIS: 05,16,19|3|1.4297
284mPHE: 06,11,15|3|2.0902
438mMET: 06,07,27|3|0.6591
246mTHR: 10,18,28|3|0.2659
439mGLY: 07,25,27|3|0.4598
244mCYS: 03,04,21|3|0.6888
197mILE: 14,20,28|3|1.449
147mASP: 01,19,22|3|0.9488
144mTHR: 01,19,23|3|1.0885
197mGLY: 14,20,28|3|2.0198
239mILE: 12,14,20|3|0.7192
160mGLU: 12,17,18|3|0.5874
259mLYS: 05,15,24|3|1.5009
239mCYS: 12,14,20|3|2.1183
180mSER: 05,22,24|3|1.6899
147mALA: 01,16,22|3|1.1392
135mGLU: 02,14,28|3|0.4733
132mGLY: 02,20,28|3|0.25
182mSER: 05,16,19|3|1.3323
281mGLY: 06,07,27|3|1.2354
240mGLU: 11,17,26|3|0.4865
161mLYS: 10,21,27|3|0.4264
128mTHR: 14,18,20|3|0.1558
218mLEU: 03,04,09|3|1.8399
262mLYS: 01,05,16|3|0.466
267mGLN: 16,22,23|3|0.9795
216mGLU: 03,09,28|3|0.4924
218mCYS: 04,13,25|3|3.9428
144mGLU: 01,19,23|3|1.8356
284mLEU: 06,11,15|3|2.3222
243mGLN: 03,21,26|3|0.5283
362mASP: 06,11,27|3|1.0106
162mGLY: 10,26,27|3|0.6862
284mCYS: 06,11,15|3|3.3482
250mLEU: 14,20,21|3|0.212
245mLEU: 03,14,21|3|1.5481
249mGLN: 11,18,21|3|1.1631
194mLEU: 04,11,21|3|0.686
163mTHR: 11,18,21|3|0.4237
197mALA: 14,20,28|3|1.9696
168mVAL: 06,10,25|3|0.132
247mCYS: 17,18|2|0.2754
205mPHE: 02,24|2|2.0822
299mCYS: 07,25|2|1.3694
130mGLN: 03,13|2|0.4607
364mGLU: 06,27|2|0.4592
263mASN: 15,19|2|0.8192
233mGLY: 12,15|2|0.3459
196mGLN: 14,20|2|1.0267
219mCYS: 13,25|2|0.1428
303mGLY: 07,23|2|0.9154
301mASP: 07,25|2|0.4108
345mTRP: 00,29|2|0.3151
307mTHR: 07,25|2|0.7501
216mASN: 09,23|2|0.1307
345mGLY: 00,29|2|1.3312
169mCYS: 09,11|2|1.1937
130mGLU: 03,13|2|0.6951
258mGLY: 05,15|2|1.0086
205mPRO: 02,24|2|1.7206
267mHIS: 16,22|2|1.243
126mMET: 18,20|2|0.387
283mHIS: 08,15|2|1.3633
220mALA: 13,25|2|0.4693
220mTHR: 13,25|2|0.7381
194mTHR: 04,21|2|2.1482
158mPRO: 10,21|2|1.2328
273mTRP: 05,15|2|1.35
341mTHR: 00,29|2|1.9216
258mTHR: 05,15|2|0.7566
299mTHR: 07,25|2|1.3405
162mASP: 10,27|2|0.4962
283mLEU: 08,15|2|2.4232
360mHIS: 10,11|2|0.3926
196mLEU: 14,20|2|0.9889
283mGLY: 08,15|2|1.9809
196mHIS: 14,20|2|0.5746
301mGLY: 06,07|2|0.776
441mHIS: 06,07|2|0.8093
123mGLN: 14,20|2|0.8219
359mALA: 06,17|2|0.4326
220mMET: 13,25|2|0.6939
303mLYS: 07,23|2|0.6996
217mPHE: 04,07|2|0.0912
121mSER: 01,20|2|0.1216
341mHIS: 00,29|2|1.4181
273mALA: 05,15|2|1.4566
267mVAL: 16,22|2|0.6108
243mVAL: 04,11|2|0.12
301mTHR: 06,07|2|0.3375
123mGLU: 14,20|2|1.7356
128mHIS: 02,18|2|0.3682
137mLYS: 02,20|2|1.6296
180mTRP: 05,24|2|0.2015
220mPHE: 13,25|2|0.5542
196mGLU: 14,20|2|1.3916
300mGLU: 07,25|2|0.5367
220mILE: 13,25|2|0.5312
304mHIS: 07,23|2|0.6558
147mLEU: 16,22|2|0.4517
121mASN: 01,20|2|0.1484
163mALA: 11,21|2|0.1772
193mASN: 09,13|2|0.8909
439mVAL: 25,27|2|0.3095
230mHIS: 19,24|2|0.1026
264mGLY: 05,19|2|0.573
163mASP: 11,21|2|1.0291
137mMET: 14,20|2|0.5991
311mGLY: 07,25|2|1.223
161mSER: 15,17|2|0.0946
130mCYS: 03,28|2|1.1255
196mVAL: 14,20|2|1.0695
216mHIS: 09,23|2|0.4025
193mCYS: 13,28|2|0.5148
364mLYS: 06,27|2|0.439
456mSER: 15,29|2|0.9238
181mLYS: 01,24|2|0.6798
128mALA: 14,20|2|0.5573
157mSER: 18,21|2|0.6237
144mLEU: 01,19|2|0.5583
297mTRP: 06,27|2|0.472
233mGLN: 12,24|2|0.2396
441mMET: 06,07|2|0.58
243mPHE: 03,11|2|0.1692
244mLEU: 13,21|2|0.4905
231mSER: 15,24|2|0.2723
136mPHE: 14,20|2|0.6225
136mCYS: 23,28|2|0.4235
159mVAL: 15,18|2|0.2256
168mCYS: 09,11|2|1.6176
206mASP: 02,12|2|2.8762
163mCYS: 18,21|2|0.9397
196mGLY: 14,20|2|0.9229
165mARG: 04,13|2|0.0336
220mVAL: 13,25|2|0.6007
135mSER: 03,14|2|0.2249
456mVAL: 15,29|2|0.2371
266mMET: 01,24|2|0.5233
307mGLY: 07,25|2|0.7811
299mALA: 07,25|2|1.4639
194mCYS: 04,21|2|0.7927
157mVAL: 18,21|2|0.0599
220mSER: 13,25|2|0.3935
303mASN: 07,23|2|0.5757
360mMET: 10,11|2|0.275
356mARG: 15,27|2|0.5446
439mSER: 07,27|2|0.8343
442mHIS: 06,07|2|0.3241
123mTRP: 14,20|2|0.3412
304mASN: 07,23|2|0.5597
191mGLU: 09,11|2|0.6369
379mSER: 08,29|2|0.7576
203mASP: 12,24|2|1.3821
263mTHR: 05,19|2|1.0277
239mPRO: 12,20|2|0.5481
163mGLY: 11,21|2|0.203
273mGLY: 05,15|2|1.4986
131mLYS: 20,28|2|0.1324
245mPHE: 03,14|2|1.2278
241mPRO: 03,21|2|0.8277
228mCYS: 05,16|2|0.7842
199mCYS: 02,12|2|0.43
273mPHE: 05,15|2|1.5168
379mASN: 08,29|2|0.8248
442mALA: 07,27|2|0.1687
178mPRO: 01,16|2|0.6344
229mALA: 16,24|2|0.5697
146mLYS: 16,22|2|1.148
297mILE: 06,27|2|0.617
178mARG: 01,16|2|0.6717
190mLYS: 09,11|2|0.9139
311mSER: 07,25|2|0.8028
299mGLY: 07,25|2|1.2824
307mMET: 07,25|2|0.6044
273mLYS: 05,15|2|0.341
158mTYR: 10,21|2|0.2468
197mCYS: 14,20|2|1.4183
194mTRP: 04,21|2|0.7678
362mLEU: 06,27|2|0.031
197mPHE: 14,20|2|0.9872
241mARG: 03,21|2|0.4521
119mLEU: 16,19|2|0.4083
273mMET: 05,15|2|1.3028
341mGLN: 00,29|2|1.6908
356mMET: 15,27|2|0.7322
362mGLN: 06,27|2|0.4452
130mVAL: 03,13|2|0.2006
297mMET: 06,27|2|0.6044
441mALA: 06,25|2|0.1271
246mALA: 10,21|2|0.5088
160mSER: 12,18|2|0.1503
358mHIS: 10,27|2|0.2702
194mHIS: 04,21|2|1.2076
160mLYS: 10,18|2|0.2463
267mTRP: 16,22|2|0.5635
196mALA: 14,20|2|1.1116
341mGLY: 00,29|2|1.53
196mMET: 14,20|2|0.7013
193mLYS: 09,13|2|1.3522
299mASP: 07,25|2|0.9452
281mGLN: 07,27|2|0.817
119mGLN: 16,19|2|0.3385
241mTRP: 03,21|2|0.3019
241mCYS: 03,21|2|0.5513
126mHIS: 18,20|2|0.6222
259mCYS: 05,15|2|1.0915
315mTHR: 07,08|2|0.0429
146mASN: 16,22|2|1.9724
144mGLN: 01,19|2|0.5215
123mGLY: 14,20|2|1.6307
246mHIS: 17,28|2|0.3682
239mTRP: 12,20|2|0.3977
246mLYS: 10,18|2|0.234
196mSER: 14,20|2|0.8495
120mHIS: 01,20|2|0.4053
301mSER: 06,07|2|0.5736
311mLEU: 07,25|2|1.655
232mCYS: 05,24|2|1.2
128mLYS: 14,20|2|0.366
360mGLY: 10,11|2|0.2008
169mASP: 09,11|2|1.0945
300mGLY: 07,25|2|0.3643
190mMET: 09,25|2|0.287
273mILE: 05,15|2|1.522
283mMET: 08,15|2|1.9628
123mILE: 14,20|2|0.6159
194mILE: 04,21|2|0.9516
273mPRO: 05,15|2|0.938
440mTRP: 11,27|2|0.5386
206mPHE: 02,12|2|1.4574
456mGLU: 15,29|2|1.1705
264mASP: 01,19|2|0.3739
220mGLN: 13,25|2|0.6617
196mASN: 14,20|2|0.6488
229mLYS: 05,24|2|0.5288
307mALA: 07,25|2|0.9286
162mILE: 10,27|2|0.4677
228mALA: 16,24|2|0.6317
162mSER: 26,27|2|1.031
246mMET: 17,28|2|0.1977
237mILE: 14,18|2|0.1251
307mVAL: 07,25|2|0.3538
283mVAL: 08,15|2|2.3515
196mTHR: 14,20|2|1.1193
345mVAL: 00,29|2|0.2889
341mALA: 00,29|2|1.7039
258mALA: 05,15|2|0.8836
303mGLU: 07,23|2|0.4572
241mGLN: 03,21|2|0.2973
364mTHR: 06,27|2|0.7193
120mGLY: 01,20|2|0.1176
341mASP: 00,29|2|2.1792
140mTHR: 23,28|2|0.2434
123mMET: 14,20|2|1.0025
204mTHR: 02,15|2|0.8122
345mGLU: 00,29|2|1.1608
220mTRP: 13,25|2|0.5722
197mASP: 14,20|2|2.3847
228mTRP: 05,16|2|0.365
119mARG: 16,19|2|0.0699
126mSER: 18,20|2|0.3703
194mARG: 04,21|2|0.7702
257mGLU: 05,15|2|0.7258
438mHIS: 06,27|2|0.5584
273mTHR: 05,15|2|2.199
379mTHR: 08,29|2|1.0494
137mASP: 20,28|2|0.6662
250mALA: 10,12|2|0.1902
137mTRP: 14,20|2|0.6325
301mLEU: 06,07|2|0.2278
297mHIS: 06,27|2|0.4562
307mASN: 07,25|2|0.2241
220mGLU: 13,25|2|0.8142
157mGLY: 18,21|2|0.9735
228mASN: 05,16|2|0.4964
303mTHR: 07,23|2|0.3662
194mGLN: 04,21|2|1.0147
245mTRP: 03,14|2|1.0025
304mSER: 07,23|2|0.3567
297mVAL: 06,27|2|0.3538
178mCYS: 01,16|2|1.3205
157mGLU: 18,21|2|1.3364
159mGLN: 15,18|2|0.1956
144mVAL: 01,19|2|0.5688
135mGLY: 03,14|2|0.2947
379mILE: 08,29|2|0.6848
123mTYR: 14,20|2|0.6624
119mASP: 16,19|2|0.7616
248mARG: 14,20|2|0.0194
307mSER: 07,25|2|0.4832
456mGLN: 15,29|2|0.4502
379mLEU: 08,29|2|0.9175
180mMET: 05,24|2|0.4971
206mPRO: 02,12|2|1.3565
456mHIS: 15,29|2|0.93
240mLYS: 04,21|2|0.1474
120mSER: 01,20|2|0.033
157mGLN: 18,21|2|0.5265
190mCYS: 09,11|2|0.8515
456mMET: 15,29|2|0.5366
216mGLY: 03,23|2|0.1263
303mASP: 07,23|2|0.5337
203mALA: 12,24|2|0.7325
232mASP: 05,24|2|1.2381
147mCYS: 01,22|2|0.6839
283mTRP: 08,15|2|1.966
379mGLY: 08,29|2|0.9659
304mTHR: 07,23|2|0.4727
126mALA: 02,20|2|1.0117
261mPRO: 05,24|2|0.2194
307mILE: 07,25|2|0.617
228mGLU: 05,16|2|0.774
193mTYR: 09,13|2|0.2192
299mGLU: 07,25|2|1.5104
146mHIS: 16,22|2|1.6027
127mTYR: 20,28|2|0.145
157mASN: 18,21|2|0.5569
259mHIS: 15,24|2|1.2688
157mMET: 18,21|2|0.1989
135mHIS: 03,14|2|0.4544
379mGLN: 08,29|2|0.9497
232mPHE: 05,24|2|0.5475
283mASN: 08,15|2|1.5422
267mASN: 16,22|2|0.7102
220mASP: 13,25|2|0.5029
281mHIS: 07,27|2|0.5484
216mASP: 13,28|2|0.5114
128mASN: 18,20|2|0.3339
196mASP: 14,20|2|1.3678
231mGLY: 15,24|2|0.3532
273mCYS: 05,15|2|1.5832
216mALA: 13,28|2|0.3119
267mMET: 16,22|2|0.9275
230mMET: 16,19|2|0.1203
162mLYS: 10,27|2|1.3324
267mLYS: 16,22|2|0.6351
283mSER: 08,15|2|1.5755
267mSER: 16,22|2|1.3594
161mALA: 15,27|2|0.2915
228mMET: 01,16|2|0.3004
304mMET: 07,23|2|0.3797
307mHIS: 07,25|2|0.4562
341mASN: 00,29|2|0.9529
311mALA: 07,25|2|1.6562
197mPRO: 14,20|2|0.6009
193mLEU: 09,28|2|0.0779
259mILE: 05,24|2|0.5586
297mGLN: 06,27|2|0.6477
281mSER: 07,27|2|0.8196
262mCYS: 05,16|2|0.283
194mSER: 04,21|2|1.559
273mLEU: 05,15|2|1.5758
281mLYS: 25,27|2|0.3812
356mLEU: 06,15|2|0.9452
341mMET: 00,29|2|1.6401
283mALA: 08,15|2|2.1748
283mGLU: 08,15|2|3.0312
228mILE: 05,16|2|0.4507
245mILE: 03,14|2|1.2973
194mMET: 04,21|2|1.0791
297mLEU: 06,27|2|0.8153
233mASN: 12,15|2|0.6868
301mHIS: 06,07|2|0.8255
220mASN: 13,25|2|0.4717
169mHIS: 13,21|2|0.4602
442mTHR: 06,07|2|0.0544
196mILE: 14,20|2|0.8762
362mILE: 06,27|2|0.3882
273mHIS: 05,15|2|0.9436
123mSER: 14,20|2|1.4275
194mLYS: 04,21|2|1.9258
264mHIS: 01,19|2|0.5019
180mGLN: 05,24|2|0.6488
345mMET: 00,29|2|1.0157
273mASP: 05,15|2|1.3894
456mGLY: 15,29|2|1.0176
299mLEU: 07,25|2|0.7254
239mPHE: 12,20|2|0.623
157mTHR: 18,21|2|0.8586
273mASN: 05,15|2|1.7122
379mMET: 08,29|2|1.1233
159mILE: 15,18|2|0.168
140mGLU: 23,28|2|0.4309
160mASP: 10,18|2|0.1744
360mSER: 10,11|2|0.1444
379mHIS: 08,29|2|0.9751
232mPRO: 05,24|2|0.5732
241mMET: 03,04|2|0.4308
191mALA: 09,13|2|0.3121
311mMET: 07,25|2|0.9347
345mHIS: 00,29|2|1.0335
311mGLU: 07,25|2|1.8705
345mSER: 00,29|2|1.2234
144mILE: 01,19|2|0.3749
235mASN: 12,15|2|0.2596
359mGLU: 06,27|2|0.1674
311mHIS: 07,25|2|0.4595
438mLEU: 07,27|2|0.2291
259mGLN: 15,24|2|1.0789
179mLYS: 16,24|2|0.1782
379mTRP: 08,29|2|0.8212
239mMET: 12,20|2|0.291
179mHIS: 05,22|2|0.3538
301mASN: 06,07|2|0.2033
293mVAL: 06,27|2|1.4254
441mLYS: 06,25|2|0.1239
273mSER: 05,15|2|1.4362
273mGLN: 05,15|2|1.5418
307mGLN: 07,25|2|0.6477
283mGLN: 08,15|2|2.3652
258mASP: 05,15|2|1.2639
123mVAL: 14,20|2|0.5882
345mASN: 00,29|2|1.5411
231mGLU: 15,24|2|0.2094
128mMET: 02,18|2|0.1977
205mCYS: 02,24|2|5.4306
273mGLU: 05,15|2|2.6716
345mTHR: 00,29|2|1.2028
233mTYR: 12,15|2|0.0701
142mCYS: 01,23|2|0.5081
345mGLN: 00,29|2|0.4562
307mTRP: 07,25|2|0.472
241mTYR: 03,21|2|0.2217
194mTYR: 04,21|2|0.8119
307mGLU: 07,25|2|0.8144
194mASN: 04,21|2|2.0542
196mTRP: 14,20|2|0.7675
131mASP: 02,20|2|0.425
241mILE: 03,21|2|0.4117
456mASP: 15,17|2|1.0292
441mILE: 06,27|2|0.0663
120mMET: 01,20|2|0.2289
161mASN: 18,21|2|0.2055
356mHIS: 15,27|2|0.6579
119mTRP: 16,19|2|0.1494
246mSER: 21,28|2|0.1125
301mGLU: 06,07|2|0.2675
204mCYS: 02,24|2|1.4032
228mTHR: 05,16|2|0.8998
356mPHE: 06,15|2|0.217
284mARG: 06,11|2|0.0194
126mGLU: 02,20|2|0.3312
301mGLN: 06,07|2|0.2416
229mASP: 16,24|2|0.3738
127mPRO: 02,20|2|0.6189
341mLEU: 00,29|2|1.651
362mPRO: 06,27|2|0.1934
311mTHR: 07,25|2|1.5443
119mALA: 16,19|2|0.8229
135mMET: 03,14|2|0.3086
220mLEU: 13,25|2|0.6829
297mASP: 07,27|2|1.2244
220mHIS: 13,25|2|0.4869
228mGLN: 05,16|2|0.4322
206mCYS: 02,12|2|3.9279
228mPRO: 05,16|2|0.6804
283mILE: 08,15|2|2.0881
130mHIS: 03,13|2|0.5671
266mGLN: 01,24|2|0.1394
119mLYS: 16,19|2|0.3652
233mTRP: 12,24|2|0.1724
259mVAL: 05,24|2|0.6066
249mCYS: 17,21|2|1.0504
190mVAL: 09,13|2|0.0525
179mMET: 05,22|2|0.2362
258mGLU: 05,15|2|1.3793
220mGLY: 13,25|2|0.5736
273mVAL: 05,15|2|1.5808
439mASN: 07,27|2|0.4876
440mPRO: 11,25|2|1.0143
233mLYS: 12,15|2|1.1523
284mTYR: 06,11|2|0.4434
247mALA: 18,21|2|0.876
311mTYR: 07,25|2|0.2096
379mVAL: 08,29|2|0.8232
283mTHR: 08,15|2|2.5873
441mASN: 06,25|2|0.3856
123mLEU: 14,20|2|0.7912
147mMET: 16,24|2|0.3883
299mILE: 07,25|2|0.2086
379mALA: 08,29|2|0.6478
301mMET: 06,07|2|0.5903
456mTHR: 15,29|2|0.7045
293mPHE: 06,27|2|1.7786
355mHIS: 11,25|2|0.2482
341mTRP: 00,29|2|1.2782
438mTYR: 06,07|2|0.2491
341mGLU: 00,29|2|2.3905
123mHIS: 14,20|2|1.404
130mTHR: 03,13|2|0.5495
303mALA: 07,23|2|0.8187
158mPHE: 10,21|2|1.598
119mGLU: 16,19|2|0.5389
297mCYS: 25,27|2|1.6817
191mASN: 09,11|2|0.4223
293mARG: 07,25|2|0.3429
364mASN: 06,27|2|0.7077
257mCYS: 05,15|2|0.5343
167mARG: 21,26|2|0.1463
356mTRP: 15,27|2|0.2908
266mHIS: 01,24|2|0.6938
123mASP: 14,20|2|0.6749
442mASP: 07,27|2|0.5059
304mGLY: 07,23|2|0.6513
258mSER: 05,15|2|0.7702
379mGLU: 08,29|2|1.1061
356mPRO: 15,27|2|0.5383
180mHIS: 05,24|2|1.4193
123mALA: 14,20|2|0.9485
204mLEU: 02,15|2|0.3472
341mSER: 00,29|2|1.3876
307mLEU: 07,25|2|0.8153
233mILE: 12,24|2|0.2581
237mCYS: 14,18|2|0.5605
356mLYS: 15,27|2|1.0729
230mASP: 05,16|2|0.3426
144mMET: 16,19|2|0.3657
