243mGLY: 01,04,05,07,08,10,13,16,20,22,25,28,29|13|5.4825
243mGLU: 01,02,04,07,08,10,13,16,20,22,23,25,29|13|7.2729
165mASP: 01,02,04,05,08,16,20,22,23,25,28,29|12|6.4677
165mTHR: 01,02,04,05,08,16,20,22,23,25,28,29|12|7.17
165mGLU: 01,02,04,05,08,16,20,22,23,25,28,29|12|8.6514
165mSER: 01,02,04,05,08,16,20,22,23,25,28,29|12|4.3088
242mGLU: 01,02,04,05,08,10,13,20,22,23,25,29|12|7.0356
165mLEU: 01,02,04,05,08,16,20,22,23,25,28,29|12|5.9148
165mILE: 01,02,04,05,08,16,20,22,23,25,28,29|12|3.9513
165mGLY: 01,02,04,05,08,16,20,22,23,25,28,29|12|6.052
165mALA: 01,02,04,05,08,16,20,22,23,25,28,29|12|6.6098
164mGLU: 01,02,05,08,16,20,22,23,25,28,29|11|11.5052
243mTHR: 01,04,07,08,10,13,16,20,22,25,29|11|5.3323
243mALA: 01,04,07,08,10,13,16,20,22,25,29|11|6.8392
164mLEU: 01,02,05,08,16,20,22,23,25,28,29|11|5.2715
164mTHR: 01,02,05,08,16,20,22,23,25,28,29|11|10.1264
165mGLN: 01,02,04,05,08,16,20,22,23,28,29|11|4.2307
164mALA: 01,02,05,08,16,20,22,23,25,28,29|11|9.0009
243mSER: 01,04,05,07,08,10,16,20,22,28,29|11|3.5903
165mVAL: 01,02,04,05,08,16,20,22,25,28,29|11|3.9529
164mGLY: 01,02,05,08,16,20,23,25,28,29|10|8.542
164mASP: 01,02,05,08,16,20,22,23,25,28|10|7.0745
165mPHE: 01,02,04,08,16,20,22,25,28,29|10|3.8667
165mMET: 01,02,04,08,16,20,22,25,28,29|10|3.8535
242mALA: 01,02,04,05,08,10,20,22,23,25|10|4.55
242mVAL: 01,02,04,05,08,10,20,22,23,25|10|2.1315
242mLEU: 01,02,04,05,08,10,20,22,23,25|10|3.0764
243mHIS: 01,05,07,08,16,20,23,28,29|9|1.592
165mCYS: 01,02,08,16,20,22,23,25,29|9|7.8725
193mGLU: 04,05,07,10,11,13,16,20,29|9|1.652
193mTHR: 04,05,07,10,11,13,16,20,29|9|0.9079
164mVAL: 02,05,16,20,22,23,25,28,29|9|3.4402
165mPRO: 01,02,08,16,20,22,23,28,29|9|2.3173
164mHIS: 01,05,08,16,20,23,25,28,29|9|5.5945
242mTHR: 01,02,04,05,08,20,22,23,25|9|5.8345
164mGLN: 01,02,05,08,16,23,25,28,29|9|3.8621
244mGLY: 01,04,07,08,10,11,13,29|8|4.9856
218mASN: 03,05,06,10,16,20,23,27|8|1.643
242mGLY: 02,04,05,10,20,22,23,25|8|4.6171
168mASP: 01,02,05,16,22,23,25,29|8|0.8977
193mGLY: 05,07,10,11,13,16,20,29|8|1.5802
243mCYS: 01,04,07,08,10,13,16,25|8|6.584
243mASP: 01,04,07,08,13,16,22,25|8|4.9878
194mGLU: 01,05,07,08,10,20,23,29|8|2.9657
217mTHR: 04,05,06,10,16,23,27,29|8|1.5164
244mSER: 01,04,07,08,10,11,13,29|8|3.9149
217mGLU: 04,05,06,10,16,23,27,29|8|2.2906
243mLEU: 01,07,08,10,13,16,25,29|8|3.9705
165mHIS: 01,04,05,22,23,25,28,29|8|3.7691
217mLEU: 04,05,06,10,16,23,27,29|8|0.9504
164mSER: 02,05,08,16,20,23,25,28|8|6.8842
218mTHR: 03,05,06,10,16,20,23,27|8|3.3119
168mGLU: 01,02,05,08,16,22,23,25|8|2.4331
218mGLU: 03,05,06,10,20,23,27|7|3.5031
146mTHR: 06,14,17,18,21,26,27|7|4.8739
242mCYS: 01,08,13,20,22,25,29|7|5.7999
146mGLY: 06,14,17,18,21,26,27|7|4.6846
244mASP: 01,04,07,08,10,11,13|7|5.0649
164mMET: 01,05,08,16,23,28,29|7|3.4433
244mTHR: 01,04,07,08,10,11,13|7|3.5887
164mCYS: 02,05,16,20,22,23,25|7|6.3352
165mASN: 01,04,05,22,23,28,29|7|2.9651
242mASP: 02,04,05,10,22,23,25|7|3.7206
244mGLU: 01,04,07,08,10,11,13|7|6.0924
194mVAL: 01,05,08,10,20,23,29|7|1.4033
242mILE: 02,04,05,20,22,23,25|7|1.8873
146mGLU: 06,14,17,18,21,26,27|7|5.5258
146mALA: 06,14,17,18,21,26,27|7|5.0942
193mMET: 05,07,10,11,16,20,29|7|0.7696
193mASP: 04,05,07,10,11,13,20|7|0.9505
218mSER: 03,05,06,10,20,23,27|7|1.3323
243mILE: 01,07,08,10,13,16,25|7|1.6862
146mASP: 06,14,17,18,21,26,27|7|4.8499
240mLEU: 01,02,08,16,20,25,29|7|0.2519
240mGLU: 01,02,05,08,16,20,29|7|0.7077
194mLEU: 01,05,08,10,20,23,29|7|1.7877
217mMET: 05,06,16,23,27,29|6|1.618
193mSER: 05,11,13,16,20,29|6|1.1323
194mTHR: 01,05,08,20,23,29|6|2.0724
164mILE: 02,05,16,20,23,25|6|3.5337
219mTHR: 05,10,16,20,23,29|6|1.408
244mLYS: 01,04,07,08,10,13|6|4.0141
243mVAL: 07,08,10,13,16,25|6|2.3096
193mCYS: 04,05,07,10,11,20|6|2.7239
218mALA: 04,05,06,10,20,23|6|2.9948
240mCYS: 01,08,16,20,25,29|6|2.2007
194mCYS: 01,05,07,08,20,29|6|1.0718
217mGLY: 04,05,06,16,23,29|6|1.4797
242mSER: 02,04,05,20,22,23|6|4.6428
191mGLU: 01,05,16,20,25,29|6|1.7348
165mTRP: 01,04,22,23,28,29|6|2.5352
146mLYS: 06,17,18,21,26,27|6|3.9279
219mGLU: 05,10,16,20,23,29|6|2.0493
245mALA: 02,07,13,20,25,28|6|2.2248
243mMET: 05,07,20,25,28,29|6|1.0561
218mGLY: 04,05,06,10,20,23|6|2.1382
242mMET: 02,04,05,20,22,23|6|1.9227
120mSER: 06,14,17,21,24,26|6|0.6175
356mTHR: 05,12,22,23,25,29|6|2.3162
146mILE: 06,14,17,18,21,27|6|1.8719
146mLEU: 06,14,17,18,26,27|6|2.6803
193mLEU: 04,05,07,10,11,20|6|1.3063
146mGLN: 14,17,18,21,26,27|6|2.0775
245mGLY: 02,07,13,20,25,28|6|1.8338
144mGLY: 06,14,17,18,21,27|6|0.9642
165mLYS: 01,04,05,23,25,29|6|2.6594
146mSER: 06,17,18,21,26,27|6|3.7565
193mALA: 05,07,10,11,13,20|6|1.8418
194mGLY: 05,08,10,20,23,29|6|2.1413
242mLYS: 02,04,05,20,22,23|6|3.5419
194mALA: 01,05,08,10,23,29|6|1.9512
242mGLN: 02,04,05,20,22,23|6|2.3513
242mASN: 02,04,05,20,22,23|6|4.0291
242mHIS: 02,04,05,20,22,23|6|3.5378
218mLEU: 04,05,06,10,20,23|6|2.5908
193mVAL: 04,07,10,11,13|5|0.7156
130mGLU: 04,07,10,13,24|5|2.9801
217mHIS: 05,06,16,23,29|5|1.6929
193mHIS: 05,11,16,20,29|5|1.2009
194mASP: 05,08,10,23,29|5|1.8815
157mALA: 02,20,22,25,28|5|1.221
147mTHR: 14,17,18,21,26|5|2.3219
218mVAL: 05,06,10,20,23|5|2.425
356mGLY: 05,22,23,25,29|5|1.6612
147mGLN: 14,17,18,21,26|5|0.8761
137mGLU: 06,14,17,21,27|5|0.8206
130mCYS: 04,07,10,13,24|5|3.8965
169mGLU: 05,16,20,23,25|5|1.9101
190mGLU: 05,16,20,23,25|5|1.6626
218mHIS: 05,06,10,20,23|5|1.5738
147mSER: 14,17,18,21,26|5|1.6659
130mLEU: 04,07,10,13,24|5|2.7323
130mGLY: 04,07,10,13,24|5|2.8923
219mHIS: 16,20,23,25,29|5|1.8712
180mGLY: 14,17,18,21,26|5|2.0471
217mGLN: 05,16,23,27,29|5|0.5194
130mALA: 04,07,10,13,24|5|3.4882
130mSER: 04,07,10,13,24|5|2.2908
142mGLU: 06,14,17,21,27|5|2.7133
147mGLY: 14,17,18,21,26|5|2.4546
218mILE: 05,06,10,20,23|5|2.0218
120mGLY: 06,14,17,24,26|5|1.3879
218mGLN: 05,06,10,20,23|5|2.1687
159mGLY: 02,20,22,25,28|5|2.4581
284mALA: 00,03,12,19,23|5|1.2526
244mHIS: 07,10,11,13,29|5|1.5839
356mGLU: 05,12,22,23,25|5|2.4309
147mCYS: 14,17,18,21,26|5|1.5947
180mCYS: 14,17,18,21,26|5|4.0491
180mALA: 14,17,18,21,26|5|4.1185
146mHIS: 06,17,18,26,27|5|2.8317
130mASP: 04,07,10,13,24|5|2.8063
180mLYS: 14,17,18,21,26|5|4.6441
218mMET: 05,06,10,20,23|5|2.2798
146mTYR: 06,17,18,26,27|5|0.8848
245mILE: 02,07,20,25,28|5|1.2319
130mILE: 04,07,10,13,24|5|2.198
217mSER: 04,06,16,23,29|5|0.9799
146mCYS: 06,14,17,18,27|5|5.7274
180mTHR: 14,17,18,21,26|5|5.0002
191mALA: 01,04,05,10,20|5|1.8241
190mTHR: 05,16,20,23,25|5|1.0869
244mALA: 01,07,10,11,13|5|5.7941
164mLYS: 02,05,20,23,25|5|5.6648
119mGLU: 06,17,21,24,26|5|2.5859
120mASP: 06,14,17,21,26|5|1.7396
146mVAL: 06,14,17,18,27|5|1.053
146mMET: 14,17,18,26,27|5|1.2193
243mLYS: 01,04,07,10,22|5|3.1691
219mMET: 05,16,20,23,29|5|1.7876
161mGLY: 02,20,22,23,28|5|0.9887
169mASP: 05,16,20,23,25|5|1.1696
356mASN: 05,22,23,25,29|5|1.5582
130mHIS: 04,07,10,13,24|5|1.7058
147mGLU: 14,17,18,21,26|5|3.4469
120mGLU: 06,14,17,21,26|5|2.5139
164mASN: 02,05,23,25,28|5|4.7466
168mTHR: 01,16,22,23,25|5|1.0857
218mASP: 04,05,10,20,23|5|2.0599
245mLEU: 02,13,20,25,28|5|1.82
147mASP: 14,17,18,21,26|5|2.2599
180mSER: 14,17,18,21,26|5|3.0201
147mALA: 14,17,18,21,26|5|2.2519
180mGLU: 14,17,18,21,26|5|4.6581
194mMET: 05,08,20,23,29|5|1.2981
191mGLY: 01,04,10,20,29|5|0.7027
243mGLN: 04,07,13,16,25|5|0.9173
219mLEU: 10,16,23,29|4|0.8358
167mASN: 05,23,25,29|4|2.4622
130mGLN: 04,07,13,24|4|2.0077
142mVAL: 14,17,21,27|4|2.0446
169mCYS: 05,16,20,25|4|0.7707
217mCYS: 04,05,10,27|4|3.0541
284mSER: 00,03,19,23|4|1.1173
146mARG: 17,18,26,27|4|0.7603
121mGLU: 06,17,21,24|4|1.3792
217mASN: 06,16,23,29|4|0.6576
157mGLY: 02,20,22,25|4|1.2603
359mALA: 02,05,22,23|4|2.8805
241mASP: 04,07,10,29|4|1.6424
161mGLU: 02,20,22,25|4|0.9799
245mGLU: 02,20,25,28|4|2.1872
193mILE: 04,07,10,11|4|0.5396
142mALA: 14,17,21,27|4|2.6838
120mALA: 06,14,17,26|4|1.5177
147mLEU: 14,18,21,26|4|1.6434
130mLYS: 07,10,13,24|4|1.0024
142mSER: 14,17,21,27|4|1.9423
245mSER: 02,20,25,28|4|1.2962
161mSER: 02,20,22,23|4|0.5934
218mPHE: 05,10,20,23|4|2.2725
217mALA: 04,05,06,10|4|1.4662
120mTHR: 06,14,17,21|4|1.2392
243mTYR: 01,07,10,16|4|1.3744
147mHIS: 17,18,21,26|4|0.8702
245mASN: 02,20,25,28|4|1.2497
243mPHE: 07,13,16,25|4|1.3552
244mLEU: 07,10,11,13|4|2.5568
241mGLY: 04,07,10,29|4|0.8246
217mTRP: 05,16,23,29|4|0.188
135mSER: 04,10,11,24|4|0.6545
158mGLU: 02,22,25,28|4|2.6743
167mHIS: 05,23,25,29|4|2.9791
159mGLU: 02,20,25,28|4|1.6474
248mGLY: 02,20,22,28|4|1.3722
266mASP: 12,14,18,21|4|2.3179
218mPRO: 05,10,20,23|4|1.8442
244mVAL: 07,10,11,13|4|0.9506
142mGLN: 14,17,21,27|4|0.834
157mLEU: 02,20,25,28|4|0.8386
145mGLY: 17,18,21,27|4|0.5296
164mPRO: 02,05,23,29|4|1.3408
245mCYS: 07,13,25,28|4|3.6236
359mSER: 05,22,23,25|4|1.5831
194mTRP: 08,20,23,29|4|0.5061
167mGLU: 05,23,25,29|4|2.4429
243mPRO: 07,13,16,25|4|1.0745
245mTRP: 02,20,25,28|4|1.1324
356mMET: 05,12,23,25|4|1.0868
161mLYS: 02,20,22,28|4|0.9652
191mTHR: 01,05,10,20|4|1.5526
191mPHE: 01,05,10,20|4|0.3437
167mSER: 05,23,25,29|4|2.3633
167mLYS: 05,23,25,29|4|2.089
146mASN: 17,18,21,26|4|2.3738
265mGLU: 14,18,21,26|4|0.8526
248mALA: 02,20,22,28|4|1.2978
266mASN: 12,14,18,21|4|1.1057
245mVAL: 02,20,25,28|4|1.5031
194mILE: 05,08,23,29|4|0.6722
167mALA: 05,23,25,29|4|1.4601
266mSER: 12,14,18,21|4|1.6527
178mGLU: 14,18,21,26|4|1.8396
194mSER: 05,08,23,29|4|2.0188
167mTHR: 05,23,25,29|4|2.8932
219mALA: 04,16,23,29|4|0.9398
356mALA: 05,22,23,29|4|1.8562
266mGLU: 12,14,18,21|4|3.1157
169mALA: 05,16,20,25|4|1.9925
134mALA: 04,10,11,13|4|2.0977
158mGLY: 02,22,25,28|4|1.7774
284mHIS: 00,03,19,23|4|1.3312
241mALA: 04,07,10,29|4|1.2901
167mILE: 05,23,25,29|4|0.9196
194mGLN: 08,20,23,29|4|1.2645
178mCYS: 14,18,21,26|4|1.231
157mGLU: 02,20,25,28|4|1.0153
135mGLY: 04,10,11,24|4|1.5735
284mGLY: 00,03,12,19|4|1.525
359mMET: 05,22,23,25|4|1.0258
137mSER: 14,17,21,27|4|0.4547
216mGLY: 04,05,11,27|4|1.1801
180mVAL: 14,17,21,26|4|2.6786
158mALA: 02,22,25,28|4|2.9279
167mASP: 05,23,25,29|4|1.5629
241mVAL: 04,07,10,29|4|1.0667
359mHIS: 05,22,23,25|4|1.4967
190mALA: 16,20,23,25|4|1.4168
167mGLN: 05,23,25,29|4|1.8366
119mASP: 06,17,24,26|4|1.5267
216mASP: 04,10,11,27|4|1.2609
142mLEU: 14,17,21,27|4|1.4294
169mGLY: 05,16,20,23|4|0.4941
216mALA: 04,10,11,27|4|1.8993
157mTHR: 02,20,25,28|4|0.6636
161mALA: 02,20,22,28|4|1.7813
120mLEU: 06,14,17,26|4|1.5184
139mALA: 04,10,11,27|4|1.4604
139mASP: 04,10,11,27|4|1.2631
356mLEU: 05,12,23,25|4|0.6717
245mMET: 02,20,25,28|4|1.8501
240mPHE: 01,08,16,29|4|0.1124
161mCYS: 02,20,22,25|4|2.0756
219mGLY: 16,20,23,29|4|1.3632
268mGLY: 06,18,26,27|4|1.5564
284mTHR: 00,03,19,23|4|1.3127
169mTHR: 05,16,20,23|4|1.4774
194mLYS: 05,08,23,29|4|0.8834
193mPHE: 04,07,10,11|4|0.5015
162mGLU: 05,08,23,25|4|0.1784
266mTHR: 12,14,18,21|4|2.7804
241mTHR: 04,07,10,29|4|1.2708
245mGLN: 02,20,25,28|4|1.5239
245mHIS: 02,20,25,28|4|1.4643
157mILE: 02,20,22,25|4|0.2581
241mSER: 04,07,10,29|4|0.6926
159mALA: 20,22,25,28|4|3.6774
359mLYS: 02,05,22,23|4|1.9642
144mCYS: 06,18,21,27|4|2.4001
242mPRO: 10,22,23,25|4|0.8914
266mALA: 12,14,18,21|4|2.4639
162mTHR: 05,08,23,25|4|0.1723
241mGLU: 04,07,10,29|4|1.8986
284mGLU: 00,03,19,23|4|1.6307
158mSER: 02,22,25,28|4|0.8823
218mTRP: 06,10,20,23|4|1.566
144mASP: 17,18,21,27|4|0.7297
120mMET: 06,14,17,24|4|0.5141
356mHIS: 05,22,23,25|4|1.5091
147mMET: 14,18,21,26|4|0.9533
142mILE: 14,17,21,27|4|1.3246
284mVAL: 00,03,12,19|4|1.1451
356mSER: 05,22,23,25|4|1.8523
137mLEU: 06,14,17,21|4|0.3924
248mTHR: 02,20,22,28|4|1.5954
137mTHR: 06,14,21,27|4|0.504
142mGLY: 14,17,21,27|4|2.3412
266mGLN: 12,14,18,21|4|1.6899
356mGLN: 05,12,23,25|4|0.6657
190mVAL: 05,16,20,23|4|0.3894
248mGLU: 02,20,22,28|4|2.0028
144mALA: 06,18,21,27|4|1.6602
134mGLY: 04,10,11,13|4|1.8431
159mLEU: 20,22,25,28|4|1.2481
266mGLY: 12,14,18,21|4|2.2827
167mGLY: 05,23,25,29|4|2.8356
190mASP: 05,16,23,25|4|1.0147
142mASN: 14,17,21,27|4|1.9814
244mCYS: 01,07,10,13|4|7.467
142mTHR: 14,17,21,27|4|2.7611
130mTHR: 04,07,13,24|4|2.4972
167mARG: 05,23,25,29|4|0.5243
167mTRP: 05,23,25,29|4|1.4191
266mHIS: 12,14,18,21|4|1.6796
190mGLY: 16,20,23,25|4|0.6836
130mMET: 04,07,13,24|4|1.9008
219mGLN: 16,20,23,29|4|0.4631
180mASN: 14,17,21,26|4|1.6859
218mCYS: 04,10,20,23|4|3.6954
144mGLU: 14,17,21,27|4|1.0274
245mTHR: 02,20,25,28|4|1.9712
356mLYS: 05,22,23,29|4|2.05
145mGLU: 06,14,18,21|4|0.5294
359mGLY: 05,22,23,25|4|1.6991
440mGLU: 03,09,25|3|1.3211
286mCYS: 00,12,19|3|1.501
440mLYS: 03,09,25|3|0.7398
251mILE: 02,22,28|3|0.7652
178mVAL: 18,21,26|3|0.6735
419mASP: 00,12,19|3|0.8251
286mLEU: 00,12,19|3|2.5672
280mGLU: 03,12,19|3|0.4583
400mSER: 00,12,19|3|1.191
283mHIS: 00,12,19|3|1.1554
164mARG: 05,23,25|3|1.1249
219mASN: 16,23,29|3|0.7718
440mTHR: 03,09,25|3|1.1477
300mALA: 03,09,27|3|0.8047
251mGLY: 02,22,28|3|1.4539
191mCYS: 01,04,05|3|2.0779
248mLEU: 20,22,28|3|1.1315
137mASN: 14,21,27|3|0.4746
283mGLY: 00,12,19|3|1.4113
158mLEU: 02,25,28|3|1.9156
179mGLU: 14,21,26|3|0.5312
130mTYR: 04,07,13|3|0.6659
268mGLU: 06,18,27|3|2.7293
267mMET: 17,18,26|3|0.3161
145mTHR: 14,18,21|3|0.2689
440mLEU: 03,09,25|3|0.7936
122mASP: 17,21,24|3|0.8963
190mSER: 16,23,25|3|1.0005
137mHIS: 14,17,21|3|0.6471
139mGLU: 04,10,27|3|1.1049
267mTYR: 17,18,26|3|0.1048
436mGLY: 03,09,15|3|0.433
265mALA: 12,17,21|3|0.4074
251mALA: 02,22,28|3|1.7759
265mCYS: 12,17,21|3|1.2214
193mASN: 11,16,29|3|0.2131
262mHIS: 12,21,26|3|0.3802
134mGLU: 04,10,13|3|1.9375
421mALA: 00,12,19|3|1.6147
355mHIS: 03,12,23|3|0.5843
146mPHE: 14,17,27|3|0.4479
299mLEU: 03,09,27|3|0.821
157mSER: 02,20,25|3|0.7761
268mASN: 06,18,27|3|1.1393
144mLEU: 06,18,27|3|0.4777
164mTRP: 05,23,28|3|2.1894
251mTHR: 02,22,28|3|1.3268
191mILE: 01,05,10|3|0.6704
268mALA: 06,26,27|3|2.1585
159mVAL: 20,25,28|3|1.6135
248mASP: 02,20,28|3|1.2789
267mGLY: 17,18,26|3|1.2149
362mALA: 03,22,25|3|0.3748
165mARG: 04,23,25|3|0.298
157mASN: 02,20,25|3|0.6712
266mMET: 14,18,21|3|1.6905
191mLEU: 01,05,20|3|1.0139
299mALA: 03,09,27|3|1.5785
157mVAL: 02,20,25|3|0.5674
135mVAL: 04,11,24|3|0.5936
286mMET: 00,12,19|3|1.771
319mSER: 00,09,19|3|0.9456
135mALA: 04,11,24|3|1.1076
267mLEU: 17,18,26|3|0.8637
267mTHR: 17,18,26|3|0.7748
178mLEU: 18,21,26|3|1.0246
147mVAL: 14,18,21|3|1.2178
297mGLU: 03,09,23|3|0.3694
251mLEU: 02,22,28|3|0.8724
399mALA: 00,12,19|3|1.154
251mPHE: 02,22,28|3|0.2722
158mTHR: 02,25,28|3|1.7302
319mMET: 00,09,19|3|1.1905
144mLYS: 06,18,21|3|0.7587
247mTHR: 05,22,28|3|0.591
142mMET: 14,21,27|3|1.1959
440mSER: 03,09,25|3|1.3084
122mTHR: 17,21,24|3|0.959
147mILE: 14,18,21|3|0.4666
419mALA: 00,12,19|3|1.0874
319mHIS: 00,09,19|3|1.1432
267mGLU: 17,18,26|3|0.928
424mTHR: 00,12,19|3|0.6297
440mMET: 03,09,25|3|0.8458
421mGLU: 00,12,19|3|1.5762
120mPRO: 06,14,17|3|0.3796
284mILE: 00,03,19|3|0.6863
299mGLY: 03,09,27|3|1.2848
357mLYS: 22,23,29|3|0.915
267mILE: 17,18,26|3|0.7285
440mASN: 03,09,25|3|0.806
424mGLY: 00,12,19|3|1.1076
119mLEU: 06,17,26|3|0.8776
428mGLU: 00,12,19|3|1.0105
284mTRP: 00,03,19|3|0.9181
159mTHR: 20,25,28|3|1.7821
122mSER: 17,21,24|3|0.495
424mALA: 00,12,19|3|1.0644
136mGLU: 04,10,11|3|1.919
251mASP: 02,22,28|3|1.1508
441mALA: 03,09,15|3|0.2883
130mASN: 04,07,13|3|1.3783
248mHIS: 20,22,28|3|0.6442
267mHIS: 17,18,26|3|0.5728
194mHIS: 08,23,29|3|1.493
286mGLY: 00,12,19|3|2.837
319mILE: 00,09,19|3|0.7647
120mVAL: 06,14,17|3|0.6727
267mTRP: 17,18,26|3|0.3022
135mGLN: 04,11,24|3|0.2108
400mGLY: 00,12,19|3|1.5008
245mASP: 13,25,28|3|1.3427
193mLYS: 05,11,20|3|0.3258
299mASP: 03,09,27|3|0.9078
241mCYS: 04,07,10|3|1.3261
122mASN: 17,21,24|3|0.6979
424mHIS: 00,12,19|3|1.1049
319mLEU: 00,09,19|3|0.9822
216mSER: 05,11,27|3|0.6677
120mHIS: 14,21,24|3|0.4783
119mCYS: 06,17,24|3|2.2123
122mGLY: 17,21,24|3|0.6132
441mGLY: 03,09,15|3|0.6791
283mASP: 00,12,19|3|1.0766
400mASP: 00,12,19|3|1.6717
168mGLY: 01,23,25|3|0.5334
158mASP: 22,25,28|3|1.9314
162mHIS: 05,08,23|3|0.7841
141mASN: 06,14,17|3|0.9175
162mSER: 05,08,23|3|0.4081
267mLYS: 17,18,26|3|0.8199
280mGLN: 03,12,19|3|0.3019
157mHIS: 02,20,25|3|0.91
169mVAL: 05,16,20|3|0.7076
241mGLN: 04,07,29|3|0.9042
359mGLN: 05,22,23|3|0.6902
162mMET: 05,08,23|3|0.4901
134mASN: 04,10,13|3|0.6659
136mASP: 04,10,11|3|1.3691
219mVAL: 16,23,29|3|0.5014
141mGLY: 06,14,17|3|1.2557
136mTHR: 04,10,11|3|1.6378
119mGLY: 06,17,26|3|1.3547
359mTHR: 05,22,23|3|1.4392
120mGLN: 06,14,17|3|0.7571
137mTRP: 06,14,21|3|0.1734
441mTHR: 03,09,15|3|0.6261
440mASP: 03,09,25|3|0.513
251mHIS: 02,22,28|3|1.1594
191mASP: 01,20,25|3|0.5835
284mGLN: 00,03,19|3|1.0856
440mALA: 03,09,25|3|1.1289
251mGLU: 02,22,28|3|1.7016
141mHIS: 06,14,17|3|0.6638
286mSER: 00,12,19|3|2.0722
157mTRP: 02,20,25|3|0.5522
286mGLN: 00,12,19|3|2.2703
167mLEU: 05,25,29|3|1.114
191mVAL: 01,05,10|3|1.149
120mCYS: 06,14,17|3|2.0314
178mALA: 18,21,26|3|1.0018
167mPHE: 05,25,29|3|0.3086
181mCYS: 18,21,26|3|0.32
319mGLY: 00,09,19|3|1.2811
297mALA: 03,09,23|3|0.159
157mGLN: 02,20,25|3|0.6601
251mSER: 02,22,28|3|1.2213
266mVAL: 14,18,21|3|1.9765
139mGLY: 04,10,11|3|1.2293
190mHIS: 20,23,25|3|0.4827
251mLYS: 02,22,28|3|1.3966
280mLEU: 03,12,19|3|0.2697
421mGLY: 00,12,19|3|1.0108
440mILE: 03,09,25|3|0.4369
441mSER: 03,09,15|3|0.8367
219mSER: 16,23,29|3|1.1996
400mCYS: 00,12,19|3|1.7463
286mILE: 00,12,19|3|1.6654
248mASN: 20,22,28|3|0.3009
130mVAL: 04,07,13|3|2.054
137mGLY: 14,17,21|3|0.7711
248mGLN: 20,22,28|3|0.4265
299mGLU: 03,09,27|3|0.3833
178mTHR: 18,21,26|3|1.1742
280mVAL: 03,12,19|3|0.1754
157mMET: 02,20,25|3|0.6557
135mHIS: 04,10,11|3|0.3056
428mSER: 00,12,19|3|0.9757
424mGLU: 00,12,19|3|1.2044
267mALA: 17,18,26|3|1.7977
440mGLY: 03,09,25|3|1.3471
139mCYS: 04,11,27|3|0.96
355mMET: 03,12,23|3|0.2962
286mHIS: 00,12,19|3|1.7457
159mLYS: 20,22,28|3|1.8326
283mSER: 00,12,19|3|1.1606
267mSER: 17,18,26|3|1.0578
400mGLU: 00,12,19|3|1.6628
421mSER: 00,12,19|3|1.2043
421mLYS: 00,12,19|3|0.943
121mGLY: 06,17,21|3|0.4571
251mVAL: 02,22,28|3|0.8047
359mILE: 05,22,23|3|0.8386
424mASP: 00,12,19|3|1.1914
218mTYR: 10,20,23|3|0.7093
157mCYS: 22,25,28|3|1.3955
283mGLU: 00,12,19|3|1.7786
297mLEU: 03,09,23|3|0.1697
135mLEU: 04,11,24|3|1.3181
122mGLU: 17,21,24|3|1.2073
158mCYS: 22,25,28|3|4.3374
136mSER: 04,10,11|3|1.151
120mILE: 06,14,17|3|0.6763
286mTHR: 00,12,19|3|3.0133
242mTRP: 04,22,23|3|1.4449
297mTHR: 03,09,23|3|0.2224
399mTHR: 00,12,19|3|1.1232
428mALA: 00,12,19|3|1.8965
190mPHE: 05,20,25|3|0.2545
181mGLY: 18,21,26|3|0.772
167mMET: 05,25,29|3|1.937
268mCYS: 06,26,27|3|3.6642
137mVAL: 06,14,21|3|0.1754
262mGLY: 12,21,26|3|0.5688
131mGLY: 10,13,24|3|0.5367
164mTYR: 05,23,25|3|1.3856
159mILE: 20,22,28|3|0.7552
359mARG: 05,22,23|3|0.8471
134mLEU: 04,11,13|3|0.6407
419mGLY: 00,12,19|3|0.7939
284mASN: 00,03,19|3|1.0258
241mMET: 04,07,10|3|0.4231
120mPHE: 06,14,17|3|0.7242
168mLYS: 23,25,29|3|0.5367
400mALA: 00,12,19|3|1.2758
130mPHE: 04,07,13|3|1.5343
268mASP: 06,26,27|3|2.136
141mGLU: 06,14,17|3|2.0426
190mMET: 20,23,25|3|0.1719
159mHIS: 20,25,28|3|0.479
262mMET: 12,21,26|3|0.3611
136mGLY: 04,10,11|3|1.9915
180mLEU: 14,17,26|3|1.82
251mGLN: 02,22,28|3|0.553
142mHIS: 14,21,27|3|1.6249
284mLEU: 00,03,19|3|1.0
194mTYR: 05,08,29|3|0.4296
262mSER: 12,21,26|3|0.4256
141mTHR: 06,14,17|3|1.9647
180mILE: 14,17,26|3|0.8824
359mCYS: 05,22,23|3|2.3974
194mASN: 08,23,29|3|1.0823
159mSER: 20,22,28|3|1.1467
284mMET: 00,03,19|3|1.4006
241mILE: 04,07,10|3|0.682
268mTHR: 06,18,27|3|2.5365
134mSER: 04,10,13|3|1.1347
161mASN: 20,23,28|3|0.2777
286mTRP: 00,12,19|3|1.1001
400mLYS: 00,12,19|3|1.0606
145mLEU: 06,18,27|3|0.1439
136mHIS: 04,10,11|3|1.1856
428mTHR: 00,12,19|3|1.0681
244mILE: 07,10,13|3|1.0535
286mVAL: 00,12,19|3|2.637
137mGLN: 06,14,21|3|0.3019
216mLEU: 04,11,27|3|0.8695
440mHIS: 03,09,25|3|1.0778
191mPRO: 01,05,10|3|0.3965
135mASP: 04,11,24|3|1.1392
286mASN: 00,12,19|3|1.376
122mHIS: 17,21,24|3|0.5796
267mCYS: 17,18,26|3|1.6233
359mLEU: 05,22,23|3|1.4068
134mTHR: 04,10,13|3|1.2867
424mSER: 00,12,19|3|1.0071
436mGLU: 03,09,15|3|1.1034
244mTYR: 07,10,13|3|1.436
286mALA: 00,12,19|3|3.2729
319mALA: 00,09,19|3|0.8828
286mASP: 00,12,19|3|2.9693
357mTHR: 22,23,29|3|1.1803
216mCYS: 04,11,27|3|1.8673
280mTRP: 03,12,19|3|0.1734
146mTRP: 17,18,26|3|0.811
266mLEU: 14,18,21|3|1.8976
241mLEU: 04,07,10|3|1.0573
319mVAL: 00,09,19|3|0.8882
428mGLY: 00,12,19|3|1.8893
142mLYS: 14,21,27|3|2.4395
440mGLN: 03,09,25|3|0.5284
248mVAL: 20,22,28|3|0.8384
167mVAL: 05,25,29|3|0.5086
248mSER: 20,22,28|3|1.0993
144mTHR: 17,21,27|3|0.6432
286mGLU: 00,12,19|3|3.6085
267mARG: 17,18,26|3|0.4978
145mASP: 14,21,27|3|0.5613
135mGLU: 04,11,24|3|1.2769
356mILE: 05,23,29|3|0.5029
359mASP: 05,22,23|3|1.6582
266mCYS: 12,14,21|3|1.8017
356mTRP: 05,23,25|3|0.2999
267mGLN: 17,18,26|3|0.6833
168mSER: 01,02,25|3|0.4518
424mMET: 00,12,19|3|0.541
216mGLU: 04,10,11|3|1.0897
399mVAL: 00,12,19|3|0.5845
286mPHE: 00,12,19|3|1.3986
421mTHR: 00,12,19|3|0.7651
180mHIS: 14,21,26|3|0.8106
169mLEU: 05,16,20|3|0.5703
162mGLY: 05,08,23|3|0.6387
441mGLU: 03,09,15|3|0.9881
219mLYS: 16,23,29|3|0.3656
419mGLU: 00,12,19|3|0.9257
267mASP: 17,18,26|3|1.5976
141mALA: 06,17,27|3|1.5907
299mSER: 03,09,27|3|0.6246
280mTHR: 03,12,19|3|0.4016
177mLEU: 17,21|2|0.162
362mVAL: 22,25|2|0.139
286mPRO: 00,12|2|0.9653
247mCYS: 08,28|2|0.4047
245mTYR: 25,28|2|0.4876
447mLYS: 00,12|2|0.5645
299mCYS: 03,27|2|2.2117
139mLEU: 04,10|2|0.7521
196mGLN: 13,24|2|0.3774
441mVAL: 09,15|2|0.2298
219mCYS: 04,10|2|0.8442
197mASN: 24,28|2|0.4249
303mGLY: 06,27|2|1.5826
268mILE: 06,27|2|1.8971
447mGLY: 00,12|2|0.898
124mVAL: 11,24|2|0.3889
127mTHR: 11,24|2|1.0768
305mTHR: 12,27|2|0.1908
134mMET: 04,13|2|0.4289
197mSER: 24,28|2|0.5386
182mLEU: 17,26|2|0.1064
447mVAL: 00,12|2|0.5724
428mPHE: 00,12|2|0.292
273mGLY: 12,19|2|1.1677
258mGLY: 12,19|2|0.8803
127mCYS: 11,24|2|0.4169
419mCYS: 00,12|2|1.0449
136mVAL: 04,11|2|0.5857
197mMET: 24,28|2|0.7268
122mALA: 17,24|2|0.4693
293mCYS: 03,09|2|1.4587
361mHIS: 22,25|2|0.2482
288mCYS: 00,19|2|0.5656
161mLEU: 22,25|2|0.1659
120mTRP: 06,14|2|0.3371
326mGLY: 09,15|2|1.1767
293mGLN: 03,09|2|0.8341
296mGLU: 03,09|2|1.0247
285mSER: 00,23|2|0.2072
168mHIS: 01,02|2|0.7769
158mHIS: 02,25|2|0.7602
293mPRO: 03,09|2|0.4339
158mPRO: 25,28|2|0.2678
273mTRP: 12,19|2|0.6255
274mGLN: 06,27|2|0.6849
258mTHR: 12,19|2|1.2789
362mGLY: 03,25|2|0.441
280mASN: 03,19|2|0.3492
399mILE: 00,12|2|0.1305
139mTHR: 04,10|2|0.6763
299mTHR: 03,27|2|0.0502
326mTHR: 09,15|2|1.1812
318mILE: 03,09|2|0.6833
162mASP: 08,25|2|0.1386
283mLEU: 00,12|2|0.9039
136mALA: 04,11|2|1.764
360mHIS: 22,25|2|0.832
196mLEU: 13,24|2|0.2706
119mILE: 06,17|2|0.2645
250mSER: 22,28|2|0.4387
127mGLY: 11,24|2|0.4347
327mHIS: 00,19|2|0.1091
290mGLN: 03,23|2|1.3364
441mHIS: 09,15|2|0.7612
272mTHR: 12,27|2|0.8762
293mLEU: 03,09|2|1.2131
399mLYS: 12,19|2|1.1095
293mGLY: 03,09|2|0.7714
274mASP: 06,27|2|1.3187
197mLEU: 24,28|2|0.8786
329mTHR: 09,15|2|0.5575
303mLYS: 06,27|2|0.998
354mMET: 03,25|2|0.275
325mTHR: 09,15|2|0.2029
121mSER: 17,24|2|0.0861
273mALA: 12,19|2|1.2027
268mMET: 06,27|2|1.5869
215mGLU: 06,27|2|0.5141
143mGLU: 17,27|2|0.5287
401mLEU: 00,19|2|0.1952
318mGLY: 03,09|2|0.7257
438mTHR: 03,09|2|0.517
441mLEU: 09,15|2|0.254
421mHIS: 12,19|2|0.4648
421mCYS: 00,12|2|1.4202
177mGLU: 17,21|2|0.2766
124mTRP: 11,24|2|0.4503
123mGLU: 11,24|2|0.3928
318mTRP: 03,09|2|0.7243
319mCYS: 09,19|2|1.0277
196mGLU: 13,24|2|0.3852
300mGLU: 09,27|2|0.2697
121mALA: 06,17|2|0.5085
318mHIS: 03,09|2|0.639
158mASN: 02,25|2|0.4723
172mGLY: 23,29|2|0.2956
269mHIS: 18,19|2|0.6462
159mASN: 20,28|2|0.9375
314mGLY: 03,09|2|0.2208
325mGLU: 09,15|2|0.6539
124mASN: 11,24|2|0.8489
163mASP: 02,28|2|0.294
137mMET: 14,21|2|0.5018
163mVAL: 02,28|2|0.0428
318mTHR: 03,09|2|0.8902
268mGLN: 06,27|2|1.7941
438mGLU: 03,09|2|0.7585
196mVAL: 13,24|2|0.2464
136mMET: 04,10|2|0.2932
216mHIS: 05,11|2|0.6617
204mGLU: 24,28|2|0.8189
119mSER: 17,26|2|0.979
285mHIS: 00,23|2|0.5433
291mLEU: 00,19|2|0.0958
143mILE: 17,27|2|0.578
181mLYS: 21,26|2|0.2562
250mILE: 22,28|2|0.0906
134mASP: 04,10|2|1.2406
323mTHR: 00,09|2|0.0951
122mLEU: 17,24|2|0.6829
124mMET: 11,24|2|0.8953
124mTHR: 11,24|2|0.9451
140mLYS: 14,27|2|0.5361
215mASN: 06,27|2|0.4381
182mTHR: 17,26|2|0.0507
354mASN: 03,25|2|0.1224
401mGLY: 00,19|2|0.428
303mLEU: 06,27|2|1.6209
436mALA: 03,15|2|0.5602
441mMET: 09,15|2|0.6436
177mMET: 17,21|2|0.5516
284mPRO: 00,12|2|0.7081
124mSER: 11,24|2|1.2172
318mSER: 03,09|2|0.5456
400mASN: 00,12|2|0.4019
447mSER: 00,12|2|0.9905
251mASN: 02,22|2|0.9256
159mCYS: 22,28|2|1.5024
447mHIS: 00,12|2|0.899
436mSER: 03,15|2|0.472
142mPHE: 17,27|2|0.7617
296mTHR: 03,09|2|0.6992
168mMET: 01,02|2|0.4947
196mGLY: 13,24|2|0.586
258mCYS: 12,19|2|1.0603
267mPRO: 17,26|2|0.2098
312mASP: 12,19|2|0.9703
177mALA: 17,21|2|0.0498
303mVAL: 06,27|2|0.9991
316mALA: 00,19|2|1.0687
354mSER: 03,25|2|0.1444
319mGLN: 00,19|2|0.9497
245mPRO: 25,28|2|1.0292
124mGLU: 11,24|2|1.3917
290mPRO: 03,23|2|1.319
127mALA: 11,24|2|0.8526
191mHIS: 10,20|2|0.3563
360mMET: 22,25|2|0.406
241mPHE: 04,07|2|0.5548
438mASN: 03,09|2|0.4587
139mGLN: 04,10|2|0.7198
316mILE: 00,19|2|0.263
447mASN: 00,12|2|1.0283
182mALA: 17,26|2|0.3999
290mGLY: 03,23|2|0.9516
130mPRO: 04,07|2|1.2018
141mLEU: 06,17|2|1.6747
379mSER: 00,19|2|0.6857
447mALA: 00,12|2|0.5537
240mALA: 02,25|2|0.482
134mILE: 04,13|2|0.2749
327mGLY: 00,19|2|0.1876
441mLYS: 09,15|2|0.089
362mCYS: 03,22|2|0.7081
269mSER: 18,19|2|0.186
274mALA: 06,27|2|0.8432
357mSER: 22,23|2|0.2836
290mLEU: 03,23|2|1.4856
419mSER: 00,12|2|0.6207
250mLYS: 22,28|2|0.3181
290mASN: 03,23|2|0.8262
329mALA: 09,15|2|0.797
379mASN: 00,19|2|0.692
290mTHR: 03,23|2|1.4426
401mASP: 00,19|2|0.2192
162mLEU: 08,25|2|0.1676
248mMET: 22,28|2|0.7657
140mGLY: 14,27|2|0.6765
379mCYS: 00,19|2|1.4049
316mLEU: 00,19|2|0.5982
240mSER: 05,25|2|0.0919
280mHIS: 03,19|2|0.6194
428mPRO: 00,12|2|0.7392
428mILE: 00,12|2|0.5024
303mPHE: 06,27|2|0.7945
359mPRO: 05,23|2|0.4486
319mTHR: 00,19|2|1.0494
269mGLY: 18,19|2|0.1313
447mGLU: 00,12|2|1.0431
273mLYS: 12,19|2|1.3881
362mLEU: 03,22|2|0.2109
258mGLU: 12,19|2|1.0961
280mGLY: 03,19|2|0.4276
290mALA: 03,23|2|1.1706
319mTRP: 00,19|2|0.8212
163mLEU: 02,28|2|0.2727
362mGLN: 22,25|2|0.1195
296mGLY: 03,09|2|1.4387
421mLEU: 00,12|2|0.6929
303mSER: 06,27|2|1.9051
300mHIS: 09,27|2|0.8277
326mASN: 09,15|2|0.6897
398mGLY: 00,12|2|0.6326
215mILE: 06,27|2|0.084
362mGLU: 22,25|2|0.6844
303mGLN: 06,27|2|1.0855
124mLEU: 11,24|2|0.678
281mLEU: 03,23|2|0.3218
399mGLU: 00,19|2|0.9237
190mILE: 05,20|2|0.0228
440mPHE: 03,25|2|0.0438
436mLEU: 03,15|2|0.4644
196mMET: 13,24|2|0.6602
293mGLU: 03,09|2|1.4896
139mVAL: 04,10|2|0.7309
244mMET: 10,29|2|0.0982
419mVAL: 00,12|2|0.0833
241mTRP: 04,07|2|0.5174
268mPHE: 06,27|2|2.1275
354mGLY: 03,25|2|0.2008
240mGLY: 05,25|2|0.2231
135mTHR: 11,24|2|0.4866
303mASN: 06,27|2|0.6068
326mSER: 09,15|2|0.3631
300mLEU: 09,27|2|0.23
436mILE: 03,15|2|0.0336
143mPRO: 17,27|2|0.8626
177mGLY: 17,21|2|0.4774
123mGLY: 11,24|2|0.6366
139mHIS: 04,10|2|0.6924
296mALA: 03,09|2|1.4499
274mGLU: 06,27|2|1.1981
197mTHR: 24,28|2|0.9218
290mMET: 03,23|2|1.118
250mGLY: 22,28|2|0.52
196mSER: 13,24|2|0.5296
280mSER: 03,19|2|0.3712
305mLEU: 12,27|2|0.1261
141mSER: 06,17|2|0.8652
169mASN: 20,23|2|0.1083
143mTHR: 17,27|2|0.643
360mGLY: 22,25|2|0.673
300mGLY: 09,27|2|0.7782
273mILE: 12,19|2|0.6624
283mMET: 00,12|2|0.7984
177mVAL: 17,21|2|0.1378
258mLYS: 12,19|2|1.2749
167mPRO: 23,29|2|0.5318
273mPRO: 12,19|2|0.587
440mTRP: 09,25|2|0.3333
190mLEU: 05,23|2|0.192
293mMET: 03,09|2|0.8775
359mPHE: 05,22|2|0.1672
355mGLY: 03,12|2|0.0564
356mCYS: 12,23|2|0.4887
326mASP: 09,15|2|0.4894
423mSER: 12,19|2|0.3997
251mMET: 02,22|2|0.6513
318mGLN: 03,09|2|0.8138
293mASP: 03,09|2|0.8427
181mGLU: 17,21|2|0.8504
268mLEU: 06,27|2|2.3011
300mGLN: 09,27|2|0.2438
163mGLU: 02,28|2|0.2664
196mASN: 13,24|2|0.5076
323mGLY: 00,09|2|0.1475
266mPHE: 14,21|2|1.6632
134mHIS: 04,13|2|0.715
134mGLN: 04,13|2|0.5495
141mILE: 06,17|2|1.0685
196mTHR: 13,24|2|0.424
356mASP: 05,23|2|1.4336
274mHIS: 06,27|2|1.0183
258mALA: 12,19|2|1.3503
379mASP: 00,19|2|1.3602
303mGLU: 06,27|2|2.2766
143mSER: 17,27|2|0.0941
136mLYS: 10,11|2|1.5648
266mTRP: 14,21|2|1.0841
157mTYR: 25,28|2|0.3529
140mTHR: 14,27|2|0.343
121mCYS: 17,21|2|0.3654
300mSER: 09,27|2|0.5758
312mHIS: 12,19|2|0.5955
177mTHR: 17,21|2|0.3154
438mHIS: 03,09|2|0.5727
273mTHR: 12,19|2|1.6892
379mTHR: 00,19|2|1.013
137mASP: 06,17|2|0.1745
318mLEU: 03,09|2|0.835
279mHIS: 00,19|2|0.3441
250mALA: 22,28|2|0.863
379mPHE: 00,19|2|1.1753
279mSER: 00,19|2|0.2163
251mPRO: 22,28|2|0.251
145mMET: 17,18|2|0.3258
316mVAL: 00,19|2|0.7692
291mGLU: 00,19|2|0.3011
141mVAL: 06,17|2|1.2894
122mMET: 17,24|2|0.6939
127mVAL: 11,24|2|0.7769
303mTHR: 06,27|2|2.2277
419mLYS: 00,12|2|0.6881
197mVAL: 24,28|2|0.6799
324mGLY: 00,19|2|0.1929
447mILE: 00,12|2|0.4747
120mTYR: 14,17|2|0.1891
268mVAL: 06,27|2|1.9743
424mASN: 00,19|2|0.3655
159mGLN: 20,28|2|0.1246
423mTHR: 12,19|2|0.4981
162mCYS: 08,25|2|0.6648
216mMET: 05,11|2|0.3903
181mALA: 18,26|2|0.3276
268mSER: 06,27|2|0.9938
400mTHR: 00,12|2|0.8023
272mGLU: 12,27|2|0.7948
143mGLY: 17,27|2|0.7816
379mILE: 00,19|2|0.9248
182mCYS: 17,26|2|0.3022
357mCYS: 20,23|2|0.4706
329mGLY: 09,15|2|0.4053
379mLEU: 00,19|2|1.3389
318mASN: 03,09|2|0.6238
218mARG: 10,20|2|0.0194
191mMET: 01,20|2|0.5236
312mMET: 12,19|2|0.3471
124mALA: 11,24|2|0.7409
158mVAL: 25,28|2|1.1162
318mALA: 03,09|2|0.6214
440mARG: 09,25|2|0.2066
143mLEU: 17,27|2|0.6841
303mASP: 06,27|2|1.7605
281mALA: 03,23|2|0.5821
124mASP: 11,24|2|0.7874
329mVAL: 09,15|2|0.4865
318mVAL: 03,09|2|0.7528
300mMET: 09,27|2|0.5925
428mMET: 00,12|2|0.0654
379mGLY: 00,19|2|1.135
290mASP: 03,23|2|1.3796
447mASP: 00,12|2|0.3447
296mLEU: 03,09|2|0.5078
163mPHE: 02,28|2|0.1091
122mVAL: 17,24|2|0.6007
447mMET: 00,12|2|0.754
141mMET: 06,17|2|1.1763
197mGLU: 24,28|2|1.0811
126mALA: 11,24|2|0.432
438mGLN: 03,09|2|0.5135
134mVAL: 04,13|2|0.7444
312mSER: 12,19|2|0.4978
139mILE: 04,10|2|0.2857
438mSER: 03,09|2|0.6635
428mHIS: 00,12|2|0.7734
379mGLN: 00,19|2|1.0662
283mASN: 12,19|2|0.4964
215mLYS: 06,27|2|0.1753
204mGLY: 24,28|2|0.5665
316mGLY: 00,19|2|1.0164
136mTRP: 04,10|2|0.477
141mPRO: 06,17|2|0.5427
285mMET: 00,23|2|0.3728
354mTHR: 03,25|2|0.0388
215mTHR: 06,27|2|0.3733
196mASP: 13,24|2|0.0166
291mTHR: 00,19|2|0.1295
293mTHR: 03,09|2|1.2348
273mCYS: 12,19|2|0.2179
272mHIS: 12,19|2|0.4526
316mTHR: 00,19|2|0.9549
362mSER: 03,25|2|0.4157
324mTHR: 00,19|2|0.0628
197mHIS: 24,28|2|0.4892
441mTRP: 09,15|2|0.2828
362mHIS: 03,25|2|0.2038
312mGLU: 12,19|2|0.6919
141mCYS: 06,17|2|1.9079
143mGLN: 17,27|2|0.4648
428mASN: 00,12|2|0.9142
219mTYR: 16,23|2|0.2007
290mILE: 03,23|2|1.3442
141mGLN: 06,17|2|1.0125
248mILE: 20,28|2|0.4264
159mPHE: 20,28|2|0.3892
290mTRP: 03,23|2|1.2354
293mSER: 03,09|2|0.4542
274mTHR: 06,27|2|0.8616
136mASN: 04,10|2|1.0361
326mGLU: 09,15|2|0.9836
428mGLN: 00,12|2|0.5526
379mPRO: 00,19|2|1.0996
124mGLY: 11,24|2|1.3392
279mGLY: 00,19|2|0.3905
401mSER: 00,19|2|0.282
293mALA: 03,09|2|0.8647
318mMET: 03,09|2|0.846
303mHIS: 06,27|2|2.4304
401mALA: 00,19|2|0.466
258mVAL: 12,19|2|0.5642
123mASP: 11,24|2|0.3631
268mTRP: 06,27|2|1.4691
266mILE: 14,21|2|1.4868
265mTHR: 21,26|2|0.2465
322mGLU: 09,15|2|0.5437
124mHIS: 11,24|2|1.3475
436mVAL: 03,15|2|0.4604
196mILE: 13,24|2|0.1086
124mPHE: 11,24|2|0.2076
196mALA: 13,24|2|0.1584
281mGLU: 03,23|2|0.1093
273mHIS: 12,19|2|0.8759
135mCYS: 11,24|2|0.6486
241mASN: 04,07|2|0.1941
354mHIS: 03,25|2|0.3926
119mTHR: 06,17|2|0.9621
273mASP: 12,19|2|1.732
122mGLN: 17,24|2|0.6617
419mPHE: 00,12|2|0.1295
273mASN: 12,19|2|1.2229
441mGLN: 09,15|2|0.3608
177mHIS: 17,21|2|0.6692
379mMET: 00,19|2|0.6698
140mGLU: 06,14|2|0.4167
360mSER: 22,25|2|0.6788
126mTHR: 11,24|2|0.8343
290mPHE: 03,23|2|1.4988
379mHIS: 00,19|2|0.5407
400mILE: 00,12|2|0.2022
299mHIS: 03,09|2|0.2663
280mMET: 03,19|2|0.5018
325mLEU: 09,15|2|0.106
274mSER: 06,27|2|0.625
145mSER: 17,18|2|0.2088
357mASN: 22,29|2|0.3459
136mGLN: 04,10|2|0.6406
312mGLN: 12,19|2|0.3918
438mGLY: 03,09|2|0.9821
359mGLU: 05,22|2|1.1004
121mASP: 17,21|2|0.7109
438mLEU: 03,09|2|0.1696
196mHIS: 13,24|2|0.7778
141mTYR: 06,17|2|0.4622
268mTYR: 06,27|2|0.7093
379mTRP: 00,19|2|0.9858
447mLEU: 00,12|2|0.5119
131mCYS: 04,11|2|0.3464
293mVAL: 03,09|2|0.9443
379mTYR: 00,19|2|0.4862
273mSER: 12,19|2|1.358
419mILE: 00,12|2|0.3807
145mHIS: 17,18|2|0.6727
177mTRP: 17,21|2|0.1908
273mGLN: 12,19|2|0.9212
283mCYS: 00,12|2|1.2579
330mGLY: 00,15|2|0.4485
158mMET: 02,25|2|0.5365
300mTHR: 09,27|2|0.3397
141mASP: 06,17|2|1.1669
258mASP: 12,19|2|0.8934
428mLYS: 00,12|2|0.6614
424mLEU: 00,12|2|0.6295
251mARG: 02,28|2|0.1782
251mTRP: 02,22|2|0.4358
440mVAL: 03,25|2|0.3526
359mVAL: 05,23|2|0.236
273mGLU: 12,19|2|1.9254
143mALA: 17,27|2|1.0901
142mCYS: 17,27|2|0.5758
357mALA: 22,23|2|0.5493
356mPRO: 05,29|2|0.5934
316mASN: 00,19|2|0.5134
172mALA: 23,29|2|0.3336
162mASN: 05,23|2|0.1953
136mILE: 10,11|2|0.4399
121mASN: 21,24|2|0.4575
122mILE: 17,24|2|0.5312
285mGLU: 00,23|2|0.1751
196mTRP: 13,24|2|0.2994
131mASP: 07,24|2|0.3792
128mGLY: 13,24|2|0.2715
177mGLN: 17,21|2|0.2688
441mILE: 09,15|2|0.092
143mASN: 17,27|2|0.3254
130mTRP: 04,07|2|1.3852
319mGLU: 00,19|2|1.1061
135mPHE: 11,24|2|0.3922
274mGLY: 06,27|2|0.5547
215mALA: 06,27|2|0.1381
436mTHR: 03,15|2|1.0726
219mILE: 16,29|2|0.0835
177mASN: 17,21|2|0.399
128mSER: 13,24|2|0.1121
299mLYS: 03,27|2|0.7335
356mPHE: 05,23|2|0.3828
290mVAL: 03,23|2|1.3454
139mASN: 04,10|2|0.543
197mGLN: 24,28|2|0.5742
401mLYS: 00,19|2|0.1324
215mSER: 06,27|2|0.3893
305mALA: 12,27|2|0.0927
318mGLU: 03,09|2|0.9663
242mARG: 22,23|2|1.066
119mALA: 17,26|2|1.4248
362mTHR: 22,25|2|0.4481
140mALA: 14,27|2|0.9024
191mGLN: 01,20|2|0.2377
300mLYS: 03,09|2|0.0705
122mTRP: 17,24|2|0.5722
299mARG: 03,27|2|0.2514
284mASP: 00,23|2|0.8338
177mSER: 17,21|2|0.421
141mPHE: 06,17|2|1.1658
297mCYS: 03,23|2|0.0624
281mASP: 03,23|2|0.5471
316mGLU: 00,19|2|1.0452
303mMET: 06,27|2|2.2089
419mTHR: 00,12|2|0.6184
139mSER: 04,10|2|0.9268
119mLYS: 17,24|2|0.9862
289mCYS: 03,09|2|0.43
293mILE: 03,09|2|0.7988
447mTHR: 00,12|2|0.9217
158mILE: 25,28|2|0.7699
268mPRO: 06,27|2|1.6984
319mASN: 00,19|2|0.8248
428mLEU: 00,12|2|0.7352
273mVAL: 12,19|2|0.4685
119mHIS: 06,17|2|0.4123
312mGLY: 12,19|2|0.6841
204mSER: 24,28|2|0.3114
143mPHE: 17,27|2|0.6044
297mTYR: 03,23|2|0.0884
361mGLY: 22,25|2|0.0564
245mPHE: 25,28|2|1.3684
269mMET: 18,19|2|0.4169
216mILE: 11,27|2|0.3277
379mVAL: 00,19|2|1.109
288mGLU: 00,19|2|0.2192
124mGLN: 11,24|2|0.6675
283mTHR: 12,19|2|1.2185
438mMET: 03,09|2|0.3054
447mTRP: 00,12|2|0.5385
441mASN: 09,15|2|0.491
123mLEU: 11,24|2|0.4158
447mGLN: 00,12|2|0.6229
299mILE: 03,27|2|0.6793
379mALA: 00,19|2|1.1148
290mHIS: 03,23|2|0.5864
330mSER: 00,15|2|0.1229
247mASN: 05,28|2|0.0948
197mILE: 24,28|2|0.535
290mSER: 03,23|2|0.6478
197mGLY: 24,28|2|0.7039
122mPHE: 17,24|2|0.5542
361mMET: 22,25|2|0.1306
293mPHE: 03,09|2|0.8976
436mASN: 03,09|2|0.271
244mGLN: 10,11|2|0.2541
305mGLU: 12,27|2|0.2546
324mGLU: 00,19|2|0.2202
325mASP: 09,15|2|0.2945
303mALA: 06,27|2|1.9941
312mTHR: 12,19|2|0.3473
158mPHE: 25,28|2|0.6816
161mASP: 02,22|2|0.5619
283mTYR: 12,19|2|0.2847
204mHIS: 24,28|2|0.5325
128mCYS: 11,24|2|0.4145
247mGLY: 05,28|2|0.2099
283mALA: 00,12|2|1.354
281mGLY: 03,23|2|0.46
329mGLU: 09,15|2|0.4597
217mASP: 04,05|2|1.077
142mTYR: 14,27|2|0.803
136mLEU: 04,11|2|1.0023
401mILE: 00,19|2|0.0676
216mLYS: 11,27|2|0.618
426mGLY: 00,12|2|0.4492
196mLYS: 13,24|2|0.1056
315mGLY: 09,19|2|0.1711
428mVAL: 00,12|2|1.3052
419mLEU: 00,19|2|0.6746
290mGLU: 03,23|2|1.6336
290mTYR: 03,23|2|0.424
324mSER: 00,19|2|0.2432
312mALA: 12,19|2|0.6439
143mVAL: 17,27|2|0.9111
258mSER: 12,19|2|0.9409
379mGLU: 00,19|2|1.3326
362mASP: 03,22|2|0.1819
399mCYS: 00,19|2|0.826
123mALA: 11,24|2|0.2931
250mLEU: 22,28|2|0.1891
325mCYS: 09,15|2|0.3748
360mTHR: 22,25|2|0.2308
268mHIS: 06,27|2|0.7589
290mCYS: 03,23|2|2.0636
197mTRP: 24,28|2|0.3112
242mTYR: 22,23|2|0.8348
438mALA: 03,09|2|0.5435
399mLEU: 00,19|2|0.5113
197mALA: 24,28|2|0.6877
266mPRO: 14,21|2|1.4842
274mMET: 06,27|2|1.0607
