250mGLY: 03,05,08,09,11,14,18,20,24,25,28|11|5.2977
248mALA: 03,05,08,09,11,17,18,19,20,25,28|11|6.0491
250mGLU: 03,05,08,09,11,14,18,20,24,25,28|11|3.969
251mGLY: 03,05,08,11,18,20,21,24,25,28|10|6.2336
248mLEU: 03,05,08,09,11,17,19,20,25,28|10|5.7709
251mALA: 03,05,08,11,18,20,21,24,25,28|10|6.9308
251mTHR: 03,05,08,11,18,20,21,24,25,28|10|7.1368
251mASN: 03,05,08,11,18,20,21,24,25,28|10|4.0687
251mLEU: 03,05,08,11,18,20,21,24,25,28|10|6.319
158mALA: 03,05,08,18,20,21,23,24,25,28|10|8.172
251mMET: 03,05,08,11,18,20,21,24,25,28|10|5.2472
158mGLY: 03,05,08,18,20,21,23,24,25,28|10|7.5496
250mALA: 05,08,09,11,14,18,20,24,25,28|10|5.6227
251mSER: 03,05,08,11,18,20,21,24,25,28|10|5.4467
248mGLY: 03,05,08,09,11,17,19,20,25,28|10|5.9309
251mVAL: 03,05,08,11,18,20,21,24,25,28|10|5.8143
251mILE: 03,05,08,11,18,20,21,24,25,28|10|5.3015
251mGLN: 03,05,08,11,18,20,21,24,25,28|10|5.3731
158mSER: 03,05,08,18,20,21,23,24,25,28|10|5.9219
248mGLU: 03,05,08,09,11,17,19,20,25,28|10|7.7573
248mSER: 03,05,08,09,11,17,19,20,25,28|10|4.9977
250mSER: 03,05,08,09,11,14,20,24,28|9|4.2148
158mGLU: 03,05,08,18,20,21,23,24,25|9|10.6135
248mHIS: 03,05,09,11,17,19,20,25,28|9|4.2425
250mVAL: 05,09,11,14,18,20,24,25,28|9|4.3807
251mHIS: 03,05,08,11,18,21,24,25,28|9|4.7219
251mGLU: 03,05,08,18,20,21,24,25,28|9|7.3806
158mTHR: 03,05,08,18,20,21,23,24,25|9|9.4067
251mASP: 03,05,08,18,20,21,24,25,28|9|5.576
251mTRP: 03,05,08,18,20,21,24,25,28|9|3.6033
248mTHR: 03,05,08,09,17,19,20,25,28|9|6.6844
250mTHR: 05,09,11,14,18,20,24,25,28|9|4.7575
248mVAL: 03,05,08,09,17,19,20,25,28|9|5.7464
250mLEU: 05,09,11,14,18,20,24,25,28|9|4.0033
158mHIS: 03,05,18,20,21,23,24,25|8|5.2539
250mGLN: 05,09,14,18,20,24,25,28|8|1.4386
158mLEU: 03,05,18,20,21,23,24,25|8|8.433
158mASN: 03,05,18,20,21,23,24,25|8|5.6607
244mGLY: 02,05,08,17,19,24,27,29|8|2.0828
158mGLN: 03,05,18,20,21,23,24,25|8|7.9812
242mSER: 02,11,20,24,25,27,28,29|8|3.5737
242mGLY: 02,11,20,24,25,27,28,29|8|3.3962
245mALA: 05,08,11,19,20,24,27,28|8|3.4858
248mMET: 03,05,09,17,19,20,25,28|8|5.1709
158mASP: 03,18,20,21,23,24,25,28|8|7.8395
242mALA: 02,11,20,24,25,27,28,29|8|3.5295
242mMET: 02,11,20,24,25,27,28,29|8|2.4293
158mMET: 03,05,18,20,21,23,24,25|8|7.36
158mVAL: 03,05,18,20,21,23,24,25|8|8.219
242mVAL: 02,11,20,24,25,27,28,29|8|3.0496
248mASN: 03,05,09,17,19,20,25,28|8|4.0728
242mILE: 02,11,20,24,25,27,28,29|8|1.8501
242mLEU: 02,11,20,24,25,27,28,29|8|2.1027
250mCYS: 05,08,11,18,20,24,25,28|8|3.6241
242mTHR: 02,11,20,24,25,27,28,29|8|3.9591
250mMET: 05,09,11,14,20,24,25,28|8|3.177
242mGLN: 02,11,20,24,25,27,28,29|8|2.3925
158mILE: 03,05,18,20,21,23,24,25|8|7.1204
242mASN: 02,11,20,24,25,27,28,29|8|2.769
251mCYS: 05,08,11,18,20,21,24,28|8|7.0088
242mHIS: 02,11,20,24,25,27,28,29|8|2.7322
127mTHR: 05,08,09,14,17,19,20|7|1.8373
243mGLY: 02,11,19,20,24,25,28|7|1.6148
245mSER: 05,08,11,20,24,27,28|7|2.9125
204mGLU: 03,05,16,20,21,23,25|7|3.2514
250mILE: 05,09,11,14,20,24,28|7|2.5798
245mASN: 05,08,11,14,20,27,28|7|2.6283
159mGLU: 08,11,18,20,23,25,28|7|2.5108
250mLYS: 05,08,09,11,14,20,28|7|2.9523
244mTHR: 02,05,08,14,19,24,27|7|2.5328
244mMET: 05,08,14,17,24,27,29|7|1.3168
261mALA: 00,07,16,21,22,23,26|7|3.5774
261mMET: 00,07,16,21,22,23,26|7|2.359
261mHIS: 00,07,16,21,22,23,26|7|2.4346
261mGLY: 00,07,16,21,22,23,26|7|2.8048
248mTRP: 03,05,09,17,19,20,25|7|4.2006
242mGLU: 02,11,20,24,25,27,28|7|3.4913
244mHIS: 02,05,14,17,19,24,29|7|1.1794
251mLYS: 03,05,08,11,18,25,28|7|3.0198
158mCYS: 03,18,20,21,23,25,28|7|10.038
248mGLN: 03,05,09,17,19,20,25|7|5.4225
158mTRP: 03,05,18,20,21,23,25|7|6.3323
242mASP: 02,11,20,24,25,27,28|7|3.0264
261mLEU: 00,07,16,21,22,23,26|7|2.9527
248mILE: 03,05,09,17,19,20,25|7|4.6007
244mSER: 02,05,17,19,24,27,29|7|1.2179
245mGLY: 05,08,11,20,24,27,28|7|3.4751
244mALA: 02,05,08,14,19,24,27|7|2.603
246mGLY: 09,11,14,19,24,25,28|7|2.0313
261mGLN: 00,07,16,21,22,23,26|7|1.7157
261mSER: 00,07,16,21,22,23,26|7|2.6725
251mARG: 03,05,08,11,18,25,28|7|1.2077
261mTHR: 00,07,16,21,22,23,26|7|3.7481
242mLYS: 02,11,20,24,25,28,29|7|2.5687
243mSER: 02,11,19,24,25,27,28|7|1.5064
248mCYS: 03,05,11,18,19,20,25|7|6.5837
261mILE: 00,07,16,21,22,23,26|7|1.9201
159mGLY: 03,08,18,20,23,25,27|7|1.468
204mSER: 03,05,16,20,21,23,25|7|3.4509
246mTHR: 09,14,19,20,24,25,28|7|1.7214
237mTHR: 03,05,08,14,20,24,25|7|0.6492
197mGLY: 05,08,09,17,19,20,25|7|2.9096
261mLYS: 00,07,16,21,22,23,26|7|1.9119
197mALA: 05,08,09,17,19,20,25|7|3.122
197mASN: 05,08,09,17,19,25|6|2.2242
250mASN: 05,09,11,14,20,28|6|2.3446
158mPRO: 03,18,20,21,23,25|6|5.3935
245mGLU: 05,08,11,20,27,28|6|4.3318
159mALA: 03,08,11,18,25,27|6|1.9738
243mHIS: 11,19,20,24,25,28|6|1.2996
164mGLU: 02,11,18,27,28,29|6|2.6509
159mVAL: 08,11,18,20,23,25|6|1.5664
127mALA: 05,09,14,17,19,20|6|1.1796
250mHIS: 05,09,11,14,20,28|6|3.6658
204mASN: 03,05,16,20,23,25|6|1.4522
244mVAL: 02,08,14,19,24,27|6|1.6629
251mPHE: 05,11,18,20,21,24|6|3.6746
246mVAL: 09,11,14,19,24,25|6|2.0291
159mTHR: 08,11,18,20,23,25|6|2.6101
205mSER: 05,14,16,17,21,22|6|2.5491
159mCYS: 03,11,18,20,23,27|6|3.1389
246mHIS: 09,11,14,24,25,28|6|1.9408
245mVAL: 05,08,11,20,27,28|6|3.607
126mGLY: 05,08,09,14,17,20|6|2.3538
164mCYS: 02,11,18,27,28,29|6|3.9491
243mMET: 11,19,20,24,25,28|6|1.172
266mGLU: 00,04,07,16,22,26|6|4.4662
126mSER: 05,08,09,14,19,20|6|1.2537
243mTHR: 02,11,20,24,27,28|6|1.8473
197mLEU: 05,08,17,19,20,25|6|3.284
206mGLY: 03,05,08,09,14,17|6|4.2287
243mGLU: 02,11,20,24,27,28|6|2.675
126mALA: 05,08,09,14,17,20|6|2.3666
204mGLY: 03,05,16,20,23,25|6|3.9175
251mPRO: 05,11,18,20,21,24|6|2.9196
244mGLU: 05,08,14,19,24,27|6|2.5905
197mHIS: 05,08,09,17,19,25|6|2.1566
127mSER: 05,08,09,14,19,20|6|1.6233
261mVAL: 00,16,21,22,23,26|6|2.5061
127mHIS: 05,08,09,14,19,20|6|1.3106
245mILE: 05,08,11,20,27,28|6|3.0064
245mMET: 05,08,11,20,27,28|6|3.6988
180mGLU: 00,04,12,16,22,26|6|3.3796
242mTRP: 11,20,24,25,27,28|6|1.1451
205mASN: 05,14,16,17,21,22|6|2.6916
248mASP: 03,05,08,19,20,25|6|5.6253
159mILE: 08,11,18,20,23,25|6|0.6003
245mGLN: 05,08,11,20,27,28|6|3.4359
245mHIS: 05,08,11,20,27,28|6|2.729
205mTHR: 05,14,16,17,21,22|6|3.8735
261mGLU: 00,07,16,21,23,26|6|2.5306
206mGLU: 03,05,08,09,14,17|6|6.3665
261mASN: 00,16,21,22,23,26|6|1.5574
246mSER: 09,11,14,24,25,28|6|1.7403
126mGLU: 05,08,09,14,17,20|6|2.8297
206mSER: 03,05,08,09,14,17|6|3.4676
206mASN: 03,05,08,09,14,17|6|3.7457
245mTRP: 05,08,11,20,27,28|6|2.5589
244mGLN: 05,08,14,19,24,27|6|1.588
180mSER: 00,04,12,16,22,26|6|3.399
158mPHE: 03,18,20,21,23,25|6|6.9909
204mHIS: 03,05,16,20,23,25|6|2.5735
243mGLN: 02,11,20,24,27,28|6|1.3818
245mTHR: 05,08,11,20,27,28|6|4.4038
205mGLU: 05,14,16,17,21,22|6|4.6751
245mLEU: 05,08,11,20,27,28|6|3.8959
178mVAL: 00,04,16,22,26|5|1.6428
261mARG: 00,07,16,21,22|5|0.7693
204mVAL: 03,05,16,23,25|5|2.0601
126mMET: 05,08,09,14,20|5|1.3647
206mALA: 03,05,08,09,14|5|3.8098
201mLEU: 03,05,14,21,25|5|1.9271
127mGLY: 08,09,14,19,20|5|1.2978
178mSER: 00,04,16,22,26|5|2.2462
265mLYS: 00,04,07,16,22|5|1.3984
157mGLY: 03,08,11,18,20|5|3.1695
178mLYS: 00,04,16,22,26|5|1.3551
197mGLU: 05,08,17,19,25|5|3.9975
264mTHR: 07,16,22,23,26|5|1.1361
259mSER: 07,16,21,23,26|5|1.8656
264mGLY: 07,16,22,23,26|5|1.3008
137mGLU: 04,09,12,14,17|5|1.2139
196mVAL: 08,09,14,17,20|5|2.3139
201mSER: 03,05,14,21,25|5|1.9564
119mSER: 00,04,12,17,22|5|1.3936
178mGLY: 00,04,16,22,26|5|2.1617
157mSER: 03,08,11,18,20|5|2.496
147mHIS: 00,04,12,22,26|5|0.5059
229mSER: 00,16,21,22,26|5|0.739
244mLEU: 05,08,14,24,27|5|1.9409
204mILE: 03,05,16,23,25|5|2.0625
178mLEU: 00,04,16,22,26|5|1.1924
247mTHR: 05,11,18,24,25|5|1.1463
205mGLN: 05,16,17,21,22|5|3.4508
244mASP: 05,08,19,24,27|5|2.0714
147mSER: 00,04,12,22,26|5|0.7338
261mTRP: 00,07,21,23,26|5|0.4588
228mGLY: 16,21,22,23,26|5|0.8498
201mTRP: 03,05,14,21,25|5|1.7467
158mTYR: 03,18,20,21,23|5|1.8307
259mASP: 07,16,21,23,26|5|2.1756
201mGLY: 03,05,14,21,25|5|2.2523
204mLYS: 03,16,20,23,25|5|1.564
264mSER: 07,16,22,23,26|5|1.7118
205mHIS: 05,16,17,21,22|5|2.6745
246mALA: 09,11,14,19,25|5|2.2672
127mGLU: 08,09,14,17,20|5|1.5361
237mLEU: 03,08,14,24,25|5|0.2708
245mASP: 05,08,11,20,24|5|3.1035
201mASP: 03,05,14,21,25|5|1.2729
265mGLU: 00,04,16,22,26|5|2.5982
266mASN: 00,04,16,22,26|5|2.5776
180mGLY: 04,12,16,22,26|5|3.9611
205mGLY: 05,16,17,21,22|5|3.187
264mGLU: 07,16,22,23,26|5|0.8871
266mSER: 00,04,16,22,26|5|2.7894
246mMET: 09,11,14,25,28|5|1.1132
201mTHR: 03,05,14,21,25|5|2.524
196mTHR: 08,09,14,17,20|5|2.4627
157mHIS: 03,11,18,20,28|5|2.5427
204mPHE: 03,05,16,23,25|5|0.2981
243mASP: 02,11,24,27,28|5|1.1789
119mGLY: 00,04,12,17,22|5|1.7338
237mGLU: 03,08,14,24,25|5|0.7793
261mPHE: 00,21,22,23,26|5|0.7704
229mTHR: 00,16,22,23,26|5|2.2688
261mCYS: 07,16,22,23,26|5|3.3703
197mVAL: 05,08,17,19,25|5|3.1043
242mCYS: 02,11,27,28,29|5|1.3234
157mGLU: 03,08,11,18,20|5|4.9216
159mGLN: 08,18,20,23,25|5|0.7003
265mTHR: 00,04,16,22,26|5|1.6361
119mASP: 00,04,09,12,17|5|1.5471
229mGLU: 16,21,22,23,26|5|2.3704
266mVAL: 00,04,07,16,26|5|3.0741
261mASP: 00,07,21,23,26|5|1.5035
264mVAL: 07,16,22,23,26|5|0.1805
178mMET: 00,04,16,22,26|5|1.2464
180mALA: 04,12,16,22,26|5|3.735
180mMET: 04,12,16,22,26|5|2.2486
205mVAL: 05,16,17,21,22|5|3.2451
157mTHR: 03,11,18,20,28|5|4.213
201mHIS: 03,05,14,21,25|5|2.1758
137mSER: 04,09,12,14,17|5|0.794
201mILE: 03,05,14,21,25|5|1.5055
197mSER: 05,08,17,19,25|5|2.1211
164mTHR: 02,11,18,27,29|5|2.0027
205mALA: 05,16,17,21,22|5|2.849
181mGLY: 00,04,12,16,26|5|1.1744
264mGLN: 07,16,22,23,26|5|0.6601
262mGLY: 00,04,16,22,26|5|1.8852
205mILE: 05,16,17,21,22|5|2.7744
205mMET: 05,16,17,21,22|5|3.3634
259mTHR: 07,16,21,23,26|5|2.2389
266mTHR: 00,04,16,22,26|5|3.7057
180mTHR: 00,12,16,22,26|5|3.3318
264mASN: 07,16,22,23,26|5|1.3066
178mHIS: 00,04,16,22,26|5|1.8281
201mPHE: 03,05,14,21,25|5|1.363
245mCYS: 05,08,11,20,24|5|4.9871
201mGLN: 03,05,14,21,25|5|2.0491
259mGLN: 07,16,21,23,26|5|1.4926
243mLEU: 02,11,20,24,28|5|0.6802
178mASN: 00,04,16,22,26|5|1.208
201mGLU: 03,05,14,21,25|5|2.7782
201mMET: 03,05,14,21,25|5|2.386
178mALA: 00,04,16,22,26|5|2.0211
205mTRP: 05,16,17,21,22|5|2.8841
246mASN: 09,14,24,25,28|5|1.2982
178mILE: 00,04,16,22,26|5|1.2045
262mSER: 00,04,16,22,26|5|2.2868
204mMET: 03,05,16,23,25|5|1.8837
204mCYS: 03,05,16,23,25|5|2.2977
201mASN: 03,05,14,21,25|5|2.1396
197mGLN: 05,08,17,19,25|5|3.179
201mALA: 03,05,14,21,25|5|1.4856
204mALA: 03,05,16,23,25|5|3.0686
180mHIS: 04,12,16,22,26|5|2.3597
206mTHR: 03,05,08,09,17|5|5.2208
248mPRO: 03,05,19,20,25|5|3.2938
248mPHE: 03,05,19,20,25|5|4.1593
201mVAL: 03,05,14,21,25|5|1.8111
164mGLN: 02,11,18,27,29|5|1.4506
205mLEU: 05,16,17,21,22|5|3.4232
159mLEU: 11,18,20,23,25|5|1.1384
266mGLY: 00,04,16,22,26|5|3.5297
244mCYS: 05,08,14,24,27|5|2.8937
247mASN: 05,11,18,24,25|5|0.5728
197mILE: 05,08,17,19,25|5|2.7714
157mALA: 03,08,11,18,20|5|3.162
196mLYS: 08,09,14,17,20|5|0.6866
197mTHR: 05,08,17,19,25|5|3.4775
180mASN: 00,12,16,22,26|5|1.8852
204mLEU: 03,05,16,23,25|5|1.9106
163mTHR: 02,11,18,20,28|5|0.4973
196mGLN: 08,09,17,20|4|2.2015
235mGLU: 03,16,21,25|4|1.3857
259mGLY: 07,16,21,23|4|1.6968
182mLEU: 12,16,22,26|4|1.7525
199mSER: 03,08,14,20|4|0.846
247mMET: 05,11,24,25|4|0.721
136mVAL: 09,10,14,17|4|2.8145
121mGLU: 00,04,10,12|4|1.7689
182mGLU: 12,16,22,26|4|2.0724
196mALA: 08,09,17,20|4|2.0981
258mTHR: 07,16,23,26|4|1.2479
136mALA: 09,10,14,17|4|3.3564
259mALA: 07,16,21,23|4|1.8022
229mHIS: 00,21,22,23|4|0.4409
235mALA: 03,16,21,25|4|0.7006
121mSER: 04,09,12,17|4|1.2289
136mLYS: 09,10,14,17|4|2.7366
126mASP: 05,09,17,20|4|0.9172
235mVAL: 03,16,21,25|4|0.964
145mTHR: 00,04,10,12|4|0.6813
147mTHR: 00,04,12,26|4|0.598
229mGLY: 21,22,23,26|4|0.928
264mTRP: 16,22,23,26|4|0.282
262mGLU: 00,16,22,26|4|1.7796
142mALA: 00,04,10,12|4|1.2732
265mALA: 00,04,16,22|4|3.1131
196mGLU: 08,09,17,20|4|2.7514
235mHIS: 03,16,21,25|4|1.6473
265mCYS: 00,04,16,22|4|1.3021
182mTRP: 12,16,22,26|4|1.5455
136mMET: 09,10,14,17|4|2.9521
217mALA: 02,04,10,29|4|1.3386
268mASN: 04,07,10,12|4|2.7647
182mTHR: 12,16,22,26|4|1.9396
246mCYS: 03,14,24,25|4|1.4353
136mPHE: 09,10,14,17|4|1.6089
163mCYS: 11,18,20,28|4|0.9196
157mASN: 03,11,18,20|4|2.717
135mSER: 09,14,17,19|4|0.7901
266mMET: 00,04,16,26|4|3.6093
245mPRO: 05,08,11,20|4|2.2064
157mVAL: 03,11,18,20|4|3.6232
182mALA: 12,16,22,26|4|1.2692
147mVAL: 00,04,12,26|4|0.4948
245mPHE: 05,08,11,20|4|2.9695
262mALA: 00,16,22,26|4|2.2138
259mLEU: 07,16,21,23|4|1.3575
157mLEU: 03,11,18,20|4|4.01
145mVAL: 00,04,10,12|4|0.3081
228mCYS: 16,21,22,26|4|2.5876
246mLEU: 09,11,14,25|4|0.8041
127mASN: 05,08,19,20|4|0.703
235mGLY: 03,16,21,25|4|1.4463
243mALA: 02,11,24,28|4|0.7323
247mHIS: 05,11,24,25|4|1.1172
250mPHE: 05,20,24,28|4|0.6034
119mLEU: 00,04,12,17|4|1.5183
127mLEU: 05,17,19,20|4|0.7571
235mILE: 03,16,21,25|4|0.6878
136mGLU: 09,10,14,17|4|3.8079
182mVAL: 12,16,22,26|4|1.576
197mMET: 05,17,19,25|4|2.8294
217mASN: 02,04,10,29|4|1.0727
206mTRP: 03,05,08,09|4|4.152
157mILE: 03,11,18,20|4|3.4135
196mMET: 08,09,17,20|4|2.8813
123mTHR: 09,14,17,19|4|1.8515
126mLEU: 05,08,09,20|4|1.953
146mTHR: 00,04,10,12|4|2.6067
196mSER: 08,09,17,20|4|2.2707
119mCYS: 00,09,12,17|4|2.3705
119mGLU: 00,04,12,17|4|1.8349
235mGLN: 03,16,21,25|4|1.2215
199mTHR: 03,08,17,20|4|1.0341
163mGLU: 02,11,18,20|4|0.7265
196mASN: 08,09,17,20|4|2.0346
178mGLU: 04,16,22,26|4|1.6712
147mGLY: 00,04,22,26|4|0.8042
228mALA: 16,21,22,26|4|1.2424
165mASN: 02,18,27,29|4|1.2816
123mSER: 09,14,17,19|4|1.1843
266mTRP: 00,04,16,26|4|2.2599
199mMET: 03,08,14,20|4|0.848
204mTHR: 03,05,21,25|4|1.1442
136mASP: 09,10,14,17|4|1.4918
197mASP: 08,17,19,25|4|3.2686
136mTHR: 09,10,14,17|4|2.7581
235mLEU: 03,16,21,25|4|1.0825
165mHIS: 02,18,27,29|4|1.1593
165mSER: 02,18,27,29|4|1.213
262mMET: 00,04,16,26|4|0.8503
265mMET: 00,04,16,22|4|0.7466
127mVAL: 05,17,19,20|4|1.2528
206mILE: 03,05,08,09|4|4.0968
206mMET: 03,05,08,09|4|4.5214
157mTRP: 03,11,18,20|4|3.4277
135mGLY: 09,14,17,19|4|1.1681
181mALA: 00,04,16,26|4|0.9908
235mTHR: 03,16,21,25|4|1.3678
237mMET: 03,08,14,25|4|0.8071
157mGLN: 03,11,18,20|4|3.7972
164mVAL: 02,18,27,29|4|0.4517
126mVAL: 05,08,09,17|4|1.8108
206mHIS: 03,05,08,09|4|3.1618
206mVAL: 03,05,08,09|4|4.376
180mVAL: 04,12,16,26|4|2.6114
159mMET: 18,20,23,25|4|0.9158
180mCYS: 04,12,22,26|4|2.1801
261mPRO: 07,22,23,26|4|0.5998
246mLYS: 09,14,24,25|4|2.6925
137mGLY: 09,12,14,17|4|0.7689
178mTHR: 00,04,16,26|4|1.4376
146mASP: 00,04,10,12|4|1.4491
135mHIS: 09,14,17,19|4|0.7137
145mGLN: 00,04,10,12|4|0.3828
235mSER: 03,16,21,25|4|1.1816
136mTRP: 09,10,14,17|4|1.5015
264mMET: 16,22,23,26|4|1.0036
217mTHR: 02,04,10,29|4|1.1401
196mASP: 08,09,17,20|4|1.5637
180mLYS: 12,16,22,26|4|1.862
146mILE: 00,04,10,12|4|1.2008
228mMET: 16,22,23,26|4|0.8106
262mTHR: 00,16,22,26|4|1.8615
159mPHE: 08,18,20,23|4|0.2454
146mLEU: 00,04,10,12|4|1.4651
136mASN: 09,10,14,17|4|3.1785
165mGLY: 02,18,27,29|4|1.4254
235mMET: 03,16,21,25|4|1.6779
127mMET: 08,17,19,20|4|0.7529
265mSER: 00,04,16,22|4|2.3287
182mGLN: 12,16,22,26|4|1.7635
266mILE: 00,04,16,26|4|2.6663
235mTRP: 03,16,21,25|4|1.015
136mSER: 09,10,14,17|4|4.1546
206mLEU: 03,05,08,09|4|4.845
196mILE: 08,09,17,20|4|2.017
146mGLU: 00,04,10,12|4|2.5797
196mLEU: 08,09,17,20|4|2.4672
206mGLN: 03,05,08,09|4|4.611
264mHIS: 16,22,23,26|4|1.2388
180mGLN: 00,12,16,26|4|1.0771
119mTHR: 00,04,12,17|4|1.6663
217mSER: 02,04,10,29|4|1.5949
144mGLY: 00,04,10,12|4|0.2653
131mGLY: 05,08,14,19|4|0.906
196mGLY: 08,09,17,20|4|2.8145
126mTHR: 05,09,17,20|4|2.4821
182mMET: 12,16,22,26|4|1.9693
136mGLN: 09,10,14,17|4|1.8438
235mASN: 03,16,21,25|4|1.2268
201mLYS: 03,14,21,25|4|0.601
265mGLY: 00,04,16,22|4|3.1594
199mGLY: 03,08,14,20|4|0.9181
123mILE: 09,14,17,19|4|0.7833
136mGLY: 09,10,14,17|4|4.2023
266mALA: 00,04,16,26|4|2.8133
237mGLN: 03,08,14,25|4|0.3185
259mGLU: 07,16,21,23|4|2.4859
123mVAL: 09,14,17,19|4|1.4214
264mLEU: 16,22,23,26|4|0.2244
199mHIS: 03,08,14,20|4|1.2799
180mLEU: 04,12,16,26|4|2.2519
146mALA: 00,04,10,12|4|2.5582
136mILE: 09,10,14,17|4|2.7039
180mILE: 04,12,16,26|4|1.942
196mTRP: 08,09,17,20|4|1.8888
159mSER: 08,25,27,28|4|0.8678
146mVAL: 00,04,10,12|4|2.3964
182mGLY: 12,16,22,26|4|1.6916
161mASN: 03,08,27,28|4|0.6528
136mHIS: 09,10,14,17|4|3.5722
244mILE: 08,14,24,27|4|1.2547
136mLEU: 09,10,14,17|4|2.6079
242mARG: 02,11,28,29|4|1.299
119mALA: 00,04,12,17|4|2.3451
197mCYS: 17,19,20,25|4|4.4209
182mILE: 12,16,22,26|4|1.3681
266mGLN: 00,04,16,26|4|2.8861
217mGLU: 02,04,10,29|4|1.5453
247mSER: 05,11,24,25|4|0.8488
266mLEU: 00,04,16,26|4|3.5308
134mGLY: 05,09,14,19|4|1.0941
262mHIS: 00,04,16,26|4|1.047
182mHIS: 12,16,22,26|4|1.6141
262mCYS: 00,07,16,26|4|1.4607
147mALA: 00,04,12,26|4|0.852
265mHIS: 00,04,16,22|4|1.1604
157mMET: 03,11,18,20|4|3.6754
145mASP: 00,04,10,12|4|0.4279
217mLYS: 02,04,10,29|4|0.8676
247mGLY: 05,11,24,25|4|0.611
182mSER: 12,16,22,26|4|1.3032
266mCYS: 00,04,07,26|4|5.1329
126mCYS: 05,09,17,20|4|4.0717
266mHIS: 00,04,16,26|4|2.9104
229mGLN: 16,22,23,26|4|0.7233
196mHIS: 08,09,17,20|4|2.6858
262mLYS: 00,07,16,22|4|1.6486
123mALA: 09,14,17,19|4|1.1962
182mASN: 12,16,22,26|4|1.4486
197mTRP: 05,17,19,25|4|2.7034
145mGLU: 00,04,10,12|4|1.2013
131mSER: 05,08,19|3|0.7239
245mTYR: 05,11,20|3|0.4563
205mPHE: 05,21,22|3|2.6917
130mGLN: 02,14,20|3|2.382
123mLYS: 09,17,19|3|1.2608
246mASP: 14,24,25|3|0.1659
268mILE: 04,07,12|3|4.0923
130mGLU: 02,14,20|3|2.8356
229mLEU: 22,23,26|3|1.4443
127mCYS: 05,17,20|3|0.5954
164mARG: 02,18,27|3|1.6209
194mTHR: 02,27,29|3|1.2739
259mASN: 21,23,26|3|1.364
217mHIS: 02,10,29|3|0.987
163mILE: 11,20,28|3|0.1395
137mASN: 04,12,14|3|0.9014
119mILE: 00,12,17|3|0.7036
262mLEU: 00,16,26|3|1.4395
123mMET: 14,17,19|3|1.3398
123mGLN: 14,17,19|3|0.9229
229mVAL: 00,22,26|3|1.2388
121mHIS: 04,09,17|3|1.0728
377mTHR: 01,06,15|3|1.0416
262mILE: 00,16,26|3|0.7614
258mLEU: 07,16,23|3|0.7285
268mGLU: 04,07,12|3|5.0988
268mMET: 04,07,12|3|3.6895
243mVAL: 02,11,28|3|0.5674
161mGLU: 03,08,28|3|1.0491
131mALA: 05,14,19|3|1.3218
181mHIS: 00,12,26|3|0.4404
123mGLU: 14,17,19|3|1.2166
201mARG: 03,21,25|3|0.0504
163mASN: 02,18,28|3|0.6318
130mHIS: 02,14,20|3|1.6574
164mASP: 02,18,27|3|2.3062
131mVAL: 05,14,19|3|0.7438
377mGLU: 01,06,15|3|1.3705
199mLEU: 14,17,20|3|0.488
168mCYS: 02,27,29|3|1.6659
205mTYR: 05,21,22|3|0.5377
376mGLN: 01,06,15|3|0.2136
163mASP: 11,18,20|3|0.3743
163mVAL: 11,20,28|3|0.3184
161mSER: 03,27,28|3|0.7645
131mHIS: 05,08,19|3|0.6228
124mTHR: 09,14,17|3|1.0451
204mGLN: 03,05,21|3|0.6182
376mTRP: 01,06,15|3|0.0576
164mTRP: 02,18,27|3|0.6121
126mILE: 05,08,09|3|1.0575
136mCYS: 09,14,17|3|2.0294
232mHIS: 16,21,23|3|1.516
268mALA: 04,07,12|3|3.5964
248mTYR: 03,05,19|3|0.829
146mCYS: 00,10,12|3|2.6671
258mCYS: 07,16,23|3|2.2927
228mASP: 16,22,26|3|1.6386
194mCYS: 02,27,29|3|0.3596
266mASP: 00,04,26|3|2.3459
232mILE: 16,21,23|3|1.6758
232mLEU: 16,21,23|3|1.8211
228mILE: 16,22,26|3|1.0677
135mALA: 09,14,17|3|0.9929
126mGLN: 05,09,20|3|0.9025
376mHIS: 01,06,15|3|1.0144
379mSER: 01,06,15|3|1.7845
377mGLN: 01,06,15|3|0.7913
160mPRO: 18,23,28|3|0.6318
146mGLY: 00,04,12|3|1.5835
218mSER: 02,10,29|3|0.9476
205mPRO: 05,21,22|3|2.0421
199mCYS: 09,17,25|3|0.8027
197mTYR: 17,19,25|3|0.8172
339mSER: 01,06,15|3|0.5128
379mASN: 01,06,15|3|1.7667
232mGLN: 16,21,23|3|1.9809
130mILE: 02,14,20|3|2.1249
229mALA: 21,22,26|3|1.152
268mCYS: 04,07,12|3|6.0115
130mLEU: 02,14,20|3|2.499
199mVAL: 14,17,20|3|0.8712
146mLYS: 00,04,10|3|0.2997
357mALA: 18,28,29|3|1.2764
159mTRP: 20,23,25|3|0.28
165mMET: 02,27,29|3|1.3573
130mGLY: 02,14,20|3|2.0134
259mARG: 07,21,26|3|0.4246
165mTHR: 02,27,29|3|1.9297
163mLEU: 11,20,28|3|0.22
217mGLY: 02,10,29|3|1.798
161mLYS: 03,18,28|3|0.4662
168mASP: 02,27,29|3|0.7969
130mASN: 02,14,20|3|1.7469
165mCYS: 18,27,29|3|2.1172
339mGLY: 01,06,15|3|0.2352
119mGLN: 00,04,17|3|0.5321
130mALA: 02,14,20|3|1.9143
165mGLU: 02,18,29|3|2.0488
268mPHE: 04,07,12|3|4.5018
126mHIS: 08,17,20|3|1.166
259mCYS: 07,16,26|3|1.8888
160mMET: 03,18,23|3|0.2701
268mGLN: 04,07,12|3|4.2033
123mGLY: 14,17,19|3|1.2132
199mALA: 14,17,20|3|0.7208
199mASN: 03,08,20|3|0.4794
141mSER: 04,10,12|3|1.1212
258mLYS: 07,23,26|3|1.2397
218mGLY: 02,10,29|3|1.1342
123mASN: 14,17,19|3|0.9786
246mARG: 14,24,25|3|1.4086
142mGLU: 00,10,12|3|0.9211
262mASP: 07,16,26|3|0.7261
181mGLU: 00,22,26|3|1.5253
268mLEU: 04,07,12|3|4.5975
134mHIS: 05,09,14|3|0.8118
141mASN: 04,10,12|3|0.8889
164mGLY: 02,18,27|3|2.156
120mGLY: 00,04,17|3|0.6479
134mASN: 05,14,19|3|0.522
145mTRP: 00,10,12|3|0.1677
357mASP: 18,28,29|3|0.562
141mGLY: 04,10,12|3|1.3548
232mVAL: 16,21,23|3|2.2547
228mTRP: 16,22,26|3|0.572
377mHIS: 01,06,15|3|0.6748
134mALA: 05,09,14|3|0.6459
160mCYS: 18,23,28|3|1.4133
379mTHR: 01,06,15|3|2.7747
144mALA: 04,10,12|3|0.7611
145mILE: 00,10,12|3|0.2355
194mGLN: 02,27,29|3|0.5448
217mASP: 04,10,29|3|0.4124
268mVAL: 04,07,12|3|4.1648
178mCYS: 00,16,22|3|0.9804
376mSER: 01,06,15|3|0.518
268mSER: 04,07,12|3|2.2136
229mMET: 22,23,26|3|0.8786
181mCYS: 00,04,26|3|3.0836
228mVAL: 16,22,26|3|1.4077
338mGLY: 01,06,15|3|0.691
144mHIS: 00,10,12|3|0.4064
131mTHR: 05,08,14|3|0.4567
120mSER: 04,12,17|3|0.5721
124mALA: 09,14,17|3|0.0936
216mGLY: 02,10,29|3|0.1668
357mLEU: 18,28,29|3|0.5792
379mGLY: 01,06,15|3|2.0648
376mGLU: 01,06,15|3|0.2292
246mILE: 09,14,25|3|1.1324
232mGLU: 16,21,23|3|2.8685
165mPRO: 18,27,29|3|1.3959
228mGLU: 16,22,26|3|2.5633
146mHIS: 00,04,10|3|0.7415
259mHIS: 07,21,23|3|0.558
230mGLU: 16,23,26|3|0.9772
145mCYS: 00,10,12|3|1.0756
130mASP: 02,14,20|3|2.086
159mLYS: 03,08,25|3|0.4646
244mTRP: 08,24,27|3|0.7758
127mLYS: 05,19,20|3|0.994
194mVAL: 02,27,29|3|1.0371
259mILE: 07,16,21|3|0.6629
165mLEU: 02,27,29|3|1.5874
121mGLY: 09,12,17|3|1.0391
128mSER: 08,09,20|3|0.1867
119mMET: 04,17,22|3|0.8792
126mLYS: 14,17,19|3|0.7937
377mLEU: 01,06,15|3|0.7165
194mMET: 02,27,29|3|0.6814
146mGLN: 00,04,12|3|1.3091
376mTHR: 01,06,15|3|0.3068
268mGLY: 04,07,12|3|3.1532
145mPHE: 00,10,12|3|0.4131
141mTHR: 04,10,12|3|1.2665
205mASP: 05,21,22|3|3.2241
266mPHE: 00,04,26|3|2.5411
164mTYR: 02,18,27|3|0.2805
181mVAL: 00,04,26|3|0.8277
178mGLN: 00,04,26|3|0.9364
165mLYS: 02,18,27|3|1.0995
146mSER: 00,04,12|3|1.005
123mCYS: 09,14,17|3|0.6003
268mASP: 04,07,12|3|4.1525
164mLEU: 02,11,29|3|1.1849
268mTYR: 04,07,12|3|1.2606
141mGLU: 04,10,12|3|1.4328
159mHIS: 11,25,27|3|0.5285
164mLYS: 02,18,27|3|2.6024
120mASP: 00,04,12|3|0.9664
228mLEU: 16,22,26|3|1.7361
232mTRP: 16,21,23|3|1.2023
262mVAL: 00,16,26|3|1.3977
197mPRO: 17,19,25|3|2.4995
194mGLY: 02,27,29|3|0.465
258mASP: 07,16,23|3|1.1086
164mHIS: 02,18,27|3|1.3286
232mASN: 16,21,23|3|1.8632
142mCYS: 04,10,12|3|2.0233
163mSER: 02,18,28|3|0.5497
163mHIS: 02,18,28|3|0.7002
268mTHR: 04,07,12|3|4.5452
377mGLY: 01,06,15|3|1.0085
130mTRP: 02,14,20|3|2.1525
120mMET: 00,04,17|3|1.3776
134mSER: 05,09,19|3|0.7636
146mMET: 00,04,12|3|0.8545
121mMET: 04,09,17|3|0.6142
265mLEU: 04,16,22|3|0.8925
145mLEU: 00,10,12|3|0.5286
228mTHR: 16,22,26|3|1.8452
232mGLY: 16,21,23|3|2.224
137mTHR: 04,12,14|3|0.9088
161mGLY: 03,27,28|3|0.7134
142mGLY: 00,04,10|3|0.8653
228mGLN: 16,22,26|3|1.2457
244mPHE: 08,24,27|3|0.8888
232mALA: 16,21,23|3|2.1885
376mASN: 01,06,15|3|0.474
147mGLU: 00,16,26|3|0.7542
259mVAL: 16,21,23|3|1.1735
258mGLU: 07,16,23|3|1.071
268mPRO: 04,07,12|3|3.8379
232mTHR: 16,21,23|3|2.7565
120mGLU: 00,04,12|3|1.9046
164mASN: 02,18,27|3|1.6606
232mMET: 16,21,23|3|1.7532
165mALA: 02,27,29|3|1.349
119mPRO: 00,09,17|3|0.1605
119mHIS: 04,17,22|3|1.1955
312mGLY: 07,13,15|3|0.776
168mTHR: 02,27,29|3|0.5859
197mPHE: 17,19,25|3|2.9836
165mVAL: 02,27,29|3|1.5451
123mPHE: 14,17,19|3|0.4035
123mLEU: 14,17,19|3|1.1913
232mSER: 16,21,23|3|1.6447
142mTHR: 00,10,12|3|1.2393
144mTHR: 04,10,12|3|1.073
259mLYS: 07,21,26|3|1.0167
164mSER: 02,18,27|3|2.3663
376mMET: 01,06,15|3|0.7792
123mHIS: 14,17,19|3|1.3156
130mTHR: 02,14,20|3|2.5879
357mGLY: 18,28,29|3|0.8314
123mASP: 14,17,19|3|0.3534
123mARG: 09,17,19|3|0.6555
246mPRO: 14,24,25|3|0.9604
130mMET: 02,14,20|3|2.3372
205mCYS: 05,21,22|3|3.4774
144mGLU: 04,10,12|3|0.2627
250mTRP: 05,09,14|3|0.4402
268mTRP: 04,07,12|3|3.8613
312mALA: 07,13,15|3|0.3864
258mSER: 07,23,26|3|1.9425
379mGLU: 01,06,15|3|3.2837
130mVAL: 02,14,20|3|2.2645
130mSER: 02,14,20|3|1.5013
376mGLY: 01,06,15|3|0.6308
119mLYS: 09,12,17|3|1.3095
265mILE: 04,16,22|3|1.1174
237mCYS: 08,24,25|3|0.4615
194mLEU: 02,27,29|3|0.6542
268mHIS: 04,07,12|3|2.1535
242mTYR: 02,11,28|3|0.5163
168mGLU: 02,27,29|3|1.2887
266mPRO: 00,04,26|3|1.3533
219mLEU: 02,29|2|0.431
259mPHE: 16,21|2|0.5882
357mLYS: 18,29|2|0.7785
182mPRO: 22,26|2|1.1611
249mARG: 08,18|2|0.0336
219mCYS: 02,29|2|1.8118
137mGLN: 12,14|2|0.1164
217mMET: 10,29|2|0.8654
183mILE: 00,26|2|0.0493
203mGLU: 21,25|2|0.4861
335mTHR: 01,15|2|0.2472
142mVAL: 00,10|2|0.7216
124mVAL: 09,14|2|0.3161
134mMET: 05,09|2|0.3802
193mVAL: 02,29|2|0.5061
216mASN: 10,29|2|0.0836
273mGLY: 23,26|2|0.6612
258mGLY: 07,23|2|2.1671
160mLEU: 18,23|2|0.6528
400mSER: 01,15|2|0.6056
247mLYS: 24,25|2|0.8346
297mGLY: 13,29|2|0.0768
164mILE: 02,27|2|0.9885
217mCYS: 10,29|2|0.498
219mTHR: 02,29|2|0.6752
193mGLU: 02,29|2|0.8887
403mLEU: 01,15|2|0.4404
273mTRP: 23,26|2|0.3721
341mTHR: 01,06|2|1.0494
139mTHR: 10,14|2|1.4437
246mTYR: 14,25|2|0.1392
244mLYS: 02,24|2|0.4697
249mASN: 08,18|2|0.5412
337mTRP: 01,15|2|0.7736
270mSER: 07,26|2|0.6294
139mLEU: 10,14|2|1.0832
249mILE: 08,18|2|0.1422
329mTHR: 01,13|2|0.2612
119mTYR: 12,17|2|0.396
130mTYR: 02,14|2|0.6192
228mPRO: 22,26|2|0.7046
341mHIS: 01,06|2|0.9751
273mALA: 23,26|2|0.614
267mVAL: 04,10|2|0.1697
160mARG: 18,28|2|0.3538
219mHIS: 02,29|2|0.8549
377mSER: 01,06|2|1.042
267mMET: 04,10|2|0.4698
337mVAL: 01,15|2|1.0226
244mPRO: 08,24|2|0.707
228mPHE: 22,26|2|1.1337
157mARG: 11,20|2|0.0485
193mILE: 02,29|2|0.4444
277mVAL: 23,29|2|0.2058
165mASP: 18,29|2|1.4205
122mARG: 12,17|2|0.289
122mASP: 12,17|2|0.4649
218mVAL: 10,29|2|0.8178
139mGLU: 10,14|2|1.6578
137mLYS: 04,12|2|0.7365
180mTRP: 16,26|2|0.3754
336mSER: 01,15|2|0.4401
193mALA: 02,29|2|0.6405
121mALA: 04,17|2|0.2993
403mALA: 01,15|2|0.6107
219mILE: 02,29|2|0.4429
159mASN: 08,25|2|0.8762
218mGLU: 02,29|2|1.3051
165mPHE: 27,29|2|1.1187
249mHIS: 08,18|2|0.8114
124mASN: 14,17|2|0.858
229mILE: 22,26|2|0.7356
126mPRO: 05,09|2|0.4069
130mCYS: 02,14|2|2.9107
134mGLU: 05,19|2|0.4786
216mHIS: 10,29|2|0.3538
146mPHE: 00,12|2|0.5047
182mASP: 22,26|2|1.3545
193mCYS: 02,29|2|1.4871
277mSER: 23,29|2|0.612
284mALA: 23,29|2|0.7858
181mLYS: 00,04|2|0.4022
312mLEU: 07,13|2|0.2475
229mCYS: 22,26|2|1.902
257mASN: 07,26|2|0.5238
206mTYR: 05,09|2|1.191
257mGLN: 07,26|2|0.3285
249mLYS: 08,18|2|0.1392
120mTHR: 00,04|2|1.2974
403mLYS: 01,15|2|0.3757
338mASN: 06,15|2|0.11
124mCYS: 09,17|2|0.9025
124mSER: 14,17|2|1.2302
312mTRP: 07,13|2|0.2907
294mSER: 13,29|2|0.2163
193mPHE: 02,29|2|0.3305
263mALA: 16,26|2|0.2571
206mASP: 05,09|2|4.108
357mHIS: 18,29|2|0.4328
257mGLY: 07,26|2|0.6414
249mMET: 08,18|2|0.6938
246mPHE: 14,25|2|0.1934
197mARG: 19,25|2|0.0194
218mALA: 10,29|2|0.8564
165mARG: 18,27|2|0.698
316mALA: 07,15|2|0.076
168mLEU: 27,29|2|0.5286
249mPHE: 08,18|2|0.0336
218mASN: 02,29|2|0.8866
124mGLU: 14,17|2|0.6221
379mCYS: 06,15|2|2.34
250mPRO: 05,24|2|0.3873
357mMET: 18,29|2|0.1606
139mGLN: 10,14|2|1.2812
123mTRP: 14,19|2|0.5066
201mPRO: 05,14|2|0.8088
267mTHR: 04,10|2|0.3959
130mPRO: 02,14|2|1.854
141mLEU: 04,10|2|0.9803
196mCYS: 17,20|2|2.4783
338mALA: 06,15|2|1.0367
196mPHE: 17,20|2|1.6874
337mGLN: 01,15|2|1.1108
134mILE: 05,09|2|0.0166
338mVAL: 06,15|2|0.5643
131mLYS: 05,19|2|0.5563
218mHIS: 10,29|2|0.8071
357mSER: 18,29|2|0.5921
183mCYS: 00,26|2|0.3763
144mLYS: 04,10|2|0.6388
217mILE: 04,29|2|0.235
160mILE: 18,23|2|0.5723
337mASP: 01,15|2|1.0911
336mVAL: 01,15|2|0.032
213mHIS: 04,12|2|0.2482
142mMET: 00,10|2|0.5338
145mGLY: 00,04|2|0.1294
273mPHE: 23,26|2|0.4252
294mGLY: 13,29|2|0.3435
403mILE: 01,15|2|0.4556
312mILE: 07,13|2|0.0045
267mGLU: 04,10|2|0.4526
339mHIS: 06,15|2|0.2702
400mMET: 01,15|2|0.6154
135mVAL: 14,17|2|0.4467
280mHIS: 07,23|2|0.4391
178mARG: 00,26|2|0.4749
181mILE: 04,26|2|0.4802
164mPRO: 18,27|2|1.0951
162mVAL: 11,27|2|0.065
257mMET: 07,26|2|0.7527
164mMET: 02,29|2|0.8468
237mGLY: 03,14|2|0.5094
265mASN: 00,04|2|1.1924
378mMET: 06,15|2|0.3917
273mLYS: 23,26|2|0.7148
230mTHR: 23,26|2|0.5254
125mHIS: 17,20|2|0.2601
194mTRP: 02,27|2|0.036
337mLEU: 01,15|2|0.9662
280mGLY: 07,23|2|0.3896
341mGLN: 01,06|2|0.9497
157mPHE: 11,20|2|3.7955
122mSER: 12,17|2|0.4875
181mTHR: 00,26|2|0.8009
403mHIS: 01,15|2|0.5438
337mILE: 01,15|2|0.6915
294mHIS: 13,29|2|0.1964
124mLEU: 09,14|2|0.1718
131mILE: 05,19|2|0.306
194mHIS: 02,29|2|0.7921
286mGLY: 15,23|2|0.1487
160mLYS: 18,28|2|0.7299
267mTRP: 04,10|2|0.1677
341mGLY: 01,06|2|0.9659
232mCYS: 16,23|2|1.2091
190mGLU: 02,27|2|0.574
400mGLY: 01,15|2|0.7892
219mGLU: 02,29|2|0.5938
139mVAL: 10,14|2|1.1275
122mASN: 12,17|2|0.6257
257mTRP: 07,26|2|0.2115
270mLEU: 07,26|2|0.3275
181mASP: 00,26|2|0.2153
146mASN: 00,04|2|0.7081
237mHIS: 03,14|2|0.7971
131mMET: 05,08|2|0.339
139mHIS: 10,14|2|1.4297
341mILE: 01,06|2|0.6848
216mSER: 10,29|2|0.1056
280mSER: 07,23|2|0.1872
120mHIS: 04,17|2|0.9447
181mGLN: 22,26|2|0.272
179mASN: 04,16|2|0.0836
277mMET: 23,29|2|0.6218
122mGLY: 12,17|2|0.5506
136mARG: 10,14|2|0.4802
125mGLU: 09,20|2|0.1313
273mILE: 23,26|2|0.5307
243mCYS: 24,29|2|0.0954
194mILE: 02,29|2|0.5663
273mPRO: 23,26|2|0.1507
283mASP: 07,23|2|0.4807
162mASP: 11,27|2|0.5331
206mPHE: 05,09|2|4.449
249mSER: 08,18|2|0.5632
168mGLY: 02,29|2|0.4949
259mMET: 16,21|2|0.8982
249mTHR: 08,18|2|0.4576
329mASP: 01,13|2|0.5077
142mLEU: 00,10|2|0.7639
218mILE: 10,29|2|0.7632
283mGLY: 07,23|2|0.4618
246mGLN: 14,25|2|0.442
341mALA: 01,06|2|0.6478
258mALA: 07,23|2|2.2725
379mASP: 06,15|2|2.3191
178mASP: 04,26|2|0.7708
263mHIS: 22,23|2|0.2519
219mALA: 02,29|2|1.0098
239mGLY: 09,19|2|0.0564
247mLEU: 24,25|2|0.3978
121mCYS: 10,12|2|1.8495
219mVAL: 02,29|2|0.9432
194mARG: 02,29|2|0.7974
257mGLU: 07,26|2|0.3402
312mHIS: 07,13|2|1.0083
119mPHE: 00,17|2|0.1888
337mSER: 01,15|2|1.0858
268mARG: 04,07|2|0.0388
120mGLN: 00,04|2|0.93
379mPHE: 06,15|2|2.1585
213mMET: 04,12|2|0.1306
194mGLU: 02,27|2|0.3559
403mGLU: 01,15|2|0.3474
258mHIS: 07,23|2|0.9746
193mTHR: 02,29|2|0.3989
139mTRP: 10,14|2|0.905
122mLYS: 12,17|2|0.5988
144mVAL: 10,12|2|0.7827
162mCYS: 11,27|2|0.8304
216mMET: 10,29|2|0.2362
313mGLY: 07,15|2|0.5912
400mTHR: 01,15|2|0.0681
257mSER: 07,26|2|0.5568
263mGLY: 22,23|2|0.2024
120mCYS: 00,12|2|1.5099
337mGLU: 01,15|2|1.4835
379mILE: 06,15|2|1.8123
168mPHE: 27,29|2|0.4131
182mCYS: 22,26|2|1.8455
123mTYR: 17,19|2|0.3224
141mGLN: 04,10|2|0.9195
141mASP: 04,10|2|0.6973
379mLEU: 06,15|2|2.4028
206mPRO: 05,09|2|3.6606
194mPRO: 02,29|2|0.3141
297mALA: 13,29|2|0.415
312mMET: 07,13|2|0.8319
190mCYS: 02,27|2|0.457
139mGLY: 10,14|2|1.4903
270mMET: 07,26|2|0.4355
378mSER: 01,15|2|0.1754
239mHIS: 09,19|2|0.2482
232mASP: 16,23|2|1.4024
329mVAL: 01,13|2|0.1545
131mLEU: 05,19|2|0.4066
249mTRP: 08,18|2|0.333
237mASN: 03,14|2|0.3918
183mTHR: 00,26|2|0.2815
163mPHE: 11,20|2|0.1624
160mALA: 18,23|2|0.5039
147mGLN: 00,26|2|0.1805
141mMET: 04,10|2|1.159
337mTHR: 01,15|2|1.25
312mSER: 07,13|2|0.636
139mILE: 10,14|2|0.7275
230mGLN: 23,26|2|0.28
379mGLN: 06,15|2|2.309
232mPHE: 16,23|2|1.2133
259mTRP: 16,21|2|0.3609
316mGLY: 07,15|2|0.3004
168mVAL: 27,29|2|0.3062
163mPRO: 18,28|2|0.2157
178mTRP: 04,26|2|0.5254
163mLYS: 18,28|2|0.8585
160mTHR: 18,23|2|0.8537
403mSER: 01,15|2|0.5637
199mGLN: 17,20|2|0.2895
400mHIS: 01,15|2|0.8339
312mGLU: 07,13|2|0.4194
270mGLY: 07,26|2|0.6169
337mHIS: 01,15|2|1.0591
277mGLY: 23,29|2|0.7956
312mGLN: 07,13|2|0.4077
400mGLU: 01,15|2|0.2449
341mASN: 01,06|2|0.8248
247mVAL: 24,25|2|0.7343
193mLEU: 02,29|2|0.7625
218mMET: 10,29|2|0.9132
139mALA: 10,14|2|1.0376
126mPHE: 05,09|2|0.9905
249mALA: 08,18|2|0.192
124mGLY: 14,17|2|0.7346
337mMET: 01,15|2|1.0682
180mPHE: 04,26|2|0.5892
341mVAL: 01,06|2|0.8232
270mHIS: 07,26|2|0.691
194mSER: 02,29|2|0.7532
273mLEU: 23,26|2|0.3621
157mCYS: 11,20|2|5.2075
341mMET: 01,06|2|1.1233
165mTRP: 18,29|2|1.0815
378mGLU: 01,06|2|0.9637
157mPRO: 11,20|2|3.346
258mVAL: 16,23|2|0.2174
165mILE: 27,29|2|1.2744
144mASN: 04,12|2|0.1321
161mCYS: 11,28|2|0.1351
122mGLU: 12,17|2|0.5592
341mSER: 01,06|2|0.7576
179mGLY: 04,16|2|0.162
161mHIS: 27,28|2|0.5465
182mPHE: 22,26|2|1.4654
168mGLN: 27,29|2|0.3582
127mILE: 05,20|2|0.4632
194mLYS: 02,29|2|1.0884
258mILE: 16,23|2|0.5057
273mASP: 23,26|2|0.4087
183mVAL: 00,26|2|0.2276
273mASN: 23,26|2|1.0394
400mASN: 01,15|2|0.2131
125mASN: 17,20|2|0.1225
267mGLY: 04,10|2|0.3124
379mMET: 06,15|2|2.5067
160mASP: 23,28|2|0.627
162mGLU: 11,27|2|0.5701
134mLEU: 05,09|2|0.21
157mTYR: 11,20|2|1.1085
142mGLN: 00,10|2|0.3675
379mHIS: 06,15|2|1.9386
232mPRO: 16,23|2|0.788
257mTHR: 07,26|2|0.3984
378mTHR: 01,06|2|0.5681
130mPHE: 02,14|2|2.2482
313mALA: 07,15|2|0.6672
249mGLY: 08,18|2|0.6196
121mASP: 04,12|2|1.8086
190mTHR: 02,27|2|0.1062
379mTRP: 06,15|2|2.0156
239mMET: 09,19|2|0.1306
179mHIS: 04,16|2|0.3538
131mCYS: 05,19|2|0.7404
377mASP: 01,06|2|0.4864
179mSER: 04,16|2|0.1056
273mSER: 23,26|2|0.9308
144mCYS: 10,12|2|1.3863
125mSER: 17,20|2|0.1786
242mPRO: 02,29|2|0.8087
120mLEU: 00,04|2|0.9916
273mGLN: 23,26|2|0.4239
270mALA: 07,26|2|0.6078
163mARG: 18,28|2|0.4296
283mCYS: 07,23|2|1.7965
127mARG: 05,19|2|0.3601
168mTRP: 27,29|2|0.1677
312mVAL: 07,13|2|0.2112
162mTHR: 11,27|2|0.0829
125mCYS: 09,17|2|0.3172
165mGLN: 27,29|2|1.2693
273mGLU: 23,26|2|1.2526
160mVAL: 18,23|2|0.7512
168mILE: 27,29|2|0.2355
267mLEU: 04,10|2|0.264
237mTRP: 03,14|2|0.0795
249mASP: 08,18|2|0.0502
121mASN: 09,12|2|0.3806
230mLEU: 23,26|2|0.2846
194mASN: 02,29|2|0.652
128mGLY: 08,20|2|0.1984
122mHIS: 12,17|2|0.5565
265mGLN: 04,26|2|0.8657
157mASP: 11,20|2|3.4975
336mTHR: 01,15|2|0.652
136mTYR: 10,14|2|0.2494
142mILE: 00,10|2|0.3295
130mLYS: 14,20|2|0.0959
213mGLY: 04,12|2|0.0564
193mASP: 02,29|2|0.2296
139mASN: 10,14|2|1.0986
337mASN: 01,15|2|0.8631
229mASP: 16,26|2|1.0001
164mALA: 02,27|2|1.5961
377mMET: 01,15|2|0.6092
341mLEU: 01,06|2|0.9175
338mLYS: 06,15|2|0.7791
277mLEU: 23,29|2|0.2297
218mCYS: 10,29|2|1.0277
273mTHR: 23,26|2|0.9516
277mALA: 23,29|2|0.2878
135mMET: 17,19|2|0.326
182mTYR: 22,26|2|0.3738
139mMET: 10,14|2|1.38
122mTRP: 12,17|2|0.2701
258mMET: 07,23|2|0.7963
206mCYS: 05,09|2|5.774
194mALA: 02,29|2|0.8016
163mGLY: 02,18|2|0.5211
145mPRO: 10,12|2|0.1484
257mVAL: 07,26|2|0.132
134mTHR: 05,19|2|0.3572
249mVAL: 08,18|2|0.28
139mSER: 10,14|2|1.3323
403mVAL: 01,15|2|0.4407
119mVAL: 00,17|2|0.6477
357mTHR: 18,29|2|0.5787
179mMET: 04,16|2|0.2362
204mTRP: 03,05|2|0.0705
146mTRP: 00,12|2|0.3537
249mLEU: 08,18|2|0.3042
181mLEU: 04,26|2|0.5912
273mVAL: 23,26|2|0.5194
377mALA: 01,06|2|0.7703
277mHIS: 23,29|2|0.8403
403mMET: 01,15|2|0.4429
247mALA: 24,25|2|0.6405
230mVAL: 23,26|2|0.2008
337mALA: 01,15|2|0.9767
237mSER: 03,14|2|0.4248
277mILE: 23,29|2|0.0829
125mTHR: 17,20|2|0.3206
379mVAL: 06,15|2|1.9906
142mLYS: 00,04|2|0.1585
124mGLN: 14,17|2|0.4068
190mASP: 02,27|2|0.3527
379mALA: 06,15|2|1.9619
160mGLN: 18,23|2|0.4328
141mCYS: 04,10|2|0.8375
147mASP: 00,26|2|0.6391
312mASN: 07,13|2|0.603
403mGLY: 01,15|2|0.6909
160mGLU: 23,28|2|0.791
341mTRP: 01,06|2|0.8212
266mTYR: 00,26|2|0.3484
248mARG: 03,19|2|0.0291
341mGLU: 01,06|2|1.1061
312mTHR: 07,13|2|0.4776
203mMET: 03,21|2|0.1574
141mHIS: 04,10|2|1.1284
218mTHR: 02,29|2|1.0882
135mGLU: 09,17|2|0.4456
357mCYS: 18,29|2|1.2635
337mGLY: 01,15|2|1.2156
339mMET: 06,15|2|0.1526
230mASP: 23,26|2|0.3035
257mHIS: 07,26|2|0.9291
283mALA: 07,23|2|1.2552
329mGLU: 01,13|2|0.729
199mILE: 17,20|2|0.4224
231mGLY: 16,23|2|0.2768
218mLEU: 10,29|2|0.8997
267mGLN: 04,10|2|0.2962
270mVAL: 07,26|2|0.5543
257mLEU: 07,26|2|0.1683
160mHIS: 03,18|2|0.3171
403mASP: 01,15|2|0.1509
203mTHR: 21,25|2|0.2692
338mHIS: 06,15|2|0.2475
284mCYS: 23,29|2|1.0578
127mASP: 09,14|2|0.2782
249mGLN: 08,18|2|0.411
141mALA: 04,10|2|0.9814
329mCYS: 01,13|2|0.612
379mPRO: 06,15|2|1.5211
160mASN: 18,28|2|0.2371
144mMET: 00,12|2|0.2273
249mGLU: 08,18|2|0.4188
337mPHE: 01,15|2|0.3799
