164mGLU: 00,06,09,10,11,15,20,23,24,25|10|9.8316
245mGLU: 00,04,07,09,11,12,14,21,23|9|8.2158
245mSER: 00,04,07,09,11,12,14,21,23|9|3.4162
245mASN: 00,04,07,09,11,12,14,21,23|9|3.4307
245mTRP: 00,04,07,09,11,12,14,21,23|9|5.4532
245mALA: 00,04,07,09,11,12,14,21,23|9|6.6571
245mVAL: 00,04,07,09,11,12,14,21,23|9|6.0235
245mILE: 00,04,07,09,11,12,14,21,23|9|6.5386
245mMET: 00,04,07,09,11,12,14,21,23|9|5.3619
245mGLY: 00,04,07,09,11,12,14,21,23|9|5.1842
245mGLN: 00,04,07,09,11,12,14,21,23|9|6.3431
245mHIS: 00,04,07,09,11,12,14,21,23|9|2.8497
245mTHR: 00,04,07,09,11,12,14,21,23|9|7.2206
245mLEU: 00,04,07,09,11,12,14,21,23|9|7.6117
164mTHR: 00,09,10,11,15,23,24,25|8|7.3593
164mILE: 00,09,10,11,15,23,24,25|8|3.0745
165mASP: 00,06,09,11,15,20,23,24|8|8.4001
245mPRO: 00,07,09,11,12,14,21,23|8|6.0118
242mGLY: 00,06,09,11,12,20,23,24|8|6.973
165mTHR: 00,06,09,11,15,20,23,24|8|6.6242
245mASP: 00,07,09,11,12,14,21,23|8|7.1638
165mGLU: 00,06,09,11,15,20,23,24|8|8.6419
165mASN: 00,06,09,11,15,20,23,24|8|6.1787
242mALA: 00,06,09,11,12,20,23,24|8|3.8133
165mSER: 00,06,09,11,15,20,23,24|8|5.7078
243mGLU: 00,06,09,11,14,20,23,24|8|6.118
242mGLU: 00,06,11,12,14,20,23,24|8|7.0675
165mGLY: 00,06,09,11,15,20,23,24|8|6.0074
165mILE: 00,06,09,11,15,20,23,24|8|2.2718
242mILE: 00,06,09,11,12,20,23,24|8|2.4318
165mLYS: 00,06,09,11,15,20,23,24|8|4.2046
245mCYS: 00,07,09,11,12,14,21,23|8|11.4632
165mGLN: 00,06,09,11,15,20,23,24|8|4.9682
245mPHE: 00,07,09,11,12,14,21,23|8|6.8604
242mLYS: 00,06,09,11,12,20,23,24|8|6.2742
164mALA: 00,09,10,11,15,23,24,25|8|4.9454
242mTHR: 00,06,09,11,12,20,23,24|8|6.1393
242mHIS: 00,06,09,11,12,20,23,24|8|3.1035
157mGLY: 04,12,14,21,22,24,29|7|0.703
243mGLY: 00,09,11,14,20,23,24|7|1.7961
242mGLN: 00,06,11,12,20,23,24|7|5.4679
244mGLY: 00,04,07,09,11,20,24|7|1.2797
242mSER: 00,06,11,12,20,23,24|7|6.6016
242mCYS: 00,11,12,14,20,23,24|7|3.0422
243mTHR: 00,09,11,14,20,23,24|7|4.1278
164mMET: 00,09,10,11,23,24,25|7|1.8779
165mPRO: 00,09,11,15,20,23,24|7|2.7487
164mCYS: 00,06,09,11,20,23,24|7|7.1481
163mGLU: 04,09,11,12,14,23,24|7|1.3095
242mPRO: 00,09,11,12,20,23,24|7|3.2321
242mVAL: 00,06,09,11,20,23,24|7|3.4325
164mVAL: 00,09,10,11,23,24,25|7|3.181
242mASP: 00,06,11,12,20,23,24|7|6.6104
164mLEU: 00,09,10,11,23,24,25|7|2.316
164mGLY: 00,09,10,11,23,24,25|7|6.6402
168mLYS: 06,09,11,15,23,24,25|7|2.2569
164mGLN: 00,09,10,11,23,24,25|7|4.6351
164mASN: 00,10,11,15,23,24,25|7|5.9749
165mALA: 00,06,09,15,20,23,24|7|3.6646
242mASN: 00,06,09,11,20,23,24|7|7.31
164mSER: 00,10,11,15,23,24,25|7|5.1931
168mGLU: 00,09,10,11,15,23,24|7|3.7103
245mTYR: 00,09,11,14,21,23|6|1.8178
243mVAL: 00,09,11,14,23,24|6|2.4791
164mASP: 00,09,10,11,23,24|6|8.0012
158mASN: 04,12,14,21,22,29|6|2.6547
249mHIS: 00,04,07,14,21,24|6|0.7359
163mASP: 04,09,11,12,23,24|6|1.7592
164mTRP: 00,10,11,23,24,25|6|1.7159
249mLYS: 00,04,07,14,21,24|6|1.2546
244mASP: 00,07,09,11,20,24|6|2.2345
165mTRP: 00,06,09,15,20,23|6|1.3202
243mALA: 00,09,11,14,23,24|6|2.7946
165mCYS: 00,09,11,20,23,24|6|5.0872
244mTHR: 00,07,09,11,20,24|6|3.0303
250mGLY: 04,12,14,21,22,29|6|2.3463
243mCYS: 00,09,11,14,23,24|6|5.158
249mSER: 00,04,07,14,21,24|6|1.1102
249mTHR: 00,04,07,14,21,24|6|0.9157
165mHIS: 00,06,09,15,20,24|6|2.1438
244mVAL: 00,07,09,11,20,24|6|2.4033
237mGLU: 04,07,12,14,21,22|6|2.6519
242mMET: 00,06,11,12,23,24|6|1.0678
237mTHR: 04,07,12,14,21,22|6|0.9387
248mGLY: 00,07,09,12,14,21|6|1.8507
244mGLU: 00,07,09,11,20,24|6|3.5332
165mLEU: 00,06,09,15,20,24|6|2.1326
249mGLY: 00,04,07,14,21,24|6|1.9466
244mALA: 00,07,09,11,20,24|6|2.4508
164mLYS: 00,10,15,23,24,25|6|4.3769
164mHIS: 00,10,11,23,24,25|6|2.639
249mASP: 00,04,07,14,21,24|6|2.7826
242mARG: 00,09,11,12,23,24|6|2.1619
163mGLY: 04,11,12,14,23,24|6|1.0692
165mVAL: 00,06,09,15,20,24|6|2.529
244mCYS: 00,07,09,11,20,24|6|7.0956
191mGLY: 00,02,20,23,24,25|6|1.1892
249mGLN: 00,04,07,14,21,24|6|1.0496
249mGLU: 00,04,07,14,21,24|6|1.9753
268mILE: 01,03,05,19,28|5|5.203
250mASN: 04,12,14,22,29|5|2.1697
293mGLN: 06,10,15,18,25|5|2.1675
251mGLY: 04,12,14,21,22|5|2.5625
293mGLY: 06,10,15,18,25|5|2.76
274mASP: 02,03,10,15,19|5|2.1375
268mGLU: 01,03,05,19,28|5|7.5
268mMET: 01,03,05,19,28|5|4.282
301mTHR: 02,06,10,15,18|5|2.0938
265mVAL: 01,05,17,19,28|5|1.539
163mASN: 04,11,12,14,23|5|1.117
265mALA: 01,05,17,19,28|5|2.0046
300mGLU: 02,06,10,15,18|5|3.4182
245mARG: 00,09,11,21,23|5|0.0582
218mGLU: 02,03,06,10,15|5|2.3874
268mASN: 01,03,05,19,28|5|4.1201
251mTHR: 04,12,14,21,22|5|2.3912
244mLEU: 00,07,09,11,20|5|2.5973
251mASN: 04,12,14,21,22|5|1.8991
248mASP: 00,07,09,12,14|5|2.9214
168mCYS: 00,09,10,20,23|5|1.948
157mASN: 04,12,14,22,29|5|0.9188
158mGLU: 04,12,14,21,22|5|4.9341
159mGLU: 12,14,22,24,29|5|1.5685
218mASN: 02,03,06,10,15|5|1.1097
191mGLU: 00,02,10,23,24|5|2.3187
146mTHR: 01,03,05,19,28|5|2.3045
267mGLU: 01,03,05,19,28|5|0.6007
293mASN: 06,10,15,18,25|5|3.3582
165mPHE: 00,06,09,15,20|5|0.7509
165mMET: 00,06,09,15,20|5|1.9432
249mPRO: 00,04,07,21,24|5|0.4943
191mTHR: 00,02,10,23,25|5|1.3777
293mGLU: 06,10,15,18,25|5|4.0066
244mMET: 00,04,07,11,20|5|1.4083
268mGLN: 01,03,05,19,28|5|5.1526
265mGLU: 01,05,17,19,28|5|1.347
249mASN: 00,04,07,14,21|5|1.483
293mASP: 06,10,15,18,25|5|3.2184
168mGLY: 09,15,23,24,25|5|1.6259
268mLEU: 01,03,05,19,28|5|5.6126
158mASP: 04,12,14,21,22|5|4.6791
204mTHR: 04,07,12,22,29|5|1.7726
266mGLU: 01,05,17,19,28|5|5.0446
158mGLY: 12,14,21,22,29|5|3.6452
250mALA: 12,14,21,22,29|5|2.3844
268mVAL: 01,03,05,19,28|5|6.0386
157mGLU: 04,12,14,22,29|5|1.021
268mSER: 01,03,05,19,28|5|3.2845
244mGLN: 00,07,09,11,20|5|1.9427
251mSER: 04,12,14,21,22|5|1.9417
251mLYS: 04,12,14,21,22|5|1.6271
163mLYS: 04,11,12,23,24|5|0.9576
204mGLY: 04,07,14,22,29|5|1.8007
217mTHR: 03,06,10,15,19|5|1.5746
293mTHR: 06,10,15,18,25|5|3.115
169mTHR: 00,10,23,24,25|5|1.0859
293mLYS: 06,10,15,18,25|5|2.7584
293mSER: 06,10,15,18,25|5|2.6477
249mCYS: 00,04,07,21,24|5|1.0419
217mGLU: 03,06,10,15,19|5|2.2816
247mASP: 00,12,20,23,24|5|1.2343
268mGLY: 01,03,05,19,28|5|4.8779
274mASN: 02,03,10,15,19|5|0.8139
242mLEU: 00,06,11,12,23|5|0.6146
266mTHR: 01,05,17,19,28|5|4.5929
268mASP: 01,03,05,19,28|5|4.3389
190mTHR: 00,02,10,15,25|5|1.83
243mLEU: 00,09,11,14,23|5|2.3611
237mGLN: 07,12,14,21,22|5|0.5396
300mTHR: 02,06,10,15,18|5|3.1777
146mALA: 01,03,05,19,28|5|1.025
251mGLN: 04,12,14,21,22|5|2.0681
158mSER: 04,12,14,21,22|5|2.1319
268mTHR: 01,03,05,19,28|5|7.0249
301mGLU: 02,06,10,15,18|5|2.8409
244mILE: 00,07,09,11,20|5|1.9715
204mALA: 04,07,12,22,29|5|1.7373
250mTHR: 04,12,21,22,29|5|2.2165
249mVAL: 00,04,07,14,21|5|0.1468
268mALA: 01,03,05,19,28|5|5.7857
248mGLU: 00,07,09,12,14|5|3.3015
247mSER: 06,09,11,20,23|5|0.7701
243mILE: 00,09,11,14,23|5|0.8564
146mCYS: 01,03,05,19,28|5|2.3673
242mTRP: 06,11,12,23,24|5|1.1111
250mGLU: 04,12,14,21,22|5|1.2405
157mASP: 04,12,21,24,29|5|1.9399
205mGLU: 04,07,14,22,29|5|2.8838
237mCYS: 04,07,14,21,22|5|1.6903
163mTHR: 09,11,14,23,24|5|0.7558
242mTYR: 00,11,12,23,24|5|1.6763
219mLEU: 02,10,15,20|4|0.4002
203mGLU: 12,14,22,29|4|1.2719
220mLYS: 02,03,10,15|4|1.3141
204mVAL: 04,07,12,22|4|1.3169
293mCYS: 10,15,18,25|4|3.1221
237mGLY: 07,12,14,21|4|1.2024
217mCYS: 02,03,06,19|4|2.0613
219mTHR: 02,10,15,20|4|0.8437
300mCYS: 02,06,10,15|4|0.7744
293mPRO: 10,15,18,25|4|1.7286
158mPRO: 12,14,21,22|4|2.8484
163mILE: 09,11,23,24|4|0.3241
240mASP: 00,11,20,23|4|2.2204
267mCYS: 01,03,05,28|4|1.9285
301mGLY: 06,10,15,18|4|1.5603
300mSER: 02,10,15,18|4|1.2509
158mLEU: 12,14,21,22|4|4.0812
293mLEU: 06,10,18,25|4|0.7241
265mLYS: 01,05,19,28|4|1.2998
377mTHR: 08,13,16,26|4|1.482
265mTHR: 05,17,19,28|4|2.2304
237mASP: 04,07,14,21|4|2.2624
244mPRO: 00,07,09,11|4|1.3122
250mCYS: 12,14,21,22|4|1.7638
251mALA: 12,14,21,22|4|2.5547
159mASN: 12,14,22,29|4|1.7138
191mASN: 02,10,23,25|4|0.7153
204mGLU: 04,07,14,22|4|1.6509
217mALA: 02,06,15,19|4|1.4021
157mSER: 04,14,22,29|4|1.0488
297mASN: 02,06,18,25|4|1.2789
246mCYS: 04,07,12,21|4|1.9139
377mCYS: 08,13,16,26|4|4.1105
169mGLU: 00,10,23,24|4|1.6843
243mPHE: 00,11,14,23|4|1.0281
305mTHR: 02,05,17,19|4|3.7593
167mHIS: 09,10,15,25|4|0.9413
220mSER: 02,03,10,15|4|1.1378
250mPRO: 12,14,22,29|4|1.2513
158mGLN: 12,14,21,22|4|3.5231
217mGLY: 03,06,10,15|4|1.4361
190mGLU: 00,02,10,15|4|1.7663
204mASN: 04,07,14,22|4|1.7287
297mGLU: 02,06,18,25|4|1.7233
251mPHE: 12,14,21,22|4|1.2407
240mASN: 00,11,20,23|4|0.7078
146mGLY: 03,05,19,28|4|0.934
250mLYS: 04,12,14,29|4|2.6561
268mCYS: 01,03,05,28|4|6.6614
240mSER: 00,11,20,23|4|0.6586
164mPRO: 00,09,23,24|4|3.3229
220mTHR: 02,03,10,15|4|1.2436
265mASN: 05,17,19,28|4|1.3409
167mGLU: 09,10,15,25|4|2.3597
204mLYS: 04,07,22,29|4|0.8935
159mTHR: 14,22,24,29|4|1.2944
168mASP: 00,09,23,24|4|1.4713
205mSER: 04,07,22,29|4|1.4473
240mGLN: 00,11,20,23|4|0.6956
217mASN: 03,10,15,19|4|1.3545
191mPHE: 00,02,24,25|4|0.8685
219mGLU: 02,10,15,20|4|1.1367
167mSER: 09,10,15,25|4|1.4827
158mHIS: 12,14,21,22|4|2.3387
268mPHE: 01,03,05,28|4|5.0981
240mGLY: 00,11,20,23|4|0.5406
442mGLU: 06,15,18,25|4|1.1647
274mGLU: 03,10,15,19|4|1.3761
301mSER: 06,10,15,18|4|1.7872
250mVAL: 12,14,22,29|4|1.692
300mGLY: 02,10,15,18|4|2.2177
167mPRO: 09,10,15,25|4|1.165
167mALA: 09,10,15,25|4|2.3565
243mMET: 00,11,14,23|4|0.5071
167mTHR: 09,10,15,25|4|1.8047
220mGLY: 02,03,10,15|4|1.5062
268mHIS: 01,03,19,28|4|2.7276
243mASP: 00,09,11,14|4|1.1846
172mASN: 06,10,15,25|4|0.8652
251mHIS: 12,14,21,22|4|1.1042
191mASP: 00,02,23,24|4|1.6445
220mGLU: 02,03,10,15|4|1.8052
251mGLU: 04,14,21,22|4|2.5284
167mILE: 09,10,15,25|4|1.9723
167mLEU: 09,10,15,25|4|2.0203
191mVAL: 00,02,24,25|4|1.0364
168mASN: 11,15,23,24|4|2.5503
377mGLU: 08,13,16,26|4|2.6897
240mLYS: 00,11,20,23|4|0.1828
297mALA: 02,10,15,25|4|1.6532
220mPRO: 02,03,10,15|4|0.4736
266mVAL: 01,05,17,28|4|3.7253
158mVAL: 12,14,21,22|4|3.5229
244mHIS: 04,07,09,24|4|0.896
237mASN: 07,12,14,21|4|1.3362
220mASN: 02,03,10,15|4|1.7755
248mASN: 00,07,09,14|4|1.0158
158mALA: 12,14,21,22|4|3.8978
167mASP: 09,10,15,25|4|1.8626
220mASP: 02,03,10,15|4|1.9183
251mPRO: 12,14,21,22|4|2.0461
167mGLN: 09,10,15,25|4|1.3988
146mILE: 01,05,19,28|4|0.7734
244mTRP: 00,07,11,20|4|1.3714
293mPHE: 06,10,18,25|4|0.7867
167mCYS: 09,10,15,25|4|3.3202
146mLEU: 01,05,19,28|4|1.1233
251mVAL: 12,14,21,22|4|1.983
293mALA: 06,10,18,25|4|1.6879
378mGLU: 08,13,16,26|4|1.2078
158mCYS: 12,14,21,22|4|6.416
146mGLU: 03,05,19,28|4|2.3924
205mASN: 04,07,22,29|4|1.6404
297mTHR: 02,06,18,25|4|1.4461
167mMET: 09,10,15,25|4|1.2858
217mSER: 03,06,10,15|4|1.6424
163mCYS: 09,11,23,24|4|1.3343
158mTHR: 12,14,21,22|4|3.956
191mALA: 00,02,24,25|4|1.7028
205mTHR: 04,07,22,29|4|2.14
301mASN: 06,10,15,18|4|2.0772
293mVAL: 06,10,18,25|4|1.3279
251mASP: 04,14,21,22|4|3.1221
266mALA: 01,05,17,28|4|3.7713
158mMET: 12,14,21,22|4|2.8843
163mSER: 11,14,23,24|4|0.6426
159mSER: 12,14,22,29|4|1.6749
265mCYS: 01,05,17,28|4|2.6719
146mVAL: 01,05,19,28|4|1.2984
274mGLY: 03,10,15,19|4|0.7828
301mGLN: 06,10,15,18|4|1.4167
218mTHR: 02,06,10,15|4|2.2037
191mPRO: 00,02,24,25|4|0.9273
308mTHR: 01,05,17,19|4|0.8077
284mASP: 06,10,15,25|4|1.7205
305mASN: 01,02,05,17|4|1.9787
244mPHE: 00,07,11,20|4|1.9558
203mTHR: 12,14,22,29|4|1.0492
293mILE: 06,10,18,25|4|1.7391
158mILE: 12,14,21,22|4|3.2632
169mASN: 10,23,24,25|4|0.5534
268mPRO: 01,03,05,28|4|4.1049
266mGLY: 01,17,19,28|4|2.5394
168mTHR: 11,15,23,24|4|2.3408
167mGLY: 09,10,15,25|4|1.8826
251mCYS: 04,14,21,22|4|3.0663
247mASN: 06,09,20,23|4|0.773
265mHIS: 01,17,19,28|4|1.0647
158mPHE: 12,14,21,22|4|3.3027
217mLYS: 02,03,06,15|4|1.12
167mTRP: 09,10,15,25|4|1.1495
240mGLU: 00,11,20,23|4|0.9084
378mTHR: 08,13,16,26|4|1.6738
265mGLY: 01,17,19,28|4|1.1417
190mGLY: 00,10,15,25|4|1.0865
168mSER: 11,15,23,24|4|1.3264
243mGLN: 00,11,14,23|4|0.7676
146mGLN: 03,05,19,28|4|0.9414
204mLEU: 04,07,12,22|4|0.6764
278mMET: 02,10,15|3|0.7098
440mGLU: 06,18,25|3|2.5495
299mCYS: 10,15,18|3|2.9018
401mGLN: 13,16,26|3|1.0675
167mASN: 10,15,25|3|1.1602
235mPHE: 12,22,29|3|3.0364
246mASP: 04,07,12|3|0.6711
378mVAL: 08,16,26|3|0.8101
301mASP: 06,10,15|3|1.1987
330mGLU: 13,16,27|3|0.8797
376mCYS: 08,13,26|3|0.867
440mLYS: 06,18,25|3|1.5216
259mGLY: 17,22,29|3|1.858
401mTHR: 13,16,26|3|1.1823
239mGLU: 04,07,21|3|1.0063
326mCYS: 13,16,26|3|6.7575
140mVAL: 02,03,19|3|1.6543
162mCYS: 09,24,25|3|1.0687
219mASN: 10,15,20|3|0.9291
293mHIS: 06,10,15|3|1.5146
326mGLY: 13,16,26|3|2.9684
440mTHR: 06,18,25|3|2.5153
259mASN: 17,22,29|3|1.2528
217mHIS: 06,10,15|3|0.5428
341mTHR: 08,13,16|3|2.0217
250mGLN: 04,12,22|3|0.9283
326mTHR: 13,16,26|3|4.2459
244mLYS: 07,09,24|3|0.763
162mASP: 09,24,25|3|0.4016
220mGLN: 02,03,10|3|0.6935
265mTRP: 17,19,28|3|0.1737
250mSER: 04,12,22|3|1.3939
278mTHR: 02,10,15|3|1.4218
194mASP: 11,23,24|3|2.7419
303mLYS: 02,05,19|3|1.2776
326mPRO: 13,16,26|3|3.8297
235mALA: 12,22,29|3|2.38
190mILE: 00,02,25|3|0.2278
219mSER: 10,15,20|3|0.9023
143mGLU: 03,19,28|3|0.9045
259mSER: 17,22,29|3|1.5018
438mTHR: 06,18,25|3|1.1809
219mHIS: 10,15,20|3|0.9349
235mVAL: 12,22,29|3|2.7296
281mASP: 06,15,25|3|0.2834
143mGLN: 03,19,28|3|0.564
190mSER: 10,15,25|3|0.5602
311mVAL: 10,19,27|3|0.8232
235mTHR: 12,22,29|3|2.924
163mALA: 11,23,24|3|0.9979
235mHIS: 12,22,29|3|1.2116
172mGLY: 06,10,25|3|0.6779
219mILE: 10,15,20|3|0.176
278mASP: 02,10,15|3|2.4698
163mVAL: 09,11,23|3|0.0992
311mGLY: 10,19,27|3|0.9659
235mGLU: 12,22,29|3|3.306
159mALA: 14,21,22|3|0.314
438mGLU: 06,18,25|3|1.8369
190mASN: 10,15,25|3|1.6591
143mILE: 03,19,28|3|0.777
284mALA: 10,15,25|3|1.8044
140mLYS: 02,03,19|3|2.1999
204mGLN: 04,07,22|3|0.8682
401mGLY: 13,16,26|3|1.5624
330mASP: 13,16,27|3|1.4939
191mILE: 00,02,25|3|1.075
326mVAL: 13,16,26|3|3.6954
278mGLU: 02,10,15|3|1.8426
278mVAL: 02,10,15|3|0.751
206mASP: 04,07,14|3|3.1561
220mVAL: 02,03,10|3|0.3331
297mSER: 02,06,25|3|0.7616
191mLEU: 00,02,24|3|1.4042
290mPRO: 15,18,25|3|0.7031
191mHIS: 02,20,25|3|0.2377
278mHIS: 02,10,15|3|0.7644
204mILE: 04,07,22|3|0.417
290mGLY: 15,18,25|3|1.6569
203mASP: 12,14,29|3|0.7122
305mGLN: 05,17,19|3|2.5424
251mLEU: 14,21,22|3|1.6916
293mTRP: 06,18,25|3|0.9336
217mILE: 03,06,19|3|0.4733
247mTHR: 06,09,23|3|0.5089
439mASN: 18,25,27|3|0.7387
235mTYR: 12,22,29|3|0.8868
290mASN: 15,18,25|3|1.7028
199mCYS: 04,07,14|3|0.9593
440mSER: 06,18,25|3|1.4548
326mALA: 13,16,26|3|3.8772
290mTHR: 15,18,25|3|1.5625
401mASP: 13,16,26|3|2.3621
140mGLY: 02,03,19|3|1.4851
278mALA: 02,10,15|3|0.8194
308mGLY: 01,17,19|3|0.49
440mMET: 06,18,25|3|0.9904
401mASN: 13,16,26|3|1.6838
235mGLY: 12,22,29|3|1.942
305mILE: 05,17,19|3|2.105
311mSER: 10,19,27|3|0.7576
158mTYR: 12,14,21|3|0.7595
440mPRO: 06,18,25|3|1.7461
326mGLN: 13,16,26|3|3.9013
290mALA: 15,18,25|3|0.8789
235mILE: 12,22,29|3|2.7272
217mASP: 03,06,19|3|1.7864
219mGLN: 10,15,20|3|0.4586
303mSER: 02,03,05|3|0.9326
326mASN: 13,16,26|3|2.1371
169mPHE: 00,10,25|3|0.4029
435mLEU: 06,18,25|3|0.4736
326mTYR: 13,16,26|3|1.0776
191mCYS: 00,02,24|3|2.2564
217mGLN: 03,06,10|3|1.1748
341mGLY: 08,13,16|3|2.056
326mPHE: 13,16,26|3|4.2642
278mTYR: 02,10,15|3|0.7684
237mLEU: 04,12,22|3|0.2345
300mALA: 02,10,15|3|2.5276
235mPRO: 12,22,29|3|2.6768
299mASP: 10,15,18|3|1.0472
278mARG: 02,10,15|3|0.7691
281mTHR: 06,15,25|3|0.4199
167mLYS: 09,15,25|3|0.9096
300mILE: 06,10,15|3|0.918
162mILE: 09,24,25|3|0.2243
303mASN: 02,03,05|3|1.7897
326mSER: 13,16,26|3|1.9392
146mASN: 03,19,28|3|0.7361
237mHIS: 07,12,14|3|0.5545
300mLEU: 02,10,15|3|1.4185
377mVAL: 08,13,16|3|1.0817
143mPRO: 03,19,28|3|1.2353
326mHIS: 13,16,26|3|1.6346
169mILE: 00,10,25|3|0.7477
248mALA: 07,12,14|3|1.8372
266mASN: 17,19,28|3|2.345
235mASP: 12,22,29|3|2.798
311mLEU: 10,19,27|3|0.9175
143mTHR: 03,19,28|3|1.1434
299mTHR: 10,15,18|3|0.7383
205mGLY: 04,07,29|3|1.954
308mASN: 01,17,19|3|0.9086
172mGLU: 06,10,25|3|1.3485
440mTRP: 06,18,25|3|0.5716
218mGLY: 02,03,06|3|1.3519
299mGLU: 10,15,18|3|1.0822
301mALA: 02,06,18|3|0.5605
400mASP: 13,16,26|3|1.2706
326mASP: 13,16,26|3|4.3283
326mILE: 13,16,26|3|4.0245
235mARG: 12,22,29|3|0.0388
235mGLN: 12,22,29|3|2.7116
300mASN: 10,15,18|3|1.5299
266mSER: 17,19,28|3|1.5441
239mGLN: 04,07,21|3|0.4039
439mTHR: 18,25,27|3|0.442
143mTRP: 03,19,28|3|0.2489
311mGLN: 10,19,27|3|0.9497
169mVAL: 00,10,25|3|0.4849
341mALA: 08,13,16|3|1.3088
303mGLU: 02,03,05|3|2.6069
219mALA: 10,15,20|3|0.2799
140mTHR: 02,03,19|3|1.7423
239mGLY: 04,07,21|3|0.4971
140mMET: 02,03,19|3|0.3942
278mGLY: 02,10,15|3|1.7891
259mTHR: 17,22,29|3|0.9483
219mVAL: 10,15,20|3|0.3426
235mLEU: 12,22,29|3|3.01
169mALA: 00,10,25|3|1.3281
191mTRP: 00,02,24|3|0.5827
144mTHR: 03,19,28|3|0.392
378mASN: 08,13,16|3|0.2789
440mASP: 06,18,25|3|2.3489
265mMET: 17,19,28|3|0.7262
194mGLU: 11,23,24|3|2.2611
440mALA: 06,18,25|3|2.4863
303mTHR: 02,03,05|3|1.858
297mVAL: 02,15,25|3|0.9468
297mGLY: 02,15,25|3|0.975
284mGLY: 10,15,25|3|1.0818
167mPHE: 10,15,25|3|1.648
143mGLY: 03,19,28|3|1.2721
162mTHR: 09,24,25|3|0.3313
206mGLY: 04,07,14|3|2.8171
299mVAL: 10,15,18|3|0.3961
194mPRO: 11,23,24|3|0.9892
157mGLN: 04,22,29|3|0.7361
191mMET: 00,02,20|3|0.6567
303mASP: 02,03,05|3|0.8786
203mALA: 12,14,29|3|0.7674
290mASP: 15,18,25|3|2.6049
376mGLU: 08,13,26|3|0.222
440mILE: 06,18,25|3|1.4901
378mALA: 08,16,26|3|0.3402
355mGLY: 06,15,25|3|0.3216
203mVAL: 12,14,29|3|0.3471
440mGLY: 06,18,25|3|2.3104
190mALA: 00,15,25|3|0.9662
158mTRP: 12,14,21|3|2.8095
401mGLU: 13,16,26|3|2.1606
305mASP: 05,17,19|3|3.7938
169mGLY: 00,15,25|3|0.5361
159mLYS: 14,22,29|3|0.8588
400mGLU: 13,16,26|3|0.8943
341mASN: 08,13,16|3|1.7686
311mALA: 10,19,27|3|0.6478
194mVAL: 11,23,24|3|0.6792
440mCYS: 06,18,25|3|2.4983
300mPHE: 06,10,15|3|0.6322
220mCYS: 02,03,15|3|0.371
401mSER: 13,16,26|3|1.1935
341mVAL: 08,13,16|3|1.4007
235mMET: 12,22,29|3|2.2748
311mASN: 10,19,27|3|0.8248
265mSER: 17,19,28|3|0.9736
305mGLY: 02,05,19|3|1.9841
326mMET: 13,16,26|3|3.1706
140mPHE: 02,03,19|3|0.8141
268mTRP: 01,03,28|3|3.9582
219mLYS: 10,15,20|3|0.2643
235mTRP: 12,22,29|3|2.5096
442mTHR: 06,18,25|3|0.8435
435mTHR: 06,18,25|3|0.4851
251mILE: 12,21,22|3|1.697
140mLEU: 02,03,19|3|0.5832
168mGLN: 15,23,24|3|0.3765
290mGLN: 15,18,25|3|1.3799
278mLYS: 02,10,15|3|1.6903
205mALA: 07,14,29|3|1.9798
205mASP: 07,14,29|3|2.0157
308mGLN: 05,17,19|3|0.5068
140mGLU: 02,03,19|3|1.1755
308mGLU: 05,17,19|3|0.7371
219mTRP: 10,15,20|3|0.3352
162mGLU: 09,24,25|3|0.5752
284mASN: 06,15,25|3|0.5045
311mILE: 10,19,27|3|0.6848
326mTRP: 13,16,26|3|3.5121
311mMET: 10,19,27|3|1.1233
146mSER: 03,19,28|3|0.699
311mGLU: 10,19,27|3|1.1061
235mASN: 12,22,29|3|1.6912
401mCYS: 13,16,26|3|0.7404
311mHIS: 10,19,27|3|0.9751
401mTYR: 13,16,26|3|0.3901
259mGLN: 17,22,29|3|0.926
140mGLN: 02,03,19|3|0.7518
140mHIS: 02,03,19|3|0.8248
268mTYR: 01,03,28|3|1.191
140mSER: 02,03,19|3|1.2783
377mASP: 08,13,16|3|1.4274
246mGLY: 04,07,12|3|0.4264
300mVAL: 02,10,15|3|1.6994
341mSER: 08,13,16|3|1.229
376mPHE: 08,13,26|3|0.0198
259mGLU: 17,22,29|3|1.3978
194mGLY: 11,23,24|3|1.8747
235mSER: 12,22,29|3|1.3344
251mTRP: 14,21,22|3|1.0711
235mCYS: 12,22,29|3|4.166
440mVAL: 06,18,25|3|1.5419
143mALA: 03,19,28|3|1.5641
140mASN: 02,03,19|3|1.8369
219mGLY: 10,15,20|3|0.838
239mASP: 04,07,21|3|1.2335
326mGLU: 13,16,26|3|4.8071
377mGLY: 08,13,16|3|0.9997
265mGLN: 17,19,28|3|0.8206
206mGLU: 04,07,14|3|3.7567
143mASN: 03,19,28|3|0.9739
146mMET: 05,19,28|3|0.6766
204mMET: 04,07,22|3|1.1095
140mTRP: 02,03,19|3|0.188
305mSER: 02,05,17|3|1.8909
248mTHR: 07,12,14|3|1.7586
401mLYS: 13,16,26|3|1.412
401mPRO: 13,16,26|3|0.8397
326mLEU: 13,16,26|3|4.4953
219mMET: 10,15,20|3|0.7311
311mTHR: 10,19,27|3|1.0494
140mALA: 02,03,19|3|2.0953
191mGLN: 00,02,24|3|0.8893
248mCYS: 07,12,14|3|3.3412
300mLYS: 02,10,18|3|1.2369
440mHIS: 06,18,25|3|0.6672
440mASN: 06,18,25|3|2.0151
220mHIS: 02,03,10|3|0.5208
259mASP: 17,22,29|3|1.0098
206mCYS: 04,07,14|3|3.7991
194mALA: 11,23,24|3|0.6319
248mPRO: 07,12,14|3|0.7018
265mLEU: 17,19,28|3|0.8016
439mLYS: 18,25,27|3|0.8411
190mVAL: 02,10,25|3|0.377
311mTRP: 10,19,27|3|0.8212
278mGLN: 02,10,15|3|1.1122
143mCYS: 03,19,28|3|0.9405
401mVAL: 13,16,26|3|0.5849
377mALA: 08,13,16|3|1.1429
266mLEU: 01,05,17|3|2.6039
278mASN: 02,10,15|3|1.8889
204mSER: 04,07,22|3|1.641
218mASP: 02,03,06|3|1.3741
237mSER: 07,12,14|3|0.6745
440mGLN: 06,18,25|3|1.5208
190mASP: 00,02,15|3|0.8124
299mILE: 10,15,18|3|0.2808
290mLYS: 15,18,25|3|1.7164
167mVAL: 10,15,25|3|1.7322
290mSER: 15,18,25|3|1.8959
401mHIS: 13,16,26|3|0.5703
259mLYS: 17,22,29|3|0.9633
341mGLN: 08,13,16|3|1.2386
140mILE: 02,03,19|3|1.3678
305mGLU: 02,05,19|3|4.6292
278mSER: 02,10,15|3|1.3
341mGLU: 08,13,16|3|2.5184
303mALA: 02,03,19|3|0.5213
330mCYS: 13,16,27|3|2.7301
146mASP: 03,05,19|3|1.2851
293mARG: 06,10,15|3|0.5153
157mALA: 21,22,24|3|0.6408
204mHIS: 04,07,22|3|1.7285
357mGLY: 06,09,15|3|0.3079
237mPRO: 07,14,21|3|0.615
266mCYS: 01,05,17|3|6.6508
239mASN: 04,07,21|3|0.3762
442mASP: 06,18,25|3|1.2098
290mGLU: 15,18,25|3|2.3253
308mASP: 01,05,17|3|1.1193
205mCYS: 07,14,29|3|2.5345
143mVAL: 03,19,28|3|1.0245
297mCYS: 10,15,25|3|1.8333
284mCYS: 10,15,25|3|3.1
435mGLU: 06,18,25|3|0.53
265mILE: 17,19,28|3|1.0626
278mPRO: 02,10,15|3|1.2205
290mCYS: 15,18,25|3|1.478
359mGLY: 06,15,25|3|1.0147
278mCYS: 02,10,15|3|1.1394
259mPHE: 17,29|2|0.5443
205mPHE: 07,29|2|1.8816
238mLYS: 07,21|2|0.147
145mLYS: 19,28|2|0.3567
171mGLU: 02,15|2|0.677
435mMET: 18,25|2|0.5712
301mTRP: 06,18|2|0.5045
308mVAL: 05,19|2|0.2188
264mTHR: 05,17|2|0.1443
249mARG: 14,24|2|0.1898
336mMET: 13,26|2|0.287
197mASN: 04,21|2|0.9156
280mASP: 10,15|2|1.4756
280mARG: 10,15|2|0.1196
303mGLY: 02,05|2|0.9568
217mMET: 06,10|2|0.3643
308mTRP: 05,19|2|0.1353
332mTYR: 13,26|2|0.8354
360mALA: 06,25|2|1.0195
402mPRO: 13,26|2|0.2102
444mLYS: 06,25|2|0.3027
233mGLN: 22,29|2|0.692
193mVAL: 02,20|2|0.2529
169mCYS: 00,10|2|1.6169
247mMET: 06,09|2|0.2422
273mGLY: 01,17|2|0.6644
205mPRO: 07,29|2|1.5915
267mHIS: 03,19|2|0.4965
203mCYS: 12,29|2|2.2061
126mMET: 04,14|2|0.3803
206mALA: 04,07|2|2.4592
247mLYS: 09,23|2|0.7998
164mARG: 23,24|2|0.9014
194mTHR: 11,23|2|1.5568
284mSER: 15,25|2|0.6048
296mGLU: 10,15|2|0.5819
298mALA: 10,15|2|0.7893
172mTRP: 10,25|2|0.5045
168mHIS: 15,24|2|0.2749
296mVAL: 10,15|2|0.8466
402mASN: 13,26|2|0.6028
377mTRP: 08,13|2|0.3242
248mLEU: 07,14|2|0.8062
127mGLY: 07,14|2|0.2471
259mALA: 17,29|2|1.1248
298mPRO: 10,15|2|0.6159
249mILE: 14,24|2|0.2574
238mGLY: 07,21|2|0.3452
359mALA: 06,25|2|1.4537
220mMET: 10,15|2|0.415
356mILE: 06,15|2|0.4979
241mASP: 20,23|2|1.3215
341mHIS: 13,16|2|0.8752
341mPRO: 13,16|2|0.5516
215mGLU: 02,19|2|0.6799
197mGLU: 04,21|2|1.8362
126mASP: 07,14|2|0.9399
203mASN: 14,22|2|0.4181
323mCYS: 13,26|2|0.645
442mPRO: 06,18|2|0.3102
402mSER: 13,26|2|0.3158
267mMET: 03,19|2|0.3789
147mTHR: 05,28|2|1.1706
172mGLN: 10,25|2|0.6004
440mLEU: 06,18|2|1.0464
193mILE: 02,20|2|0.0051
435mHIS: 18,25|2|0.7476
218mVAL: 02,06|2|1.3377
128mHIS: 04,07|2|0.4946
215mLEU: 02,19|2|0.3551
265mPHE: 17,28|2|0.5339
148mGLY: 03,19|2|0.2617
336mSER: 13,26|2|0.3235
292mTHR: 10,18|2|0.693
356mGLY: 06,15|2|0.6066
231mASN: 22,29|2|0.301
402mTHR: 13,26|2|0.2838
220mILE: 10,15|2|0.3657
233mPRO: 22,29|2|0.2701
403mPRO: 13,26|2|0.6483
205mTYR: 07,29|2|0.6383
300mPRO: 10,15|2|0.2201
292mTRP: 10,18|2|0.1057
161mSER: 24,29|2|0.1412
163mMET: 14,23|2|0.287
146mPHE: 05,19|2|0.5937
201mSER: 14,22|2|0.8777
193mCYS: 02,20|2|0.4528
336mASN: 13,26|2|0.6144
292mGLN: 10,18|2|0.6737
250mILE: 12,22|2|0.9786
171mPRO: 02,15|2|0.3644
172mILE: 10,25|2|0.5905
206mTYR: 04,07|2|0.678
266mPRO: 01,17|2|2.2413
215mASN: 02,19|2|1.0412
292mGLU: 10,18|2|0.7426
297mTRP: 02,25|2|0.7243
332mGLN: 13,26|2|1.2142
304mALA: 02,19|2|0.6531
171mSER: 02,15|2|0.3911
403mLYS: 13,26|2|1.0943
403mGLN: 13,26|2|0.7935
338mASN: 16,26|2|0.1526
147mHIS: 01,28|2|0.3484
284mPRO: 15,25|2|1.1529
358mGLY: 06,25|2|0.5369
203mPHE: 12,14|2|0.3021
400mASN: 13,16|2|0.2813
205mMET: 07,29|2|1.5158
241mGLY: 20,23|2|0.6323
231mSER: 22,29|2|0.3821
217mTRP: 06,10|2|0.1732
444mHIS: 06,25|2|0.4708
332mGLU: 13,26|2|1.668
267mGLY: 03,19|2|0.6388
357mHIS: 09,15|2|0.3926
220mALA: 10,15|2|0.6948
296mTHR: 10,15|2|0.6969
356mPRO: 06,15|2|0.3386
379mMET: 16,26|2|2.5521
249mMET: 14,24|2|0.3579
355mALA: 06,15|2|0.3798
218mALA: 02,06|2|2.1194
303mVAL: 03,19|2|0.1733
438mASP: 06,18|2|1.0602
327mGLN: 13,16|2|0.3611
147mILE: 05,28|2|0.54
266mASP: 01,17|2|2.218
357mMET: 09,15|2|0.275
165mARG: 06,23|2|0.1015
250mHIS: 12,22|2|0.686
438mASN: 18,25|2|0.6753
148mASP: 03,19|2|0.4959
290mILE: 18,25|2|0.6182
267mTHR: 03,19|2|0.3623
332mILE: 13,26|2|0.2564
305mCYS: 05,19|2|5.4339
308mCYS: 05,17|2|0.991
379mSER: 16,26|2|1.5464
143mASP: 19,28|2|1.0717
247mGLN: 09,20|2|0.323
147mVAL: 05,28|2|1.1646
327mGLY: 13,16|2|0.3698
233mCYS: 22,29|2|1.2902
218mPRO: 02,06|2|0.928
305mPRO: 05,19|2|1.9279
377mGLN: 08,13|2|0.4456
218mGLN: 02,06|2|0.9719
357mSER: 09,15|2|0.1444
144mLYS: 03,19|2|0.1509
259mLEU: 17,29|2|1.0667
326mARG: 16,26|2|0.0388
440mARG: 06,25|2|0.1218
299mALA: 15,18|2|0.8048
280mGLU: 10,15|2|1.1214
435mGLN: 18,25|2|0.3639
329mALA: 13,27|2|0.7185
194mCYS: 11,23|2|1.0454
355mLEU: 06,15|2|0.1125
205mGLN: 07,29|2|1.88
339mSER: 08,16|2|0.0811
379mASN: 16,26|2|1.8922
162mLEU: 09,24|2|0.221
442mALA: 06,18|2|0.5803
171mGLY: 02,15|2|0.7076
379mCYS: 16,26|2|3.9285
442mILE: 06,18|2|0.4672
280mHIS: 10,15|2|0.419
357mASN: 09,15|2|0.1224
215mMET: 02,19|2|0.358
190mLYS: 15,25|2|1.2501
284mILE: 15,25|2|1.2973
162mVAL: 09,25|2|0.085
247mHIS: 06,09|2|0.4595
215mHIS: 02,19|2|0.6027
169mMET: 00,15|2|0.1212
327mASP: 13,16|2|1.612
378mMET: 08,26|2|0.233
267mILE: 03,19|2|0.2784
273mLYS: 01,17|2|0.4662
169mASP: 00,10|2|0.6599
250mPHE: 12,22|2|0.5215
194mTRP: 11,23|2|0.1596
378mCYS: 08,26|2|0.7813
201mGLY: 14,22|2|1.0815
332mSER: 13,26|2|1.1546
280mGLY: 10,15|2|0.9532
243mPRO: 14,24|2|0.2511
444mGLN: 06,25|2|0.3949
332mLYS: 13,26|2|1.3016
163mLEU: 09,24|2|0.221
171mTHR: 02,15|2|0.5289
341mPHE: 13,16|2|0.9513
403mHIS: 13,26|2|0.4206
300mHIS: 10,18|2|0.5546
205mHIS: 07,29|2|1.1797
402mASP: 13,26|2|1.1834
217mTYR: 03,06|2|0.4154
215mILE: 02,19|2|0.7069
403mCYS: 13,26|2|0.5856
441mALA: 06,18|2|1.2236
246mALA: 04,07|2|0.4995
303mGLN: 02,05|2|0.4121
332mTHR: 13,26|2|1.1226
358mHIS: 06,25|2|0.4857
269mCYS: 17,19|2|0.8453
339mGLY: 13,16|2|0.1432
238mGLN: 07,21|2|0.0596
438mGLY: 18,25|2|0.8599
280mASN: 10,15|2|0.895
267mTRP: 03,19|2|0.1878
127mGLU: 07,14|2|0.2308
206mTRP: 04,07|2|2.8003
147mPRO: 05,28|2|0.379
444mGLU: 06,25|2|0.6257
359mGLU: 23,25|2|0.3742
440mPHE: 06,18|2|0.7026
201mPRO: 14,22|2|0.5758
171mLYS: 02,15|2|0.7079
172mMET: 10,25|2|0.4809
332mTRP: 13,26|2|0.2504
241mCYS: 20,23|2|1.4823
215mGLY: 02,19|2|0.8849
126mHIS: 04,14|2|0.2321
238mASP: 07,21|2|0.8676
159mCYS: 21,24|2|0.7192
148mALA: 03,19|2|0.497
201mASP: 14,22|2|1.2881
329mLEU: 13,27|2|0.2766
296mALA: 10,15|2|0.8877
341mILE: 13,16|2|0.835
442mGLN: 06,18|2|0.3557
330mALA: 16,27|2|0.4706
402mGLN: 13,26|2|0.3754
162mALA: 24,25|2|0.6231
280mSER: 10,15|2|0.608
332mVAL: 13,26|2|0.8388
442mPHE: 06,18|2|0.475
403mTYR: 13,26|2|0.3055
126mGLY: 04,14|2|0.557
336mGLU: 13,26|2|0.2805
441mGLY: 06,18|2|0.6815
194mILE: 11,23|2|0.4787
377mPRO: 08,13|2|0.3145
199mASP: 14,21|2|0.6374
273mPRO: 01,17|2|0.2136
435mCYS: 06,18|2|1.2666
296mLYS: 10,15|2|0.3633
190mLEU: 00,02|2|0.2956
293mMET: 06,10|2|0.7696
438mSER: 18,25|2|0.6764
402mGLY: 13,26|2|0.661
206mPHE: 04,07|2|2.878
442mLEU: 06,18|2|0.7259
444mASN: 06,25|2|0.5737
266mPHE: 01,17|2|2.4662
329mASP: 13,27|2|1.3135
147mGLY: 01,28|2|0.1432
162mSER: 24,25|2|0.3191
162mGLY: 24,25|2|0.288
377mILE: 08,13|2|0.6476
201mTHR: 14,22|2|1.2431
267mLYS: 03,19|2|0.3432
218mILE: 02,06|2|1.4155
203mGLN: 12,22|2|0.4728
280mGLN: 10,15|2|0.6676
356mASP: 06,15|2|1.087
308mLEU: 05,19|2|0.3711
379mASP: 16,26|2|2.7535
241mGLN: 20,23|2|0.8743
203mSER: 14,22|2|0.4937
143mSER: 19,28|2|0.4609
190mPRO: 15,25|2|0.2684
233mTHR: 22,29|2|0.8288
169mPRO: 00,25|2|0.5671
356mALA: 06,15|2|1.118
341mASP: 13,16|2|1.1404
444mSER: 06,25|2|0.4412
197mASP: 04,21|2|1.7593
126mSER: 04,14|2|0.2591
215mLYS: 02,19|2|1.1222
435mPHE: 06,18|2|0.1853
292mASN: 10,18|2|0.7927
332mLEU: 13,26|2|0.3404
273mTHR: 01,17|2|0.2872
379mTHR: 16,26|2|3.0832
251mMET: 21,22|2|0.8379
301mLEU: 06,18|2|0.6174
159mGLY: 22,29|2|1.1442
379mPHE: 16,26|2|2.9836
297mHIS: 02,25|2|0.639
284mHIS: 15,25|2|0.423
284mGLN: 15,25|2|1.1897
298mVAL: 10,15|2|0.589
403mGLU: 13,26|2|1.6597
206mILE: 04,07|2|2.7317
193mTHR: 02,20|2|0.4442
206mMET: 04,07|2|3.1067
194mGLN: 11,23|2|1.6524
299mPRO: 15,18|2|0.5505
218mSER: 02,06|2|0.5766
159mGLN: 22,29|2|0.5663
277mGLU: 10,15|2|0.7644
263mGLY: 05,17|2|0.2575
355mASP: 15,25|2|0.6275
143mTYR: 19,28|2|0.1609
377mPHE: 08,13|2|0.6565
379mILE: 16,26|2|2.7287
147mALA: 05,28|2|0.9453
277mASP: 10,15|2|0.459
360mVAL: 06,25|2|0.6509
332mARG: 13,26|2|0.6662
402mCYS: 13,26|2|0.137
217mPHE: 06,19|2|0.2143
379mLEU: 16,26|2|3.0925
206mPRO: 04,07|2|2.1449
218mPHE: 02,06|2|1.1178
172mLEU: 10,25|2|0.6174
327mVAL: 13,16|2|0.1533
402mLYS: 13,26|2|0.4628
232mASN: 22,29|2|0.7741
190mCYS: 00,02|2|1.4018
241mPRO: 20,23|2|0.7743
216mGLY: 02,20|2|0.1707
143mLEU: 03,28|2|0.6841
435mTRP: 18,25|2|0.1997
232mASP: 22,29|2|0.6152
356mGLU: 06,15|2|1.3174
147mCYS: 05,28|2|2.3311
249mTRP: 14,24|2|0.1668
379mGLY: 16,26|2|2.1822
126mVAL: 07,14|2|0.3956
438mCYS: 06,18|2|1.2041
206mHIS: 04,07|2|2.2199
206mVAL: 04,07|2|2.9408
264mVAL: 05,17|2|0.1034
163mPHE: 09,11|2|0.1762
232mGLU: 22,29|2|1.46
147mGLN: 05,28|2|0.2339
126mALA: 07,14|2|1.3156
435mGLY: 18,25|2|0.794
259mMET: 17,29|2|1.4588
403mASN: 13,26|2|1.2961
248mGLN: 07,14|2|0.6736
215mTHR: 02,19|2|0.973
146mHIS: 19,28|2|0.1322
309mTHR: 01,17|2|0.2769
280mVAL: 10,15|2|0.2922
259mHIS: 17,29|2|1.6773
379mGLN: 16,26|2|2.8475
259mTRP: 17,29|2|0.7097
359mHIS: 15,25|2|0.4658
300mGLN: 10,15|2|0.5054
145mCYS: 03,28|2|0.7127
233mGLU: 22,29|2|1.3686
205mVAL: 07,29|2|1.8618
203mPRO: 12,29|2|0.2727
356mTHR: 06,15|2|1.0379
163mPRO: 11,23|2|0.2935
442mCYS: 06,18|2|2.1211
444mTHR: 06,25|2|0.3724
128mASN: 04,07|2|0.357
267mALA: 03,19|2|0.6768
273mCYS: 01,17|2|0.1404
249mALA: 14,24|2|0.6558
403mSER: 13,26|2|0.9493
296mASP: 10,15|2|0.2576
172mASP: 06,10|2|0.929
162mLYS: 24,25|2|0.3795
205mILE: 07,29|2|1.6081
267mSER: 03,19|2|0.4928
259mTYR: 17,29|2|0.1417
332mGLY: 13,26|2|1.4998
248mILE: 07,14|2|0.4246
219mPHE: 02,10|2|0.1233
269mALA: 01,05|2|0.2213
127mASN: 07,14|2|0.1788
358mMET: 06,25|2|0.326
193mLEU: 02,20|2|0.1666
218mMET: 02,06|2|0.5811
378mLEU: 08,26|2|0.4951
332mASN: 13,26|2|1.4416
259mILE: 17,29|2|0.9199
435mSER: 18,25|2|0.6198
201mHIS: 14,22|2|0.5369
128mSER: 04,07|2|0.4131
299mPHE: 10,15|2|0.2797
339mASP: 08,13|2|0.1598
244mSER: 04,07|2|0.3483
201mCYS: 14,22|2|0.8618
168mILE: 15,23|2|0.2052
377mLEU: 08,13|2|0.7933
157mCYS: 21,24|2|1.017
341mMET: 13,16|2|0.8593
144mPRO: 03,28|2|0.174
280mCYS: 10,15|2|0.4292
339mHIS: 13,16|2|0.3484
238mGLU: 07,21|2|0.5134
297mLEU: 02,25|2|0.835
144mASN: 03,19|2|0.5149
140mTYR: 02,03|2|0.4392
215mPHE: 02,19|2|0.4029
438mALA: 18,25|2|1.1886
360mCYS: 06,25|2|2.6019
206mLEU: 04,07|2|3.2575
356mCYS: 06,15|2|1.418
284mTHR: 15,25|2|1.3219
329mGLU: 13,27|2|0.824
164mTYR: 23,24|2|0.7578
332mASP: 13,26|2|2.0222
215mGLN: 02,19|2|0.4661
233mASP: 22,29|2|0.9804
273mHIS: 01,17|2|0.1302
301mVAL: 06,18|2|0.6199
194mLYS: 11,23|2|1.6094
206mGLN: 04,07|2|3.1193
241mASN: 20,23|2|0.4778
144mGLY: 03,28|2|0.4578
299mLEU: 10,15|2|0.2246
438mVAL: 06,25|2|0.3315
157mTHR: 14,22|2|0.3572
273mASN: 01,17|2|0.6062
248mVAL: 07,14|2|1.1638
159mILE: 14,22|2|0.084
327mTHR: 13,16|2|1.0445
126mTHR: 07,14|2|1.0422
441mCYS: 06,18|2|0.477
379mHIS: 16,26|2|1.5477
358mSER: 06,25|2|0.3815
171mASN: 02,15|2|0.8365
247mLEU: 09,12|2|0.2073
241mTHR: 20,23|2|0.9347
281mCYS: 15,25|2|1.1821
274mSER: 02,03|2|0.4752
301mILE: 06,18|2|0.5905
201mGLN: 14,22|2|0.9603
241mSER: 20,23|2|0.1559
379mTRP: 16,26|2|2.6065
147mLEU: 05,28|2|0.4721
297mILE: 02,25|2|0.6833
148mLYS: 03,19|2|0.3057
359mLYS: 06,25|2|1.0849
379mTYR: 16,26|2|0.8172
332mCYS: 13,26|2|0.9758
273mSER: 01,17|2|0.3192
309mLYS: 01,17|2|0.2781
403mTHR: 13,26|2|0.9541
273mGLN: 01,17|2|0.3788
308mSER: 17,19|2|0.7056
163mARG: 23,24|2|0.2914
305mPHE: 05,19|2|1.6594
306mGLU: 05,17|2|1.6026
308mLYS: 01,17|2|0.4943
241mGLU: 20,23|2|1.3984
205mTRP: 07,29|2|1.7101
280mLYS: 10,15|2|0.755
251mARG: 12,22|2|0.4972
128mMET: 04,07|2|0.34
355mASN: 06,25|2|0.2815
443mSER: 15,25|2|0.2267
359mVAL: 06,25|2|0.4354
444mGLY: 06,25|2|0.642
273mGLU: 01,17|2|0.8326
267mLEU: 03,19|2|0.406
194mTYR: 11,23|2|0.7464
194mARG: 11,23|2|0.4315
336mTHR: 13,26|2|0.4245
284mGLU: 15,25|2|1.5011
203mILE: 12,14|2|0.2504
172mVAL: 10,25|2|0.6199
359mCYS: 06,25|2|1.5499
194mASN: 11,23|2|1.9337
285mCYS: 15,25|2|0.2966
284mMET: 15,25|2|0.8958
128mGLY: 04,07|2|0.2734
217mARG: 03,06|2|0.4944
332mMET: 13,26|2|0.6662
215mALA: 02,19|2|1.0831
284mVAL: 15,25|2|0.9658
297mGLN: 02,25|2|0.8138
204mCYS: 12,29|2|0.9203
201mASN: 14,22|2|1.1592
172mALA: 10,25|2|0.5578
277mASN: 10,15|2|0.2636
140mCYS: 02,03|2|0.2289
290mVAL: 18,25|2|0.477
327mGLU: 13,16|2|2.0891
126mGLU: 07,14|2|0.7237
292mSER: 10,18|2|1.0063
377mMET: 08,13|2|0.2375
439mALA: 18,25|2|0.2744
332mALA: 13,26|2|0.5466
215mSER: 02,19|2|0.7674
359mSER: 06,15|2|0.2141
172mSER: 10,25|2|0.5476
444mASP: 06,25|2|0.6185
305mALA: 05,19|2|2.8236
232mGLY: 22,29|2|1.2333
206mSER: 04,07|2|1.9704
298mLYS: 10,15|2|1.1706
218mCYS: 02,06|2|2.4374
159mPHE: 14,24|2|0.072
201mALA: 14,22|2|0.5839
142mGLY: 03,19|2|0.373
280mPRO: 10,15|2|0.5024
355mGLU: 06,25|2|0.8744
206mTHR: 04,07|2|3.4016
435mASP: 06,18|2|0.5474
250mMET: 12,22|2|0.6387
128mASP: 04,14|2|0.2024
259mARG: 17,29|2|0.3557
217mLEU: 06,10|2|0.3914
140mARG: 02,03|2|0.8697
233mVAL: 22,29|2|0.4523
215mTRP: 02,19|2|0.1647
336mGLY: 13,26|2|0.4956
403mVAL: 13,26|2|0.4986
266mGLN: 17,28|2|2.2836
147mGLU: 05,28|2|0.4528
201mVAL: 14,22|2|0.7921
216mHIS: 02,20|2|0.4332
355mCYS: 06,15|2|0.6444
259mVAL: 17,29|2|1.0428
280mMET: 10,15|2|0.1196
357mTHR: 09,15|2|0.0388
216mCYS: 02,03|2|1.2814
143mMET: 03,19|2|0.3521
204mTRP: 04,07|2|0.2828
355mGLN: 06,25|2|0.0826
206mASN: 04,07|2|2.2942
146mTRP: 05,19|2|0.3966
249mLEU: 14,24|2|0.385
205mLEU: 07,29|2|2.1739
201mGLU: 14,22|2|1.7521
269mGLU: 17,19|2|0.3626
296mHIS: 10,15|2|0.544
378mILE: 08,26|2|0.3336
273mVAL: 01,17|2|0.0034
143mLYS: 03,19|2|0.8049
296mCYS: 10,15|2|2.7335
159mLEU: 22,24|2|0.18
143mPHE: 03,28|2|0.6044
247mALA: 09,12|2|1.0068
361mGLY: 06,25|2|0.1801
284mPHE: 15,25|2|1.2278
379mVAL: 16,26|2|2.8
142mLYS: 03,19|2|0.5385
305mLEU: 05,19|2|2.3729
292mGLY: 10,18|2|0.4814
172mTHR: 10,25|2|0.929
237mLYS: 07,14|2|1.0032
147mMET: 01,05|2|0.1289
379mALA: 16,26|2|2.4064
301mMET: 06,18|2|0.4809
290mHIS: 15,18|2|0.1677
332mPRO: 13,26|2|1.049
306mPHE: 05,17|2|0.198
248mSER: 07,14|2|0.6229
147mASP: 05,28|2|0.1381
403mGLY: 13,26|2|1.1456
197mGLY: 04,21|2|1.0701
140mPRO: 02,03|2|1.4028
361mMET: 06,25|2|0.3004
305mVAL: 05,19|2|2.9967
284mTRP: 15,25|2|1.0025
341mTRP: 13,16|2|0.9598
339mGLU: 08,13|2|0.408
402mHIS: 13,26|2|0.1268
341mLEU: 13,16|2|1.2863
243mSER: 09,20|2|0.2586
379mPRO: 16,26|2|2.4995
191mLYS: 23,25|2|0.6403
171mCYS: 02,15|2|0.3199
247mGLY: 06,09|2|0.5509
194mSER: 11,23|2|1.8493
167mARG: 09,25|2|0.3534
332mHIS: 13,26|2|0.9656
306mCYS: 05,17|2|1.0379
126mCYS: 07,14|2|2.9314
327mCYS: 13,16|2|1.6591
273mASP: 01,17|2|1.1868
296mGLY: 10,15|2|0.2681
128mTHR: 04,07|2|0.5551
218mLEU: 02,06|2|1.5143
162mPHE: 09,25|2|0.1762
238mASN: 07,21|2|0.287
267mGLN: 03,19|2|0.313
290mTYR: 18,25|2|0.3666
309mASN: 01,17|2|0.3877
216mGLU: 02,03|2|0.2581
144mGLU: 03,19|2|1.352
284mLEU: 15,25|2|1.4853
250mTRP: 12,22|2|0.1213
355mLYS: 15,25|2|0.1359
304mGLY: 01,19|2|0.2755
378mGLN: 08,26|2|0.3285
403mASP: 13,26|2|1.6841
379mGLU: 16,26|2|3.4458
217mPRO: 03,06|2|0.4751
266mILE: 01,17|2|2.5184
148mCYS: 03,19|2|0.5891
443mASP: 15,25|2|0.441
237mPHE: 04,22|2|0.1069
250mLEU: 12,22|2|0.7614
267mASP: 03,19|2|0.43
233mMET: 22,29|2|0.2318
141mALA: 03,28|2|0.5443
194mLEU: 11,24|2|0.3404
402mGLU: 13,26|2|0.8292
239mLYS: 07,21|2|0.147
329mCYS: 13,27|2|2.2287
265mPRO: 17,28|2|0.7977
303mILE: 02,03|2|0.4297
280mTHR: 10,15|2|0.576
280mTYR: 10,15|2|0.2888
169mHIS: 15,25|2|0.175
297mMET: 02,25|2|0.846
171mASP: 02,15|2|1.1271
444mVAL: 06,25|2|0.1417
215mVAL: 02,19|2|0.8846
