204mGLU: 04,05,14,18,23,24,26,28|8|3.2763
204mGLY: 04,05,14,18,23,24,26,28|8|2.8907
251mGLY: 04,14,18,23,24,26,28|7|2.9394
250mSER: 00,04,14,15,18,23,24|7|3.2424
243mGLY: 00,03,09,11,14,15,17|7|1.2055
251mALA: 04,14,18,23,24,26,28|7|2.4848
251mTHR: 04,14,18,23,24,26,28|7|3.7749
251mASN: 04,14,18,23,24,26,28|7|2.616
251mSER: 04,14,18,23,24,26,28|7|2.3853
250mLYS: 00,04,14,15,18,23,24|7|2.2206
250mGLY: 00,04,14,15,18,23,24|7|3.2737
126mGLY: 14,15,18,22,23,24,27|7|1.9758
204mTHR: 04,05,14,18,23,24,26|7|3.6479
126mSER: 14,15,18,22,23,24,27|7|1.562
250mALA: 00,04,14,15,18,23,24|7|3.0104
251mGLU: 04,14,18,23,24,26,28|7|3.7004
251mLYS: 04,14,18,23,24,26,28|7|3.326
250mTHR: 00,04,14,15,18,23,24|7|3.3445
250mGLU: 00,04,14,15,18,23,24|7|3.8066
250mLEU: 00,04,14,15,18,23,24|7|1.8813
131mSER: 11,14,15,21,22,23|6|0.8621
204mVAL: 04,05,14,18,24,26|6|2.7938
131mASN: 11,14,15,21,22,23|6|0.9881
193mGLU: 00,03,11,17,21,22|6|1.8715
193mHIS: 00,03,11,17,21,22|6|1.6196
131mHIS: 11,14,15,21,22,23|6|2.0299
193mSER: 00,03,11,17,21,22|6|1.7822
126mHIS: 14,15,18,22,23,27|6|2.7315
204mILE: 04,05,14,18,24,26|6|1.575
242mSER: 00,09,11,14,15,17|6|2.9652
243mALA: 00,03,09,11,14,17|6|2.3292
242mGLY: 00,09,11,14,15,17|6|2.4114
204mLYS: 04,05,18,23,24,26|6|4.1746
193mGLY: 00,03,11,17,21,22|6|1.8893
131mMET: 11,14,15,21,22,23|6|1.3422
248mALA: 00,04,14,15,23,24|6|1.0966
250mVAL: 00,04,14,18,23,24|6|1.6952
242mALA: 00,09,11,14,15,17|6|3.0691
261mGLY: 01,05,06,08,26,28|6|2.0373
251mHIS: 14,18,23,24,26,28|6|2.1564
193mTHR: 00,03,11,17,21,22|6|1.5261
131mTHR: 11,14,15,21,22,23|6|0.6085
242mVAL: 00,09,11,14,15,17|6|1.1348
242mGLU: 00,09,11,14,15,17|6|5.2297
242mASP: 00,09,11,14,15,17|6|1.1567
248mGLY: 00,04,14,15,23,24|6|1.6932
251mVAL: 14,18,23,24,26,28|6|1.3561
242mILE: 00,09,11,14,15,17|6|0.7132
251mILE: 04,14,18,24,26,28|6|0.8939
242mLEU: 00,09,11,14,15,17|6|2.0354
131mGLY: 11,14,15,21,22,23|6|1.3541
158mTHR: 04,14,23,24,26,28|6|1.5329
244mALA: 00,03,09,11,14,15|6|1.2672
261mTHR: 01,05,06,08,26,28|6|2.7768
242mLYS: 00,09,11,14,15,17|6|3.1507
261mASN: 01,05,06,08,26,28|6|1.6693
193mMET: 00,03,11,17,21,22|6|1.2442
204mMET: 05,14,18,24,26,28|6|1.3854
243mLYS: 00,03,09,11,14,17|6|2.371
126mGLU: 14,15,18,23,24,27|6|1.7537
242mTHR: 00,09,11,14,15,17|6|3.9338
204mALA: 04,05,18,23,24,26|6|4.2995
204mHIS: 04,05,18,24,26,28|6|1.9881
261mLYS: 01,05,06,08,26,28|6|2.2074
204mLEU: 04,05,14,18,24,26|6|1.5871
235mGLU: 14,18,23,26,28|5|1.4401
203mGLU: 04,14,18,26,28|5|1.9057
127mTHR: 14,15,22,23,24|5|0.7188
219mLYS: 00,11,17,21,22|5|1.0662
126mMET: 14,15,18,22,27|5|1.5185
237mGLY: 14,15,18,23,24|5|1.2363
194mTHR: 00,03,09,11,17|5|4.1756
158mHIS: 14,23,24,26,28|5|2.1683
127mGLY: 14,15,22,23,24|5|1.6127
219mSER: 00,11,17,21,22|5|1.7877
237mALA: 14,15,18,23,24|5|1.1391
193mASN: 00,03,17,21,22|5|0.7879
244mGLY: 00,09,11,14,15|5|1.8388
158mGLU: 04,14,23,24,28|5|1.8989
250mHIS: 00,14,15,23,24|5|2.259
204mASN: 04,05,18,24,26|5|2.0343
251mLEU: 14,23,24,26,28|5|1.0158
243mTHR: 00,09,11,14,17|5|1.9463
127mASN: 14,15,22,23,24|5|1.2231
228mGLY: 05,08,24,26,28|5|0.2448
251mMET: 14,23,24,26,28|5|1.6671
130mGLY: 03,11,15,21,22|5|1.7792
130mVAL: 03,11,15,21,22|5|0.7224
219mTHR: 00,11,17,21,22|5|2.1241
130mASN: 03,11,15,21,22|5|1.514
219mGLU: 00,11,17,21,22|5|2.2732
244mTHR: 00,03,09,11,14|5|3.0701
130mALA: 03,11,15,21,22|5|1.2119
180mGLY: 01,05,06,08,27|5|1.3378
194mILE: 00,03,09,11,17|5|1.6516
261mALA: 01,06,08,26,28|5|1.4108
147mGLY: 01,05,06,08,27|5|0.3453
242mCYS: 00,09,11,14,17|5|2.0078
251mASP: 04,18,24,26,28|5|0.9424
194mGLU: 00,03,09,11,17|5|3.9465
158mMET: 14,23,24,26,28|5|1.6117
235mTHR: 14,18,23,26,28|5|1.4001
244mGLU: 00,03,09,11,14|5|3.7152
127mHIS: 14,15,22,23,24|5|1.9746
194mVAL: 00,03,09,11,17|5|0.9642
194mSER: 00,03,09,11,17|5|2.6356
180mGLU: 01,05,06,08,27|5|3.1469
194mMET: 00,03,09,11,17|5|0.8261
130mILE: 03,11,15,21,22|5|0.5323
158mGLY: 14,23,24,26,28|5|1.8301
205mALA: 05,18,23,24,28|5|0.4493
194mLYS: 00,03,09,11,17|5|3.6471
181mGLY: 01,05,06,08,27|5|0.6981
262mGLY: 01,05,06,08,28|5|1.3376
126mTHR: 14,15,18,24,27|5|1.4444
127mSER: 14,15,22,23,24|5|1.1288
180mTHR: 01,05,06,08,27|5|2.4035
261mGLU: 01,05,06,08,28|5|2.5292
194mGLY: 00,03,09,11,17|5|2.9567
261mSER: 01,06,08,26,28|5|1.6131
219mGLY: 00,11,17,21,22|5|1.7777
158mSER: 14,23,24,26,28|5|1.6356
130mLYS: 03,11,15,21,22|5|1.5849
248mTHR: 00,04,14,15,24|5|1.5292
204mCYS: 04,14,18,23,24|5|2.5239
194mALA: 00,03,09,11,17|5|2.1
248mGLU: 00,04,14,15,24|5|2.4687
242mASN: 00,09,11,15,17|5|1.5278
204mSER: 05,18,24,26,28|5|2.2311
237mLYS: 14,15,18,23,24|5|2.1052
248mSER: 00,04,14,15,24|5|1.7273
180mSER: 01,05,06,08,27|5|1.4363
130mTHR: 03,11,15,21,22|5|1.8996
180mASN: 01,05,06,08,27|5|1.4032
245mTHR: 00,03,14,15,23|5|0.6692
194mLEU: 00,03,09,11,17|5|1.1829
242mTYR: 00,09,11,14,17|5|1.6609
219mLEU: 00,11,17,22|4|0.8126
130mGLN: 03,11,15,21|4|0.8487
196mGLN: 03,14,15,23|4|1.0441
178mVAL: 01,05,06,08|4|0.9506
250mASN: 00,14,23,24|4|2.479
345mGLY: 02,13,19,20|4|0.8044
130mGLU: 03,11,15,21|4|1.7663
191mTHR: 09,11,17,21|4|1.0287
219mASN: 00,17,21,22|4|1.9698
196mALA: 03,14,15,23|4|1.3677
250mGLN: 00,14,23,24|4|0.8001
244mLYS: 00,03,14,15|4|1.7515
248mLEU: 00,04,15,24|4|0.5385
127mGLU: 14,15,22,23|4|0.8071
423mGLU: 12,20,25,26|4|2.0722
194mASP: 03,09,11,17|4|1.9617
158mLEU: 14,24,26,28|4|0.4753
265mLYS: 01,05,06,08|4|3.7885
197mLEU: 14,18,23,24|4|0.3783
178mLYS: 01,05,06,08|4|2.0268
235mALA: 14,23,26,28|4|0.7006
243mVAL: 03,11,14,17|4|0.5542
265mTHR: 01,05,06,08|4|3.0059
235mVAL: 14,23,26,28|4|0.964
180mLYS: 05,06,08,27|4|0.7717
180mGLN: 01,05,06,27|4|0.7152
193mALA: 03,11,21,22|4|1.4087
340mASN: 02,07,10,19|4|1.2418
164mASP: 00,09,11,17|4|3.3872
158mASN: 14,23,24,28|4|1.4688
235mHIS: 14,23,26,28|4|1.6473
146mPHE: 01,06,08,27|4|0.7266
178mGLY: 01,05,06,08|4|1.7189
237mCYS: 15,18,23,24|4|0.7765
204mGLN: 05,14,24,26|4|0.7421
340mSER: 02,07,10,19|4|0.8578
164mGLU: 00,09,11,17|4|4.4439
157mALA: 00,04,14,23|4|0.1719
235mILE: 14,23,26,28|4|0.6878
194mCYS: 03,09,11,17|4|1.7331
158mGLN: 14,23,24,28|4|0.7379
191mGLU: 09,11,17,21|4|0.8877
146mGLY: 01,06,08,27|4|1.7529
157mLEU: 00,04,14,23|4|0.3736
340mHIS: 02,07,10,19|4|1.7042
191mALA: 09,11,17,21|4|0.3396
147mSER: 01,05,06,27|4|0.368
346mHIS: 12,13,20,25|4|1.0964
130mLEU: 03,11,15,21|4|0.7646
146mLYS: 01,06,08,27|4|1.1664
235mGLY: 14,23,26,28|4|1.4463
164mMET: 00,09,11,17|4|2.8455
346mGLY: 12,13,20,25|4|1.6029
194mTRP: 00,09,11,17|4|0.921
205mSER: 05,18,24,28|4|0.7494
205mHIS: 05,18,24,28|4|1.5397
248mHIS: 00,04,23,24|4|1.8929
194mHIS: 00,09,11,17|4|1.7664
191mCYS: 09,11,17,21|4|0.4268
237mLEU: 15,18,23,24|4|0.2608
253mGLU: 04,18,26,28|4|0.5574
196mMET: 03,14,15,23|4|1.6988
165mGLU: 00,09,11,17|4|2.4554
245mALA: 03,11,15,23|4|0.8547
146mTHR: 01,06,08,27|4|1.7797
265mGLU: 01,05,06,08|4|3.6447
196mSER: 03,14,15,23|4|2.0291
205mGLY: 05,18,24,28|4|1.4352
235mGLN: 14,23,26,28|4|1.2215
196mASN: 03,14,15,23|4|1.6611
196mTHR: 03,14,15,23|4|1.9319
261mHIS: 01,08,26,28|4|1.754
341mALA: 02,07,19,20|4|0.9113
203mSER: 04,18,26,28|4|0.3878
164mGLY: 00,09,11,17|4|4.8641
219mALA: 00,11,17,22|4|0.6527
346mSER: 12,13,20,25|4|1.46
251mPHE: 14,24,26,28|4|0.1505
345mGLU: 02,13,19,20|4|1.7499
219mVAL: 00,11,17,22|4|0.7082
237mGLU: 15,18,23,24|4|2.2797
346mASN: 12,13,20,25|4|0.9332
194mGLN: 00,09,11,17|4|1.615
157mGLU: 00,04,14,23|4|0.674
229mGLU: 05,06,08,28|4|0.8913
158mVAL: 14,23,24,28|4|0.3599
261mASP: 01,05,06,08|4|0.2795
180mVAL: 01,05,06,27|4|0.5532
197mGLU: 14,18,23,24|4|0.7638
126mALA: 15,18,24,27|4|1.2512
248mASN: 00,04,23,24|4|0.4989
180mALA: 01,05,06,27|4|0.3844
346mGLU: 12,13,20,25|4|1.6431
146mHIS: 01,06,08,27|4|2.0449
178mTHR: 01,05,06,08|4|2.0547
146mASP: 01,06,08,27|4|1.1179
233mGLU: 04,18,26,28|4|1.234
130mASP: 03,11,15,21|4|0.5213
196mASP: 03,14,15,23|4|0.6967
406mGLY: 02,07,13,19|4|0.1114
157mTHR: 00,04,14,23|4|0.6684
261mVAL: 01,08,26,28|4|0.9221
164mLEU: 00,09,11,17|4|1.5366
146mLEU: 01,06,08,27|4|1.2202
193mLEU: 03,11,21,22|4|1.0614
235mMET: 14,23,26,28|4|1.6779
127mMET: 14,15,22,23|4|1.0063
146mGLN: 01,06,08,27|4|1.1246
158mALA: 14,24,26,28|4|0.4656
196mILE: 03,14,15,23|4|0.8097
146mGLU: 01,06,08,27|4|2.0854
164mTHR: 00,09,11,17|4|3.7175
340mTHR: 02,07,10,19|4|0.9842
346mTHR: 12,13,20,25|4|1.6616
196mLEU: 03,14,15,23|4|1.3927
196mGLY: 03,14,15,23|4|1.9634
178mHIS: 01,05,06,08|4|1.081
146mSER: 01,06,08,27|4|1.9431
345mSER: 02,13,19,20|4|1.1545
235mASN: 14,23,26,28|4|1.2268
205mTHR: 05,18,24,28|4|0.8332
197mTHR: 14,18,23,24|4|0.5724
178mASN: 01,05,06,08|4|1.355
201mGLU: 18,23,24,26|4|0.4212
164mLYS: 00,09,11,17|4|2.3336
196mGLU: 03,14,15,23|4|2.1809
178mALA: 01,05,06,08|4|1.6673
180mLEU: 01,05,06,27|4|0.5144
251mARG: 14,24,26,28|4|0.3506
235mSER: 14,23,26,28|4|1.1816
146mALA: 01,06,08,27|4|1.3724
251mGLN: 14,24,26,28|4|0.8748
178mILE: 01,05,06,08|4|0.8229
164mHIS: 00,09,11,17|4|4.4873
345mTHR: 02,13,19,20|4|1.1167
194mTYR: 03,09,11,17|4|1.8239
180mILE: 01,05,06,27|4|0.2883
194mASN: 00,09,11,17|4|3.1655
196mTRP: 03,14,15,23|4|0.5347
206mGLU: 14,18,23,24|4|0.9886
146mMET: 01,06,08,27|4|1.76
250mMET: 00,14,23,24|4|1.7186
235mLEU: 14,23,26,28|4|1.0825
164mALA: 00,09,11,17|4|3.79
243mSER: 00,11,14,15|4|0.6953
201mALA: 18,23,24,26|4|0.1623
206mTHR: 14,18,23,24|4|0.7883
340mGLY: 02,07,10,19|4|1.5034
130mHIS: 03,11,15,21|4|1.631
164mGLN: 00,09,11,17|4|2.2795
146mTRP: 01,06,08,27|4|0.7638
346mMET: 12,13,20,25|4|0.7977
164mASN: 00,09,11,17|4|3.3425
165mALA: 00,09,11,17|4|1.8189
196mVAL: 03,14,15,23|4|1.196
237mSER: 15,18,23,24|4|1.1055
237mTHR: 15,18,23,24|4|2.2487
164mSER: 00,09,11,17|4|3.8537
250mTYR: 04,14,18,23|4|0.5215
191mLYS: 09,11,17,21|4|0.9594
263mGLU: 01,05,06,28|4|1.5305
340mMET: 02,07,10,19|4|1.0344
196mLYS: 03,14,15,23|4|1.1931
265mGLY: 01,05,06,08|4|2.538
196mHIS: 03,14,15,23|4|1.9002
235mTRP: 14,23,26,28|4|1.015
130mSER: 03,11,15,21|4|1.5304
203mTHR: 04,14,18,26|4|0.7219
197mALA: 14,18,23,24|4|0.2781
259mPHE: 06,26,28|3|1.1059
233mGLY: 04,26,28|3|0.759
258mASN: 06,26,28|3|1.4658
344mASN: 12,19,20|3|0.504
249mARG: 00,09,15|3|0.0672
259mGLY: 06,26,28|3|2.7769
193mVAL: 03,21,22|3|0.3841
258mGLY: 06,26,28|3|2.2375
423mTHR: 12,25,26|3|1.1932
425mSER: 20,25,26|3|0.3058
400mSER: 10,12,16|3|0.5123
408mTHR: 02,07,13|3|2.1198
206mALA: 14,18,23|3|0.2781
164mILE: 00,09,17|3|1.1831
259mASN: 06,26,28|3|1.6543
121mGLU: 08,22,27|3|0.6541
450mGLY: 12,20,25|3|1.2405
341mTHR: 02,07,20|3|1.3706
258mTHR: 06,26,28|3|1.9859
249mASN: 00,09,15|3|1.0824
270mSER: 01,06,28|3|0.3567
425mMET: 20,25,26|3|0.6204
259mALA: 06,26,28|3|3.378
178mSER: 05,06,08|3|1.3412
249mILE: 00,09,15|3|0.2844
157mGLY: 00,14,23|3|0.9608
455mGLU: 13,20,25|3|0.3927
344mGLU: 12,19,20|3|1.3842
349mALA: 12,20,25|3|0.7631
241mASP: 00,03,09|3|0.6756
253mSER: 04,26,28|3|0.6758
347mGLY: 13,20,25|3|1.8568
341mHIS: 02,07,20|3|1.6518
259mSER: 06,26,28|3|2.7348
126mASP: 15,23,27|3|0.6361
219mHIS: 00,17,22|3|2.0767
156mTHR: 04,26,28|3|0.3626
181mHIS: 05,06,27|3|0.4232
377mSER: 07,10,19|3|0.9429
337mVAL: 02,07,16|3|1.2157
193mILE: 03,11,21|3|0.2255
270mASN: 01,06,28|3|0.5597
128mHIS: 14,22,23|3|0.7155
265mVAL: 01,06,08|3|1.3574
181mASN: 01,05,08|3|0.3473
180mTRP: 05,06,27|3|0.4766
262mGLU: 05,06,08|3|1.9575
142mALA: 08,21,27|3|0.7797
265mALA: 01,06,08|3|3.4408
450mLYS: 12,20,25|3|0.7156
406mMET: 07,13,19|3|0.149
408mGLN: 02,07,13|3|0.6871
265mCYS: 01,06,08|3|3.0789
219mILE: 00,17,22|3|0.314
344mTHR: 12,19,20|3|1.5328
142mSER: 08,21,27|3|1.0059
249mHIS: 00,09,15|3|1.6228
262mHIS: 01,08,28|3|0.8165
421mALA: 10,12,26|3|1.3348
250mILE: 00,14,24|3|0.8579
157mSER: 00,14,23|3|0.848
164mTRP: 00,09,11|3|1.2234
411mSER: 02,07,13|3|0.2199
249mLYS: 00,09,15|3|0.2784
261mARG: 01,08,26|3|0.3338
338mASN: 10,16,19|3|0.1902
147mHIS: 05,06,27|3|0.4053
124mSER: 22,24,27|3|1.0128
344mLYS: 12,19,20|3|1.1642
244mLEU: 09,11,14|3|1.1105
406mHIS: 07,13,19|3|0.3536
243mHIS: 14,15,17|3|0.3294
249mMET: 00,09,15|3|1.3876
157mASN: 00,14,23|3|0.804
249mPHE: 00,09,15|3|0.0672
319mGLN: 10,16,29|3|2.1346
157mVAL: 00,14,23|3|0.2816
124mGLU: 22,24,27|3|1.1473
319mSER: 10,16,29|3|1.492
253mMET: 04,26,28|3|0.8432
408mHIS: 02,07,13|3|2.108
408mTYR: 02,07,13|3|0.742
336mGLU: 07,16,19|3|2.9518
349mTHR: 12,20,25|3|0.705
337mGLN: 02,07,16|3|1.0788
178mLEU: 05,06,08|3|0.885
319mMET: 10,16,29|3|2.4162
337mTYR: 02,07,16|3|1.0299
259mLEU: 06,26,28|3|2.5472
337mASP: 02,07,16|3|0.8292
319mHIS: 10,16,29|3|2.0713
241mGLY: 00,03,09|3|0.8332
428mILE: 10,12,26|3|0.2343
181mILE: 01,05,08|3|0.6965
453mGLU: 12,20,25|3|0.731
319mTHR: 10,16,29|3|2.6418
265mASN: 01,05,06|3|1.3954
259mASP: 06,26,28|3|1.1033
165mTHR: 00,09,17|3|2.1979
337mLEU: 02,07,16|3|1.485
341mGLN: 02,07,20|3|0.6751
219mGLN: 00,17,22|3|0.9998
336mASP: 07,16,19|3|1.2763
337mILE: 02,07,16|3|0.8582
124mLEU: 22,24,27|3|0.5486
339mGLY: 02,07,19|3|1.0719
341mGLY: 02,07,20|3|1.5743
157mILE: 00,14,23|3|0.006
400mGLY: 10,12,16|3|0.5532
193mLYS: 03,11,21|3|0.8265
244mMET: 09,11,14|3|1.1717
241mCYS: 00,03,09|3|0.8843
337mGLY: 02,07,16|3|1.8273
319mPRO: 10,16,29|3|0.9069
253mHIS: 04,26,28|3|1.1348
424mCYS: 10,12,26|3|1.1611
146mASN: 01,06,27|3|1.5004
126mLEU: 15,18,27|3|0.1806
165mGLY: 00,09,17|3|2.1022
120mHIS: 08,22,27|3|0.5035
122mGLY: 08,22,27|3|0.9683
258mLYS: 06,26,28|3|1.9114
142mGLU: 08,21,27|3|0.8712
423mSER: 12,20,25|3|0.141
249mSER: 00,09,15|3|1.1264
408mLEU: 02,07,13|3|1.4995
337mALA: 02,07,16|3|1.3621
136mALA: 21,22,27|3|1.8151
229mLYS: 05,06,28|3|1.1955
259mMET: 06,26,28|3|1.6053
261mMET: 01,08,28|3|1.4077
249mTHR: 00,09,15|3|0.9152
178mGLU: 05,06,08|3|1.8433
142mLEU: 08,21,27|3|0.6318
165mASN: 00,09,17|3|2.0743
157mHIS: 00,14,23|3|1.3444
258mALA: 06,26,28|3|1.6594
178mASP: 05,06,08|3|0.7583
204mPHE: 14,18,24|3|0.6414
233mTHR: 04,26,28|3|0.7257
120mGLY: 08,22,27|3|0.4718
408mVAL: 02,07,13|3|1.4299
194mARG: 09,11,17|3|0.9279
257mGLU: 06,26,28|3|0.8132
165mHIS: 00,09,17|3|1.4781
337mSER: 02,07,16|3|1.7723
377mHIS: 07,10,19|3|1.347
165mSER: 00,09,17|3|1.5527
261mPHE: 01,08,26|3|0.1337
408mALA: 02,07,13|3|1.9399
411mGLY: 02,07,13|3|0.2109
456mALA: 12,20,26|3|0.1026
229mTHR: 05,06,28|3|1.2076
181mMET: 01,06,27|3|0.431
241mALA: 00,03,09|3|0.9638
258mHIS: 06,26,28|3|1.6089
157mTRP: 00,14,23|3|0.3876
319mPHE: 10,16,29|3|1.4652
122mLYS: 08,22,27|3|0.6836
181mPRO: 01,05,08|3|0.7426
242mMET: 14,15,17|3|0.5053
181mALA: 01,05,08|3|1.4685
400mTHR: 10,12,16|3|0.9845
257mSER: 06,26,28|3|0.6614
337mGLU: 02,07,16|3|1.7993
319mGLY: 10,16,29|3|2.3269
194mPRO: 09,11,17|3|1.4568
144mHIS: 01,08,21|3|0.5843
120mSER: 08,22,27|3|0.4168
157mGLN: 00,14,23|3|0.5436
124mALA: 22,24,27|3|0.9066
244mHIS: 09,11,14|3|1.3385
270mTHR: 01,06,28|3|0.4727
270mMET: 01,06,28|3|0.3797
164mVAL: 00,09,17|3|2.1245
203mALA: 04,14,18|3|0.5452
408mGLU: 02,07,13|3|1.9217
241mLYS: 00,03,09|3|1.4378
249mTRP: 00,09,15|3|0.666
237mASN: 18,23,24|3|1.3271
243mGLU: 00,11,14|3|1.6473
428mLYS: 10,12,26|3|1.0926
181mTHR: 01,05,08|3|0.8792
319mILE: 10,16,29|3|1.7289
178mMET: 05,06,08|3|0.7387
337mTHR: 02,07,16|3|1.6911
344mALA: 12,19,20|3|0.2636
259mHIS: 06,26,28|3|1.6946
241mVAL: 00,03,09|3|0.263
428mSER: 10,12,26|3|1.7976
251mTRP: 24,26,28|3|0.4995
251mPRO: 04,14,18|3|0.6293
180mMET: 05,06,27|3|1.0529
158mTRP: 14,24,28|3|0.4845
205mVAL: 05,18,28|3|0.1744
261mLEU: 01,08,28|3|0.7593
203mLEU: 04,14,18|3|0.4579
146mILE: 01,06,27|3|0.7979
270mGLY: 01,06,28|3|0.6513
161mALA: 04,17,26|3|1.1539
337mHIS: 02,07,16|3|1.859
228mMET: 08,24,26|3|0.1959
262mTHR: 05,06,08|3|1.5894
259mTYR: 06,26,28|3|2.1428
253mGLY: 04,26,28|3|0.8154
400mGLU: 10,12,16|3|0.9678
341mASN: 02,07,20|3|1.0861
421mLYS: 10,12,26|3|0.772
259mILE: 06,26,28|3|1.4747
249mALA: 00,09,15|3|0.384
124mGLY: 22,24,27|3|1.0367
244mSER: 09,11,14|3|1.6122
337mMET: 02,07,16|3|1.7438
341mVAL: 02,07,20|3|0.8568
270mHIS: 01,06,28|3|0.6558
341mMET: 02,07,20|3|1.4369
337mLYS: 02,07,16|3|1.1503
265mSER: 01,05,06|3|2.2999
258mVAL: 06,26,28|3|1.0505
165mILE: 00,09,17|3|0.7939
122mGLU: 08,22,27|3|1.0732
422mALA: 10,12,26|3|1.0193
344mGLY: 12,19,20|3|0.7728
206mLEU: 14,18,23|3|0.3783
205mASN: 05,18,28|3|0.6633
425mHIS: 20,25,26|3|0.9955
203mCYS: 04,14,18|3|0.732
428mALA: 10,12,26|3|1.5105
400mASN: 10,12,16|3|0.7654
205mMET: 05,18,28|3|0.8682
219mTRP: 00,17,22|3|0.7594
259mTHR: 06,26,28|3|3.1578
266mTHR: 01,05,06|3|0.6963
181mVAL: 01,05,08|3|1.0703
178mGLN: 05,06,08|3|0.5791
241mTHR: 00,03,09|3|1.5333
122mTHR: 08,22,27|3|1.1863
345mLYS: 02,13,19|3|0.2792
255mTHR: 04,26,28|3|0.5276
450mASN: 12,20,25|3|0.9885
257mTHR: 06,26,28|3|0.5642
165mLYS: 00,09,17|3|2.8932
249mGLY: 00,09,15|3|1.2392
253mTHR: 04,26,28|3|0.4362
241mSER: 00,03,09|3|0.8783
259mGLN: 06,26,28|3|0.7292
408mSER: 02,07,13|3|2.0078
408mMET: 02,07,13|3|1.7779
341mSER: 02,07,20|3|1.0298
266mALA: 05,06,08|3|0.1184
261mGLN: 01,08,26|3|0.6693
259mGLU: 06,26,28|3|3.4277
347mLYS: 13,20,25|3|1.6625
165mGLN: 00,09,17|3|0.4799
345mASN: 02,13,19|3|1.0697
241mGLU: 00,03,09|3|1.7218
142mHIS: 08,21,27|3|1.0963
347mTHR: 13,20,25|3|1.9772
241mTYR: 00,03,09|3|0.6846
262mSER: 05,08,28|3|1.0781
249mASP: 00,09,15|3|0.1004
450mGLU: 12,20,25|3|1.245
241mILE: 00,03,09|3|0.4621
128mGLY: 14,22,23|3|0.6793
377mGLY: 07,10,19|3|0.9284
146mVAL: 01,06,27|3|1.0399
130mTRP: 11,15,21|3|0.5988
336mTHR: 07,16,19|3|2.3798
120mMET: 08,22,27|3|0.3883
319mGLU: 10,16,29|3|2.3974
250mCYS: 04,15,18|3|0.5592
193mASP: 03,11,21|3|0.4566
408mASN: 02,07,13|3|1.4102
337mASN: 02,07,16|3|1.3555
345mALA: 02,13,19|3|0.2603
377mMET: 07,10,19|3|1.0331
428mTHR: 10,12,26|3|1.8033
341mLEU: 02,07,20|3|0.6591
347mGLU: 13,20,25|3|1.4108
219mMET: 00,17,22|3|1.6965
338mSER: 10,16,19|3|0.1744
142mGLY: 08,21,27|3|1.2069
450mTHR: 12,20,25|3|1.3775
258mMET: 06,26,28|3|0.8142
228mHIS: 08,24,26|3|0.3723
237mTYR: 15,18,23|3|0.7313
261mILE: 01,08,26|3|0.5207
249mVAL: 00,09,15|3|0.56
453mTHR: 12,20,25|3|0.4957
259mVAL: 06,26,28|3|2.2491
319mALA: 10,16,29|3|1.9151
258mGLU: 06,26,28|3|2.4229
204mTRP: 05,14,26|3|0.3521
158mILE: 14,24,28|3|0.0075
249mLEU: 00,09,15|3|0.6084
319mASN: 10,16,29|3|1.9296
120mGLU: 08,24,27|3|0.5198
428mLEU: 10,12,26|3|1.0759
408mLYS: 02,07,13|3|1.5446
337mARG: 02,07,16|3|0.4689
266mGLY: 01,05,06|3|0.6311
233mSER: 04,26,28|3|0.8127
241mLEU: 00,03,09|3|0.4615
146mTYR: 01,06,27|3|0.5473
165mVAL: 00,09,17|3|1.1591
336mCYS: 07,16,19|3|1.3902
319mVAL: 10,16,29|3|2.2241
428mGLY: 10,12,26|3|1.6952
248mMET: 00,04,24|3|1.3941
142mLYS: 08,21,27|3|0.2343
347mASN: 13,20,25|3|1.5916
147mMET: 05,06,27|3|0.2289
142mTHR: 08,21,27|3|0.7942
259mLYS: 06,26,28|3|2.9266
347mALA: 13,20,25|3|1.2895
319mLEU: 10,16,29|3|2.038
341mGLU: 02,07,20|3|0.999
265mHIS: 01,05,06|3|1.2372
157mMET: 00,14,23|3|1.1092
347mSER: 13,20,25|3|1.3872
408mILE: 02,07,13|3|0.6349
424mALA: 10,12,26|3|0.8769
240mGLU: 09,11,17|3|0.3904
426mGLY: 10,12,26|3|0.4174
242mHIS: 11,15,17|3|0.6122
262mLYS: 05,06,08|3|1.0616
130mMET: 11,15,21|3|1.3204
191mGLY: 00,11,17|3|0.4826
408mGLY: 02,07,13|3|2.3278
421mTHR: 10,12,26|3|0.7366
258mSER: 06,26,28|3|2.0463
180mHIS: 05,06,27|3|1.3155
191mTYR: 09,11,21|3|0.1309
249mGLN: 00,09,15|3|0.822
124mTHR: 22,24,27|3|0.8907
145mGLU: 01,08,27|3|0.3887
144mMET: 01,08,21|3|0.2962
249mGLU: 00,09,15|3|0.8376
337mPHE: 02,07,16|3|0.6923
421mMET: 10,12|2|0.1379
177mLEU: 08,27|2|0.2729
447mLYS: 10,12|2|0.1584
234mTRP: 26,28|2|0.053
319mASP: 10,16|2|1.2655
167mASN: 00,09|2|0.7423
372mGLY: 02,13|2|0.6988
323mPRO: 10,16|2|0.6594
331mMET: 10,16|2|0.316
197mASN: 14,18|2|0.4041
403mPHE: 10,16|2|0.7927
330mGLU: 07,16|2|0.1947
335mGLN: 07,16|2|0.5395
335mTHR: 07,16|2|2.2314
264mASN: 01,28|2|0.2586
344mTYR: 19,20|2|0.1256
255mGLY: 04,28|2|0.6513
234mHIS: 26,28|2|0.5314
335mASN: 07,16|2|1.1317
276mHIS: 06,10|2|0.5889
142mVAL: 08,21|2|0.3656
323mLEU: 10,16|2|0.1669
447mGLY: 10,12|2|0.879
345mTRP: 02,13|2|0.0388
305mTHR: 06,29|2|0.7561
169mCYS: 09,17|2|0.0764
199mSER: 14,18|2|0.167
447mVAL: 10,12|2|0.3696
335mTYR: 07,16|2|0.8777
210mTHR: 24,27|2|0.1908
234mTHR: 26,28|2|0.1776
136mVAL: 21,27|2|0.4218
234mGLU: 26,28|2|0.1388
197mMET: 14,18|2|0.7127
349mHIS: 20,25|2|0.6115
140mVAL: 21,22|2|0.4492
360mASN: 13,25|2|0.2448
255mHIS: 04,28|2|0.6558
284mSER: 10,26|2|0.7193
146mARG: 06,27|2|0.249
264mSER: 01,28|2|0.4835
276mGLY: 06,10|2|0.3012
403mLEU: 10,16|2|1.1936
422mSER: 10,25|2|0.2845
145mASN: 01,27|2|0.5238
318mILE: 16,29|2|0.0045
337mTRP: 02,16|2|0.8226
340mALA: 07,19|2|1.1048
360mHIS: 13,25|2|0.7852
262mLEU: 05,08|2|0.8336
163mGLY: 00,09|2|0.2086
349mGLY: 20,25|2|0.7851
348mGLY: 20,25|2|0.2062
450mGLN: 20,25|2|0.5758
377mTHR: 10,19|2|0.7561
121mSER: 08,22|2|0.1886
347mLEU: 20,25|2|0.6959
318mGLY: 16,29|2|0.7206
421mHIS: 10,12|2|0.4398
453mLEU: 20,25|2|0.1229
145mTHR: 01,27|2|0.3984
147mTHR: 01,08|2|0.8381
421mCYS: 10,26|2|1.9348
237mASP: 18,23|2|0.7897
177mGLU: 08,27|2|0.4014
123mGLU: 22,27|2|1.8097
245mGLU: 00,23|2|0.1554
165mASP: 09,17|2|1.2819
122mARG: 08,22|2|0.0504
122mASP: 08,22|2|0.0753
279mMET: 10,26|2|0.2421
177mVAL: 08,27|2|0.1443
229mGLY: 05,26|2|0.1344
190mSER: 00,17|2|0.3087
340mGLN: 07,19|2|0.3894
426mHIS: 10,12|2|0.374
156mLEU: 04,28|2|0.2086
318mTRP: 16,29|2|0.2907
336mSER: 07,16|2|1.6584
319mTYR: 10,16|2|0.2346
286mALA: 10,26|2|0.2697
161mVAL: 04,26|2|0.3258
163mASN: 00,09|2|0.1302
374mLYS: 19,20|2|0.0436
372mTHR: 02,13|2|0.5092
403mVAL: 10,16|2|1.2102
425mGLY: 20,25|2|0.3516
318mHIS: 16,29|2|1.0083
232mALA: 26,28|2|0.2924
403mALA: 10,16|2|1.356
403mPRO: 10,16|2|0.1098
159mASN: 04,14|2|1.0765
218mGLU: 17,21|2|0.2498
264mGLY: 01,28|2|0.5533
124mASN: 22,27|2|0.503
318mTHR: 16,29|2|0.4776
163mMET: 00,09|2|0.2828
144mGLY: 01,21|2|0.0564
234mGLN: 26,28|2|0.131
134mGLU: 21,22|2|0.6784
190mASN: 00,17|2|0.1058
454mASP: 12,25|2|0.112
193mCYS: 03,11|2|0.8428
233mLEU: 04,26|2|0.1336
335mHIS: 07,16|2|0.5962
123mLYS: 22,27|2|1.5566
181mLYS: 05,08|2|1.1446
323mTHR: 10,16|2|0.7917
122mLEU: 08,22|2|0.4563
124mMET: 22,24|2|0.6812
323mGLN: 10,16|2|0.2525
257mASN: 06,28|2|0.5238
260mTHR: 05,06|2|0.3598
336mALA: 07,16|2|1.4838
257mGLN: 06,28|2|0.3285
120mTHR: 08,27|2|0.3774
339mALA: 07,19|2|1.2184
403mLYS: 10,16|2|1.3377
403mGLN: 10,16|2|1.079
243mTYR: 00,14|2|0.515
177mMET: 08,27|2|0.3049
169mGLU: 09,17|2|0.2436
124mCYS: 24,27|2|0.6047
334mGLY: 07,16|2|0.3153
318mSER: 16,29|2|0.636
231mSER: 05,26|2|0.1726
136mCYS: 22,27|2|1.7136
232mHIS: 04,26|2|0.371
454mVAL: 12,25|2|0.1538
447mSER: 10,12|2|0.7944
159mVAL: 04,14|2|1.0413
447mHIS: 10,12|2|1.1667
265mTYR: 01,06|2|1.0395
257mGLY: 06,28|2|0.6414
258mCYS: 06,28|2|0.0869
177mALA: 08,27|2|0.2395
169mTYR: 09,17|2|0.1024
165mARG: 00,17|2|0.3491
266mMET: 05,06|2|0.4328
167mHIS: 00,09|2|0.8926
335mALA: 07,16|2|1.5076
323mALA: 10,16|2|1.2135
191mLEU: 09,21|2|0.1012
450mLEU: 20,25|2|0.6454
159mGLU: 04,14|2|1.2814
127mALA: 14,24|2|0.6636
335mILE: 07,16|2|0.808
234mMET: 26,28|2|0.4138
348mALA: 12,20|2|0.2819
450mHIS: 20,25|2|1.4664
135mALA: 22,27|2|0.9932
411mHIS: 07,13|2|0.5404
190mGLU: 00,17|2|0.3583
447mASN: 10,12|2|0.7614
267mTHR: 01,06|2|1.4362
349mMET: 20,25|2|0.3251
419mASP: 10,12|2|0.6892
126mGLN: 15,27|2|0.2098
130mPRO: 03,22|2|0.3454
196mPHE: 14,15|2|0.5639
263mTHR: 05,06|2|0.813
447mALA: 10,12|2|0.2376
240mALA: 11,17|2|0.0694
244mVAL: 14,15|2|0.1641
451mGLY: 13,20|2|1.0374
415mMET: 02,13|2|0.3216
156mALA: 04,28|2|0.1191
419mGLY: 10,12|2|1.114
177mTHR: 08,27|2|0.3376
142mGLN: 08,21|2|0.3954
262mALA: 05,08|2|1.2931
374mTYR: 19,20|2|0.132
145mVAL: 01,27|2|0.132
336mVAL: 16,19|2|0.0395
142mMET: 08,21|2|0.94
145mGLY: 01,27|2|0.6414
156mGLY: 04,28|2|0.4586
197mTYR: 23,24|2|0.0884
334mALA: 07,16|2|0.5601
347mMET: 20,25|2|1.2359
147mLYS: 01,08|2|0.9019
419mALA: 10,12|2|0.972
450mALA: 20,25|2|0.4437
205mGLN: 05,28|2|0.1681
403mILE: 10,16|2|1.0083
339mSER: 02,07|2|0.6086
451mASN: 13,20|2|0.8887
346mVAL: 13,20|2|1.0853
326mALA: 10,16|2|0.7284
267mGLU: 01,06|2|1.4389
339mHIS: 02,07|2|0.8329
140mGLY: 21,22|2|1.2141
261mTRP: 01,08|2|0.4995
400mMET: 12,16|2|0.2828
140mLEU: 21,22|2|1.068
424mTHR: 10,12|2|0.0823
421mGLU: 10,26|2|1.0152
145mHIS: 01,27|2|0.9291
178mARG: 01,08|2|0.3977
450mMET: 20,25|2|1.2618
415mGLY: 02,13|2|0.2706
257mMET: 06,28|2|0.7527
410mGLY: 07,13|2|0.8139
323mVAL: 10,16|2|0.9985
123mTHR: 22,27|2|1.7408
447mGLU: 10,12|2|0.5778
255mASN: 04,28|2|0.5597
360mMET: 13,25|2|0.55
318mLEU: 16,29|2|0.2475
267mILE: 01,06|2|0.5671
372mALA: 02,13|2|0.1455
259mARG: 06,28|2|0.2385
167mGLU: 00,09|2|1.0236
204mPRO: 04,24|2|0.8875
428mGLU: 10,12|2|1.8771
319mTRP: 10,16|2|1.5455
159mTHR: 04,14|2|1.4275
260mVAL: 05,06|2|0.1508
122mSER: 08,22|2|0.8448
202mGLY: 05,26|2|0.265
161mLYS: 04,26|2|0.9497
451mALA: 13,20|2|0.6769
231mHIS: 05,26|2|0.5262
265mPRO: 01,08|2|0.1859
327mALA: 10,16|2|0.4546
123mCYS: 22,27|2|1.4914
165mCYS: 09,17|2|2.0475
260mLEU: 05,06|2|0.3838
374mTHR: 19,20|2|0.1068
267mHIS: 01,06|2|0.4426
122mALA: 08,22|2|0.288
447mMET: 10,12|2|0.9903
267mTRP: 01,06|2|0.2394
349mGLU: 12,20|2|0.3
455mSER: 13,20|2|0.202
202mHIS: 05,26|2|0.5206
319mCYS: 10,16|2|1.3705
167mSER: 00,09|2|0.6751
454mLYS: 12,25|2|0.2996
122mASN: 08,22|2|0.8118
257mTRP: 06,28|2|0.2115
234mLEU: 26,28|2|0.0242
423mALA: 12,26|2|1.0385
422mGLY: 10,25|2|0.5509
259mCYS: 06,28|2|1.702
450mSER: 20,25|2|1.1128
349mVAL: 20,25|2|0.6138
279mGLU: 10,26|2|0.5312
135mTHR: 22,27|2|0.4211
237mHIS: 18,23|2|0.4569
423mASN: 12,20|2|0.3076
177mGLY: 08,27|2|0.3652
403mHIS: 10,16|2|1.5208
341mILE: 07,20|2|0.3638
246mHIS: 00,23|2|0.6558
276mMET: 06,10|2|0.4125
243mLEU: 00,14|2|0.3378
454mALA: 12,25|2|0.4322
266mASN: 05,06|2|0.4602
403mTYR: 10,16|2|0.5279
179mASN: 01,27|2|0.0836
360mGLY: 13,25|2|0.4016
422mMET: 10,25|2|0.2422
425mGLU: 25,26|2|0.1649
164mCYS: 09,17|2|2.1477
243mCYS: 00,14|2|0.3811
237mARG: 18,23|2|0.1406
167mALA: 00,09|2|0.5653
243mMET: 14,15|2|0.2323
276mASN: 06,10|2|0.1836
202mSER: 05,26|2|0.167
264mGLU: 01,28|2|0.3887
334mTHR: 07,16|2|1.2286
119mGLU: 24,27|2|0.717
156mSER: 04,28|2|0.417
318mGLN: 16,29|2|0.4077
234mASN: 26,28|2|0.2612
374mGLU: 19,20|2|0.2732
456mGLU: 20,25|2|0.6192
202mMET: 05,26|2|0.316
163mGLU: 00,09|2|0.0078
266mSER: 05,06|2|0.2792
323mGLY: 10,16|2|0.6604
346mTYR: 13,20|2|0.7677
124mVAL: 22,27|2|0.1731
246mMET: 00,23|2|0.3797
237mILE: 18,23|2|0.5507
267mLYS: 01,06|2|1.2447
428mHIS: 10,12|2|1.5281
422mTHR: 10,25|2|0.4533
279mASN: 10,26|2|0.5164
140mTHR: 21,22|2|1.2381
204mARG: 04,24|2|0.4936
145mTRP: 01,27|2|0.2115
260mLYS: 05,06|2|0.2966
199mMET: 14,18|2|0.316
266mGLU: 01,05|2|0.6192
347mTYR: 13,20|2|0.303
372mMET: 02,13|2|0.7127
248mTRP: 04,24|2|0.2303
136mTHR: 21,22|2|1.4864
119mGLY: 08,27|2|0.3882
169mALA: 09,17|2|0.1466
134mALA: 03,21|2|0.1357
451mTHR: 13,20|2|1.279
419mTHR: 10,12|2|1.4043
279mHIS: 10,26|2|0.3871
159mGLY: 04,14|2|1.3136
191mASP: 11,17|2|0.1446
279mSER: 10,26|2|0.4786
426mSER: 10,12|2|0.2873
284mHIS: 10,26|2|1.1832
145mMET: 01,27|2|0.7527
284mGLN: 10,26|2|0.2451
178mTYR: 06,08|2|0.9257
261mCYS: 05,06|2|0.2987
122mMET: 08,22|2|1.0407
403mGLU: 10,16|2|2.2699
127mVAL: 14,24|2|0.4392
167mILE: 00,09|2|0.6023
231mGLY: 05,26|2|0.2706
419mLYS: 10,12|2|1.3793
206mMET: 14,18|2|0.5935
447mILE: 10,12|2|0.1629
347mHIS: 20,25|2|1.5708
135mGLY: 22,27|2|0.4661
372mSER: 02,13|2|0.629
375mHIS: 19,20|2|0.3145
237mGLN: 18,23|2|0.4733
284mGLY: 10,26|2|0.8106
167mLEU: 00,09|2|0.835
260mMET: 05,06|2|0.0582
167mPHE: 00,09|2|0.571
374mLEU: 19,20|2|0.1308
199mTHR: 14,24|2|0.1769
377mGLU: 10,19|2|1.0486
206mGLY: 14,18|2|0.677
338mGLY: 10,19|2|0.162
167mGLN: 00,09|2|0.8672
318mASN: 16,29|2|0.603
284mALA: 10,26|2|0.5105
426mGLU: 10,12|2|0.3143
266mVAL: 05,06|2|0.1065
156mGLU: 04,28|2|0.3944
318mALA: 16,29|2|0.0792
260mALA: 05,06|2|0.4292
190mHIS: 00,17|2|0.29
346mLEU: 13,20|2|1.0218
124mASP: 24,27|2|0.2226
318mVAL: 16,29|2|0.2112
428mMET: 10,12|2|1.2985
344mCYS: 19,20|2|0.2716
447mASP: 10,12|2|0.0249
206mHIS: 14,18|2|0.7087
421mGLY: 10,12|2|0.9616
267mVAL: 01,06|2|0.2861
453mSER: 20,25|2|0.4102
232mGLU: 04,26|2|0.848
160mALA: 04,26|2|0.6202
122mVAL: 08,22|2|0.42
410mGLN: 07,13|2|0.3302
264mTHR: 01,28|2|0.3637
165mPRO: 00,17|2|0.8394
228mGLU: 05,28|2|0.5021
403mASN: 10,16|2|1.8654
167mASP: 00,09|2|0.528
248mGLN: 04,24|2|0.4112
331mGLY: 10,16|2|0.265
410mASN: 07,13|2|0.8658
135mHIS: 22,27|2|0.5754
126mTRP: 15,27|2|0.004
267mASN: 01,06|2|1.1753
128mMET: 22,23|2|0.3797
145mGLN: 01,27|2|0.3285
424mGLU: 12,26|2|0.4658
230mGLU: 05,28|2|0.5752
136mLYS: 22,27|2|1.6017
421mASN: 12,26|2|0.1156
264mMET: 01,28|2|0.5672
447mGLN: 10,12|2|0.5661
370mALA: 13,20|2|0.6795
423mLYS: 12,26|2|1.3868
261mPRO: 05,26|2|0.4313
128mASN: 22,23|2|0.5597
267mALA: 01,06|2|0.6645
410mMET: 07,13|2|0.7441
331mSER: 10,16|2|0.167
454mILE: 12,25|2|0.003
403mSER: 10,16|2|1.9707
400mHIS: 12,16|2|0.4004
197mHIS: 14,18|2|0.8585
159mLYS: 04,14|2|1.3543
156mASN: 04,28|2|0.2031
234mGLY: 26,28|2|0.3396
410mSER: 07,13|2|0.85
169mTHR: 09,17|2|0.0772
267mSER: 01,06|2|0.9112
410mHIS: 07,13|2|1.0067
428mASN: 10,12|2|1.1048
421mSER: 10,12|2|0.5654
181mPHE: 01,05|2|0.4462
120mLEU: 08,27|2|0.248
372mGLU: 02,13|2|0.5342
127mLYS: 23,24|2|0.9077
336mLYS: 07,16|2|1.7246
136mASN: 21,22|2|0.4494
454mLEU: 12,25|2|0.3868
454mGLY: 12,25|2|0.256
165mLEU: 00,09|2|0.261
230mLYS: 05,28|2|0.6098
428mGLN: 10,12|2|0.382
260mSER: 05,06|2|0.2826
279mGLY: 10,26|2|0.3861
424mASP: 10,26|2|0.2889
257mHIS: 06,28|2|0.9291
126mLYS: 23,24|2|1.2111
349mASN: 20,25|2|0.5392
377mLEU: 10,19|2|0.4003
318mMET: 16,29|2|0.8319
454mTYR: 12,25|2|0.388
327mLYS: 10,16|2|0.3638
372mHIS: 02,13|2|0.8585
233mASN: 04,28|2|0.2934
335mCYS: 07,16|2|1.6299
179mGLY: 01,27|2|0.162
210mALA: 24,27|2|0.0927
334mLYS: 07,16|2|1.4969
178mPRO: 01,08|2|0.7431
260mGLU: 05,06|2|0.5262
284mTHR: 10,26|2|0.4028
197mSER: 14,18|2|0.629
240mTYR: 11,17|2|0.0252
426mTHR: 10,12|2|0.2061
335mSER: 07,16|2|1.2413
167mTHR: 00,09|2|0.9669
245mGLY: 03,23|2|0.2611
234mSER: 26,28|2|0.2832
258mILE: 26,28|2|0.2166
264mHIS: 01,28|2|0.713
167mMET: 00,09|2|1.0408
335mLYS: 07,16|2|2.1937
345mMET: 02,13|2|0.2894
203mLYS: 04,18|2|0.2341
122mGLN: 08,22|2|0.6165
410mVAL: 07,13|2|0.1487
159mALA: 04,14|2|1.4742
346mLYS: 13,20|2|1.6145
124mHIS: 22,24|2|0.8858
347mILE: 20,25|2|0.7609
169mLYS: 09,17|2|0.014
267mGLY: 01,06|2|0.9239
159mILE: 04,14|2|0.6439
140mGLU: 21,22|2|1.5959
360mSER: 13,25|2|0.2888
411mMET: 07,13|2|0.3052
327mTHR: 10,16|2|0.2074
374mALA: 19,20|2|0.1762
260mTYR: 05,06|2|0.385
241mMET: 00,09|2|0.0612
341mTRP: 07,20|2|0.1804
422mASN: 10,25|2|0.4985
231mMET: 05,26|2|0.3216
210mLEU: 24,27|2|0.1261
168mLYS: 09,17|2|1.1007
345mHIS: 02,13|2|0.5206
230mTHR: 05,28|2|0.7876
145mSER: 01,27|2|0.5568
336mTYR: 07,16|2|0.7122
335mGLU: 07,16|2|2.0072
190mTHR: 00,17|2|0.2945
331mHIS: 10,16|2|0.5206
179mHIS: 01,27|2|0.3538
199mGLY: 14,18|2|0.265
190mMET: 00,17|2|0.2618
456mCYS: 12,26|2|3.1473
128mTHR: 22,23|2|0.4727
140mSER: 21,22|2|1.2035
159mHIS: 04,14|2|0.8713
246mGLY: 00,23|2|0.6513
179mSER: 01,27|2|0.1056
340mLYS: 07,19|2|1.003
347mTRP: 20,25|2|0.5365
372mASN: 02,13|2|0.4041
403mTHR: 10,16|2|1.9245
335mPRO: 07,16|2|0.5119
262mMET: 08,28|2|0.4701
136mGLY: 21,22|2|1.154
276mSER: 06,10|2|0.2166
258mASP: 06,28|2|0.4557
156mHIS: 04,28|2|0.5224
424mLEU: 10,12|2|0.15
264mLEU: 01,28|2|0.1456
199mHIS: 14,18|2|0.5206
231mGLU: 26,28|2|0.0665
454mTHR: 12,25|2|0.3628
279mGLN: 10,26|2|0.111
246mASN: 00,23|2|0.5597
279mTRP: 10,26|2|0.0266
335mLEU: 07,16|2|0.6083
345mGLN: 02,13|2|0.1686
255mLYS: 26,28|2|0.8109
267mLEU: 01,06|2|0.2637
323mASN: 10,16|2|0.5321
163mSER: 00,09|2|0.1522
237mTRP: 18,23|2|0.0539
136mILE: 21,22|2|0.4591
339mTHR: 07,19|2|1.0562
163mHIS: 00,09|2|0.4004
284mGLU: 10,26|2|0.4533
122mILE: 08,22|2|0.2133
450mVAL: 20,25|2|0.4805
454mSER: 12,25|2|0.2856
159mSER: 04,14|2|1.1975
284mMET: 10,26|2|0.8363
372mLEU: 02,13|2|0.2911
340mVAL: 07,19|2|0.9344
347mGLN: 20,25|2|0.9095
203mTYR: 04,18|2|0.0883
279mTHR: 10,26|2|0.4098
142mILE: 08,21|2|0.0835
128mSER: 22,23|2|0.3567
246mSER: 00,23|2|0.3567
265mLEU: 01,06|2|1.4439
336mGLY: 07,16|2|1.696
145mLEU: 01,27|2|0.1683
447mLEU: 10,12|2|0.4059
346mALA: 13,20|2|1.8406
323mILE: 10,16|2|0.6312
370mLYS: 13,20|2|1.2217
410mTHR: 07,13|2|0.6756
335mARG: 07,16|2|0.2714
451mGLU: 13,20|2|1.5597
232mGLY: 04,26|2|0.5301
206mSER: 14,18|2|0.622
318mGLU: 16,29|2|0.4194
119mALA: 08,27|2|1.1794
140mALA: 21,22|2|1.0132
165mMET: 00,09|2|0.4728
350mGLU: 13,25|2|0.28
122mTRP: 08,22|2|0.4995
122mHIS: 08,22|2|1.2171
177mSER: 08,27|2|0.3518
260mASP: 05,06|2|0.109
197mCYS: 23,24|2|0.0624
257mVAL: 06,28|2|0.132
134mTHR: 21,22|2|0.4455
350mALA: 13,25|2|0.1181
342mHIS: 02,13|2|0.1176
334mCYS: 07,16|2|1.7424
244mTYR: 00,14|2|0.2994
426mMET: 10,12|2|0.2588
147mGLU: 01,08|2|1.1892
403mTRP: 10,16|2|0.7757
242mGLN: 11,15|2|0.3852
119mVAL: 08,27|2|0.3901
447mTHR: 10,12|2|0.636
179mMET: 01,27|2|0.2362
206mASN: 14,18|2|0.2052
205mLEU: 05,28|2|0.2911
232mTHR: 04,26|2|0.5796
453mGLY: 20,25|2|0.4652
255mMET: 04,28|2|0.3797
410mGLU: 07,13|2|0.7582
232mMET: 04,26|2|0.2284
415mHIS: 02,13|2|0.5262
377mALA: 10,19|2|0.3878
159mLEU: 04,14|2|0.7569
422mLYS: 10,12|2|0.7948
167mGLY: 00,09|2|0.8834
403mMET: 10,16|2|1.3202
335mASP: 07,16|2|1.2991
451mMET: 13,20|2|0.9163
339mVAL: 07,19|2|0.5786
258mTYR: 26,28|2|0.4659
409mLYS: 02,07|2|0.0127
251mCYS: 04,18|2|2.0742
447mTRP: 10,12|2|0.4491
349mLEU: 12,20|2|0.2466
246mTHR: 00,23|2|0.4727
454mGLU: 12,25|2|0.5292
419mASN: 10,12|2|0.8155
260mCYS: 05,06|2|0.359
243mILE: 03,14|2|0.0704
142mASN: 08,21|2|0.6314
345mVAL: 02,13|2|0.1331
244mCYS: 00,14|2|0.3594
167mVAL: 00,09|2|0.7407
334mGLU: 07,16|2|1.3008
232mSER: 04,26|2|0.624
403mGLY: 10,16|2|1.7427
422mHIS: 10,25|2|0.4595
197mGLY: 14,18|2|0.6988
276mTHR: 06,10|2|0.0582
122mPHE: 08,22|2|0.0504
456mTHR: 20,25|2|0.5659
451mHIS: 13,20|2|0.8237
147mALA: 01,08|2|0.4709
454mCYS: 12,25|2|0.362
380mALA: 12,20|2|0.0272
451mSER: 13,20|2|0.9646
347mVAL: 20,25|2|1.1165
203mMET: 05,14|2|0.1574
218mTHR: 17,21|2|0.3435
135mGLU: 22,27|2|0.8489
210mGLU: 24,27|2|0.2546
260mGLY: 05,06|2|0.253
339mMET: 02,07|2|0.444
237mPRO: 18,23|2|0.5347
156mMET: 04,28|2|0.4354
167mTRP: 00,09|2|0.7387
233mHIS: 04,28|2|0.5325
266mHIS: 05,06|2|0.8265
338mMET: 10,19|2|0.2362
123mASP: 22,27|2|0.822
204mTYR: 18,24|2|0.7743
428mVAL: 10,12|2|0.6351
255mSER: 04,28|2|0.3567
190mGLY: 00,17|2|0.3221
454mMET: 12,25|2|0.0612
267mGLN: 01,06|2|0.475
284mLEU: 10,26|2|0.2081
336mILE: 16,19|2|0.1519
257mLEU: 06,28|2|0.1683
410mALA: 02,13|2|0.1463
403mASP: 10,16|2|0.8488
336mHIS: 07,16|2|0.6135
140mTYR: 21,22|2|0.6147
205mGLU: 05,28|2|0.5342
169mLEU: 09,17|2|0.1012
123mALA: 22,27|2|1.1757
119mLYS: 08,27|2|1.0215
263mLYS: 05,06|2|0.4208
338mHIS: 10,19|2|0.3538
415mSER: 02,13|2|0.1726
419mGLU: 10,12|2|1.4926
336mLEU: 16,19|2|0.734
267mASP: 01,06|2|0.6256
233mMET: 04,28|2|0.3311
360mTHR: 13,25|2|0.0776
141mALA: 21,27|2|0.1571
374mCYS: 19,20|2|0.106
163mTHR: 00,09|2|0.0466
140mLYS: 21,22|2|0.6025
240mLEU: 11,17|2|0.024
196mTYR: 14,15|2|0.7141
374mSER: 19,20|2|0.0296
258mLEU: 26,28|2|0.9192
335mGLY: 07,16|2|1.6393
124mLYS: 24,27|2|0.4542
