248mTHR: 00,04,07,09,15,18,19,22|8|2.0935
193mSER: 01,04,06,07,09,23,29|7|1.6024
193mGLU: 01,04,06,07,09,23,29|7|1.8534
242mSER: 01,04,06,07,15,23,29|7|4.026
146mGLY: 02,13,14,20,24,27,28|7|4.6532
146mLYS: 02,13,14,20,24,27,28|7|3.8483
194mTHR: 01,04,06,07,09,23,29|7|3.0134
242mGLY: 01,04,06,07,15,23,29|7|3.7769
193mGLY: 01,04,06,07,09,23,29|7|1.5635
146mASN: 02,13,14,20,24,27,28|7|3.9384
146mTHR: 02,13,14,20,24,27,28|7|5.0853
242mALA: 01,04,06,07,15,23,29|7|3.1942
194mGLU: 01,04,06,07,09,23,29|7|3.96
193mTHR: 01,04,06,07,09,23,29|7|1.4768
242mVAL: 01,04,06,07,15,23,29|7|1.6884
146mHIS: 02,13,14,20,24,27,28|7|3.7208
242mGLU: 01,04,06,07,15,23,29|7|5.6107
242mASP: 01,04,06,07,15,23,29|7|1.1546
194mVAL: 01,04,06,07,09,23,29|7|1.234
242mTHR: 01,04,06,07,15,23,29|7|4.6552
146mGLN: 02,13,14,20,24,27,28|7|2.0987
146mGLU: 02,13,14,20,24,27,28|7|5.9446
242mLEU: 01,04,06,07,15,23,29|7|2.6177
194mLYS: 01,04,06,07,09,23,29|7|1.7206
146mSER: 02,13,14,20,24,27,28|7|4.9867
194mGLY: 01,04,06,07,09,23,29|7|2.5685
146mALA: 02,13,14,20,24,27,28|7|4.2219
242mLYS: 01,04,06,07,15,23,29|7|3.1465
146mMET: 02,13,14,20,24,27,28|7|3.6025
194mALA: 01,04,06,07,09,23,29|7|2.1523
242mASN: 01,04,06,07,15,23,29|7|2.6166
146mASP: 02,13,14,20,24,27,28|7|2.9946
194mSER: 01,04,06,07,09,23,29|7|2.9496
194mLEU: 01,04,06,07,09,23,29|7|1.868
178mVAL: 13,14,17,20,24,27|6|1.5024
408mTHR: 05,08,11,12,16,25|6|3.5019
341mTHR: 05,08,11,16,25,26|6|2.08
178mHIS: 13,14,17,20,24,27|6|3.5538
178mSER: 13,14,17,20,24,27|6|3.458
265mLYS: 14,17,20,24,27,28|6|2.8645
178mLYS: 13,14,17,20,24,27|6|2.1165
408mSER: 05,08,11,12,16,25|6|3.7407
265mHIS: 14,17,20,24,27,28|6|3.055
408mHIS: 05,08,11,12,16,25|6|3.2299
165mGLU: 04,06,07,15,23,29|6|3.9305
265mGLU: 14,17,20,24,27,28|6|4.3502
408mLEU: 05,08,11,12,16,25|6|1.961
178mGLU: 13,14,17,20,24,27|6|3.7735
165mASN: 04,06,07,15,23,29|6|3.3533
408mVAL: 05,08,11,12,16,25|6|1.383
409mSER: 05,08,11,12,16,26|6|1.9972
165mHIS: 04,06,07,15,23,29|6|4.2654
165mSER: 04,06,07,15,23,29|6|3.4858
409mGLU: 05,08,11,12,16,26|6|3.7388
337mGLU: 05,08,11,12,16,26|6|2.6985
178mALA: 13,14,17,20,24,27|6|1.9464
408mGLU: 05,08,11,12,16,25|6|4.2683
337mTHR: 05,08,11,12,16,26|6|2.9115
178mTHR: 13,14,17,20,24,27|6|3.6764
178mGLN: 13,14,17,20,24,27|6|1.7152
408mASN: 05,08,11,12,16,25|6|2.6477
178mLEU: 13,14,17,20,24,27|6|1.9263
165mGLY: 04,06,07,15,23,29|6|3.973
265mTHR: 14,17,20,24,27,28|6|3.6903
165mLYS: 04,06,07,15,23,29|6|2.2452
178mASN: 13,14,17,20,24,27|6|3.0584
408mMET: 05,08,11,12,16,25|6|2.6845
178mILE: 13,14,17,20,24,27|6|1.006
409mGLY: 05,08,11,12,16,26|6|1.7288
409mTHR: 05,08,11,12,16,26|6|2.3082
165mTHR: 04,06,07,15,23,29|6|3.7734
408mALA: 05,08,11,12,16,25|6|1.9421
165mALA: 04,06,07,15,23,29|6|2.0782
408mLYS: 05,08,11,12,16,25|6|1.4447
165mVAL: 04,06,07,15,23,29|6|1.7169
337mASN: 05,08,11,12,16,26|6|2.4921
337mLYS: 05,08,11,12,16,26|6|2.0897
178mMET: 13,14,17,20,24,27|6|2.8333
337mGLY: 05,08,11,12,16,26|6|2.3156
178mGLY: 13,14,17,20,24,27|6|3.6519
408mGLY: 05,08,11,12,16,25|6|3.5154
265mGLY: 14,17,20,24,27,28|6|4.013
336mALA: 05,08,12,16,26|5|3.8865
142mVAL: 02,13,14,20,28|5|1.241
250mASN: 00,04,18,19,22|5|1.2369
190mSER: 04,06,07,23,29|5|1.4384
164mILE: 04,06,07,15,29|5|1.0573
219mTHR: 04,06,07,23,29|5|2.8228
250mSER: 00,04,18,19,22|5|2.2942
145mTHR: 02,13,14,20,28|5|1.5268
142mSER: 02,13,14,20,28|5|3.5169
190mASN: 04,06,07,23,29|5|1.0828
204mGLU: 00,17,18,19,22|5|3.0273
336mASN: 05,08,12,16,26|5|3.8357
164mGLU: 04,06,07,15,29|5|3.8065
190mGLU: 04,06,07,23,29|5|2.0427
250mLYS: 00,04,18,19,22|5|1.943
142mMET: 02,13,14,20,28|5|2.06
164mMET: 04,06,07,15,29|5|1.346
204mLYS: 00,17,18,19,22|5|4.3126
219mGLU: 04,06,07,23,29|5|2.8664
250mGLY: 00,04,18,19,22|5|2.0666
142mGLU: 02,13,14,20,28|5|3.576
164mGLY: 04,06,07,15,29|5|3.7276
204mTHR: 00,17,18,19,22|5|3.3479
142mASN: 02,13,14,20,28|5|4.1538
164mVAL: 04,06,07,15,29|5|1.6911
204mGLY: 00,17,18,19,22|5|2.4798
164mTHR: 04,06,07,15,29|5|3.4455
245mGLY: 01,04,07,09,15|5|1.3199
262mGLY: 14,17,24,27,28|5|1.1843
142mGLN: 02,13,14,20,28|5|1.5254
145mSER: 02,13,14,20,28|5|1.8796
190mTHR: 04,06,07,23,29|5|1.868
164mHIS: 04,06,07,15,29|5|2.7575
142mHIS: 02,13,14,20,28|5|3.7298
219mGLY: 04,06,07,23,29|5|2.3729
336mTHR: 05,08,12,16,26|5|6.8541
336mGLY: 05,08,12,16,26|5|4.0523
164mALA: 04,06,07,15,29|5|2.7455
142mGLY: 02,13,14,20,28|5|3.8151
250mTHR: 00,04,18,19,22|5|2.6898
164mGLN: 04,06,07,15,29|5|1.519
164mASN: 04,06,07,15,29|5|3.2731
142mLYS: 02,13,14,20,28|5|2.4065
142mTHR: 02,13,14,20,28|5|3.5085
164mSER: 04,06,07,15,29|5|2.5966
218mTHR: 04,06,20,23,29|5|1.0119
190mGLY: 04,06,07,23,29|5|1.5195
250mGLU: 00,04,18,19,22|5|3.9732
245mTHR: 01,04,07,09,15|5|1.1602
219mLYS: 04,06,07,23,29|5|1.5615
145mGLU: 02,13,14,20,28|5|1.9666
168mGLU: 04,06,07,23,29|5|2.2698
217mMET: 06,20,23,29|4|1.0558
401mTHR: 12,16,21,26|4|1.6462
217mHIS: 06,20,23,29|4|2.1647
403mLEU: 05,12,16,26|4|1.2867
326mTHR: 12,16,21,26|4|1.1449
401mLEU: 12,16,21,26|4|1.2867
197mHIS: 01,09,18,19|4|1.5307
261mLYS: 17,24,27,28|4|1.5506
403mALA: 05,12,16,26|4|1.0516
335mTHR: 12,16,21,26|4|1.1225
401mGLY: 12,16,21,26|4|1.9444
241mGLY: 01,04,09,23|4|1.0916
158mGLU: 00,18,19,22|4|2.0698
159mGLU: 00,07,18,22|4|2.941
217mGLY: 06,20,23,29|4|2.9835
401mMET: 12,16,21,26|4|1.9351
401mASN: 12,16,21,26|4|1.3942
197mMET: 01,09,18,19|4|1.2673
253mGLU: 00,18,19,22|4|1.4322
241mCYS: 01,04,09,23|4|1.0708
403mHIS: 05,12,16,26|4|2.1679
385mHIS: 05,08,11,25|4|1.1095
261mGLY: 17,24,27,28|4|1.4927
241mALA: 01,04,09,23|4|1.0052
251mGLU: 00,18,19,22|4|2.5016
403mGLU: 05,12,16,26|4|1.7156
197mGLY: 01,09,18,19|4|1.1792
241mLYS: 01,04,09,23|4|2.0885
401mGLU: 12,16,21,26|4|1.7156
403mASN: 05,12,16,26|4|1.3942
217mTHR: 06,20,23,29|4|3.0399
403mSER: 05,12,16,26|4|1.833
326mGLU: 12,16,21,26|4|1.3901
401mSER: 12,16,21,26|4|1.833
267mGLU: 20,24,27,28|4|1.179
401mALA: 12,16,21,26|4|1.0516
197mSER: 01,09,18,19|4|1.053
335mSER: 12,16,21,26|4|1.2481
158mTHR: 00,18,19,22|4|1.1587
241mTHR: 01,04,09,23|4|2.1459
261mGLU: 17,24,27,28|4|2.2492
335mGLU: 12,16,21,26|4|1.4991
403mTHR: 05,12,16,26|4|1.6462
241mGLU: 01,04,09,23|4|2.1131
261mTHR: 17,24,27,28|4|2.2764
253mTHR: 00,18,19,22|4|1.3019
377mGLY: 05,12,16,26|4|1.1824
261mASN: 17,24,27,28|4|1.3542
377mHIS: 05,12,16,26|4|1.0397
159mGLY: 00,07,18,22|4|2.335
403mMET: 05,12,16,26|4|1.9351
403mGLY: 05,12,16,26|4|1.9444
401mHIS: 12,16,21,26|4|2.1679
335mGLY: 12,16,21,26|4|1.2092
130mGLU: 01,09,23|3|1.7485
136mVAL: 02,13,23|3|1.2403
390mSER: 08,11,12|3|2.0559
136mALA: 02,13,23|3|1.1161
390mLEU: 08,11,12|3|1.3012
130mTYR: 01,09,23|3|1.1623
450mLYS: 03,10,25|3|1.1937
130mLYS: 01,09,23|3|1.5487
130mCYS: 01,09,23|3|1.2093
136mMET: 02,13,23|3|1.9079
124mMET: 02,13,19|3|1.4663
124mTHR: 02,13,19|3|1.3282
124mSER: 02,13,19|3|1.4764
390mTHR: 08,11,12|3|1.8021
124mGLU: 02,13,19|3|1.4808
390mMET: 08,11,12|3|2.1764
124mHIS: 02,13,19|3|1.6685
346mGLY: 03,10,25|3|1.8122
130mGLY: 01,09,23|3|1.0692
136mGLU: 02,13,23|3|1.8497
231mHIS: 00,17,18|3|1.0614
130mALA: 01,09,23|3|1.2046
139mHIS: 20,23,29|3|1.6805
264mGLU: 24,27,28|3|1.1206
345mGLU: 05,11,25|3|1.2899
136mTHR: 02,13,23|3|1.7486
390mHIS: 08,11,12|3|2.4962
346mASN: 03,10,25|3|1.3791
232mGLU: 00,18,22|3|1.0007
346mGLU: 03,10,25|3|1.9823
136mASN: 02,13,23|3|1.3771
124mGLY: 02,13,19|3|1.573
122mGLU: 02,13,28|3|1.011
136mSER: 02,13,23|3|1.5238
346mTHR: 03,10,25|3|2.3228
136mGLN: 02,13,23|3|1.3311
139mGLY: 20,23,29|3|1.201
390mGLY: 08,11,12|3|2.2089
136mGLY: 02,13,23|3|1.7737
450mGLU: 03,10,25|3|1.4423
390mASN: 08,11,12|3|1.4032
139mASN: 20,23,29|3|1.005
136mHIS: 02,13,23|3|1.8467
136mLEU: 02,13,23|3|1.4753
232mGLY: 00,18,22|3|1.3279
390mGLU: 08,11,12|3|1.9159
450mTHR: 03,10,25|3|1.4175
139mMET: 20,23,29|3|1.3865
139mSER: 20,23,29|3|1.06
346mHIS: 03,10,25|3|1.2491
232mSER: 00,18,22|3|1.2046
130mTHR: 01,09,23|3|1.637
123mLYS: 02,13|2|1.8302
423mGLU: 03,10|2|1.5431
419mHIS: 10,26|2|1.0268
123mMET: 02,13|2|2.2167
123mGLN: 02,13|2|1.4416
370mLEU: 03,25|2|1.5538
123mGLU: 02,13|2|2.9328
206mHIS: 17,19|2|1.3444
351mHIS: 03,25|2|1.1747
273mASN: 24,27|2|1.0824
273mGLY: 24,27|2|1.2392
370mMET: 03,25|2|1.3075
140mGLY: 20,29|2|1.4371
370mGLU: 03,25|2|2.2986
273mMET: 24,27|2|1.3876
370mTYR: 03,25|2|1.1464
123mTHR: 02,13|2|2.6006
123mGLY: 02,13|2|2.5787
123mASN: 02,13|2|2.0993
123mSER: 02,13|2|2.6592
140mTHR: 20,29|2|1.6254
206mMET: 17,19|2|1.1092
220mMET: 20,23|2|1.0407
344mHIS: 10,25|2|1.1418
123mTYR: 02,13|2|1.3618
370mHIS: 03,25|2|1.3607
370mVAL: 03,25|2|1.2648
370mGLY: 03,25|2|1.7437
370mALA: 03,25|2|1.6637
370mASN: 03,25|2|1.3427
370mSER: 03,25|2|1.8806
123mPHE: 02,13|2|1.0512
273mHIS: 24,27|2|1.6228
140mGLU: 20,29|2|1.5505
140mHIS: 20,29|2|1.3394
123mILE: 02,13|2|1.2985
140mSER: 20,29|2|1.3116
273mSER: 24,27|2|1.1264
370mTHR: 03,25|2|1.9276
123mVAL: 02,13|2|1.7602
140mASN: 20,29|2|1.5317
347mGLU: 03,25|2|1.1556
370mLYS: 03,25|2|1.4756
220mHIS: 20,23|2|1.2171
215mHIS: 20,29|2|1.1418
123mLEU: 02,13|2|2.0734
451mHIS: 03,25|2|1.0448
123mHIS: 02,13|2|2.3875
123mASP: 02,13|2|1.24
123mALA: 02,13|2|2.0711
313mCYS: 21|1|1.0415
305mCYS: 20|1|1.4125
322mGLU: 21|1|1.1156
