164mTHR: 00,02,05,06,11,12,13,14,24|9|8.7299
194mTHR: 00,05,06,11,12,13,14,15,24|9|3.4722
164mGLU: 00,02,05,06,11,12,13,14,24|9|9.1827
242mSER: 00,02,05,06,11,12,13,14,24|9|7.0561
165mALA: 00,02,05,06,11,12,13,14,24|9|8.892
242mGLY: 00,02,05,06,11,12,13,14,24|9|6.7587
165mTHR: 00,02,05,06,11,12,13,14,24|9|10.5218
165mGLU: 00,02,05,06,11,12,13,14,24|9|10.9703
194mILE: 00,05,06,11,12,13,14,15,24|9|2.1755
168mGLY: 00,02,05,06,11,12,13,14,24|9|4.0648
165mASN: 00,02,05,06,11,12,13,14,24|9|10.1302
165mHIS: 00,02,05,06,11,12,13,14,24|9|7.8967
164mGLY: 00,02,05,06,11,12,13,14,24|9|9.5792
242mALA: 00,02,05,06,11,12,13,14,24|9|5.6296
165mSER: 00,02,05,06,11,12,13,14,24|9|10.3283
242mVAL: 00,02,05,06,11,12,13,14,24|9|4.5627
164mVAL: 00,02,05,06,11,12,13,14,24|9|4.1265
243mGLU: 00,02,05,06,11,12,14,15,24|9|2.6672
242mGLU: 00,02,05,06,11,12,13,14,24|9|10.232
164mLEU: 00,02,05,06,11,12,13,14,24|9|3.6612
194mVAL: 00,05,06,11,12,13,14,15,24|9|3.717
165mLEU: 00,02,05,06,11,12,13,14,24|9|4.4007
165mILE: 00,02,05,06,11,12,13,14,24|9|5.7054
242mILE: 00,02,05,06,11,12,13,14,24|9|3.3702
242mLEU: 00,02,05,06,11,12,13,14,24|9|2.2967
194mLYS: 00,05,06,11,12,13,14,15,24|9|2.981
165mLYS: 00,02,05,06,11,12,13,14,24|9|8.1372
165mGLN: 00,02,05,06,11,12,13,14,24|9|6.1646
194mGLY: 00,05,06,11,12,13,14,15,24|9|4.2308
165mGLY: 00,02,05,06,11,12,13,14,24|9|10.2628
242mLYS: 00,02,05,06,11,12,13,14,24|9|3.8678
164mALA: 00,02,05,06,11,12,13,14,24|9|4.8891
242mTHR: 00,02,05,06,11,12,13,14,24|9|9.5991
165mMET: 00,02,05,06,11,12,13,14,24|9|5.0404
194mALA: 00,05,06,11,12,13,14,15,24|9|5.2545
242mGLN: 00,02,05,06,11,12,13,14,24|9|3.6277
164mGLN: 00,02,05,06,11,12,13,14,24|9|5.1674
164mASN: 00,02,05,06,11,12,13,14,24|9|9.0081
242mASN: 00,02,05,06,11,12,13,14,24|9|8.3422
165mVAL: 00,02,05,06,11,12,13,14,24|9|7.0495
164mSER: 00,02,05,06,11,12,13,14,24|9|8.9141
168mSER: 00,02,05,06,11,12,13,14,24|9|2.2731
164mILE: 00,02,05,06,11,12,14,24|8|2.9641
194mASP: 00,05,06,11,12,13,14,24|8|3.5108
164mASP: 00,02,05,06,11,12,13,14|8|2.81
164mTRP: 00,02,05,06,11,12,14,24|8|3.2031
243mTHR: 00,02,05,06,12,13,14,24|8|2.5378
194mSER: 00,05,06,11,12,13,14,24|8|4.0566
194mGLU: 00,05,06,11,12,13,14,24|8|4.1672
194mMET: 00,05,06,11,12,13,14,24|8|1.6404
164mLYS: 00,02,05,06,11,12,14,24|8|5.1004
164mMET: 00,02,05,06,11,12,14,24|8|6.2249
164mHIS: 00,02,05,06,11,12,14,24|8|9.1123
168mASN: 00,02,05,06,11,12,13,14|8|3.1554
242mTRP: 00,02,05,06,11,12,13,24|8|1.6214
242mHIS: 00,02,05,06,11,12,13,24|8|3.8563
194mLEU: 00,05,06,11,12,13,14,24|8|2.4949
168mGLU: 00,02,05,06,11,12,13,14|8|2.7562
168mHIS: 02,06,11,12,13,14,24|7|3.2554
165mASP: 00,02,05,06,11,13,24|7|5.6859
194mCYS: 00,05,06,11,12,14,24|7|1.0558
165mTRP: 00,02,05,06,11,13,24|7|3.7547
165mPHE: 00,02,05,12,13,14,24|7|1.7287
219mGLU: 00,05,12,13,14,15,24|7|3.0247
242mASP: 02,05,11,12,13,14,24|7|6.574
244mGLU: 00,02,12,13,14,15,24|7|2.0946
168mTHR: 02,05,06,11,12,13,14|7|3.5144
219mLEU: 00,05,12,13,14,15|6|1.1272
167mASN: 00,05,11,12,14,24|6|2.7181
219mTHR: 00,05,12,13,14,15|6|2.743
193mGLU: 00,02,05,13,15,24|6|0.6118
368mLEU: 01,03,04,09,16,18|6|0.6339
219mSER: 00,05,12,13,14,15|6|2.9734
190mSER: 05,06,12,13,14,24|6|1.6247
336mSER: 01,03,09,16,22,23|6|1.9792
218mGLU: 12,13,14,15,21,24|6|1.6237
193mSER: 00,02,05,13,15,24|6|1.1093
244mGLY: 02,12,13,14,15,24|6|1.5764
241mGLY: 00,05,06,12,14,15|6|0.6516
218mALA: 05,12,14,15,21,24|6|0.5226
167mHIS: 00,05,11,12,14,24|6|3.9797
218mASN: 05,13,14,15,21,24|6|1.2596
190mGLU: 05,06,12,13,14,24|6|1.3164
336mGLU: 01,03,09,16,22,23|6|1.736
240mALA: 00,02,05,11,12,14|6|0.7996
368mALA: 01,03,04,09,16,18|6|0.8123
167mGLU: 00,05,11,12,14,24|6|2.5064
193mGLY: 00,02,05,13,15,24|6|1.3731
194mHIS: 11,12,13,14,15,24|6|2.5925
339mGLY: 01,03,09,16,22,23|6|1.4434
167mSER: 00,05,11,12,14,24|6|3.107
244mTHR: 00,02,12,13,14,24|6|1.01
167mLYS: 00,05,11,12,14,24|6|0.8363
167mALA: 00,05,11,12,14,24|6|1.4373
218mGLY: 05,13,14,15,21,24|6|1.3412
167mTHR: 00,05,11,12,14,24|6|2.5042
219mALA: 00,05,12,13,14,15|6|1.886
219mVAL: 00,05,12,13,14,15|6|1.5623
167mILE: 00,05,11,12,14,24|6|0.891
193mTHR: 00,02,05,13,15,24|6|0.7447
242mMET: 00,02,05,06,13,24|6|2.3895
167mLEU: 00,05,11,12,14,24|6|1.662
167mASP: 00,05,11,12,14,24|6|0.9509
167mGLN: 00,05,11,12,14,24|6|2.255
169mGLY: 00,06,12,13,14,24|6|1.1056
244mSER: 02,12,13,14,15,24|6|1.4463
219mGLY: 00,05,12,13,14,15|6|3.0595
167mMET: 00,05,11,12,14,24|6|3.3114
241mSER: 00,05,06,12,14,15|6|0.8114
190mTHR: 05,06,12,13,14,24|6|1.2012
241mGLU: 00,05,06,12,14,15|6|1.2526
194mTYR: 00,05,06,11,12,24|6|0.6696
194mASN: 11,12,13,14,15,24|6|2.2265
336mTHR: 01,03,09,16,22,23|6|1.03
336mGLY: 01,03,09,16,22,23|6|1.9246
167mGLY: 00,05,11,12,14,24|6|3.2823
167mVAL: 00,05,11,12,14,24|6|1.7038
218mTHR: 12,13,14,15,21,24|6|1.1403
167mARG: 00,05,11,12,14,24|6|0.1982
167mTRP: 00,05,11,12,14,24|6|1.6953
190mGLY: 05,06,12,13,14,24|6|1.9513
219mLYS: 00,05,12,13,14,15|6|1.2815
217mMET: 05,12,13,15,21|5|1.1308
408mTHR: 01,03,09,16,18|5|2.7987
219mASN: 00,05,13,14,15|5|2.6504
411mGLU: 01,03,09,16,18|5|2.2948
217mHIS: 05,12,13,15,21|5|2.3918
341mTHR: 03,09,16,18,22|5|0.3971
193mHIS: 00,02,05,13,15|5|1.4748
241mASP: 05,06,12,14,15|5|0.5806
219mHIS: 00,05,13,14,15|5|2.988
245mGLU: 00,02,06,11,14|5|2.1101
193mASN: 00,02,05,13,15|5|0.6084
245mASN: 00,02,06,11,14|5|1.8306
368mGLU: 03,04,09,16,18|5|1.8441
412mGLY: 01,03,09,16,18|5|0.9221
410mCYS: 01,03,09,16,18|5|1.8282
339mSER: 01,03,16,22,23|5|1.3259
368mVAL: 01,04,09,16,18|5|0.7292
194mTRP: 11,12,13,14,24|5|0.8592
217mGLY: 05,12,13,15,21|5|2.8468
219mGLN: 00,05,13,14,15|5|1.3614
217mASN: 05,12,13,15,21|5|2.8881
336mHIS: 03,09,16,22,23|5|1.6168
240mGLY: 02,11,12,14,24|5|0.2449
248mALA: 02,06,11,13,14|5|1.8151
368mTHR: 03,04,09,16,18|5|1.5791
194mARG: 11,12,13,15,24|5|0.705
194mGLN: 11,12,13,14,24|5|2.2534
167mPHE: 00,11,12,14,24|5|0.1344
244mHIS: 02,12,13,14,24|5|0.7336
408mGLU: 01,03,09,16,18|5|2.6303
411mTHR: 01,03,09,16,18|5|2.0141
248mASN: 02,06,13,14,24|5|0.353
410mASN: 01,03,09,16,18|5|5.2312
217mTHR: 05,12,13,15,21|5|2.6943
368mHIS: 01,04,09,16,18|5|2.6377
368mSER: 01,04,09,16,18|5|2.2487
217mGLU: 05,12,13,15,21|5|1.1291
412mGLU: 01,03,09,16,18|5|1.8514
168mGLN: 02,06,11,13,14|5|0.6868
245mGLY: 00,02,06,11,14|5|2.2961
217mSER: 05,12,13,15,21|5|1.6347
248mVAL: 02,06,11,13,14|5|0.9944
241mTHR: 00,05,06,12,14|5|0.6653
245mHIS: 00,02,06,11,14|5|1.9507
341mSER: 03,09,16,18,22|5|0.662
368mMET: 01,04,09,16,18|5|1.8999
368mGLY: 01,04,09,16,18|5|2.3741
248mTHR: 02,06,13,14,24|5|0.9792
410mTHR: 01,03,09,16,18|5|8.6527
219mMET: 00,05,13,14,15|5|2.137
218mSER: 13,14,15,21,24|5|1.4267
245mSER: 00,02,06,11,14|5|1.7916
248mGLU: 02,06,13,14,24|5|1.8466
410mGLU: 01,03,09,16,18|5|5.7639
248mSER: 02,06,13,14,24|5|1.4528
240mGLU: 00,02,05,11,12|5|0.6968
245mTHR: 00,02,06,11,14|5|2.3738
410mASP: 01,03,09,16,18|5|2.6604
388mHIS: 01,09,16,18|4|0.4598
415mASN: 03,04,16,18|4|0.232
249mARG: 02,13,14,24|4|0.1578
249mASN: 02,13,14,24|4|1.1187
248mLEU: 02,06,13,14|4|0.3328
249mILE: 02,13,14,24|4|0.8244
265mLYS: 07,10,17,19|4|1.5304
241mALA: 05,06,12,14|4|0.8932
229mHIS: 07,17,19,20|4|0.6487
229mGLY: 07,17,19,20|4|0.7405
218mVAL: 14,15,21,24|4|0.3826
265mALA: 07,10,17,19|4|1.4863
243mGLY: 05,11,12,24|4|1.4907
219mILE: 05,13,14,15|4|0.593
249mHIS: 02,13,14,24|4|1.3909
410mPRO: 01,03,09,16|4|2.7659
190mASN: 06,13,14,24|4|1.1622
146mPHE: 07,10,17,21|4|1.1293
336mASN: 01,09,22,23|4|1.2813
217mALA: 05,12,15,21|4|0.834
249mLYS: 02,13,14,24|4|0.6993
244mLEU: 02,12,13,24|4|0.8666
243mHIS: 05,12,15,24|4|0.7188
168mMET: 02,06,11,14|4|0.9544
249mMET: 02,13,14,24|4|0.9148
165mARG: 00,06,11,12|4|1.0159
146mTRP: 07,10,17,21|4|1.8692
191mHIS: 02,06,13,14|4|0.3719
218mHIS: 05,14,15,21|4|1.4987
146mGLY: 07,10,17,21|4|4.5885
339mHIS: 01,16,22,23|4|1.6321
240mSER: 02,11,12,24|4|0.4356
146mLYS: 07,10,17,21|4|2.6172
410mGLY: 01,09,16,18|4|2.0219
437mGLY: 01,03,09,16|4|0.3897
388mGLU: 01,09,16,18|4|1.1832
336mMET: 03,09,22,23|4|0.904
248mHIS: 02,06,13,14|4|0.474
412mASP: 01,03,16,18|4|0.3167
217mGLN: 05,13,15,21|4|0.5095
244mMET: 02,12,13,24|4|0.4717
412mTHR: 01,03,09,16|4|0.7386
146mASN: 07,10,17,21|4|3.0485
146mTHR: 07,10,17,21|4|3.5698
249mSER: 02,13,14,24|4|1.9994
368mTRP: 04,09,16,18|4|0.5423
249mTHR: 02,13,14,24|4|1.5638
388mSER: 01,09,16,18|4|0.9856
266mGLU: 07,10,17,19|4|1.7916
169mALA: 05,12,13,24|4|0.7631
146mLEU: 07,10,17,21|4|3.0671
409mGLU: 01,03,09,16|4|2.9828
163mGLU: 02,05,13,14|4|0.4404
190mHIS: 06,12,13,14|4|1.6204
249mTRP: 02,13,14,24|4|0.7569
368mILE: 01,04,09,18|4|0.1286
165mPRO: 02,05,06,12|4|1.2996
388mTHR: 01,09,16,18|4|0.702
248mGLN: 02,06,13,14|4|0.7824
146mHIS: 07,10,17,21|4|4.0325
241mVAL: 05,06,12,14|4|0.3461
190mALA: 05,12,13,24|4|1.2451
388mGLY: 01,09,16,18|4|0.8554
248mGLY: 02,06,13,14|4|1.1368
316mTHR: 08,10,22,23|4|0.8816
146mILE: 07,10,17,21|4|2.4796
368mGLN: 04,09,16,18|4|1.0694
248mILE: 02,06,13,14|4|0.1648
168mTRP: 02,06,11,13|4|0.2454
249mALA: 02,13,14,24|4|1.8159
265mSER: 07,10,17,19|4|1.3545
368mASN: 04,09,16,18|4|1.7426
146mGLN: 07,10,17,21|4|2.8034
169mHIS: 00,06,13,14|4|0.9844
146mGLU: 07,10,17,21|4|4.2736
249mASP: 02,13,14,24|4|2.2001
181mGLY: 07,17,19,20|4|0.7311
248mASP: 02,06,13,14|4|2.0604
266mTHR: 07,10,17,19|4|1.6359
412mSER: 01,03,16,18|4|1.0336
146mSER: 07,10,17,21|4|4.5232
249mGLY: 02,13,14,24|4|1.7921
119mGLU: 07,17,19,20|4|1.6788
146mALA: 07,10,17,21|4|4.0209
163mSER: 02,05,13,14|4|0.4864
146mVAL: 07,10,17,21|4|2.8972
146mMET: 07,10,17,21|4|3.3038
193mMET: 00,02,05,13|4|0.8274
163mGLY: 02,05,13,14|4|0.3858
249mVAL: 02,13,14,24|4|1.4714
168mLEU: 02,06,11,13|4|0.1769
249mLEU: 02,13,14,24|4|1.0314
388mLEU: 01,09,16,18|4|0.2688
341mGLU: 03,09,18,22|4|0.9957
146mASP: 07,10,17,21|4|3.1068
339mMET: 01,16,22,23|4|1.1255
265mGLY: 07,10,17,19|4|1.6907
218mLEU: 12,14,15,21|4|0.3736
191mGLY: 00,02,06,13|4|0.8524
408mGLY: 01,03,16,18|4|1.7551
415mSER: 03,04,16,18|4|0.2272
249mGLN: 02,13,14,24|4|1.422
163mTHR: 02,05,13,14|4|0.1256
249mGLU: 02,13,14,24|4|2.0748
383mGLN: 04,16,18|3|0.1965
336mALA: 01,03,16|3|1.2221
405mVAL: 01,03,16|3|0.1731
437mSER: 01,09,16|3|0.2332
406mGLU: 03,09,16|3|0.1284
383mGLU: 04,16,18|3|0.2082
193mVAL: 00,15,24|3|0.4503
419mASP: 08,22,23|3|1.3388
400mSER: 08,22,23|3|1.2894
191mTHR: 00,02,13|3|0.99
164mARG: 06,11,14|3|1.3646
146mARG: 07,17,21|3|0.9927
182mGLU: 07,19,20|3|1.6614
244mLYS: 12,13,24|3|0.7085
337mTRP: 01,03,16|3|1.6116
119mILE: 07,19,20|3|1.8323
240mASP: 02,11,12|3|0.84
262mLEU: 10,17,19|3|1.4229
262mILE: 10,17,19|3|0.8727
268mGLU: 10,17,21|3|2.9355
341mHIS: 09,16,22|3|0.6295
267mVAL: 10,17,21|3|0.7194
265mTHR: 07,10,17|3|1.8327
181mHIS: 17,19,20|3|0.3181
267mMET: 10,17,21|3|0.8787
337mVAL: 01,03,16|3|1.813
208mGLY: 07,19,20|3|1.5926
262mGLU: 10,17,19|3|1.5602
356mGLY: 08,12,14|3|0.5625
408mSER: 03,16,18|3|1.0458
372mTHR: 04,16,18|3|0.6691
193mALA: 00,15,24|3|0.8897
419mTRP: 08,22,23|3|0.6851
408mGLN: 03,16,18|3|0.4537
172mGLY: 05,12,24|3|0.8396
208mASN: 07,19,20|3|1.3393
387mGLU: 09,16,18|3|0.362
262mHIS: 10,17,19|3|0.2429
159mALA: 02,11,13|3|1.0088
407mGLU: 01,03,16|3|1.8616
119mSER: 07,19,20|3|2.0526
208mHIS: 07,19,20|3|1.1663
172mILE: 05,12,24|3|0.1226
268mASN: 10,17,21|3|1.4442
297mASN: 05,12,13|3|1.0416
316mHIS: 08,10,22|3|0.861
182mTHR: 07,19,20|3|1.3057
339mALA: 09,16,22|3|1.5823
390mSER: 01,03,09|3|0.6843
147mHIS: 07,17,19|3|0.7613
229mSER: 07,17,19|3|0.6087
268mALA: 10,17,21|3|1.2099
159mVAL: 02,11,13|3|0.4856
164mTYR: 06,11,14|3|1.1506
407mTHR: 01,03,16|3|1.4642
297mSER: 05,12,13|3|0.5082
316mALA: 08,10,22|3|0.8407
159mGLU: 02,11,13|3|0.4173
319mSER: 08,22,23|3|0.7284
408mHIS: 03,16,18|3|1.2801
267mTHR: 10,17,21|3|0.8982
337mGLN: 01,03,16|3|2.0217
265mASN: 10,17,19|3|1.4361
415mMET: 04,16,18|3|0.4724
218mGLN: 14,15,21|3|0.5436
419mSER: 08,22,23|3|1.919
262mALA: 10,17,19|3|1.5599
337mTYR: 01,03,16|3|0.4795
407mLEU: 01,03,16|3|0.4438
385mTHR: 04,09,18|3|0.0776
337mASP: 01,03,16|3|1.5218
244mASP: 12,13,24|3|0.8557
267mGLU: 10,17,21|3|1.0362
147mSER: 07,17,19|3|1.1642
164mPRO: 06,11,14|3|0.788
319mTHR: 08,22,23|3|1.4587
383mGLY: 04,16,18|3|0.5094
169mMET: 00,06,13|3|0.2189
241mLEU: 05,06,14|3|0.5802
383mTRP: 04,16,18|3|0.0795
267mILE: 10,17,21|3|0.3889
208mMET: 07,19,20|3|0.8019
337mLEU: 01,03,16|3|1.6381
119mLEU: 07,19,20|3|1.7207
405mSER: 01,03,16|3|0.6571
337mILE: 01,03,16|3|1.3159
297mMET: 05,12,13|3|0.7406
165mCYS: 00,02,05|3|0.7586
267mHIS: 10,17,21|3|1.1354
267mTRP: 10,17,21|3|0.5254
341mGLY: 09,16,22|3|0.6144
400mGLY: 08,22,23|3|1.2393
405mGLY: 01,03,16|3|0.5498
419mVAL: 08,22,23|3|1.3062
241mCYS: 05,06,14|3|0.543
337mGLY: 01,03,16|3|2.6983
437mHIS: 03,09,16|3|0.5369
265mGLU: 07,10,17|3|1.7829
266mASN: 10,17,19|3|1.1566
119mCYS: 07,19,20|3|4.137
385mHIS: 04,09,18|3|0.7852
400mASP: 08,22,23|3|0.6956
407mSER: 01,03,16|3|1.9994
262mASP: 10,17,19|3|0.7952
411mLYS: 03,16,18|3|1.3644
337mALA: 01,03,16|3|1.7918
226mGLU: 07,19,20|3|0.4202
407mMET: 01,03,16|3|1.2575
162mHIS: 00,05,11|3|0.8767
208mASP: 07,19,20|3|1.7858
385mGLY: 04,09,18|3|0.4016
147mGLY: 07,17,19|3|1.176
162mSER: 00,05,11|3|0.5959
267mLYS: 10,17,21|3|0.3447
218mILE: 14,15,21|3|0.006
372mGLU: 04,16,18|3|0.6136
341mALA: 09,16,22|3|0.8211
162mMET: 00,05,11|3|0.5553
407mASN: 01,03,16|3|1.4134
341mASP: 09,16,22|3|0.9115
244mVAL: 12,13,24|3|0.7912
119mGLY: 07,19,20|3|2.6105
337mSER: 01,03,16|3|2.7847
359mTHR: 06,11,14|3|0.7044
159mGLY: 02,11,13|3|0.8673
419mLYS: 08,22,23|3|1.1373
208mILE: 07,19,20|3|0.922
268mVAL: 10,17,21|3|0.4054
297mGLY: 05,12,13|3|0.6066
241mTYR: 05,06,14|3|0.582
268mSER: 10,17,21|3|1.2418
400mTHR: 08,22,23|3|0.921
229mMET: 07,17,19|3|0.468
337mGLU: 01,03,16|3|2.6699
119mASP: 07,19,20|3|1.519
338mGLY: 03,22,23|3|0.4135
208mVAL: 07,19,20|3|1.3362
405mALA: 01,03,16|3|0.2936
216mGLY: 05,15,21|3|0.478
356mGLU: 08,12,14|3|0.2183
241mLYS: 05,06,14|3|0.4494
407mTRP: 01,03,16|3|0.3354
337mTHR: 01,03,16|3|2.4299
413mLEU: 01,03,18|3|0.0677
267mASN: 10,17,21|3|0.8195
359mHIS: 06,11,14|3|0.1553
316mGLY: 08,10,22|3|1.2395
408mASN: 01,03,16|3|1.3658
267mALA: 10,17,21|3|0.7609
159mLYS: 02,11,13|3|0.4989
262mPHE: 10,17,19|3|0.7328
169mTHR: 12,13,14|3|0.7228
419mALA: 08,22,23|3|1.5562
267mSER: 10,17,21|3|1.1314
337mHIS: 01,03,16|3|2.8213
390mGLY: 01,03,09|3|0.4482
262mTHR: 10,17,19|3|0.9801
407mVAL: 01,03,16|3|0.7573
400mGLU: 08,22,23|3|1.7963
341mASN: 03,09,18|3|0.1964
405mGLU: 01,03,16|3|0.8315
218mMET: 14,15,21|3|1.1092
407mALA: 01,03,16|3|0.8216
182mGLY: 07,19,20|3|1.0833
208mLEU: 07,19,20|3|0.9622
337mMET: 01,03,16|3|2.3608
262mCYS: 10,17,19|3|2.1537
388mASP: 01,16,18|3|0.9897
356mLEU: 08,12,14|3|0.184
146mTYR: 07,17,21|3|0.7838
337mLYS: 01,03,16|3|1.36
180mGLU: 07,17,19|3|1.727
268mGLY: 10,17,21|3|1.4527
297mTHR: 05,12,13|3|1.4318
340mTHR: 16,22,23|3|0.0547
419mHIS: 08,22,23|3|1.4405
419mGLN: 08,22,23|3|1.1517
388mVAL: 01,16,18|3|0.4482
144mGLY: 07,17,21|3|0.6368
419mPHE: 08,22,23|3|0.5244
262mGLY: 10,17,19|3|1.0525
267mGLY: 10,17,21|3|1.1093
383mLEU: 04,16,18|3|0.0363
208mTHR: 07,19,20|3|1.5991
146mCYS: 07,17,21|3|1.6327
412mLYS: 09,16,18|3|0.6415
219mTRP: 13,14,15|3|0.6704
162mGLU: 00,05,11|3|0.4319
413mALA: 01,03,18|3|0.3839
419mGLY: 08,22,23|3|1.7332
180mTHR: 07,17,19|3|2.5735
241mMET: 05,06,14|3|0.0918
245mGLN: 00,02,11|3|0.6181
383mTHR: 04,16,18|3|0.2664
268mASP: 10,17,21|3|1.6492
399mGLU: 08,22,23|3|0.4452
407mGLY: 01,03,16|3|1.8627
190mMET: 06,12,14|3|0.682
244mALA: 12,13,24|3|1.4131
159mHIS: 02,11,13|3|0.3492
316mSER: 08,10,22|3|1.1607
419mILE: 08,22,23|3|0.9404
372mASN: 04,16,18|3|0.5336
405mTHR: 01,03,16|3|0.6269
242mPRO: 02,14,24|3|3.369
208mALA: 07,19,20|3|1.6205
408mMET: 03,16,18|3|0.3356
262mMET: 10,17,19|3|0.5584
190mLYS: 12,13,24|3|0.7111
266mALA: 07,17,19|3|0.3817
385mMET: 04,09,18|3|0.55
162mTHR: 00,05,11|3|0.3687
407mGLN: 01,03,16|3|0.9932
262mVAL: 10,17,19|3|1.0157
415mGLY: 04,16,18|3|0.324
359mVAL: 06,11,14|3|0.4676
267mLEU: 10,17,21|3|0.5929
316mASN: 08,10,23|3|0.6135
262mSER: 10,17,19|3|0.846
172mALA: 05,12,24|3|0.6248
162mASN: 00,05,11|3|0.6007
419mMET: 08,22,23|3|1.187
208mLYS: 07,19,20|3|0.9309
218mTRP: 14,15,21|3|0.3876
159mSER: 02,11,13|3|0.6559
241mILE: 05,06,14|3|0.0045
268mTHR: 10,17,21|3|2.3914
208mSER: 07,19,20|3|1.8703
319mGLU: 08,22,23|3|1.3263
405mMET: 01,03,16|3|0.3084
409mTHR: 01,03,16|3|1.9799
337mASN: 01,03,16|3|2.4996
243mSER: 05,12,24|3|1.3547
338mSER: 03,22,23|3|0.3182
119mALA: 07,19,20|3|3.4224
390mGLU: 01,03,09|3|0.8849
208mGLU: 07,19,20|3|2.0935
399mSER: 08,22,23|3|0.3138
208mGLN: 07,19,20|3|1.2446
162mGLY: 00,05,11|3|0.588
316mGLU: 08,10,22|3|1.0147
419mTHR: 08,22,23|3|1.7612
147mGLU: 07,10,17|3|1.0997
338mHIS: 03,22,23|3|0.5599
119mVAL: 07,19,20|3|0.6805
190mVAL: 05,12,24|3|0.5258
383mMET: 04,16,18|3|0.6207
120mGLU: 07,17,19|3|1.2803
415mHIS: 04,16,18|3|0.7076
159mLEU: 02,11,13|3|0.5894
119mHIS: 07,19,20|3|1.1679
190mASP: 05,12,24|3|1.0817
419mASN: 08,22,23|3|1.475
244mCYS: 12,13,24|3|1.0185
339mGLU: 03,16,22|3|1.0605
208mPHE: 07,19,20|3|0.2815
385mASN: 04,09,18|3|0.2448
217mLYS: 05,15,21|3|1.9099
244mILE: 12,13,24|3|0.5315
383mHIS: 04,16,18|3|0.7971
182mSER: 07,19,20|3|1.2489
383mASN: 04,16,18|3|0.3918
419mLEU: 08,22,23|3|1.2115
208mTRP: 07,19,20|3|0.7818
262mLYS: 10,17,19|3|0.5574
388mALA: 01,16,18|3|0.8464
267mGLN: 10,17,21|3|0.8121
437mASN: 03,09,16|3|0.1706
385mSER: 04,09,18|3|0.2888
119mLYS: 07,19,20|3|1.8858
419mGLU: 08,22,23|3|2.1426
267mASP: 10,17,21|3|0.7708
407mHIS: 01,03,16|3|1.9159
182mASN: 07,19,20|3|1.1409
383mSER: 04,16,18|3|0.4248
337mPHE: 01,03,16|3|0.7385
168mVAL: 02,06,11|3|0.1507
388mGLN: 01,18|2|0.2456
278mMET: 12,21|2|0.7262
371mTHR: 04,18|2|0.3738
171mGLU: 05,12|2|0.2474
387mALA: 16,18|2|0.163
398mTHR: 22,23|2|0.0582
398mMET: 22,23|2|0.4125
372mGLY: 04,18|2|0.5467
412mILE: 16,18|2|0.5125
303mGLY: 10,21|2|1.3126
301mASP: 12,21|2|0.5747
268mILE: 10,21|2|0.3393
335mTHR: 01,22|2|0.2605
335mASN: 01,22|2|0.3253
401mTHR: 22,23|2|1.1888
336mILE: 01,16|2|0.4321
345mTRP: 04,18|2|0.4834
216mASN: 05,21|2|0.087
345mGLY: 04,18|2|1.5685
319mASP: 22,23|2|1.5029
401mGLN: 22,23|2|0.6259
136mVAL: 15,21|2|1.3769
140mVAL: 15,21|2|0.6243
326mGLY: 22,23|2|0.5244
284mSER: 05,08|2|0.2714
121mGLU: 07,21|2|0.4983
276mGLY: 08,10|2|0.2151
388mMET: 09,16|2|0.312
274mGLN: 10,21|2|0.1991
139mTHR: 15,21|2|1.3549
326mTHR: 22,23|2|0.3943
412mPHE: 16,18|2|0.2983
340mALA: 16,22|2|0.3822
136mALA: 15,21|2|1.5507
278mTHR: 12,21|2|0.2467
301mGLY: 12,21|2|0.3094
412mHIS: 16,18|2|0.2646
158mLEU: 11,20|2|0.0872
274mASP: 10,21|2|0.8247
244mPHE: 13,24|2|0.0982
371mSER: 04,18|2|0.4628
372mSER: 16,18|2|0.419
377mTHR: 22,23|2|0.5089
303mLYS: 10,21|2|0.9999
412mALA: 16,18|2|0.8573
349mALA: 04,18|2|1.1306
121mSER: 07,21|2|0.0723
401mLEU: 22,23|2|0.7925
208mTYR: 19,20|2|0.1779
370mLEU: 04,18|2|1.4734
136mLYS: 15,21|2|1.3794
421mHIS: 08,23|2|1.1166
145mTHR: 17,21|2|0.2309
409mASP: 09,16|2|0.2313
147mTHR: 07,17|2|0.4519
172mGLN: 05,12|2|0.4674
301mTHR: 12,21|2|0.2898
342mGLY: 04,18|2|0.3993
316mMET: 10,22|2|0.5925
207mVAL: 19,20|2|0.2233
265mVAL: 07,17|2|0.6243
339mLEU: 16,22|2|0.6555
413mSER: 09,18|2|0.2361
139mGLU: 15,21|2|1.8318
371mGLU: 04,18|2|0.6338
163mASN: 05,14|2|0.1302
371mVAL: 04,18|2|0.2681
406mMET: 01,18|2|0.0837
120mALA: 07,19|2|0.2318
121mASN: 07,21|2|0.1409
163mALA: 02,13|2|0.3356
405mLYS: 01,03|2|0.2396
265mCYS: 07,19|2|0.2895
278mASP: 12,21|2|0.5316
163mASP: 02,13|2|0.639
163mVAL: 02,13|2|0.0766
137mGLU: 15,21|2|0.097
418mGLY: 08,22|2|0.9443
138mGLU: 15,21|2|0.6338
163mMET: 05,14|2|0.2828
136mMET: 15,21|2|1.3573
216mHIS: 05,21|2|0.1831
182mASP: 07,20|2|0.8104
191mASN: 02,13|2|0.5233
140mLYS: 15,21|2|0.7009
316mGLN: 10,22|2|0.2438
316mLYS: 08,10|2|0.2638
313mASN: 08,10|2|0.2033
340mSER: 16,23|2|0.2339
401mGLY: 22,23|2|0.9988
120mTHR: 07,19|2|0.2078
171mSER: 05,12|2|0.2704
419mCYS: 08,22|2|0.3572
319mALA: 22,23|2|1.0373
418mMET: 08,22|2|0.5792
377mCYS: 22,23|2|0.4616
406mHIS: 01,18|2|0.2295
326mVAL: 22,23|2|0.3043
136mPHE: 15,21|2|0.0843
278mGLU: 12,21|2|0.4683
217mTRP: 13,15|2|0.0866
136mCYS: 15,21|2|0.5903
320mGLY: 08,22|2|0.9024
220mALA: 12,24|2|0.5954
368mCYS: 01,03|2|0.2549
158mGLU: 11,20|2|0.2296
335mALA: 01,23|2|0.1985
412mVAL: 16,18|2|0.5041
339mGLN: 16,22|2|0.2556
342mTHR: 04,18|2|0.6897
451mLEU: 04,18|2|0.2482
139mGLN: 15,21|2|0.6923
351mSER: 04,18|2|0.2704
365mGLU: 09,18|2|0.337
139mGLY: 15,21|2|1.0814
335mGLY: 22,23|2|0.1841
349mTHR: 04,18|2|0.4842
147mVAL: 07,17|2|0.5651
297mGLU: 05,12|2|0.7143
317mSER: 08,23|2|0.3951
313mGLU: 08,10|2|0.2675
451mGLY: 04,18|2|0.7646
158mTHR: 11,20|2|0.0632
244mTYR: 13,24|2|0.4862
401mVAL: 22,23|2|0.9114
240mASN: 14,24|2|0.0452
242mCYS: 02,14|2|2.3365
274mALA: 10,21|2|0.4875
319mMET: 22,23|2|0.0898
336mVAL: 01,16|2|0.5297
207mTHR: 19,20|2|0.485
340mHIS: 16,23|2|0.3617
401mMET: 22,23|2|0.3784
370mMET: 04,18|2|1.4444
138mLEU: 15,21|2|0.2339
301mALA: 12,21|2|0.2746
451mASN: 04,18|2|0.4748
326mALA: 22,23|2|0.3898
401mASP: 22,23|2|1.1738
369mGLY: 04,18|2|0.6139
239mGLU: 02,14|2|0.0984
140mGLY: 15,21|2|0.726
370mASP: 04,18|2|1.6958
266mLEU: 07,19|2|0.1261
229mALA: 17,19|2|0.4464
278mALA: 12,21|2|0.2315
171mGLY: 05,12|2|0.2201
317mASN: 08,23|2|0.0844
421mGLU: 08,23|2|1.0964
418mGLN: 08,22|2|0.5336
342mLYS: 04,18|2|0.4529
313mTHR: 08,10|2|0.3375
145mHIS: 17,21|2|0.4033
412mMET: 16,18|2|0.2531
401mASN: 22,23|2|0.819
284mILE: 05,08|2|0.4798
418mGLU: 08,22|2|1.1082
243mALA: 05,12|2|1.5548
451mVAL: 04,18|2|0.3747
370mGLU: 04,18|2|3.2944
359mSER: 06,14|2|0.1012
418mASP: 08,22|2|0.8185
169mASP: 05,24|2|0.242
158mTYR: 11,20|2|0.0884
378mCYS: 22,23|2|0.4833
339mILE: 09,16|2|0.6156
326mGLN: 22,23|2|0.3315
320mTHR: 08,22|2|0.8688
341mGLN: 09,22|2|0.1991
356mMET: 08,14|2|0.4138
331mALA: 22,23|2|0.521
171mTHR: 05,12|2|0.09
370mTYR: 04,18|2|0.2636
168mASP: 05,13|2|0.9806
205mSER: 19,20|2|0.9988
136mGLU: 15,21|2|2.4837
437mALA: 01,03|2|0.208
192mSER: 00,24|2|0.0933
421mLEU: 08,23|2|0.2358
451mALA: 04,18|2|0.4162
300mHIS: 13,21|2|0.3876
326mASN: 22,23|2|0.2738
369mASP: 04,18|2|0.3499
313mMET: 08,10|2|0.5903
303mGLN: 10,21|2|0.6308
324mHIS: 08,23|2|0.2925
207mGLY: 19,20|2|0.4294
229mLEU: 17,19|2|0.4905
182mVAL: 07,20|2|0.4757
349mGLU: 04,18|2|0.9418
191mPHE: 00,02|2|0.0386
348mGLU: 04,18|2|0.4008
300mALA: 13,21|2|0.4939
370mILE: 04,18|2|1.2292
245mASP: 00,02|2|0.5022
193mLYS: 00,15|2|0.2149
319mCYS: 22,23|2|1.0833
317mGLU: 08,23|2|0.3758
139mVAL: 15,21|2|0.8513
245mALA: 00,11|2|0.4162
159mCYS: 02,13|2|1.283
268mGLN: 10,21|2|0.5628
303mASN: 10,21|2|1.2276
326mSER: 22,23|2|0.5747
136mARG: 15,21|2|0.2702
326mHIS: 22,23|2|0.4546
139mHIS: 15,21|2|0.6061
274mGLU: 10,21|2|0.5977
351mGLY: 04,18|2|0.2201
158mALA: 11,20|2|0.1326
418mILE: 08,22|2|0.3361
455mASN: 04,18|2|0.3153
301mSER: 12,21|2|0.5034
413mHIS: 09,18|2|0.488
371mGLY: 04,18|2|0.3695
245mVAL: 00,11|2|0.3747
401mPHE: 22,23|2|0.376
413mMET: 09,18|2|0.2528
172mGLU: 05,12|2|0.6915
243mMET: 05,24|2|0.4646
276mASN: 08,10|2|0.3339
326mILE: 22,23|2|0.0427
377mASP: 22,23|2|0.4136
181mGLU: 07,19|2|1.4076
418mVAL: 08,22|2|0.6731
207mSER: 19,20|2|0.6286
413mGLY: 09,18|2|0.4385
266mSER: 17,19|2|1.0027
345mILE: 04,18|2|0.5457
330mHIS: 22,23|2|0.2256
277mGLY: 05,12|2|0.3152
419mTYR: 22,23|2|0.5688
371mALA: 04,18|2|0.5368
169mVAL: 12,13|2|0.2338
274mHIS: 10,21|2|0.4762
303mGLU: 10,21|2|1.7223
120mGLY: 07,19|2|0.4641
140mTHR: 15,21|2|0.8184
398mASN: 22,23|2|0.1836
278mGLY: 12,21|2|0.2663
136mASP: 15,21|2|1.9782
320mGLU: 08,22|2|1.0922
345mGLU: 04,18|2|2.583
119mARG: 19,20|2|0.5076
136mTHR: 15,21|2|1.9066
119mPHE: 19,20|2|0.4632
409mSER: 01,16|2|0.7926
303mTRP: 10,21|2|0.3341
379mTHR: 22,23|2|0.4851
288mGLY: 22,23|2|0.2505
451mTHR: 04,18|2|0.5535
172mASN: 05,12|2|0.4748
169mASN: 13,14|2|0.8022
411mGLY: 03,18|2|1.8168
297mHIS: 12,13|2|1.0498
320mGLN: 08,22|2|0.2479
145mMET: 17,21|2|0.3163
220mGLU: 12,24|2|0.6924
229mTHR: 17,19|2|0.6079
387mSER: 09,18|2|0.2492
251mGLU: 11,20|2|0.1412
303mTHR: 10,21|2|1.4088
324mGLY: 08,23|2|0.8686
304mSER: 10,21|2|0.2192
297mVAL: 05,13|2|0.5539
217mILE: 05,21|2|0.0592
313mGLY: 08,10|2|0.776
418mLYS: 08,22|2|0.4417
284mGLY: 05,08|2|0.9724
191mVAL: 00,02|2|0.535
284mALA: 05,08|2|1.1207
319mGLY: 22,23|2|0.8727
172mLEU: 05,12|2|0.2482
194mPRO: 13,15|2|0.5023
144mHIS: 07,17|2|0.4964
342mGLU: 04,18|2|0.9907
297mALA: 05,12|2|0.4908
120mSER: 07,19|2|0.5651
340mASP: 16,22|2|0.4957
191mMET: 00,06|2|0.2535
229mGLU: 17,19|2|0.8187
390mTHR: 03,09|2|0.4224
266mVAL: 17,19|2|0.1793
182mALA: 07,20|2|0.716
313mGLN: 08,10|2|0.2416
303mASP: 10,21|2|1.7082
370mHIS: 04,18|2|1.8054
369mGLU: 04,18|2|1.3655
303mALA: 10,21|2|1.3343
421mGLY: 08,23|2|1.1875
181mTHR: 07,19|2|1.4324
158mCYS: 11,20|2|0.0624
401mGLU: 22,23|2|1.609
378mALA: 22,23|2|0.1811
208mCYS: 07,20|2|0.1435
228mGLU: 19,20|2|0.2609
370mVAL: 04,18|2|1.4236
138mSER: 15,21|2|0.4628
145mGLY: 17,21|2|0.3395
331mGLY: 22,23|2|0.1565
370mGLY: 04,18|2|2.4753
418mHIS: 08,22|2|0.7465
421mASN: 08,23|2|0.8762
192mGLU: 00,24|2|0.2643
370mALA: 04,18|2|1.8513
356mTHR: 08,14|2|0.1776
418mASN: 08,22|2|0.5166
342mALA: 04,18|2|0.3521
277mILE: 05,12|2|0.0799
406mGLY: 01,18|2|0.0698
331mSER: 22,23|2|0.0836
370mASN: 04,18|2|2.1579
216mALA: 15,21|2|0.692
342mASN: 04,18|2|0.7775
324mTHR: 08,23|2|0.2997
400mHIS: 22,23|2|0.779
370mTRP: 04,18|2|0.8142
410mSER: 01,18|2|0.6302
412mLEU: 16,18|2|0.6082
219mTYR: 00,12|2|0.2509
369mASN: 04,18|2|1.0005
345mHIS: 04,18|2|1.0264
304mMET: 10,21|2|0.1622
138mVAL: 15,21|2|0.2681
324mASN: 08,23|2|0.1245
401mCYS: 22,23|2|0.518
407mASP: 03,16|2|0.8967
421mSER: 08,23|2|0.8674
274mTHR: 10,21|2|0.3004
136mASN: 15,21|2|1.5264
437mMET: 09,16|2|0.2362
451mILE: 04,18|2|0.0442
339mASP: 16,22|2|0.7193
359mILE: 06,11|2|0.1164
401mSER: 22,23|2|1.241
369mALA: 04,18|2|0.2151
119mMET: 19,20|2|0.7393
370mSER: 04,18|2|2.3194
139mASP: 15,21|2|0.901
418mSER: 08,22|2|1.0094
303mHIS: 10,21|2|0.8846
405mHIS: 03,16|2|0.4243
398mHIS: 22,23|2|0.5889
351mTHR: 04,18|2|0.09
378mGLU: 22,23|2|0.3629
245mILE: 00,11|2|0.0442
405mGLN: 03,16|2|0.1482
372mHIS: 04,18|2|0.5439
245mMET: 00,11|2|0.534
401mALA: 22,23|2|1.2494
301mHIS: 12,21|2|1.0515
313mLEU: 08,10|2|0.2278
336mLEU: 03,16|2|0.3107
136mSER: 15,21|2|2.0786
208mARG: 19,20|2|0.2417
286mTHR: 08,22|2|0.0704
284mTHR: 05,08|2|1.3969
205mASN: 19,20|2|1.0292
339mTHR: 16,22|2|0.3882
335mSER: 01,22|2|0.2765
369mTHR: 04,18|2|1.1284
192mALA: 00,24|2|0.1673
316mLEU: 10,22|2|0.23
335mLYS: 01,23|2|0.2376
119mTHR: 07,19|2|0.633
345mMET: 04,18|2|0.3365
413mGLU: 01,03|2|0.1664
418mALA: 08,22|2|0.8978
407mILE: 03,16|2|0.0869
400mASN: 08,22|2|0.5428
370mGLN: 04,18|2|1.5995
169mLYS: 13,14|2|0.6181
159mILE: 02,13|2|0.5174
140mGLU: 15,21|2|0.7853
284mASN: 05,08|2|1.0238
412mCYS: 16,18|2|1.0748
191mALA: 00,02|2|0.716
345mLYS: 04,18|2|1.3474
281mCYS: 05,12|2|0.595
415mGLU: 01,03|2|0.224
320mSER: 08,22|2|1.0592
168mLYS: 12,14|2|0.6214
400mALA: 08,23|2|0.3759
274mSER: 10,21|2|0.5084
145mSER: 17,21|2|0.2979
345mSER: 04,18|2|1.8749
138mGLY: 15,21|2|0.3695
136mGLN: 15,21|2|1.3239
313mALA: 08,10|2|0.3864
205mTHR: 19,20|2|1.6352
335mGLU: 01,22|2|0.4013
401mTYR: 22,23|2|0.395
243mLEU: 05,12|2|0.6007
359mLYS: 06,14|2|0.4364
140mSER: 15,21|2|0.7018
179mSER: 07,17|2|0.2492
370mTHR: 04,18|2|2.9944
340mLYS: 16,22|2|0.0404
207mGLN: 19,20|2|0.17
120mASP: 07,19|2|0.3999
136mGLY: 15,21|2|2.1995
320mASN: 08,22|2|1.1238
345mASN: 04,18|2|2.4663
207mGLU: 19,20|2|0.8026
313mHIS: 08,10|2|0.8255
371mASP: 04,18|2|0.5284
347mTHR: 04,18|2|0.9742
345mTHR: 04,18|2|2.2605
239mALA: 02,14|2|0.0014
345mGLN: 04,18|2|0.7207
138mASP: 15,21|2|0.5284
136mILE: 15,21|2|0.6044
240mTYR: 00,05|2|0.0252
251mALA: 11,20|2|0.0442
163mHIS: 05,14|2|0.4004
284mGLU: 05,08|2|1.0876
239mASP: 02,14|2|0.3048
409mGLY: 01,16|2|0.8426
172mVAL: 05,12|2|0.3747
326mGLU: 22,23|2|0.5517
359mCYS: 06,11|2|0.2044
285mGLU: 05,08|2|0.0969
138mALA: 15,21|2|0.5368
284mMET: 05,08|2|0.2463
207mHIS: 19,20|2|0.1688
265mGLN: 10,17|2|0.1764
226mASP: 07,20|2|0.172
139mALA: 15,21|2|1.0139
356mHIS: 08,14|2|0.5314
398mSER: 22,23|2|0.2166
274mGLY: 10,21|2|0.3188
400mLYS: 08,22|2|0.133
136mTYR: 15,21|2|0.8856
351mGLU: 04,18|2|0.2474
304mGLY: 10,21|2|0.4074
284mVAL: 05,08|2|0.6952
356mSER: 08,14|2|0.2832
301mGLU: 12,21|2|0.5114
145mLEU: 17,21|2|0.0895
342mVAL: 04,18|2|0.2575
139mASN: 15,21|2|0.7605
409mASN: 01,16|2|0.8718
136mHIS: 15,21|2|1.7025
455mGLY: 04,18|2|0.3141
301mGLN: 12,21|2|0.1429
345mALA: 04,18|2|0.6157
401mLYS: 22,23|2|0.8833
313mSER: 08,10|2|0.5736
341mLEU: 09,16|2|0.146
347mGLU: 04,18|2|1.6301
370mLYS: 04,18|2|1.3276
369mGLN: 04,18|2|0.1234
451mTRP: 04,18|2|0.1807
136mLEU: 15,21|2|1.2342
326mLEU: 22,23|2|0.1657
159mPHE: 02,13|2|0.092
277mALA: 05,12|2|0.235
140mALA: 15,21|2|1.0915
421mTRP: 08,23|2|0.2633
297mASP: 05,12|2|1.1661
339mLYS: 09,16|2|0.926
419mARG: 22,23|2|0.2967
284mASP: 05,08|2|1.3408
303mMET: 10,21|2|0.7924
356mASN: 08,14|2|0.2612
217mLEU: 12,13|2|0.1528
418mLEU: 08,22|2|0.651
340mGLY: 16,23|2|0.4081
342mHIS: 04,18|2|0.1136
139mSER: 15,21|2|1.1153
266mGLN: 17,19|2|0.1765
138mTHR: 15,21|2|0.3738
356mGLN: 08,14|2|0.131
320mHIS: 08,22|2|1.0003
278mGLN: 12,21|2|0.0998
247mSER: 02,11|2|0.0613
278mHIS: 12,21|2|1.0084
319mASN: 08,23|2|1.2484
418mTYR: 08,22|2|0.2064
387mGLY: 09,18|2|0.1064
172mHIS: 05,12|2|0.7907
405mLEU: 01,16|2|0.2729
413mTYR: 01,03|2|0.0252
408mLYS: 01,03|2|0.917
119mPRO: 19,20|2|0.2069
337mARG: 03,16|2|0.4907
266mGLY: 17,19|2|0.711
320mMET: 08,22|2|0.6515
341mMET: 16,22|2|0.2817
182mHIS: 07,19|2|0.8106
339mTRP: 16,22|2|0.0108
451mMET: 04,18|2|0.534
207mALA: 19,20|2|0.3781
339mVAL: 09,16|2|0.4169
172mTHR: 05,12|2|0.5535
147mMET: 07,19|2|0.3123
379mALA: 22,23|2|0.5699
301mMET: 12,21|2|0.7693
345mVAL: 04,18|2|0.3446
334mGLU: 01,03|2|0.4151
147mASP: 07,17|2|0.7019
401mHIS: 22,23|2|0.5143
181mMET: 17,20|2|0.0837
276mTHR: 08,10|2|0.144
245mTRP: 00,11|2|0.1807
286mGLU: 08,22|2|0.3138
451mHIS: 04,18|2|0.7907
147mALA: 07,17|2|1.0893
324mGLU: 08,23|2|0.6637
278mSER: 12,21|2|0.4603
451mSER: 04,18|2|0.7867
265mHIS: 10,17|2|0.4037
405mASN: 03,16|2|0.5536
336mLYS: 01,16|2|0.4966
172mSER: 05,12|2|0.7867
356mTRP: 08,14|2|0.053
342mGLN: 04,18|2|0.162
266mHIS: 17,19|2|0.4514
330mASN: 22,23|2|0.0889
340mMET: 16,23|2|0.1853
401mILE: 22,23|2|0.6834
338mMET: 03,22|2|0.2794
342mSER: 04,18|2|0.6689
378mTHR: 22,23|2|0.3088
411mASP: 03,18|2|1.2079
180mASN: 07,17|2|0.9652
369mSER: 04,18|2|0.7856
421mGLN: 08,23|2|0.5633
324mSER: 08,23|2|0.7725
421mTHR: 08,23|2|0.7583
410mALA: 16,18|2|0.7814
451mGLU: 04,18|2|0.6915
205mGLU: 19,20|2|1.852
303mSER: 10,21|2|1.479
284mCYS: 05,08|2|2.0972
451mGLN: 04,18|2|0.4674
398mGLY: 22,23|2|0.3012
245mLEU: 00,11|2|0.2482
240mLEU: 00,05|2|0.024
145mGLU: 17,21|2|0.2753
371mLEU: 04,18|2|0.2339
349mSER: 04,18|2|0.3125
144mMET: 07,17|2|0.2612
242mTYR: 05,24|2|0.2663
262mTYR: 10,17|2|0.4862
418mTHR: 08,22|2|0.8676
