265mALA: 01,02,04,05,08,12,19,21,22|9|4.4746
146mGLY: 01,02,04,05,08,12,15,21|8|6.1805
146mILE: 01,02,04,05,08,12,15,21|8|4.1989
146mGLU: 01,02,04,05,08,12,15,21|8|8.2396
146mSER: 01,02,04,05,08,12,15,21|8|5.2756
146mASP: 01,02,04,05,08,12,15,21|8|4.6828
165mASP: 00,06,09,10,11,16,23|7|3.9241
242mGLY: 00,06,09,10,11,16,23|7|4.7641
165mTHR: 00,06,09,10,11,16,23|7|5.3333
165mCYS: 00,06,09,10,11,16,23|7|3.6785
165mGLU: 00,06,09,10,11,16,23|7|6.1037
242mALA: 00,06,09,10,11,16,23|7|3.882
165mSER: 00,06,09,10,11,16,23|7|3.5814
242mVAL: 00,06,09,10,11,16,23|7|2.0161
165mPRO: 00,06,09,10,11,16,23|7|2.5894
178mTHR: 01,02,04,05,08,12,22|7|2.8113
242mGLU: 00,06,09,10,11,16,23|7|5.5055
180mLYS: 01,02,04,05,08,12,22|7|3.8396
165mGLY: 00,06,09,10,11,16,23|7|3.4516
242mLEU: 00,06,09,10,11,16,23|7|2.0936
180mTHR: 01,02,04,05,08,12,22|7|5.8327
178mASN: 01,02,04,05,08,12,22|7|2.1082
178mALA: 01,02,04,05,08,12,22|7|1.908
165mGLN: 00,06,09,10,11,16,23|7|1.8254
178mILE: 01,02,04,05,08,12,22|7|1.2742
165mALA: 00,06,09,10,11,16,23|7|3.5012
165mVAL: 00,06,09,10,11,16,23|7|2.7588
164mGLU: 00,06,09,10,16,23|6|6.6195
268mGLU: 01,04,05,12,15,21|6|4.373
164mCYS: 00,06,09,10,16,23|6|4.1735
164mVAL: 00,06,09,10,16,23|6|2.6576
164mTHR: 00,06,09,10,16,23|6|5.4135
268mTHR: 01,04,05,12,15,21|6|3.1978
164mALA: 00,06,09,10,16,23|6|4.0476
168mTHR: 00,06,09,10,16,23|6|2.1345
164mSER: 00,06,09,10,16,23|6|3.9013
401mGLN: 03,13,14,18,24|5|1.7472
167mASN: 00,06,09,10,16|5|2.3113
335mTHR: 03,07,14,17,24|5|2.6598
335mASN: 03,07,14,17,24|5|2.3697
401mTHR: 03,13,14,18,24|5|2.6458
399mLYS: 03,07,13,18,24|5|1.2077
401mLEU: 03,13,14,18,24|5|1.9364
336mASN: 03,07,14,17,24|5|3.8419
401mGLY: 03,13,14,18,24|5|2.2185
267mTHR: 01,04,05,12,21|5|1.0031
401mPHE: 03,13,14,18,24|5|1.5421
401mMET: 03,13,14,18,24|5|1.8792
401mASP: 03,13,14,18,24|5|1.5386
267mGLU: 01,04,05,12,21|5|1.3936
401mASN: 03,13,14,18,24|5|2.2785
167mGLU: 00,06,09,10,16|5|3.321
167mSER: 00,06,09,10,16|5|2.6998
162mALA: 06,09,10,16,23|5|1.0381
167mALA: 00,06,09,10,16|5|2.3858
162mSER: 06,09,10,16,23|5|1.4928
400mTHR: 03,07,13,18,24|5|3.0329
167mGLN: 00,06,09,10,16|5|1.8577
401mGLU: 03,13,14,18,24|5|3.0867
167mASP: 00,06,09,10,16|5|2.2453
267mALA: 01,04,05,12,21|5|1.2935
336mGLU: 03,07,14,17,24|5|4.1199
401mALA: 03,13,14,18,24|5|1.9413
335mSER: 03,07,14,17,24|5|1.8272
167mTHR: 00,06,09,10,16|5|2.4868
162mGLU: 06,09,10,16,23|5|1.9395
399mGLU: 03,07,13,18,24|5|2.227
335mGLU: 03,07,14,17,24|5|2.9519
267mLEU: 01,04,05,12,21|5|1.179
336mTHR: 03,07,14,17,24|5|3.7118
336mGLY: 03,07,14,17,24|5|2.4989
401mSER: 03,13,14,18,24|5|2.2946
399mSER: 03,07,13,18,24|5|1.1324
401mVAL: 03,13,14,18,24|5|1.8829
167mGLY: 00,06,09,10,16|5|3.0561
401mHIS: 03,13,14,18,24|5|1.814
401mILE: 03,13,14,18,24|5|1.6804
335mGLY: 03,07,14,17,24|5|2.2048
162mGLY: 06,09,10,16,23|5|1.4416
438mTHR: 09,10,20,23|4|1.389
142mSER: 04,12,15,21|4|2.1348
421mALA: 03,13,18,19|4|1.6419
261mARG: 01,02,19,22|4|1.0265
421mGLU: 03,13,18,19|4|2.6396
142mGLU: 04,12,15,21|4|2.9172
261mGLY: 01,02,19,22|4|2.528
142mASN: 04,12,15,21|4|2.307
261mCYS: 01,02,19,22|4|2.0843
157mGLU: 00,06,11,23|4|1.9577
261mPRO: 01,02,19,22|4|1.0441
157mTHR: 00,06,11,23|4|1.3566
324mASN: 03,07,18,24|4|1.0618
421mSER: 03,13,18,19|4|1.9023
421mLYS: 03,13,18,19|4|1.8053
438mALA: 09,10,20,23|4|1.3012
261mGLN: 01,02,19,22|4|1.42
261mSER: 01,02,19,22|4|2.712
261mTHR: 01,02,19,22|4|3.0624
261mASN: 01,02,19,22|4|2.4188
421mASP: 03,13,18,19|4|1.2669
261mILE: 01,02,19,22|4|2.1155
142mLYS: 04,12,15,21|4|1.7021
142mTHR: 04,12,15,21|4|2.9821
324mGLU: 03,07,18,24|4|1.0398
261mLYS: 01,02,19,22|4|3.2461
421mTHR: 03,13,18,19|4|2.1578
249mGLU: 00,06,11,23|4|1.494
403mPHE: 03,14,24|3|1.3133
440mLYS: 06,09,20|3|3.6038
440mGLU: 06,09,20|3|3.3635
217mASN: 15,16,21|3|1.8802
403mLEU: 03,14,24|3|1.7296
272mTHR: 01,19,21|3|1.9545
337mGLU: 14,17,24|3|1.5276
245mGLU: 00,11,23|3|1.7374
440mLEU: 06,09,20|3|1.5091
403mALA: 03,14,24|3|1.7154
403mLYS: 03,14,24|3|1.025
403mGLN: 03,14,24|3|1.1462
362mALA: 06,09,23|3|1.3464
288mTHR: 03,18,24|3|1.6206
217mGLY: 15,16,21|3|1.3405
259mTHR: 13,19,22|3|1.9334
272mGLY: 01,19,21|3|1.7938
440mSER: 06,09,20|3|2.3902
403mILE: 03,14,24|3|1.3189
360mCYS: 06,09,23|3|1.5459
440mPRO: 06,09,20|3|2.2337
428mGLU: 03,13,18|3|1.148
440mTHR: 06,09,20|3|3.8469
403mHIS: 03,14,24|3|1.0267
362mGLU: 06,09,23|3|1.3632
403mCYS: 03,14,24|3|1.7085
440mPHE: 06,09,20|3|1.1619
245mALA: 00,11,23|3|1.5806
337mALA: 14,17,24|3|1.2367
283mGLY: 13,18,19|3|1.1157
337mSER: 14,17,24|3|1.3848
359mTHR: 06,09,23|3|1.3716
440mALA: 06,09,20|3|3.6168
403mGLU: 03,14,24|3|2.4199
272mGLU: 01,19,21|3|1.9434
377mGLU: 03,07,24|3|2.0013
356mGLU: 09,16,23|3|1.2967
272mSER: 01,19,21|3|1.6549
440mILE: 06,09,20|3|2.5931
337mTHR: 14,17,24|3|1.5586
403mASN: 03,14,24|3|1.3128
217mTHR: 15,16,21|3|1.8864
440mGLY: 06,09,20|3|2.7102
403mSER: 03,14,24|3|1.5586
312mGLU: 18,19,24|3|1.0134
217mGLU: 15,16,21|3|1.8859
337mLYS: 14,17,24|3|1.3037
283mGLU: 13,18,19|3|1.0321
359mLYS: 06,09,23|3|1.5672
259mASP: 13,19,22|3|1.0328
217mSER: 15,16,21|3|1.2764
377mASP: 03,07,24|3|2.3386
403mTHR: 03,14,24|3|2.0172
259mGLU: 13,19,22|3|1.6533
428mLYS: 03,13,18|3|1.0413
440mVAL: 06,09,20|3|2.419
288mLYS: 03,18,24|3|1.5423
288mSER: 03,18,24|3|1.0078
377mGLY: 03,07,24|3|1.2513
288mASN: 03,18,24|3|1.5944
362mTHR: 06,09,23|3|1.575
440mHIS: 06,09,20|3|1.6591
440mASN: 06,09,20|3|2.9838
403mVAL: 03,14,24|3|1.4991
403mMET: 03,14,24|3|1.2675
288mGLU: 03,18,24|3|1.8799
283mTHR: 13,18,19|3|1.1226
440mGLN: 06,09,20|3|1.8262
403mGLY: 03,14,24|3|1.5602
245mTHR: 00,11,23|3|1.5795
403mASP: 03,14,24|3|1.3616
303mGLY: 15,21|2|1.5219
297mASP: 16,20|2|1.0216
273mGLY: 13,19|2|1.534
183mGLU: 04,22|2|1.1019
293mPRO: 16,20|2|1.2727
258mTHR: 13,19|2|1.6098
251mGLY: 11,23|2|1.1688
139mTHR: 15,21|2|1.081
293mGLY: 16,20|2|1.5728
264mTHR: 01,19|2|1.1194
273mHIS: 13,19|2|1.5097
293mGLU: 16,20|2|2.1503
139mGLU: 15,21|2|1.2209
251mALA: 11,23|2|1.1054
408mTHR: 14,17|2|1.618
251mTHR: 11,23|2|1.6771
439mGLU: 09,20|2|1.2853
251mASN: 11,23|2|1.268
258mCYS: 13,19|2|1.8594
251mLEU: 11,23|2|1.0444
273mASN: 13,19|2|1.8365
297mCYS: 16,20|2|1.5468
293mCYS: 16,20|2|3.4881
140mGLY: 15,21|2|1.816
273mLYS: 13,19|2|1.8466
258mGLU: 13,19|2|1.0706
341mGLY: 07,17|2|1.2934
409mGLU: 14,17|2|1.6807
439mTHR: 09,20|2|1.1374
141mASN: 15,21|2|1.0182
258mALA: 13,19|2|1.6411
303mGLU: 15,21|2|1.104
140mTHR: 15,21|2|2.2236
251mGLU: 11,23|2|2.1374
251mSER: 11,23|2|1.2731
215mASN: 15,21|2|1.1743
408mGLU: 14,17|2|1.3832
293mGLN: 16,20|2|1.1933
293mTHR: 16,20|2|1.5759
293mPHE: 16,20|2|1.5934
293mSER: 16,20|2|1.2011
251mVAL: 11,23|2|1.003
293mALA: 16,20|2|2.2605
140mASN: 15,21|2|2.4076
141mTHR: 15,21|2|1.4389
273mASP: 13,19|2|1.497
140mGLU: 15,21|2|2.3057
141mGLU: 15,21|2|1.6391
140mSER: 15,21|2|1.788
408mSER: 14,17|2|1.0946
273mSER: 13,19|2|1.5545
293mVAL: 16,20|2|1.4458
250mGLU: 00,11|2|1.2548
273mTHR: 13,19|2|1.6599
273mGLU: 13,19|2|2.0722
139mMET: 15,21|2|1.0041
293mLEU: 16,20|2|1.8682
293mILE: 16,20|2|1.9012
293mASP: 16,20|2|1.8375
341mGLU: 07,17|2|1.4332
140mLYS: 15,21|2|1.0888
329mTHR: 14|1|1.0038
296mCYS: 20|1|1.1325
441mTHR: 20|1|1.0661
441mGLU: 20|1|1.0025
444mASN: 09|1|1.1693
