244mTHR: 02,05,10,13,15,18,27|7|3.8861
244mALA: 02,05,10,13,15,18,27|7|4.6572
244mCYS: 02,05,10,13,15,18,27|7|7.0047
193mGLU: 02,05,13,15,18,22|6|3.1141
136mALA: 01,12,13,21,22,27|6|5.3252
241mALA: 02,05,13,15,18,27|6|1.818
136mLYS: 01,12,13,21,22,27|6|4.0223
193mCYS: 02,05,13,15,18,22|6|3.7564
136mCYS: 01,12,13,21,22,27|6|10.7876
136mGLU: 01,12,13,21,22,27|6|5.1078
241mCYS: 02,05,13,15,18,27|6|3.6674
136mASP: 01,12,13,21,22,27|6|5.2934
136mTHR: 01,12,13,21,22,27|6|2.9367
193mTHR: 02,05,13,15,18,22|6|1.8804
193mLEU: 02,05,13,15,18,22|6|1.3183
241mTHR: 02,05,13,15,18,27|6|1.9925
241mSER: 02,05,13,15,18,27|6|0.2858
136mGLY: 01,12,13,21,22,27|6|2.6494
241mILE: 02,05,13,15,18,27|6|1.6865
193mASP: 02,05,13,15,18,22|6|1.7702
164mILE: 02,08,14,24,26|5|1.9581
164mGLU: 02,08,14,24,26|5|5.0543
242mCYS: 02,05,08,10,14|5|5.1392
130mLEU: 12,13,15,18,27|5|2.3509
242mGLY: 02,05,08,10,14|5|4.0119
165mTHR: 02,08,14,24,26|5|2.2853
165mGLU: 02,08,14,24,26|5|3.1357
164mCYS: 02,08,14,24,26|5|6.7774
130mILE: 12,13,15,18,27|5|1.6515
242mALA: 02,05,08,10,14|5|3.3905
130mALA: 12,13,15,18,27|5|2.679
165mSER: 02,08,14,24,26|5|2.5477
242mGLU: 02,05,08,10,14|5|5.0853
180mCYS: 01,09,11,21,25|5|4.2119
130mASP: 12,13,15,18,27|5|2.1451
242mASP: 02,05,08,10,14|5|4.1202
164mLEU: 02,08,14,24,26|5|2.4213
165mGLY: 02,08,14,24,26|5|2.9174
165mLEU: 02,08,14,24,26|5|2.5298
165mASP: 02,08,14,24,26|5|2.2528
165mILE: 02,08,14,24,26|5|1.3133
242mILE: 02,05,08,10,14|5|1.1188
130mSER: 12,13,15,18,27|5|1.456
164mGLY: 02,08,14,24,26|5|4.2027
242mLEU: 02,05,08,10,14|5|2.037
164mLYS: 02,08,14,24,26|5|4.2973
164mALA: 02,08,14,24,26|5|5.6505
242mTHR: 02,05,08,10,14|5|3.4511
130mGLY: 12,13,15,18,27|5|1.994
165mALA: 02,08,14,24,26|5|3.7997
130mCYS: 12,13,15,18,27|5|3.6405
164mSER: 02,08,14,24,26|5|3.5389
335mTHR: 00,03,17,20|4|0.6639
120mTHR: 01,09,12,21|4|2.7388
120mVAL: 01,09,12,21|4|2.0396
127mGLY: 10,12,13,27|4|1.5932
265mLYS: 09,11,21,25|4|1.625
377mSER: 00,03,04,20|4|3.1833
338mGLU: 00,03,17,20|4|1.1506
147mTHR: 09,21,25,28|4|1.1154
339mLEU: 00,03,17,20|4|2.7065
250mCYS: 07,08,10,26|4|1.9782
265mALA: 09,11,21,25|4|1.6901
159mALA: 07,08,14,26|4|1.1944
339mALA: 00,03,17,20|4|4.4498
127mTHR: 10,12,13,27|4|1.946
194mCYS: 02,05,14,15|4|1.5655
379mCYS: 03,04,16,20|4|3.1691
135mALA: 12,13,22,27|4|2.9684
146mGLY: 01,09,21,28|4|2.8823
147mLYS: 09,21,25,28|4|1.2685
135mCYS: 12,13,22,27|4|4.7653
146mLYS: 01,09,21,28|4|2.7826
135mILE: 12,13,22,27|4|1.1081
250mPHE: 07,08,10,26|4|0.35
378mCYS: 03,04,16,20|4|2.4938
339mILE: 00,03,17,20|4|1.9767
339mGLY: 00,03,17,20|4|3.1448
127mGLU: 10,12,13,27|4|2.7536
135mTHR: 12,13,22,27|4|2.3522
146mTHR: 01,09,21,28|4|3.3241
265mGLU: 09,11,21,25|4|1.4559
178mGLU: 09,11,21,25|4|0.7159
341mALA: 00,03,04,20|4|2.0531
379mASP: 03,04,16,20|4|0.9433
135mVAL: 12,13,22,27|4|1.388
121mCYS: 01,09,12,21|4|1.4086
194mGLU: 02,05,14,15|4|1.4971
139mCYS: 01,13,21,22|4|2.8344
135mGLY: 12,13,22,27|4|1.5593
265mTHR: 09,11,21,25|4|2.2325
120mSER: 01,09,12,21|4|0.0966
379mGLY: 03,04,16,20|4|0.6417
378mALA: 03,04,16,20|4|1.5106
341mCYS: 00,03,04,20|4|6.3409
217mTHR: 02,05,15,22|4|0.9458
336mGLU: 00,03,17,20|4|2.7961
146mILE: 01,09,21,28|4|1.3617
139mALA: 01,13,21,22|4|1.5117
339mASP: 00,03,17,20|4|3.2896
135mLEU: 12,13,22,27|4|2.1542
146mGLU: 01,09,21,28|4|4.9339
119mTHR: 01,09,12,21|4|1.9229
144mGLY: 01,09,21,28|4|1.0144
146mCYS: 01,09,21,28|4|4.9711
146mSER: 01,09,21,28|4|2.7296
335mGLU: 00,03,17,20|4|1.3531
146mALA: 01,09,21,28|4|3.9383
335mLEU: 00,03,17,20|4|0.4408
339mTHR: 00,03,17,20|4|1.9936
336mTHR: 00,03,17,20|4|2.0539
377mGLY: 00,03,04,20|4|3.5818
144mASP: 01,09,21,28|4|0.9595
135mPHE: 12,13,22,27|4|0.8708
377mHIS: 00,03,04,20|4|2.037
377mMET: 00,03,04,20|4|1.7728
135mASP: 12,13,22,27|4|1.8936
338mCYS: 00,03,17,20|4|2.0073
250mTHR: 07,08,10,26|4|1.6114
265mLEU: 09,11,21,25|4|0.9808
147mGLU: 09,21,25,28|4|1.2489
265mSER: 09,11,21,25|4|2.0724
379mALA: 03,04,16,20|4|2.0227
339mCYS: 00,03,17,20|4|6.1204
141mCYS: 01,09,21,22|4|2.709
339mGLU: 00,03,17,20|4|2.9337
146mASP: 01,09,21,28|4|3.0546
135mGLU: 12,13,22,27|4|3.3728
265mGLY: 09,11,21,25|4|1.6828
144mGLU: 01,09,21,28|4|0.6827
250mLEU: 07,08,10,26|4|0.7088
127mASP: 10,12,13,27|4|2.1618
141mALA: 01,09,21,22|4|1.3085
440mGLU: 14,19,24|3|1.8956
161mLEU: 08,14,26|3|0.9029
440mTHR: 14,19,24|3|2.3978
403mLEU: 00,03,20|3|2.0458
158mHIS: 07,08,26|3|1.2863
162mASP: 08,14,26|3|0.589
375mLYS: 04,16,20|3|0.96
123mGLN: 09,12,27|3|0.1058
158mLEU: 07,08,26|3|2.585
249mILE: 08,14,26|3|1.3803
329mTHR: 00,03,17|3|0.8455
161mGLU: 08,14,26|3|0.4374
438mTHR: 14,19,24|3|2.1911
123mGLU: 09,12,27|3|1.1982
440mLEU: 14,19,24|3|1.2806
123mTHR: 09,12,27|3|0.7874
158mASN: 07,08,26|3|1.4488
403mALA: 00,03,20|3|2.3512
249mHIS: 08,14,26|3|0.2436
375mCYS: 04,16,20|3|2.1018
163mASP: 08,14,26|3|0.1602
440mLYS: 14,19,24|3|2.7127
161mSER: 08,14,26|3|0.5741
438mGLU: 14,19,24|3|2.1771
246mCYS: 10,18,27|3|1.8725
358mGLY: 08,14,26|3|0.5063
249mMET: 08,14,26|3|1.041
228mASP: 07,11,25|3|0.3911
438mASP: 14,19,24|3|1.8734
158mGLU: 07,08,26|3|3.6385
158mGLN: 07,08,26|3|1.9633
329mSER: 00,03,17|3|0.8132
329mLYS: 00,03,17|3|0.5092
375mGLU: 04,16,20|3|1.1154
346mASP: 04,06,16|3|1.1708
249mPHE: 08,14,26|3|1.6122
329mALA: 00,03,17|3|0.6118
403mILE: 00,03,20|3|1.5383
138mLEU: 01,09,21|3|0.2851
162mLEU: 08,14,26|3|0.7128
343mGLY: 04,06,16|3|0.9517
228mGLY: 07,11,25|3|0.4068
346mGLY: 04,06,16|3|1.2298
438mCYS: 14,19,24|3|2.5746
123mCYS: 09,12,27|3|2.4835
163mLEU: 08,14,26|3|0.2422
249mPRO: 08,14,26|3|1.3425
403mCYS: 00,03,20|3|3.3478
358mHIS: 08,14,26|3|1.0052
269mCYS: 11,23,28|3|2.6946
181mASP: 09,11,25|3|0.8381
248mALA: 08,10,26|3|1.1632
162mALA: 08,14,26|3|1.0851
138mLYS: 01,09,21|3|0.2809
261mALA: 11,23,25|3|1.9949
249mASN: 08,14,26|3|0.6033
375mLEU: 04,16,20|3|1.095
249mSER: 08,14,26|3|0.3357
181mGLU: 09,11,25|3|2.1807
158mASP: 07,08,26|3|2.1542
163mGLU: 08,14,26|3|0.3153
161mALA: 08,14,26|3|2.505
249mTHR: 08,14,26|3|1.5279
138mCYS: 01,09,21|3|1.3291
162mILE: 08,14,26|3|0.2824
162mSER: 08,14,26|3|0.5689
162mGLY: 08,14,26|3|0.6571
343mLEU: 04,06,16|3|0.5493
346mSER: 04,06,16|3|0.7407
263mCYS: 11,23,25|3|1.744
261mGLY: 11,23,25|3|1.1509
126mSER: 10,12,27|3|1.561
438mHIS: 14,19,24|3|1.5355
344mGLU: 04,06,16|3|0.5097
346mALA: 04,06,16|3|2.1452
375mSER: 04,16,20|3|0.8072
162mCYS: 08,14,26|3|1.2162
181mALA: 09,11,25|3|1.1384
263mGLY: 11,23,25|3|0.2902
181mCYS: 09,11,25|3|2.2864
158mVAL: 07,08,26|3|2.4066
346mLEU: 04,06,16|3|1.31
249mTRP: 08,14,26|3|1.2171
261mASP: 11,23,25|3|1.2552
344mCYS: 04,06,16|3|1.8799
375mALA: 04,16,20|3|1.8396
181mTHR: 09,11,25|3|1.1172
160mALA: 07,08,26|3|1.1314
126mALA: 10,12,27|3|2.5015
158mALA: 07,08,26|3|2.124
228mGLU: 07,11,25|3|0.2491
346mGLU: 04,06,16|3|1.2583
138mSER: 01,09,21|3|0.1491
344mALA: 04,06,16|3|1.9599
440mGLY: 14,19,24|3|2.4123
346mCYS: 04,06,16|3|2.8264
161mASP: 08,14,26|3|0.9322
440mSER: 14,19,24|3|1.8015
261mLEU: 11,23,25|3|1.0864
343mSER: 04,06,16|3|0.3641
162mLYS: 08,14,26|3|0.6453
343mCYS: 04,06,16|3|2.8455
269mALA: 11,23,28|3|1.5631
403mSER: 00,03,20|3|1.2015
249mALA: 08,14,26|3|1.1199
126mLYS: 10,12,27|3|1.5168
249mCYS: 08,14,26|3|2.4594
440mALA: 14,19,24|3|3.0968
343mALA: 04,06,16|3|2.1731
161mCYS: 08,14,26|3|3.4575
344mGLY: 04,06,16|3|0.8185
438mALA: 14,19,24|3|2.2483
249mASP: 08,14,26|3|1.4334
346mTHR: 04,06,16|3|0.968
163mCYS: 08,14,26|3|1.0284
126mTHR: 10,12,27|3|1.1263
162mGLU: 08,14,26|3|0.723
158mSER: 07,08,26|3|1.6023
191mALA: 02,14,15|3|1.0042
138mGLY: 01,09,21|3|0.3699
249mGLY: 08,14,26|3|0.7914
438mGLY: 14,19,24|3|2.1146
261mGLU: 11,23,25|3|1.8707
123mILE: 09,12,27|3|0.5251
158mMET: 07,08,26|3|2.0194
162mTHR: 08,14,26|3|0.5684
261mSER: 11,23,25|3|0.8003
261mTHR: 11,23,25|3|0.9756
138mASP: 01,09,21|3|0.4497
138mALA: 01,09,21|3|0.9616
438mLYS: 14,19,24|3|2.3585
126mGLU: 10,12,27|3|1.7281
403mASP: 00,03,20|3|1.9774
160mCYS: 07,08,26|3|1.2393
249mVAL: 08,14,26|3|1.3821
158mGLY: 07,08,26|3|2.2548
375mASP: 04,16,20|3|0.8474
249mLEU: 08,14,26|3|1.5924
161mGLY: 08,14,26|3|1.0999
344mLEU: 04,06,16|3|0.2262
123mLEU: 09,12,27|3|0.8268
334mGLU: 00,03,17|3|3.158
403mGLY: 00,03,20|3|1.7543
440mASP: 14,19,24|3|1.7828
330mCYS: 00,03,17|3|1.6822
261mCYS: 11,23,25|3|2.9401
375mTHR: 04,16,20|3|0.8062
346mILE: 04,06,16|3|0.4428
161mLYS: 08,14,26|3|0.8687
123mASP: 09,12,27|3|0.9722
158mTHR: 07,08,26|3|3.3281
375mGLY: 04,16,20|3|0.9836
343mASP: 04,06,16|3|0.9025
344mSER: 04,06,16|3|0.3678
123mALA: 09,12,27|3|1.3423
249mGLN: 08,14,26|3|1.3686
163mTHR: 08,14,26|3|0.1555
249mGLU: 08,14,26|3|1.8144
259mPHE: 11,23|2|0.2447
435mMET: 19,24|2|0.7013
196mGLN: 10,27|2|1.3364
197mASN: 10,27|2|0.8456
435mLEU: 19,24|2|1.0479
124mLEU: 12,27|2|0.3937
183mILE: 11,25|2|0.1735
259mGLY: 11,23|2|2.3031
408mTHR: 06,17|2|1.7008
307mTHR: 28,29|2|0.2224
169mCYS: 02,14|2|0.7687
258mGLY: 11,23|2|0.2469
423mTHR: 16,23|2|0.5484
122mALA: 09,21|2|0.3954
183mGLU: 11,25|2|0.5813
124mHIS: 12,27|2|0.8628
196mALA: 10,27|2|1.1706
380mPHE: 04,16|2|1.2186
258mTHR: 11,23|2|0.3503
251mGLY: 08,26|2|0.5276
196mLEU: 10,27|2|1.4856
262mLEU: 11,25|2|2.2206
196mHIS: 10,27|2|0.5864
259mALA: 11,23|2|2.6476
290mGLN: 19,24|2|0.3175
441mHIS: 19,24|2|0.3395
229mVAL: 11,25|2|0.8903
293mGLY: 19,24|2|0.8129
272mGLU: 23,28|2|0.5082
262mILE: 11,25|2|1.1133
258mLEU: 11,23|2|0.5042
197mGLU: 10,27|2|1.653
380mMET: 04,16|2|0.899
259mSER: 11,23|2|2.0466
197mHIS: 10,27|2|0.6058
337mVAL: 00,17|2|0.7951
333mTHR: 00,17|2|0.3911
435mHIS: 19,24|2|0.4049
259mCYS: 11,23|2|2.9526
229mGLY: 11,25|2|1.4033
190mSER: 02,14|2|0.3768
293mGLU: 19,24|2|0.9295
262mGLU: 11,25|2|2.6525
251mASN: 08,26|2|0.4022
183mVAL: 11,25|2|0.2495
408mGLN: 06,17|2|0.5045
196mGLU: 10,27|2|1.6336
290mCYS: 19,24|2|0.6072
218mGLU: 02,15|2|0.4187
229mILE: 11,25|2|0.8454
404mPHE: 00,03|2|0.0562
229mCYS: 11,25|2|2.6774
157mSER: 08,26|2|0.6602
435mILE: 19,24|2|0.7853
251mTHR: 08,26|2|1.0186
124mSER: 12,27|2|1.0306
423mALA: 16,23|2|0.3682
229mSER: 11,25|2|1.2076
231mSER: 07,25|2|0.1465
380mTYR: 04,16|2|0.5318
355mALA: 19,24|2|0.9438
196mGLY: 10,27|2|0.9516
258mCYS: 11,23|2|1.309
218mALA: 02,15|2|0.2997
157mTYR: 08,26|2|0.4876
293mLYS: 19,24|2|0.8659
183mGLN: 11,25|2|0.0783
157mVAL: 08,26|2|1.2919
124mGLU: 12,27|2|1.066
361mTHR: 19,24|2|0.0772
408mHIS: 06,17|2|0.6121
157mASN: 08,26|2|0.6467
190mGLU: 02,14|2|0.7323
182mALA: 11,25|2|0.6779
290mGLY: 19,24|2|0.6621
183mLEU: 11,25|2|0.4361
196mPHE: 10,27|2|1.4988
251mLEU: 08,26|2|1.0616
441mCYS: 19,24|2|0.4789
272mGLY: 23,28|2|0.6951
380mGLY: 04,16|2|0.9274
262mALA: 11,25|2|2.1097
337mTYR: 00,17|2|0.8117
259mLEU: 11,23|2|1.6831
337mASP: 00,17|2|1.0878
280mGLU: 23,24|2|0.8973
290mASN: 19,24|2|0.9527
124mASP: 12,27|2|0.7601
435mGLN: 19,24|2|0.6901
369mGLU: 06,19|2|0.3311
355mLEU: 19,24|2|0.6118
290mTHR: 19,24|2|1.2554
380mGLN: 04,16|2|0.8766
369mGLY: 06,19|2|0.6631
380mHIS: 04,16|2|0.3062
423mILE: 16,23|2|0.2338
423mVAL: 16,23|2|0.3714
229mALA: 11,25|2|2.2051
190mLYS: 02,14|2|0.7661
196mSER: 10,27|2|0.6478
259mASP: 11,23|2|2.0527
197mCYS: 10,27|2|2.083
443mLEU: 19,24|2|0.1454
337mLEU: 00,17|2|1.5115
251mALA: 08,26|2|0.7466
157mPHE: 08,26|2|1.3684
293mGLN: 19,24|2|0.5055
380mSER: 04,16|2|0.6532
369mASP: 06,19|2|0.608
337mILE: 00,17|2|0.9854
442mALA: 19,24|2|0.5205
183mCYS: 11,25|2|0.7127
441mALA: 19,24|2|0.6794
229mLEU: 11,25|2|1.9222
197mMET: 10,27|2|1.1374
408mPHE: 06,17|2|0.2266
435mASN: 19,24|2|0.4757
290mTRP: 19,24|2|0.1209
157mILE: 08,26|2|1.2153
196mMET: 10,27|2|1.118
197mARG: 10,27|2|0.0194
380mASN: 04,16|2|0.4478
423mASN: 16,23|2|0.3315
197mTHR: 10,27|2|1.462
369mCYS: 06,19|2|1.5079
232mCYS: 07,23|2|0.9693
380mPRO: 04,16|2|0.72
441mGLY: 19,24|2|0.3565
361mALA: 19,24|2|0.1466
443mILE: 19,24|2|0.1356
435mCYS: 19,24|2|1.3245
190mLEU: 02,14|2|0.377
423mSER: 16,23|2|0.3168
251mMET: 08,26|2|0.694
293mASP: 19,24|2|0.8317
442mLEU: 19,24|2|0.2184
408mLEU: 06,17|2|0.7127
337mALA: 00,17|2|2.1329
380mLEU: 04,16|2|1.5922
196mASN: 10,27|2|0.8262
333mLEU: 00,17|2|0.092
259mMET: 11,23|2|0.5889
262mGLN: 11,25|2|0.771
157mHIS: 08,26|2|0.456
258mALA: 11,23|2|0.6963
233mTHR: 07,23|2|0.5199
124mCYS: 12,27|2|0.8398
259mTHR: 11,23|2|1.6945
361mGLU: 19,24|2|0.2436
435mPHE: 19,24|2|0.8611
380mILE: 04,16|2|1.067
361mCYS: 19,24|2|0.0764
337mSER: 00,17|2|1.3108
169mALA: 02,14|2|0.7002
270mALA: 11,23|2|0.4925
262mMET: 11,25|2|0.9909
262mASP: 11,25|2|1.536
251mHIS: 08,26|2|0.1624
251mPRO: 08,26|2|0.895
443mCYS: 19,24|2|0.4626
229mTHR: 11,25|2|1.7203
404mCYS: 00,03|2|0.621
157mGLY: 08,26|2|0.9492
251mGLU: 08,26|2|1.2096
345mCYS: 06,16|2|0.9882
231mGLY: 07,25|2|0.4651
197mVAL: 10,27|2|1.3648
157mTRP: 08,26|2|0.8417
157mGLU: 08,26|2|1.7678
355mASP: 19,24|2|0.4771
229mMET: 11,25|2|0.7025
197mLEU: 10,27|2|1.505
337mGLU: 00,17|2|1.4426
182mCYS: 11,25|2|2.1218
404mLEU: 00,03|2|0.043
157mGLN: 08,26|2|1.1162
157mLEU: 08,26|2|1.5486
229mGLU: 11,25|2|2.22
251mSER: 08,26|2|0.2238
124mALA: 12,27|2|0.9298
190mCYS: 02,14|2|2.1174
229mTYR: 11,25|2|1.1615
361mLEU: 19,24|2|0.1012
190mHIS: 02,14|2|0.5305
380mASP: 04,16|2|1.2114
441mSER: 19,24|2|0.3784
290mASP: 19,24|2|0.6485
307mALA: 28,29|2|0.159
183mTHR: 11,25|2|0.4026
435mGLY: 19,24|2|0.7155
337mTHR: 00,17|2|0.9698
183mASP: 11,25|2|0.2457
259mHIS: 11,23|2|1.3487
157mMET: 08,26|2|1.0182
197mASP: 10,27|2|1.399
190mALA: 02,14|2|1.1826
435mTYR: 19,24|2|0.5177
272mASN: 23,28|2|0.4606
408mASN: 06,17|2|1.0041
423mLYS: 16,23|2|0.5884
442mCYS: 19,24|2|0.7314
196mASP: 10,27|2|1.3796
197mTYR: 10,27|2|0.4434
293mASN: 19,24|2|1.0036
251mPHE: 08,26|2|1.0748
293mTHR: 19,24|2|0.8975
169mGLY: 02,14|2|0.2342
337mHIS: 00,17|2|0.618
262mTHR: 11,25|2|2.0644
259mTYR: 11,23|2|0.9742
196mTHR: 10,27|2|1.4426
443mTHR: 19,24|2|0.3678
408mPRO: 06,17|2|0.8095
259mILE: 11,23|2|0.94
251mVAL: 08,26|2|0.9214
124mGLY: 12,27|2|1.2271
337mMET: 00,17|2|0.6089
369mALA: 06,19|2|0.7547
408mCYS: 06,17|2|0.832
262mCYS: 11,25|2|3.2462
157mCYS: 08,26|2|2.1142
337mLYS: 00,17|2|1.4182
157mPRO: 08,26|2|1.0292
122mGLU: 09,21|2|0.6754
442mTHR: 19,24|2|0.3851
197mTRP: 10,27|2|1.2548
380mGLU: 04,16|2|1.8826
196mILE: 10,27|2|1.3442
435mTHR: 19,24|2|1.0144
251mILE: 08,26|2|0.9202
197mSER: 10,27|2|0.6672
262mPHE: 11,25|2|1.0608
290mILE: 19,24|2|0.544
258mILE: 11,23|2|0.195
262mGLY: 11,25|2|1.3908
157mTHR: 08,26|2|1.4936
408mVAL: 06,17|2|1.5132
337mCYS: 00,17|2|2.4815
308mGLU: 28,29|2|0.1264
374mALA: 04,06|2|0.5036
190mTHR: 02,14|2|0.4983
259mGLN: 11,23|2|0.576
408mSER: 06,17|2|1.0796
331mCYS: 00,03|2|0.6371
196mPRO: 10,27|2|1.319
408mMET: 06,17|2|0.2973
251mASP: 08,26|2|0.9556
293mSER: 19,24|2|0.4639
262mVAL: 11,25|2|1.1529
259mGLU: 11,23|2|2.3083
197mPRO: 10,27|2|1.3384
380mTRP: 04,16|2|0.4286
258mASP: 11,23|2|0.4648
280mLYS: 23,24|2|0.2378
251mTRP: 08,26|2|0.8114
251mGLN: 08,26|2|0.9124
183mPHE: 11,25|2|0.2493
262mSER: 11,25|2|0.8483
380mTHR: 04,16|2|1.5252
307mGLU: 28,29|2|0.3694
435mVAL: 19,24|2|0.8613
196mTRP: 10,27|2|1.2354
435mSER: 19,24|2|0.5784
157mASP: 08,26|2|1.3052
443mVAL: 19,24|2|0.3139
197mGLN: 10,27|2|1.3558
345mALA: 06,16|2|0.5083
229mASP: 11,25|2|1.3332
439mALA: 19,24|2|0.4227
410mTHR: 06,17|2|0.9215
435mASP: 19,24|2|0.8575
259mARG: 11,23|2|0.5006
374mASP: 04,06|2|0.1518
435mALA: 19,24|2|0.9131
355mCYS: 19,24|2|1.7809
259mVAL: 11,23|2|0.5356
361mTYR: 19,24|2|0.1024
258mGLU: 11,23|2|0.5172
307mLEU: 28,29|2|0.1697
408mALA: 06,17|2|1.365
290mPRO: 19,24|2|0.5248
408mLYS: 06,17|2|1.8984
337mARG: 00,17|2|0.2312
404mGLU: 00,03|2|0.191
197mPHE: 10,27|2|1.5182
196mVAL: 10,27|2|1.3454
124mGLN: 12,27|2|0.0528
251mCYS: 08,26|2|1.6396
196mCYS: 10,27|2|2.0636
190mASP: 02,14|2|0.6956
380mCYS: 04,16|2|2.1454
290mLYS: 19,24|2|1.2231
197mILE: 10,27|2|1.3636
197mGLY: 10,27|2|0.971
259mLYS: 11,23|2|1.8587
229mPHE: 11,25|2|0.6911
361mLYS: 19,24|2|0.014
380mALA: 04,16|2|1.3226
196mTYR: 10,27|2|0.424
408mILE: 06,17|2|1.0202
157mALA: 08,26|2|1.2563
337mGLY: 00,17|2|1.4832
408mARG: 06,17|2|1.0822
229mGLN: 11,25|2|0.2852
380mVAL: 04,16|2|1.219
190mGLY: 02,14|2|0.7301
290mGLU: 19,24|2|1.2775
369mSER: 06,19|2|0.51
408mGLY: 06,17|2|0.427
337mPHE: 00,17|2|0.5441
231mASP: 07,25|2|0.5175
369mLYS: 06,19|2|0.905
435mGLU: 19,24|2|1.1931
124mTHR: 12,27|2|0.6262
374mCYS: 04,06|2|0.9062
197mALA: 10,27|2|1.19
124mLYS: 12,27|2|0.5543
