241mALA: 04,06,09,10,15,18,21,28|8|2.3262
241mCYS: 04,06,09,10,15,18,21,28|8|4.587
241mTHR: 04,06,09,10,15,18,21,28|8|2.602
241mSER: 04,06,09,10,15,18,21,28|8|0.4593
241mILE: 04,06,09,10,15,18,21,28|8|2.0669
130mGLN: 06,09,10,15,18,27,28|7|2.4415
130mGLU: 06,09,10,15,18,27,28|7|3.6362
193mGLU: 04,06,10,15,18,21,27|7|3.2519
136mALA: 00,06,18,24,27,28,29|7|4.5984
136mLYS: 00,06,18,24,27,28,29|7|3.3005
130mHIS: 06,09,10,15,18,27,28|7|2.0633
193mCYS: 04,06,10,15,18,21,27|7|5.1944
242mCYS: 04,06,07,13,14,21,23|7|7.7314
130mLEU: 06,09,10,15,18,27,28|7|3.3643
130mGLY: 06,09,10,15,18,27,28|7|3.0558
130mALA: 06,09,10,15,18,27,28|7|3.4227
130mILE: 06,09,10,15,18,27,28|7|2.4322
242mALA: 04,06,07,13,14,21,23|7|5.0354
136mTHR: 00,06,18,24,27,28,29|7|2.2923
242mGLU: 04,06,07,13,14,21,23|7|5.9779
193mTHR: 04,06,10,15,18,21,27|7|2.2001
130mTHR: 06,09,10,15,18,27,28|7|3.2651
130mASP: 06,09,10,15,18,27,28|7|2.8515
193mLEU: 04,06,10,15,18,21,27|7|2.2382
193mILE: 04,06,10,15,18,21,27|7|0.9781
242mLEU: 04,06,07,13,14,21,23|7|2.7825
193mASP: 04,06,10,15,18,21,27|7|1.9898
130mMET: 06,09,10,15,18,27,28|7|2.6279
130mSER: 06,09,10,15,18,27,28|7|2.3095
120mALA: 00,09,16,24,29|5|2.1812
120mTHR: 00,09,16,24,29|5|2.1156
127mTHR: 09,13,18,24,28|5|1.9149
137mCYS: 00,16,24,27,29|5|1.8775
120mPRO: 00,09,16,24,29|5|0.6427
127mLEU: 09,13,18,24,28|5|2.237
120mVAL: 00,09,16,24,29|5|1.3921
191mCYS: 06,14,15,21,23|5|1.0653
127mGLU: 09,13,18,24,28|5|2.7531
194mGLU: 04,14,15,21,23|5|0.7305
139mCYS: 00,06,18,27,29|5|3.6473
120mSER: 00,09,16,24,29|5|0.6905
180mCYS: 00,12,16,22,29|5|3.1489
139mALA: 00,06,18,27,29|5|1.9349
127mMET: 09,13,18,24,28|5|0.276
120mILE: 00,09,16,24,29|5|1.3191
119mTHR: 00,09,16,24,29|5|1.6944
191mALA: 06,14,15,21,23|5|0.8493
120mCYS: 00,09,16,24,29|5|3.4788
335mTHR: 01,02,11,20|4|0.5594
164mILE: 07,14,21,23|4|1.8207
196mLEU: 09,13,24,28|4|2.5934
196mHIS: 09,13,24,28|4|0.8881
197mGLU: 09,13,24,28|4|2.7091
377mSER: 01,02,03,20|4|2.5313
338mGLU: 01,02,11,20|4|0.901
339mLEU: 01,02,11,20|4|2.8061
250mCYS: 07,08,13,24|4|1.2125
164mASP: 07,14,21,23|4|3.9407
196mGLU: 09,13,24,28|4|2.7544
339mALA: 01,02,11,20|4|4.2602
164mGLU: 07,14,21,23|4|4.1827
196mGLY: 09,13,24,28|4|1.8021
379mCYS: 02,03,17,20|4|2.1833
146mGLY: 00,16,26,29|4|2.1573
197mTYR: 09,13,24,28|4|0.7535
146mLYS: 00,16,26,29|4|2.3308
164mMET: 07,14,21,23|4|1.2635
197mCYS: 09,13,24,28|4|3.1869
378mCYS: 02,03,17,20|4|2.5525
165mTHR: 07,14,21,23|4|1.9315
339mILE: 01,02,11,20|4|2.1922
165mCYS: 07,14,21,23|4|3.4222
339mGLY: 01,02,11,20|4|2.7927
165mGLU: 07,14,21,23|4|2.581
146mTHR: 00,16,26,29|4|2.0077
165mGLY: 07,14,21,23|4|2.2049
196mSER: 09,13,24,28|4|1.2434
340mCYS: 01,02,03,20|4|2.1138
164mCYS: 07,14,21,23|4|6.2546
164mLYS: 07,14,21,23|4|2.55
178mGLU: 12,16,22,29|4|0.7159
341mALA: 01,02,03,20|4|2.5935
377mHIS: 01,02,03,20|4|1.7362
165mSER: 07,14,21,23|4|1.7349
197mLEU: 09,13,24,28|4|2.3447
379mLEU: 02,03,17,20|4|0.8875
378mALA: 02,03,17,20|4|1.6533
341mCYS: 01,02,03,20|4|4.8717
217mTHR: 04,06,21,27|4|0.942
196mASP: 09,13,24,28|4|2.448
336mGLU: 01,02,11,20|4|3.2144
164mLEU: 07,14,21,23|4|2.7073
196mTHR: 09,13,24,28|4|2.3965
165mLEU: 07,14,21,23|4|2.0201
165mASP: 07,14,21,23|4|1.4525
196mILE: 09,13,24,28|4|2.1428
146mGLU: 00,16,26,29|4|3.1122
196mALA: 09,13,24,28|4|2.4705
164mTHR: 07,14,21,23|4|3.6793
164mGLY: 07,14,21,23|4|3.8019
146mSER: 00,16,26,29|4|1.9632
335mGLU: 01,02,11,20|4|1.1654
335mLEU: 01,02,11,20|4|0.3243
339mTHR: 01,02,11,20|4|1.9374
377mGLY: 01,02,03,20|4|3.3525
336mTHR: 01,02,11,20|4|2.575
126mGLU: 09,13,24,28|4|3.7909
165mALA: 07,14,21,23|4|3.2921
338mCYS: 01,02,11,20|4|2.0085
147mGLU: 16,22,26,29|4|1.4101
339mVAL: 01,02,11,20|4|1.4999
196mCYS: 09,13,24,28|4|3.9762
379mALA: 02,03,17,20|4|1.4746
339mCYS: 01,02,11,20|4|5.3087
164mALA: 07,14,21,23|4|5.4312
164mSER: 07,14,21,23|4|2.8026
339mGLU: 01,02,11,20|4|2.162
146mASP: 00,16,26,29|4|2.3155
196mTYR: 09,13,24,28|4|0.7687
339mMET: 01,02,11,20|4|1.1891
197mTHR: 09,13,24,28|4|2.2562
197mALA: 09,13,24,28|4|1.9176
124mLEU: 09,24,28|3|0.5894
403mLEU: 01,02,20|3|1.5455
249mILE: 07,14,23|3|1.1065
265mLYS: 12,22,29|3|1.5805
329mTHR: 01,02,11|3|0.5309
179mGLU: 12,16,29|3|0.5105
123mGLU: 09,24,28|3|0.3615
229mGLY: 08,12,22|3|1.4425
265mGLY: 12,22,29|3|1.3981
265mALA: 12,22,29|3|1.6192
403mALA: 01,02,20|3|1.5574
249mHIS: 07,14,23|3|0.2322
159mALA: 07,08,14|3|0.6915
246mCYS: 10,13,28|3|1.8725
124mSER: 09,24,28|3|0.6129
229mSER: 08,12,22|3|1.2186
263mALA: 12,19,22|3|0.9061
249mMET: 07,14,23|3|0.705
228mASP: 08,12,22|3|0.3911
124mGLU: 09,24,28|3|0.2995
329mSER: 01,02,11|3|0.7302
199mCYS: 09,13,24|3|1.8102
329mALA: 01,02,11|3|0.4774
403mILE: 01,02,20|3|1.3575
228mGLY: 08,12,22|3|0.4068
346mGLY: 03,05,17|3|1.2298
123mCYS: 09,24,28|3|2.5266
249mPRO: 07,14,23|3|0.9621
403mCYS: 01,02,20|3|2.6517
265mGLU: 12,22,29|3|1.2716
228mGLU: 08,12,22|3|0.2491
205mGLY: 08,09,24|3|0.1028
261mALA: 12,19,22|3|1.413
334mTHR: 01,02,11|3|2.3308
249mSER: 07,14,23|3|0.414
181mGLU: 12,16,22|3|2.6965
249mTHR: 07,14,23|3|1.1311
346mASP: 03,05,17|3|1.1708
124mCYS: 09,24,28|3|1.9882
346mSER: 03,05,17|3|0.7407
263mCYS: 12,19,22|3|1.5548
181mALA: 12,16,22|3|1.0805
263mGLY: 12,19,22|3|0.2553
229mMET: 08,12,22|3|0.7788
181mCYS: 12,16,22|3|1.9548
124mALA: 09,24,28|3|1.7297
346mLEU: 03,05,17|3|1.31
249mTRP: 07,14,23|3|0.8117
344mCYS: 03,05,17|3|2.1979
181mTHR: 12,16,22|3|1.2294
346mGLU: 03,05,17|3|1.2583
344mALA: 03,05,17|3|2.0491
346mCYS: 03,05,17|3|2.8264
403mSER: 01,02,20|3|0.665
249mALA: 07,14,23|3|1.3064
124mGLY: 09,24,28|3|1.0921
249mCYS: 07,14,23|3|2.4007
343mALA: 03,05,17|3|1.6483
265mTHR: 12,22,29|3|2.0288
329mGLU: 01,02,11|3|0.6211
346mTHR: 03,05,17|3|0.968
205mALA: 08,09,24|3|0.6217
205mASP: 08,09,24|3|0.6567
249mGLY: 07,14,23|3|0.8356
261mGLU: 12,19,22|3|1.6994
123mILE: 09,24,28|3|0.6345
343mCYS: 03,05,17|3|2.9155
249mASP: 07,14,23|3|1.3395
346mALA: 03,05,17|3|2.1452
265mLEU: 12,22,29|3|0.8538
249mLEU: 07,14,23|3|1.2945
265mSER: 12,22,29|3|1.8159
123mLEU: 09,24,28|3|0.7022
141mCYS: 00,27,29|3|0.8881
403mGLY: 01,02,20|3|1.0866
330mCYS: 01,02,11|3|1.6822
346mILE: 03,05,17|3|0.4428
123mASP: 09,24,28|3|0.7887
403mASP: 01,02,20|3|1.5905
343mASP: 03,05,17|3|0.4893
249mGLN: 07,14,23|3|0.9989
141mALA: 00,27,29|3|0.8944
249mGLU: 07,14,23|3|1.3103
124mLYS: 09,24,28|3|0.4141
259mPHE: 12,19|2|0.2447
190mLEU: 14,21|2|0.3762
133mLEU: 06,27|2|0.1173
259mASP: 12,19|2|2.0527
183mILE: 12,22|2|0.1735
259mGLY: 12,19|2|2.3031
307mTHR: 25,26|2|0.3816
376mALA: 02,03|2|0.0454
419mASP: 02,03|2|0.3471
258mGLY: 12,19|2|0.2469
423mTHR: 17,19|2|0.7939
408mTHR: 05,11|2|1.7008
190mSER: 14,21|2|0.4124
183mGLU: 12,22|2|0.5813
161mLEU: 07,14|2|0.5297
158mHIS: 07,08|2|0.812
258mTHR: 12,19|2|0.3503
163mILE: 07,14|2|0.0078
423mGLU: 17,19|2|0.5139
262mLEU: 12,22|2|2.2206
358mASP: 07,14|2|0.8785
259mALA: 12,19|2|2.6476
300mSER: 21,25|2|0.7954
262mILE: 12,22|2|1.1133
258mLEU: 12,19|2|0.5042
259mSER: 12,19|2|2.0466
161mGLU: 07,14|2|0.3896
337mVAL: 01,11|2|0.7951
333mTHR: 01,11|2|0.3911
323mHIS: 01,02|2|0.4946
237mALA: 09,24|2|0.8067
262mGLU: 12,22|2|2.6525
183mVAL: 12,22|2|0.2495
408mGLN: 05,11|2|0.5045
158mASN: 07,08|2|0.73
163mASP: 07,14|2|0.0432
163mVAL: 07,14|2|0.009
404mPHE: 01,02|2|0.0562
300mTHR: 21,25|2|0.6347
323mTHR: 01,02|2|0.5551
354mASN: 07,14|2|0.1224
419mCYS: 02,03|2|1.0663
358mGLY: 07,14|2|0.4279
423mALA: 17,19|2|0.4777
380mTYR: 03,17|2|0.1017
258mCYS: 12,19|2|1.309
423mASP: 17,19|2|0.0824
218mALA: 06,21|2|0.8048
358mVAL: 07,14|2|0.4049
323mMET: 01,02|2|0.34
408mHIS: 05,11|2|0.6121
237mLYS: 09,24|2|0.4565
190mGLU: 14,21|2|0.3725
182mALA: 12,22|2|0.6779
183mLEU: 12,22|2|0.4361
300mLEU: 21,25|2|0.2806
358mALA: 07,14|2|0.7395
262mALA: 12,22|2|2.1097
214mGLU: 06,27|2|0.7055
337mTYR: 01,11|2|0.8117
354mSER: 07,14|2|0.1444
259mLEU: 12,19|2|1.6831
337mASP: 01,11|2|1.0878
423mILE: 17,19|2|0.4301
423mVAL: 17,19|2|0.5683
190mLYS: 14,21|2|0.2698
337mLEU: 01,11|2|1.5115
214mALA: 06,27|2|0.9331
358mTHR: 07,14|2|0.6144
163mLEU: 07,14|2|0.1492
183mCYS: 12,22|2|0.7127
312mCYS: 25,26|2|2.0188
358mHIS: 07,14|2|0.735
408mPHE: 05,11|2|0.2266
300mALA: 21,25|2|0.6159
423mASN: 17,19|2|0.2688
214mLEU: 06,27|2|0.7637
248mALA: 07,13|2|0.6125
232mCYS: 08,19|2|0.9693
300mGLY: 21,25|2|0.8341
354mGLY: 07,14|2|0.2008
218mGLY: 06,21|2|0.1236
423mSER: 17,19|2|0.1649
408mLEU: 05,11|2|0.7127
337mALA: 01,11|2|2.1329
380mLEU: 03,17|2|0.8636
163mGLU: 07,14|2|0.2972
161mALA: 07,14|2|1.1284
333mLEU: 01,11|2|0.092
323mGLY: 01,02|2|0.2734
262mGLN: 12,22|2|0.771
258mALA: 12,19|2|0.6963
233mTHR: 08,19|2|0.5199
408mVAL: 05,11|2|1.5132
214mASP: 06,27|2|0.8617
337mSER: 01,11|2|1.3108
408mASN: 05,11|2|1.0041
270mALA: 12,19|2|0.4925
160mCYS: 07,08|2|0.8001
262mMET: 12,22|2|0.9909
262mASP: 12,22|2|1.536
419mTHR: 02,03|2|0.1072
408mALA: 05,11|2|1.365
404mCYS: 01,02|2|0.621
345mCYS: 05,17|2|0.9882
300mGLU: 21,25|2|0.8081
231mGLY: 08,22|2|0.2196
337mGLU: 01,11|2|1.4426
182mCYS: 12,22|2|2.1218
359mMET: 07,14|2|0.2985
354mMET: 07,14|2|0.275
404mLEU: 01,02|2|0.043
390mTHR: 01,11|2|0.6699
158mVAL: 07,08|2|1.3486
190mCYS: 14,21|2|0.572
190mHIS: 14,21|2|0.2733
376mGLU: 02,03|2|0.1424
307mALA: 25,26|2|0.1854
183mTHR: 12,22|2|0.4026
163mPHE: 07,14|2|0.1624
354mTHR: 07,14|2|0.0388
160mALA: 07,08|2|0.9097
259mMET: 12,19|2|0.5889
337mTHR: 01,11|2|0.9698
183mASP: 12,22|2|0.2457
259mHIS: 12,19|2|1.3487
359mHIS: 07,14|2|0.1503
190mALA: 14,21|2|0.6697
183mGLN: 12,22|2|0.0783
262mPHE: 12,22|2|1.0608
337mHIS: 01,11|2|0.618
262mTHR: 12,22|2|2.0644
259mTYR: 12,19|2|0.9742
423mPHE: 17,19|2|0.2258
408mPRO: 05,11|2|0.8095
337mGLY: 01,11|2|1.4832
237mASP: 09,24|2|0.4798
259mILE: 12,19|2|0.94
358mCYS: 07,14|2|1.521
337mMET: 01,11|2|0.6089
408mCYS: 05,11|2|0.832
262mCYS: 12,22|2|3.2462
337mLYS: 01,11|2|1.4182
237mCYS: 09,24|2|1.7766
214mGLN: 06,27|2|0.5427
380mGLU: 03,17|2|1.019
214mSER: 06,27|2|0.3021
419mGLN: 02,03|2|0.0281
258mILE: 12,19|2|0.195
354mHIS: 07,14|2|0.3926
133mCYS: 06,27|2|0.9345
262mGLY: 12,22|2|1.3908
337mCYS: 01,11|2|2.4815
163mCYS: 07,14|2|0.7272
308mGLU: 25,26|2|0.3902
214mMET: 06,27|2|0.358
259mTHR: 12,19|2|1.6945
190mTHR: 14,21|2|0.3205
259mGLN: 12,19|2|0.576
190mMET: 14,21|2|0.1863
323mSER: 01,02|2|0.4131
408mSER: 05,11|2|1.0796
419mILE: 02,03|2|0.1318
408mMET: 05,11|2|0.2973
214mTHR: 06,27|2|0.6218
158mMET: 07,08|2|1.1608
358mGLU: 07,14|2|0.993
262mVAL: 12,22|2|1.1529
259mGLU: 12,19|2|2.3083
258mASP: 12,19|2|0.4648
183mPHE: 12,22|2|0.2493
323mASN: 01,02|2|0.357
214mILE: 06,27|2|0.6464
262mSER: 12,22|2|0.8483
380mTHR: 03,17|2|0.6857
307mGLU: 25,26|2|0.5092
158mSER: 07,08|2|0.8106
345mALA: 05,17|2|0.5083
312mALA: 25,26|2|0.5324
214mPRO: 06,27|2|0.5146
410mTHR: 05,11|2|0.9215
390mGLU: 01,11|2|0.883
300mLYS: 21,25|2|0.2268
259mARG: 12,19|2|0.5006
158mGLY: 07,08|2|0.9881
259mVAL: 12,19|2|0.5356
258mGLU: 12,19|2|0.5172
214mTRP: 06,27|2|0.406
307mLEU: 25,26|2|0.2522
408mLYS: 05,11|2|1.8984
337mARG: 01,11|2|0.2312
404mGLU: 01,02|2|0.191
218mASP: 06,21|2|0.4784
190mASP: 14,21|2|0.2628
214mCYS: 06,27|2|1.5809
380mCYS: 03,17|2|1.6436
214mHIS: 06,27|2|0.151
259mLYS: 12,19|2|1.8587
133mASP: 06,27|2|0.2153
380mALA: 03,17|2|1.1011
408mILE: 05,11|2|1.0202
408mARG: 05,11|2|1.0822
419mLEU: 02,03|2|0.2491
190mGLY: 14,21|2|0.5436
158mTHR: 07,08|2|1.7332
376mTYR: 02,03|2|0.0012
408mGLY: 05,11|2|0.427
337mPHE: 01,11|2|0.5441
259mCYS: 12,19|2|2.9526
231mASP: 08,22|2|0.486
419mGLU: 02,03|2|0.1909
214mGLY: 06,27|2|0.5718
163mTHR: 07,14|2|0.1062
337mILE: 01,11|2|0.9854
359mGLY: 07,14|2|0.1411
275mASP: 19|1|0.6669
177mLEU: 16|1|0.081
362mVAL: 14|1|0.1138
401mGLN: 02|1|0.8569
306mGLY: 26|1|0.1966
275mTHR: 19|1|0.4208
295mCYS: 25|1|0.289
360mPRO: 05|1|0.0637
235mPHE: 08|1|0.7591
303mGLN: 26|1|0.0087
356mCYS: 19|1|0.1487
412mILE: 11|1|0.3159
284mTHR: 19|1|0.0776
235mGLU: 08|1|0.8265
203mGLU: 08|1|0.6801
401mTHR: 02|1|0.9333
306mLYS: 26|1|0.1577
234mCYS: 08|1|0.3591
362mPHE: 14|1|0.0133
305mTHR: 26|1|0.9655
440mGLU: 14|1|0.1007
437mGLU: 11|1|0.1602
372mTYR: 05|1|0.2217
299mCYS: 25|1|1.5798
273mGLY: 19|1|0.642
234mTHR: 08|1|0.0486
251mTHR: 07|1|0.5093
400mSER: 02|1|0.4124
267mHIS: 26|1|0.0
203mCYS: 08|1|1.2211
283mHIS: 19|1|0.0954
122mALA: 24|1|0.5598
360mASN: 05|1|0.1261
284mSER: 19|1|0.004
440mTHR: 14|1|0.1125
207mASP: 09|1|0.151
132mGLN: 09|1|0.0829
251mGLY: 07|1|0.2638
151mPHE: 19|1|0.0773
412mPHE: 11|1|0.1372
415mLEU: 05|1|0.0215
283mGLY: 19|1|0.0237
420mMET: 17|1|0.347
349mGLY: 05|1|0.0336
412mGLN: 11|1|0.1803
309mCYS: 26|1|0.7464
368mLEU: 05|1|0.7961
297mGLN: 21|1|0.1359
272mGLU: 19|1|0.337
372mSER: 05|1|0.3336
303mLEU: 26|1|0.0833
389mLEU: 11|1|0.053
342mTRP: 05|1|0.0587
412mALA: 11|1|0.3343
372mTRP: 05|1|0.6274
235mALA: 08|1|0.595
349mALA: 05|1|0.3735
268mGLU: 26|1|0.1925
420mILE: 17|1|0.4601
347mGLY: 05|1|0.144
401mLEU: 02|1|0.8781
347mLEU: 05|1|0.2748
411mCYS: 05|1|0.0484
370mLEU: 05|1|0.9047
438mTHR: 14|1|0.0085
235mVAL: 08|1|0.6824
421mCYS: 03|1|0.3591
177mGLU: 16|1|0.1383
157mARG: 07|1|0.0097
208mGLY: 09|1|0.3566
440mLEU: 14|1|0.2329
327mLYS: 01|1|0.5452
122mARG: 24|1|0.173
122mASP: 24|1|0.3839
279mMET: 19|1|0.1948
132mLEU: 09|1|0.1575
167mMET: 23|1|0.3469
368mPRO: 05|1|0.36
148mGLY: 16|1|0.0282
411mALA: 05|1|0.3242
299mASP: 25|1|0.6106
372mTHR: 05|1|0.731
271mGLY: 19|1|0.1004
251mASN: 07|1|0.2011
201mLYS: 24|1|0.2526
411mVAL: 05|1|0.4692
235mHIS: 08|1|0.3029
342mILE: 05|1|0.1131
122mGLN: 24|1|0.0865
368mTYR: 05|1|0.2659
311mGLY: 25|1|0.0118
440mLYS: 14|1|0.2526
275mPRO: 19|1|0.0475
348mCYS: 17|1|0.3105
438mGLU: 14|1|0.1905
407mGLU: 11|1|0.9413
368mPHE: 05|1|0.6093
201mSER: 24|1|0.1902
299mLEU: 25|1|0.7874
122mLEU: 24|1|0.2329
157mSER: 07|1|0.3336
297mASN: 21|1|0.201
420mGLN: 17|1|0.4562
407mPRO: 11|1|0.36
401mGLY: 02|1|0.7688
297mTRP: 21|1|0.0969
411mSER: 05|1|0.0902
299mTHR: 25|1|0.6215
152mTHR: 19|1|0.2011
267mILE: 26|1|0.003
275mASN: 19|1|0.6221
306mHIS: 26|1|0.5137
315mMET: 25|1|0.064
177mMET: 16|1|0.2758
273mASN: 19|1|0.5737
268mALA: 26|1|0.5061
177mHIS: 16|1|0.3346
373mLEU: 17|1|0.0215
315mHIS: 25|1|0.2301
299mMET: 25|1|0.0561
303mCYS: 26|1|0.3723
296mTHR: 25|1|0.5157
306mMET: 26|1|0.3003
407mTHR: 11|1|0.7626
368mCYS: 05|1|1.0727
362mALA: 14|1|0.3277
368mGLU: 05|1|0.9413
157mTYR: 07|1|0.2217
303mVAL: 26|1|0.0132
372mGLY: 05|1|0.4855
157mASN: 07|1|0.4228
257mPHE: 19|1|0.0573
407mPHE: 11|1|0.6093
167mLEU: 23|1|0.1521
412mVAL: 11|1|0.4942
157mVAL: 07|1|0.6824
412mPRO: 11|1|0.2666
342mTHR: 05|1|0.1623
438mASP: 14|1|0.2635
411mHIS: 05|1|0.005
267mLEU: 26|1|0.3868
315mLYS: 25|1|0.528
305mCYS: 26|1|0.1548
201mARG: 24|1|0.173
401mPHE: 02|1|0.7494
203mASP: 08|1|0.0019
275mGLU: 19|1|0.6741
297mGLU: 21|1|0.1398
251mLEU: 07|1|0.5308
167mHIS: 23|1|0.4057
451mGLY: 05|1|0.0554
362mCYS: 14|1|0.4728
152mPHE: 19|1|0.072
420mPRO: 17|1|0.4475
272mGLY: 19|1|0.0074
284mASN: 19|1|0.1236
415mCYS: 05|1|0.3105
295mGLU: 25|1|0.074
453mLYS: 17|1|0.2202
407mLEU: 11|1|0.7961
157mLEU: 07|1|0.7525
167mTHR: 23|1|0.2288
368mASP: 05|1|0.6057
235mTYR: 08|1|0.2217
280mGLU: 19|1|0.6347
362mASN: 14|1|0.8037
401mMET: 02|1|0.8891
368mALA: 05|1|0.6613
122mTHR: 24|1|0.1125
167mASN: 23|1|0.2706
275mGLN: 19|1|0.4433
370mMET: 05|1|0.0004
138mLEU: 29|1|0.0466
319mHIS: 25|1|0.0199
401mASP: 02|1|0.6981
369mGLY: 05|1|0.4249
370mASP: 05|1|1.3877
400mMET: 02|1|0.1863
207mGLY: 09|1|0.0751
421mGLU: 03|1|0.1441
420mVAL: 17|1|0.4607
412mCYS: 11|1|0.6429
151mCYS: 19|1|0.3597
303mPHE: 26|1|0.0899
151mGLU: 19|1|0.1447
412mMET: 11|1|0.0526
279mTRP: 19|1|0.0144
401mASN: 02|1|0.6669
420mCYS: 17|1|0.8198
368mVAL: 05|1|0.6095
275mGLY: 19|1|0.6904
372mASP: 05|1|0.6995
347mCYS: 05|1|0.25
370mGLU: 05|1|1.5336
438mCYS: 14|1|1.3761
201mTRP: 24|1|0.0003
372mALA: 05|1|0.595
167mGLU: 23|1|0.2094
202mALA: 08|1|0.0657
362mLEU: 14|1|0.0475
167mGLY: 23|1|0.3098
251mALA: 07|1|0.3733
273mMET: 19|1|0.2623
306mVAL: 26|1|0.2144
453mVAL: 17|1|0.0032
157mPHE: 07|1|0.7591
122mSER: 24|1|0.1902
234mPHE: 08|1|0.0767
399mMET: 02|1|0.0371
362mGLN: 14|1|0.4844
370mTYR: 05|1|0.5802
421mLEU: 03|1|0.0701
451mALA: 05|1|0.3072
369mASP: 05|1|0.2939
296mGLU: 25|1|0.8546
327mALA: 01|1|0.1684
297mMET: 21|1|0.2773
362mGLU: 14|1|0.6776
234mGLU: 08|1|0.1441
438mGLY: 14|1|0.0172
412mASP: 11|1|0.0062
348mGLU: 17|1|0.0955
275mTYR: 19|1|0.0484
275mMET: 19|1|0.3107
370mILE: 05|1|0.4811
201mPRO: 24|1|0.0671
235mPRO: 08|1|0.6692
253mGLU: 08|1|0.5646
400mGLY: 02|1|0.5436
411mARG: 05|1|0.3992
420mTHR: 17|1|0.5093
132mTRP: 09|1|0.0324
132mVAL: 09|1|0.0874
295mPHE: 25|1|0.0066
296mVAL: 25|1|0.1909
451mASP: 05|1|0.1313
132mGLU: 09|1|0.2315
167mLYS: 23|1|0.0696
234mLEU: 08|1|0.0701
412mTHR: 11|1|0.5481
201mASP: 24|1|0.3839
279mGLU: 19|1|0.0573
315mTHR: 25|1|0.2369
438mPRO: 14|1|0.1164
177mGLY: 16|1|0.2387
296mSER: 25|1|0.0429
296mALA: 25|1|0.312
362mGLY: 14|1|0.5447
389mTHR: 11|1|0.0315
251mSER: 07|1|0.1119
138mLYS: 29|1|0.0663
235mASP: 08|1|0.6995
122mCYS: 24|1|0.7611
311mLEU: 25|1|0.0675
369mCYS: 05|1|0.8166
122mGLY: 24|1|0.308
420mASP: 17|1|0.4778
385mCYS: 05|1|0.215
297mTHR: 21|1|0.1592
373mGLU: 17|1|0.0955
400mASP: 02|1|0.2628
407mSER: 11|1|0.3266
305mHIS: 26|1|0.4963
251mMET: 07|1|0.347
411mPRO: 05|1|0.0404
411mLYS: 05|1|0.6374
235mARG: 08|1|0.0097
368mTRP: 05|1|0.2143
349mCYS: 05|1|0.5397
239mLEU: 13|1|0.0506
271mASN: 19|1|0.0612
235mGLN: 08|1|0.6779
314mGLU: 25|1|0.1452
152mGLU: 19|1|0.4568
309mLYS: 26|1|0.4122
407mMET: 11|1|0.4495
208mASP: 09|1|0.2285
309mTHR: 26|1|0.2129
420mSER: 17|1|0.1119
342mCYS: 05|1|0.4728
440mTRP: 14|1|0.0003
201mTHR: 24|1|0.1125
138mCYS: 29|1|0.5748
372mGLU: 05|1|0.8265
157mHIS: 07|1|0.3029
279mASN: 19|1|0.1185
303mGLU: 26|1|0.1573
365mLYS: 05|1|0.0788
299mPHE: 25|1|0.1365
368mTHR: 05|1|0.7626
407mASN: 11|1|0.2239
283mASN: 19|1|0.0291
370mPHE: 05|1|0.0657
347mTYR: 05|1|0.276
407mTYR: 11|1|0.2659
372mMET: 05|1|0.5687
132mPHE: 09|1|0.1641
257mGLU: 19|1|0.7741
235mLEU: 08|1|0.7525
438mHIS: 14|1|0.0879
132mTHR: 09|1|0.136
370mCYS: 05|1|1.9784
421mPHE: 03|1|0.0767
279mHIS: 19|1|0.2536
201mGLU: 24|1|0.1007
297mHIS: 21|1|0.3361
362mTRP: 14|1|0.4677
251mHIS: 07|1|0.0812
279mSER: 19|1|0.1295
251mPRO: 07|1|0.4475
407mCYS: 11|1|1.0727
157mGLY: 07|1|0.4855
251mGLU: 07|1|0.6048
122mMET: 24|1|0.011
271mHIS: 19|1|0.1963
315mALA: 25|1|0.6727
303mTHR: 26|1|0.0618
362mTYR: 14|1|0.3738
157mTRP: 07|1|0.6274
271mTHR: 19|1|0.0194
208mILE: 09|1|0.081
297mVAL: 21|1|0.0704
122mLYS: 24|1|0.2526
315mLEU: 25|1|0.3136
157mGLU: 07|1|0.8265
283mCYS: 19|1|0.3912
297mGLY: 21|1|0.2402
411mILE: 05|1|0.1138
400mTHR: 02|1|0.3205
239mCYS: 13|1|0.0382
152mCYS: 19|1|0.2899
268mLEU: 26|1|0.1111
235mTHR: 08|1|0.731
401mTRP: 02|1|0.7674
407mGLN: 11|1|0.4383
167mGLN: 23|1|0.2055
299mVAL: 25|1|0.105
342mGLU: 05|1|0.2578
297mALA: 21|1|0.0264
327mVAL: 01|1|0.2441
157mGLN: 07|1|0.6779
440mARG: 14|1|0.173
303mASP: 26|1|0.0303
203mALA: 08|1|0.7137
370mHIS: 05|1|0.6732
369mGLU: 05|1|0.3002
213mHIS: 29|1|0.1241
407mTRP: 11|1|0.2143
362mLYS: 14|1|0.937
440mILE: 14|1|0.1863
296mLEU: 25|1|0.2928
411mTHR: 05|1|0.4798
267mVAL: 26|1|0.1538
368mILE: 05|1|0.5335
348mPHE: 17|1|0.0281
400mCYS: 02|1|0.572
208mCYS: 09|1|1.4972
370mVAL: 05|1|0.2651
138mSER: 29|1|0.0039
167mASP: 23|1|0.0251
299mGLU: 25|1|0.8716
370mGLY: 05|1|1.3573
420mPHE: 17|1|0.5374
157mMET: 07|1|0.5687
370mARG: 05|1|0.2225
132mILE: 09|1|0.0868
440mGLY: 14|1|0.308
420mASN: 17|1|0.2011
372mVAL: 05|1|0.6824
342mASP: 05|1|0.1308
272mASN: 19|1|0.1478
275mVAL: 19|1|0.1901
401mGLU: 02|1|1.0094
370mALA: 05|1|1.5757
356mTHR: 19|1|0.0539
305mASP: 26|1|0.4068
342mALA: 05|1|0.0263
311mCYS: 25|1|0.5709
267mALA: 26|1|0.4322
440mSER: 14|1|0.1902
251mPHE: 07|1|0.5374
370mASN: 05|1|0.2761
207mLYS: 09|1|0.0197
203mLEU: 08|1|0.4535
275mHIS: 19|1|0.5192
362mSER: 14|1|0.3965
151mLEU: 19|1|0.0707
267mMET: 26|1|0.0612
296mASP: 25|1|0.1892
201mHIS: 24|1|0.0698
362mHIS: 14|1|0.2863
267mLYS: 26|1|0.2996
157mTHR: 07|1|0.731
368mGLN: 05|1|0.4383
267mSER: 26|1|0.2856
412mLEU: 11|1|0.3257
368mHIS: 05|1|0.1531
401mCYS: 02|1|0.8471
407mVAL: 11|1|0.6095
400mGLU: 02|1|0.3725
368mSER: 05|1|0.3266
311mALA: 25|1|0.4398
202mCYS: 08|1|0.4145
372mPRO: 05|1|0.6692
407mALA: 11|1|0.6613
342mPRO: 05|1|0.1005
251mVAL: 07|1|0.4607
201mCYS: 24|1|0.7611
279mGLY: 19|1|0.1577
401mSER: 02|1|0.5887
369mALA: 05|1|0.2647
235mMET: 08|1|0.5687
370mSER: 05|1|1.232
267mCYS: 26|1|0.362
157mCYS: 07|1|1.0415
283mGLU: 19|1|0.3421
440mALA: 14|1|0.5598
267mGLU: 26|1|0.5292
280mCYS: 19|1|0.6746
132mASP: 09|1|0.1045
372mHIS: 05|1|0.3029
342mLEU: 05|1|0.1838
368mASN: 05|1|0.2239
157mPRO: 07|1|0.6692
401mALA: 02|1|0.6645
420mTRP: 17|1|0.4057
297mLEU: 21|1|0.0825
177mTHR: 16|1|0.1577
122mGLU: 24|1|0.1007
412mGLU: 11|1|0.1079
438mALA: 14|1|0.3436
235mTRP: 08|1|0.6274
234mASP: 08|1|0.0171
201mILE: 24|1|0.1863
208mARG: 09|1|0.1775
362mILE: 14|1|0.499
251mILE: 07|1|0.4601
201mLEU: 24|1|0.2329
273mHIS: 19|1|0.4708
167mSER: 23|1|0.2816
309mALA: 26|1|0.235
273mASP: 19|1|0.6185
268mCYS: 26|1|0.6021
440mMET: 14|1|0.011
275mSER: 19|1|0.4896
438mVAL: 14|1|0.1991
360mLYS: 05|1|0.2594
372mCYS: 05|1|1.0415
407mILE: 11|1|0.5335
370mGLN: 05|1|0.1738
389mCYS: 11|1|0.342
348mLEU: 17|1|0.0215
296mPHE: 25|1|0.2052
327mTHR: 01|1|0.4264
306mTHR: 26|1|0.3973
374mALA: 05|1|0.2518
400mILE: 02|1|0.0567
257mTHR: 19|1|0.3397
415mGLU: 05|1|0.0955
372mGLN: 05|1|0.6779
400mALA: 02|1|0.6697
138mALA: 29|1|0.3735
311mGLU: 25|1|0.0777
138mGLY: 29|1|0.1217
235mASN: 08|1|0.4228
253mTHR: 08|1|0.2134
372mILE: 05|1|0.6818
157mILE: 07|1|0.6818
201mGLN: 24|1|0.0865
401mTYR: 02|1|0.1952
407mGLY: 11|1|0.4637
239mTHR: 13|1|0.0386
297mILE: 21|1|0.0015
309mVAL: 26|1|0.1377
415mPHE: 05|1|0.0281
407mASP: 11|1|0.6057
420mGLY: 17|1|0.2638
273mSER: 19|1|0.4412
201mMET: 24|1|0.011
370mTHR: 05|1|0.9718
372mASN: 05|1|0.4228
362mARG: 14|1|0.4343
373mCYS: 17|1|0.3105
177mTRP: 16|1|0.0954
273mGLN: 19|1|0.3949
208mALA: 09|1|0.6653
275mLYS: 19|1|0.3511
251mASP: 07|1|0.4778
368mMET: 05|1|0.4495
299mTYR: 25|1|0.0249
347mLYS: 05|1|0.1876
280mLYS: 19|1|0.1742
235mGLY: 08|1|0.4855
235mSER: 08|1|0.3336
251mTRP: 07|1|0.4057
235mCYS: 08|1|1.0415
251mGLN: 07|1|0.4562
267mGLY: 26|1|0.256
400mHIS: 02|1|0.2733
273mGLU: 19|1|0.6257
319mTHR: 25|1|0.0804
347mTHR: 05|1|0.2508
239mALA: 13|1|0.0733
138mASP: 29|1|0.1976
368mGLY: 05|1|0.4637
253mPHE: 08|1|0.1124
349mASP: 05|1|0.0375
284mGLU: 19|1|0.398
208mLYS: 09|1|0.9561
440mCYS: 14|1|0.7611
122mILE: 24|1|0.1863
299mGLY: 25|1|0.4647
151mTHR: 19|1|0.0492
451mCYS: 05|1|0.5085
372mLEU: 05|1|0.7525
177mGLN: 16|1|0.1344
132mCYS: 09|1|0.4465
122mHIS: 24|1|0.0698
208mSER: 09|1|0.2728
213mGLY: 29|1|0.0282
157mASP: 07|1|0.6995
315mSER: 25|1|0.4354
400mLYS: 02|1|0.2698
420mHIS: 17|1|0.0812
132mPRO: 09|1|0.0742
279mTHR: 19|1|0.0767
177mASN: 16|1|0.1995
305mSER: 26|1|0.7302
420mGLU: 17|1|0.6048
438mLYS: 14|1|0.327
342mVAL: 05|1|0.1137
299mALA: 25|1|1.0022
389mGLU: 11|1|0.127
401mLYS: 02|1|0.0431
401mPRO: 02|1|0.535
167mPHE: 23|1|0.0168
347mGLU: 05|1|0.4172
314mCYS: 25|1|0.2766
370mLYS: 05|1|1.1867
177mVAL: 16|1|0.0689
201mALA: 24|1|0.5598
362mPRO: 14|1|0.7413
273mTHR: 19|1|0.3724
271mSER: 19|1|0.0722
421mASP: 03|1|0.0171
273mLYS: 19|1|0.3027
440mHIS: 14|1|0.0698
122mTRP: 24|1|0.0003
315mCYS: 25|1|0.4884
315mGLY: 25|1|0.3799
305mASN: 26|1|0.2662
374mASP: 05|1|0.0759
267mTYR: 26|1|0.388
306mALA: 26|1|0.0539
453mTHR: 17|1|0.1802
239mGLU: 13|1|0.1218
306mGLN: 26|1|0.036
253mCYS: 08|1|0.6127
373mPHE: 17|1|0.0281
201mGLY: 24|1|0.308
271mMET: 19|1|0.1375
306mSER: 26|1|0.3081
401mVAL: 02|1|0.7959
273mVAL: 19|1|0.1417
440mPRO: 14|1|0.0671
296mCYS: 25|1|0.6041
177mALA: 16|1|0.0249
213mMET: 29|1|0.0653
399mHIS: 02|1|0.0959
267mTHR: 26|1|0.3628
207mALA: 09|1|0.3269
420mALA: 17|1|0.3733
283mTHR: 19|1|0.0387
440mGLN: 14|1|0.0865
251mCYS: 07|1|0.8198
349mLEU: 05|1|0.0239
299mILE: 25|1|0.2863
167mVAL: 23|1|0.14
177mSER: 16|1|0.2105
152mILE: 19|1|0.0203
305mGLY: 26|1|0.9789
401mHIS: 02|1|0.6821
305mVAL: 26|1|0.0555
347mALA: 05|1|0.3202
148mMET: 16|1|0.0653
372mPHE: 05|1|0.7591
342mPHE: 05|1|0.1904
305mGLU: 26|1|1.3134
151mASP: 19|1|0.0177
440mASP: 14|1|0.3839
347mVAL: 05|1|0.0418
296mILE: 25|1|0.155
257mCYS: 19|1|0.7386
347mSER: 05|1|0.1736
122mPRO: 24|1|0.0671
157mALA: 07|1|0.595
372mARG: 05|1|0.0097
283mALA: 19|1|0.0058
167mARG: 23|1|0.0168
235mILE: 08|1|0.6818
167mTRP: 23|1|0.1665
239mTYR: 13|1|0.0512
389mPHE: 11|1|0.0596
342mGLN: 05|1|0.1092
279mGLN: 19|1|0.0534
315mVAL: 25|1|0.436
401mILE: 02|1|0.7264
167mILE: 23|1|0.0711
400mLEU: 02|1|0.3762
305mALA: 26|1|0.2219
296mGLY: 25|1|0.0311
148mHIS: 16|1|0.1241
151mVAL: 19|1|0.0006
437mASN: 11|1|0.023
369mSER: 05|1|0.3896
257mLEU: 19|1|0.1383
421mTHR: 03|1|0.0486
306mASN: 26|1|0.241
362mASP: 14|1|0.587
369mLYS: 05|1|0.7222
203mTHR: 08|1|0.2636
267mASP: 26|1|0.112
297mSER: 21|1|0.212
407mHIS: 11|1|0.1531
315mILE: 25|1|0.1978
360mTHR: 05|1|0.2213
374mCYS: 05|1|0.4531
362mTHR: 14|1|0.8989
420mLEU: 17|1|0.5308
239mLYS: 13|1|0.007
299mSER: 25|1|0.2246
303mILE: 26|1|0.0126
167mALA: 23|1|0.096
207mCYS: 09|1|0.5282
