243mTHR: 02,09,10,12,13,16,19,22,23,27,28|11|6.4382
243mCYS: 02,09,10,12,13,16,19,22,23,27,28|11|11.1181
194mGLU: 02,09,10,12,13,16,17,22,23,27,28|11|3.8659
243mGLU: 02,09,10,12,13,16,19,22,23,27,28|11|8.235
180mGLU: 00,04,05,08,11,15,18,20,21,25,26|11|6.0628
178mVAL: 04,05,08,11,15,18,20,21,25,26|10|1.9265
194mTHR: 02,09,10,12,16,17,22,23,27,28|10|3.0243
194mASP: 02,09,10,12,16,17,22,23,27,28|10|2.3802
178mSER: 04,05,08,11,15,18,20,21,25,26|10|4.3764
178mLYS: 04,05,08,11,15,18,20,21,25,26|10|1.4254
243mGLY: 02,09,10,12,16,19,22,23,27,28|10|5.5298
178mGLY: 04,05,08,11,15,18,20,21,25,26|10|4.429
178mLEU: 04,05,08,11,15,18,20,21,25,26|10|2.276
243mALA: 02,09,10,12,16,19,22,23,27,28|10|7.244
194mILE: 02,09,10,12,16,17,22,23,27,28|10|1.3598
178mGLU: 04,05,08,11,15,18,20,21,25,26|10|4.125
243mASP: 02,09,10,12,16,19,22,23,27,28|10|5.548
178mMET: 04,05,08,11,15,18,20,21,25,26|10|4.2198
178mTHR: 04,05,08,11,15,18,20,21,25,26|10|3.8266
244mSER: 02,03,09,10,13,19,22,23,27,28|10|2.5669
194mSER: 02,09,10,12,16,17,22,23,27,28|10|3.1191
194mLYS: 02,09,10,12,16,17,22,23,27,28|10|2.8716
180mTHR: 00,04,08,11,15,18,20,21,25,26|10|4.7924
178mALA: 04,05,08,11,15,18,20,21,25,26|10|1.8667
194mGLY: 02,09,10,12,16,17,22,23,27,28|10|3.5816
178mILE: 04,05,08,11,15,18,20,21,25,26|10|0.8159
194mALA: 02,09,10,12,16,17,22,23,27,28|10|4.4533
265mALA: 00,04,05,08,11,15,18,21,26|9|5.7683
244mGLY: 02,09,10,13,19,22,23,27,28|9|3.3688
146mCYS: 00,04,05,11,18,20,21,25,26|9|12.1395
194mCYS: 02,10,12,13,16,22,23,27,28|9|5.2092
244mTHR: 02,03,09,13,19,22,23,27,28|9|3.3383
146mTHR: 00,04,05,11,18,20,21,25,26|9|5.4843
180mGLY: 00,04,11,15,18,20,21,25,26|9|6.1041
180mALA: 04,08,11,15,18,20,21,25,26|9|5.6742
242mGLU: 02,09,10,12,13,16,19,23,27|9|5.5789
244mGLU: 02,03,09,13,19,22,23,27,28|9|4.7732
146mILE: 00,04,05,11,18,20,21,25,26|9|2.1211
194mVAL: 02,09,12,16,17,22,23,27,28|9|0.978
194mMET: 02,09,10,16,17,22,23,27,28|9|1.752
146mGLU: 00,04,05,11,18,20,21,25,26|9|7.0866
119mTHR: 00,05,11,14,18,20,24,25,29|9|4.9065
243mLEU: 02,09,10,13,16,22,23,27,28|9|5.1135
146mALA: 00,04,05,11,18,20,21,25,26|9|7.0559
243mSER: 02,09,10,16,19,22,23,27,28|9|3.2797
147mGLU: 00,04,05,11,18,20,21,25,26|9|1.8173
146mASP: 00,04,05,11,18,20,21,25,26|9|5.8803
191mGLY: 09,10,12,16,17,22,23,27,28|9|1.2431
243mGLN: 02,09,10,13,16,22,23,27,28|9|1.8679
194mLEU: 02,09,10,16,17,22,23,27,28|9|2.6271
265mLYS: 00,04,05,08,15,18,21,26|8|4.0687
120mTHR: 00,05,08,11,14,18,24,29|8|3.4925
244mMET: 02,09,10,19,22,23,27,28|8|2.0815
265mGLU: 00,04,05,08,15,18,21,26|8|5.1187
243mMET: 02,09,13,16,22,23,27,28|8|2.1723
119mGLU: 00,05,14,18,20,24,25,29|8|5.9427
178mASP: 04,05,08,11,15,18,21,26|8|0.2676
219mALA: 07,16,17,19,22,23,27,28|8|3.8477
120mGLY: 00,05,08,11,14,18,20,25|8|1.0039
242mCYS: 02,09,10,12,13,19,23,27|8|8.7542
180mSER: 00,04,15,18,20,21,25,26|8|4.3346
244mHIS: 02,03,10,19,22,23,27,28|8|2.3544
178mTRP: 04,08,15,18,20,21,25,26|8|1.893
242mLEU: 02,09,10,12,16,19,23,27|8|2.6919
178mHIS: 04,08,15,18,20,21,25,26|8|5.006
178mGLN: 04,08,15,18,20,21,25,26|8|2.4518
178mASN: 04,08,15,18,20,21,25,26|8|3.9136
180mLEU: 08,11,15,18,20,21,25,26|8|3.2432
242mTHR: 02,09,10,12,16,19,23,27|8|4.6798
120mGLU: 00,05,08,11,14,18,24,29|8|5.269
168mTHR: 07,09,10,12,16,17,23,27|8|2.3328
168mGLU: 07,09,10,12,16,17,23,27|8|3.1715
136mVAL: 03,18,19,20,24,25,29|7|1.8024
136mALA: 03,18,19,20,24,25,29|7|4.3628
123mGLN: 03,14,18,20,24,25,29|7|3.915
241mALA: 09,12,13,16,19,23,27|7|2.6022
179mGLU: 00,04,08,11,18,20,25|7|0.7462
241mASP: 09,12,13,16,19,23,27|7|2.2565
136mLYS: 03,18,19,20,24,25,29|7|2.9265
265mTHR: 00,05,08,15,18,21,26|7|4.1857
180mLYS: 04,11,15,20,21,25,26|7|2.8543
123mGLU: 03,14,18,20,24,25,29|7|4.9678
265mVAL: 00,05,08,15,18,21,26|7|2.7161
123mTHR: 03,14,18,20,24,25,29|7|4.8432
262mHIS: 00,05,08,15,18,21,26|7|2.3416
146mPHE: 00,04,05,11,18,21,26|7|1.3157
147mHIS: 00,04,05,08,11,15,18|7|1.625
164mGLU: 02,09,10,12,16,23,27|7|7.4412
136mPHE: 03,18,19,20,24,25,29|7|1.0833
218mALA: 07,16,17,22,23,27,28|7|2.0532
217mGLY: 07,17,19,22,23,27,28|7|4.0421
191mGLU: 02,07,12,22,23,27,28|7|1.2327
147mSER: 00,04,05,08,11,15,18|7|1.7111
165mMET: 02,09,10,12,16,23,27|7|5.4203
242mGLY: 02,09,10,16,19,23,27|7|4.3036
165mTHR: 02,09,10,12,16,23,27|7|7.5095
136mGLU: 03,18,19,20,24,25,29|7|3.4862
194mHIS: 09,10,12,16,17,23,27|7|2.1574
165mGLU: 02,09,10,12,16,23,27|7|9.4616
241mCYS: 09,12,13,16,19,23,27|7|5.2224
147mGLY: 00,04,05,08,11,15,18|7|2.0701
165mHIS: 02,09,10,12,16,23,27|7|6.0859
242mALA: 02,10,12,16,19,23,27|7|6.3386
136mASP: 03,18,19,20,24,25,29|7|2.3374
136mTHR: 03,18,19,20,24,25,29|7|2.7644
119mGLY: 03,05,08,11,14,20,25|7|1.0601
165mSER: 02,09,10,12,16,23,27|7|7.5364
180mCYS: 04,05,08,11,15,20,25|7|3.9233
242mASP: 02,10,12,16,19,23,27|7|4.0278
217mTHR: 07,17,19,22,23,27,28|7|3.0709
164mLEU: 02,09,10,12,16,23,27|7|3.1739
136mASN: 03,18,19,20,24,25,29|7|2.0911
165mGLY: 02,09,10,12,16,23,27|7|7.8101
165mLEU: 02,09,10,12,16,23,27|7|5.0664
217mGLU: 07,16,17,22,23,27,28|7|4.6976
165mILE: 02,09,10,12,16,23,27|7|4.0974
242mILE: 02,10,12,16,19,23,27|7|2.5277
268mGLY: 04,11,18,20,21,25,26|7|1.944
136mSER: 03,18,19,20,24,25,29|7|3.9603
164mTHR: 02,09,10,12,16,23,27|7|6.2415
181mGLY: 00,05,08,11,15,20,25|7|1.7688
217mSER: 07,17,19,22,23,27,28|7|3.2867
262mGLY: 00,05,08,15,18,21,26|7|1.3973
165mLYS: 02,09,10,12,16,23,27|7|4.8761
123mILE: 03,14,18,20,24,25,29|7|2.4926
262mMET: 00,05,08,15,18,21,26|7|1.462
136mGLY: 03,18,19,20,24,25,29|7|4.3683
165mGLN: 02,09,10,12,16,23,27|7|3.568
123mVAL: 03,14,18,20,24,25,29|7|3.4714
241mGLU: 09,12,13,16,19,23,27|7|2.5365
146mGLY: 00,04,05,11,18,20,25|7|5.2239
262mSER: 00,05,08,15,18,21,26|7|0.8861
136mILE: 03,18,19,20,24,25,29|7|2.5595
146mVAL: 00,04,05,11,18,21,26|7|1.6893
265mLEU: 00,05,08,15,18,21,26|7|2.3539
165mALA: 02,09,10,12,16,23,27|7|7.1084
165mVAL: 02,09,10,12,16,23,27|7|4.7826
123mLEU: 03,14,18,20,24,25,29|7|3.9898
147mMET: 00,04,05,08,11,15,18|7|1.2488
243mILE: 09,12,16,22,23,27,28|7|2.3424
168mASN: 07,10,12,16,17,23,27|7|2.1597
123mPHE: 03,14,18,20,24,25,29|7|1.9926
123mASP: 03,14,18,20,24,25,29|7|2.085
265mGLY: 00,05,08,15,18,21,26|7|5.1643
168mSER: 07,09,12,16,17,23,27|7|2.7532
265mILE: 00,05,08,15,18,21,26|7|1.0179
219mLEU: 07,16,17,19,22,28|6|1.8269
164mILE: 02,09,10,16,23,27|6|2.0197
219mTHR: 07,16,17,19,22,28|6|2.8225
121mGLU: 00,03,11,18,20,25|6|1.9001
217mHIS: 07,17,22,23,27,28|6|2.5801
219mSER: 07,16,17,19,22,28|6|2.1885
243mVAL: 02,09,10,13,22,28|6|2.2735
245mGLU: 02,09,10,13,22,28|6|3.5606
229mGLY: 00,05,08,15,21,26|6|0.9409
164mASP: 02,09,10,16,23,27|6|3.078
120mALA: 00,05,08,11,14,18|6|2.9146
136mMET: 03,19,20,24,25,29|6|2.7676
217mALA: 07,16,17,19,23,27|6|5.4072
244mLEU: 02,09,13,19,23,27|6|2.546
241mGLY: 09,13,16,19,23,27|6|1.343
268mALA: 04,11,20,21,25,26|6|3.1804
190mGLU: 07,10,16,17,23,27|6|1.6019
242mSER: 02,10,16,19,23,27|6|3.3977
244mASP: 03,09,13,19,23,27|6|2.851
268mCYS: 04,11,20,21,25,26|6|5.236
240mSER: 02,09,10,16,23,27|6|0.6756
164mMET: 02,09,10,16,23,27|6|4.8718
243mPRO: 09,12,22,23,27,28|6|0.5737
191mCYS: 02,10,12,16,22,28|6|4.3964
217mGLN: 07,17,22,23,27,28|6|0.8016
245mALA: 02,09,10,13,22,28|6|2.4727
216mSER: 07,13,17,19,22,28|6|0.4056
208mASP: 00,08,14,18,24,29|6|1.661
165mASN: 09,10,12,16,23,27|6|6.0458
241mGLN: 09,13,16,19,23,27|6|1.1929
266mGLU: 05,11,15,18,21,26|6|3.3933
219mVAL: 07,16,17,19,22,28|6|2.477
134mALA: 03,13,14,19,24,29|6|0.7751
194mGLN: 09,10,16,17,23,27|6|1.1661
208mVAL: 00,08,14,18,24,29|6|1.5856
242mVAL: 09,10,12,16,23,27|6|1.5912
164mVAL: 02,09,10,16,23,27|6|2.3192
180mVAL: 08,11,15,18,21,26|6|1.9513
180mHIS: 15,18,20,21,25,26|6|4.8437
136mTRP: 03,19,20,24,25,29|6|1.0887
219mTYR: 07,16,17,19,22,28|6|1.152
265mSER: 00,08,15,18,21,26|6|4.2185
219mLYS: 07,16,17,19,22,28|6|2.9917
164mGLY: 02,09,10,16,23,27|6|6.8713
266mTHR: 05,11,15,18,21,26|6|2.3336
142mALA: 04,07,11,18,20,25|6|2.8361
241mTHR: 09,13,16,19,23,27|6|1.9276
191mALA: 02,10,12,16,22,28|6|3.3923
146mSER: 00,05,11,18,20,25|6|3.6322
136mGLN: 03,19,20,24,25,29|6|1.7946
241mSER: 09,13,16,19,23,27|6|0.8154
190mTHR: 07,10,16,17,23,27|6|1.4046
244mALA: 03,09,13,19,23,27|6|3.0647
164mLYS: 02,09,10,16,23,27|6|4.1835
179mSER: 04,11,20,21,25,26|6|0.4003
208mALA: 00,08,14,18,24,29|6|2.1549
120mASP: 00,05,08,11,14,18|6|2.0172
164mHIS: 02,09,10,16,23,27|6|5.4334
194mTYR: 02,10,22,23,27,28|6|1.0498
219mGLY: 07,16,17,19,22,28|6|2.5224
194mASN: 09,12,16,17,23,27|6|1.2288
241mILE: 09,13,16,19,23,27|6|1.6161
136mHIS: 03,19,20,24,25,29|6|3.3778
164mALA: 02,09,10,16,23,27|6|5.3455
136mLEU: 03,19,20,24,25,29|6|2.9594
208mGLU: 00,08,14,18,24,29|6|4.4627
120mCYS: 00,05,08,11,14,18|6|6.0795
217mLEU: 17,19,22,23,27,28|6|1.5405
164mASN: 02,09,10,16,23,27|6|5.018
266mGLY: 04,11,15,18,21,26|6|1.628
241mLEU: 09,13,16,19,23,27|6|1.9885
164mSER: 02,09,10,16,23,27|6|6.6348
265mHIS: 00,08,15,18,21,26|6|4.3689
245mTHR: 02,09,10,13,22,28|6|3.1148
245mLEU: 02,09,10,13,22,28|6|3.1361
245mTYR: 02,09,10,22,28|5|0.931
167mASN: 02,10,16,23,27|5|1.3221
123mLYS: 03,14,18,24,29|5|2.746
219mCYS: 07,16,19,23,27|5|1.6741
210mTHR: 00,03,18,24,29|5|1.6988
122mALA: 03,11,18,24,29|5|1.3264
217mCYS: 16,17,19,23,27|5|7.3458
168mHIS: 09,16,17,23,27|5|3.507
193mHIS: 13,16,19,22,28|5|1.0074
229mHIS: 00,05,08,21,26|5|1.0485
121mSER: 00,04,11,24,29|5|0.4526
131mALA: 03,13,14,24,29|5|1.9714
181mHIS: 05,11,15,20,25|5|0.8608
147mTHR: 00,04,05,11,18|5|1.4627
165mASP: 02,09,10,12,16|5|4.5363
122mASP: 03,11,18,24,29|5|0.7073
226mASN: 00,08,18,24,29|5|0.7092
226mTHR: 00,08,18,24,29|5|1.5822
193mALA: 13,16,19,22,28|5|3.3631
245mSER: 02,10,13,22,28|5|1.5464
134mGLU: 03,13,19,24,29|5|1.5338
193mCYS: 13,16,19,22,28|5|2.7545
193mSER: 13,16,19,22,28|5|1.4954
243mTYR: 09,22,23,27,28|5|0.9025
245mASN: 02,10,13,22,28|5|1.8922
229mSER: 00,05,15,21,26|5|0.4572
136mCYS: 03,18,19,20,25|5|3.7352
168mMET: 09,16,17,23,27|5|2.72
208mTHR: 00,08,14,24,29|5|2.2801
245mGLN: 02,10,13,22,28|5|2.8475
135mSER: 03,14,19,24,29|5|0.8091
191mHIS: 09,10,17,22,28|5|1.1513
267mTHR: 04,11,18,21,26|5|1.1983
240mALA: 02,10,12,23,27|5|1.2859
244mVAL: 09,13,19,23,27|5|1.1042
241mPRO: 09,12,13,16,19|5|1.1123
122mTHR: 03,11,18,24,29|5|2.4597
165mTRP: 02,09,10,12,16|5|2.1123
267mGLU: 04,11,18,21,26|5|2.016
261mTRP: 00,08,15,21,26|5|1.2382
146mLYS: 00,05,18,20,25|5|4.1909
165mPHE: 02,09,10,12,16|5|2.7362
265mASN: 08,15,18,21,26|5|3.2614
167mGLU: 02,10,16,23,27|5|1.628
167mGLY: 02,10,16,23,27|5|1.4321
245mTRP: 02,10,13,22,28|5|2.6065
122mSER: 03,11,18,24,29|5|2.3565
217mASP: 07,16,17,23,27|5|4.1896
193mGLY: 13,16,19,22,28|5|2.3588
191mTHR: 02,07,12,22,28|5|1.4272
193mGLU: 13,16,19,22,28|5|0.808
193mLYS: 13,16,19,22,28|5|1.7158
219mGLU: 16,17,19,22,28|5|1.7189
167mSER: 02,10,16,23,27|5|1.6075
167mLYS: 02,10,16,23,27|5|0.8238
240mGLY: 02,09,10,23,27|5|0.9776
123mGLY: 03,14,18,24,29|5|5.5848
266mASN: 11,15,18,21,26|5|1.3754
119mCYS: 00,05,11,14,18|5|6.7458
245mVAL: 02,10,13,22,28|5|2.8
122mGLY: 03,11,18,24,29|5|2.5421
136mARG: 03,20,24,25,29|5|0.9046
172mGLU: 07,16,17,23,27|5|1.5633
261mALA: 00,08,15,21,26|5|0.8533
167mALA: 02,10,16,23,27|5|0.9635
218mGLY: 17,22,23,27,28|5|1.2951
123mASN: 03,14,18,24,29|5|4.7602
142mGLU: 04,07,11,20,25|5|1.8574
168mGLY: 09,16,17,23,27|5|2.7713
226mGLU: 00,08,18,24,29|5|2.96
266mSER: 11,15,18,21,26|5|1.5052
261mMET: 00,08,15,21,26|5|2.0815
261mHIS: 00,08,15,21,26|5|2.1097
263mHIS: 00,08,15,21,26|5|0.6205
123mSER: 03,14,18,24,29|5|5.276
261mGLY: 00,08,15,21,26|5|1.8128
141mGLY: 07,11,18,20,25|5|0.4875
226mILE: 00,08,18,24,29|5|0.9319
172mASN: 07,16,17,23,27|5|0.8092
261mPHE: 00,08,15,21,26|5|0.6214
144mALA: 04,07,18,20,25|5|2.026
265mMET: 08,15,18,21,26|5|3.6386
122mMET: 03,11,18,24,29|5|2.5694
167mILE: 02,10,16,23,27|5|0.4994
193mTHR: 13,16,19,22,28|5|0.9459
242mMET: 09,16,19,23,27|5|1.6696
135mGLY: 03,14,19,24,29|5|1.1229
263mGLY: 00,08,15,21,26|5|0.141
167mLEU: 02,10,16,23,27|5|0.834
229mMET: 00,08,15,21,26|5|0.9819
167mPHE: 02,10,16,23,27|5|0.5338
123mTYR: 03,14,18,24,29|5|1.9992
226mCYS: 00,08,18,24,29|5|5.4192
180mMET: 18,20,21,25,26|5|4.1706
266mVAL: 05,11,18,21,26|5|1.7239
216mGLY: 16,17,19,22,28|5|0.7412
261mASP: 00,08,15,21,26|5|0.6033
181mTHR: 00,08,11,15,18|5|3.399
122mVAL: 03,11,18,24,29|5|1.5133
208mCYS: 00,08,18,24,29|5|8.223
167mASP: 02,10,16,23,27|5|0.8691
135mHIS: 03,14,19,24,29|5|1.3959
241mVAL: 09,12,13,16,19|5|1.5314
167mGLN: 02,10,16,23,27|5|1.0216
216mASP: 13,16,17,22,28|5|0.6111
169mGLY: 02,09,16,23,27|5|0.3152
261mLEU: 00,08,15,21,26|5|1.2913
216mALA: 16,17,19,22,28|5|1.6929
261mVAL: 00,08,15,21,26|5|1.1607
120mLEU: 00,05,08,11,18|5|1.9402
146mLEU: 00,04,05,11,18|5|3.2907
193mLEU: 13,16,19,22,28|5|1.3219
210mSER: 00,03,18,24,29|5|0.8832
245mILE: 02,10,13,22,28|5|2.7287
245mMET: 02,10,13,22,28|5|2.5521
146mGLN: 00,04,05,11,18|5|1.3719
122mGLU: 03,11,18,24,29|5|2.6628
179mGLY: 11,20,21,25,26|5|0.6023
120mILE: 00,05,08,11,18|5|1.6894
167mTHR: 02,10,16,23,27|5|1.4055
245mGLY: 02,10,13,22,28|5|2.1822
210mASN: 00,03,18,24,29|5|1.1702
122mGLN: 03,11,18,24,29|5|1.7201
144mGLY: 04,07,11,20,25|5|1.1363
131mGLY: 03,14,19,24,29|5|0.8271
134mLEU: 03,13,19,24,29|5|0.7275
181mVAL: 00,08,11,15,18|5|2.0467
245mHIS: 02,10,13,22,28|5|1.5477
245mCYS: 02,09,10,22,28|5|4.1972
268mASP: 11,20,21,25,26|5|2.1735
261mGLU: 00,08,15,21,26|5|1.6518
131mCYS: 03,13,14,24,29|5|2.9737
263mMET: 00,08,15,21,26|5|0.3265
266mALA: 04,05,11,21,26|5|2.3507
261mGLN: 00,08,15,21,26|5|1.4837
261mSER: 00,08,15,21,26|5|1.5199
123mMET: 03,14,18,24,29|5|5.8352
261mTHR: 00,08,15,21,26|5|1.6533
122mILE: 03,11,18,24,29|5|0.9951
265mGLN: 08,15,18,21,26|5|1.7426
146mMET: 00,04,05,11,18|5|1.844
226mASP: 00,08,18,24,29|5|1.6058
242mLYS: 12,16,19,23,27|5|3.2683
261mASN: 00,08,15,21,26|5|1.5541
172mSER: 07,16,17,23,27|5|0.5516
218mCYS: 07,16,17,23,27|5|3.656
119mALA: 00,05,11,14,18|5|3.1078
140mALA: 07,17,19,20,25|5|1.1088
135mMET: 03,14,19,24,29|5|0.9279
193mASP: 13,16,19,22,28|5|0.7927
261mILE: 00,08,15,21,26|5|0.8156
134mTHR: 03,13,19,24,29|5|1.4021
244mTYR: 09,13,19,23,27|5|0.5758
242mGLN: 09,16,19,23,27|5|1.4622
164mGLN: 09,10,16,23,27|5|2.4124
216mCYS: 16,17,19,22,28|5|2.5494
134mGLY: 13,14,19,24,29|5|1.9898
243mLYS: 12,16,19,23,27|5|3.0047
172mTHR: 07,16,17,23,27|5|1.0066
244mCYS: 09,13,19,23,27|5|4.3817
167mVAL: 02,10,16,23,27|5|0.7047
122mPHE: 03,11,18,24,29|5|0.6652
244mGLN: 09,13,19,23,27|5|0.8095
123mHIS: 03,14,18,24,29|5|6.4796
217mLYS: 07,17,19,23,27|5|3.2551
210mGLU: 00,03,18,24,29|5|2.1908
191mLYS: 02,07,12,22,28|5|3.0079
226mALA: 00,08,18,24,29|5|1.9059
167mTRP: 02,10,16,23,27|5|0.8343
242mTRP: 09,16,19,23,27|5|0.9815
226mVAL: 00,08,18,24,29|5|1.37
123mARG: 03,14,18,24,29|5|1.5894
216mGLU: 07,13,16,17,19|5|1.1872
123mALA: 03,14,18,24,29|5|3.1954
122mLEU: 03,11,18,24,29|5|1.6999
131mSER: 14,19,24,29|4|0.2638
177mLEU: 04,11,20,25|4|0.3984
217mMET: 22,23,27,28|4|1.206
124mVAL: 03,14,24,29|4|0.4734
127mTHR: 03,14,24,29|4|1.806
261mARG: 00,08,21,26|4|0.084
134mMET: 13,19,24,29|4|2.3452
182mLEU: 00,05,08,15|4|3.8462
127mCYS: 03,14,24,29|4|2.2798
219mASN: 07,17,22,28|4|2.1081
182mGLU: 00,05,08,18|4|5.6308
122mHIS: 03,11,24,29|4|2.8248
244mLYS: 03,13,23,27|4|1.008
226mLEU: 00,08,24,29|4|0.4714
177mSER: 04,11,20,25|4|1.8736
265mTRP: 08,15,21,26|4|0.7388
119mILE: 00,05,11,18|4|1.0131
267mCYS: 04,11,21,26|4|1.2612
121mHIS: 00,04,24,29|4|1.4107
268mGLU: 11,18,21,26|4|3.1877
268mMET: 11,18,21,26|4|1.6572
126mASP: 03,14,24,29|4|3.3821
219mHIS: 07,17,22,28|4|2.2168
177mGLU: 04,11,20,25|4|1.69
137mSER: 03,18,24,29|4|1.1264
177mVAL: 04,11,20,25|4|0.471
190mSER: 07,10,16,17|4|0.8856
218mVAL: 07,17,22,28|4|1.4053
125mPHE: 03,14,24,29|4|0.0264
181mASN: 00,08,11,18|4|0.8813
147mLEU: 00,04,05,11|4|1.6115
121mASN: 04,11,24,29|4|0.3574
245mARG: 02,10,22,28|4|0.0388
265mCYS: 00,04,05,11|4|7.1273
142mSER: 04,07,11,18|4|1.5418
124mASN: 03,14,24,29|4|0.8692
137mGLU: 03,18,24,29|4|1.1225
265mTYR: 00,18,21,26|4|0.4208
191mASN: 07,12,22,28|4|0.8759
119mSER: 03,08,11,14|4|0.4558
124mMET: 03,14,24,29|4|1.2094
268mASN: 11,18,21,26|4|1.3344
124mTHR: 03,14,24,29|4|1.7216
164mTRP: 10,16,23,27|4|1.0055
177mMET: 04,11,20,25|4|1.6618
177mALA: 04,11,20,25|4|0.2576
266mMET: 11,18,21,26|4|1.3658
167mHIS: 02,16,23,27|4|1.8672
147mILE: 00,04,05,11|4|0.6697
245mPRO: 02,10,22,28|4|2.6768
266mASP: 04,05,21,26|4|1.8214
124mGLU: 03,14,24,29|4|2.2688
241mPHE: 09,13,16,19|4|1.5879
281mVAL: 16,17,23,27|4|1.1666
123mTRP: 03,18,24,29|4|3.2904
126mGLN: 03,14,24,29|4|1.0745
271mCYS: 04,11,21,26|4|0.86
218mGLN: 07,17,22,28|4|0.8728
177mTHR: 04,11,20,25|4|1.5248
218mHIS: 07,17,22,28|4|1.168
245mPHE: 02,10,22,28|4|3.0364
147mLYS: 00,04,05,11|4|1.394
147mCYS: 00,04,05,11|4|2.2983
120mPRO: 00,05,08,18|4|0.9917
169mMET: 09,16,23,27|4|0.4571
130mGLY: 03,13,22,28|4|1.2539
194mTRP: 09,10,16,17|4|0.4239
127mLEU: 03,14,24,29|4|1.888
124mLEU: 03,14,24,29|4|0.6812
217mASN: 07,17,22,28|4|1.7161
120mVAL: 00,05,08,18|4|1.9616
127mGLU: 03,14,24,29|4|2.4456
245mASP: 02,10,22,28|4|2.798
130mALA: 03,13,22,28|4|1.4635
241mTRP: 09,13,16,19|4|0.8281
122mASN: 03,11,24,29|4|2.2786
181mASP: 00,08,15,18|4|1.2846
268mGLN: 11,18,21,26|4|1.6129
126mLEU: 03,14,24,29|4|2.2854
177mGLY: 04,11,20,25|4|1.8014
130mSER: 03,13,22,28|4|0.8629
126mGLY: 03,14,24,29|4|1.6591
125mGLU: 03,14,24,29|4|0.296
164mCYS: 02,09,10,12|4|2.44
190mLEU: 07,16,23,27|4|0.516
181mGLU: 00,08,15,18|4|4.9161
268mLEU: 04,11,21,26|4|2.3944
162mHIS: 02,16,23,27|4|0.9548
134mHIS: 13,19,24,29|4|2.8967
134mGLN: 13,19,24,29|4|0.8511
162mSER: 02,16,23,27|4|0.3705
142mLEU: 04,07,11,18|4|1.0669
218mILE: 07,17,22,28|4|0.6977
162mMET: 02,16,23,27|4|0.6667
134mASN: 13,19,24,29|4|1.2426
147mTYR: 00,04,05,11|4|0.996
120mGLN: 00,05,08,18|4|0.7624
191mASP: 10,12,22,28|4|0.8738
127mVAL: 03,14,24,29|4|0.6453
268mVAL: 11,18,21,26|4|1.9093
122mLYS: 03,11,24,29|4|0.8098
268mSER: 11,18,21,26|4|1.4128
182mCYS: 00,08,15,18|4|5.1147
181mCYS: 00,08,15,18|4|5.3137
120mSER: 11,14,20,25|4|0.61
182mALA: 00,05,08,15|4|3.3797
281mALA: 16,17,23,27|4|1.6883
241mLYS: 12,16,23,27|4|0.9424
131mLEU: 03,14,24,29|4|0.2797
126mVAL: 03,14,24,29|4|1.7293
126mALA: 03,14,24,29|4|1.5915
137mGLY: 03,18,24,29|4|0.9949
130mASP: 03,13,22,28|4|0.581
226mPHE: 00,08,24,29|4|0.7536
218mMET: 07,17,22,28|4|1.3034
121mGLY: 00,04,24,29|4|0.6756
182mGLY: 00,05,08,15|4|3.6085
119mMET: 03,08,20,25|4|0.4928
240mGLU: 12,16,23,27|4|0.6828
266mILE: 05,11,21,26|4|1.0963
169mHIS: 09,16,23,27|4|0.8687
281mGLU: 16,17,23,27|4|1.477
243mARG: 12,16,23,27|4|0.9918
168mGLN: 16,17,23,27|4|0.4655
127mILE: 03,14,24,29|4|0.3866
241mASN: 09,13,16,19|4|0.7101
167mMET: 02,16,23,27|4|1.5791
226mGLY: 00,08,24,29|4|0.4502
177mHIS: 04,11,20,25|4|2.187
126mTHR: 03,14,24,29|4|3.5358
162mGLU: 02,16,23,27|4|0.194
242mHIS: 16,19,23,27|4|1.5341
130mLEU: 03,13,22,28|4|0.6955
168mLYS: 07,10,12,17|4|0.257
141mGLU: 07,11,20,25|4|0.634
179mHIS: 20,21,25,26|4|0.6986
242mPRO: 12,19,23,27|4|1.2787
177mTRP: 04,11,20,25|4|0.5092
226mPRO: 00,08,24,29|4|0.923
162mTHR: 02,16,23,27|4|0.1317
125mCYS: 03,14,24,29|4|1.156
180mILE: 15,18,21,26|4|0.7416
177mGLN: 04,11,20,25|4|0.834
268mTHR: 11,18,21,26|4|2.6134
206mGLU: 03,14,24,29|4|2.6227
120mMET: 05,08,20,25|4|0.597
134mSER: 13,19,24,29|4|1.8347
193mMET: 13,19,22,28|4|0.5093
136mTYR: 03,19,24,29|4|0.5879
130mLYS: 03,13,22,28|4|0.5877
177mASN: 04,11,20,25|4|1.9052
121mMET: 00,04,24,29|4|0.9121
140mCYS: 17,19,20,25|4|1.8486
126mGLU: 03,14,24,29|4|5.8411
124mGLY: 03,14,24,29|4|1.0162
226mGLN: 00,08,24,29|4|0.329
244mILE: 09,19,23,27|4|1.1371
219mMET: 07,17,22,28|4|1.6582
142mGLY: 04,07,11,18|4|2.2391
122mTRP: 03,11,24,29|4|1.2683
244mPHE: 09,19,23,27|4|0.7847
162mGLY: 02,16,23,27|4|0.344
266mGLN: 11,18,21,26|4|1.0709
119mVAL: 00,05,11,18|4|1.3837
190mVAL: 07,16,23,27|4|0.5851
179mMET: 20,21,25,26|4|0.407
168mLEU: 09,16,23,27|4|0.6385
281mLYS: 16,17,23,27|4|2.1797
266mLEU: 04,11,21,26|4|1.6986
242mASN: 12,16,23,27|4|3.0163
142mLYS: 11,18,20,25|4|0.7035
124mGLN: 03,14,24,29|4|0.8184
147mASP: 00,04,05,11|4|1.2369
144mTHR: 04,18,20,25|4|1.1012
147mALA: 00,04,05,11|4|2.3
268mHIS: 11,18,21,26|4|0.9436
218mTHR: 07,17,22,28|4|1.9728
261mLYS: 00,08,21,26|4|0.348
167mARG: 02,16,23,27|4|0.1799
266mCYS: 04,05,21,26|4|5.8248
126mCYS: 03,14,24,29|4|5.1784
266mHIS: 11,18,21,26|4|0.9768
120mPHE: 00,05,08,18|4|1.531
218mLEU: 07,17,22,28|4|1.2332
219mGLN: 07,17,22,28|4|1.3277
119mLYS: 00,11,14,18|4|1.0646
130mILE: 03,13,22,28|4|0.5365
127mASP: 03,14,24,29|4|0.8546
141mALA: 11,18,20,25|4|1.4218
168mVAL: 16,17,23,27|4|0.1291
247mCYS: 02,10,12|3|1.59
171mGLU: 17,23,27|3|0.3576
210mTRP: 00,03,18|3|1.3517
210mGLN: 00,03,18|3|1.4917
210mHIS: 00,03,18|3|0.9419
268mILE: 11,21,26|3|1.7488
193mVAL: 13,16,19|3|0.6015
130mGLU: 13,22,28|3|0.4677
243mTRP: 16,23,27|3|0.4247
126mMET: 03,24,29|3|0.2141
184mMET: 04,20,25|3|0.4125
146mARG: 00,05,18|3|0.7098
269mLEU: 04,21,26|3|0.4642
248mLEU: 09,10,12|3|1.0872
137mASN: 18,24,29|3|1.1238
240mASP: 02,10,12|3|0.6282
184mASN: 04,20,25|3|0.1836
127mGLY: 14,24,29|3|1.5445
249mILE: 09,12,16|3|0.6734
303mLYS: 04,07,17|3|1.2254
267mVAL: 04,11,18|3|0.4004
143mGLU: 18,20,25|3|0.6602
145mTHR: 04,11,18|3|1.0309
244mPRO: 09,23,27|3|0.5645
122mARG: 03,24,29|3|0.1008
180mGLN: 18,21,26|3|1.8516
180mTRP: 18,21,26|3|0.9861
130mHIS: 13,22,28|3|0.8295
219mILE: 07,22,28|3|1.6652
218mGLU: 17,22,28|3|1.3607
249mHIS: 09,12,16|3|1.2983
182mTRP: 00,05,08|3|3.2788
126mPRO: 03,24,29|3|0.2575
190mASN: 07,16,17|3|0.6712
216mHIS: 16,22,28|3|0.3478
182mASP: 00,08,15|3|3.0954
226mLYS: 18,24,29|3|1.5917
181mLYS: 11,15,18|3|2.6883
210mMET: 00,03,18|3|1.4147
266mPRO: 05,21,26|3|0.968
182mTHR: 00,05,08|3|4.6878
126mILE: 03,24,29|3|0.4761
169mGLU: 07,10,17|3|0.6837
191mILE: 12,22,28|3|1.0095
243mPHE: 09,22,28|3|1.3035
243mHIS: 16,23,27|3|1.4898
249mMET: 09,12,16|3|1.3877
212mGLU: 04,11,18|3|0.2829
303mVAL: 04,07,17|3|0.6173
240mCYS: 02,10,12|3|2.4431
249mPHE: 09,12,16|3|0.5878
218mASN: 17,22,28|3|0.8269
127mALA: 14,24,29|3|2.0068
139mGLY: 19,20,25|3|0.4007
141mLEU: 11,20,25|3|0.2175
147mVAL: 00,05,11|3|0.3787
184mTHR: 04,20,25|3|0.0582
144mLYS: 18,20,25|3|0.8734
217mILE: 19,23,27|3|0.864
145mVAL: 04,11,18|3|0.2562
142mMET: 04,07,11|3|2.0707
181mILE: 11,15,18|3|0.756
228mGLY: 00,05,15|3|0.4385
123mCYS: 14,20,25|3|1.4254
181mLEU: 00,08,15|3|0.1668
119mLEU: 05,20,25|3|0.3682
184mHIS: 04,20,25|3|0.5889
171mTHR: 17,23,27|3|0.186
303mSER: 04,07,17|3|1.3174
165mCYS: 02,10,12|3|6.3966
248mHIS: 09,10,12|3|1.0116
182mVAL: 00,05,08|3|3.5686
269mCYS: 04,21,26|3|2.5648
190mILE: 07,23,27|3|0.3846
281mTHR: 17,23,27|3|1.4889
268mPHE: 11,21,26|3|1.9777
303mASN: 04,07,17|3|1.0326
146mASN: 18,20,25|3|2.1661
248mALA: 09,10,12|3|0.8068
179mASN: 04,21,26|3|0.1902
143mTHR: 18,20,25|3|0.4371
180mTYR: 15,21,26|3|0.2828
193mILE: 13,16,19|3|0.9821
249mASN: 09,12,16|3|1.0129
249mSER: 09,12,16|3|0.9567
184mSER: 04,20,25|3|0.2166
163mGLU: 09,10,12|3|0.5688
249mTHR: 09,12,16|3|1.1957
219mARG: 07,22,28|3|1.6513
303mGLU: 04,07,17|3|1.1366
143mSER: 18,20,25|3|0.0681
190mPHE: 07,23,27|3|0.3093
266mTRP: 11,21,26|3|0.5255
126mSER: 14,24,29|3|0.4668
194mARG: 10,23,27|3|0.409
229mTHR: 05,08,15|3|0.8745
181mMET: 05,20,25|3|0.2796
303mTHR: 04,07,17|3|1.4025
206mMET: 14,24,29|3|1.0885
212mTHR: 04,11,18|3|0.2262
208mILE: 14,24,29|3|0.7564
218mSER: 17,22,28|3|0.9626
181mPRO: 11,15,18|3|0.491
181mALA: 11,15,18|3|3.1808
208mPHE: 14,24,29|3|0.5339
191mVAL: 12,22,28|3|1.8645
143mGLY: 18,20,25|3|0.2468
119mASP: 00,05,14|3|1.1748
206mGLY: 14,24,29|3|1.2609
240mLYS: 02,10,12|3|0.5599
229mGLU: 05,08,15|3|1.2001
190mCYS: 07,23,27|3|1.2508
120mLYS: 11,14,18|3|0.5197
190mHIS: 10,16,17|3|1.2448
249mTRP: 09,12,16|3|0.9052
281mILE: 17,23,27|3|0.4218
206mHIS: 14,24,29|3|0.6407
206mVAL: 14,24,29|3|1.2269
134mVAL: 19,24,29|3|0.4199
165mPRO: 02,10,12|3|2.3904
248mASN: 09,10,12|3|0.628
210mGLY: 00,03,18|3|1.2112
146mHIS: 00,05,18|3|1.5131
127mTYR: 14,24,29|3|0.7491
184mGLY: 04,20,25|3|0.3012
145mGLN: 04,11,18|3|0.5435
190mALA: 07,10,16|3|0.7706
248mGLY: 09,10,12|3|1.1625
147mPHE: 00,05,11|3|0.2566
267mALA: 04,11,18|3|0.6426
281mASN: 17,23,27|3|0.9105
141mCYS: 18,20,25|3|2.1115
219mPHE: 07,22,28|3|0.8524
126mPHE: 03,24,29|3|0.6749
249mALA: 09,12,16|3|0.6613
281mSER: 17,23,27|3|0.5781
212mLEU: 04,11,18|3|0.0943
127mMET: 14,24,29|3|0.8205
280mCYS: 16,23,27|3|2.6203
171mLEU: 17,23,27|3|0.1523
182mGLN: 00,05,08|3|3.7781
210mALA: 00,03,18|3|1.2164
162mASN: 16,23,27|3|0.1953
206mGLN: 14,24,29|3|0.935
164mTYR: 09,23,27|3|0.6524
182mMET: 00,05,08|3|3.7771
142mGLN: 04,07,11|3|1.1242
241mMET: 09,13,19|3|0.828
281mCYS: 16,23,27|3|3.8291
249mGLY: 09,12,16|3|1.1932
119mGLN: 05,20,25|3|0.2528
268mTYR: 11,21,26|3|0.7535
190mMET: 10,16,17|3|0.9285
180mASN: 18,21,26|3|2.4591
142mHIS: 04,07,11|3|2.3341
142mCYS: 18,20,25|3|4.8733
267mLEU: 04,11,18|3|0.8442
249mASP: 09,12,16|3|0.5531
208mLYS: 08,14,18|3|1.1465
218mTRP: 17,22,28|3|0.505
142mILE: 04,11,18|3|0.2649
145mLEU: 04,11,18|3|0.5275
248mTHR: 09,10,12|3|1.2718
206mSER: 14,24,29|3|1.0792
137mTHR: 18,24,29|3|0.8688
242mARG: 19,23,27|3|0.8732
216mLEU: 17,22,28|3|0.2198
191mPRO: 12,22,28|3|1.4777
206mTHR: 14,24,29|3|1.8824
206mCYS: 03,24,29|3|2.8287
249mVAL: 09,12,16|3|0.8807
182mILE: 00,05,08|3|3.2324
248mGLU: 09,10,12|3|1.4755
206mASN: 14,24,29|3|0.9116
249mLEU: 09,12,16|3|0.9871
268mPRO: 11,21,26|3|1.3892
269mGLU: 04,21,26|3|0.5716
134mTRP: 13,24,29|3|0.4241
119mHIS: 03,08,11|3|0.7183
210mVAL: 00,03,18|3|1.4352
146mTYR: 00,05,18|3|1.0743
218mASP: 17,23,27|3|0.8238
182mHIS: 00,05,08|3|2.8557
248mMET: 09,10,12|3|1.1622
190mASP: 10,23,27|3|0.3493
248mSER: 09,10,12|3|0.9556
219mPRO: 07,22,28|3|1.4905
142mTHR: 04,07,11|3|1.3897
303mALA: 04,07,17|3|1.3016
269mALA: 04,21,26|3|1.2434
210mLEU: 00,03,18|3|1.5875
182mSER: 00,05,08|3|2.944
127mSER: 14,24,29|3|1.3072
190mGLY: 10,16,17|3|0.6661
210mILE: 00,03,18|3|1.3651
268mTRP: 11,21,26|3|1.056
205mGLU: 03,08,14|3|1.1414
182mASN: 00,05,08|3|3.4436
249mGLN: 09,12,16|3|1.0727
163mTHR: 09,10,12|3|0.3519
303mILE: 04,07,17|3|0.7147
145mGLU: 04,11,18|3|1.0738
242mTYR: 19,23,27|3|0.2534
249mGLU: 09,12,16|3|1.233
130mGLN: 22,28|2|0.3774
196mGLN: 03,14|2|1.3364
226mARG: 24,29|2|0.1992
249mARG: 09,16|2|0.0504
137mGLN: 24,29|2|0.438
197mASN: 03,14|2|0.9074
132mSER: 24,29|2|0.3712
303mGLY: 04,07|2|1.0759
183mILE: 05,08|2|0.5364
142mVAL: 04,11|2|0.6723
171mPHE: 23,27|2|0.1534
305mTHR: 04,07|2|0.3572
280mGLU: 23,27|2|0.7442
297mTHR: 16,17|2|0.3198
206mALA: 24,29|2|1.3226
140mVAL: 07,17|2|0.1145
183mGLU: 05,08|2|0.9513
120mTRP: 05,08|2|0.4092
284mSER: 23,27|2|0.008
196mALA: 03,14|2|1.1706
300mALA: 07,16|2|0.4238
172mTRP: 16,17|2|0.7243
274mGLN: 07,17|2|0.6004
303mMET: 04,07|2|0.8531
145mASN: 04,11|2|0.957
139mTHR: 07,19|2|0.4348
220mGLN: 07,17|2|1.0638
278mTHR: 23,27|2|0.354
182mPRO: 00,08|2|2.25
301mGLY: 07,16|2|0.9659
183mARG: 05,08|2|0.3735
209mVAL: 24,29|2|0.0012
215mGLU: 07,17|2|0.3113
197mGLU: 03,14|2|1.852
267mMET: 04,18|2|0.7214
138mVAL: 03,18|2|0.1378
172mGLN: 16,17|2|0.8138
301mTHR: 07,16|2|1.0494
132mLEU: 24,29|2|0.1122
137mHIS: 24,29|2|1.2388
139mGLU: 07,19|2|0.8766
215mLEU: 07,17|2|0.18
128mCYS: 03,13|2|1.3686
220mPHE: 07,17|2|1.1019
163mASN: 09,10|2|0.4054
210mTYR: 00,18|2|0.4434
377mGLU: 01,06|2|1.9116
220mILE: 07,17|2|1.2033
193mASN: 16,19|2|0.0826
172mGLY: 16,17|2|0.7257
278mASP: 23,27|2|0.864
138mHIS: 03,18|2|0.6692
208mASN: 08,14|2|1.166
137mMET: 24,29|2|1.0036
163mVAL: 09,12|2|0.0195
138mGLU: 03,18|2|0.2766
130mCYS: 03,13|2|1.9603
196mVAL: 03,14|2|1.3454
183mTYR: 05,08|2|0.3231
274mILE: 07,17|2|0.5905
128mALA: 03,13|2|0.5897
134mASP: 13,14|2|0.3964
172mILE: 16,17|2|0.6833
297mASN: 16,17|2|0.259
144mLEU: 04,18|2|0.4098
206mTYR: 24,29|2|0.5318
303mLEU: 04,07|2|0.6854
246mCYS: 02,10|2|0.43
249mLYS: 09,16|2|0.2088
274mLEU: 07,17|2|0.6174
124mCYS: 24,29|2|0.3026
124mSER: 03,14|2|0.842
278mGLU: 23,27|2|0.718
217mTRP: 22,28|2|0.053
278mVAL: 23,27|2|0.7352
179mLEU: 00,11|2|0.0772
206mASP: 24,29|2|1.2114
220mALA: 07,17|2|1.1349
303mCYS: 07,17|2|0.6588
212mTRP: 04,11|2|0.053
165mARG: 02,10|2|0.6801
220mVAL: 07,17|2|1.3822
147mARG: 04,05|2|0.2612
146mTRP: 11,18|2|0.4644
220mSER: 07,17|2|0.4951
183mHIS: 05,08|2|1.5402
278mHIS: 23,27|2|0.5128
138mASN: 03,18|2|0.399
134mCYS: 03,14|2|0.5397
135mALA: 03,14|2|1.0627
210mCYS: 00,18|2|2.083
296mMET: 07,16|2|0.2344
183mLEU: 05,08|2|0.7794
196mPHE: 03,14|2|1.4988
134mILE: 24,29|2|0.006
240mASN: 09,16|2|0.232
131mLYS: 03,14|2|0.2423
274mALA: 07,17|2|0.5578
284mASN: 23,27|2|0.2472
196mCYS: 03,14|2|2.0636
250mLYS: 12,14|2|0.5848
299mALA: 07,16|2|0.8195
145mGLY: 04,11|2|1.4085
207mTHR: 08,14|2|0.3331
199mCYS: 24,29|2|0.43
172mHIS: 16,17|2|0.639
138mLEU: 03,18|2|0.162
127mASN: 24,29|2|0.293
132mGLN: 24,29|2|0.219
229mALA: 05,15|2|0.6697
135mCYS: 03,14|2|0.9299
210mASP: 00,18|2|1.399
303mPHE: 04,07|2|0.1441
135mILE: 03,14|2|0.2351
190mLYS: 07,16|2|0.2461
164mPRO: 02,10|2|0.2759
135mTYR: 03,14|2|0.3627
220mTHR: 07,17|2|1.4847
299mGLY: 07,16|2|0.6101
267mILE: 04,18|2|0.1116
169mASP: 02,10|2|0.2248
197mCYS: 03,14|2|1.9001
179mCYS: 00,11|2|0.562
241mARG: 23,27|2|0.2064
142mTRP: 04,11|2|0.7763
168mASP: 02,10|2|0.582
296mGLY: 07,16|2|0.4943
127mPHE: 03,14|2|0.2177
210mPRO: 00,18|2|1.3384
303mGLN: 04,07|2|0.6458
130mASN: 22,28|2|0.5076
207mGLY: 08,14|2|0.2284
197mMET: 03,14|2|0.7723
206mTRP: 24,29|2|0.4286
341mGLY: 01,06|2|0.9995
191mPHE: 22,28|2|0.1848
196mMET: 03,14|2|1.118
132mTRP: 24,29|2|0.141
278mARG: 23,27|2|0.1264
172mMET: 16,17|2|0.846
132mVAL: 24,29|2|0.088
132mASN: 24,29|2|0.3492
132mGLU: 24,29|2|0.2268
183mGLN: 05,08|2|0.9396
135mTHR: 03,14|2|0.6788
274mGLU: 07,17|2|1.1653
246mHIS: 03,12|2|0.3926
197mTHR: 03,14|2|1.5008
196mSER: 03,14|2|0.6478
135mLYS: 03,14|2|0.5965
301mSER: 07,16|2|0.7576
181mGLN: 00,08|2|0.2364
141mSER: 07,11|2|0.426
299mTHR: 07,16|2|0.5727
301mASN: 07,16|2|0.8248
296mSER: 07,16|2|0.3483
240mILE: 02,10|2|0.1476
277mCYS: 23,27|2|1.7324
167mPRO: 02,10|2|0.2897
183mALA: 05,08|2|0.6111
206mPHE: 24,29|2|1.2186
207mSER: 08,14|2|0.3491
138mGLN: 03,18|2|0.2688
196mASN: 03,14|2|0.8262
141mASN: 07,11|2|0.4638
141mILE: 11,18|2|0.0136
246mMET: 03,12|2|0.275
267mLYS: 04,18|2|0.4052
210mARG: 00,18|2|0.0194
183mTRP: 05,08|2|0.8226
196mTHR: 03,14|2|1.4426
341mALA: 01,06|2|1.0213
209mASP: 24,29|2|0.0354
220mGLY: 07,17|2|0.631
341mASP: 01,06|2|0.648
140mTHR: 07,17|2|0.6998
145mTRP: 11,18|2|0.2439
278mGLY: 23,27|2|0.3714
121mCYS: 20,25|2|0.3002
197mASP: 03,14|2|1.2682
207mASN: 08,14|2|0.3979
248mTRP: 09,10|2|0.7243
137mCYS: 20,25|2|1.2254
240mARG: 02,10|2|0.121
303mTRP: 04,07|2|0.4816
212mMET: 04,11|2|0.4138
132mTHR: 24,29|2|0.2656
250mALA: 12,14|2|0.6596
137mTRP: 24,29|2|0.282
301mLEU: 07,16|2|0.9175
169mASN: 07,17|2|0.1574
145mMET: 04,11|2|1.5708
142mASN: 04,11|2|1.1963
178mTYR: 05,11|2|0.582
220mGLU: 07,17|2|1.14
206mILE: 24,29|2|1.067
197mVAL: 03,14|2|1.2319
212mGLN: 04,11|2|0.131
178mCYS: 05,11|2|0.543
220mMET: 07,17|2|0.8269
277mGLU: 23,27|2|0.125
216mMET: 22,28|2|0.0332
197mLEU: 03,14|2|1.2874
217mPHE: 23,27|2|0.3278
206mPRO: 24,29|2|0.72
209mLEU: 24,29|2|0.1414
172mLEU: 16,17|2|0.835
194mPRO: 10,12|2|0.2795
226mHIS: 24,29|2|0.5856
220mPRO: 07,17|2|1.1414
191mMET: 09,17|2|0.1959
124mALA: 03,14|2|0.0996
303mASP: 04,07|2|0.5824
183mTHR: 05,08|2|1.0095
147mGLN: 04,05|2|0.3207
212mHIS: 04,11|2|0.5314
220mASN: 07,17|2|0.6284
228mGLU: 08,15|2|1.1958
130mVAL: 22,28|2|0.2464
266mTYR: 21,26|2|0.5318
138mSER: 03,18|2|0.421
248mGLN: 09,10|2|0.8138
193mTYR: 16,19|2|0.4283
299mGLU: 07,16|2|0.7849
278mALA: 23,27|2|1.0242
183mASP: 05,08|2|0.3984
220mASP: 07,17|2|0.9113
145mCYS: 00,18|2|0.6478
139mCYS: 20,25|2|1.0794
120mHIS: 20,25|2|0.5404
341mCYS: 01,06|2|1.1062
215mTHR: 07,17|2|0.2352
196mASP: 03,14|2|1.3796
138mTRP: 03,18|2|0.1908
244mTRP: 23,27|2|0.2948
267mSER: 04,18|2|0.8152
228mMET: 00,05|2|0.1959
212mGLY: 04,11|2|0.3396
127mHIS: 24,29|2|0.7596
248mILE: 09,10|2|0.6833
127mLYS: 24,29|2|0.6866
197mPRO: 03,14|2|1.145
280mLYS: 23,27|2|0.2212
183mGLY: 05,08|2|1.2525
220mCYS: 07,17|2|1.89
278mPRO: 23,27|2|0.5698
139mASP: 20,25|2|0.075
138mTHR: 03,18|2|0.3154
303mHIS: 04,07|2|1.0295
305mGLY: 04,07|2|0.3335
209mGLU: 24,29|2|0.2894
140mPHE: 07,17|2|0.0201
135mLEU: 03,14|2|0.7465
301mHIS: 07,16|2|0.9751
212mSER: 04,11|2|0.2832
206mLEU: 24,29|2|1.5922
124mHIS: 03,14|2|1.3384
303mTYR: 04,07|2|0.1483
196mILE: 03,14|2|1.3442
284mTHR: 23,27|2|0.1552
124mPHE: 24,29|2|0.0408
197mSER: 03,14|2|0.6692
182mPHE: 00,08|2|3.3475
274mASN: 07,17|2|0.6856
196mLEU: 03,14|2|1.4856
278mLYS: 23,27|2|0.991
132mHIS: 24,29|2|0.6194
301mVAL: 07,16|2|0.8232
183mVAL: 05,08|2|0.7431
303mARG: 04,07|2|0.3549
137mVAL: 24,29|2|0.176
267mGLY: 04,18|2|0.842
248mVAL: 09,10|2|0.7528
196mGLY: 03,14|2|0.9516
140mGLU: 07,17|2|1.1795
219mTRP: 22,28|2|0.5074
183mLYS: 05,08|2|0.5319
266mPHE: 21,26|2|1.2186
301mALA: 07,16|2|0.6478
226mTRP: 00,08|2|0.144
299mHIS: 07,16|2|0.149
209mCYS: 24,29|2|0.7194
274mSER: 07,17|2|0.5476
145mSER: 04,11|2|1.2259
301mILE: 07,16|2|0.6848
138mGLY: 03,18|2|0.4774
191mARG: 22,28|2|0.6408
246mGLY: 03,12|2|0.2008
144mCYS: 04,18|2|0.3701
196mGLU: 03,14|2|1.6336
145mHIS: 04,11|2|1.9518
274mVAL: 07,17|2|0.6199
300mGLU: 16,17|2|1.5091
210mPHE: 00,18|2|1.5182
196mPRO: 03,14|2|1.319
274mTRP: 07,17|2|0.5045
250mGLU: 12,14|2|0.7187
274mTHR: 07,17|2|0.929
220mLEU: 07,17|2|1.2838
220mTRP: 07,17|2|0.7068
207mGLU: 08,14|2|0.4739
246mASN: 03,12|2|0.1224
183mPHE: 05,08|2|0.3735
163mSER: 09,10|2|0.3676
172mALA: 16,17|2|0.6214
141mTHR: 07,11|2|0.3572
163mHIS: 09,10|2|0.2761
284mGLU: 23,27|2|0.796
132mMET: 24,29|2|0.5018
172mVAL: 16,17|2|0.7528
138mALA: 03,18|2|0.0498
196mTRP: 03,14|2|1.2354
131mASP: 03,14|2|0.137
207mGLN: 08,14|2|0.0576
217mARG: 23,27|2|0.0728
130mTRP: 22,28|2|0.2994
139mALA: 20,25|2|0.747
274mGLY: 07,17|2|0.5788
250mCYS: 12,14|2|1.2979
305mSER: 04,07|2|0.426
246mSER: 03,12|2|0.1444
301mGLU: 07,16|2|1.1061
278mILE: 23,27|2|0.337
137mLEU: 24,29|2|0.2244
139mASN: 07,19|2|0.5874
197mGLN: 03,14|2|1.1424
301mGLN: 07,16|2|0.9497
341mLEU: 01,06|2|0.9414
191mGLN: 22,28|2|0.0516
135mASP: 03,14|2|0.4957
228mHIS: 00,05|2|0.3723
220mHIS: 07,17|2|0.3911
183mSER: 05,08|2|1.1679
163mGLY: 09,10|2|0.2751
305mASN: 04,07|2|0.4638
299mLYS: 07,16|2|0.4832
281mASP: 16,17|2|0.2799
177mLYS: 20,25|2|0.1796
278mPHE: 23,27|2|0.0706
139mSER: 07,19|2|0.43
209mPHE: 24,29|2|0.1546
296mHIS: 07,16|2|0.352
119mPRO: 00,05|2|0.7709
278mASN: 23,27|2|0.1216
197mPHE: 03,14|2|1.3998
212mASN: 04,11|2|0.2612
246mTHR: 03,12|2|0.0388
183mMET: 05,08|2|1.3638
301mMET: 07,16|2|1.1233
124mTRP: 03,14|2|0.3816
197mILE: 03,14|2|1.2708
197mGLY: 03,14|2|0.8241
305mGLU: 04,07|2|0.4786
130mTHR: 22,28|2|0.424
135mGLU: 03,14|2|0.814
122mPRO: 11,18|2|0.1156
132mGLY: 24,29|2|0.4276
171mCYS: 23,27|2|0.7182
138mMET: 03,18|2|0.5516
229mGLN: 08,15|2|0.2742
216mLYS: 16,17|2|0.427
139mLEU: 20,25|2|0.0478
244mARG: 23,27|2|0.6402
196mHIS: 03,14|2|0.5864
130mMET: 22,28|2|0.6602
205mCYS: 03,08|2|1.1837
144mGLU: 04,18|2|1.1602
241mTYR: 13,16|2|0.1279
304mGLY: 04,07|2|0.2715
209mTHR: 24,29|2|0.0984
217mPRO: 07,17|2|0.0779
183mASN: 05,08|2|1.1349
267mASP: 04,18|2|0.1286
301mTRP: 07,16|2|0.8212
304mSER: 04,07|2|0.1121
299mSER: 07,16|2|0.6278
240mLEU: 02,10|2|0.2408
196mTYR: 03,14|2|0.424
197mTRP: 03,14|2|1.035
144mMET: 04,11|2|0.3643
171mASP: 23,27|2|0.0342
197mALA: 03,14|2|1.1264
278mCYS: 23,27|2|3.0892
274mMET: 07,17|2|0.4809
