244mTHR: 00,02,05,09,17,18,21,29|8|4.9552
244mGLU: 00,02,05,09,17,18,21,29|8|6.4066
244mCYS: 00,02,05,09,17,18,21,29|8|6.6306
241mALA: 00,02,05,09,18,21,29|7|2.6566
377mTHR: 03,06,07,12,13,15,24|7|5.3872
241mASP: 00,02,05,09,18,21,29|7|2.6672
241mGLY: 00,02,05,09,18,21,29|7|1.5174
377mCYS: 03,06,07,12,13,15,24|7|7.5513
244mGLY: 00,02,05,09,17,21,29|7|2.7344
377mALA: 03,06,07,12,13,15,24|7|5.0988
241mCYS: 00,02,05,09,18,21,29|7|5.2566
377mASP: 03,06,07,12,13,15,24|7|4.2949
377mGLU: 03,06,07,12,13,15,24|7|6.0729
241mTHR: 00,02,05,09,18,21,29|7|2.4073
241mSER: 00,02,05,09,18,21,29|7|0.5371
244mALA: 00,02,05,09,17,21,29|7|4.4659
241mGLU: 00,02,05,09,18,21,29|7|2.9444
241mILE: 00,02,05,09,18,21,29|7|2.129
377mGLY: 03,06,07,12,13,15,24|7|3.5691
241mLEU: 00,02,05,09,18,21,29|7|2.7676
379mCYS: 06,12,13,15,16,24|6|3.0185
244mASP: 00,02,05,09,21,29|6|3.0875
378mCYS: 03,06,13,15,16,24|6|3.7932
377mLYS: 03,06,07,13,15,24|6|3.4811
245mALA: 02,05,14,17,21,29|6|2.4501
241mGLN: 00,02,09,18,21,29|6|1.8917
243mTHR: 00,02,05,09,14,21|6|4.9038
379mLEU: 06,12,13,15,16,24|6|1.7661
378mALA: 03,06,13,15,16,24|6|2.0928
341mCYS: 03,07,08,13,15,24|6|5.4545
377mLEU: 03,06,07,12,13,15|6|2.5961
379mALA: 06,12,13,15,16,24|6|2.1623
339mGLU: 03,07,08,13,15,24|6|3.1855
245mLEU: 02,05,14,17,21,29|6|2.5383
127mTHR: 11,17,18,22,29|5|3.7688
127mCYS: 11,17,18,22,29|5|7.1395
244mLYS: 02,05,17,21,29|5|2.2483
375mLYS: 03,06,12,16,24|5|3.4186
127mGLY: 11,17,18,22,29|5|2.7907
126mASP: 11,17,18,22,29|5|3.5852
180mLYS: 01,04,23,27,28|5|1.9542
245mGLU: 02,05,14,17,29|5|3.0785
339mLEU: 03,07,13,15,24|5|2.9878
128mCYS: 05,11,17,18,29|5|1.8189
243mGLY: 00,02,05,09,21|5|3.2778
375mCYS: 03,06,12,16,24|5|6.3663
120mTHR: 04,11,22,23,28|5|1.9223
339mALA: 03,07,13,15,24|5|4.9767
378mASP: 03,12,13,15,16|5|0.3469
244mLEU: 00,02,09,21,29|5|3.1169
127mALA: 11,17,18,22,29|5|4.5928
241mPHE: 00,02,09,18,21|5|2.281
242mSER: 00,02,09,14,21|5|2.0906
375mGLU: 03,06,12,16,24|5|2.3248
377mGLN: 06,07,12,13,15|5|0.8129
241mPRO: 00,02,09,18,21|5|1.8315
339mSER: 03,07,13,15,24|5|2.3682
339mHIS: 03,07,13,15,24|5|1.4914
130mLEU: 05,11,17,18,29|5|1.1931
243mALA: 02,05,09,14,21|5|4.9228
130mGLY: 05,11,17,18,29|5|1.4668
242mGLY: 00,02,09,14,21|5|3.3213
339mILE: 03,07,13,15,24|5|2.3505
339mGLY: 03,07,13,15,24|5|3.0947
127mGLU: 11,17,18,22,29|5|4.27
130mALA: 05,11,17,18,29|5|1.9041
241mTRP: 00,02,09,18,21|5|1.6225
343mLYS: 03,06,08,16,24|5|0.9613
130mSER: 05,11,17,18,29|5|0.9051
340mCYS: 03,07,12,15,24|5|3.1151
243mCYS: 02,05,09,14,21|5|5.9978
375mLEU: 03,06,12,16,24|5|1.8384
130mILE: 05,11,17,18,29|5|0.8206
244mVAL: 00,02,09,21,29|5|1.7264
377mILE: 03,06,07,13,15|5|1.4713
341mALA: 03,07,13,15,24|5|1.4452
242mALA: 00,02,09,14,21|5|3.5232
243mASP: 00,02,05,09,21|5|4.169
379mTHR: 06,12,13,15,24|5|1.6075
375mSER: 03,06,12,16,24|5|2.2084
375mHIS: 03,06,08,12,24|5|0.434
131mTHR: 05,11,17,18,29|5|0.6987
242mVAL: 00,02,09,14,21|5|0.8141
344mCYS: 06,08,12,16,24|5|1.9876
243mGLU: 00,02,05,09,21|5|5.2168
375mALA: 03,06,12,16,24|5|5.0104
126mALA: 11,17,18,22,29|5|4.9075
344mALA: 06,08,12,16,24|5|1.0623
241mVAL: 00,02,09,18,21|5|1.8975
242mGLU: 00,02,09,14,21|5|4.6037
130mASP: 05,11,17,18,29|5|1.3391
242mASP: 00,02,09,14,21|5|2.7006
127mSER: 11,17,18,22,29|5|1.6058
127mLYS: 11,17,18,22,29|5|3.0914
244mSER: 02,05,17,21,29|5|1.997
126mLYS: 11,17,18,22,29|5|2.7968
180mGLU: 01,04,23,27,28|5|3.6495
242mILE: 00,02,09,14,21|5|2.058
127mILE: 11,17,18,22,29|5|1.465
242mLEU: 00,02,09,14,21|5|2.307
241mASN: 00,02,09,18,21|5|0.5995
126mTHR: 11,17,18,22,29|5|2.9401
180mTHR: 01,04,23,27,28|5|4.2706
241mMET: 00,02,09,18,21|5|1.329
245mCYS: 02,05,17,21,29|5|3.789
339mTHR: 03,07,13,15,24|5|2.2841
242mLYS: 00,02,09,14,21|5|2.2661
243mLYS: 02,05,09,14,21|5|3.8229
126mGLU: 11,17,18,22,29|5|4.2101
244mILE: 00,02,09,21,29|5|1.569
339mLYS: 03,07,13,15,24|5|2.8913
244mPHE: 00,02,09,21,29|5|1.618
375mASP: 03,06,12,16,24|5|3.3598
339mVAL: 03,07,13,15,24|5|1.9327
339mCYS: 03,07,13,15,24|5|7.0226
339mMET: 03,07,13,15,24|5|1.0529
126mCYS: 11,17,18,22,29|5|7.6191
375mGLY: 03,06,12,16,24|5|3.2471
245mTHR: 02,05,14,17,29|5|2.4786
127mASP: 11,17,18,22,29|5|3.5236
247mCYS: 02,09,17,21|4|1.247
245mTYR: 02,05,17,29|4|0.8419
403mPHE: 07,12,13,15|4|2.9976
335mTHR: 07,13,15,24|4|1.9045
376mALA: 03,06,13,24|4|0.4631
403mLEU: 07,12,13,15|4|2.9712
339mPHE: 03,07,13,24|4|1.0352
120mVAL: 04,11,23,28|4|1.1997
340mALA: 03,07,15,24|4|1.884
265mLYS: 01,04,27,28|4|0.9877
329mTHR: 07,13,15,20|4|1.1276
377mSER: 06,07,13,15|4|2.2498
338mGLU: 07,13,15,24|4|0.703
165mASP: 00,09,14,21|4|1.9253
142mALA: 04,23,26,28|4|1.5286
338mLEU: 07,13,15,24|4|0.2544
251mALA: 14,17,19,29|4|1.6025
403mALA: 07,12,13,15|4|2.3412
403mPRO: 07,12,13,15|4|2.638
130mCYS: 05,11,17,18|4|2.6114
119mSER: 04,11,23,27|4|1.0975
403mGLN: 07,12,13,15|4|2.6728
194mCYS: 00,02,09,21|4|1.6726
336mGLU: 07,13,15,24|4|3.3989
346mASP: 06,08,10,16|4|1.2494
131mLYS: 05,17,18,29|4|0.9461
242mCYS: 00,02,09,21|4|5.1356
146mGLY: 04,23,26,28|4|2.7198
144mLYS: 04,23,26,28|4|0.6445
231mCYS: 01,19,25,27|4|1.6965
247mTHR: 02,09,14,21|4|0.6814
329mALA: 07,13,15,20|4|0.4238
403mILE: 07,12,13,15|4|2.6884
165mTRP: 00,09,14,21|4|0.4879
146mLYS: 04,23,26,28|4|3.2983
346mGLY: 06,08,10,16|4|1.6292
165mMET: 00,09,14,21|4|0.8254
230mTHR: 01,19,25,27|4|1.355
165mTHR: 00,09,14,21|4|2.0146
375mILE: 03,06,12,24|4|1.7353
127mLEU: 11,17,18,22|4|1.6849
403mHIS: 07,12,13,15|4|1.1728
403mCYS: 07,12,13,15|4|4.1272
165mCYS: 00,09,14,21|4|3.0337
244mMET: 02,09,21,29|4|0.9281
165mGLU: 00,09,14,21|4|2.4395
146mTHR: 04,23,26,28|4|2.8213
403mTYR: 07,12,13,15|4|0.848
128mLYS: 05,11,17,18|4|0.757
126mGLY: 11,17,18,22|4|2.8402
379mASP: 06,13,16,24|4|1.4295
126mSER: 11,17,18,22|4|1.6021
165mSER: 00,09,14,21|4|1.8437
194mGLU: 00,02,09,21|4|1.0634
403mGLU: 07,12,13,15|4|3.2672
178mCYS: 01,04,23,27|4|1.5348
244mGLN: 00,02,09,29|4|0.7753
265mTHR: 01,04,27,28|4|1.4841
244mHIS: 02,17,21,29|4|0.6603
379mGLY: 06,13,16,24|4|1.2784
126mVAL: 11,17,18,29|4|0.8897
180mCYS: 04,23,27,28|4|3.1056
343mGLU: 03,06,16,24|4|0.7309
180mALA: 01,04,23,27|4|1.9075
403mASN: 07,12,13,15|4|1.6524
346mGLU: 06,08,10,16|4|1.7247
127mTYR: 11,17,18,22|4|0.5949
346mCYS: 06,08,10,16|4|2.4907
377mARG: 06,07,13,15|4|0.6643
403mSER: 07,12,13,15|4|1.2956
146mILE: 04,23,26,28|4|0.896
165mGLY: 00,09,14,21|4|2.0928
165mLEU: 00,09,14,21|4|1.7431
339mASP: 03,07,13,24|4|2.7594
378mGLU: 06,12,15,24|4|1.6142
343mALA: 03,06,16,24|4|3.2859
165mILE: 00,09,14,21|4|1.4283
146mGLU: 04,23,26,28|4|4.0702
346mTHR: 06,08,10,16|4|1.8506
245mGLY: 05,14,17,21|4|1.7085
119mTHR: 11,22,23,27|4|0.9413
144mGLY: 04,23,26,28|4|0.4222
346mLYS: 06,08,10,16|4|1.1766
165mLYS: 00,09,14,21|4|1.2763
146mSER: 04,23,26,28|4|2.4544
335mGLU: 07,13,15,24|4|2.7789
119mGLU: 04,11,23,28|4|1.7108
379mTYR: 06,12,15,24|4|0.6202
403mTHR: 07,12,13,15|4|2.8852
343mCYS: 03,06,16,24|4|4.882
165mGLN: 00,09,14,21|4|1.0613
146mALA: 04,23,26,28|4|3.7803
336mTHR: 07,13,15,24|4|2.0436
250mCYS: 14,17,22,29|4|1.9898
130mLYS: 05,11,17,29|4|0.3444
127mPRO: 11,17,22,29|4|0.6192
346mALA: 06,08,10,16|4|1.93
243mSER: 02,05,14,21|4|1.4685
343mASP: 03,06,16,24|4|1.3753
242mTHR: 02,09,14,21|4|4.4161
375mARG: 03,06,12,24|4|1.0682
338mCYS: 07,13,15,24|4|1.889
250mTHR: 14,17,22,29|4|1.7293
403mVAL: 07,12,13,15|4|2.6908
403mTRP: 07,12,13,15|4|2.4708
242mGLN: 02,09,14,21|4|1.5354
165mALA: 00,09,14,21|4|2.7848
242mASN: 02,09,14,21|4|1.6596
119mHIS: 04,11,23,27|4|0.8354
403mMET: 07,12,13,15|4|2.236
380mCYS: 03,06,12,16|4|1.5128
403mGLY: 07,12,13,15|4|1.9032
380mALA: 03,06,12,16|4|0.958
146mASP: 04,23,26,28|4|3.105
375mTHR: 03,06,16,24|4|2.2652
378mTHR: 03,06,15,24|4|0.8138
180mASN: 01,04,23,27|4|2.0104
403mASP: 07,12,13,15|4|2.7592
379mGLU: 06,12,15,24|4|2.1122
130mGLN: 11,18,29|3|0.9591
182mPRO: 01,23,27|3|2.3676
203mGLU: 19,25,27|3|1.2392
178mVAL: 04,23,27|3|1.2055
182mLEU: 01,23,27|3|3.0536
130mGLU: 11,18,29|3|1.1297
419mASP: 06,12,15|3|0.725
136mVAL: 11,18,23|3|0.4656
126mMET: 11,17,18|3|0.7659
182mGLU: 01,23,27|3|3.4208
251mGLY: 14,17,29|3|0.8509
136mALA: 11,18,23|3|1.865
196mLEU: 17,22,29|3|1.1677
178mSER: 04,23,27|3|1.3671
208mGLN: 11,22,27|3|0.3034
343mLEU: 06,16,24|3|0.7704
178mLYS: 04,23,27|3|2.2648
245mASN: 05,14,17|3|1.2705
136mLYS: 11,18,23|3|1.0375
131mALA: 05,17,18|3|1.4228
244mPRO: 00,09,29|3|0.4776
229mGLY: 01,19,27|3|1.6683
181mASN: 01,23,27|3|0.1663
336mSER: 07,13,24|3|1.2933
265mALA: 01,04,28|3|0.8726
130mHIS: 11,18,29|3|0.9678
120mALA: 04,23,28|3|1.0938
124mASN: 11,22,29|3|0.44
245mSER: 05,14,17|3|1.2058
182mTRP: 01,23,27|3|2.0965
126mPRO: 11,17,18|3|0.6552
377mTYR: 06,13,15|3|1.374
182mASP: 01,23,27|3|2.7042
204mGLU: 19,25,27|3|0.6034
143mILE: 04,23,28|3|0.2152
128mALA: 05,11,17|3|0.9304
124mTHR: 11,22,29|3|1.8359
336mALA: 07,15,24|3|1.3001
182mTHR: 01,23,27|3|2.9556
126mILE: 11,17,18|3|1.2174
419mCYS: 06,12,15|3|1.8322
251mTHR: 14,17,29|3|1.4493
229mSER: 01,19,27|3|1.2269
136mCYS: 11,18,23|3|5.2173
196mGLY: 17,22,29|3|0.9855
228mASP: 01,19,27|3|0.635
165mARG: 00,09,14|3|0.4163
159mGLU: 14,19,25|3|0.6411
124mGLU: 11,22,29|3|2.2675
135mVAL: 11,18,22|3|0.884
339mGLN: 03,13,24|3|0.8358
329mSER: 07,15,20|3|0.587
134mCYS: 00,11,18|3|1.6459
375mGLN: 03,06,24|3|0.4755
135mALA: 11,18,22|3|1.9076
329mLYS: 13,15,20|3|0.971
126mGLN: 11,17,18|3|0.5171
379mSER: 06,13,24|3|0.8098
196mCYS: 17,22,29|3|2.5007
178mLEU: 04,23,27|3|0.577
251mLEU: 14,17,29|3|1.0909
182mMET: 01,23,27|3|2.1556
250mLYS: 17,22,29|3|1.7602
127mASN: 11,17,29|3|0.8987
178mPRO: 04,23,27|3|0.7963
135mCYS: 11,18,22|3|3.8449
135mILE: 11,18,22|3|0.9057
343mGLY: 06,16,24|3|0.9594
178mARG: 04,23,27|3|0.6893
228mGLY: 01,19,27|3|0.8893
250mPHE: 14,22,29|3|0.2001
204mLYS: 19,25,27|3|0.5677
245mTRP: 05,14,17|3|1.566
136mGLU: 11,18,23|3|2.0144
336mASP: 07,13,24|3|2.5385
231mLEU: 01,19,27|3|0.2623
147mTHR: 23,26,28|3|0.4914
182mVAL: 01,23,27|3|2.6567
205mTHR: 11,22,27|3|0.8321
245mASP: 05,17,21|3|2.0422
230mCYS: 01,25,27|3|2.2163
245mVAL: 05,14,17|3|2.0447
126mHIS: 11,17,18|3|1.4182
181mASP: 01,23,27|3|0.2623
135mTHR: 11,18,22|3|1.4302
146mASN: 04,23,28|3|1.7638
126mLEU: 11,17,18|3|1.4542
377mVAL: 06,12,15|3|0.5088
265mGLU: 01,04,28|3|1.066
250mGLY: 17,22,29|3|1.0739
196mSER: 17,22,29|3|0.6128
119mCYS: 11,23,27|3|0.7996
135mPRO: 11,18,22|3|0.4553
180mGLY: 04,23,27|3|0.9274
143mTHR: 04,23,28|3|0.5313
334mTHR: 07,13,15|3|0.7309
181mGLU: 01,23,27|3|2.9638
144mCYS: 23,26,28|3|1.2075
380mLEU: 06,12,16|3|0.1438
379mHIS: 06,13,24|3|0.6093
208mASP: 11,22,27|3|0.913
178mGLU: 01,04,23|3|1.145
165mASN: 09,14,21|3|0.9738
375mTYR: 03,06,16|3|0.8728
228mLYS: 01,19,27|3|1.4808
339mTYR: 03,07,13|3|0.9205
346mSER: 06,08,10|3|0.9113
121mCYS: 04,11,23|3|1.7488
204mTHR: 19,25,27|3|0.8217
136mASP: 11,18,23|3|1.1916
142mGLU: 04,26,28|3|1.7529
119mGLY: 04,11,23|3|1.3747
165mHIS: 00,09,14|3|1.0057
377mHIS: 06,07,15|3|0.9822
134mALA: 00,11,18|3|1.3948
160mCYS: 14,19,25|3|3.719
251mMET: 14,17,29|3|0.4484
250mALA: 14,22,29|3|1.5034
251mHIS: 14,17,29|3|0.3646
251mGLU: 14,17,19|3|1.2977
228mASN: 01,19,27|3|0.9749
208mILE: 11,22,27|3|0.9682
242mMET: 02,09,14|3|0.7723
135mGLY: 11,18,22|3|0.8509
239mCYS: 17,22,29|3|1.317
120mCYS: 04,23,28|3|2.6903
180mSER: 01,04,27|3|1.4132
377mPHE: 06,12,15|3|0.4696
182mCYS: 01,23,27|3|4.1972
208mVAL: 11,22,27|3|0.6571
120mSER: 04,11,23|3|0.1723
251mSER: 14,17,29|3|0.898
124mALA: 11,22,29|3|0.6574
182mALA: 01,23,27|3|2.4463
251mLYS: 14,17,29|3|0.8984
346mLEU: 06,08,10|3|0.6114
329mVAL: 07,13,20|3|0.6308
130mTHR: 11,18,29|3|1.0848
376mGLU: 03,06,24|3|0.356
181mTHR: 01,23,27|3|1.4002
160mALA: 14,19,25|3|2.0499
165mPRO: 00,09,21|3|0.379
208mCYS: 11,22,27|3|2.4956
228mGLU: 01,19,27|3|1.627
146mHIS: 23,26,28|3|0.6004
178mTHR: 04,23,27|3|1.864
251mPRO: 14,17,29|3|0.8902
145mCYS: 04,26,28|3|0.7855
196mASP: 17,22,29|3|1.2793
120mPHE: 04,23,28|3|1.2632
343mSER: 06,16,24|3|0.3118
340mLEU: 03,15,24|3|0.3551
120mLEU: 04,23,28|3|1.5244
121mGLY: 04,22,23|3|0.5018
208mLEU: 11,22,27|3|1.2081
126mPHE: 11,17,18|3|0.6447
265mSER: 01,04,28|3|1.3047
327mLYS: 07,13,15|3|1.1453
266mCYS: 01,26,28|3|2.1683
245mILE: 05,14,17|3|1.8986
245mMET: 05,14,17|3|1.8642
135mLEU: 11,18,22|3|1.1842
182mGLN: 01,23,27|3|2.472
335mCYS: 07,13,15|3|1.7214
146mGLN: 23,26,28|3|0.4389
334mLYS: 07,13,15|3|0.4797
120mILE: 04,23,28|3|0.9826
380mGLU: 06,12,16|3|1.129
196mILE: 17,22,29|3|0.8119
251mILE: 14,17,29|3|1.1593
196mALA: 17,22,29|3|1.6867
230mALA: 01,25,27|3|1.1381
182mPHE: 01,23,27|3|2.8866
131mGLY: 05,17,18|3|0.7748
379mMET: 06,13,24|3|1.0539
208mTHR: 11,22,27|3|0.9805
146mCYS: 04,26,28|3|4.6903
327mTHR: 07,13,15|3|1.1076
134mLEU: 00,11,18|3|0.9653
216mLYS: 00,02,18|3|0.4603
158mTHR: 14,19,25|3|1.924
245mGLN: 05,14,17|3|1.93
245mHIS: 05,14,17|3|1.095
131mCYS: 05,17,18|3|1.9649
340mLYS: 03,07,24|3|0.5388
419mILE: 06,12,15|3|0.1696
242mPRO: 02,09,21|3|1.0781
120mASP: 04,23,28|3|1.1244
127mARG: 17,18,22|3|0.2942
178mALA: 04,23,27|3|1.5137
146mLEU: 23,26,28|3|1.278
207mGLU: 11,22,27|3|0.4956
251mGLN: 14,17,29|3|0.8033
178mILE: 04,23,27|3|1.2903
142mCYS: 04,23,28|3|2.6607
239mALA: 17,22,29|3|0.7043
141mTHR: 04,23,28|3|0.1583
380mTHR: 06,12,16|3|0.87
180mILE: 01,04,27|3|0.991
131mASP: 05,17,18|3|0.9223
128mGLY: 05,17,18|3|0.4528
269mLYS: 01,26,28|3|0.9089
146mMET: 23,26,28|3|0.5553
146mVAL: 04,23,28|3|0.7034
182mGLY: 01,23,27|3|1.9202
135mPHE: 11,18,22|3|0.6744
339mPRO: 03,13,24|3|1.0812
182mTYR: 01,23,27|3|0.931
336mGLY: 07,13,24|3|1.7843
228mTHR: 01,19,27|3|2.3009
377mMET: 06,07,15|3|0.8694
119mALA: 11,23,27|3|0.8449
142mGLY: 04,26,28|3|1.0328
208mGLU: 11,22,27|3|1.6187
135mASP: 11,18,22|3|1.4732
128mASP: 05,17,18|3|0.3661
197mCYS: 17,22,29|3|2.6539
126mARG: 11,17,18|3|0.6442
203mTHR: 19,25,27|3|1.7106
340mGLY: 03,15,24|3|0.6621
419mTHR: 06,12,15|3|0.651
182mILE: 01,23,27|3|2.5789
244mTYR: 02,21,29|3|1.4046
147mGLU: 04,26,28|3|0.9018
143mCYS: 04,23,28|3|0.878
329mASN: 07,15,20|3|0.5944
120mGLU: 04,23,28|3|2.3794
144mALA: 23,26,28|3|0.925
346mHIS: 06,08,10|3|0.3158
134mGLY: 00,11,18|3|1.0331
182mHIS: 01,23,27|3|1.0618
335mASP: 07,15,24|3|1.2528
142mLYS: 04,26,28|3|1.3294
251mCYS: 14,17,29|3|1.971
330mLYS: 13,15,24|3|0.3202
239mLEU: 17,22,29|3|0.5122
243mILE: 05,14,21|3|0.5559
142mTHR: 04,26,28|3|1.8213
208mPHE: 11,22,27|3|0.6046
135mGLU: 11,18,22|3|2.118
204mHIS: 11,25,27|3|0.5086
346mILE: 06,08,16|3|0.3669
247mGLY: 02,09,14|3|0.45
182mSER: 01,23,27|3|1.3274
331mTHR: 07,13,24|3|0.7166
242mHIS: 02,09,14|3|1.0155
128mTHR: 05,11,18|3|0.4142
130mMET: 11,18,29|3|1.0572
144mGLU: 04,23,26|3|0.5929
376mTYR: 03,06,24|3|0.003
178mGLY: 04,23,27|3|1.1578
421mTHR: 06,12,16|3|0.3301
378mLYS: 03,06,15|3|0.8237
419mGLU: 06,12,15|3|0.5848
250mLEU: 14,22,29|3|1.1165
182mASN: 01,23,27|3|1.4923
207mCYS: 11,22,27|3|2.0105
197mALA: 17,22,29|3|1.6298
131mSER: 05,17|2|0.2512
126mTYR: 11,18|2|0.4343
372mGLY: 08,10|2|0.7257
335mGLN: 07,24|2|0.4958
259mGLY: 01,25|2|1.3085
335mASN: 07,24|2|0.1581
142mVAL: 26,28|2|0.9582
335mPHE: 15,24|2|0.3666
134mMET: 00,11|2|0.8817
250mASN: 22,29|2|0.4782
345mGLY: 08,16|2|0.9716
409mARG: 08,13|2|0.075
400mSER: 12,15|2|0.4871
122mALA: 22,23|2|0.1181
206mALA: 11,22|2|1.6504
247mLYS: 02,09|2|0.4234
194mTHR: 00,21|2|0.488
164mILE: 09,14|2|0.3055
259mASN: 01,25|2|0.9069
121mGLU: 04,23|2|0.7996
243mARG: 05,14|2|0.3319
193mGLU: 00,02|2|1.1228
158mHIS: 14,19|2|1.1481
423mGLU: 16,25|2|0.1242
262mLEU: 01,27|2|1.6476
250mSER: 22,29|2|1.1308
267mCYS: 26,28|2|1.1609
196mHIS: 17,29|2|0.3017
259mALA: 01,25|2|0.9749
178mHIS: 23,27|2|0.8298
123mGLN: 11,22|2|0.1427
158mLEU: 14,25|2|1.5922
229mHIS: 19,27|2|0.3658
269mVAL: 26,28|2|0.2249
455mGLU: 10,16|2|0.398
372mSER: 08,10|2|0.5456
372mTRP: 08,10|2|0.7243
262mILE: 01,27|2|1.3639
179mGLU: 01,28|2|0.191
128mLEU: 05,17|2|0.1932
121mSER: 04,22|2|0.313
347mGLY: 08,10|2|0.3441
197mGLU: 17,29|2|1.8826
143mGLU: 04,23|2|0.3582
259mSER: 01,25|2|1.1251
243mVAL: 05,14|2|0.6133
370mLEU: 08,10|2|1.3964
161mGLU: 14,25|2|0.3484
267mMET: 26,28|2|0.11
409mVAL: 08,13|2|0.145
145mTHR: 04,28|2|0.4074
143mGLN: 04,23|2|0.1915
373mCYS: 06,16|2|0.5624
337mVAL: 07,08|2|0.2977
323mHIS: 07,15|2|0.4946
421mCYS: 06,12|2|0.4132
123mGLU: 11,22|2|1.418
208mGLY: 11,22|2|1.1887
193mILE: 00,02|2|0.3302
265mVAL: 01,28|2|0.8707
262mGLU: 01,27|2|1.5843
372mTHR: 08,10|2|0.8902
193mALA: 00,02|2|0.6894
121mALA: 04,23|2|1.1553
123mTHR: 11,22|2|1.2361
119mASP: 11,23|2|0.5467
147mLEU: 26,28|2|0.485
196mGLU: 17,29|2|1.1208
375mVAL: 12,16|2|0.1399
158mASN: 14,19|2|0.931
193mASN: 00,02|2|0.1465
206mGLY: 11,22|2|0.8897
269mHIS: 26,28|2|0.0904
344mTHR: 08,16|2|0.5797
142mSER: 26,28|2|0.9058
208mASN: 11,22|2|0.2048
137mGLU: 04,11|2|0.6222
159mALA: 19,25|2|0.1965
243mHIS: 05,14|2|0.3667
134mGLU: 11,18|2|1.044
190mASN: 00,21|2|0.4864
404mPHE: 13,15|2|0.0562
193mCYS: 00,02|2|1.3279
336mASN: 07,13|2|0.4822
134mASP: 00,11|2|0.7418
323mTHR: 07,15|2|0.5551
229mCYS: 01,27|2|2.5355
211mCYS: 11,22|2|0.8172
204mGLN: 25,27|2|0.2582
340mSER: 03,15|2|0.174
147mHIS: 26,28|2|0.0982
164mGLU: 09,14|2|0.9131
124mSER: 11,29|2|0.5628
231mSER: 01,27|2|0.1554
268mALA: 26,28|2|0.9128
212mCYS: 04,23|2|1.2666
373mLEU: 06,16|2|0.0652
168mCYS: 00,21|2|1.7071
179mLEU: 01,28|2|0.043
206mASP: 11,22|2|1.5877
380mTYR: 12,16|2|0.1326
212mGLU: 04,23|2|0.3912
323mMET: 07,15|2|0.34
135mSER: 18,22|2|0.432
158mGLU: 14,25|2|1.8826
335mALA: 07,24|2|0.3539
191mLEU: 00,21|2|0.6703
240mCYS: 09,21|2|0.5624
248mGLY: 17,29|2|0.4974
147mILE: 26,28|2|0.1012
245mPRO: 05,17|2|1.6984
158mGLN: 14,19|2|1.1304
142mILE: 26,28|2|0.4986
250mHIS: 22,29|2|0.8829
348mCYS: 10,16|2|0.3407
267mTHR: 26,28|2|0.5131
139mGLY: 04,18|2|0.1108
191mGLU: 00,21|2|1.0855
204mASN: 25,27|2|0.7077
349mTHR: 10,16|2|0.6548
143mASP: 04,23|2|0.3301
147mVAL: 26,28|2|0.252
374mALA: 06,08|2|0.3613
158mGLY: 14,19|2|1.2283
251mPHE: 14,29|2|0.7687
419mGLY: 12,15|2|0.5726
137mCYS: 18,23|2|2.0299
380mGLY: 03,06|2|0.4006
245mPHE: 05,17|2|2.1275
419mSER: 12,15|2|0.2036
262mALA: 01,27|2|1.9086
259mLEU: 01,25|2|0.93
190mARG: 00,21|2|0.3673
142mMET: 26,28|2|0.2914
228mCYS: 01,27|2|1.0583
230mGLU: 25,27|2|1.1281
199mCYS: 11,22|2|0.7918
197mTYR: 17,29|2|0.5318
179mPHE: 01,28|2|0.0562
147mLYS: 26,28|2|0.3978
370mMET: 08,10|2|0.5046
379mASN: 06,24|2|0.6467
369mGLY: 08,10|2|0.9715
267mGLU: 26,28|2|0.6677
147mSER: 26,28|2|0.3838
239mGLU: 17,29|2|0.6147
370mASP: 08,10|2|1.292
147mCYS: 26,28|2|0.4602
230mASN: 19,25|2|0.3867
229mALA: 01,27|2|1.9968
421mGLU: 06,12|2|0.6637
240mSER: 09,14|2|0.1833
120mPRO: 04,23|2|0.5186
190mLYS: 00,21|2|1.4967
181mILE: 01,23|2|0.0346
269mGLY: 26,28|2|0.6289
370mGLU: 08,10|2|2.5628
165mPHE: 09,21|2|0.7308
359mSER: 10,14|2|0.0561
267mILE: 26,28|2|0.2271
372mALA: 08,10|2|0.6214
158mTYR: 14,25|2|0.5318
259mASP: 01,25|2|0.9226
179mCYS: 01,28|2|0.621
181mLEU: 01,23|2|0.0606
119mLEU: 11,23|2|0.3603
250mVAL: 22,29|2|1.3209
331mPRO: 07,24|2|0.2224
127mPHE: 11,17|2|0.2205
130mASN: 18,29|2|0.6669
240mHIS: 09,14|2|0.3111
232mGLU: 19,25|2|2.3431
229mLEU: 01,27|2|1.0679
191mTHR: 00,21|2|1.1036
269mCYS: 26,28|2|2.8801
160mLYS: 19,25|2|1.4584
349mGLU: 10,16|2|0.8438
191mCYS: 00,21|2|1.2864
135mGLN: 11,22|2|0.4279
341mGLY: 07,15|2|0.1858
190mILE: 00,21|2|0.5533
370mILE: 08,10|2|1.2139
253mGLU: 19,25|2|0.6358
400mGLY: 12,15|2|0.7784
345mASP: 08,16|2|1.0373
202mCYS: 19,27|2|0.5866
132mGLU: 11,18|2|0.28
159mCYS: 14,25|2|0.9097
259mCYS: 01,25|2|0.9001
240mGLY: 09,14|2|0.3575
246mHIS: 18,22|2|0.3373
197mTHR: 17,29|2|1.5252
158mALA: 14,25|2|1.3226
216mSER: 00,18|2|0.1963
248mALA: 17,29|2|0.9014
337mTHR: 07,08|2|0.8381
135mLYS: 18,22|2|1.0333
369mCYS: 08,10|2|3.5303
143mARG: 23,28|2|0.3003
232mCYS: 19,25|2|2.6458
123mILE: 11,22|2|0.3424
269mASP: 26,28|2|0.6238
377mPRO: 12,13|2|0.2901
261mALA: 01,27|2|1.0215
190mPRO: 00,21|2|0.4957
190mLEU: 00,21|2|0.1382
400mASP: 12,15|2|0.4192
262mASP: 01,27|2|1.3927
337mALA: 07,08|2|1.1399
229mLYS: 01,27|2|1.2319
323mGLY: 07,15|2|0.2734
233mCYS: 19,25|2|1.0307
147mGLY: 26,28|2|0.3542
228mALA: 01,27|2|0.4544
262mGLN: 01,27|2|0.6853
267mLYS: 26,28|2|0.59
372mGLU: 08,10|2|0.9663
365mLYS: 08,10|2|0.1188
143mSER: 23,28|2|0.163
265mPHE: 01,04|2|0.0589
233mTHR: 19,25|2|0.5434
219mALA: 00,02|2|0.7392
120mGLY: 04,23|2|0.5423
239mGLY: 22,29|2|0.2697
261mGLY: 01,27|2|0.3078
231mARG: 01,27|2|0.121
197mASP: 22,29|2|1.5303
372mMET: 08,10|2|0.846
136mTHR: 11,18|2|0.9288
337mSER: 07,08|2|0.6456
370mCYS: 08,10|2|2.4754
251mASP: 14,17|2|1.0535
120mGLN: 04,23|2|0.6839
379mPHE: 06,24|2|1.3684
456mALA: 10,25|2|1.1185
142mASN: 26,28|2|0.6252
229mTHR: 01,27|2|2.2585
404mCYS: 13,15|2|0.621
334mSER: 07,13|2|0.5499
261mCYS: 01,27|2|1.5289
345mCYS: 08,16|2|1.9175
346mASN: 06,16|2|0.3624
127mVAL: 11,17|2|1.0539
231mGLY: 01,27|2|0.391
419mLYS: 12,15|2|0.8759
193mTHR: 00,02|2|1.017
212mTHR: 04,23|2|0.3075
181mALA: 01,23|2|0.407
400mTHR: 12,15|2|0.7653
197mLEU: 17,29|2|1.5922
337mGLU: 07,08|2|0.534
158mMET: 14,19|2|1.4381
143mGLY: 04,23|2|0.3249
379mILE: 06,24|2|1.2153
181mCYS: 01,23|2|0.7526
147mALA: 26,28|2|0.5304
121mLYS: 04,23|2|0.2602
231mILE: 01,27|2|0.1476
231mLYS: 01,27|2|0.2802
344mGLU: 08,16|2|0.3375
404mLEU: 13,15|2|0.043
340mASP: 03,24|2|0.137
229mGLU: 01,27|2|2.7611
158mVAL: 14,19|2|1.419
190mCYS: 00,21|2|1.7739
216mGLY: 00,18|2|0.4008
134mHIS: 00,11|2|0.7923
143mLEU: 04,23|2|0.3591
190mHIS: 00,21|2|0.2875
380mASP: 03,06|2|0.38
339mARG: 03,13|2|0.6382
370mHIS: 08,10|2|0.6792
124mASP: 11,22|2|1.026
241mLYS: 05,29|2|0.5154
131mLEU: 05,17|2|0.2071
261mASP: 01,27|2|0.3097
180mVAL: 04,27|2|1.7764
158mCYS: 14,25|2|2.1454
182mARG: 01,23|2|0.0194
400mCYS: 12,15|2|0.6213
259mMET: 01,25|2|0.8838
370mVAL: 08,10|2|0.7367
304mTHR: 20,26|2|0.2375
370mGLY: 08,10|2|1.9844
147mPHE: 26,28|2|0.0982
259mHIS: 01,25|2|0.9199
135mHIS: 18,22|2|0.4616
379mGLN: 06,24|2|1.1162
359mHIS: 10,14|2|0.1376
204mGLY: 25,27|2|0.5271
139mCYS: 04,18|2|1.017
190mALA: 00,21|2|1.1365
372mVAL: 08,10|2|0.7528
233mGLU: 19,25|2|1.3167
203mASN: 25,27|2|0.3895
370mALA: 08,10|2|2.1823
216mASP: 00,18|2|0.6446
142mLEU: 26,28|2|0.2912
262mTRP: 01,27|2|0.3079
267mALA: 26,28|2|1.0298
261mLEU: 01,27|2|0.7613
216mALA: 00,18|2|1.2395
262mPHE: 01,27|2|1.0802
419mALA: 12,15|2|0.9473
267mSER: 26,28|2|0.5136
161mALA: 14,25|2|0.4045
262mTHR: 01,27|2|1.0869
372mILE: 08,10|2|0.6833
400mGLU: 12,15|2|0.6418
181mPHE: 01,23|2|0.0838
127mHIS: 17,18|2|0.4034
196mTHR: 17,29|2|0.9539
230mSER: 25,27|2|0.0426
269mALA: 26,28|2|1.4288
421mLYS: 12,16|2|0.157
259mILE: 01,25|2|0.3324
230mLYS: 01,27|2|0.3469
139mALA: 04,18|2|0.6144
251mVAL: 14,29|2|1.1112
124mGLY: 11,22|2|1.0524
180mPHE: 01,04|2|0.252
369mALA: 08,10|2|1.757
370mSER: 08,10|2|1.6044
262mCYS: 01,27|2|3.2204
139mASP: 04,18|2|0.2626
212mLEU: 04,23|2|0.4494
146mTYR: 26,28|2|0.867
337mLYS: 07,08|2|0.9866
372mHIS: 08,10|2|0.639
247mASP: 02,09|2|0.2915
123mASP: 11,22|2|0.6339
144mASN: 04,26|2|0.312
193mPRO: 00,02|2|0.1792
122mGLU: 22,23|2|0.28
336mLEU: 07,15|2|0.4564
242mTRP: 02,14|2|0.6602
203mCYS: 19,25|2|0.9769
164mTHR: 09,14|2|0.7009
335mSER: 07,24|2|0.3701
419mGLN: 06,15|2|0.0281
180mGLN: 04,27|2|0.5913
203mLYS: 19,27|2|0.6521
262mGLY: 01,27|2|1.2161
370mGLN: 08,10|2|0.4902
337mCYS: 07,08|2|1.0489
160mASP: 14,25|2|0.3002
259mTHR: 01,25|2|1.6729
181mVAL: 01,23|2|0.0262
178mGLN: 04,23|2|0.6891
191mALA: 00,21|2|0.7208
345mLYS: 08,16|2|0.6922
372mGLN: 08,10|2|0.8138
400mALA: 12,15|2|0.7207
123mCYS: 11,22|2|1.4608
261mGLU: 01,27|2|0.9879
190mTHR: 00,21|2|1.0594
259mGLN: 01,25|2|0.7619
375mPRO: 06,24|2|0.8475
140mHIS: 04,28|2|0.1639
179mLYS: 04,27|2|0.1576
379mTRP: 06,24|2|0.8417
239mTHR: 17,29|2|0.436
344mLYS: 08,16|2|0.7065
178mASN: 04,23|2|1.4235
456mCYS: 10,25|2|2.4134
323mSER: 07,15|2|0.4131
164mLYS: 09,14|2|0.6114
331mCYS: 07,15|2|1.0882
246mGLY: 18,22|2|0.1565
370mTHR: 08,10|2|2.0944
372mASN: 08,10|2|0.6238
208mALA: 11,22|2|1.6412
262mMET: 01,27|2|0.703
262mPRO: 01,27|2|0.6751
136mGLY: 11,18|2|0.2857
266mALA: 26,28|2|0.5227
262mVAL: 01,27|2|1.024
259mGLU: 01,25|2|1.633
347mLYS: 08,10|2|0.9321
180mLEU: 04,27|2|0.7147
251mARG: 17,29|2|0.5988
231mGLU: 19,25|2|0.3512
251mTRP: 14,17|2|0.5088
142mHIS: 26,28|2|1.0446
335mLEU: 07,24|2|0.4862
143mALA: 23,28|2|0.6496
347mTHR: 08,10|2|1.0783
261mTHR: 01,27|2|0.5714
267mLEU: 26,28|2|0.6575
323mASN: 07,15|2|0.357
262mSER: 01,27|2|0.7103
212mPHE: 04,23|2|0.1853
136mILE: 11,18|2|0.3617
120mMET: 04,23|2|0.5971
239mASP: 22,29|2|0.5596
230mLEU: 25,27|2|0.7129
158mSER: 14,19|2|1.0226
147mTYR: 26,28|2|0.4862
372mLEU: 08,10|2|0.835
132mCYS: 11,22|2|0.6478
208mSER: 11,22|2|0.9555
130mTRP: 18,29|2|0.7674
134mSER: 00,11|2|0.6952
400mLYS: 12,15|2|0.7264
304mGLY: 20,26|2|0.2564
246mSER: 18,22|2|0.1216
250mARG: 22,29|2|0.6216
250mMET: 22,29|2|0.621
193mASP: 00,02|2|0.65
265mLEU: 01,28|2|0.7849
140mCYS: 04,28|2|1.5915
409mTHR: 08,13|2|0.1556
346mMET: 08,10|2|0.1108
327mGLU: 13,15|2|0.262
248mTHR: 14,17|2|0.7443
240mMET: 09,14|2|0.1347
345mALA: 08,16|2|1.4017
229mASP: 01,27|2|1.6743
164mALA: 09,14|2|0.9477
265mASN: 01,04|2|1.1996
347mGLU: 08,10|2|0.7827
370mLYS: 08,10|2|1.4927
140mALA: 04,28|2|0.7595
248mCYS: 17,29|2|1.8492
204mALA: 19,25|2|0.2163
250mGLN: 22,29|2|0.205
206mCYS: 11,22|2|2.3352
228mPRO: 19,27|2|0.3763
143mLYS: 23,28|2|0.499
374mASP: 06,08|2|0.2899
134mTHR: 00,11|2|0.9093
267mTYR: 26,28|2|0.4258
334mHIS: 07,13|2|0.5414
259mVAL: 01,25|2|1.0905
190mVAL: 00,21|2|1.0677
216mCYS: 00,18|2|1.7241
248mGLU: 14,17|2|0.6094
204mTRP: 25,27|2|0.1635
267mGLY: 26,28|2|0.6018
269mGLU: 26,28|2|0.4884
164mASN: 09,14|2|0.2756
204mSER: 25,27|2|0.3225
404mGLU: 13,15|2|0.191
165mVAL: 09,21|2|0.7166
327mASN: 13,15|2|0.4707
336mCYS: 07,15|2|2.1687
216mILE: 00,18|2|0.0898
379mVAL: 06,24|2|1.2919
409mLYS: 08,13|2|0.3132
147mMET: 26,28|2|0.1594
124mCYS: 11,22|2|1.6863
334mGLU: 07,15|2|0.3324
268mCYS: 26,28|2|3.24
147mASP: 26,28|2|0.2102
144mTHR: 04,26|2|0.8441
197mGLY: 22,29|2|1.0264
202mTHR: 19,27|2|0.314
259mLYS: 01,25|2|0.7286
164mSER: 09,14|2|0.756
212mASP: 04,23|2|0.5474
178mMET: 23,27|2|0.3468
331mLYS: 13,24|2|0.2769
341mGLU: 08,24|2|0.1508
330mCYS: 07,15|2|0.9758
141mHIS: 23,28|2|0.3776
379mPRO: 06,24|2|1.0292
329mGLU: 07,15|2|0.5684
196mLYS: 17,22|2|0.4207
265mGLY: 01,28|2|1.0738
419mLEU: 06,15|2|0.2491
250mGLU: 14,29|2|1.1722
205mCYS: 19,22|2|0.8225
369mSER: 08,10|2|0.7981
207mPHE: 22,27|2|0.0132
143mVAL: 04,28|2|0.3459
250mILE: 22,29|2|0.905
336mHIS: 07,24|2|0.9295
231mASP: 01,27|2|0.5428
369mLYS: 08,10|2|1.4707
130mVAL: 18,29|2|0.7959
123mALA: 11,22|2|0.6397
119mLYS: 04,27|2|0.7215
231mALA: 01,27|2|0.8946
267mASP: 26,28|2|0.5337
265mILE: 01,04|2|0.5034
194mLEU: 00,21|2|0.567
374mCYS: 06,08|2|1.0091
239mLYS: 17,22|2|0.0694
240mLEU: 09,21|2|0.0652
196mTYR: 17,29|2|0.3447
337mILE: 07,08|2|0.4174
230mASP: 01,25|2|0.4185
251mASN: 14,29|2|0.8117
145mGLU: 04,28|2|1.0852
242mTYR: 09,21|2|0.6372
168mGLU: 09,21|2|0.7481
335mGLY: 07,24|2|0.5143
124mLYS: 22,29|2|0.5001
