243mGLU: 00,04,06,07,11,15,18,19,20,26,27,28,29|13|7.5479
164mTHR: 00,06,07,11,15,16,18,20,26,27,28|11|10.1092
164mGLU: 00,06,07,11,15,16,18,20,26,27,28|11|13.8442
245mGLU: 00,04,06,07,11,15,18,19,27,28,29|11|8.113
165mASP: 00,06,07,11,15,16,18,20,26,27,28|11|8.1402
242mSER: 00,04,06,11,15,18,19,20,26,27,28|11|6.9188
242mGLY: 00,04,06,11,15,18,19,20,26,27,28|11|7.1349
165mGLU: 00,06,07,11,15,16,18,20,26,27,28|11|10.3947
164mCYS: 00,06,07,11,15,16,18,20,26,27,28|11|11.323
242mALA: 00,04,06,11,15,18,19,20,26,27,28|11|5.7592
165mHIS: 00,06,07,11,15,16,18,20,26,27,28|11|7.7278
165mSER: 00,06,07,11,15,16,18,20,26,27,28|11|6.6146
243mTHR: 04,06,07,11,15,18,19,20,26,28,29|11|4.1071
164mVAL: 00,06,07,11,15,16,18,20,26,27,28|11|5.605
242mGLU: 00,04,06,11,15,18,19,20,26,27,28|11|10.7693
242mASP: 00,04,06,11,15,18,19,20,26,27,28|11|7.5502
165mGLY: 00,06,07,11,15,16,18,20,26,27,28|11|7.9234
165mLYS: 00,06,07,11,15,16,18,20,26,27,28|11|6.1033
165mGLN: 00,06,07,11,15,16,18,20,26,27,28|11|4.3061
242mLYS: 00,04,06,11,15,18,19,20,26,27,28|11|6.8252
242mTHR: 00,04,06,11,15,18,19,20,26,27,28|11|8.1593
242mGLN: 00,04,06,11,15,18,19,20,26,27,28|11|3.6906
165mTHR: 00,06,07,11,15,16,18,20,26,27,28|11|7.6937
242mHIS: 00,04,06,11,15,18,19,20,26,27,28|11|7.0991
164mILE: 00,06,07,11,15,16,18,20,26,28|10|3.9592
243mGLY: 00,07,11,15,19,20,26,27,28,29|10|1.9533
245mSER: 00,04,06,07,11,15,18,27,28,29|10|3.5424
245mASN: 00,04,06,07,11,15,18,27,28,29|10|4.2876
245mALA: 00,04,06,07,11,15,18,19,28,29|10|5.3112
165mASN: 00,06,07,11,16,18,20,26,27,28|10|6.8128
164mGLY: 00,06,07,11,15,16,18,20,26,28|10|10.2805
243mASP: 00,04,06,07,15,19,20,26,27,29|10|3.3078
164mLEU: 00,06,07,11,15,16,18,20,26,27|10|3.0109
242mILE: 00,04,06,11,15,18,19,20,27,28|10|1.6325
245mGLY: 00,04,06,07,11,15,18,27,28,29|10|5.186
164mALA: 00,06,07,11,15,16,18,20,26,28|10|9.3934
245mTHR: 00,04,06,07,11,15,18,27,28,29|10|6.6248
190mGLU: 00,06,11,15,16,18,20,25,26|9|3.6124
245mVAL: 00,04,06,07,11,15,18,28,29|9|5.6808
164mLYS: 00,06,07,11,15,16,18,26,28|9|8.5704
242mMET: 00,04,06,18,19,20,26,27,28|9|1.8642
242mVAL: 00,04,06,11,15,18,20,27,28|9|3.4237
245mILE: 00,04,06,07,11,15,18,28,29|9|4.9881
245mMET: 00,04,06,07,11,15,18,28,29|9|5.4436
165mILE: 00,06,11,15,18,20,26,27,28|9|2.7413
245mGLN: 00,04,06,07,11,15,18,28,29|9|5.5027
245mHIS: 00,04,06,07,11,15,18,28,29|9|4.0509
164mHIS: 00,06,07,11,15,16,18,26,28|9|6.6807
164mGLN: 00,06,07,11,15,16,18,27,28|9|3.6783
161mGLY: 00,07,11,13,18,19,20,28,29|9|0.9734
164mASN: 00,06,07,11,15,16,18,26,28|9|9.1
165mALA: 00,06,11,15,18,20,26,27,28|9|6.4477
242mASN: 00,04,06,11,15,18,20,27,28|9|7.6298
165mVAL: 00,06,11,16,18,20,26,27,28|9|3.9856
164mSER: 00,06,07,11,15,16,18,26,28|9|8.7088
190mGLY: 00,06,11,15,16,18,20,25,26|9|3.8166
245mLEU: 00,04,06,07,11,15,18,28,29|9|6.0631
194mTHR: 00,06,11,15,18,20,26,28|8|3.0937
194mASP: 00,06,11,15,18,20,26,28|8|3.0828
244mGLY: 04,06,07,15,18,20,21,28|8|1.5429
165mARG: 06,11,15,18,20,26,27,28|8|0.9403
167mHIS: 00,06,11,15,16,18,20,26|8|4.3733
243mALA: 07,11,18,19,20,26,28,29|8|2.5929
167mGLU: 00,06,11,15,16,18,20,26|8|3.8492
167mGLY: 00,06,11,15,16,18,20,26|8|4.2718
194mHIS: 00,06,11,15,18,20,26,28|8|4.0688
167mSER: 00,06,11,15,16,18,20,26|8|3.5438
167mLYS: 00,06,11,15,16,18,20,26|8|3.5388
167mALA: 00,06,11,15,16,18,20,26|8|3.9613
219mALA: 00,04,06,11,14,18,20,28|8|1.6454
194mGLU: 00,06,11,15,18,20,26,28|8|4.1606
167mILE: 00,06,11,15,16,18,20,26|8|2.3209
167mLEU: 00,06,11,15,16,18,20,26|8|2.1209
167mGLN: 00,06,11,15,16,18,20,26|8|2.4619
169mGLY: 00,06,15,16,20,25,26,28|8|1.5144
194mVAL: 00,06,11,15,18,20,26,28|8|1.5953
165mLEU: 00,06,15,18,20,26,27,28|8|2.9916
242mLEU: 00,04,06,18,19,20,27,28|8|1.6177
167mTHR: 00,06,11,15,16,18,20,26|8|3.7657
194mLYS: 00,06,11,15,18,20,26,28|8|2.7848
167mMET: 00,06,11,15,16,18,20,26|8|2.8078
190mTHR: 00,06,11,15,18,20,25,26|8|1.7694
194mGLY: 00,06,11,15,18,20,26,28|8|3.4638
164mMET: 00,06,07,11,15,16,20,27|8|3.2172
194mASN: 00,06,11,15,18,20,26,28|8|3.2892
243mLYS: 00,07,18,19,20,26,28,29|8|2.0117
243mSER: 00,07,11,15,19,20,26,29|8|2.1565
194mALA: 00,06,11,15,18,20,26,28|8|1.8739
245mTRP: 04,06,07,11,15,18,28,29|8|4.4632
191mGLY: 00,06,11,16,18,20,26,28|8|1.1344
167mASN: 00,06,11,16,18,20,26|7|3.8046
190mSER: 00,06,11,15,16,18,26|7|2.815
164mASP: 00,11,15,16,18,26,28|7|8.3946
161mSER: 00,07,11,13,20,28,29|7|0.379
190mASN: 00,11,15,16,18,20,26|7|1.5745
243mHIS: 07,11,19,20,26,28,29|7|2.1873
159mGLU: 00,07,11,13,19,27,29|7|3.0828
242mCYS: 00,04,11,15,18,19,28|7|6.2363
218mSER: 01,04,11,14,15,18,26|7|1.3097
190mLYS: 06,11,15,16,20,25,26|7|2.3626
165mPHE: 00,06,11,20,26,27,28|7|1.1847
165mCYS: 00,11,15,16,18,20,28|7|10.4977
245mASP: 00,04,06,07,11,15,27|7|5.5347
244mMET: 04,06,07,15,18,20,28|7|0.8317
243mCYS: 00,06,07,18,19,20,28|7|3.5495
194mILE: 00,06,11,18,20,26,28|7|0.5434
167mPHE: 00,06,11,16,18,20,26|7|1.1585
190mHIS: 00,06,11,16,18,20,25|7|2.1501
165mPRO: 00,11,15,16,18,20,28|7|2.3493
167mASP: 00,06,11,15,16,18,26|7|2.2439
244mSER: 04,07,15,18,20,21,28|7|0.3718
194mSER: 00,06,11,15,18,20,26|7|3.0258
219mLYS: 00,04,11,14,15,20,28|7|0.4652
161mHIS: 07,11,18,19,20,28,29|7|1.2454
245mCYS: 00,04,06,07,11,15,19|7|9.2941
242mPRO: 04,06,11,15,19,20,27|7|1.816
161mASN: 00,07,11,18,20,28,29|7|0.7216
190mASP: 06,11,15,16,20,25,26|7|2.4504
167mVAL: 00,06,11,16,18,20,26|7|3.1527
440mLYS: 11,14,16,25,26,28|6|4.7544
440mTHR: 11,14,16,25,26,28|6|3.8775
136mALA: 02,10,17,21,22,24|6|3.7574
219mHIS: 00,04,11,14,18,28|6|1.6887
218mGLU: 01,04,11,14,15,18|6|1.7094
217mALA: 01,04,14,15,18,26|6|1.5949
136mCYS: 02,10,17,21,22,24|6|6.0833
158mGLU: 07,13,19,27,28,29|6|5.3781
218mASN: 01,04,11,14,15,18|6|0.9207
245mPRO: 00,04,06,07,11,15|6|4.4792
245mPHE: 00,04,06,07,11,15|6|5.3572
440mSER: 11,14,16,25,26,28|6|2.9923
440mASN: 11,14,16,25,26,28|6|3.6323
440mPRO: 11,14,16,25,26,28|6|2.689
136mGLU: 02,10,17,21,22,24|6|4.3676
240mHIS: 00,06,11,20,26,28|6|0.7869
438mGLY: 11,14,16,23,25,28|6|1.9773
359mGLU: 16,18,23,26,27,28|6|2.1711
219mGLU: 00,04,11,14,15,28|6|1.8068
167mPRO: 06,15,16,18,20,26|6|1.2358
243mMET: 07,11,19,20,26,29|6|1.3638
190mLEU: 06,11,15,16,20,25|6|1.4629
218mGLY: 01,06,11,14,18,26|6|1.8175
168mGLY: 00,07,15,16,18,25|6|1.1066
163mGLU: 00,07,11,20,27,28|6|1.788
136mASP: 02,10,17,21,22,24|6|3.0206
119mGLY: 09,10,17,21,22,24|6|1.6392
159mGLY: 00,07,13,27,28,29|6|2.4695
440mALA: 11,14,16,25,26,28|6|4.2327
194mGLN: 00,06,11,18,20,26|6|1.9569
190mCYS: 06,11,15,16,20,25|6|5.6834
244mHIS: 06,07,15,18,20,28|6|1.0627
440mILE: 11,14,16,25,26,28|6|2.6
219mSER: 00,04,11,14,18,28|6|1.7365
440mGLY: 11,14,16,25,26,28|6|3.8337
190mALA: 06,11,15,16,20,25|6|4.1143
165mTRP: 06,07,15,20,26,27|6|1.4006
194mMET: 00,06,11,18,20,26|6|1.5912
438mALA: 11,14,16,23,25,28|6|2.8866
169mHIS: 00,06,18,20,26,28|6|1.18
243mLEU: 07,11,19,20,26,29|6|1.3925
440mVAL: 11,14,16,25,26,28|6|3.3481
219mGLY: 00,04,11,14,18,28|6|2.0177
440mCYS: 11,14,16,25,26,28|6|4.9255
242mARG: 04,06,15,19,20,27|6|1.1649
440mGLN: 11,14,16,25,26,28|6|1.912
218mTHR: 01,04,11,14,15,18|6|0.9339
167mARG: 00,11,15,18,20,26|6|1.1454
167mTRP: 00,06,11,15,16,20|6|1.1682
250mGLU: 07,13,19,27,28,29|6|3.0753
194mLEU: 00,06,11,18,20,26|6|0.9065
163mTHR: 00,07,11,20,27,28|6|0.9176
242mTYR: 00,06,15,19,20,27|6|1.65
168mGLU: 00,07,16,18,26,28|6|2.6983
219mLEU: 00,04,11,14,28|5|0.4374
245mTYR: 04,06,07,11,15|5|1.5265
440mGLU: 11,14,16,25,26|5|4.2938
136mVAL: 02,17,21,22,24|5|1.8299
219mASN: 00,04,11,14,28|5|1.3272
219mTHR: 00,04,11,14,28|5|1.29
251mGLY: 07,13,19,27,29|5|2.0998
359mALA: 16,18,23,26,27|5|1.3414
136mLYS: 02,10,17,21,24|5|2.8791
161mGLU: 00,11,13,19,27|5|1.1868
438mTHR: 11,14,16,23,28|5|1.658
356mGLY: 11,16,18,20,28|5|1.5787
163mASP: 00,07,11,20,28|5|1.5435
438mGLU: 11,14,16,23,28|5|2.7219
251mTHR: 07,13,19,27,29|5|3.7411
169mGLU: 15,18,20,26,28|5|1.5755
243mPHE: 07,19,20,26,29|5|0.5363
251mASN: 07,13,19,27,29|5|2.1543
168mCYS: 15,16,18,26,28|5|2.3769
218mALA: 01,06,14,18,26|5|1.5934
217mGLY: 01,04,15,18,26|5|1.2259
438mASN: 11,14,16,23,28|5|1.0384
158mTHR: 13,19,27,28,29|5|2.9988
165mMET: 06,15,20,26,27|5|2.8731
194mTRP: 00,06,11,18,26|5|1.0258
159mTHR: 00,07,13,27,29|5|2.8287
190mILE: 11,15,16,20,25|5|1.4368
248mALA: 00,07,13,27,28|5|1.2435
169mASP: 15,18,20,26,28|5|1.1093
136mTHR: 02,10,17,22,24|5|2.6159
169mALA: 15,16,20,25,28|5|1.9474
251mASP: 07,13,19,27,29|5|3.2963
440mASP: 11,14,16,25,26|5|3.1449
251mGLU: 07,13,19,27,29|5|5.2574
251mSER: 07,13,19,27,29|5|1.8935
356mGLU: 11,16,18,20,28|5|1.7542
438mCYS: 11,14,16,25,28|5|4.9415
180mCYS: 05,08,09,22,24|5|3.279
356mTHR: 11,16,18,20,28|5|0.8756
440mLEU: 14,16,25,26,28|5|1.7413
136mSER: 02,10,17,22,24|5|3.1603
190mPHE: 11,15,16,20,25|5|0.5072
159mALA: 00,13,27,28,29|5|2.3156
191mALA: 06,15,16,25,28|5|1.7533
190mMET: 00,06,11,16,18|5|1.0592
159mHIS: 00,07,13,27,29|5|1.3139
136mGLY: 02,10,17,22,24|5|3.7545
158mSER: 13,19,27,28,29|5|1.9441
159mSER: 00,07,13,27,29|5|2.3602
356mHIS: 11,16,18,20,28|5|1.0596
356mSER: 11,16,18,20,28|5|1.5136
359mSER: 16,18,23,26,27|5|1.2099
219mMET: 00,04,11,14,28|5|1.0893
248mCYS: 00,07,19,27,29|5|3.8932
440mHIS: 11,14,16,25,28|5|2.3674
158mGLY: 13,19,27,28,29|5|1.9847
190mVAL: 11,15,16,20,25|5|1.6112
119mHIS: 09,17,21,22,24|5|1.0473
191mLYS: 15,16,20,25,28|5|1.4553
242mTRP: 00,06,15,19,20|5|1.1303
169mLEU: 15,16,20,25,28|5|0.5174
247mCYS: 11,18,19,28|4|2.9245
249mARG: 00,07,11,27|4|1.1439
197mASN: 02,19,21,29|4|1.0258
178mVAL: 08,09,22,24|4|1.1981
127mTHR: 02,10,17,21|4|2.6883
204mVAL: 08,13,19,29|4|1.6524
169mCYS: 15,16,20,28|4|4.0652
297mTHR: 01,14,25,26|4|4.1831
206mALA: 02,17,19,29|4|2.329
293mCYS: 01,14,25,26|4|5.34
293mHIS: 01,14,25,26|4|2.4753
293mGLN: 01,14,25,26|4|1.3765
121mGLU: 10,17,21,22|4|1.489
293mPRO: 01,14,25,26|4|1.7443
163mILE: 00,07,11,20|4|0.3774
249mASN: 00,07,11,27|4|2.2048
127mGLY: 02,10,17,21|4|1.3798
301mGLY: 01,14,25,26|4|2.9829
123mGLN: 10,17,21,22|4|1.2207
293mLEU: 01,14,25,26|4|1.541
249mILE: 00,07,11,27|4|1.3456
157mGLY: 19,27,28,29|4|1.1284
293mGLY: 01,14,25,26|4|2.3578
178mLYS: 08,09,22,24|4|1.2195
197mGLU: 02,19,21,29|4|1.2459
243mVAL: 07,19,20,28|4|0.4243
180mLYS: 05,08,09,24|4|2.0851
197mHIS: 02,19,21,29|4|1.3112
301mTHR: 01,14,25,26|4|3.5703
123mGLU: 10,17,21,22|4|2.955
163mASN: 00,07,11,28|4|0.4866
265mALA: 08,09,22,24|4|1.9738
300mGLU: 01,14,25,26|4|2.7161
251mALA: 07,13,19,29|4|2.032
158mASN: 13,19,27,28|4|1.8137
265mCYS: 08,09,22,24|4|1.7587
219mILE: 00,04,14,28|4|0.222
159mASN: 00,07,13,27|4|2.1961
249mHIS: 00,07,11,27|4|3.259
163mVAL: 00,07,11,20|4|1.0442
137mGLU: 02,10,22,24|4|2.5628
204mGLU: 08,13,19,29|4|1.8111
119mSER: 09,17,21,24|4|0.8847
178mGLY: 08,09,22,24|4|1.5399
181mLYS: 05,08,09,24|4|1.2756
157mSER: 19,27,28,29|4|1.1394
124mTHR: 02,10,17,21|4|0.8007
297mASN: 01,14,25,26|4|3.2294
204mGLN: 08,13,19,29|4|0.6696
249mLYS: 00,07,11,27|4|3.0702
244mLEU: 04,06,15,21|4|2.0896
157mALA: 00,07,28,29|4|0.086
136mPHE: 02,17,22,24|4|1.134
164mTYR: 00,11,15,16|4|0.7176
297mSER: 01,14,25,26|4|2.7541
135mSER: 02,10,17,22|4|1.0128
124mGLU: 02,10,17,21|4|1.4403
157mASN: 19,27,28,29|4|1.3448
191mGLU: 15,18,20,26|4|1.4191
204mASN: 08,13,19,29|4|1.118
297mGLU: 01,14,25,26|4|4.7811
244mVAL: 04,06,15,21|4|2.3938
240mASN: 00,06,20,26|4|0.1725
218mHIS: 01,14,18,26|4|0.7257
440mARG: 11,14,25,28|4|1.0401
244mASP: 04,06,15,21|4|1.3097
293mASN: 01,14,25,26|4|1.6472
127mALA: 02,10,17,21|4|1.7183
164mPRO: 00,11,16,28|4|2.3429
123mTHR: 10,17,21,22|4|2.3299
293mPHE: 01,14,25,26|4|1.011
163mLEU: 00,07,20,27|4|0.0974
249mPRO: 00,07,11,27|4|1.6182
219mGLN: 00,04,14,28|4|0.639
248mHIS: 00,07,13,28|4|1.1909
197mMET: 02,19,21,29|4|1.4006
191mCYS: 06,15,16,20|4|3.0215
127mGLU: 02,10,17,21|4|3.3575
206mTRP: 02,17,19,29|4|2.2477
440mPHE: 16,25,26,28|4|1.2224
293mGLU: 01,14,25,26|4|2.3605
244mTHR: 04,06,15,21|4|2.7903
158mHIS: 13,19,28,29|4|1.1651
240mGLY: 06,20,26,28|4|0.2517
135mTHR: 02,10,17,21|4|1.0467
265mGLU: 05,09,22,24|4|2.3855
161mMET: 07,20,28,29|4|0.5905
266mASN: 05,09,22,24|4|1.835
119mCYS: 10,17,21,22|4|4.378
301mSER: 01,14,25,26|4|2.068
141mSER: 10,17,22,24|4|1.1364
126mGLY: 02,10,17,29|4|0.7469
301mASN: 01,14,25,26|4|2.1325
293mASP: 01,14,25,26|4|2.3908
249mSER: 00,07,11,27|4|1.7243
158mASP: 07,13,19,27|4|2.0563
266mSER: 05,09,22,24|4|1.5212
249mTHR: 00,07,11,27|4|2.5389
157mHIS: 19,27,28,29|4|1.6182
169mVAL: 16,20,25,28|4|1.1562
204mTHR: 08,13,19,29|4|2.0566
266mGLU: 05,09,22,24|4|2.8092
219mVAL: 00,04,14,28|4|0.4575
141mGLY: 10,17,22,24|4|1.7695
359mTHR: 16,23,26,27|4|1.3412
250mALA: 07,13,19,28|4|1.8153
301mLEU: 01,14,25,26|4|3.9097
297mHIS: 01,14,25,26|4|3.0274
251mHIS: 07,19,27,29|4|1.2398
191mASP: 06,15,20,26|4|0.8872
197mVAL: 02,19,21,29|4|0.8936
206mMET: 02,17,19,29|4|2.972
157mGLU: 19,27,28,29|4|1.4338
297mGLY: 01,14,25,26|4|3.3201
197mLEU: 02,19,21,29|4|1.0
181mCYS: 05,08,09,24|4|1.995
206mGLY: 02,17,19,29|4|2.4613
194mPRO: 11,15,20,28|4|1.1662
157mGLN: 19,27,28,29|4|0.611
124mALA: 02,10,17,21|4|1.7645
124mASP: 02,10,17,21|4|0.9286
206mHIS: 02,17,19,29|4|2.2398
206mVAL: 02,17,19,29|4|2.9271
159mMET: 00,07,27,29|4|0.9304
248mASN: 00,07,13,28|4|1.2275
248mGLY: 00,07,13,28|4|1.7054
180mALA: 08,09,22,24|4|2.7566
178mTHR: 08,09,22,24|4|1.1906
135mHIS: 02,17,21,22|4|1.0601
204mGLY: 08,13,19,29|4|1.8426
293mTHR: 01,14,25,26|4|2.1649
244mGLU: 04,06,15,21|4|2.9565
178mILE: 08,09,22,24|4|0.5745
159mLYS: 00,07,13,27|4|1.9359
362mHIS: 11,16,23,26|4|1.8336
293mLYS: 01,14,25,26|4|2.5988
127mHIS: 02,10,17,21|4|0.6496
293mSER: 01,14,25,26|4|1.5056
300mTHR: 01,14,25,26|4|1.1906
136mASN: 10,17,22,24|4|2.0117
297mGLN: 01,14,25,26|4|3.3473
249mALA: 00,07,11,27|4|2.9564
249mCYS: 00,07,11,27|4|6.3137
217mGLU: 01,04,15,18|4|1.1111
293mALA: 01,14,25,26|4|3.0646
356mLEU: 11,16,20,28|4|0.4115
359mLYS: 16,18,23,26|4|1.4766
206mLEU: 02,17,19,29|4|3.0173
158mALA: 13,19,28,29|4|0.8407
197mSER: 02,19,21,29|4|0.9696
169mTHR: 18,20,25,28|4|0.9099
301mVAL: 01,14,25,26|4|3.5474
206mGLN: 02,17,19,29|4|2.8617
181mGLY: 08,09,22,24|4|0.5049
438mVAL: 14,16,23,28|4|1.1297
157mTHR: 19,27,28,29|4|1.167
163mCYS: 00,07,11,20|4|4.6264
248mVAL: 00,07,13,28|4|0.8734
219mTRP: 00,04,14,28|4|0.4766
266mTHR: 05,09,22,24|4|2.2152
178mHIS: 08,09,22,24|4|1.8069
301mALA: 01,14,25,26|4|3.2364
301mILE: 01,14,25,26|4|3.4904
249mGLY: 00,07,11,27|4|2.6354
265mGLY: 08,09,22,24|4|2.0761
438mLEU: 14,16,23,28|4|0.3911
141mGLU: 10,17,22,24|4|1.6018
178mASN: 08,09,22,24|4|1.245
244mALA: 04,06,15,21|4|2.4356
293mVAL: 01,14,25,26|4|2.6984
119mGLU: 10,17,21,22|4|1.2257
178mALA: 08,09,22,24|4|1.3398
251mGLN: 07,13,19,29|4|1.3557
194mARG: 11,15,20,28|4|1.0075
249mASP: 00,07,11,27|4|3.1203
136mILE: 02,17,22,24|4|1.9761
163mHIS: 00,07,11,28|4|1.075
206mGLU: 02,17,19,29|4|3.2507
301mGLU: 01,14,25,26|4|4.244
438mLYS: 11,14,16,28|4|2.0955
250mCYS: 07,13,19,27|4|3.8217
197mGLN: 02,19,21,29|4|1.0856
136mHIS: 02,10,17,22|4|2.6295
126mGLU: 02,17,21,29|4|3.359
301mGLN: 01,14,25,26|4|3.26
244mILE: 04,06,15,21|4|0.9518
206mSER: 02,17,19,29|4|1.9088
137mTHR: 02,10,22,24|4|1.3989
119mALA: 10,17,21,22|4|2.6799
204mALA: 08,13,19,29|4|1.7605
297mASP: 01,14,25,26|4|2.8378
206mTHR: 02,17,19,29|4|3.482
356mASN: 11,16,18,28|4|0.7882
163mGLY: 00,07,11,28|4|0.7139
250mTHR: 07,19,28,29|4|1.7083
249mVAL: 00,07,11,27|4|2.3984
356mGLN: 11,16,18,28|4|0.4391
293mILE: 01,14,25,26|4|1.602
248mGLU: 00,07,13,28|4|2.9975
206mASN: 02,17,19,29|4|2.1765
169mASN: 18,20,26,28|4|0.5078
249mLEU: 00,07,11,27|4|1.004
266mGLY: 05,08,09,24|4|1.6001
204mSER: 08,13,19,29|4|0.9435
301mMET: 01,14,25,26|4|3.188
244mCYS: 04,06,15,21|4|5.14
124mCYS: 02,10,17,21|4|4.2632
197mILE: 02,19,21,29|4|0.6863
248mSER: 00,07,13,28|4|1.314
197mGLY: 02,19,21,29|4|1.2061
301mTRP: 01,14,25,26|4|2.9128
135mGLU: 02,10,17,21|4|2.3493
217mLYS: 04,15,18,26|4|0.6697
204mHIS: 08,13,19,29|4|1.331
126mCYS: 02,17,21,29|4|2.1648
180mGLU: 05,08,09,24|4|1.8914
123mASP: 10,17,21,22|4|1.7373
206mILE: 02,17,19,29|4|2.4714
197mTHR: 02,19,21,29|4|1.2086
168mSER: 00,07,16,18|4|0.6266
301mHIS: 01,14,25,26|4|2.0187
362mASP: 11,16,23,26|4|1.5484
204mLEU: 08,13,19,29|4|0.9937
119mLYS: 10,17,21,22|4|2.3215
249mGLN: 00,07,11,27|4|1.5264
141mALA: 10,17,22,24|4|1.4651
197mTRP: 02,19,21,29|4|0.9181
249mGLU: 00,07,11,27|4|3.3809
197mALA: 02,19,21,29|4|0.6742
357mLYS: 11,20,23|3|0.2079
205mPHE: 08,09,29|3|3.5843
123mLYS: 10,17,21|3|1.1899
219mCYS: 06,18,20|3|1.9832
132mSER: 10,17,21|3|0.8185
301mASP: 01,14,26|3|3.2727
203mGLU: 08,19,29|3|0.6545
124mVAL: 02,10,17|3|0.6126
250mASN: 07,28,29|3|1.0637
205mPRO: 08,09,29|3|2.6368
126mMET: 10,17,29|3|0.472
191mTHR: 20,25,28|3|0.6964
140mVAL: 10,22,24|3|1.1144
164mARG: 00,11,15|3|1.2146
296mGLU: 01,14,25|3|1.3489
217mHIS: 04,15,18|3|0.8322
132mASN: 10,17,21|3|1.1321
300mCYS: 01,14,26|3|1.9183
362mGLY: 11,16,23|3|1.752
444mARG: 11,16,26|3|0.0504
250mSER: 07,28,29|3|1.0461
193mHIS: 04,11,18|3|0.8739
358mASP: 16,18,27|3|0.6215
178mSER: 08,22,24|3|1.0385
235mALA: 13,19,29|3|1.233
268mGLU: 05,22,24|3|2.9581
121mSER: 17,21,24|3|0.3054
444mTRP: 11,16,26|3|0.4995
281mASP: 20,25,26|3|0.4733
172mGLN: 11,20,25|3|0.6601
244mPRO: 04,06,21|3|0.1459
444mHIS: 11,16,26|3|1.2171
218mVAL: 01,14,26|3|0.5566
265mVAL: 09,22,24|3|1.0779
262mGLU: 05,08,09|3|2.0882
444mILE: 11,16,26|3|0.2133
119mASP: 17,21,22|3|1.8034
163mALA: 00,07,11|3|1.4292
245mARG: 04,06,15|3|0.0388
235mHIS: 13,19,29|3|0.7028
172mGLY: 11,20,25|3|1.1299
205mTYR: 08,09,29|3|0.8301
235mGLU: 13,19,29|3|1.6563
138mGLU: 17,22,24|3|0.4213
262mHIS: 05,08,24|3|0.636
134mGLU: 04,17,21|3|1.0409
136mMET: 02,17,22|3|1.8701
146mPHE: 05,22,24|3|0.7432
182mASP: 05,08,09|3|0.9141
191mASN: 20,26,28|3|0.6282
268mASN: 05,22,24|3|1.7322
140mLYS: 10,22,24|3|1.2112
297mTRP: 01,14,26|3|2.7743
164mTRP: 11,15,16|3|0.8233
193mSER: 04,11,18|3|0.6407
243mTYR: 07,19,20|3|0.8764
358mGLY: 16,18,27|3|0.8685
191mILE: 16,25,28|3|0.4614
444mLYS: 11,16,26|3|0.2088
229mSER: 05,08,09|3|0.879
206mASP: 02,17,29|3|2.0753
357mHIS: 00,11,20|3|0.4427
296mTHR: 01,14,25|3|0.1843
249mMET: 00,11,27|3|0.9212
146mCYS: 05,22,24|3|4.4808
362mALA: 11,16,23|3|2.0479
438mASP: 14,16,28|3|2.0036
249mPHE: 00,11,27|3|0.8322
194mCYS: 15,20,28|3|3.6415
266mASP: 05,08,24|3|1.4413
158mGLN: 13,19,28|3|0.6682
191mHIS: 00,20,28|3|0.5868
134mCYS: 02,17,21|3|1.3426
204mILE: 08,13,29|3|0.5092
281mVAL: 20,25,26|3|0.8867
135mALA: 02,10,17|3|1.7161
123mTRP: 10,17,21|3|0.6089
141mLEU: 10,17,22|3|1.203
300mLEU: 01,14,26|3|0.9097
178mLEU: 08,22,24|3|0.4573
251mLEU: 07,13,19|3|1.7033
357mSER: 11,20,23|3|0.3149
146mGLY: 05,22,24|3|2.1056
358mSER: 16,18,27|3|0.5206
250mLYS: 07,19,28|3|1.7429
362mASN: 11,16,23|3|1.7572
172mHIS: 11,20,25|3|0.91
205mGLN: 08,09,29|3|3.9331
138mLEU: 17,22,24|3|0.2327
127mASN: 02,10,21|3|1.4301
140mGLY: 10,22,24|3|1.4543
124mHIS: 02,10,21|3|0.6105
140mLEU: 10,22,24|3|0.6091
135mCYS: 02,17,21|3|3.2821
440mMET: 14,25,28|3|1.0943
240mSER: 06,20,26|3|0.1584
169mILE: 16,20,28|3|0.4394
297mILE: 01,14,26|3|2.6419
132mHIS: 10,17,21|3|1.466
357mALA: 11,20,23|3|0.8767
265mASN: 09,22,24|3|0.7264
362mLEU: 11,16,23|3|0.6002
204mLYS: 08,13,29|3|0.7135
444mGLN: 11,16,26|3|0.6165
356mMET: 11,16,28|3|0.625
127mLEU: 10,17,21|3|0.8848
362mGLN: 11,16,23|3|0.4954
217mASP: 01,15,18|3|1.2714
301mPHE: 01,14,26|3|3.6084
205mSER: 08,09,29|3|2.516
193mGLY: 04,11,18|3|0.8565
205mHIS: 08,09,29|3|2.8589
297mMET: 01,14,26|3|3.2962
362mGLU: 11,16,23|3|2.9429
172mTRP: 11,20,25|3|0.5522
281mLEU: 20,25,26|3|1.0843
444mGLU: 11,16,26|3|0.6282
193mGLU: 04,11,18|3|0.3842
172mMET: 11,20,25|3|0.6557
132mGLU: 10,17,21|3|1.5805
126mHIS: 02,10,29|3|0.4609
281mPHE: 20,25,26|3|0.7358
146mASN: 05,22,24|3|0.9696
126mLEU: 02,17,29|3|0.63
438mPRO: 11,16,28|3|0.7743
146mTHR: 05,22,24|3|2.0696
123mGLY: 10,17,21|3|1.9094
250mGLY: 07,28,29|3|1.038
120mHIS: 10,21,24|3|0.6374
135mLYS: 02,10,17|3|1.2814
250mVAL: 07,13,28|3|0.9873
180mGLY: 08,22,24|3|2.2055
179mASN: 08,22,24|3|0.1518
205mGLY: 08,09,29|3|3.3883
172mGLU: 11,20,25|3|0.7857
440mTRP: 16,25,26|3|0.3604
172mTHR: 11,20,25|3|0.6004
293mMET: 01,14,25|3|0.9212
123mASN: 10,17,21|3|2.1966
438mSER: 14,23,25|3|0.8141
206mPHE: 02,17,29|3|2.3602
181mGLU: 05,08,09|3|1.6643
444mASN: 11,16,26|3|0.8118
362mLYS: 11,16,23|3|2.3461
141mASN: 10,17,22|3|1.3058
141mILE: 10,17,22|3|1.0456
178mGLU: 08,09,22|3|0.9015
147mGLY: 08,22,24|3|0.6988
218mILE: 01,14,26|3|0.4028
356mASP: 11,18,20|3|1.3434
178mASP: 08,09,22|3|0.4216
265mPHE: 09,22,24|3|0.1809
120mGLY: 10,21,24|3|0.6746
140mTHR: 10,22,24|3|1.3804
140mMET: 10,22,24|3|1.0016
261mGLY: 05,08,09|3|0.9437
357mASP: 00,20,23|3|0.5059
137mCYS: 10,17,22|3|3.2263
132mTHR: 10,17,21|3|1.1123
237mGLU: 13,19,29|3|0.2743
262mASP: 05,08,09|3|0.7279
172mASN: 11,20,25|3|0.6712
297mPRO: 01,14,26|3|1.5969
265mMET: 09,22,24|3|0.9202
229mTHR: 05,08,09|3|1.361
141mVAL: 10,17,22|3|1.4713
127mVAL: 10,17,21|3|1.1319
193mTHR: 04,11,18|3|0.3904
297mVAL: 01,14,26|3|2.9487
135mGLY: 02,17,22|3|1.2845
181mALA: 05,09,24|3|1.0351
268mSER: 05,22,24|3|1.4268
191mVAL: 16,25,28|3|0.6204
182mCYS: 05,08,09|3|2.7265
123mTYR: 10,17,21|3|0.7911
206mPRO: 02,17,29|3|1.8464
172mLEU: 11,20,25|3|0.7514
297mALA: 01,14,26|3|2.4484
229mGLU: 05,08,09|3|2.2965
158mVAL: 13,19,28|3|0.3666
261mASP: 05,08,09|3|0.7992
281mILE: 20,25,26|3|0.9836
126mVAL: 02,17,29|3|0.3643
158mCYS: 07,13,19|3|2.3075
163mPHE: 00,07,20|3|0.1534
141mMET: 10,17,22|3|1.5702
248mGLN: 00,07,13|3|0.8479
355mGLY: 14,16,26|3|0.2083
146mHIS: 05,22,24|3|1.5756
203mVAL: 08,19,29|3|0.2361
123mSER: 10,17,21|3|2.1123
205mVAL: 08,09,29|3|3.6936
444mTHR: 11,16,26|3|0.6864
163mLYS: 00,07,11|3|1.353
217mTHR: 04,15,18|3|0.7821
161mASP: 00,11,19|3|0.5776
355mMET: 14,16,26|3|0.3657
146mILE: 05,22,24|3|1.3135
362mSER: 11,16,23|3|1.7804
296mASP: 01,14,25|3|0.6861
205mILE: 08,09,29|3|3.415
138mVAL: 17,22,24|3|0.1384
262mTHR: 05,08,09|3|1.1388
141mGLN: 10,17,22|3|1.3208
167mCYS: 15,18,26|3|4.1442
121mGLY: 17,21,24|3|0.5035
182mGLY: 05,08,09|3|0.7039
300mPHE: 01,14,26|3|0.2319
251mVAL: 07,13,19|3|1.6605
124mGLY: 02,10,21|3|0.8817
435mLYS: 11,16,23|3|0.3937
119mMET: 09,21,24|3|0.4688
138mTHR: 17,22,24|3|0.3646
265mSER: 09,22,24|3|1.6511
297mCYS: 01,14,26|3|2.7956
297mLEU: 01,14,26|3|3.2049
301mPRO: 01,14,26|3|2.8636
146mGLN: 05,22,24|3|0.7218
265mTHR: 05,22,24|3|0.9722
179mGLY: 08,09,22|3|0.1707
268mGLY: 05,22,24|3|1.79
146mGLU: 05,22,24|3|3.1086
205mASN: 08,09,29|3|2.918
281mGLU: 20,25,26|3|1.063
203mCYS: 08,19,29|3|1.5155
205mALA: 08,09,29|3|3.0806
119mTHR: 10,21,22|3|0.8721
217mSER: 04,15,18|3|0.9562
205mASP: 08,09,29|3|3.3195
262mGLY: 05,08,24|3|0.9174
205mMET: 08,09,29|3|3.9527
169mLYS: 15,16,20|3|0.6253
140mGLU: 10,22,24|3|1.0485
444mALA: 11,16,26|3|0.288
126mTHR: 02,17,29|3|1.845
162mGLU: 07,11,27|3|0.305
127mSER: 02,10,21|3|1.9607
178mGLN: 08,22,24|3|0.7243
281mCYS: 20,25,26|3|2.5893
146mSER: 05,22,24|3|1.3243
136mGLN: 02,17,22|3|1.1381
205mTHR: 08,09,29|3|4.2918
261mGLU: 05,08,09|3|1.8245
140mGLN: 10,22,24|3|0.8269
140mHIS: 10,22,24|3|1.3639
179mHIS: 08,09,22|3|0.4332
190mPRO: 16,20,25|3|0.7097
140mSER: 10,22,24|3|1.2804
444mMET: 11,16,26|3|1.0407
127mLYS: 02,10,21|3|1.6866
266mALA: 05,08,24|3|1.55
146mLEU: 05,22,24|3|1.6047
162mTHR: 07,11,27|3|0.1528
358mGLU: 16,18,27|3|0.8717
123mVAL: 17,21,22|3|0.5117
261mSER: 05,08,09|3|1.0928
205mTRP: 08,09,29|3|3.5246
444mSER: 11,16,26|3|0.8448
235mCYS: 13,19,29|3|2.8946
146mALA: 05,22,24|3|2.5153
444mGLY: 11,16,26|3|0.9294
140mASN: 10,22,24|3|1.5322
194mTYR: 11,15,20|3|0.8512
262mSER: 05,08,24|3|0.8213
172mALA: 11,20,25|3|0.5726
141mTHR: 10,17,22|3|1.7516
172mVAL: 11,20,25|3|0.5674
359mCYS: 18,23,27|3|1.6787
268mTHR: 05,22,24|3|2.5502
146mVAL: 05,22,24|3|2.0154
120mMET: 10,21,24|3|0.6092
146mMET: 05,22,24|3|1.0407
261mASN: 05,08,09|3|1.0207
193mMET: 04,11,18|3|0.6105
204mMET: 08,13,19|3|0.774
140mTRP: 10,22,24|3|0.4475
444mLEU: 11,16,26|3|0.4563
265mLEU: 09,22,24|3|1.0019
248mTHR: 00,07,13|3|1.9566
240mMET: 06,20,26|3|0.3543
136mLEU: 02,17,22|3|2.1915
444mASP: 11,16,26|3|0.0753
218mCYS: 01,06,26|3|1.5568
362mTHR: 11,16,23|3|2.5138
140mALA: 10,22,24|3|1.2249
135mASP: 02,17,21|3|1.5302
435mASP: 11,16,23|3|0.0686
206mCYS: 02,17,29|3|3.159
140mILE: 10,22,24|3|0.7989
244mPHE: 04,06,21|3|0.5553
217mLEU: 01,15,18|3|0.7168
134mTHR: 02,04,21|3|0.3617
435mALA: 11,16,23|3|0.2831
444mVAL: 11,16,26|3|0.42
119mVAL: 10,21,22|3|0.4538
357mTHR: 11,20,23|3|0.1775
205mLEU: 08,09,29|3|4.0925
296mCYS: 01,14,25|3|1.3588
159mLEU: 00,27,29|3|0.6357
168mTHR: 07,18,28|3|1.0256
297mPHE: 01,14,26|3|2.654
251mCYS: 07,13,19|3|3.8961
123mLEU: 10,21,22|3|0.7017
243mILE: 07,19,20|3|0.4852
244mGLN: 04,06,21|3|0.7671
178mMET: 08,22,24|3|1.1921
123mHIS: 10,17,21|3|1.9845
265mHIS: 09,22,24|3|1.1295
146mASP: 05,22,24|3|1.5042
141mHIS: 10,17,22|3|1.4323
293mARG: 01,14,25|3|0.9159
357mCYS: 18,20,23|3|1.1431
132mGLY: 10,17,21|3|1.0014
357mGLY: 18,20,23|3|0.5374
359mASP: 18,23,27|3|1.07
301mCYS: 01,14,26|3|5.4312
261mLYS: 05,08,09|3|0.8584
266mCYS: 05,08,24|3|2.1165
240mGLU: 00,11,28|3|0.6696
172mSER: 11,20,25|3|0.7761
356mTRP: 11,16,28|3|0.1031
218mLEU: 01,14,26|3|0.7158
205mCYS: 08,09,29|3|4.2575
243mGLN: 19,26,29|3|0.4277
160mHIS: 07,19,29|3|0.3584
217mPRO: 01,15,18|3|0.2828
205mGLU: 08,09,29|3|4.6917
123mALA: 10,17,21|3|0.753
172mILE: 11,20,25|3|0.246
444mPHE: 11,16,26|3|0.0504
127mASP: 02,17,21|3|0.987
265mILE: 09,22,24|3|1.0644
356mLYS: 11,18,20|3|1.0286
359mGLY: 18,23,27|3|1.3959
124mLYS: 02,10,21|3|0.9319
168mVAL: 07,25,28|3|0.1909
362mVAL: 11,16|2|1.4702
235mPHE: 13,19|2|1.5182
356mCYS: 18,20|2|1.0847
217mMET: 15,18|2|0.6008
124mLEU: 17,21|2|0.7804
335mGLN: 03,12|2|0.4349
268mILE: 05,24|2|2.0469
335mTHR: 03,12|2|1.0074
335mASN: 03,12|2|0.9076
126mILE: 17,29|2|0.0745
220mLYS: 11,18|2|0.4618
134mMET: 02,04|2|0.313
182mLEU: 05,09|2|0.4459
127mCYS: 17,21|2|2.2067
220mTHR: 11,18|2|0.819
361mHIS: 16,23|2|0.2482
217mCYS: 18,26|2|1.8407
182mGLU: 08,09|2|1.4102
300mALA: 01,26|2|0.5826
299mTHR: 01,25|2|1.285
248mLEU: 00,13|2|0.835
240mASP: 11,28|2|0.4788
158mLEU: 13,28|2|0.4118
265mLYS: 09,22|2|0.6249
356mILE: 11,20|2|0.3891
217mPHE: 15,18|2|0.2928
292mASP: 01,14|2|0.1288
359mLEU: 23,27|2|0.8212
237mLEU: 13,29|2|0.0822
268mMET: 05,24|2|1.9834
243mARG: 19,29|2|0.2611
126mASP: 02,29|2|0.811
235mVAL: 13,19|2|1.3648
181mHIS: 09,22|2|0.2335
147mTHR: 22,24|2|0.3255
228mPHE: 08,09|2|1.0296
122mASP: 10,21|2|0.528
181mASN: 08,09|2|0.2469
139mGLU: 10,24|2|0.3421
336mSER: 03,12|2|1.3734
220mPHE: 11,18|2|0.2378
331mVAL: 03,12|2|0.6232
121mALA: 17,21|2|0.4632
193mASN: 04,11|2|0.1953
137mMET: 22,24|2|0.6738
311mGLY: 01,25|2|0.5424
359mPRO: 18,27|2|0.2467
144mGLY: 22,24|2|0.2616
355mHIS: 14,26|2|0.2482
201mSER: 19,29|2|0.5054
335mHIS: 03,12|2|1.2285
336mASN: 03,12|2|0.9041
250mILE: 07,28|2|0.4729
134mASP: 02,21|2|0.1548
122mLEU: 10,21|2|0.835
206mTYR: 17,29|2|0.5259
266mPRO: 05,24|2|0.9838
182mTHR: 08,09|2|0.8367
435mILE: 11,16|2|0.0802
120mTHR: 10,21|2|0.4424
147mHIS: 08,22|2|0.2704
439mGLU: 14,28|2|0.7102
124mSER: 02,21|2|0.3652
217mTRP: 15,18|2|0.2837
268mALA: 05,24|2|1.8114
159mVAL: 00,27|2|1.0183
267mGLY: 22,24|2|0.2839
220mALA: 11,18|2|0.451
168mMET: 07,28|2|0.5146
228mASP: 08,09|2|0.8638
220mVAL: 11,18|2|0.4697
266mMET: 05,24|2|1.692
358mVAL: 18,27|2|0.5355
240mCYS: 11,28|2|1.833
168mLEU: 07,28|2|0.4606
157mVAL: 28,29|2|0.1408
220mSER: 11,18|2|0.8878
268mGLN: 05,24|2|2.1696
357mMET: 00,20|2|0.108
138mASN: 17,24|2|0.399
250mHIS: 07,28|2|0.5448
267mLEU: 22,24|2|0.1648
267mTHR: 22,24|2|0.5531
126mGLN: 17,29|2|0.2541
134mLEU: 02,04|2|0.1453
358mALA: 18,27|2|0.8427
147mVAL: 22,24|2|0.2153
362mCYS: 11,16|2|3.0021
251mPHE: 07,13|2|1.3512
218mGLN: 01,14|2|0.5242
144mLYS: 22,24|2|0.7041
190mARG: 16,20|2|0.1424
235mTYR: 13,19|2|0.4434
228mCYS: 08,09|2|1.9708
132mLYS: 17,21|2|0.4494
199mCYS: 02,29|2|0.43
122mTHR: 10,21|2|0.9669
267mGLU: 22,24|2|0.77
147mSER: 08,22|2|0.5246
229mALA: 05,08|2|1.379
435mASN: 11,16|2|0.3894
146mLYS: 22,24|2|1.4008
178mARG: 09,24|2|0.228
235mGLY: 13,19|2|0.971
228mGLY: 08,09|2|0.6492
311mSER: 01,25|2|0.5627
299mGLY: 01,25|2|0.6596
438mPHE: 16,28|2|0.0288
201mTRP: 19,29|2|0.9779
243mPRO: 19,29|2|0.1385
358mTHR: 16,27|2|0.1962
331mALA: 03,12|2|1.0854
122mSER: 10,21|2|0.6751
168mASP: 15,18|2|0.4737
157mLEU: 28,29|2|0.165
362mPHE: 11,16|2|0.0776
358mHIS: 16,18|2|0.2662
122mALA: 10,21|2|0.5653
217mASN: 04,15|2|0.3562
267mTRP: 22,24|2|0.0663
217mGLN: 15,18|2|0.4338
157mILE: 28,29|2|0.003
201mPRO: 19,29|2|0.7873
235mPRO: 13,19|2|1.3384
299mASP: 01,25|2|0.758
132mTRP: 10,21|2|0.281
281mGLN: 25,26|2|0.3393
281mTHR: 25,26|2|0.5219
268mPHE: 05,24|2|2.2245
122mASN: 10,21|2|0.7423
159mCYS: 19,28|2|0.7509
181mASP: 05,08|2|0.4922
201mASP: 19,29|2|0.9807
160mMET: 07,29|2|0.1113
237mHIS: 19,29|2|0.4202
246mHIS: 21,29|2|0.3926
201mLEU: 19,29|2|1.2137
179mALA: 09,24|2|0.4452
216mSER: 04,15|2|0.2269
235mASP: 13,19|2|1.399
122mGLY: 10,21|2|0.8834
336mGLU: 03,12|2|1.6699
136mARG: 02,10|2|0.159
355mTHR: 03,16|2|0.4342
261mALA: 05,09|2|0.1695
142mGLU: 22,24|2|1.5014
251mMET: 07,13|2|0.5639
235mARG: 13,19|2|0.0194
268mLEU: 05,24|2|2.34
235mGLN: 13,19|2|1.3558
220mGLN: 11,18|2|0.5202
138mGLN: 17,24|2|0.2688
239mHIS: 07,29|2|0.2482
229mLYS: 05,08|2|0.7355
439mTHR: 14,28|2|0.2031
266mPHE: 05,24|2|1.4126
162mHIS: 07,11|2|0.4004
192mHIS: 18,20|2|0.1666
134mHIS: 02,04|2|0.4894
228mALA: 08,09|2|0.7477
162mSER: 07,11|2|0.1522
246mMET: 21,29|2|0.275
201mTHR: 19,29|2|1.2474
203mGLN: 08,19|2|0.1762
261mHIS: 05,09|2|0.695
359mGLN: 23,27|2|0.2469
162mMET: 07,11|2|0.2828
169mPRO: 20,25|2|0.3747
141mTRP: 10,17|2|0.8212
356mALA: 11,20|2|1.3363
266mTRP: 05,24|2|1.4486
134mASN: 04,21|2|0.3613
239mGLY: 07,29|2|0.0564
123mMET: 10,21|2|0.6807
121mCYS: 17,22|2|1.8422
301mTYR: 01,14|2|0.8868
228mTRP: 08,09|2|0.5389
119mARG: 17,21|2|0.8774
126mSER: 02,10|2|0.1057
170mGLY: 11,25|2|0.3256
248mTRP: 00,13|2|0.7243
435mPHE: 11,16|2|0.029
235mLEU: 13,19|2|1.505
438mHIS: 14,23|2|1.6855
134mALA: 02,04|2|0.36
137mASP: 10,22|2|0.6065
120mGLN: 10,21|2|0.2934
137mTRP: 22,24|2|0.3087
220mGLU: 11,18|2|0.9404
122mMET: 10,21|2|1.0408
292mALA: 01,14|2|0.289
157mTRP: 28,29|2|0.1938
268mVAL: 05,24|2|2.1176
217mILE: 18,26|2|0.5003
159mGLN: 00,29|2|0.5295
284mGLY: 03,20|2|0.3706
120mCYS: 10,21|2|0.2114
331mLYS: 03,12|2|1.0541
281mMET: 20,26|2|0.5441
266mTYR: 05,24|2|0.3042
377mGLU: 03,12|2|0.1599
235mTHR: 13,19|2|1.462
228mVAL: 08,09|2|1.0461
284mALA: 03,20|2|0.5422
144mHIS: 22,24|2|0.3612
120mSER: 21,24|2|0.3703
266mVAL: 05,24|2|1.5056
182mALA: 05,09|2|1.0379
281mALA: 20,26|2|1.1569
251mLYS: 07,29|2|1.3528
357mLEU: 20,23|2|0.2071
237mTHR: 13,29|2|0.1374
180mVAL: 08,24|2|0.5726
181mTHR: 08,09|2|0.7602
267mVAL: 22,24|2|0.1552
122mVAL: 10,21|2|0.7407
126mALA: 02,17|2|0.5845
438mGLN: 14,23|2|0.4735
228mGLU: 08,09|2|1.949
138mSER: 17,24|2|0.421
137mGLY: 22,24|2|0.3129
299mGLU: 01,25|2|1.9942
127mTYR: 10,21|2|0.3853
169mGLN: 20,28|2|0.2633
157mMET: 28,29|2|0.5546
220mASP: 11,18|2|0.242
251mPRO: 07,13|2|1.1866
136mTRP: 17,22|2|0.8028
145mCYS: 22,24|2|2.084
281mHIS: 20,26|2|0.4213
141mPRO: 10,22|2|0.5923
163mPRO: 00,07|2|0.5714
178mTRP: 08,22|2|0.4491
216mALA: 04,15|2|0.1381
203mLEU: 08,19|2|0.2186
267mMET: 22,24|2|0.2231
138mTRP: 17,24|2|0.1908
141mCYS: 10,24|2|0.8448
161mALA: 18,19|2|0.4148
228mMET: 08,09|2|0.9588
120mLEU: 10,21|2|0.3542
248mILE: 00,13|2|0.6833
218mMET: 01,14|2|0.3784
435mSER: 11,16|2|0.2698
358mCYS: 18,27|2|0.9389
126mPHE: 17,29|2|0.1164
292mLYS: 01,14|2|0.2558
201mCYS: 19,29|2|1.4717
359mILE: 18,23|2|0.1951
281mSER: 20,26|2|0.6159
235mMET: 13,19|2|1.1374
262mCYS: 08,09|2|1.4498
299mASN: 01,25|2|1.1947
311mASN: 01,25|2|0.4735
157mCYS: 00,07|2|2.0982
127mMET: 10,21|2|0.3324
228mILE: 08,09|2|0.8305
132mASP: 17,21|2|1.1721
144mASN: 22,24|2|0.3679
268mTRP: 05,24|2|1.9791
161mCYS: 19,27|2|1.9882
122mGLU: 10,21|2|1.0236
201mILE: 19,29|2|0.9913
362mILE: 11,16|2|0.7613
435mTHR: 11,16|2|0.3434
251mILE: 07,13|2|1.3569
162mASN: 07,11|2|0.1302
132mGLN: 10,21|2|0.5121
335mSER: 03,12|2|1.0078
127mILE: 17,21|2|0.4737
268mCYS: 05,24|2|2.887
122mGLN: 10,21|2|0.8672
137mVAL: 22,24|2|0.3942
248mASP: 00,07|2|1.4595
159mILE: 00,27|2|0.7364
180mTHR: 08,24|2|0.6596
181mVAL: 09,24|2|0.3323
142mALA: 22,24|2|1.4827
299mHIS: 01,25|2|0.448
358mPRO: 18,27|2|0.2396
201mPHE: 19,29|2|1.0916
168mLYS: 18,26|2|0.2316
123mCYS: 21,22|2|0.6525
311mGLU: 01,25|2|0.8317
138mGLY: 17,24|2|0.4774
268mASP: 05,24|2|2.054
235mASN: 13,19|2|0.8456
201mGLN: 19,29|2|1.1179
335mGLU: 03,12|2|1.2046
311mHIS: 01,25|2|0.6593
179mLYS: 09,24|2|0.4677
268mTYR: 05,24|2|0.5955
239mMET: 07,29|2|0.1306
191mARG: 25,28|2|0.3753
131mCYS: 10,17|2|1.5846
123mILE: 21,22|2|0.3523
331mCYS: 03,12|2|2.3459
246mGLY: 21,29|2|0.2008
179mSER: 08,22|2|0.1056
201mMET: 19,29|2|1.0409
144mCYS: 22,24|2|2.1415
300mVAL: 01,26|2|0.485
120mASP: 10,21|2|0.0712
220mASN: 11,18|2|0.9256
262mMET: 08,24|2|0.4701
228mLEU: 08,09|2|1.4672
163mARG: 00,07|2|0.128
261mGLN: 05,09|2|0.2259
220mLEU: 11,18|2|0.4092
267mGLN: 22,24|2|0.2012
220mTRP: 11,18|2|0.4358
235mSER: 13,19|2|0.6672
355mASN: 03,16|2|0.149
359mVAL: 18,27|2|0.1692
246mASN: 21,29|2|0.1224
220mILE: 11,18|2|0.372
202mCYS: 08,09|2|0.645
335mLEU: 03,12|2|0.1925
142mCYS: 22,24|2|2.407
261mTHR: 05,09|2|1.0273
163mSER: 11,28|2|0.1525
132mMET: 10,21|2|0.265
122mILE: 10,21|2|0.6023
138mALA: 17,24|2|0.0498
218mTRP: 01,14|2|0.4553
122mHIS: 10,21|2|0.8926
265mGLN: 22,24|2|0.0928
201mHIS: 19,29|2|0.5681
157mASP: 19,27|2|0.7862
217mARG: 15,18|2|0.3539
144mASP: 22,24|2|0.8394
336mTHR: 03,12|2|1.6818
134mSER: 02,04|2|0.3616
358mLEU: 18,27|2|0.6829
246mSER: 21,29|2|0.1444
201mASN: 19,29|2|0.6728
299mLYS: 01,25|2|0.3272
336mGLY: 03,12|2|1.0349
228mTHR: 08,09|2|1.5226
137mLEU: 22,24|2|0.6408
229mASP: 05,09|2|0.8399
138mHIS: 17,24|2|0.6692
439mALA: 14,28|2|0.2637
410mTHR: 12,23|2|0.2684
201mALA: 19,29|2|0.8426
311mTHR: 01,25|2|0.6151
135mMET: 02,22|2|0.3904
355mGLU: 03,16|2|0.6899
122mTRP: 10,21|2|0.7387
228mGLN: 08,09|2|0.9924
141mPHE: 10,22|2|0.8117
358mPHE: 18,27|2|0.3962
162mGLY: 07,11|2|0.2086
178mPRO: 09,24|2|0.459
266mGLN: 05,24|2|1.6276
201mVAL: 19,29|2|1.0614
201mGLY: 19,29|2|0.8374
179mMET: 08,22|2|0.2362
220mGLY: 11,18|2|0.7953
204mTRP: 08,13|2|0.2828
158mILE: 13,28|2|0.0226
268mPRO: 05,24|2|1.8303
143mCYS: 22,24|2|2.0028
201mGLU: 19,29|2|1.419
120mGLU: 10,21|2|0.4679
410mGLU: 12,23|2|0.6526
296mHIS: 14,25|2|0.3944
266mLEU: 05,24|2|1.67
134mGLY: 02,04|2|0.5358
119mPRO: 17,21|2|0.6497
218mASP: 01,06|2|0.792
297mTYR: 01,14|2|0.2346
247mALA: 19,28|2|0.451
182mHIS: 08,09|2|0.9699
361mGLY: 16,23|2|0.0564
359mHIS: 18,23|2|0.4123
248mMET: 00,13|2|0.846
142mLYS: 22,24|2|1.4041
438mMET: 14,23|2|0.9859
330mLYS: 03,12|2|0.0822
246mTHR: 21,29|2|0.0388
137mGLN: 22,24|2|0.5772
144mTHR: 22,24|2|0.5302
160mGLU: 13,19|2|0.8085
122mPHE: 10,21|2|0.571
361mMET: 16,23|2|0.1306
180mSER: 08,24|2|1.4065
147mALA: 22,24|2|0.5476
168mASN: 07,18|2|0.4625
203mMET: 08,19|2|0.2406
123mPHE: 21,22|2|0.3738
140mPHE: 22,24|2|0.3946
235mILE: 13,19|2|1.3636
281mGLY: 20,26|2|0.994
138mMET: 17,24|2|0.5516
335mMET: 03,12|2|0.4496
266mHIS: 05,24|2|1.278
161mLYS: 18,19|2|0.3473
292mCYS: 01,14|2|2.354
123mARG: 10,21|2|0.3357
262mLYS: 08,09|2|0.6969
235mTRP: 13,19|2|1.2548
180mASN: 08,24|2|0.5093
216mGLU: 04,15|2|0.2301
144mGLU: 22,24|2|1.2072
336mHIS: 03,12|2|0.9262
335mGLY: 03,12|2|1.0157
266mILE: 05,24|2|1.3666
356mPRO: 11,18|2|0.1101
203mTHR: 08,19|2|0.329
284mCYS: 03,20|2|0.7322
301mARG: 01,14|2|0.0388
250mLEU: 07,28|2|0.1007
182mASN: 08,09|2|0.4268
435mGLU: 11,16|2|0.6638
237mCYS: 13,19|2|1.2282
268mHIS: 05,24|2|1.2448
299mSER: 01,25|2|1.0396
