242mGLU: 00,02,04,07,08,09,10,11,16,19,21,26,28,29|14|6.9276
244mGLU: 00,02,04,06,09,10,11,19,20,21,28,29|12|7.1111
164mILE: 00,02,07,08,09,10,16,19,21,26,29|11|2.8854
165mGLU: 00,02,07,08,09,10,16,19,26,28,29|11|8.2179
165mSER: 00,02,07,08,09,10,16,19,26,28,29|11|5.8957
164mVAL: 00,02,07,08,09,10,16,19,21,26,29|11|3.9601
165mGLY: 00,02,07,08,09,10,16,19,26,28,29|11|7.1256
165mGLN: 00,02,07,08,09,10,16,19,26,28,29|11|3.8538
165mHIS: 00,02,07,08,09,10,16,19,26,28,29|11|3.4054
164mALA: 00,02,07,08,09,10,16,19,21,26,29|11|5.7097
165mTHR: 00,02,07,08,09,10,16,19,26,28,29|11|6.4586
165mALA: 00,02,07,08,09,10,16,19,26,28,29|11|9.0221
193mGLU: 00,06,07,08,18,19,21,26,28|9|2.5028
146mCYS: 01,03,05,12,15,17,18,23|8|8.4684
146mTHR: 01,03,05,12,15,17,18,23|8|5.0795
146mASP: 01,03,05,12,15,17,18,23|8|6.2906
146mGLN: 01,03,05,12,15,17,18,23|8|1.9801
146mGLU: 01,03,05,12,15,17,18,23|8|7.7724
146mGLY: 01,03,05,12,15,17,18,23|8|3.3606
146mALA: 01,03,05,12,15,17,18,23|8|5.0668
275mTHR: 01,03,05,12,18,22,23|7|1.5792
130mGLU: 00,06,07,11,20,26,28|7|4.4615
130mGLY: 00,06,07,11,20,26,28|7|3.1937
191mCYS: 00,04,09,16,18,26,29|7|3.2006
130mALA: 00,06,07,11,20,26,28|7|4.1174
140mTHR: 01,04,05,15,18,19,23|7|2.4278
130mASP: 00,06,07,11,20,26,28|7|3.8945
130mILE: 00,06,07,11,20,26,28|7|3.295
191mALA: 00,04,09,16,18,26,29|7|3.1016
130mHIS: 00,06,07,11,20,26,28|7|2.0586
275mGLU: 01,03,05,12,18,22,23|7|1.7917
130mTHR: 00,06,07,11,20,26,28|7|3.7997
191mGLY: 00,04,09,16,18,26,29|7|1.4386
303mGLY: 01,05,12,15,18,23|6|3.5526
303mVAL: 01,05,12,15,18,23|6|1.4352
158mGLU: 02,09,10,16,20,29|6|2.1197
190mGLU: 04,09,19,21,26,29|6|1.0013
167mTHR: 07,09,19,21,26,29|6|2.8555
167mGLU: 07,09,19,21,26,29|6|3.6297
167mGLY: 07,09,19,21,26,29|6|3.0124
303mSER: 01,05,12,15,18,23|6|3.7797
219mGLU: 04,06,07,09,18,26|6|1.6493
167mSER: 07,09,19,21,26,29|6|2.7868
167mLYS: 07,09,19,21,26,29|6|2.6741
303mASN: 01,05,12,15,18,23|6|2.8431
180mGLY: 01,03,12,17,23,24|6|4.0952
141mSER: 01,05,15,17,18,23|6|1.5092
167mPRO: 07,09,19,21,26,29|6|1.4171
167mALA: 07,09,19,21,26,29|6|3.2462
303mGLU: 01,05,12,15,18,23|6|4.5703
167mILE: 07,09,19,21,26,29|6|2.733
303mTHR: 01,05,12,15,18,23|6|3.4679
167mLEU: 07,09,19,21,26,29|6|1.994
167mGLN: 07,09,19,21,26,29|6|1.5623
190mCYS: 04,09,19,21,26,29|6|4.3779
303mASP: 01,05,12,15,18,23|6|2.6678
180mCYS: 01,03,12,17,23,24|6|4.6328
180mALA: 01,03,12,17,23,24|6|6.7229
167mASP: 07,09,19,21,26,29|6|2.3129
219mGLY: 04,06,07,09,18,26|6|2.7135
141mTHR: 01,05,15,17,18,23|6|2.1134
190mASP: 04,09,19,21,26,29|6|1.0275
180mSER: 01,03,12,17,23,24|6|2.7965
303mALA: 01,05,12,15,18,23|6|2.9654
167mTRP: 07,09,19,21,26,29|6|1.2783
127mTHR: 02,06,11,20,28|5|0.8614
251mGLY: 02,09,16,20,29|5|3.5362
127mGLY: 02,06,11,20,28|5|1.6985
161mSER: 02,10,16,26,29|5|0.7175
251mTHR: 02,09,16,20,29|5|3.1144
251mASN: 02,09,16,20,29|5|2.3449
127mGLU: 02,06,11,20,28|5|1.2043
251mGLU: 02,09,16,20,29|5|4.1394
251mSER: 02,09,16,20,29|5|2.8239
251mLYS: 02,09,16,20,29|5|2.3427
161mGLY: 02,10,16,26,29|5|1.207
171mGLU: 05,15,19,21|4|1.7109
273mGLY: 03,22,23,24|4|2.0077
178mSER: 01,15,23,24|4|1.8948
178mLYS: 01,15,23,24|4|2.6836
273mALA: 03,22,23,24|4|2.727
136mLYS: 05,06,15,18|4|1.0963
249mHIS: 09,10,20,29|4|0.7958
178mGLY: 01,15,23,24|4|2.4684
120mTHR: 05,15,17,23|4|1.2965
267mTHR: 01,12,17,18|4|1.6971
178mLEU: 01,15,23,24|4|1.0738
267mGLU: 01,12,17,18|4|1.775
178mARG: 01,15,23,24|4|1.1519
273mMET: 03,22,23,24|4|1.2833
171mTHR: 05,15,19,21|4|0.8871
249mPRO: 09,10,20,29|4|0.8176
136mGLU: 05,06,15,18|4|2.1558
273mILE: 03,22,23,24|4|2.0499
273mPRO: 03,22,23,24|4|1.453
249mASN: 09,10,20,29|4|1.0177
249mTHR: 09,10,20,29|4|1.2584
178mGLU: 01,15,23,24|4|2.2554
267mLYS: 01,12,17,18|4|2.1359
178mASP: 01,15,23,24|4|2.0634
136mASP: 05,06,15,18|4|1.5405
136mTHR: 05,06,15,18|4|1.2172
273mTHR: 03,22,23,24|4|1.7275
249mSER: 09,10,20,29|4|1.463
181mALA: 03,17,23,24|4|1.0805
181mCYS: 03,17,23,24|4|1.8864
178mTHR: 01,15,23,24|4|2.6772
267mASN: 01,12,17,18|4|1.0313
267mALA: 01,12,17,18|4|2.1204
273mCYS: 03,22,23,24|4|3.0055
136mASN: 05,06,15,18|4|1.9274
273mLEU: 03,22,23,24|4|1.9147
136mSER: 05,06,15,18|4|1.4832
273mHIS: 03,22,23,24|4|1.0699
181mGLY: 03,17,23,24|4|0.7536
119mTHR: 05,15,17,23|4|0.8578
178mHIS: 01,15,23,24|4|1.539
178mGLN: 01,15,23,24|4|1.4784
249mGLY: 09,10,20,29|4|1.6021
178mASN: 01,15,23,24|4|1.8207
273mSER: 03,22,23,24|4|1.2207
273mGLN: 03,22,23,24|4|1.3424
136mGLY: 05,06,15,18|4|1.5645
178mALA: 01,15,23,24|4|2.1985
178mILE: 01,15,23,24|4|1.5297
273mGLU: 03,22,23,24|4|1.6884
249mASP: 09,10,20,29|4|1.6754
170mGLY: 09,19,21,26|4|0.5792
126mGLU: 02,06,11,20|4|1.2266
267mILE: 01,12,17,18|4|1.147
171mCYS: 05,15,19,21|4|0.6706
249mGLN: 09,10,20,29|4|0.7253
249mGLU: 09,10,20,29|4|2.1563
196mGLN: 02,04,11|3|1.4887
306mGLY: 03,12,23|3|0.8126
173mTHR: 05,15,18|3|0.8306
177mASP: 12,15,23|3|0.2573
196mALA: 02,04,11|3|1.53
300mSER: 05,18,26|3|0.9152
173mLYS: 05,15,18|3|0.5503
301mTHR: 01,05,18|3|0.7382
177mGLU: 12,15,23|3|0.376
122mARG: 05,15,17|3|0.3108
122mASP: 05,15,17|3|0.8354
163mASN: 02,10,29|3|0.8474
196mGLU: 02,04,11|3|1.9972
302mGLN: 01,18,23|3|0.1152
300mTHR: 05,18,26|3|1.2356
300mLEU: 05,18,26|3|0.3702
357mSER: 09,21,27|3|0.4655
196mCYS: 02,04,11|3|2.5055
122mTHR: 05,15,17|3|1.3915
196mSER: 02,04,11|3|0.892
122mSER: 05,15,17|3|0.5172
300mALA: 05,18,26|3|2.0948
196mMET: 02,04,11|3|0.8518
122mASN: 05,15,17|3|0.9833
300mILE: 05,18,26|3|0.6226
302mSER: 01,18,23|3|0.6982
301mSER: 01,05,18|3|0.2439
122mGLY: 05,15,17|3|0.9596
300mGLY: 05,18,26|3|0.9367
302mGLU: 01,18,23|3|0.9478
163mGLU: 02,10,29|3|1.0838
196mTHR: 02,04,11|3|2.0587
177mTHR: 12,15,23|3|0.533
122mLYS: 05,15,17|3|1.4486
163mLYS: 02,10,29|3|1.425
196mASP: 02,04,11|3|1.7515
362mHIS: 09,21,27|3|0.3849
162mLYS: 07,26,29|3|0.2873
357mGLY: 09,21,27|3|0.8562
122mGLU: 05,15,17|3|0.9177
306mTRP: 03,12,23|3|0.449
196mILE: 02,04,11|3|1.4765
196mLEU: 02,04,11|3|1.294
122mGLN: 05,15,17|3|0.5132
196mGLY: 02,04,11|3|1.49
306mTHR: 03,12,23|3|1.0048
302mASN: 01,18,23|3|0.7958
301mASN: 01,05,18|3|0.4063
300mGLU: 05,18,26|3|0.6266
306mGLU: 03,12,23|3|0.7447
357mALA: 09,21,27|3|1.0122
163mSER: 02,10,29|3|1.1679
163mHIS: 02,10,29|3|0.7064
122mILE: 05,15,17|3|0.5078
301mGLU: 01,05,18|3|0.9983
300mLYS: 05,18,26|3|1.6734
302mGLY: 01,18,23|3|0.4568
122mTRP: 05,15,17|3|0.3546
163mGLY: 02,10,29|3|1.4215
306mGLN: 03,12,23|3|0.5437
306mHIS: 03,12,23|3|0.746
306mSER: 03,12,23|3|0.608
162mGLU: 07,26,29|3|0.6574
173mASN: 05,15,18|3|0.819
196mHIS: 02,04,11|3|0.7241
306mASN: 03,12,23|3|0.9932
162mGLY: 07,26,29|3|0.5351
302mTHR: 01,18,23|3|0.6662
439mMET: 14,27|2|0.486
239mGLU: 02,11|2|0.4029
319mASP: 13,14|2|1.0838
220mTHR: 05,15|2|0.6761
297mGLY: 21,26|2|0.9797
188mMET: 05,15|2|0.1664
220mHIS: 05,15|2|0.7182
318mILE: 14,27|2|1.3651
220mGLN: 05,15|2|0.6266
278mTHR: 01,18|2|1.163
359mALA: 09,27|2|0.6234
220mMET: 05,15|2|0.8998
235mALA: 16,20|2|0.235
316mMET: 13,22|2|0.1582
201mARG: 16,20|2|0.1804
148mGLY: 05,12|2|0.1801
318mTRP: 14,27|2|1.3517
318mHIS: 14,27|2|0.9419
220mILE: 05,15|2|1.5899
316mARG: 13,22|2|0.4306
318mTHR: 14,27|2|1.6212
281mTHR: 21,27|2|0.384
201mSER: 16,20|2|0.7441
318mASN: 14,27|2|1.0466
220mALA: 05,15|2|1.7635
316mCYS: 13,22|2|1.1496
319mGLY: 13,14|2|0.6228
316mHIS: 13,22|2|0.4514
188mPHE: 05,15|2|0.5472
319mALA: 13,14|2|0.8948
318mSER: 14,27|2|0.8792
263mASP: 03,24|2|0.571
278mGLU: 01,18|2|1.178
235mILE: 16,20|2|0.0799
312mASP: 13,22|2|1.0824
220mVAL: 05,15|2|1.4229
316mALA: 13,22|2|1.9938
220mSER: 05,15|2|1.0369
319mSER: 13,14|2|0.6983
439mSER: 14,27|2|0.9405
316mILE: 13,22|2|1.1925
297mSER: 21,26|2|0.6474
188mLEU: 05,15|2|0.534
439mHIS: 14,27|2|0.8324
263mTHR: 03,24|2|0.5554
297mGLU: 21,26|2|0.6798
188mTHR: 05,15|2|0.491
318mPHE: 14,27|2|1.4654
199mCYS: 06,16|2|0.4981
319mGLN: 13,14|2|0.6601
285mTHR: 21,27|2|0.2567
235mGLY: 16,20|2|0.3152
319mTHR: 13,14|2|1.0049
201mTRP: 16,20|2|0.235
356mMET: 21,27|2|0.2252
188mTRP: 05,15|2|0.2838
318mPRO: 14,27|2|1.1611
319mVAL: 13,14|2|0.7834
201mLYS: 16,20|2|0.5561
319mILE: 13,14|2|0.6302
188mASP: 05,15|2|0.428
201mASP: 16,20|2|0.3313
279mGLU: 13,22|2|0.2053
201mLEU: 16,20|2|0.6208
319mLEU: 13,14|2|0.6181
318mASP: 14,27|2|1.3545
297mTHR: 21,26|2|0.3664
188mCYS: 05,15|2|1.112
318mGLN: 14,27|2|1.4917
439mTHR: 14,27|2|0.6383
201mTHR: 16,20|2|0.3122
220mGLY: 05,15|2|1.3868
278mGLY: 01,18|2|0.4586
439mGLN: 14,27|2|0.0649
220mASP: 05,15|2|1.0902
318mLEU: 14,27|2|1.5875
204mGLY: 16,20|2|0.4213
297mHIS: 21,26|2|0.7488
313mILE: 13,22|2|0.7315
220mGLU: 05,15|2|1.2416
316mVAL: 13,22|2|1.4706
313mGLY: 13,22|2|0.8979
297mALA: 21,26|2|0.9775
220mPRO: 05,15|2|0.8103
318mALA: 14,27|2|1.2164
318mCYS: 14,27|2|1.8455
356mGLU: 21,27|2|1.2816
318mVAL: 14,27|2|1.4352
318mTYR: 14,27|2|0.3738
312mSER: 13,22|2|0.9646
316mGLY: 13,22|2|1.0752
318mGLY: 14,27|2|1.2112
188mALA: 05,15|2|0.219
316mLYS: 13,22|2|1.941
356mTHR: 21,27|2|1.3933
316mTHR: 13,22|2|1.1823
312mGLU: 13,22|2|1.9508
201mHIS: 16,20|2|0.7242
220mCYS: 05,15|2|2.7152
318mMET: 14,27|2|1.4147
312mPRO: 13,22|2|0.2514
201mILE: 16,20|2|0.636
281mGLU: 21,27|2|0.7907
439mLEU: 14,27|2|0.7178
316mLEU: 13,22|2|0.7945
308mGLU: 13,22|2|2.4993
220mPHE: 05,15|2|1.2418
201mPHE: 16,20|2|0.369
313mALA: 13,22|2|1.4419
312mGLN: 13,22|2|0.917
356mGLY: 21,27|2|1.2109
201mGLN: 16,20|2|0.2907
239mTHR: 02,11|2|0.541
313mCYS: 13,22|2|1.7815
316mSER: 13,22|2|1.0696
201mMET: 16,20|2|0.6233
220mASN: 05,15|2|0.4071
220mLEU: 05,15|2|1.4682
220mTRP: 05,15|2|0.5427
316mASN: 13,22|2|0.7579
188mVAL: 05,15|2|0.3938
319mGLU: 13,14|2|1.4374
356mHIS: 21,27|2|0.7153
188mGLU: 05,15|2|0.682
201mASN: 16,20|2|0.3736
312mALA: 13,22|2|0.9808
439mALA: 14,27|2|1.8117
439mGLU: 14,27|2|0.472
316mPHE: 13,22|2|0.4726
359mLYS: 09,27|2|0.4189
318mGLU: 14,27|2|1.7928
201mALA: 16,20|2|0.7911
356mSER: 21,27|2|1.0374
220mLYS: 05,15|2|0.7513
297mASP: 21,26|2|1.0571
308mTHR: 13,22|2|1.8665
356mASN: 21,27|2|1.1451
201mVAL: 16,20|2|0.6211
316mPRO: 13,22|2|0.6206
356mGLN: 21,27|2|0.654
201mGLY: 16,20|2|0.8713
278mGLN: 01,18|2|0.4199
319mASN: 13,14|2|0.5574
201mGLU: 16,20|2|0.5278
312mGLY: 13,22|2|0.8808
278mASN: 01,18|2|0.8244
188mILE: 05,15|2|0.3926
439mGLY: 14,27|2|1.4371
312mASN: 13,22|2|0.6705
188mPRO: 05,15|2|0.3674
188mGLN: 05,15|2|0.3848
148mMET: 05,12|2|0.3004
239mCYS: 02,11|2|0.1145
278mSER: 01,18|2|0.2792
312mTHR: 13,22|2|1.4418
263mGLU: 03,24|2|0.9063
297mLEU: 21,26|2|0.6295
308mASP: 13,22|2|0.8198
278mTRP: 01,18|2|0.3073
239mLYS: 02,11|2|0.5475
297mMET: 21,26|2|0.3828
282mALA: 13|1|0.3733
259mPHE: 24|1|0.041
222mTRP: 05|1|0.4057
175mGLN: 05|1|0.8569
452mGLY: 25|1|0.2431
326mCYS: 14|1|0.8279
133mLEU: 06|1|0.2729
437mSER: 27|1|0.0528
174mGLY: 05|1|0.1043
286mCYS: 13|1|1.3198
380mGLU: 25|1|0.8265
441mVAL: 14|1|0.1149
327mILE: 14|1|0.3472
408mGLU: 25|1|0.0854
354mTHR: 27|1|0.0506
360mASP: 27|1|0.2832
286mPRO: 13|1|0.1707
411mSER: 25|1|0.3373
259mGLY: 24|1|0.5643
360mALA: 27|1|0.4591
133mTYR: 06|1|0.1214
282mTRP: 13|1|0.4057
437mMET: 27|1|0.1181
440mGLU: 27|1|0.5216
230mPRO: 24|1|0.1837
339mALA: 25|1|0.2309
342mTYR: 25|1|0.0583
339mLYS: 25|1|0.533
286mLEU: 13|1|0.5171
283mHIS: 13|1|0.3013
408mTHR: 25|1|0.136
184mMET: 23|1|0.1375
222mTHR: 05|1|0.5093
361mHIS: 27|1|0.0037
326mGLY: 14|1|0.7697
440mTHR: 27|1|0.3614
264mSER: 03|1|0.5283
259mASN: 24|1|0.3529
411mGLU: 25|1|0.2478
380mPHE: 25|1|0.7591
264mLYS: 03|1|0.3753
444mARG: 27|1|0.0168
326mTHR: 14|1|0.9661
291mSER: 13|1|0.033
415mLEU: 25|1|0.0437
283mPRO: 13|1|0.2985
226mLEU: 17|1|0.4189
329mHIS: 14|1|0.0667
283mGLY: 13|1|0.5788
349mGLY: 25|1|0.075
444mGLU: 27|1|0.2094
282mGLU: 13|1|0.6048
317mLEU: 13|1|0.1005
317mGLY: 13|1|0.4947
291mCYS: 13|1|1.2261
342mTRP: 25|1|0.661
342mVAL: 25|1|0.3023
452mLYS: 25|1|0.1681
354mMET: 27|1|0.1853
326mPRO: 14|1|0.3891
292mASP: 27|1|0.0171
261mILE: 24|1|0.941
325mTHR: 14|1|0.0486
228mPRO: 24|1|0.3448
150mARG: 05|1|0.1245
282mVAL: 13|1|0.4607
341mPRO: 25|1|0.4735
264mTHR: 03|1|0.9095
380mMET: 25|1|0.5687
411mCYS: 25|1|0.9082
444mTRP: 27|1|0.1665
259mSER: 24|1|0.6428
438mTHR: 27|1|0.3877
175mILE: 05|1|0.7264
286mASN: 13|1|0.1011
222mVAL: 05|1|0.4607
333mTHR: 14|1|0.4836
342mGLY: 25|1|0.9767
346mPHE: 25|1|0.5721
228mASP: 24|1|0.1905
444mHIS: 27|1|0.4057
259mHIS: 24|1|0.3986
411mLEU: 25|1|0.38
336mSER: 14|1|0.722
283mILE: 13|1|0.5905
311mVAL: 13|1|0.1505
286mALA: 13|1|0.74
438mPHE: 27|1|0.0747
292mTHR: 27|1|0.0486
226mASN: 17|1|0.0892
436mGLY: 14|1|0.1545
334mASP: 14|1|0.2204
331mVAL: 14|1|0.581
226mTHR: 17|1|0.3974
333mGLY: 14|1|0.1166
444mILE: 27|1|0.0711
230mCYS: 24|1|0.556
340mASN: 25|1|0.1261
292mPHE: 27|1|0.0767
408mGLN: 25|1|0.0634
334mPHE: 14|1|0.2877
444mMET: 27|1|0.3469
375mVAL: 25|1|0.1137
380mTYR: 25|1|0.2217
413mCYS: 25|1|0.2519
203mMET: 16|1|0.0371
411mVAL: 25|1|0.0007
330mGLU: 14|1|0.14
314mGLY: 27|1|0.1577
342mILE: 25|1|1.0597
264mGLY: 03|1|0.3406
325mGLU: 14|1|0.1441
375mCYS: 25|1|0.4728
311mGLY: 13|1|0.394
452mILE: 25|1|0.2465
330mILE: 14|1|0.144
270mCYS: 03|1|0.0326
373mMET: 25|1|0.193
407mGLU: 14|1|0.1398
336mALA: 14|1|0.7551
373mALA: 25|1|0.6117
174mILE: 05|1|0.0619
331mLEU: 14|1|0.2282
175mHIS: 05|1|0.6821
325mPHE: 14|1|0.0767
291mLEU: 13|1|0.4581
222mGLU: 05|1|0.6048
259mVAL: 24|1|0.514
257mASN: 24|1|0.2686
150mPHE: 05|1|0.1245
174mTHR: 05|1|0.2688
257mGLN: 24|1|0.4743
252mGLU: 09|1|0.0955
292mGLU: 27|1|0.1441
212mASN: 12|1|0.6899
341mILE: 25|1|0.2438
183mLYS: 24|1|0.3812
438mGLU: 27|1|0.7195
152mTHR: 24|1|0.0315
150mTHR: 05|1|0.3365
441mMET: 14|1|0.3218
334mGLY: 14|1|0.133
452mHIS: 25|1|0.0001
133mMET: 06|1|0.3049
355mASN: 27|1|0.0479
406mHIS: 25|1|0.1278
326mVAL: 14|1|0.9163
150mTRP: 05|1|0.2742
282mPRO: 13|1|0.4475
354mGLY: 27|1|0.4081
375mASP: 25|1|0.1308
133mHIS: 06|1|0.3331
259mCYS: 24|1|0.0665
407mTHR: 14|1|0.1592
212mGLU: 12|1|0.5638
258mCYS: 24|1|0.1929
330mALA: 14|1|0.7533
212mTRP: 12|1|0.3539
174mGLN: 05|1|0.1924
150mTYR: 05|1|0.1077
257mGLY: 24|1|0.0053
335mILE: 14|1|0.0143
342mTHR: 25|1|1.5666
329mSER: 14|1|0.8977
408mHIS: 25|1|0.4471
375mGLN: 25|1|0.1092
317mPHE: 13|1|0.0679
329mGLN: 14|1|0.1223
411mHIS: 25|1|0.2169
375mGLU: 25|1|0.2578
222mASN: 05|1|0.2011
327mGLY: 14|1|0.3372
334mVAL: 14|1|0.3199
317mSER: 13|1|0.1575
335mALA: 14|1|0.0826
380mASP: 25|1|0.6995
152mPHE: 24|1|0.0596
333mLYS: 14|1|0.1797
226mMET: 17|1|0.2351
380mGLY: 25|1|0.4855
184mTHR: 23|1|0.0194
415mCYS: 25|1|0.2519
410mCYS: 25|1|0.5085
222mPHE: 05|1|0.5374
407mLEU: 14|1|0.0825
354mSER: 27|1|0.2339
385mTHR: 25|1|0.0312
259mLEU: 24|1|0.3633
133mGLY: 06|1|0.3652
370mHIS: 25|1|0.3691
282mGLY: 13|1|0.2638
336mVAL: 14|1|0.7853
415mMET: 25|1|0.0166
311mPHE: 13|1|0.3503
228mCYS: 24|1|0.0763
230mGLU: 24|1|0.341
174mCYS: 05|1|0.1826
334mALA: 14|1|0.3096
329mALA: 14|1|0.4347
212mCYS: 12|1|0.359
436mCYS: 14|1|0.3456
370mMET: 25|1|0.2829
440mLYS: 27|1|0.3226
380mGLN: 25|1|0.6779
380mHIS: 25|1|0.3029
175mPRO: 05|1|0.535
314mTRP: 27|1|0.0144
370mASP: 25|1|0.1954
360mCYS: 27|1|0.6604
229mALA: 24|1|0.1523
283mTRP: 13|1|0.5045
317mASN: 13|1|0.023
133mLYS: 06|1|0.1468
133mGLN: 06|1|0.0431
150mGLU: 05|1|0.3171
282mTHR: 13|1|0.5093
151mCYS: 24|1|0.3597
150mMET: 05|1|0.4546
342mLYS: 25|1|0.975
151mGLU: 24|1|0.1447
346mGLY: 25|1|1.2264
410mGLY: 25|1|0.0554
311mSER: 13|1|0.2732
385mALA: 25|1|0.3457
347mCYS: 25|1|1.1969
370mGLU: 25|1|0.7095
325mLEU: 14|1|0.0701
259mASP: 24|1|0.7952
258mGLU: 24|1|0.0633
339mILE: 25|1|0.0287
314mHIS: 27|1|0.2536
326mGLN: 14|1|0.8735
408mLEU: 25|1|0.103
222mMET: 05|1|0.347
375mILE: 25|1|0.1131
444mGLN: 27|1|0.2055
291mPRO: 13|1|0.0875
175mGLY: 05|1|0.7688
184mHIS: 23|1|0.1963
331mPRO: 14|1|0.0059
175mVAL: 05|1|0.7959
296mGLY: 27|1|0.0392
174mTRP: 05|1|0.1029
317mILE: 13|1|0.5047
282mSER: 13|1|0.1119
283mPHE: 13|1|0.5879
380mSER: 25|1|0.3336
326mASN: 14|1|0.4956
327mALA: 14|1|0.7995
373mASN: 25|1|0.0196
441mALA: 14|1|0.0709
413mALA: 25|1|0.3145
230mTHR: 24|1|0.2455
240mGLN: 16|1|0.2327
317mHIS: 13|1|0.0644
150mASP: 05|1|0.1328
339mGLY: 25|1|0.1961
326mTYR: 14|1|0.0118
286mGLY: 13|1|0.4136
341mGLY: 25|1|0.0932
370mLYS: 25|1|0.3707
326mPHE: 14|1|0.52
174mASP: 05|1|0.0336
440mPHE: 27|1|0.2042
370mILE: 25|1|0.2794
411mARG: 25|1|0.3201
360mGLY: 27|1|0.2073
327mPRO: 14|1|0.0735
150mASN: 05|1|0.3783
380mASN: 25|1|0.4228
222mASP: 05|1|0.4778
326mSER: 14|1|0.6963
413mMET: 25|1|0.0166
341mTHR: 25|1|0.6929
373mSER: 25|1|0.3791
326mHIS: 14|1|0.4214
329mLEU: 14|1|0.0317
370mVAL: 25|1|0.3082
133mALA: 06|1|0.2395
261mVAL: 24|1|1.0942
282mHIS: 13|1|0.0812
311mLEU: 13|1|0.5152
346mARG: 25|1|0.0197
385mCYS: 25|1|0.2831
437mHIS: 27|1|0.1769
291mPHE: 13|1|0.3482
296mSER: 27|1|0.011
283mMET: 13|1|0.4809
335mCYS: 14|1|0.5178
347mPHE: 25|1|0.4608
380mPRO: 25|1|0.6692
441mGLY: 14|1|0.2847
361mALA: 27|1|0.184
385mHIS: 25|1|0.1654
257mLEU: 24|1|0.2171
355mTHR: 27|1|0.3191
261mALA: 24|1|1.2056
283mASP: 13|1|0.5242
436mASP: 14|1|0.4916
440mTRP: 27|1|0.1028
373mGLU: 25|1|0.235
264mGLU: 03|1|1.9725
282mMET: 13|1|0.347
183mALA: 24|1|0.0791
334mTHR: 14|1|0.7821
407mSER: 14|1|0.212
326mASP: 14|1|1.2146
326mILE: 14|1|0.723
282mLEU: 13|1|0.5308
375mLEU: 25|1|0.1838
441mLYS: 14|1|0.0445
175mALA: 05|1|0.6645
133mVAL: 06|1|0.1443
151mLEU: 24|1|0.0707
349mCYS: 25|1|0.4612
184mSER: 23|1|0.0722
264mASP: 03|1|1.0676
380mLEU: 25|1|0.7525
152mGLU: 24|1|0.127
226mGLU: 17|1|0.4929
413mGLY: 25|1|0.2765
175mASP: 05|1|0.6981
283mLEU: 13|1|0.6174
385mLEU: 25|1|0.0749
259mMET: 24|1|0.2595
261mMET: 24|1|0.4938
385mGLY: 25|1|0.3077
329mASP: 14|1|0.8372
444mLYS: 27|1|0.0696
174mPHE: 05|1|0.0849
174mVAL: 05|1|0.1314
342mCYS: 25|1|1.8779
212mARG: 12|1|0.3205
283mVAL: 13|1|0.6199
184mASN: 23|1|0.0612
311mGLN: 13|1|0.2984
375mPHE: 25|1|0.1904
314mMET: 27|1|0.1948
252mLEU: 09|1|0.0215
422mCYS: 25|1|0.4624
346mSER: 25|1|1.0677
407mASN: 14|1|0.201
411mGLN: 25|1|0.2336
283mASN: 13|1|0.6856
261mGLY: 24|1|0.9336
331mPHE: 14|1|0.0022
259mALA: 24|1|0.6435
345mGLU: 25|1|0.5618
444mSER: 27|1|0.2816
228mTRP: 24|1|0.0712
257mGLU: 24|1|0.7168
380mILE: 25|1|0.6818
361mCYS: 27|1|0.1214
347mLEU: 25|1|0.581
317mCYS: 13|1|0.4051
346mALA: 25|1|1.9482
330mVAL: 14|1|0.245
226mILE: 17|1|0.3482
411mPRO: 25|1|0.2142
336mPRO: 14|1|0.3232
373mARG: 25|1|0.0802
441mTHR: 14|1|0.2037
261mPHE: 24|1|0.7124
413mASP: 25|1|0.0677
155mHIS: 29|1|0.0588
411mGLY: 25|1|0.4551
411mLYS: 25|1|0.3997
175mTYR: 05|1|0.1952
229mTHR: 24|1|0.617
291mGLU: 13|1|0.3818
228mASN: 24|1|0.4072
360mARG: 27|1|0.0723
222mLEU: 05|1|0.5308
346mASN: 25|1|0.6092
440mGLY: 27|1|0.1757
212mGLN: 12|1|0.3706
347mALA: 25|1|1.4567
286mSER: 13|1|0.3116
329mTHR: 14|1|1.1293
286mGLN: 13|1|0.0632
283mCYS: 13|1|0.6211
411mILE: 25|1|0.3334
257mSER: 24|1|0.4097
152mCYS: 24|1|0.342
311mASP: 13|1|0.7
373mPRO: 25|1|0.098
258mLEU: 24|1|0.1305
373mGLN: 25|1|0.0018
331mLYS: 14|1|0.8344
346mCYS: 25|1|1.2068
385mMET: 25|1|0.0478
342mPHE: 25|1|0.4016
206mGLY: 20|1|0.0933
407mGLN: 14|1|0.1359
226mCYS: 17|1|0.7079
175mTRP: 05|1|0.7674
259mGLU: 24|1|0.692
342mGLU: 25|1|1.5892
327mVAL: 14|1|0.4123
229mGLU: 24|1|0.7998
349mALA: 25|1|0.2086
282mASP: 13|1|0.4778
341mGLU: 25|1|0.5671
441mSER: 14|1|0.2565
346mLEU: 25|1|0.8923
175mLEU: 05|1|0.8781
283mGLN: 13|1|0.6004
360mLEU: 27|1|0.1322
329mVAL: 14|1|0.0449
411mPHE: 25|1|0.1093
347mGLY: 25|1|0.7135
261mASP: 24|1|1.3946
407mTRP: 14|1|0.0969
438mCYS: 27|1|0.3903
440mILE: 27|1|0.2298
375mALA: 25|1|0.0263
183mTHR: 24|1|0.203
411mTHR: 25|1|0.2596
212mHIS: 12|1|0.1725
212mLYS: 12|1|0.8232
343mGLU: 25|1|0.2723
438mGLN: 27|1|0.006
286mILE: 13|1|0.6674
261mPRO: 24|1|0.5065
228mGLU: 24|1|0.2811
346mGLU: 25|1|1.1519
355mGLY: 27|1|0.3224
413mLEU: 25|1|0.0437
331mGLY: 14|1|0.557
370mGLY: 25|1|0.464
334mILE: 14|1|0.2145
183mASP: 24|1|0.1625
259mTRP: 24|1|0.267
346mASP: 25|1|0.2269
411mTRP: 25|1|0.1474
230mVAL: 24|1|0.1969
370mLEU: 25|1|0.2356
375mTRP: 25|1|0.0587
222mSER: 05|1|0.1119
342mASP: 25|1|1.325
341mCYS: 25|1|0.5773
252mPHE: 09|1|0.0281
203mHIS: 16|1|0.0959
336mPHE: 14|1|0.1267
444mTHR: 27|1|0.2288
175mASN: 05|1|0.6669
291mASP: 13|1|0.2426
406mGLY: 25|1|0.1742
346mPRO: 25|1|0.3414
331mSER: 14|1|0.2346
440mSER: 27|1|0.3246
222mCYS: 05|1|0.8198
291mTHR: 13|1|0.0513
370mASN: 25|1|0.6335
342mASN: 25|1|0.9266
333mASP: 14|1|0.4865
261mLEU: 24|1|0.9289
150mHIS: 05|1|0.5134
370mTRP: 25|1|0.2478
230mMET: 24|1|0.0832
415mASP: 25|1|0.0677
437mASN: 27|1|0.0418
150mLEU: 05|1|0.2598
283mSER: 13|1|0.5476
226mPHE: 17|1|0.4255
373mCYS: 25|1|0.8643
212mPRO: 12|1|0.6275
259mTYR: 24|1|0.0702
415mALA: 25|1|0.3145
407mVAL: 14|1|0.0704
212mGLY: 12|1|0.4309
341mASN: 25|1|0.2895
311mALA: 13|1|0.8386
329mTYR: 14|1|0.1982
335mLEU: 14|1|0.0698
317mARG: 13|1|0.0794
326mGLU: 14|1|1.2384
346mVAL: 25|1|1.2133
259mILE: 24|1|0.3213
407mALA: 14|1|0.0264
342mPRO: 25|1|1.0696
175mSER: 05|1|0.5887
339mASP: 25|1|0.3143
345mTHR: 25|1|0.2229
151mPHE: 24|1|0.0773
326mALA: 14|1|0.9584
317mVAL: 13|1|0.5698
314mTHR: 27|1|0.0767
150mILE: 05|1|0.1788
370mSER: 25|1|0.5847
441mTRP: 14|1|0.1414
311mASN: 13|1|0.0849
296mMET: 27|1|0.0763
283mGLU: 13|1|1.1653
440mLEU: 27|1|0.105
440mALA: 27|1|0.259
326mMET: 14|1|0.5481
327mLYS: 14|1|0.5928
342mLEU: 25|1|0.6007
452mSER: 25|1|0.1441
258mVAL: 24|1|0.0023
336mLEU: 14|1|0.2439
413mSER: 25|1|0.1305
212mSER: 12|1|0.2827
452mVAL: 25|1|0.1627
322mGLU: 14|1|0.3536
411mTYR: 25|1|0.1471
261mTRP: 24|1|0.7053
259mTHR: 24|1|0.5152
286mTHR: 13|1|0.3667
222mILE: 05|1|0.4601
329mGLU: 14|1|1.7051
230mALA: 24|1|0.1095
340mTHR: 25|1|0.2213
339mTHR: 25|1|0.3548
346mTHR: 25|1|1.0242
282mPHE: 13|1|0.5374
133mGLU: 06|1|0.4014
282mILE: 13|1|0.4601
222mALA: 05|1|0.3733
314mGLN: 27|1|0.0534
354mHIS: 27|1|0.3617
282mCYS: 13|1|0.8198
226mGLY: 17|1|0.1519
152mLEU: 24|1|0.053
346mLYS: 25|1|1.6725
415mGLY: 25|1|0.2765
438mVAL: 27|1|0.03
360mLYS: 27|1|0.1519
407mILE: 14|1|0.0015
441mGLN: 14|1|0.1804
370mGLN: 25|1|0.2932
347mILE: 25|1|0.8474
444mASP: 27|1|0.0251
360mSER: 27|1|0.0895
411mMET: 25|1|0.1581
222mPRO: 05|1|0.4475
150mSER: 05|1|0.3893
311mILE: 13|1|0.5227
183mCYS: 24|1|0.4255
264mASN: 03|1|0.8191
133mSER: 06|1|0.3518
226mTRP: 17|1|0.2938
314mGLU: 27|1|0.0573
291mILE: 13|1|0.4836
314mSER: 27|1|0.1295
326mTRP: 14|1|0.6143
360mILE: 27|1|0.0856
184mGLY: 23|1|0.1004
311mGLU: 13|1|0.8736
341mASP: 25|1|0.3495
342mALA: 25|1|1.2043
380mVAL: 25|1|0.6824
228mARG: 24|1|0.0378
261mGLU: 24|1|1.7482
335mGLU: 14|1|0.0508
438mLEU: 27|1|0.0976
407mGLY: 14|1|0.2402
259mGLN: 24|1|0.4757
375mPRO: 25|1|0.1005
411mALA: 25|1|0.7069
222mHIS: 05|1|0.0812
408mSER: 25|1|0.3193
331mCYS: 14|1|0.5204
340mLYS: 25|1|0.2594
346mTYR: 25|1|0.3204
373mLEU: 25|1|0.3853
408mMET: 25|1|0.2707
370mPHE: 25|1|0.1995
440mASN: 27|1|0.3844
336mGLU: 14|1|0.9986
452mLEU: 25|1|0.1503
226mPRO: 17|1|0.3356
311mPRO: 13|1|0.2903
133mASN: 06|1|0.1489
330mGLY: 14|1|0.0101
261mGLN: 24|1|0.9709
212mTYR: 12|1|0.26
291mVAL: 13|1|0.4004
264mPRO: 03|1|0.1038
151mVAL: 24|1|0.0006
347mLYS: 25|1|0.6523
380mTRP: 25|1|0.6274
261mSER: 24|1|1.0091
385mASP: 25|1|0.0989
252mCYS: 09|1|0.3105
440mVAL: 27|1|0.1897
444mGLY: 27|1|0.3098
212mALA: 12|1|0.2139
183mGLY: 24|1|0.0443
347mTHR: 25|1|0.7034
261mTHR: 24|1|1.3157
311mCYS: 13|1|1.3671
380mTHR: 25|1|0.731
334mLEU: 14|1|0.504
230mLEU: 24|1|0.267
175mTHR: 05|1|0.9333
440mCYS: 27|1|0.1397
151mTHR: 24|1|0.0492
331mILE: 14|1|0.4405
206mGLU: 20|1|0.3388
441mILE: 14|1|0.046
441mHIS: 14|1|0.3806
226mASP: 17|1|0.3659
336mTHR: 14|1|0.6713
261mASN: 24|1|0.8682
354mALA: 27|1|0.2323
174mLEU: 05|1|0.2136
150mALA: 05|1|0.2037
373mLYS: 25|1|0.4031
444mLEU: 27|1|0.1521
339mPRO: 25|1|0.1518
452mPHE: 25|1|0.0338
317mLYS: 13|1|0.7503
228mTHR: 24|1|0.5024
175mLYS: 05|1|0.0431
230mTRP: 24|1|0.1419
345mALA: 25|1|0.0192
229mASP: 24|1|0.2058
226mGLN: 17|1|0.3443
410mASP: 25|1|0.1313
347mGLU: 25|1|0.8434
336mHIS: 14|1|0.234
286mVAL: 13|1|0.5441
326mLEU: 14|1|0.8357
206mSER: 20|1|0.214
311mTHR: 13|1|0.6297
373mGLY: 25|1|0.4781
437mGLY: 27|1|0.081
373mVAL: 25|1|0.3977
317mALA: 13|1|0.957
413mHIS: 25|1|0.1342
355mGLU: 27|1|0.0472
206mTHR: 20|1|0.198
212mILE: 12|1|0.3852
150mVAL: 05|1|0.2477
228mGLN: 24|1|0.0879
259mARG: 24|1|0.1172
257mVAL: 24|1|0.1612
441mLEU: 14|1|0.127
342mHIS: 25|1|0.1067
334mCYS: 14|1|0.7843
436mGLU: 14|1|0.0313
228mLYS: 24|1|0.5405
336mGLY: 14|1|0.7192
349mILE: 25|1|0.0784
441mGLU: 14|1|0.1843
333mGLU: 14|1|0.816
314mASN: 27|1|0.1185
373mILE: 25|1|0.4815
150mGLY: 05|1|0.4175
373mPHE: 25|1|0.2688
286mASP: 13|1|0.3884
222mGLN: 05|1|0.4562
175mCYS: 05|1|0.8471
311mTRP: 13|1|0.1553
257mTHR: 24|1|0.4938
206mASN: 20|1|0.2628
346mMET: 25|1|0.1825
408mALA: 25|1|0.3177
175mMET: 05|1|0.8891
329mASN: 14|1|0.9501
296mHIS: 27|1|0.1351
440mPRO: 27|1|0.1292
415mHIS: 25|1|0.1342
444mALA: 27|1|0.096
346mHIS: 25|1|0.3493
150mLYS: 05|1|0.1773
452mCYS: 25|1|0.6293
361mGLY: 27|1|0.146
336mCYS: 14|1|1.449
329mLYS: 14|1|0.755
222mGLY: 05|1|0.2638
370mALA: 25|1|0.3335
347mASN: 25|1|0.2107
175mGLU: 05|1|1.0094
373mHIS: 25|1|0.2351
340mPRO: 25|1|0.0637
325mCYS: 14|1|0.3591
283mTHR: 13|1|0.929
440mGLN: 27|1|0.1092
441mASN: 14|1|0.2455
380mCYS: 25|1|1.0415
334mGLU: 14|1|1.1971
339mCYS: 25|1|0.5773
291mGLY: 13|1|0.2839
354mLEU: 27|1|0.0176
259mLYS: 24|1|0.2801
230mILE: 24|1|0.1963
341mGLN: 25|1|0.2253
212mASP: 12|1|0.4732
355mHIS: 27|1|0.0176
341mTRP: 25|1|0.1581
334mGLN: 14|1|0.1292
174mHIS: 05|1|0.0176
339mGLU: 25|1|0.1217
286mGLU: 13|1|0.8574
151mASP: 24|1|0.0177
444mASN: 27|1|0.2706
440mASP: 27|1|0.1918
133mASP: 06|1|0.0085
331mALA: 14|1|1.1074
325mASP: 14|1|0.0171
380mALA: 25|1|0.595
330mCYS: 14|1|0.4935
174mGLU: 05|1|0.3449
347mVAL: 25|1|0.9484
230mGLN: 24|1|0.1924
333mASN: 14|1|0.5119
370mTHR: 25|1|0.5687
261mCYS: 24|1|0.9558
135mGLU: 06|1|0.3041
375mTHR: 25|1|0.1623
347mSER: 25|1|0.3881
261mHIS: 24|1|0.3945
345mCYS: 25|1|0.3113
336mLYS: 14|1|0.7953
346mILE: 25|1|1.0375
261mLYS: 24|1|0.3108
230mASP: 24|1|0.214
226mALA: 17|1|0.2614
283mALA: 13|1|0.5578
240mGLU: 16|1|0.0628
380mARG: 25|1|0.0097
407mMET: 14|1|0.2773
342mGLN: 25|1|0.8208
327mCYS: 14|1|0.2476
336mASN: 14|1|0.6046
228mGLY: 24|1|0.1482
331mTHR: 14|1|0.1157
226mVAL: 17|1|0.3488
292mCYS: 27|1|0.3591
329mGLY: 14|1|0.5232
334mMET: 14|1|0.0209
282mGLN: 13|1|0.4562
411mASP: 25|1|0.531
336mILE: 14|1|0.577
317mPRO: 13|1|0.231
385mLYS: 25|1|0.0121
286mPHE: 13|1|0.5064
347mPRO: 25|1|0.2996
408mGLY: 25|1|0.4935
355mLYS: 27|1|0.1789
410mALA: 25|1|0.3072
333mSER: 14|1|0.3274
373mASP: 25|1|0.2228
258mSER: 24|1|0.0973
291mALA: 13|1|0.527
343mASP: 25|1|0.2485
385mSER: 25|1|0.1617
292mLEU: 27|1|0.0701
174mMET: 05|1|0.2246
415mSER: 25|1|0.1305
336mASP: 14|1|0.4606
264mCYS: 03|1|0.7077
444mPHE: 27|1|0.0168
282mASN: 13|1|0.2011
407mHIS: 14|1|0.3361
229mCYS: 24|1|0.7066
452mALA: 25|1|0.3767
360mTHR: 27|1|0.0118
228mILE: 24|1|0.1025
291mMET: 13|1|0.082
150mGLN: 05|1|0.3132
329mCYS: 14|1|0.18
212mTHR: 12|1|0.7851
175mPHE: 05|1|0.7494
133mTHR: 06|1|0.3376
230mPHE: 24|1|0.2736
335mGLY: 14|1|0.0533
342mSER: 25|1|0.7077
444mVAL: 27|1|0.14
174mASN: 05|1|0.0024
