248mGLU: 04,08,10,12,13,17,18,20,21,22,27,28,29|13|8.6574
245mGLU: 02,04,08,10,12,15,18,20,21,22,29|11|10.5905
126mGLY: 02,10,14,15,17,20,21,22,24,28|10|3.0275
268mGLU: 01,03,05,06,07,09,16,19,26|9|11.1979
197mGLY: 02,04,10,15,18,21,22,24,28|9|2.9374
303mGLY: 00,01,03,06,07,09,16,25|8|5.5344
303mVAL: 00,01,03,06,07,09,16,25|8|3.3326
146mTHR: 01,03,06,07,09,11,16,26|8|4.7603
303mSER: 00,01,03,06,07,09,16,25|8|4.4327
142mGLU: 01,03,06,07,09,11,16,26|8|3.5198
303mGLU: 00,01,03,06,07,09,16,25|8|7.8227
237mGLU: 04,10,17,18,21,22,27,28|8|2.069
251mGLU: 04,10,13,17,18,22,27,28|8|7.11
303mTHR: 00,01,03,06,07,09,16,25|8|4.2047
303mASP: 00,01,03,06,07,09,16,25|8|4.8343
146mLEU: 01,03,06,07,09,11,16,26|8|4.6989
146mGLN: 01,03,06,07,09,11,16,26|8|3.8884
146mGLU: 01,03,06,07,09,11,16,26|8|7.4548
144mGLY: 01,03,06,07,09,11,16,26|8|2.279
146mALA: 01,03,06,07,09,11,16,26|8|4.3662
142mGLY: 01,03,06,07,09,11,16,26|8|4.0087
305mGLU: 01,03,05,06,07,09,16,19|8|4.6764
303mALA: 00,01,03,06,07,09,16,25|8|5.0492
146mASP: 01,03,06,07,09,11,16,26|8|5.4064
127mGLY: 02,14,15,20,21,22,24|7|3.4722
272mGLY: 01,03,06,07,09,16,19|7|1.8041
242mGLY: 04,08,12,13,20,25,29|7|3.7933
127mGLU: 02,14,15,20,21,22,24|7|3.7124
147mGLY: 01,03,09,11,16,23,26|7|1.8832
242mALA: 04,08,12,13,20,25,29|7|2.8416
239mGLY: 02,04,10,15,18,21,28|7|0.2986
272mGLU: 01,03,06,07,09,16,19|7|2.1659
272mSER: 01,03,06,07,09,16,19|7|1.5584
242mGLU: 04,08,12,13,20,25,29|7|5.5528
242mILE: 04,08,12,13,20,25,29|7|1.0605
205mASN: 04,14,17,21,22,23,28|7|2.3016
242mLEU: 04,08,12,13,20,25,29|7|1.6045
205mTHR: 04,14,17,21,22,23,28|7|2.5888
266mALA: 01,03,06,09,16,19,26|7|3.87
272mLYS: 01,03,06,07,09,16,19|7|0.8719
196mGLN: 02,10,15,18,20,22|6|1.5859
208mGLY: 11,14,17,21,23,24|6|4.4108
196mGLU: 02,10,15,18,20,22|6|3.0677
208mASN: 11,14,17,21,23,24|6|2.8934
196mVAL: 02,10,15,18,20,22|6|1.7187
204mGLU: 04,14,17,22,27,28|6|2.541
208mTHR: 11,14,17,21,23,24|6|2.5945
196mGLY: 02,10,15,18,20,22|6|2.9514
208mVAL: 11,14,17,21,23,24|6|2.1124
196mMET: 02,10,15,18,20,22|6|1.1999
274mGLU: 00,01,03,06,07,25|6|1.0868
196mSER: 02,10,15,18,20,22|6|2.6226
208mASP: 11,14,17,21,23,24|6|3.1597
196mTHR: 02,10,15,18,20,22|6|1.8893
196mASN: 02,10,15,18,20,22|6|1.7564
196mASP: 02,10,15,18,20,22|6|3.0389
274mTHR: 00,01,03,06,07,25|6|0.6421
208mALA: 11,14,17,21,23,24|6|2.3923
208mLYS: 11,14,17,21,23,24|6|2.4504
208mSER: 11,14,17,21,23,24|6|3.584
206mGLU: 04,14,17,21,24,28|6|5.8731
206mSER: 04,14,17,21,24,28|6|3.3368
208mGLU: 11,14,17,21,23,24|6|4.4965
206mTHR: 04,14,17,21,24,28|6|3.9687
206mASN: 04,14,17,21,24,28|6|3.4174
275mGLU: 01,03,05,06,07,19|6|1.0785
196mLYS: 02,10,15,18,20,22|6|1.6512
196mHIS: 02,10,15,18,20,22|6|1.9066
121mGLU: 11,14,23,24,26|5|1.2555
165mASP: 08,12,13,25,29|5|5.2912
120mTHR: 11,14,23,24,26|5|1.8429
164mGLU: 08,12,13,25,29|5|5.363
165mMET: 08,12,13,25,29|5|1.7653
165mVAL: 08,12,13,25,29|5|2.4109
165mCYS: 08,12,13,25,29|5|5.9487
165mGLU: 08,12,13,25,29|5|5.3288
165mASN: 08,12,13,25,29|5|2.41
120mGLY: 11,14,23,24,26|5|1.1055
119mGLY: 11,14,23,24,26|5|1.0317
165mSER: 08,12,13,25,29|5|3.1161
165mLEU: 08,12,13,25,29|5|2.4142
140mILE: 01,03,16,25,26|5|1.0576
164mCYS: 08,12,13,25,29|5|6.5933
165mGLY: 08,12,13,25,29|5|4.5885
165mILE: 08,12,13,25,29|5|1.9042
119mTHR: 11,14,23,24,26|5|3.0093
140mGLU: 01,03,16,25,26|5|1.0607
165mLYS: 08,12,13,25,29|5|2.1631
140mSER: 01,03,16,25,26|5|1.4367
119mGLU: 11,14,23,24,26|5|5.251
120mASP: 11,14,23,24,26|5|1.0446
165mGLN: 08,12,13,25,29|5|2.706
165mHIS: 08,12,13,25,29|5|1.8829
140mALA: 01,03,16,25,26|5|1.6138
165mTHR: 08,12,13,25,29|5|3.3005
120mGLU: 11,14,23,24,26|5|3.8134
165mALA: 08,12,13,25,29|5|3.5252
140mLYS: 01,03,16,25,26|5|1.3915
235mGLU: 04,17,22,27|4|0.8464
249mLYS: 04,13,18,28|4|0.9335
124mVAL: 14,21,23,24|4|0.6993
210mTHR: 11,23,24,26|4|0.5092
201mLEU: 04,14,27,28|4|1.1612
249mASN: 04,13,18,28|4|1.7486
249mHIS: 04,13,18,28|4|1.6241
163mASP: 08,12,13,29|4|0.2884
201mSER: 04,14,27,28|4|1.6218
124mSER: 14,21,23,24|4|1.3207
249mMET: 04,13,18,28|4|0.9704
124mGLU: 14,21,23,24|4|3.6533
139mGLY: 02,16,25,26|4|0.7956
162mGLU: 08,12,13,29|4|0.6802
167mHIS: 08,13,25,29|4|0.5445
240mASN: 04,08,12,25|4|0.1262
167mTHR: 08,13,25,29|4|1.2104
235mGLY: 04,17,22,27|4|1.1789
201mTRP: 04,14,27,28|4|0.6175
167mGLU: 08,13,25,29|4|1.7436
201mGLY: 04,14,27,28|4|1.9528
167mGLY: 08,13,25,29|4|1.3981
182mGLU: 11,14,23,26|4|1.5524
167mSER: 08,13,25,29|4|1.0343
201mASP: 04,14,27,28|4|1.6194
162mASP: 08,12,13,29|4|0.5013
249mSER: 04,13,18,28|4|1.554
163mGLU: 08,12,13,29|4|0.6766
249mTHR: 04,13,18,28|4|1.3334
201mTHR: 04,14,27,28|4|1.5553
157mGLY: 10,12,13,29|4|1.3657
210mLEU: 11,23,24,26|4|0.2911
162mTHR: 08,12,13,29|4|0.2481
124mALA: 14,21,23,24|4|1.2119
167mASP: 08,13,25,29|4|2.1801
139mILE: 02,16,25,26|4|0.0829
167mGLN: 08,13,25,29|4|1.1376
201mHIS: 04,14,27,28|4|1.2611
139mALA: 02,16,25,26|4|0.2878
124mGLY: 14,21,23,24|4|2.1648
180mGLU: 11,14,23,26|4|0.7993
201mILE: 04,14,27,28|4|1.1075
210mALA: 11,23,24,26|4|0.1455
226mGLY: 11,14,23,26|4|0.4432
201mPHE: 04,14,27,28|4|0.7097
249mGLY: 04,13,18,28|4|2.1698
201mLYS: 04,14,27,28|4|0.9597
201mGLN: 04,14,27,28|4|1.251
201mGLU: 04,14,27,28|4|2.2799
201mMET: 04,14,27,28|4|1.1901
235mSER: 04,17,22,27|4|0.9012
249mASP: 04,13,18,28|4|1.7426
157mASP: 10,12,13,29|4|1.8461
201mASN: 04,14,27,28|4|1.5328
210mGLU: 11,23,24,26|4|0.5342
201mALA: 04,14,27,28|4|1.375
249mVAL: 04,13,18,28|4|0.448
201mVAL: 04,14,27,28|4|1.4132
249mGLN: 04,13,18,28|4|1.1064
124mTHR: 14,21,23,24|4|2.0543
249mGLU: 04,13,18,28|4|2.1571
177mLEU: 11,16,26|3|0.2327
130mGLU: 15,20,21|3|2.1682
130mGLN: 15,20,21|3|1.3764
145mASN: 01,06,16|3|0.4478
145mTHR: 01,06,16|3|0.2934
177mGLU: 11,16,26|3|0.4213
177mVAL: 11,16,26|3|0.1384
145mGLY: 01,06,16|3|0.9849
267mGLU: 01,06,09|3|0.78
130mLEU: 15,20,21|3|0.9565
145mHIS: 01,06,16|3|0.9568
130mGLY: 15,20,21|3|1.4976
130mVAL: 15,20,21|3|1.2082
130mASN: 15,20,21|3|1.5753
130mALA: 15,20,21|3|1.0
181mASP: 11,23,26|3|0.6089
130mSER: 15,20,21|3|1.2938
181mGLU: 11,23,26|3|1.2815
145mMET: 01,06,16|3|0.5849
145mGLN: 01,06,16|3|0.3065
130mASP: 15,20,21|3|1.7042
169mGLY: 12,25,29|3|0.1051
217mGLU: 00,03,25|3|0.7714
177mTHR: 11,16,26|3|0.3646
179mGLY: 11,23,26|3|1.2063
181mGLY: 11,23,26|3|1.0708
145mSER: 01,06,16|3|0.5747
130mPHE: 15,20,21|3|0.7568
179mSER: 11,23,26|3|0.5007
130mTRP: 15,20,21|3|0.7986
130mLYS: 15,20,21|3|0.8197
145mLEU: 01,06,16|3|0.291
130mHIS: 15,20,21|3|0.953
130mTHR: 15,20,21|3|1.6592
130mMET: 15,20,21|3|0.9829
130mILE: 15,20,21|3|0.8876
145mGLU: 01,06,16|3|0.4399
219mLEU: 00,25|2|0.2726
224mASP: 23,26|2|0.0166
136mVAL: 02,26|2|0.5474
297mTHR: 00,25|2|1.1722
194mTHR: 12,25|2|0.5812
277mLEU: 00,19|2|0.835
299mTHR: 00,25|2|0.2988
137mASN: 11,26|2|0.1819
136mALA: 02,26|2|0.7174
301mGLY: 00,25|2|0.9134
238mGLY: 21,28|2|0.0564
219mSER: 00,25|2|0.5416
136mLYS: 02,26|2|0.4824
219mHIS: 00,25|2|0.4697
316mGLU: 05,19|2|0.6371
301mTHR: 00,25|2|0.6201
123mGLU: 14,24|2|1.1436
277mVAL: 00,19|2|0.7528
137mHIS: 11,26|2|0.4131
300mGLU: 00,25|2|0.6158
302mGLN: 00,05|2|0.3498
218mGLU: 00,25|2|2.3563
134mGLU: 02,25|2|0.7224
136mMET: 02,26|2|0.5496
277mSER: 00,19|2|0.5456
313mGLN: 05,19|2|0.5242
297mASN: 00,25|2|0.893
297mTRP: 00,25|2|1.0827
224mGLN: 23,26|2|0.3774
136mPHE: 02,26|2|0.2953
297mSER: 00,25|2|0.8977
135mSER: 02,26|2|0.3705
307mGLY: 00,06|2|0.776
316mALA: 05,19|2|0.3762
218mASN: 00,25|2|1.1389
297mGLU: 00,25|2|1.4724
207mTRP: 14,17|2|0.0288
313mGLU: 05,19|2|0.6459
218mSER: 00,25|2|1.6999
178mGLN: 11,23|2|0.2318
207mTHR: 14,17|2|0.1534
313mTRP: 05,19|2|0.4553
224mHIS: 23,26|2|0.7778
224mGLY: 23,26|2|0.586
224mTRP: 23,26|2|0.2994
297mILE: 00,25|2|0.9263
313mTHR: 05,19|2|0.4412
299mGLY: 00,25|2|0.2751
194mTRP: 12,25|2|0.198
297mTYR: 00,25|2|0.4166
136mGLU: 02,26|2|0.4541
297mMET: 00,25|2|0.9471
313mMET: 05,19|2|0.3784
123mCYS: 14,24|2|1.5774
207mGLY: 14,17|2|0.3154
122mALA: 24,26|2|0.1181
194mHIS: 12,25|2|0.5585
123mMET: 14,24|2|0.1535
219mGLU: 00,25|2|0.7578
302mSER: 00,05|2|0.6514
224mGLU: 23,26|2|0.3852
123mGLY: 14,24|2|0.577
301mSER: 00,25|2|0.6996
277mTHR: 00,19|2|0.8902
207mMET: 14,17|2|0.3896
277mMET: 00,19|2|0.846
300mGLY: 00,25|2|0.2839
194mILE: 12,25|2|0.1342
261mALA: 19,23|2|0.4473
313mVAL: 05,19|2|0.497
218mGLY: 00,25|2|1.9882
302mGLU: 00,05|2|1.1147
134mILE: 02,25|2|0.0298
178mLEU: 11,23|2|0.3994
207mSER: 14,17|2|0.259
307mALA: 00,06|2|0.3864
178mGLU: 11,23|2|0.3985
178mASP: 11,23|2|0.3704
261mGLY: 19,23|2|1.0046
136mASP: 02,26|2|0.2576
207mASN: 14,17|2|0.237
224mALA: 23,26|2|0.1584
134mALA: 02,25|2|0.5612
224mPHE: 23,26|2|0.0
297mHIS: 00,25|2|0.8768
297mPRO: 00,25|2|0.9223
313mILE: 05,19|2|0.2445
194mGLU: 12,25|2|0.7026
194mGLN: 12,25|2|0.2824
297mVAL: 00,25|2|1.1794
297mGLY: 00,25|2|1.3752
135mGLY: 02,26|2|0.4977
277mGLU: 00,19|2|0.9663
224mTHR: 23,26|2|0.424
313mGLY: 05,19|2|0.8897
123mILE: 14,24|2|0.73
302mHIS: 00,05|2|0.3511
277mTRP: 00,19|2|0.7243
297mALA: 00,25|2|1.1412
238mMET: 21,28|2|0.1306
261mASP: 19,23|2|0.4464
224mILE: 23,26|2|0.1086
134mVAL: 02,25|2|0.2364
137mGLY: 11,26|2|0.3127
299mGLU: 00,25|2|0.4202
178mTHR: 11,23|2|0.3342
135mHIS: 02,26|2|0.3506
316mGLY: 05,19|2|0.8512
277mILE: 00,19|2|0.6833
178mALA: 11,23|2|0.5127
261mLEU: 19,23|2|0.6261
261mVAL: 19,23|2|0.4421
277mGLY: 00,19|2|0.7257
194mVAL: 12,25|2|0.2319
297mGLN: 00,25|2|1.2021
299mASN: 00,25|2|0.4054
194mMET: 12,25|2|0.4135
297mLEU: 00,25|2|1.4214
313mLEU: 05,19|2|0.6689
122mGLU: 24,26|2|0.28
136mSER: 02,26|2|0.6704
224mASN: 23,26|2|0.5076
194mLYS: 12,25|2|0.224
301mALA: 00,25|2|0.1342
302mASN: 00,05|2|0.7498
313mALA: 05,19|2|0.5462
238mHIS: 21,28|2|0.2482
261mGLU: 19,23|2|0.6604
301mASN: 00,25|2|0.6659
316mSER: 05,19|2|0.5976
224mMET: 23,26|2|0.6602
207mHIS: 14,17|2|0.5072
136mGLY: 02,26|2|0.7976
224mSER: 23,26|2|0.5296
261mGLN: 19,23|2|0.5348
194mGLY: 12,25|2|0.5575
123mVAL: 14,24|2|0.8401
261mSER: 19,23|2|0.6508
207mGLU: 14,17|2|0.1146
313mHIS: 05,19|2|0.5739
178mILE: 11,23|2|0.2011
261mTHR: 19,23|2|0.4751
219mGLY: 00,25|2|1.1003
136mILE: 02,26|2|0.5623
194mASN: 12,25|2|0.6878
277mGLN: 00,19|2|0.8138
261mTRP: 19,23|2|0.4269
207mGLN: 14,17|2|0.1068
134mSER: 02,25|2|0.7647
224mLYS: 23,26|2|0.1056
261mASN: 19,23|2|0.5459
301mGLU: 00,25|2|1.4817
277mASN: 00,19|2|0.6238
136mHIS: 02,26|2|0.6505
313mSER: 05,19|2|0.5641
218mTHR: 00,25|2|1.3859
136mLEU: 02,26|2|0.5471
277mALA: 00,19|2|0.6214
135mMET: 02,26|2|0.2497
302mGLY: 00,05|2|1.0289
297mASP: 00,25|2|1.3157
194mALA: 12,25|2|0.2132
297mCYS: 00,25|2|1.1674
134mTHR: 02,25|2|0.1892
261mPHE: 19,23|2|0.1853
134mGLY: 02,25|2|0.6927
277mHIS: 00,19|2|0.639
297mPHE: 00,25|2|1.1225
123mPHE: 14,24|2|0.3916
123mLEU: 14,24|2|0.8172
194mSER: 12,25|2|0.65
224mLEU: 23,26|2|0.2706
123mASP: 14,24|2|0.9806
191mGLY: 25,29|2|0.1828
178mGLY: 11,23|2|0.3652
224mVAL: 23,26|2|0.2464
123mALA: 14,24|2|1.0088
194mLEU: 12,25|2|0.1714
299mSER: 00,25|2|0.3676
302mTHR: 00,05|2|0.4965
313mASN: 05,19|2|0.4702
