164mGLU: 05,10,11,15,20,21,24,25,27,28|10|8.8146
180mGLY: 00,01,06,08,13,14,18,26,29|9|3.2361
164mVAL: 05,10,11,15,20,21,24,27,28|9|2.5105
180mALA: 00,01,02,06,08,13,14,18,29|9|5.2413
164mLEU: 05,10,11,15,20,21,24,27,28|9|4.1778
164mTHR: 05,10,11,15,20,21,24,27,28|9|6.2946
180mTHR: 00,01,02,06,08,13,14,18,29|9|4.3341
181mASN: 00,01,02,06,08,14,18,29|8|4.253
164mASP: 05,10,11,20,21,24,27,28|8|4.9724
181mASP: 00,02,06,08,14,18,26,29|8|1.7604
164mCYS: 05,11,15,20,21,24,25,28|8|5.3194
181mGLU: 01,02,06,08,14,18,26,29|8|2.1121
181mALA: 00,01,02,06,08,14,18,29|8|3.9
181mTHR: 00,01,02,06,08,14,18,29|8|4.7857
180mGLU: 01,02,06,08,13,14,26,29|8|3.2286
164mGLY: 05,10,11,20,21,24,27,28|8|5.5731
119mTHR: 00,01,02,06,08,13,14,26|8|2.5648
164mALA: 05,10,11,20,21,24,27,28|8|5.2349
168mGLU: 05,10,11,15,20,21,24,28|8|3.2859
164mILE: 05,10,11,20,24,27,28|7|1.2086
165mMET: 05,11,15,20,21,24,28|7|2.8469
165mTHR: 05,11,15,20,21,24,28|7|3.9625
165mGLU: 05,11,15,20,21,24,28|7|5.4289
165mASN: 05,11,15,20,21,24,28|7|1.1696
165mSER: 05,11,15,20,21,24,28|7|3.2186
119mASP: 00,01,02,06,13,14,26|7|2.5529
165mGLY: 05,11,15,20,21,24,28|7|4.0587
165mLEU: 05,11,15,20,21,24,28|7|4.3069
181mGLY: 00,01,06,08,18,26,29|7|2.5011
119mGLU: 00,01,02,06,08,13,26|7|3.178
164mHIS: 05,10,11,21,24,27,28|7|3.7584
164mGLN: 05,10,11,21,24,27,28|7|2.4325
164mASN: 05,10,11,21,24,27,28|7|3.0276
165mALA: 05,11,15,20,21,24,28|7|4.4329
165mVAL: 05,11,15,20,21,24,28|7|2.8686
164mSER: 05,10,11,21,24,27,28|7|4.8576
180mSER: 01,02,06,08,13,14,29|7|1.9468
181mLYS: 01,02,06,14,18,29|6|1.5624
120mTHR: 00,01,02,06,08,13|6|1.6826
164mMET: 05,10,11,24,27,28|6|2.0978
242mGLY: 05,11,15,20,21,24|6|4.5326
242mALA: 05,11,15,20,21,24|6|3.6721
242mVAL: 05,11,15,20,21,24|6|2.4449
180mCYS: 00,06,08,13,18,29|6|0.9448
180mLYS: 01,02,06,13,14,29|6|3.6812
242mLEU: 05,11,15,20,21,24|6|2.2353
181mVAL: 00,01,06,08,18,29|6|3.182
164mLYS: 10,11,21,24,27,28|6|2.5071
168mTHR: 05,10,11,21,24,28|6|1.1718
180mASN: 01,06,08,13,14,29|6|2.5504
167mASN: 05,10,11,15,20|5|1.5984
178mVAL: 01,13,14,18,26|5|2.1142
440mGLU: 04,10,25,27,28|5|3.1062
194mTHR: 05,11,15,21,24|5|2.1654
326mGLY: 03,04,07,12,19|5|1.1095
440mTHR: 04,10,25,27,28|5|5.0814
121mGLU: 00,06,08,13,14|5|1.1697
326mTHR: 03,04,07,12,19|5|0.6947
184mASN: 00,01,02,13,14|5|1.3396
167mMET: 05,10,11,15,20|5|1.6922
167mSER: 05,10,11,15,20|5|1.3932
190mASN: 05,11,15,20,21|5|1.8466
119mSER: 00,02,06,08,26|5|1.431
178mGLY: 01,13,14,18,26|5|3.1544
182mTHR: 00,01,06,26,29|5|4.0517
168mCYS: 05,10,15,21,24|5|3.3134
167mHIS: 05,10,11,15,20|5|1.3644
242mSER: 05,11,20,21,24|5|3.2159
177mTHR: 01,02,08,13,14|5|0.8984
184mTHR: 00,01,02,13,14|5|1.1293
146mGLY: 01,02,08,13,14|5|2.8991
178mHIS: 01,13,14,18,26|5|1.0464
326mALA: 03,04,07,12,16|5|0.5535
440mASN: 04,10,25,27,28|5|5.3255
167mGLU: 05,10,11,15,20|5|2.3594
167mGLY: 05,10,11,15,20|5|1.6327
440mPRO: 04,10,25,27,28|5|5.1858
194mHIS: 05,11,15,21,24|5|1.6634
326mSER: 03,04,07,12,19|5|0.9996
146mTHR: 01,02,08,13,14|5|2.8776
326mHIS: 03,04,07,12,16|5|1.2802
167mALA: 05,10,11,15,20|5|1.2936
167mTHR: 05,10,11,15,20|5|2.0664
120mGLY: 00,01,08,14,26|5|1.2447
119mGLY: 00,01,02,08,26|5|1.7381
165mHIS: 05,11,21,24,28|5|2.1559
440mALA: 04,10,25,27,28|5|3.1346
167mILE: 05,10,11,15,20|5|1.3633
242mCYS: 05,11,20,21,24|5|3.1576
181mPRO: 00,06,08,18,29|5|5.7042
167mLEU: 05,10,11,15,20|5|1.6229
167mPHE: 05,10,11,15,20|5|1.3294
181mCYS: 00,06,08,18,29|5|1.8113
167mGLN: 05,10,11,15,20|5|1.6381
120mSER: 00,01,08,14,26|5|0.5169
182mALA: 00,06,18,26,29|5|2.8217
180mVAL: 06,08,13,18,29|5|2.6728
167mASP: 05,10,11,15,20|5|1.2227
178mTHR: 01,13,14,18,26|5|3.5451
146mASP: 01,02,08,13,14|5|2.3052
184mGLY: 00,01,02,13,14|5|0.9571
242mGLU: 05,11,15,20,24|5|4.2157
440mGLY: 04,10,25,27,28|5|3.2296
242mASP: 05,11,15,20,24|5|3.6074
194mVAL: 05,11,15,21,24|5|1.1944
440mCYS: 04,10,25,27,28|5|2.8375
242mILE: 05,11,20,21,24|5|1.4441
146mGLU: 01,02,08,13,14|5|3.296
162mGLU: 11,15,20,24,27|5|0.8098
165mLYS: 05,11,21,24,28|5|1.7448
190mTHR: 05,11,15,20,21|5|2.0333
178mASN: 01,13,14,18,26|5|3.2894
178mALA: 01,13,14,18,26|5|2.623
162mTHR: 11,15,20,24,27|5|0.3967
180mPRO: 00,06,13,18,29|5|3.0088
194mGLY: 05,11,15,21,24|5|3.0382
440mVAL: 04,10,25,27,28|5|2.1113
146mALA: 01,02,08,13,14|5|3.2268
178mILE: 01,13,14,18,26|5|0.7775
326mGLU: 04,07,12,16,19|5|0.8075
194mASN: 05,11,15,21,24|5|1.7891
438mLYS: 04,10,25,27,28|5|1.5219
194mALA: 05,11,15,21,24|5|2.5895
440mASP: 04,10,25,27,28|5|4.0298
167mVAL: 05,10,11,15,20|5|1.5311
167mTRP: 05,10,11,15,20|5|1.4137
182mASN: 00,01,06,26,29|5|3.5109
438mALA: 04,10,25,27,28|5|2.8487
177mLEU: 01,02,08,14|4|0.5223
182mPRO: 00,06,26,29|4|5.1844
362mVAL: 24,25,27,28|4|1.6702
330mGLU: 04,12,16,19|4|1.0531
401mTHR: 03,07,16,17|4|0.9545
400mSER: 03,07,16,17|4|1.9131
184mMET: 01,02,13,14|4|0.7922
219mASN: 11,15,20,21|4|1.4685
219mTHR: 11,15,20,21|4|1.4484
182mGLU: 00,01,26,29|4|2.4284
362mGLY: 24,25,27,28|4|2.549
178mSER: 01,14,18,26|4|1.5294
265mLYS: 02,14,18,26|4|0.4878
179mGLU: 01,08,14,26|4|0.7441
411mCYS: 19,22,23,28|4|2.1099
444mTRP: 20,25,27,28|4|0.5934
265mTHR: 02,14,18,26|4|1.8225
438mTHR: 10,25,27,28|4|2.8174
177mGLU: 01,02,08,14|4|0.7506
122mASP: 00,06,08,14|4|0.7449
177mVAL: 01,02,08,13|4|0.4251
190mSER: 11,15,20,21|4|0.5089
334mASP: 03,04,12,19|4|2.5638
265mALA: 02,14,18,26|4|1.1334
120mALA: 00,01,02,08|4|1.8884
411mVAL: 19,22,23,28|4|0.9906
438mGLU: 10,25,27,28|4|1.9987
122mLEU: 00,06,08,14|4|1.0921
164mTRP: 10,21,27,28|4|0.4771
334mGLY: 03,04,12,19|4|1.3086
245mASN: 05,09,11,24|4|0.3256
177mALA: 01,02,13,14|4|0.845
362mALA: 24,25,27,28|4|2.5937
438mASP: 10,25,27,28|4|1.9378
438mASN: 10,25,27,28|4|2.4807
190mGLU: 05,11,15,20|4|1.3708
439mPRO: 04,10,12,25|4|3.1508
178mLEU: 01,14,18,26|4|0.9632
327mGLY: 03,07,17,19|4|0.7103
243mTHR: 05,11,15,20|4|1.348
336mVAL: 03,04,12,19|4|0.9439
362mASN: 24,25,27,28|4|2.1761
334mALA: 03,04,12,19|4|1.9289
329mALA: 03,04,12,19|4|1.6872
191mALA: 05,11,21,24|4|2.4447
391mASN: 12,19,25,27|4|1.834
444mPHE: 20,25,27,28|4|0.2021
440mMET: 10,25,27,28|4|0.6527
146mLYS: 01,08,13,14|4|2.5977
181mILE: 06,08,18,29|4|1.2227
401mASN: 03,07,16,17|4|0.7192
165mPHE: 15,20,21,24|4|2.472
391mGLY: 12,19,25,27|4|1.3079
119mLEU: 01,02,08,26|4|0.8732
444mGLN: 20,25,27,28|4|0.7403
184mHIS: 01,02,13,14|4|1.2447
159mTHR: 05,11,24,27|4|1.7736
122mSER: 00,06,08,14|4|1.2813
326mASN: 04,07,12,19|4|0.8658
362mGLU: 24,25,27,28|4|2.284
165mCYS: 15,20,21,24|4|5.7006
182mVAL: 00,06,26,29|4|2.8153
122mALA: 00,06,08,14|4|0.9203
438mGLY: 10,25,27,28|4|1.7653
391mTHR: 12,19,25,27|4|1.7875
444mGLU: 20,25,27,28|4|0.8698
190mILE: 05,11,20,21|4|0.6792
167mLYS: 10,11,15,20|4|0.3097
122mASN: 00,06,08,14|4|1.3973
177mGLY: 01,02,13,14|4|1.5473
265mGLU: 01,02,14,18|4|1.2495
119mCYS: 01,02,13,26|4|1.7408
179mASN: 01,02,06,13|4|0.2554
122mGLY: 00,06,08,14|4|1.3689
194mILE: 05,11,21,24|4|0.8782
334mTHR: 03,04,12,19|4|2.3964
168mGLY: 10,11,21,28|4|1.0142
184mSER: 01,02,13,14|4|0.5733
444mASN: 20,25,27,28|4|0.8165
163mGLU: 05,20,27,28|4|0.5108
439mTHR: 04,10,12,25|4|1.8255
162mHIS: 11,20,24,27|4|0.9098
178mGLU: 01,14,18,26|4|2.5986
162mSER: 11,20,24,27|4|0.8971
194mSER: 05,11,15,24|4|1.5565
178mASP: 01,14,18,26|4|3.051
190mPRO: 05,11,20,21|4|1.8988
194mASP: 05,11,15,24|4|2.1795
266mGLU: 01,02,07,18|4|1.4832
444mSER: 20,25,27,28|4|0.9324
169mALA: 05,11,21,24|4|1.6442
411mGLY: 19,22,23,28|4|1.6455
181mMET: 06,08,18,29|4|0.332
194mGLU: 05,11,15,24|4|1.7131
122mPHE: 00,06,08,14|4|0.792
400mTHR: 03,07,16,17|4|3.3588
190mHIS: 11,15,20,21|4|0.4546
440mILE: 04,25,27,28|4|1.1195
122mVAL: 00,06,08,14|4|1.0704
190mALA: 05,11,20,21|4|1.7046
444mTHR: 20,25,27,28|4|0.7039
440mSER: 10,25,27,28|4|1.818
169mGLY: 05,11,21,24|4|0.4774
362mSER: 24,25,27,28|4|1.1511
362mHIS: 05,24,27,28|4|0.6817
182mGLY: 00,06,26,29|4|2.7008
180mPHE: 06,08,13,29|4|1.2601
326mMET: 03,04,07,12|4|0.8676
165mASP: 15,20,21,24|4|2.7355
401mALA: 03,07,16,17|4|0.9647
165mILE: 15,20,21,24|4|2.951
146mGLN: 01,02,08,14|4|1.0295
122mGLU: 00,06,08,14|4|1.7546
178mPRO: 01,13,18,26|4|3.4158
162mASN: 11,20,24,27|4|0.5534
180mGLN: 06,08,13,29|4|1.1811
122mGLN: 00,06,08,14|4|1.1819
226mGLY: 00,02,06,29|4|0.913
438mVAL: 04,10,25,27|4|1.2336
177mHIS: 01,02,13,14|4|1.6972
146mCYS: 01,02,08,13|4|1.8628
391mILE: 12,19,25,27|4|0.8081
444mALA: 20,25,27,28|4|0.5433
391mALA: 12,19,25,27|4|1.5851
122mTHR: 00,06,08,14|4|1.5571
146mSER: 01,08,13,14|4|2.359
265mGLY: 02,14,18,26|4|1.3874
411mALA: 19,22,23,28|4|3.2795
391mVAL: 12,19,25,27|4|1.4836
165mGLN: 15,20,21,24|4|1.7505
180mLEU: 06,08,13,29|4|1.0379
444mGLY: 20,25,27,28|4|1.3144
180mILE: 06,08,13,29|4|1.935
122mILE: 00,06,08,14|4|0.9032
146mMET: 01,02,08,14|4|1.2737
242mLYS: 05,20,21,24|4|2.4127
336mTHR: 03,04,12,19|4|3.0316
444mLEU: 20,25,27,28|4|0.7782
177mASN: 01,02,13,14|4|0.8438
401mLYS: 03,07,16,17|4|1.12
362mASP: 24,25,27,28|4|1.9858
326mLEU: 03,04,07,12|4|0.3103
444mASP: 20,25,27,28|4|0.4715
119mALA: 01,02,06,26|4|2.4822
362mTHR: 24,25,27,28|4|2.5229
122mTRP: 00,06,08,14|4|1.008
162mGLY: 11,20,24,27|4|0.96
190mVAL: 05,11,20,21|4|1.4587
120mGLU: 00,01,06,08|4|2.0649
266mGLY: 01,02,07,18|4|1.1659
335mASP: 03,04,16,19|4|0.5572
190mGLY: 11,15,20,21|4|1.5112
411mASP: 19,22,23,28|4|1.124
191mGLY: 11,15,21,24|4|0.968
242mTHR: 05,11,20,24|4|4.4912
194mLEU: 05,11,15,24|4|1.3969
163mTHR: 05,20,27,28|4|0.3709
444mVAL: 20,25,27,28|4|0.5821
437mSER: 04,25,27|3|0.7657
398mTHR: 07,16,17|3|1.1284
336mALA: 03,12,19|3|1.5075
391mGLN: 19,25,27|3|0.5166
123mLYS: 00,06,08|3|1.0881
362mILE: 24,25,28|3|0.6463
412mILE: 12,23,28|3|1.0973
268mILE: 01,02,07|3|1.6081
440mLYS: 10,27,28|3|2.5325
335mTHR: 03,04,16|3|0.6565
259mGLY: 17,18,29|3|1.5471
169mCYS: 05,21,24|3|2.8482
136mVAL: 02,09,13|3|0.9514
408mTHR: 19,22,23|3|1.4297
329mMET: 04,12,19|3|1.0159
259mASN: 17,18,29|3|1.3441
411mGLU: 19,22,28|3|0.6128
411mILE: 19,22,28|3|1.1169
168mHIS: 10,21,28|3|0.4406
444mARG: 25,27,28|3|0.0504
122mHIS: 06,08,14|3|1.2983
249mASN: 05,20,24|3|0.9434
329mHIS: 04,12,19|3|1.4045
360mHIS: 24,25,28|3|0.6909
177mSER: 01,02,14|3|1.0564
123mMET: 00,06,08|3|1.5906
327mHIS: 07,16,17|3|0.6954
259mALA: 17,18,29|3|1.5596
412mHIS: 12,23,28|3|0.4348
123mGLN: 00,06,08|3|1.2522
249mILE: 05,20,24|3|1.0624
229mVAL: 00,18,26|3|0.5551
329mTHR: 04,12,19|3|1.5833
178mLYS: 01,13,14|3|1.7
412mALA: 12,23,28|3|2.4003
268mGLU: 01,02,07|3|2.2989
268mMET: 01,02,07|3|1.5158
219mSER: 11,15,20|3|1.133
391mPHE: 19,25,27|3|0.2002
259mSER: 17,18,29|3|1.657
181mHIS: 06,18,29|3|0.3018
145mTHR: 01,02,13|3|0.8557
136mCYS: 02,09,13|3|2.079
123mGLU: 00,06,08|3|1.6944
245mGLU: 09,11,24|3|0.848
444mHIS: 25,27,28|3|1.2171
229mGLY: 00,18,26|3|0.477
265mVAL: 14,18,26|3|0.939
180mTRP: 06,13,29|3|0.3369
142mALA: 08,13,14|3|0.9929
163mASN: 05,27,28|3|0.1709
444mILE: 25,27,28|3|0.2133
265mCYS: 01,02,26|3|0.889
159mASN: 05,24,27|3|1.4499
439mVAL: 04,12,25|3|1.4224
142mSER: 08,13,14|3|1.3041
249mHIS: 05,20,24|3|0.9738
245mSER: 09,11,24|3|0.624
137mGLU: 06,08,13|3|0.4273
163mMET: 05,27,28|3|0.4032
146mPHE: 01,02,08|3|0.7814
182mASP: 00,26,29|3|2.6932
336mASN: 03,12,19|3|1.6643
268mASN: 01,02,07|3|1.3158
354mASN: 25,27,28|3|1.1926
401mGLY: 03,07,17|3|0.7365
411mSER: 19,22,28|3|1.099
408mALA: 19,22,23|3|1.9508
229mPRO: 00,26,29|3|0.8764
177mMET: 01,02,14|3|1.2037
169mGLU: 05,15,24|3|2.0298
191mILE: 11,21,24|3|0.69
444mLYS: 25,27,28|3|0.2088
326mVAL: 04,07,12|3|0.2112
268mALA: 01,02,07|3|1.7362
263mALA: 18,26,29|3|1.1715
249mMET: 05,20,24|3|1.3878
441mPRO: 04,10,12|3|1.7418
368mCYS: 22,23,28|3|4.4131
368mGLU: 22,23,28|3|2.4613
168mLEU: 05,10,28|3|0.3853
159mGLU: 11,24,27|3|1.5296
249mPHE: 05,20,24|3|1.1084
194mCYS: 05,11,24|3|1.7367
360mMET: 24,25,28|3|0.4775
329mSER: 04,12,19|3|1.8378
400mVAL: 03,07,17|3|1.8943
329mGLN: 04,12,19|3|0.4721
411mHIS: 19,22,28|3|0.5209
329mLYS: 04,12,19|3|0.303
123mTRP: 00,06,08|3|1.0036
365mGLU: 22,27,28|3|1.2339
391mLYS: 19,25,27|3|1.402
313mGLN: 07,16,17|3|0.1936
191mGLU: 05,11,15|3|0.386
391mSER: 19,25,27|3|0.6884
180mARG: 06,13,29|3|1.7967
412mGLY: 12,23,28|3|1.4377
313mGLU: 07,16,17|3|0.8541
400mPRO: 03,07,17|3|2.4181
282mGLY: 07,16,17|3|0.8514
145mGLY: 01,02,13|3|0.5523
368mALA: 22,23,28|3|2.0156
147mLYS: 01,13,26|3|0.4146
442mALA: 10,27,28|3|0.4788
165mTRP: 15,20,21|3|0.8452
229mALA: 00,18,26|3|1.0718
240mSER: 05,15,24|3|0.3417
169mILE: 05,21,24|3|0.8122
412mCYS: 12,23,28|3|1.2339
357mVAL: 05,27,28|3|0.8316
313mTHR: 07,16,17|3|1.3514
359mPRO: 05,27,28|3|1.5857
162mVAL: 15,20,27|3|0.3499
319mTHR: 07,16,17|3|0.9606
368mVAL: 22,23,28|3|2.2209
265mASN: 14,18,26|3|1.635
194mTRP: 05,15,24|3|0.6172
362mLEU: 24,27,28|3|0.7582
363mHIS: 25,27,28|3|0.145
326mGLN: 04,07,12|3|0.4077
168mASP: 10,20,21|3|0.2768
411mTHR: 22,23,28|3|0.8613
282mSER: 07,16,17|3|0.5501
327mALA: 03,16,19|3|1.7295
313mMET: 07,16,17|3|0.8753
324mHIS: 07,16,17|3|0.9588
240mHIS: 05,15,24|3|0.8418
435mASN: 25,27,28|3|1.3795
191mCYS: 11,21,24|3|0.5498
400mGLY: 03,07,17|3|2.4159
411mARG: 19,22,28|3|0.4609
219mGLU: 11,15,20|3|0.6919
123mTHR: 00,06,08|3|1.6236
119mGLN: 01,02,26|3|0.4193
245mALA: 09,11,24|3|0.1482
240mGLY: 05,15,24|3|0.6005
268mGLN: 01,02,07|3|1.88
146mASN: 01,13,14|3|1.8839
259mLEU: 17,18,29|3|1.5199
329mLEU: 04,12,19|3|1.477
123mGLY: 00,06,08|3|1.9574
179mALA: 02,06,26|3|0.6017
391mPRO: 12,19,25|3|2.2695
391mARG: 19,25,27|3|0.6004
282mARG: 07,16,17|3|0.5724
266mASN: 02,07,18|3|0.6879
360mGLY: 24,25,28|3|0.3738
180mTYR: 06,13,29|3|0.9465
385mCYS: 22,23,28|3|0.5668
335mCYS: 03,04,16|3|0.939
261mALA: 17,18,29|3|1.6109
142mGLU: 08,13,14|3|1.3996
326mILE: 04,07,12|3|0.0045
262mASP: 01,18,26|3|0.4139
249mSER: 05,20,24|3|0.787
268mLEU: 01,02,07|3|2.1739
354mASP: 05,27,28|3|0.9133
266mSER: 02,07,18|3|0.9092
249mTHR: 05,20,24|3|1.4762
142mLEU: 08,13,14|3|0.6299
242mPRO: 11,15,20|3|1.6841
263mVAL: 18,26,29|3|1.061
169mVAL: 05,11,21|3|0.6326
123mASN: 00,06,08|3|1.5542
190mPHE: 05,20,21|3|0.223
162mMET: 11,24,27|3|0.6154
266mTRP: 02,07,18|3|0.446
368mTHR: 22,23,28|3|3.0331
140mTHR: 08,13,21|3|0.5503
121mCYS: 01,02,14|3|0.6025
320mGLU: 07,16,17|3|0.8042
357mASP: 05,27,28|3|0.9318
194mARG: 05,21,24|3|0.6217
265mSER: 02,14,18|3|1.4632
411mPRO: 19,23,28|3|0.8652
359mTHR: 05,25,27|3|0.6443
441mTHR: 04,10,12|3|0.958
169mASN: 05,11,15|3|0.3689
411mLYS: 19,22,28|3|1.4539
142mASN: 08,13,14|3|1.0755
229mTHR: 18,26,29|3|0.4982
122mMET: 06,08,14|3|1.3877
194mGLN: 05,15,24|3|0.9755
324mGLY: 07,16,17|3|0.995
268mVAL: 01,02,07|3|1.8618
122mLYS: 00,06,08|3|0.5314
178mCYS: 01,18,26|3|2.2696
268mSER: 01,02,07|3|1.2313
313mGLY: 07,16,17|3|0.8079
365mASP: 22,27,28|3|0.5186
182mCYS: 00,26,29|3|2.5699
123mTYR: 00,06,08|3|0.2345
329mGLY: 04,12,19|3|2.1103
442mLYS: 10,27,28|3|0.7238
327mVAL: 03,16,19|3|0.4488
226mHIS: 02,06,29|3|0.2991
368mPRO: 22,23,28|3|4.1225
266mVAL: 02,07,18|3|0.3617
329mVAL: 04,12,19|3|0.9535
249mTRP: 05,20,24|3|1.1444
368mASP: 22,23,28|3|2.8899
365mALA: 22,25,28|3|1.1309
243mGLU: 05,20,24|3|1.1115
126mVAL: 00,06,09|3|0.6194
438mCYS: 10,25,28|3|2.485
354mTHR: 25,27,28|3|1.1968
368mILE: 22,23,28|3|1.8638
438mPRO: 10,25,28|3|1.9222
165mPRO: 15,20,21|3|1.446
259mMET: 17,18,29|3|1.3581
412mARG: 12,23,28|3|0.1791
331mGLY: 03,07,16|3|0.6715
146mHIS: 01,08,14|3|1.8643
259mHIS: 17,18,29|3|1.3307
359mHIS: 05,24,25|3|0.833
388mGLY: 25,27,28|3|0.4007
180mMET: 06,13,29|3|0.8115
161mGLU: 11,20,27|3|0.6089
336mGLU: 03,04,19|3|2.6234
146mILE: 01,02,08|3|0.7897
324mTHR: 07,16,17|3|0.6722
400mHIS: 03,16,17|3|0.6428
169mTHR: 05,11,24|3|1.4323
412mLEU: 12,23,28|3|0.4165
324mASN: 07,16,17|3|0.8713
262mTHR: 18,26,29|3|0.065
219mLYS: 11,15,20|3|1.2339
400mGLU: 07,16,17|3|2.9027
329mTYR: 04,12,19|3|0.256
408mPRO: 19,22,23|3|2.7587
259mILE: 17,18,29|3|1.0081
249mALA: 05,20,24|3|0.9386
401mSER: 07,16,17|3|0.6721
408mCYS: 19,22,23|3|0.5841
439mCYS: 04,12,25|3|0.7091
123mPHE: 00,06,08|3|0.4681
182mSER: 00,01,26|3|0.8928
368mASN: 22,23,28|3|2.3715
123mASP: 00,06,08|3|0.9106
336mLEU: 03,04,12|3|0.615
391mHIS: 19,25,27|3|1.0384
179mGLY: 02,14,26|3|0.5875
268mGLY: 01,02,07|3|1.8607
435mTHR: 25,27,28|3|1.1235
329mGLU: 04,12,19|3|2.2394
164mTYR: 21,24,28|3|1.6534
123mSER: 00,06,08|3|1.8757
194mLYS: 05,21,24|3|1.2873
245mGLY: 09,11,24|3|0.5301
144mGLY: 01,13,14|3|0.4925
400mASN: 03,07,17|3|2.8629
408mVAL: 19,22,23|3|1.4015
140mGLU: 08,13,21|3|0.8688
412mLYS: 12,23,28|3|1.6533
360mSER: 24,25,28|3|0.4853
327mTHR: 03,16,19|3|0.8549
126mTHR: 00,06,09|3|1.3072
259mTHR: 17,18,29|3|2.2048
266mTHR: 02,07,18|3|1.1073
336mSER: 03,12,19|3|1.4468
412mSER: 12,23,28|3|0.6173
400mILE: 03,07,17|3|1.2226
326mTRP: 04,07,12|3|0.2907
400mALA: 03,07,17|3|3.2192
357mASN: 24,27,28|3|1.6299
313mALA: 07,16,17|3|0.5172
249mGLY: 05,20,24|3|1.1472
261mGLU: 17,18,29|3|2.4073
335mGLU: 04,16,19|3|0.3677
259mGLN: 17,18,29|3|0.9725
123mILE: 00,06,08|3|0.935
120mPRO: 02,08,13|3|1.0204
177mTRP: 01,02,14|3|0.291
444mMET: 25,27,28|3|1.0407
120mASP: 01,08,13|3|0.9797
354mVAL: 05,27,28|3|0.1562
262mPRO: 18,26,29|3|1.4998
266mALA: 02,07,18|3|0.9178
146mLEU: 01,02,08|3|1.6553
259mGLU: 17,18,29|3|2.033
123mVAL: 00,06,08|3|0.8378
228mGLY: 18,26,29|3|0.595
313mHIS: 07,16,17|3|0.9556
335mLEU: 04,16,19|3|0.3
163mSER: 05,27,28|3|0.3848
219mGLY: 11,15,20|3|0.987
368mGLY: 22,23,28|3|1.4849
249mASP: 05,20,24|3|1.0058
136mILE: 02,09,13|3|1.0533
163mHIS: 05,27,28|3|0.4902
359mCYS: 05,25,27|3|2.2358
177mGLN: 01,02,14|3|0.5722
268mTHR: 01,02,07|3|1.9032
146mVAL: 01,02,14|3|1.0099
120mMET: 08,14,26|3|0.4579
319mGLU: 07,16,17|3|1.2801
400mLYS: 03,07,17|3|2.9343
336mGLY: 03,12,19|3|1.657
243mLYS: 05,11,20|3|0.5513
240mMET: 05,15,24|3|0.489
439mALA: 04,12,25|3|2.1109
313mSER: 07,16,17|3|0.5698
243mSER: 05,11,20|3|1.0753
357mCYS: 05,27,28|3|2.4347
362mPRO: 24,25,28|3|1.9985
142mGLY: 08,13,14|3|1.2491
181mARG: 06,18,29|3|0.3594
191mPRO: 11,21,24|3|1.5207
324mMET: 07,16,17|3|0.5569
163mGLY: 05,27,28|3|0.4264
249mVAL: 05,20,24|3|1.2014
182mILE: 00,26,29|3|1.2131
266mGLN: 02,07,18|3|0.7061
147mGLU: 01,02,14|3|0.8755
242mGLN: 05,20,24|3|1.6096
259mVAL: 17,18,29|3|1.5038
357mTHR: 24,27,28|3|1.6307
249mLEU: 05,20,24|3|1.3658
329mASN: 04,12,19|3|0.6534
401mVAL: 03,07,16|3|0.6429
411mLEU: 19,22,28|3|0.8479
439mASN: 10,12,25|3|1.4973
354mCYS: 05,27,28|3|2.0827
266mLEU: 02,07,18|3|0.7627
119mPRO: 01,13,14|3|1.0033
242mASN: 05,11,24|3|3.7632
119mHIS: 02,08,26|3|0.8949
282mLYS: 07,16,17|3|1.2302
360mASN: 24,25,28|3|0.4182
282mHIS: 07,16,17|3|0.67
440mGLN: 25,27,28|3|0.4481
441mASN: 04,10,12|3|1.0865
123mLEU: 00,06,08|3|1.1808
439mGLY: 04,12,25|3|0.7291
334mGLU: 04,12,19|3|3.1455
219mPRO: 11,20,21|3|1.5062
142mTHR: 08,13,14|3|1.6282
259mLYS: 17,18,29|3|0.973
147mALA: 02,13,26|3|0.1745
168mASN: 10,11,21|3|0.7638
324mGLU: 07,16,17|3|0.652
123mHIS: 00,06,08|3|1.912
330mCYS: 03,12,19|3|1.3191
161mASP: 05,11,20|3|0.2804
191mLYS: 11,21,24|3|1.5767
263mGLU: 17,18,26|3|1.2197
167mARG: 10,11,20|3|0.0504
327mCYS: 03,16,19|3|1.7348
331mTHR: 03,07,16|3|1.3392
242mHIS: 05,11,24|3|2.4056
194mMET: 05,15,24|3|1.1029
123mARG: 00,06,08|3|0.3384
168mSER: 11,21,28|3|0.7798
324mSER: 07,16,17|3|0.5162
408mGLY: 19,22,23|3|0.6571
245mTHR: 09,11,24|3|0.5796
268mTRP: 01,02,07|3|1.7101
266mILE: 02,07,18|3|0.5272
180mHIS: 06,13,29|3|1.287
169mLEU: 05,21,24|3|0.917
123mALA: 00,06,08|3|1.4373
282mASN: 07,16,17|3|0.9133
249mGLN: 05,20,24|3|1.3234
360mTHR: 24,25,28|3|0.5745
268mHIS: 01,02,07|3|1.1797
145mGLU: 01,02,13|3|0.686
249mGLU: 05,20,24|3|1.6284
437mLYS: 04,25,28|3|0.6168
359mGLY: 05,24,25|3|0.7995
383mGLN: 22,23|2|0.131
219mLEU: 11,20|2|0.5908
259mPHE: 17,18|2|0.7327
357mLYS: 05,27|2|0.5289
326mCYS: 03,16|2|1.0106
282mALA: 07,17|2|0.7255
263mASN: 17,26|2|1.0057
398mASP: 07,17|2|0.6654
210mTRP: 00,06|2|0.1938
372mGLY: 22,23|2|1.1299
210mGLN: 00,06|2|0.2718
249mARG: 05,24|2|0.0336
219mCYS: 11,21|2|0.1537
327mILE: 03,19|2|0.5891
210mHIS: 00,06|2|0.6722
403mPHE: 03,16|2|1.0015
359mSER: 24,25|2|0.3813
301mASP: 10,20|2|1.5303
357mPRO: 27,28|2|3.0721
142mVAL: 08,14|2|0.8306
365mLEU: 22,28|2|0.4851
282mTRP: 16,17|2|0.2701
124mVAL: 00,06|2|0.3239
127mTHR: 06,09|2|0.6666
335mPHE: 04,16|2|0.1534
313mASP: 07,16|2|1.1661
193mVAL: 15,21|2|1.3278
182mLEU: 00,26|2|1.399
345mGLY: 22,23|2|0.4025
130mGLU: 09,15|2|0.61
210mTHR: 00,06|2|0.3184
419mASP: 07,17|2|0.5728
191mTHR: 11,24|2|1.3539
208mTYR: 00,06|2|0.4731
164mARG: 21,28|2|0.4926
361mHIS: 25,27|2|0.1339
162mCYS: 15,27|2|0.8527
146mARG: 08,14|2|0.1523
177mASP: 08,14|2|0.1233
288mHIS: 07,17|2|0.4952
193mGLU: 15,21|2|0.9213
403mLEU: 03,16|2|1.1405
300mCYS: 10,20|2|1.3559
293mPRO: 10,20|2|0.1507
434mPRO: 04,12|2|2.7081
341mTHR: 03,22|2|1.6212
258mTHR: 17,18|2|0.6701
288mPRO: 07,17|2|0.3644
145mASN: 02,13|2|0.8075
139mTHR: 08,13|2|1.6987
291mSER: 07,17|2|0.1718
412mPHE: 12,23|2|0.0898
137mASN: 06,08|2|0.6821
136mALA: 02,09|2|1.7534
119mILE: 01,02|2|0.7356
193mHIS: 15,21|2|0.5775
301mGLY: 10,20|2|1.0264
282mGLU: 16,17|2|0.5592
293mLEU: 10,20|2|0.3621
399mLYS: 07,17|2|0.4052
157mGLY: 05,27|2|0.4586
396mLYS: 07,17|2|0.6902
293mGLY: 10,20|2|0.6612
359mALA: 05,25|2|0.9812
139mTYR: 08,13|2|0.4279
372mSER: 22,23|2|0.7761
377mTHR: 03,16|2|0.3356
372mTRP: 22,23|2|0.5522
344mGLU: 22,23|2|0.548
424mILE: 16,17|2|0.5845
241mASP: 11,15|2|1.9929
282mVAL: 07,17|2|0.5963
341mHIS: 03,22|2|0.9419
184mVAL: 00,02|2|0.5757
243mVAL: 11,20|2|0.1528
136mLYS: 02,09|2|1.1295
126mASP: 00,06|2|0.55
369mTHR: 22,28|2|2.2503
400mARG: 03,17|2|0.5345
331mSER: 07,16|2|0.3808
377mSER: 03,16|2|0.4168
415mASN: 22,23|2|0.0695
338mGLU: 03,16|2|0.4789
147mTHR: 02,14|2|0.2052
390mGLY: 12,19|2|1.2204
138mVAL: 08,13|2|0.2411
346mPHE: 22,23|2|0.1585
424mSER: 16,17|2|0.0621
208mGLY: 00,06|2|1.9058
327mLYS: 03,16|2|1.086
122mARG: 06,08|2|0.0504
139mGLU: 08,13|2|1.2152
319mTYR: 07,16|2|0.2659
226mASN: 00,02|2|1.0548
436mGLY: 04,12|2|0.6698
331mVAL: 03,16|2|0.5627
372mTHR: 22,23|2|0.6004
226mTHR: 00,02|2|1.0663
338mLEU: 03,16|2|0.2827
130mHIS: 09,15|2|0.5396
333mGLY: 12,19|2|1.1056
243mGLY: 05,20|2|0.4049
377mGLU: 03,16|2|0.4438
193mILE: 15,21|2|0.9251
291mILE: 07,17|2|0.2404
403mALA: 03,16|2|1.7337
193mASN: 15,21|2|1.6635
390mASN: 12,19|2|1.3588
403mPRO: 03,16|2|0.8866
344mTHR: 22,23|2|0.3244
124mASN: 00,06|2|0.4018
208mASN: 00,06|2|1.0586
331mASN: 03,07|2|0.7557
163mASP: 20,28|2|0.1674
229mILE: 00,26|2|0.2788
163mVAL: 20,28|2|0.1712
387mGLU: 27,28|2|0.4802
182mTRP: 00,26|2|0.4278
391mASP: 12,27|2|0.745
369mVAL: 22,28|2|1.7502
161mSER: 20,25|2|0.0937
138mGLU: 08,13|2|0.4208
365mCYS: 22,27|2|1.0362
159mALA: 24,27|2|1.3141
406mLYS: 22,23|2|0.7116
407mGLU: 04,19|2|1.8611
390mALA: 12,19|2|2.0164
301mCYS: 10,20|2|2.5915
300mTHR: 10,20|2|0.302
217mALA: 20,21|2|1.0599
124mMET: 00,06|2|0.3666
157mSER: 05,27|2|0.417
124mTHR: 00,06|2|0.9867
369mPRO: 22,28|2|2.5925
159mPRO: 05,24|2|1.1448
313mASN: 07,17|2|1.3258
291mHIS: 07,17|2|0.5218
407mPRO: 04,19|2|2.5636
383mGLU: 22,23|2|0.1388
249mLYS: 05,24|2|0.1392
126mILE: 00,06|2|0.5184
193mSER: 15,21|2|0.8365
339mALA: 03,23|2|0.6762
436mALA: 04,12|2|1.5579
403mLYS: 03,16|2|1.1115
403mGLN: 03,16|2|0.8937
393mGLY: 04,12|2|0.7733
147mHIS: 02,14|2|0.4333
435mPRO: 25,28|2|1.0561
124mSER: 00,06|2|0.9397
205mMET: 26,29|2|0.846
263mASP: 17,26|2|1.3399
157mALA: 05,27|2|0.1191
136mPHE: 02,13|2|0.4315
320mGLY: 07,17|2|0.2978
282mPRO: 07,16|2|0.7794
159mVAL: 24,27|2|1.0204
121mALA: 01,02|2|1.0468
354mGLY: 25,27|2|0.105
243mHIS: 11,20|2|0.8225
163mCYS: 20,28|2|0.6344
142mPHE: 08,14|2|0.1185
168mMET: 10,28|2|0.29
259mCYS: 17,18|2|0.9432
407mTHR: 04,19|2|2.1399
258mCYS: 17,18|2|1.7579
412mPRO: 12,23|2|0.416
393mGLN: 04,12|2|0.1901
157mASN: 05,27|2|0.2031
393mHIS: 04,12|2|0.5979
135mSER: 06,09|2|0.2901
266mMET: 07,18|2|0.8319
228mASP: 26,29|2|0.418
412mVAL: 12,23|2|1.0936
288mTHR: 07,17|2|1.2358
218mASN: 20,21|2|0.7892
288mGLN: 07,17|2|0.222
266mASP: 01,02|2|1.2078
124mGLU: 00,06|2|1.3577
127mALA: 06,09|2|0.0848
339mGLN: 03,19|2|0.4061
442mGLU: 10,27|2|0.5771
319mSER: 16,17|2|0.5476
139mGLY: 08,13|2|0.7784
179mPRO: 13,18|2|1.1437
141mLEU: 13,14|2|2.0835
205mSER: 26,29|2|0.5456
263mTHR: 18,26|2|1.5984
372mALA: 22,23|2|0.5726
424mCYS: 16,17|2|1.59
300mLEU: 10,20|2|0.2215
407mPHE: 04,19|2|1.2179
334mVAL: 03,04|2|0.8578
346mASP: 22,23|2|0.0912
362mCYS: 24,28|2|2.3984
399mALA: 07,17|2|0.5145
226mMET: 06,29|2|0.1306
365mSER: 22,28|2|0.5524
240mASN: 05,15|2|0.1254
137mCYS: 08,13|2|1.0606
442mVAL: 27,28|2|0.1695
293mTRP: 10,20|2|0.3721
144mLYS: 08,14|2|0.6978
407mLEU: 04,19|2|1.3554
385mTHR: 22,23|2|1.4066
288mALA: 07,17|2|1.456
157mLEU: 05,27|2|0.2086
241mPRO: 11,15|2|3.1104
393mSER: 04,12|2|0.4241
142mMET: 08,13|2|0.8572
334mPRO: 03,04|2|0.5896
434mGLY: 04,12|2|0.7299
401mMET: 07,16|2|0.5096
258mPHE: 17,18|2|0.4203
436mCYS: 04,12|2|2.0015
205mGLN: 26,29|2|0.8138
403mILE: 03,16|2|1.2297
127mASN: 06,09|2|0.2251
346mVAL: 22,23|2|0.1907
401mASP: 07,17|2|0.5207
162mLEU: 15,27|2|0.4047
147mSER: 02,14|2|0.4187
408mLYS: 19,22|2|0.9928
293mASN: 10,20|2|1.0394
124mHIS: 00,06|2|0.4198
400mMET: 07,17|2|0.6442
140mLEU: 08,21|2|0.3289
424mTHR: 16,17|2|1.6587
241mGLY: 11,15|2|1.0502
316mLEU: 16,17|2|0.2434
268mCYS: 01,02|2|2.4464
411mPHE: 19,28|2|0.3585
383mTHR: 22,23|2|0.1776
424mPRO: 16,17|2|1.8186
428mPRO: 16,17|2|1.3482
145mHIS: 01,13|2|0.1292
343mGLY: 22,23|2|0.243
178mARG: 01,13|2|0.4376
287mALA: 07,17|2|0.4858
243mALA: 05,20|2|0.6117
383mGLY: 22,23|2|0.3396
393mASN: 04,12|2|1.3258
383mTRP: 22,23|2|0.053
130mGLY: 09,15|2|0.715
208mMET: 00,06|2|1.0294
393mALA: 04,12|2|0.3931
228mLEU: 26,29|2|0.5237
258mGLU: 17,18|2|1.2431
339mILE: 03,23|2|0.3357
179mCYS: 08,18|2|0.2825
320mTHR: 16,17|2|0.2341
341mGLN: 03,22|2|1.4917
163mLEU: 20,28|2|0.3578
331mALA: 03,16|2|1.4374
424mALA: 16,17|2|0.7151
362mGLN: 24,27|2|0.1797
136mGLU: 02,13|2|0.4313
182mHIS: 00,26|2|0.6527
193mGLY: 15,21|2|1.374
130mVAL: 09,15|2|0.5797
336mASP: 03,19|2|2.1192
369mASP: 22,28|2|1.3955
398mGLY: 16,17|2|0.3082
396mPRO: 07,17|2|0.2558
205mHIS: 26,29|2|0.639
169mPHE: 05,24|2|0.6649
405mVAL: 03,23|2|0.2178
130mASN: 09,15|2|1.2675
124mLEU: 00,06|2|0.6129
362mPHE: 24,28|2|0.1961
390mPRO: 12,19|2|1.6701
343mMET: 22,23|2|0.3543
120mVAL: 00,08|2|0.6384
288mVAL: 07,17|2|1.059
341mGLY: 03,22|2|1.2112
205mTHR: 26,29|2|0.8902
393mTHR: 04,12|2|1.2861
293mGLU: 10,20|2|1.2526
193mLYS: 15,21|2|1.0032
319mCYS: 07,16|2|1.0727
139mVAL: 08,13|2|1.1796
130mALA: 09,15|2|0.3348
327mPRO: 03,19|2|0.5671
396mGLY: 07,17|2|0.4914
268mPHE: 01,02|2|1.9344
241mCYS: 11,15|2|1.7524
263mPRO: 18,26|2|1.6497
379mVAL: 07,16|2|0.5427
398mLYS: 07,16|2|0.791
126mLEU: 00,06|2|0.6728
369mTYR: 22,28|2|0.1986
141mTYR: 13,14|2|0.3867
354mPRO: 27,28|2|2.1881
205mGLY: 26,29|2|0.7257
403mHIS: 03,16|2|0.7451
341mILE: 03,22|2|1.3651
406mALA: 22,23|2|0.697
282mTHR: 07,17|2|0.513
243mLEU: 11,20|2|0.4075
434mVAL: 04,12|2|0.9544
162mALA: 20,27|2|0.5407
135mPRO: 08,09|2|0.3977
141mSER: 13,14|2|0.9958
369mCYS: 22,28|2|2.4699
163mILE: 20,28|2|0.0952
190mMET: 15,20|2|0.152
398mALA: 07,16|2|0.6711
393mILE: 04,12|2|0.2603
340mCYS: 03,16|2|0.3464
324mLYS: 16,17|2|0.5793
243mCYS: 15,20|2|0.1446
167mPRO: 05,15|2|1.0242
184mCYS: 00,08|2|0.4749
283mASP: 16,17|2|1.2492
162mASP: 15,27|2|0.0622
436mASP: 04,12|2|1.3212
313mVAL: 07,17|2|0.638
190mLEU: 05,20|2|0.2308
400mASP: 07,17|2|2.8543
407mSER: 04,19|2|0.8978
326mASP: 03,16|2|0.3329
184mPRO: 00,02|2|1.1853
291mASN: 07,17|2|0.5998
436mPRO: 04,12|2|2.2977
229mLYS: 00,18|2|0.3545
333mLEU: 12,19|2|0.3051
362mLYS: 24,25|2|1.8791
208mASP: 00,06|2|1.5065
385mGLY: 22,23|2|0.6031
141mASN: 13,14|2|1.1313
329mASP: 12,19|2|0.9631
138mCYS: 08,13|2|1.488
147mGLY: 02,14|2|0.7789
162mILE: 15,27|2|0.3492
228mALA: 18,26|2|0.5771
372mGLU: 22,23|2|0.7857
157mHIS: 05,27|2|0.5224
341mALA: 03,22|2|1.2164
258mALA: 17,18|2|0.9464
169mPRO: 05,24|2|0.1907
141mTRP: 13,14|2|1.2493
219mALA: 11,20|2|1.0073
400mTYR: 07,17|2|0.6645
372mASN: 22,23|2|0.6712
134mASN: 09,21|2|0.5821
407mASN: 04,19|2|1.8168
263mCYS: 18,26|2|1.751
411mGLN: 22,28|2|0.3552
283mASN: 16,17|2|1.0201
398mASN: 16,17|2|1.0241
261mGLY: 18,29|2|1.6774
136mASP: 02,13|2|0.2799
243mASP: 15,20|2|0.9228
345mGLU: 22,23|2|0.5564
219mVAL: 11,20|2|0.9772
390mILE: 12,19|2|0.8903
141mGLY: 13,14|2|1.2878
407mTYR: 04,19|2|0.6228
126mSER: 06,09|2|0.099
372mMET: 22,23|2|0.6557
331mASP: 03,16|2|0.3653
434mALA: 04,12|2|0.7258
406mVAL: 22,23|2|0.3693
377mHIS: 03,16|2|0.5035
134mALA: 09,21|2|0.4311
160mCYS: 05,27|2|0.786
379mTHR: 07,16|2|0.4464
288mGLY: 07,17|2|1.0596
120mGLN: 01,08|2|0.3221
293mASP: 10,20|2|0.4087
144mALA: 08,14|2|0.8756
313mILE: 07,17|2|0.2603
265mMET: 14,18|2|0.4002
424mVAL: 16,17|2|0.9626
407mCYS: 04,19|2|2.1933
241mALA: 11,15|2|0.8015
141mHIS: 13,14|2|0.4212
141mVAL: 13,14|2|1.8414
228mASN: 18,26|2|0.363
403mGLU: 03,16|2|1.6105
127mVAL: 06,09|2|0.2634
193mTHR: 15,21|2|1.5778
359mGLN: 05,25|2|0.2969
288mMET: 07,17|2|0.0058
139mCYS: 08,13|2|2.0674
208mILE: 00,06|2|0.6524
424mASN: 16,17|2|1.0897
157mGLU: 05,27|2|0.3944
159mGLN: 24,27|2|0.5007
242mMET: 05,24|2|2.2303
316mGLU: 16,17|2|0.4626
191mVAL: 11,21|2|1.0266
120mCYS: 01,08|2|1.9226
263mPHE: 18,26|2|0.1338
258mLEU: 17,18|2|1.0457
359mMET: 24,25|2|0.4633
228mVAL: 18,26|2|0.466
287mLYS: 07,17|2|0.6168
368mTYR: 23,28|2|0.327
393mVAL: 04,12|2|0.638
141mASP: 13,14|2|1.8739
159mGLY: 24,27|2|1.2416
208mVAL: 00,06|2|1.2419
319mGLY: 16,17|2|0.5788
365mASN: 22,25|2|0.1941
194mPRO: 11,21|2|1.7695
144mHIS: 01,13|2|0.4019
405mALA: 03,23|2|0.347
229mGLU: 18,26|2|0.593
390mTHR: 12,19|2|1.542
124mALA: 00,06|2|0.7228
190mCYS: 05,20|2|1.1034
440mARG: 27,28|2|0.3674
145mLYS: 00,13|2|0.0391
282mASP: 16,17|2|0.4649
346mLEU: 22,23|2|0.3748
356mGLU: 20,25|2|1.065
369mGLU: 22,28|2|1.5116
379mGLY: 07,16|2|1.0399
261mASP: 18,29|2|1.3724
407mTRP: 04,19|2|0.8409
122mCYS: 00,14|2|0.9595
250mPHE: 05,09|2|0.4584
159mMET: 24,27|2|0.6544
343mASN: 22,23|2|0.1254
434mCYS: 04,12|2|0.7647
163mPHE: 20,28|2|0.171
160mALA: 05,27|2|0.1355
141mMET: 13,14|2|1.2218
320mLEU: 16,17|2|0.1909
434mTHR: 04,12|2|1.9009
126mALA: 00,06|2|0.531
435mGLY: 27,28|2|0.7027
400mCYS: 07,17|2|3.6537
134mVAL: 09,21|2|0.3196
178mMET: 01,14|2|1.123
228mGLU: 26,29|2|0.5747
403mASN: 03,16|2|1.2544
346mGLU: 22,23|2|1.0679
210mGLY: 00,06|2|0.4804
137mGLY: 06,08|2|0.5099
139mILE: 08,13|2|0.9391
438mSER: 27,28|2|0.9523
169mGLN: 05,24|2|0.2658
391mGLU: 12,27|2|0.6013
259mTRP: 17,18|2|0.2724
241mVAL: 11,15|2|1.0661
424mGLU: 16,17|2|0.7997
141mILE: 13,14|2|1.8043
400mPHE: 03,07|2|0.0491
293mGLN: 10,20|2|0.4239
421mASN: 16,17|2|0.7138
145mCYS: 02,08|2|0.9131
372mVAL: 22,23|2|0.5674
120mHIS: 14,26|2|0.2702
406mTHR: 22,23|2|0.3744
346mCYS: 22,23|2|0.6551
388mSER: 27,28|2|0.2103
130mASP: 09,15|2|0.7537
141mPRO: 13,14|2|1.505
408mASN: 19,22|2|1.229
205mVAL: 26,29|2|0.7528
401mGLU: 07,17|2|0.6406
219mHIS: 11,20|2|0.8692
356mTHR: 20,25|2|0.5853
217mLYS: 20,21|2|1.6574
406mGLY: 22,23|2|0.3839
393mGLU: 04,12|2|0.6683
291mTHR: 07,17|2|0.5094
293mTHR: 10,20|2|0.9516
160mTHR: 05,27|2|0.7282
261mLEU: 18,29|2|1.7343
324mASP: 16,17|2|0.4412
316mTHR: 16,17|2|0.1884
403mSER: 03,16|2|1.0833
343mSER: 22,23|2|0.1584
159mLYS: 24,27|2|1.2605
162mLYS: 20,27|2|0.3429
419mALA: 07,17|2|0.6501
346mTHR: 22,23|2|0.6529
157mTHR: 05,27|2|0.35
161mALA: 11,20|2|0.5538
428mASN: 16,17|2|0.4227
369mASN: 22,28|2|1.3629
401mCYS: 07,17|2|0.1687
407mVAL: 04,19|2|1.6766
407mASP: 04,19|2|2.2167
341mASN: 03,22|2|1.0466
120mLEU: 01,08|2|1.1265
167mCYS: 05,15|2|1.7793
357mGLY: 24,27|2|0.5555
413mPRO: 22,23|2|0.8066
399mASP: 07,17|2|0.2525
333mASP: 12,19|2|1.1667
346mILE: 22,23|2|0.0853
407mALA: 04,19|2|1.4815
435mSER: 27,28|2|0.6513
121mGLY: 06,08|2|0.1225
208mLEU: 00,06|2|1.3917
126mPHE: 00,06|2|0.6976
124mGLY: 00,06|2|0.8028
369mALA: 22,28|2|1.7309
341mVAL: 03,22|2|1.4352
383mHIS: 22,23|2|0.5314
119mMET: 08,26|2|0.543
139mASP: 08,13|2|1.6005
138mTHR: 08,13|2|0.8088
293mALA: 10,20|2|0.614
377mLEU: 03,16|2|0.1295
369mGLY: 22,28|2|1.0477
341mMET: 03,22|2|1.4147
210mSER: 00,06|2|0.424
283mGLU: 16,17|2|0.6466
428mCYS: 16,17|2|0.9069
122mPRO: 00,14|2|0.5767
245mMET: 09,11|2|0.4354
258mVAL: 17,18|2|0.6728
182mGLN: 00,26|2|0.8808
193mPRO: 15,21|2|1.5772
365mLYS: 22,25|2|0.801
396mARG: 07,17|2|0.1186
313mLEU: 07,17|2|0.099
161mCYS: 11,20|2|1.1643
138mASP: 08,13|2|0.6791
130mILE: 09,15|2|0.202
412mGLU: 27,28|2|0.3238
327mMET: 17,19|2|0.3004
161mHIS: 25,27|2|0.2211
218mVAL: 20,21|2|0.3544
210mALA: 00,06|2|0.0528
442mTHR: 10,27|2|0.3813
436mVAL: 04,12|2|0.6488
120mILE: 01,08|2|0.5985
442mASN: 10,27|2|0.5754
205mASN: 26,29|2|0.6238
297mTHR: 10,20|2|0.8818
442mILE: 27,28|2|0.0607
182mPHE: 00,26|2|1.0681
399mTHR: 07,17|2|0.9171
282mPHE: 07,17|2|0.1001
282mILE: 07,17|2|0.3785
396mALA: 07,17|2|0.4584
205mALA: 26,29|2|0.6214
291mARG: 07,17|2|0.0838
258mILE: 17,18|2|0.5357
241mASN: 11,15|2|1.8925
210mASN: 00,06|2|0.402
287mASN: 07,17|2|0.0528
396mASP: 07,17|2|0.808
217mSER: 20,21|2|1.5363
208mHIS: 00,06|2|1.3922
137mVAL: 06,08|2|0.1517
401mILE: 03,07|2|0.1915
205mILE: 26,29|2|0.6833
330mASP: 03,16|2|0.3108
407mILE: 04,19|2|1.1836
169mLYS: 11,21|2|0.3788
383mLEU: 22,23|2|0.0242
208mTHR: 00,06|2|1.3806
159mILE: 11,24|2|0.7272
411mMET: 19,28|2|0.3315
219mTRP: 11,20|2|0.1816
343mHIS: 22,23|2|0.5307
293mLYS: 10,20|2|0.7148
182mMET: 00,26|2|0.9026
419mGLY: 07,17|2|0.5839
142mGLN: 08,14|2|0.6327
434mASP: 04,12|2|0.7604
178mGLN: 01,14|2|0.4538
241mTHR: 11,15|2|1.9513
341mTRP: 03,22|2|1.3517
301mALA: 10,20|2|1.4972
245mHIS: 09,11|2|0.5224
385mPRO: 22,23|2|2.3622
320mSER: 07,17|2|0.1225
372mGLN: 22,23|2|0.6601
168mLYS: 11,21|2|0.1511
261mVAL: 18,29|2|1.223
145mSER: 01,13|2|0.3635
336mLYS: 12,19|2|0.8235
268mASP: 01,02|2|2.0597
359mGLU: 05,25|2|0.8273
372mILE: 22,23|2|0.246
121mASP: 08,13|2|0.6448
241mSER: 11,15|2|0.139
407mGLY: 04,19|2|1.6681
268mTYR: 01,02|2|0.7079
141mGLU: 13,14|2|2.7933
331mHIS: 07,16|2|0.1991
263mILE: 18,26|2|0.4759
141mGLN: 13,14|2|1.5807
293mVAL: 10,20|2|0.5194
159mHIS: 24,27|2|0.9273
179mSER: 14,26|2|0.1145
368mSER: 23,28|2|0.6693
403mTHR: 03,16|2|1.7249
193mALA: 15,21|2|1.5394
208mALA: 00,06|2|1.5158
390mLYS: 12,19|2|1.4422
335mPRO: 03,19|2|0.9002
293mSER: 10,20|2|0.9308
190mLYS: 11,21|2|1.2347
136mGLY: 02,09|2|1.0239
226mPRO: 00,02|2|1.6848
368mMET: 23,28|2|0.847
265mGLN: 14,18|2|0.8185
369mPHE: 22,28|2|1.0519
261mGLN: 18,29|2|1.1054
407mGLN: 04,19|2|1.1204
291mVAL: 07,17|2|0.676
258mASP: 17,18|2|0.3754
261mSER: 18,29|2|1.7302
385mASP: 22,23|2|0.6448
241mGLU: 11,15|2|0.998
205mTRP: 26,29|2|0.7243
282mGLN: 07,17|2|0.2583
161mPRO: 05,24|2|1.104
142mHIS: 08,13|2|1.2744
139mPHE: 08,13|2|0.8545
261mTHR: 18,29|2|1.6428
357mALA: 05,27|2|0.8839
288mLYS: 07,17|2|1.5342
194mTYR: 05,24|2|0.0252
141mTHR: 13,14|2|2.2634
288mSER: 07,17|2|0.8246
334mLEU: 04,19|2|0.7145
208mLYS: 00,06|2|0.5135
159mSER: 24,27|2|1.1107
241mILE: 11,15|2|0.3338
372mLEU: 22,23|2|0.7514
377mGLY: 03,16|2|0.4718
369mSER: 22,28|2|0.2277
208mSER: 00,06|2|1.6453
439mLYS: 12,25|2|0.9928
139mALA: 08,13|2|0.9353
399mASN: 16,17|2|1.0625
261mASN: 18,29|2|0.5698
339mPRO: 03,23|2|0.3962
250mCYS: 05,09|2|0.4825
365mGLY: 22,28|2|0.8689
393mLEU: 04,12|2|0.099
142mILE: 08,14|2|0.4857
182mTYR: 00,26|2|0.667
139mPRO: 08,13|2|2.3105
140mCYS: 13,21|2|0.6319
228mTHR: 18,26|2|0.603
409mTHR: 12,19|2|0.334
137mLEU: 06,13|2|0.0776
139mASN: 08,13|2|1.3466
327mGLU: 16,19|2|0.6371
126mGLU: 00,06|2|1.7992
377mMET: 03,16|2|0.3883
164mPRO: 21,28|2|0.1947
436mTHR: 04,12|2|1.2801
401mPRO: 03,17|2|0.2024
341mLEU: 03,22|2|1.5875
316mPHE: 16,17|2|0.0632
288mASN: 07,17|2|1.3722
387mCYS: 27,28|2|0.4295
336mHIS: 12,19|2|0.4983
396mTHR: 07,17|2|0.5112
136mLEU: 02,13|2|0.6579
396mCYS: 07,17|2|0.24
177mCYS: 08,14|2|0.4565
137mTHR: 06,08|2|0.6552
159mPHE: 11,24|2|0.4749
437mGLY: 25,27|2|0.9013
442mSER: 10,27|2|0.1539
440mHIS: 25,27|2|0.3549
208mGLU: 00,06|2|1.8259
139mMET: 08,13|2|0.6434
169mASP: 05,24|2|0.939
259mASP: 17,18|2|0.7893
259mARG: 17,29|2|0.4761
250mTHR: 05,09|2|0.6312
208mGLN: 00,06|2|1.1296
141mPHE: 13,14|2|2.0091
359mLEU: 05,25|2|0.4119
265mLEU: 14,18|2|0.6673
134mTHR: 09,21|2|0.8113
342mHIS: 22,23|2|0.145
334mCYS: 03,04|2|1.6507
177mLYS: 13,14|2|0.3858
139mSER: 08,13|2|0.3337
403mVAL: 03,16|2|1.4834
333mGLU: 12,19|2|0.7138
388mALA: 25,27|2|0.921
287mVAL: 07,17|2|0.0008
119mVAL: 01,02|2|0.781
396mASN: 07,17|2|0.8074
293mILE: 10,20|2|0.5307
319mALA: 07,16|2|0.6613
288mILE: 07,17|2|0.7036
268mPRO: 01,02|2|1.7688
205mLEU: 26,29|2|0.835
319mASN: 16,17|2|0.6856
383mMET: 22,23|2|0.4138
161mGLY: 20,25|2|0.0908
285mLYS: 07,17|2|0.0038
434mASN: 04,12|2|1.9001
159mLEU: 24,27|2|0.6195
210mVAL: 00,06|2|0.1408
241mLEU: 11,15|2|0.1116
146mTYR: 01,08|2|0.4577
403mMET: 03,16|2|0.7968
291mPRO: 07,17|2|0.1024
291mLYS: 07,17|2|0.8854
361mGLY: 25,27|2|0.3538
336mCYS: 03,04|2|1.3488
344mLEU: 22,23|2|0.3464
168mPHE: 05,10|2|0.1422
142mLYS: 08,13|2|0.7667
339mVAL: 03,23|2|0.6629
288mGLU: 07,17|2|0.6496
229mASP: 26,29|2|0.3999
190mASP: 05,20|2|1.1789
396mSER: 07,17|2|0.2036
379mALA: 07,16|2|1.0668
141mCYS: 13,14|2|2.9728
330mSER: 04,16|2|0.0578
291mGLY: 07,17|2|0.7046
144mTHR: 08,14|2|0.3613
403mGLY: 03,16|2|1.3379
401mHIS: 07,16|2|0.6924
160mGLU: 05,27|2|0.2324
293mPHE: 10,20|2|0.4252
428mTHR: 16,17|2|0.4436
208mPHE: 00,06|2|0.4352
333mALA: 12,19|2|0.466
319mLEU: 07,16|2|0.7961
341mGLU: 03,22|2|1.7928
130mTHR: 09,15|2|1.2278
368mPHE: 23,28|2|1.4952
265mHIS: 14,18|2|1.1454
157mMET: 05,27|2|0.4354
288mPHE: 07,17|2|0.0956
385mASN: 22,23|2|1.393
218mTHR: 20,21|2|0.9584
396mGLU: 07,17|2|0.262
372mHIS: 22,23|2|0.91
261mHIS: 18,29|2|0.8091
140mPHE: 13,21|2|0.1316
390mVAL: 12,19|2|1.4484
359mASP: 05,25|2|0.6879
210mLEU: 00,06|2|0.165
226mALA: 00,02|2|0.8892
266mCYS: 01,02|2|2.6455
388mILE: 25,27|2|0.2581
407mMET: 04,19|2|1.0218
126mCYS: 00,06|2|1.5968
242mTRP: 05,24|2|0.2597
406mASN: 22,23|2|0.4878
266mHIS: 07,18|2|1.0083
226mVAL: 00,02|2|0.8237
398mPRO: 16,17|2|1.1653
400mLEU: 07,17|2|0.3317
120mPHE: 01,08|2|0.4461
383mASN: 22,23|2|0.2612
434mGLU: 04,12|2|0.2702
208mTRP: 00,06|2|0.6395
369mILE: 22,28|2|1.2848
162mPHE: 15,27|2|0.1595
139mARG: 08,13|2|0.1736
250mGLU: 05,09|2|0.2928
130mMET: 09,15|2|0.571
219mGLN: 11,20|2|0.9718
210mILE: 00,06|2|0.003
159mTYR: 24,27|2|0.2115
316mCYS: 16,17|2|0.809
437mASN: 04,28|2|0.1663
437mALA: 25,27|2|1.267
243mGLN: 11,20|2|0.1745
333mHIS: 12,19|2|0.1068
383mSER: 22,23|2|0.2832
421mTHR: 16,17|2|0.6477
410mALA: 19,23|2|0.2113
442mASP: 10,27|2|0.1905
333mSER: 12,19|2|0.1616
379mGLU: 07,16|2|0.6847
291mALA: 07,17|2|0.9344
205mGLU: 26,29|2|0.9663
130mSER: 09,15|2|0.3658
119mLYS: 02,06|2|0.7742
263mLYS: 17,29|2|0.4922
341mSER: 03,22|2|0.8792
393mMET: 04,12|2|0.6293
419mGLU: 07,17|2|0.8593
210mMET: 00,06|2|0.5546
250mLEU: 05,09|2|0.3679
407mHIS: 04,19|2|0.8025
245mLEU: 09,11|2|0.2086
435mGLU: 27,28|2|0.7331
265mILE: 14,26|2|0.0712
141mALA: 13,14|2|1.7877
324mALA: 16,17|2|0.5592
291mMET: 07,17|2|0.0872
210mGLU: 00,06|2|0.2796
242mTYR: 05,24|2|1.0025
124mLYS: 00,06|2|0.5347
424mPHE: 16,17|2|0.2183
266mPRO: 01,02|2|0.3431
