244mTHR: 00,04,05,13,14,19,21,22,23,24,29|11|5.7687
242mSER: 00,04,05,13,14,16,19,21,22,24|10|8.9849
242mCYS: 00,04,05,13,14,16,19,21,22,24|10|10.5251
243mTHR: 00,04,05,13,14,16,19,21,22,24|10|5.9318
243mASP: 00,04,05,13,14,16,19,21,22,24|10|3.8982
243mGLU: 00,04,05,13,14,16,19,21,22,24|10|6.2267
242mGLU: 00,04,05,13,14,16,19,21,22,24|10|10.2694
242mPRO: 00,04,05,13,14,16,19,21,22,24|10|6.6712
242mTHR: 00,04,05,13,14,16,19,21,22,24|10|11.0828
242mGLN: 00,04,05,13,14,16,19,21,22,24|10|8.6639
165mASP: 00,05,13,14,16,19,21,22,24|9|8.4302
165mTHR: 00,05,13,14,16,19,21,22,24|9|7.1531
165mGLU: 00,05,13,14,16,19,21,22,24|9|7.3871
165mASN: 00,05,13,14,16,19,21,22,24|9|6.4603
165mSER: 00,05,13,14,16,19,21,22,24|9|4.6578
165mGLN: 00,05,13,14,16,19,21,22,24|9|3.9042
165mGLY: 00,05,13,14,16,19,21,22,24|9|6.094
164mGLU: 00,04,05,14,16,19,21,24|8|6.5659
164mCYS: 00,04,05,14,16,19,21,24|8|8.5632
164mTHR: 00,04,05,14,16,19,21,24|8|6.5936
194mTHR: 00,13,14,21,22,23,29|7|3.7222
194mGLU: 00,13,14,21,22,23,29|7|3.5917
194mSER: 00,13,14,21,22,23,29|7|3.3451
194mLYS: 00,13,14,21,22,23,29|7|4.4703
194mALA: 00,13,14,21,22,23,29|7|3.4307
249mILE: 06,16,19,21,24,27|6|1.4305
241mALA: 04,13,14,21,24,29|6|2.3077
241mASP: 04,13,14,21,24,29|6|3.7071
163mASP: 05,16,19,21,24,27|6|0.9714
241mGLY: 04,13,14,21,24,29|6|2.1752
249mPRO: 06,16,19,21,24,27|6|1.3456
249mSER: 06,16,19,21,24,27|6|2.189
158mASP: 06,16,19,21,24,27|6|1.4488
163mGLU: 05,16,19,21,24,27|6|1.0733
241mGLN: 04,13,14,21,24,29|6|2.4143
249mTHR: 06,16,19,21,24,27|6|2.6505
241mTHR: 04,13,14,21,24,29|6|2.4414
249mGLY: 06,16,19,21,24,27|6|2.0709
241mSER: 04,13,14,21,24,29|6|2.1155
241mGLU: 04,13,14,21,24,29|6|2.7207
249mGLN: 06,16,19,21,24,27|6|2.0625
268mILE: 02,08,17,18,26|5|3.5534
268mGLU: 02,08,17,18,26|5|6.0231
268mMET: 02,08,17,18,26|5|2.5501
268mASN: 02,08,17,18,26|5|3.1413
268mALA: 02,08,17,18,26|5|3.7243
268mGLN: 02,08,17,18,26|5|4.405
268mLEU: 02,08,17,18,26|5|4.3508
268mVAL: 02,08,17,18,26|5|4.1677
268mSER: 02,08,17,18,26|5|3.0775
268mTRP: 02,08,17,18,26|5|3.3073
268mGLY: 02,08,17,18,26|5|3.2334
268mASP: 02,08,17,18,26|5|4.2354
268mTHR: 02,08,17,18,26|5|5.005
240mGLU: 05,13,19,21,22|5|0.6725
268mHIS: 02,08,17,18,26|5|1.8662
251mTHR: 06,16,24,27|4|3.8776
251mGLY: 06,16,24,27|4|2.3082
251mALA: 06,16,24,27|4|2.7495
265mCYS: 02,08,18,26|4|3.7544
130mALA: 04,13,14,29|4|2.2921
251mSER: 06,16,24,27|4|2.1398
251mLEU: 06,16,24,27|4|2.678
130mGLY: 04,13,14,29|4|1.5008
146mTHR: 02,08,15,17|4|0.9049
251mASP: 06,16,24,27|4|3.0542
251mPRO: 06,16,24,27|4|2.7032
251mGLU: 06,16,24,27|4|4.3142
400mTHR: 03,10,11,20|4|0.6367
130mASP: 04,13,14,29|4|2.1379
145mGLY: 08,15,17,28|4|0.6454
216mASP: 04,23,28,29|4|1.6005
180mLYS: 08,15,17,18|4|2.413
400mGLU: 03,10,11,20|4|0.5096
130mILE: 04,13,14,29|4|1.0192
146mGLU: 02,08,15,17|4|1.344
251mILE: 06,16,24,27|4|2.5499
266mTHR: 02,08,18,26|4|3.4656
180mTHR: 08,15,17,18|4|1.6663
130mLEU: 04,13,14,29|4|1.5191
251mTRP: 06,16,24,27|4|2.1542
251mGLN: 06,16,24,27|4|3.0061
251mCYS: 06,16,24,27|4|4.1513
146mASP: 02,08,15,17|4|1.5245
130mSER: 04,13,14,29|4|1.7763
440mGLU: 01,07,12|3|3.4172
303mGLN: 17,26,28|3|0.7268
403mPHE: 03,11,20|3|2.5368
440mLYS: 01,07,12|3|4.0924
203mGLU: 06,16,27|3|1.8471
259mGLY: 02,26,27|3|1.2045
120mTHR: 08,15,17|3|1.0325
178mVAL: 08,17,18|3|1.9548
437mGLU: 01,07,12|3|3.1291
440mTHR: 01,07,12|3|3.7103
162mASP: 06,16,21|3|0.723
259mALA: 02,26,27|3|2.4635
178mSER: 08,17,18|3|2.0264
329mTHR: 01,11,20|3|0.655
120mCYS: 08,15,17|3|4.0102
377mTHR: 03,20,25|3|2.8721
259mSER: 02,26,27|3|0.6155
318mGLY: 07,09,12|3|0.8043
438mTHR: 01,07,12|3|2.9458
122mASP: 08,15,17|3|2.0658
334mASP: 01,11,20|3|0.3143
403mVAL: 03,11,20|3|2.7012
318mHIS: 07,09,12|3|0.7791
120mALA: 08,15,17|3|2.5
403mALA: 03,11,20|3|2.3212
438mGLU: 01,07,12|3|2.841
178mGLY: 08,17,18|3|2.1858
403mLYS: 03,11,20|3|0.6817
403mGLN: 03,11,20|3|3.0708
377mCYS: 03,20,25|3|2.1269
318mSER: 07,09,12|3|0.842
212mGLU: 08,15,17|3|0.7311
438mASP: 01,07,12|3|2.4602
379mCYS: 03,20,25|3|5.0246
438mASN: 01,07,12|3|2.1511
379mSER: 03,20,25|3|1.67
334mVAL: 01,11,20|3|0.7653
259mLEU: 02,26,27|3|0.829
440mARG: 01,07,12|3|0.8686
178mGLN: 08,17,18|3|1.2966
334mALA: 01,11,20|3|1.7802
122mTHR: 08,15,17|3|1.6811
403mILE: 03,11,20|3|2.2413
379mASN: 03,20,25|3|2.1758
261mTRP: 02,18,26|3|0.5751
437mTHR: 01,07,12|3|3.2259
178mARG: 08,17,18|3|1.1285
440mASN: 01,07,12|3|3.2926
259mASP: 02,26,27|3|1.584
259mARG: 02,26,27|3|0.5295
403mMET: 03,11,20|3|1.9114
160mSER: 06,16,27|3|0.9965
403mLEU: 03,11,20|3|2.9094
259mCYS: 02,26,27|3|3.47
303mASN: 17,26,28|3|1.0781
141mSER: 08,17,28|3|1.1331
318mASP: 07,09,12|3|1.5242
122mGLY: 08,15,17|3|1.4396
296mSER: 07,09,12|3|0.46
377mPRO: 03,20,25|3|0.5171
261mALA: 02,18,26|3|3.5599
334mTHR: 01,11,20|3|1.3038
318mGLN: 07,09,12|3|0.877
178mTHR: 08,17,18|3|2.4898
178mLEU: 08,17,18|3|0.5221
141mASN: 08,17,28|3|0.3648
178mGLU: 08,17,18|3|2.0053
203mGLN: 06,16,27|3|0.4999
261mHIS: 02,18,26|3|0.6119
379mASP: 03,20,25|3|3.3667
303mGLU: 17,26,28|3|1.3986
120mGLY: 08,15,17|3|1.7447
239mGLY: 16,23,27|3|0.1742
261mGLY: 02,18,26|3|2.0924
141mGLY: 08,17,28|3|0.768
379mTHR: 03,20,25|3|3.6938
120mGLN: 08,15,17|3|1.1594
440mASP: 01,07,12|3|4.0935
379mPHE: 03,20,25|3|3.6771
440mALA: 01,07,12|3|1.748
261mCYS: 02,18,26|3|4.6655
181mGLU: 08,15,18|3|1.613
403mGLU: 03,11,20|3|3.6144
303mTHR: 17,26,28|3|0.8227
212mTHR: 08,15,17|3|0.4896
297mGLY: 04,07,12|3|0.6698
178mLYS: 08,17,18|3|2.8209
178mALA: 08,17,18|3|2.4688
379mILE: 03,20,25|3|3.3162
377mGLU: 03,20,25|3|2.696
329mGLY: 01,11,20|3|0.204
379mLEU: 03,20,25|3|3.5449
297mALA: 04,07,12|3|1.1283
318mALA: 07,09,12|3|1.0825
303mASP: 17,26,28|3|0.3782
379mGLY: 03,20,25|3|2.2806
261mASP: 02,18,26|3|2.7263
122mCYS: 08,15,17|3|1.6011
440mILE: 01,07,12|3|1.2612
181mTHR: 08,15,18|3|1.6673
160mALA: 06,16,27|3|0.9163
212mHIS: 08,15,17|3|0.5453
403mASN: 03,11,20|3|2.42
438mSER: 01,07,12|3|1.814
259mHIS: 02,26,27|3|0.0135
379mGLN: 03,20,25|3|3.1761
440mGLY: 01,07,12|3|2.8355
203mASN: 06,16,27|3|0.5618
261mPRO: 02,18,26|3|1.2401
440mSER: 01,07,12|3|2.8874
169mGLY: 13,14,22|3|0.3186
261mLEU: 02,18,26|3|2.0864
178mILE: 08,17,18|3|1.27
262mTHR: 02,08,18|3|1.5646
212mGLY: 08,15,17|3|0.9547
403mSER: 03,11,20|3|2.3937
440mCYS: 01,07,12|3|2.5502
259mILE: 02,26,27|3|0.596
437mASP: 01,07,12|3|1.6238
203mTHR: 06,16,27|3|1.2994
122mPRO: 08,15,17|3|0.767
122mGLU: 08,15,17|3|1.7056
212mSER: 08,15,17|3|0.6361
438mALA: 01,07,12|3|1.5052
178mPRO: 08,17,18|3|1.4912
120mILE: 08,15,17|3|1.6059
141mTHR: 08,17,28|3|1.0119
122mGLN: 08,15,17|3|1.4662
379mMET: 03,20,25|3|2.4784
162mGLU: 06,16,21|3|0.3897
259mTHR: 02,26,27|3|0.227
438mGLY: 01,07,12|3|1.6152
261mGLU: 02,18,26|3|1.8678
259mGLN: 02,26,27|3|0.097
179mLYS: 08,15,17|3|0.3417
379mTRP: 03,20,25|3|2.9172
141mGLU: 08,17,28|3|1.3999
178mASN: 08,17,18|3|2.4216
403mTHR: 03,11,20|3|3.2198
120mASP: 08,15,17|3|2.2486
261mGLN: 02,18,26|3|1.5582
442mLYS: 01,07,12|3|0.9724
259mGLU: 02,26,27|3|0.168
261mSER: 02,18,26|3|1.936
261mTHR: 02,18,26|3|1.6844
438mLYS: 01,07,12|3|2.9656
318mGLU: 07,09,12|3|1.4242
297mASP: 04,07,12|3|1.0428
339mLYS: 03,20,25|3|0.6456
261mILE: 02,18,26|3|1.4887
318mTHR: 07,09,12|3|1.0314
334mCYS: 01,11,20|3|1.8016
403mTRP: 03,11,20|3|2.3397
120mGLU: 08,15,17|3|1.2364
440mPRO: 01,07,12|3|2.5503
379mVAL: 03,20,25|3|3.2791
440mGLN: 01,07,12|3|2.5163
379mALA: 03,20,25|3|2.9114
334mGLU: 01,11,20|3|1.3395
403mGLY: 03,11,20|3|2.3213
160mGLU: 06,16,27|3|0.7136
259mLYS: 02,26,27|3|0.9275
122mSER: 08,15,17|3|1.2251
261mLYS: 02,18,26|3|1.6272
329mGLU: 01,11,20|3|0.8923
262mLYS: 02,08,18|3|1.7675
442mASP: 01,07,12|3|0.4761
403mASP: 03,11,20|3|2.4343
379mGLU: 03,20,25|3|4.3315
403mHIS: 03,11,20|3|1.8584
303mSER: 17,26,28|3|1.092
212mGLN: 08,15,17|3|0.4861
329mCYS: 01,11,20|3|2.4019
379mPRO: 03,20,25|3|3.1526
230mASP: 02,18,27|3|0.3101
217mILE: 23,28|2|1.1302
171mGLU: 04,28|2|0.427
235mPHE: 06,16|2|2.2773
196mGLN: 19,23|2|1.0456
378mVAL: 03,25|2|0.7176
406mGLU: 03,20|2|0.5378
376mCYS: 03,20|2|0.3237
401mTHR: 11,20|2|1.1453
307mTHR: 09,12|2|1.66
345mGLY: 03,25|2|0.855
419mASP: 03,20|2|0.1631
401mGLN: 11,20|2|1.0456
258mGLY: 02,26|2|2.0084
136mVAL: 23,28|2|0.3272
293mCYS: 04,07|2|1.3543
293mHIS: 04,07|2|0.5453
217mCYS: 23,28|2|2.4331
196mALA: 19,23|2|0.7437
434mGLN: 07,11|2|0.3006
258mTHR: 02,26|2|0.4756
362mGLY: 01,12|2|1.1614
196mLEU: 19,23|2|1.0134
412mHIS: 01,07|2|0.1376
293mLEU: 04,07|2|0.6179
293mGLY: 04,07|2|0.9258
455mGLU: 06,27|2|0.1092
235mALA: 06,16|2|1.785
237mLEU: 06,21|2|0.0822
434mTHR: 07,11|2|0.6955
264mTHR: 02,26|2|0.8699
401mLEU: 11,20|2|1.0134
363mPRO: 01,12|2|0.184
338mGLU: 03,11|2|0.2723
333mTHR: 01,11|2|0.0791
342mGLY: 03,25|2|1.7049
435mHIS: 01,12|2|0.8447
235mPRO: 06,16|2|2.0076
274mTHR: 17,28|2|0.9678
226mASN: 08,15|2|0.2217
167mSER: 04,14|2|0.3021
196mGLU: 19,23|2|1.202
235mHIS: 06,16|2|0.9087
342mARG: 03,25|2|0.8989
390mASN: 01,07|2|0.2218
344mTHR: 03,25|2|0.2949
342mILE: 03,25|2|1.4388
307mSER: 09,12|2|0.8812
235mGLU: 06,16|2|2.4795
196mVAL: 19,23|2|0.9191
406mLYS: 03,20|2|0.614
182mASP: 08,15|2|1.008
217mPHE: 23,28|2|0.2224
336mASN: 11,20|2|1.6609
217mALA: 23,28|2|1.6775
363mSER: 01,12|2|0.281
336mALA: 11,20|2|2.0926
401mGLY: 11,20|2|1.0618
336mSER: 11,20|2|1.2571
435mPRO: 01,12|2|1.1681
363mCYS: 01,12|2|0.8701
272mCYS: 17,26|2|0.491
217mTRP: 23,28|2|0.4185
443mGLU: 07,12|2|0.4343
272mLEU: 17,26|2|0.233
196mGLY: 19,23|2|1.0618
258mCYS: 02,26|2|4.0144
228mASP: 08,15|2|0.8574
362mALA: 01,12|2|1.1632
167mHIS: 04,14|2|0.151
335mALA: 11,20|2|0.3688
307mGLY: 09,12|2|1.0643
307mVAL: 09,12|2|1.3023
342mTHR: 03,25|2|1.8046
217mGLY: 23,28|2|1.1148
190mGLU: 04,13|2|0.1525
336mGLU: 11,20|2|0.9641
362mCYS: 01,12|2|2.169
401mVAL: 11,20|2|0.9191
322mHIS: 07,11|2|0.557
363mGLY: 01,12|2|0.5427
293mTRP: 04,07|2|0.1671
133mGLY: 28,29|2|0.7891
235mTYR: 06,16|2|0.6651
363mALA: 01,12|2|0.778
435mGLN: 01,12|2|1.6808
434mGLY: 07,11|2|0.9233
401mMET: 11,20|2|1.2192
326mALA: 11,20|2|0.9376
401mASP: 11,20|2|0.7064
435mASN: 01,12|2|1.4889
196mASN: 19,23|2|0.9207
342mLYS: 03,25|2|1.2783
401mASN: 11,20|2|0.9207
434mVAL: 07,11|2|0.1654
235mGLY: 06,16|2|1.4565
228mGLY: 08,15|2|0.3238
196mSER: 19,23|2|0.8535
258mPRO: 02,26|2|0.4077
274mSER: 17,28|2|0.5496
167mGLU: 04,14|2|0.7055
258mGLU: 02,26|2|0.7856
235mILE: 06,16|2|2.0454
171mTHR: 04,28|2|0.2748
293mGLN: 04,07|2|0.3785
171mMET: 04,28|2|0.1864
362mGLU: 01,12|2|1.0214
312mCYS: 09,26|2|1.6707
406mGLN: 03,20|2|0.1177
401mGLU: 11,20|2|1.202
217mGLN: 23,28|2|0.6709
196mMET: 19,23|2|1.2192
293mGLU: 04,07|2|0.4108
345mASP: 03,25|2|1.241
281mTHR: 04,12|2|0.7631
419mVAL: 03,20|2|0.2609
336mASP: 11,20|2|0.539
326mSER: 11,20|2|0.452
341mTHR: 03,25|2|1.6758
336mLYS: 11,20|2|2.7609
205mGLY: 15,27|2|0.1924
274mGLU: 17,28|2|1.3643
235mASP: 06,16|2|2.0985
307mMET: 09,12|2|1.0496
167mPRO: 04,14|2|0.5146
258mLYS: 02,26|2|1.7916
363mLYS: 01,12|2|0.5867
264mGLU: 02,26|2|0.8241
293mASP: 04,07|2|0.7929
235mARG: 06,16|2|0.0291
235mGLN: 06,16|2|2.0337
167mALA: 04,14|2|0.9331
226mGLU: 08,15|2|0.6774
136mALA: 23,28|2|0.4098
333mLEU: 01,11|2|0.221
307mALA: 09,12|2|1.1528
217mTHR: 23,28|2|1.6949
342mCYS: 03,25|2|2.9187
196mTHR: 19,23|2|1.1453
293mMET: 04,07|2|0.3689
258mALA: 02,26|2|3.0145
167mTHR: 04,14|2|0.6218
341mASP: 03,25|2|1.3022
435mARG: 01,12|2|0.8494
443mGLY: 07,12|2|0.4246
258mARG: 02,26|2|0.6212
235mLEU: 06,16|2|2.2575
272mTHR: 17,26|2|0.2667
237mGLU: 06,21|2|0.2135
419mTHR: 03,20|2|0.3983
213mMET: 08,28|2|0.1306
307mASN: 09,12|2|1.1084
229mTHR: 08,18|2|0.8774
401mSER: 11,20|2|0.8535
345mCYS: 03,25|2|2.0886
167mILE: 04,14|2|0.6464
258mHIS: 02,26|2|0.3173
378mPRO: 03,25|2|0.2313
167mLEU: 04,14|2|0.7637
272mGLU: 17,26|2|0.4383
258mLEU: 02,26|2|0.9678
363mGLU: 01,12|2|0.2207
235mTHR: 06,16|2|2.193
401mTRP: 11,20|2|0.9171
342mGLU: 03,25|2|1.772
133mLYS: 28,29|2|1.0269
390mTHR: 01,07|2|0.7322
133mASP: 28,29|2|1.1685
435mTRP: 01,12|2|0.5095
406mASP: 03,20|2|0.6243
196mHIS: 19,23|2|1.071
333mCYS: 01,11|2|1.0382
229mLYS: 08,18|2|0.6527
213mHIS: 08,28|2|0.2482
344mCYS: 03,25|2|1.1907
376mGLU: 03,20|2|0.4906
378mALA: 03,25|2|1.4625
435mGLY: 01,12|2|1.7734
228mGLU: 08,15|2|1.2277
167mASP: 04,14|2|0.8617
344mALA: 03,25|2|0.973
235mSER: 06,16|2|1.0008
378mASN: 03,25|2|0.4787
342mASP: 03,25|2|2.4125
167mGLN: 04,14|2|0.5427
235mVAL: 06,16|2|2.0472
217mLYS: 23,28|2|1.2046
342mALA: 03,25|2|2.0905
196mASP: 19,23|2|0.7064
406mGLY: 03,20|2|0.3208
281mASN: 04,12|2|0.8922
293mTHR: 04,07|2|0.4538
333mASP: 01,11|2|0.319
293mLYS: 04,07|2|0.5748
307mHIS: 09,12|2|0.6042
341mASN: 03,25|2|0.2425
343mCYS: 03,25|2|1.4115
293mSER: 04,07|2|0.662
167mCYS: 04,14|2|1.5809
435mSER: 01,12|2|1.8501
342mPRO: 03,25|2|1.4527
435mLYS: 01,12|2|1.9959
235mMET: 06,16|2|1.7061
293mALA: 04,07|2|1.2156
281mLYS: 04,12|2|0.6927
343mALA: 03,25|2|0.7846
342mLEU: 03,25|2|1.5624
171mLEU: 04,28|2|0.1644
401mALA: 11,20|2|0.7437
235mTRP: 06,16|2|1.8822
196mILE: 19,23|2|0.7807
362mILE: 01,12|2|0.3262
435mTHR: 01,12|2|1.8811
205mASN: 15,27|2|0.3328
281mGLU: 04,12|2|0.9553
274mASN: 17,28|2|0.7474
419mGLN: 03,20|2|0.3219
258mILE: 02,26|2|1.3586
167mMET: 04,14|2|0.358
217mSER: 23,28|2|0.8769
226mGLY: 08,15|2|0.3527
419mPHE: 03,20|2|0.2144
401mPHE: 11,20|2|0.7494
133mCYS: 28,29|2|0.9083
308mGLU: 09,26|2|0.2116
434mASP: 07,11|2|1.5737
412mSER: 01,07|2|0.0561
133mSER: 28,29|2|0.3505
345mLYS: 03,25|2|0.7882
311mGLU: 09,12|2|0.5369
196mLYS: 19,23|2|0.0959
235mASN: 06,16|2|1.2684
434mGLU: 07,11|2|1.0204
190mTHR: 04,13|2|0.0764
171mGLN: 04,28|2|0.122
456mCYS: 06,27|2|1.3274
419mILE: 03,20|2|0.1914
307mGLN: 09,12|2|1.2783
258mASP: 02,26|2|1.8838
235mCYS: 06,16|2|3.1245
443mLYS: 07,12|2|0.6624
307mTRP: 09,12|2|1.1319
272mPHE: 17,26|2|0.1109
307mGLU: 09,12|2|1.9918
196mTRP: 19,23|2|0.9171
196mPHE: 19,23|2|0.7494
226mASP: 08,15|2|0.5432
336mTHR: 11,20|2|2.1591
363mTHR: 01,12|2|0.3571
228mTHR: 08,15|2|0.9206
345mALA: 03,25|2|1.5939
226mGLN: 08,15|2|0.298
401mLYS: 11,20|2|0.0959
362mPRO: 01,12|2|0.3809
311mTHR: 09,12|2|0.8335
390mPHE: 01,07|2|0.0759
362mTHR: 01,12|2|0.5546
140mALA: 23,28|2|0.9692
390mGLU: 01,07|2|1.2109
213mGLY: 08,28|2|0.0564
231mASN: 16,27|2|0.1711
258mMET: 02,26|2|0.3015
228mGLN: 08,15|2|0.2466
435mASP: 01,12|2|2.7453
228mPRO: 08,15|2|0.4322
281mASP: 04,12|2|0.5277
342mHIS: 03,25|2|0.6417
435mALA: 01,12|2|1.1779
336mGLY: 11,20|2|1.0461
333mGLU: 01,11|2|0.1628
293mILE: 04,07|2|0.4437
455mCYS: 06,27|2|0.7487
307mILE: 09,12|2|1.2723
378mILE: 03,25|2|0.3784
167mGLY: 04,14|2|0.5718
434mALA: 07,11|2|0.5094
363mARG: 01,12|2|0.2213
333mILE: 01,11|2|0.1037
237mTHR: 06,21|2|0.1374
401mHIS: 11,20|2|1.071
434mSER: 07,11|2|0.6853
341mGLU: 03,25|2|1.6923
217mGLU: 23,28|2|1.8659
293mARG: 04,07|2|0.3628
228mASN: 08,15|2|0.6997
443mTHR: 07,12|2|0.3947
171mCYS: 04,28|2|0.1024
281mGLY: 04,12|2|0.4928
167mTRP: 04,14|2|0.406
342mGLN: 03,25|2|2.2648
406mASN: 03,20|2|0.5507
217mASP: 23,28|2|1.5551
401mILE: 11,20|2|0.7807
342mSER: 03,25|2|2.1572
363mASP: 01,12|2|0.7769
378mTHR: 03,25|2|1.7701
419mLEU: 03,20|2|0.3431
376mPHE: 03,20|2|0.1058
336mILE: 11,20|2|0.726
378mLYS: 03,25|2|1.7884
258mSER: 02,26|2|1.3131
362mASP: 01,12|2|1.6155
217mPRO: 23,28|2|0.9203
205mGLU: 15,27|2|0.522
344mSER: 03,25|2|0.4568
443mASP: 07,12|2|0.804
419mGLU: 03,20|2|0.4744
307mLEU: 09,12|2|1.3699
182mASN: 08,15|2|0.482
435mGLU: 01,12|2|1.95
