164mILE: 02,03,05,09,11,12,13,14,17,19,23,26,27|13|4.957
165mGLU: 02,03,05,09,10,11,12,13,14,17,19,26,27|13|12.2582
165mASN: 02,03,05,09,10,11,12,13,14,17,19,26,27|13|7.887
165mSER: 02,03,05,09,10,11,12,13,14,17,19,26,27|13|8.4245
165mPRO: 02,03,05,09,10,11,12,13,14,17,19,26,27|13|7.1527
165mGLY: 02,03,05,09,10,11,12,13,14,17,19,26,27|13|11.6768
165mGLN: 02,03,05,09,10,11,12,13,14,17,19,26,27|13|6.6715
165mHIS: 02,03,05,09,10,11,12,13,14,17,19,26,27|13|6.5614
164mALA: 02,03,05,09,11,12,13,14,17,19,23,26,27|13|10.7904
165mTHR: 02,03,05,09,10,11,12,13,14,17,19,26,27|13|9.7984
165mVAL: 02,03,05,09,10,11,12,13,14,17,19,26,27|13|9.3462
251mGLY: 02,03,16,19,23,24,26,28|8|4.9411
251mALA: 02,03,16,19,23,24,26,28|8|6.0105
251mTHR: 02,03,16,19,23,24,26,28|8|4.961
159mGLU: 02,03,14,19,23,24,26,28|8|2.4376
251mLEU: 02,03,16,19,23,24,26,28|8|4.4563
251mHIS: 02,03,16,19,23,24,26,28|8|2.0393
251mGLU: 02,03,16,19,23,24,26,28|8|6.7911
251mSER: 02,03,16,19,23,24,26,28|8|3.7066
251mPRO: 02,03,16,19,23,24,26,28|8|4.6035
251mILE: 02,03,16,19,23,24,26,28|8|5.1385
251mASP: 02,03,16,19,23,24,26,28|8|5.4116
251mTRP: 02,03,16,19,23,24,26,28|8|3.0507
251mGLN: 02,03,16,19,23,24,26,28|8|3.5231
251mCYS: 02,03,16,19,23,24,26,28|8|9.2028
249mASN: 02,03,09,19,23,26,28|7|1.6911
249mHIS: 02,03,09,19,23,26,28|7|1.6219
190mGLU: 05,09,10,11,13,17,27|7|2.0523
249mSER: 02,03,09,19,23,26,28|7|1.7738
249mTHR: 02,03,09,19,23,26,28|7|2.6092
249mGLY: 02,03,09,19,23,26,28|7|2.9135
190mTHR: 05,09,10,11,13,17,27|7|0.8156
249mGLN: 02,03,09,19,23,26,28|7|2.1935
249mGLU: 02,03,09,19,23,26,28|7|2.9189
193mSER: 03,09,10,13,17,27|6|1.394
241mGLY: 03,09,10,13,17,27|6|1.6017
218mALA: 01,09,11,13,17,27|6|2.0184
241mCYS: 03,09,10,13,17,27|6|4.9597
163mGLU: 03,05,09,19,23,26|6|0.6164
241mALA: 03,09,10,13,17,27|6|2.4785
240mGLU: 02,03,09,10,13,27|6|0.7785
163mTHR: 03,05,09,19,23,26|6|0.285
229mGLY: 00,04,08,16,21|5|1.2111
229mCYS: 00,04,08,16,21|5|3.2929
284mASN: 05,11,14,18,27|5|1.5186
162mLEU: 05,11,14,17,19|5|0.8926
229mALA: 00,04,08,16,21|5|1.5348
281mTHR: 05,13,14,17,27|5|2.1132
162mASP: 05,11,14,17,19|5|1.0043
162mCYS: 05,11,14,17,19|5|2.3747
284mGLY: 05,11,14,18,27|5|1.7907
229mGLU: 00,04,08,16,21|5|2.2161
281mSER: 05,13,14,17,27|5|2.1815
281mLYS: 05,13,14,17,27|5|1.773
281mGLU: 05,13,14,17,27|5|2.7924
162mGLU: 05,11,14,17,19|5|1.4104
162mTHR: 05,11,14,17,19|5|0.4436
284mGLU: 05,11,14,18,27|5|2.2556
281mASP: 05,13,14,17,27|5|2.1072
266mGLY: 00,04,07,21,25|5|1.4833
281mGLY: 05,13,14,17,27|5|2.1426
167mASN: 05,11,14,17|4|0.8338
235mPHE: 02,08,16,24|4|3.0364
235mGLU: 02,08,16,24|4|3.306
273mGLY: 00,01,21,25|4|2.2166
201mLEU: 02,16,24,28|4|2.2282
300mSER: 01,11,17,27|4|0.421
235mALA: 02,08,16,24|4|2.38
268mGLU: 00,01,04,25|4|2.236
147mTHR: 00,01,04,07|4|0.701
235mTRP: 02,08,16,24|4|2.5096
167mMET: 05,11,14,17|4|1.5285
167mSER: 05,11,14,17|4|2.0906
235mCYS: 02,08,16,24|4|4.166
120mALA: 04,07,08,16|4|2.3753
235mHIS: 02,08,16,24|4|1.2116
201mSER: 02,16,24,28|4|0.7722
204mGLU: 08,16,24,28|4|1.8003
217mALA: 01,11,13,17|4|1.8028
120mTHR: 04,07,08,16|4|1.4117
146mCYS: 00,01,04,07|4|2.8237
217mGLY: 01,11,13,17|4|1.9187
201mPRO: 02,16,24,28|4|1.9192
146mTHR: 00,01,04,07|4|2.2866
167mHIS: 05,11,14,17|4|1.6791
235mTYR: 02,08,16,24|4|0.8868
167mTHR: 05,11,14,17|4|1.7203
235mGLY: 02,08,16,24|4|1.942
265mASN: 00,04,07,21|4|0.9392
201mTRP: 02,16,24,28|4|1.7256
167mGLU: 05,11,14,17|4|2.1652
201mGLY: 02,16,24,28|4|1.2309
167mGLY: 05,11,14,17|4|2.555
235mILE: 02,08,16,24|4|2.7272
235mPRO: 02,08,16,24|4|2.6768
167mLYS: 05,11,14,17|4|1.1191
201mASP: 02,16,24,28|4|2.103
235mASP: 02,08,16,24|4|2.798
167mALA: 05,11,14,17|4|2.9533
235mARG: 02,08,16,24|4|0.0388
235mGLN: 02,08,16,24|4|2.7116
201mTHR: 02,16,24,28|4|2.3986
235mVAL: 02,08,16,24|4|2.7296
120mGLY: 04,07,08,16|4|2.0533
235mLEU: 02,08,16,24|4|3.01
273mTHR: 00,01,21,25|4|2.0646
120mGLN: 04,07,08,16|4|1.2007
167mILE: 05,11,14,17|4|1.7909
167mLEU: 05,11,14,17|4|2.0626
265mTHR: 00,04,07,21|4|1.9052
235mTHR: 02,08,16,24|4|2.924
167mGLN: 05,11,14,17|4|1.5309
120mSER: 04,07,08,16|4|1.0493
216mGLY: 01,13,17,27|4|1.3333
203mALA: 08,16,24,28|4|1.8961
167mASP: 05,11,14,17|4|2.327
146mASP: 00,01,04,07|4|2.0082
120mCYS: 04,07,08,16|4|3.7603
216mASP: 01,13,17,27|4|1.5954
217mLYS: 01,11,13,17|4|2.4633
146mILE: 00,01,04,07|4|0.9254
201mHIS: 02,16,24,28|4|0.3097
201mCYS: 02,16,24,28|4|3.4189
235mMET: 02,08,16,24|4|2.2748
268mGLY: 00,01,04,25|4|1.6499
201mILE: 02,16,24,28|4|2.0702
146mGLU: 00,01,04,07|4|2.571
203mCYS: 08,16,24,28|4|2.6743
273mHIS: 00,01,21,25|4|1.3423
205mASP: 08,16,24,28|4|1.1963
273mASN: 00,01,21,25|4|1.7339
201mPHE: 02,16,24,28|4|2.3538
268mASP: 00,01,04,25|4|2.3612
235mASN: 02,08,16,24|4|1.6912
201mGLN: 02,16,24,28|4|1.934
265mGLY: 00,04,07,21|4|1.8858
201mGLU: 02,16,24,28|4|2.9408
273mSER: 00,01,21,25|4|1.7337
201mMET: 02,16,24,28|4|1.3455
273mGLN: 00,01,21,25|4|1.7072
120mASP: 04,07,08,16|4|2.4767
235mSER: 02,08,16,24|4|1.3344
205mCYS: 08,16,24,28|4|1.9308
273mGLU: 00,01,21,25|4|2.8847
201mASN: 02,16,24,28|4|1.1888
201mALA: 02,16,24,28|4|1.7522
204mCYS: 08,16,24,28|4|4.1078
147mGLU: 00,01,04,07|4|2.0718
201mVAL: 02,16,24,28|4|2.0325
120mGLU: 04,07,08,16|4|1.7894
273mVAL: 00,01,21,25|4|1.8739
147mASP: 00,01,04,07|4|1.2824
269mALA: 00,18,21,25|4|1.7874
167mTRP: 05,11,14,17|4|1.0046
273mASP: 00,01,21,25|4|2.0972
216mLYS: 01,13,17,27|4|1.176
216mGLU: 01,13,17,27|4|1.0392
205mGLU: 08,16,24,28|4|2.1917
171mGLU: 01,13,27|3|1.2653
182mPRO: 04,08,16|3|1.1727
173mTHR: 01,21,27|3|0.6923
182mGLU: 04,08,16|3|2.1199
220mGLN: 01,13,27|3|0.9976
220mMET: 01,13,27|3|0.9704
144mALA: 01,04,07|3|0.7745
237mASP: 02,23,28|3|0.9679
122mASP: 01,04,07|3|1.0963
220mPHE: 01,13,27|3|1.427
436mGLY: 06,15,22|3|0.6209
220mILE: 01,13,27|3|1.4851
182mTRP: 04,08,16|3|0.8832
182mASP: 04,08,16|3|1.9156
119mSER: 04,08,16|3|0.8842
182mTHR: 04,08,16|3|1.2379
220mALA: 01,13,27|3|1.4417
355mALA: 05,14,18|3|0.798
220mVAL: 01,13,27|3|1.4025
220mSER: 01,13,27|3|0.6863
173mGLU: 01,21,27|3|1.0241
228mCYS: 04,08,16|3|2.0019
145mGLY: 01,04,07|3|0.7661
355mLEU: 05,14,18|3|0.2482
257mMET: 00,18,21|3|0.5974
228mGLY: 04,08,16|3|0.5763
220mTHR: 01,13,27|3|1.102
122mSER: 01,04,07|3|0.5531
173mVAL: 01,21,27|3|0.3346
182mALA: 04,08,16|3|1.6772
122mASN: 01,04,07|3|0.7748
122mGLY: 01,04,07|3|0.9058
172mGLU: 01,13,27|3|2.0819
261mALA: 00,04,21|3|2.8027
173mCYS: 01,21,27|3|0.6949
142mGLU: 01,04,07|3|1.3652
228mALA: 04,08,16|3|1.5626
173mPHE: 01,21,27|3|0.3793
261mGLY: 00,04,21|3|2.656
361mASP: 05,11,14|3|0.6822
220mTRP: 01,13,27|3|0.8799
220mASP: 01,13,27|3|1.2618
361mGLU: 05,11,14|3|0.5822
119mGLY: 04,08,16|3|1.5908
257mGLU: 00,18,21|3|0.52
237mGLU: 02,23,28|3|0.723
172mASN: 01,13,27|3|0.6475
142mASN: 01,04,07|3|0.5363
220mGLU: 01,13,27|3|1.528
182mCYS: 04,08,16|3|3.7226
119mASP: 04,08,16|3|2.0042
228mVAL: 04,08,16|3|0.9277
220mPRO: 01,13,27|3|1.0764
145mLYS: 01,04,07|3|0.3016
261mASP: 00,04,21|3|3.3452
173mILE: 01,21,27|3|0.3046
122mVAL: 01,04,07|3|0.6024
220mASN: 01,13,27|3|0.5052
355mGLY: 05,14,18|3|0.2198
261mPRO: 00,04,21|3|1.3756
312mGLU: 18,20,25|3|1.7612
173mASP: 01,21,27|3|0.256
121mGLY: 01,04,07|3|0.5799
220mCYS: 01,13,27|3|2.5873
182mGLN: 04,08,16|3|1.0013
122mGLU: 01,04,07|3|1.2305
171mILE: 01,13,27|3|0.2023
122mGLN: 01,04,07|3|0.8511
122mTHR: 01,04,07|3|0.8817
261mGLU: 00,04,21|3|3.2461
121mASP: 01,04,07|3|0.8804
301mASN: 01,11,27|3|0.5338
119mGLU: 04,08,16|3|1.6445
261mGLN: 00,04,21|3|0.7317
220mLEU: 01,13,27|3|1.5303
261mSER: 00,04,21|3|2.1307
261mTHR: 00,04,21|3|1.9958
182mGLY: 04,08,16|3|1.5387
261mASN: 00,04,21|3|1.7081
301mGLU: 01,11,27|3|0.6618
172mSER: 01,13,27|3|0.6492
220mHIS: 01,13,27|3|0.4809
122mHIS: 01,04,07|3|0.552
355mCYS: 05,14,18|3|1.5791
220mGLY: 01,13,27|3|1.0891
182mHIS: 04,08,16|3|0.5156
172mTHR: 01,13,27|3|1.1753
228mILE: 04,08,16|3|0.9099
261mHIS: 00,04,21|3|0.3968
237mTHR: 02,23,28|3|0.7833
142mTHR: 01,04,07|3|1.4312
312mASN: 18,20,25|3|0.8161
436mASN: 06,15,22|3|0.7902
312mTHR: 18,20,25|3|1.8203
145mASP: 01,04,07|3|1.2075
261mCYS: 00,04,21|3|4.252
171mCYS: 01,13,27|3|1.3939
261mLYS: 00,04,21|3|2.589
257mHIS: 00,18,21|3|0.5609
182mSER: 04,08,16|3|0.8031
182mASN: 04,08,16|3|0.5121
145mGLU: 01,04,07|3|1.1452
440mGLU: 05,27|2|1.7991
401mGLN: 06,15|2|1.1093
130mGLN: 09,17|2|1.258
197mASN: 02,28|2|0.4606
272mILE: 21,25|2|0.8987
335mTHR: 06,15|2|0.5725
259mGLY: 00,18|2|0.7049
335mASN: 06,15|2|0.4954
401mTHR: 06,15|2|1.367
336mILE: 15,22|2|0.4498
339mALA: 15,22|2|0.7986
136mVAL: 01,07|2|0.0264
140mVAL: 01,07|2|1.2382
183mGLU: 04,21|2|0.4668
188mMET: 01,27|2|0.1664
440mTHR: 05,27|2|1.3558
259mASN: 00,18|2|0.4193
454mARG: 05,14|2|0.2108
285mSER: 05,17|2|0.3912
339mPHE: 15,22|2|0.2887
434mGLN: 06,15|2|0.3983
259mALA: 00,18|2|0.8262
178mSER: 04,07|2|0.3852
156mPRO: 19,28|2|1.0333
272mGLU: 21,25|2|0.6022
317mGLY: 18,20|2|0.5627
178mLYS: 04,07|2|0.1712
337mGLU: 15,22|2|0.3146
130mTYR: 09,17|2|0.2604
215mCYS: 01,11|2|1.1592
143mGLU: 04,07|2|0.8994
259mSER: 00,18|2|0.7078
188mALA: 01,27|2|0.219
156mTHR: 19,28|2|1.0589
143mGLN: 04,07|2|0.4742
337mVAL: 15,22|2|0.0264
440mLEU: 05,27|2|0.7607
339mLEU: 15,22|2|0.6232
319mCYS: 06,20|2|1.2048
434mGLU: 06,15|2|1.0543
329mGLY: 06,15|2|1.1299
311mGLY: 20,25|2|0.8956
440mLYS: 05,27|2|1.411
407mGLU: 15,22|2|1.4849
456mGLN: 14,19|2|0.3088
454mASP: 05,14|2|0.4383
143mILE: 04,07|2|0.5779
319mGLY: 06,20|2|0.2853
140mLYS: 01,07|2|0.8771
150mPHE: 01,21|2|0.3043
407mPRO: 15,22|2|1.0333
401mGLY: 06,15|2|1.6025
400mILE: 15,18|2|0.1284
188mPHE: 01,27|2|0.5472
150mTHR: 01,21|2|0.4601
124mCYS: 08,16|2|0.9507
124mSER: 08,16|2|1.0472
136mPHE: 01,07|2|0.1798
272mCYS: 21,25|2|1.3358
136mCYS: 01,07|2|0.7446
454mVAL: 05,14|2|0.1378
320mGLY: 18,20|2|0.8484
143mMET: 04,07|2|0.5106
272mLEU: 21,25|2|0.9688
311mTRP: 20,25|2|0.6386
179mLEU: 07,16|2|0.1641
407mTHR: 15,22|2|1.0589
124mGLU: 08,16|2|1.4902
335mILE: 06,15|2|0.0816
130mGLU: 09,17|2|1.7884
143mCYS: 04,07|2|1.1034
400mVAL: 15,18|2|0.0895
329mGLN: 06,15|2|0.9538
329mASN: 06,15|2|1.1565
188mLEU: 01,27|2|0.534
130mPRO: 09,17|2|1.3368
305mCYS: 20,25|2|0.7815
143mASP: 04,07|2|1.0454
337mGLN: 15,22|2|0.0174
407mPHE: 15,22|2|1.3839
335mALA: 06,15|2|0.6294
188mTHR: 01,27|2|0.491
401mVAL: 06,15|2|1.4025
272mGLY: 21,25|2|1.1733
407mLEU: 15,22|2|1.4872
259mLEU: 00,18|2|0.4014
320mLYS: 18,20|2|0.6009
337mASP: 15,22|2|0.0606
336mVAL: 15,22|2|0.7202
311mPHE: 20,25|2|1.1857
124mASP: 08,16|2|1.5008
156mGLY: 19,28|2|1.046
434mGLY: 06,15|2|0.8443
440mSER: 05,27|2|1.2388
329mALA: 06,15|2|0.7968
401mMET: 06,15|2|0.7656
401mASP: 06,15|2|1.8385
267mGLU: 00,04|2|0.1348
140mGLY: 01,07|2|1.2535
140mLEU: 01,07|2|0.8705
317mASN: 18,20|2|0.119
440mMET: 05,27|2|0.9186
150mGLU: 01,21|2|0.6317
456mASP: 14,19|2|0.8957
401mASN: 06,15|2|1.2609
434mVAL: 06,15|2|0.1638
170mALA: 13,27|2|0.3996
311mSER: 20,25|2|0.9284
329mSER: 06,15|2|0.8311
150mVAL: 01,21|2|0.2741
259mASP: 00,18|2|0.5122
339mILE: 15,22|2|0.6827
179mCYS: 07,16|2|0.9005
317mCYS: 18,20|2|0.6575
136mGLU: 01,07|2|0.3146
150mASP: 01,21|2|0.1934
440mPHE: 05,27|2|0.7664
230mCYS: 00,21|2|1.0091
317mGLU: 18,20|2|0.4328
454mLYS: 05,14|2|0.396
183mGLN: 04,21|2|0.0913
179mASP: 07,16|2|0.3391
143mPRO: 04,07|2|0.739
130mSER: 09,17|2|0.9467
179mALA: 07,16|2|0.7618
337mTHR: 15,22|2|0.1236
454mALA: 05,14|2|0.756
311mLEU: 20,25|2|1.51
141mSER: 01,07|2|0.3219
143mTHR: 04,07|2|0.9285
188mCYS: 01,27|2|1.112
400mASP: 15,18|2|0.1258
407mSER: 15,22|2|0.6432
311mCYS: 20,25|2|2.1814
291mASN: 18,20|2|0.2274
456mGLU: 14,19|2|0.8972
285mASP: 05,17|2|0.8561
307mALA: 01,20|2|0.3308
156mGLN: 19,28|2|0.9545
143mTRP: 04,07|2|0.445
141mASN: 01,07|2|0.3498
329mASP: 06,15|2|1.9059
178mGLU: 04,07|2|0.51
170mILE: 13,27|2|0.11
339mCYS: 15,22|2|1.4231
311mGLN: 20,25|2|1.2515
407mASP: 15,22|2|1.2187
141mCYS: 01,07|2|2.2272
143mSER: 04,07|2|0.3773
409mCYS: 15,22|2|1.1188
407mASN: 15,22|2|0.4621
239mGLY: 19,28|2|0.4343
136mASP: 01,07|2|0.0606
320mGLU: 18,20|2|0.9401
130mALA: 09,17|2|1.7021
137mCYS: 01,07|2|0.6426
136mTHR: 01,07|2|0.1236
130mLEU: 09,17|2|1.7907
311mVAL: 20,25|2|1.3238
150mCYS: 01,21|2|0.6844
400mPHE: 15,18|2|0.2574
456mALA: 14,19|2|0.6072
401mSER: 06,15|2|1.3279
407mCYS: 15,22|2|2.5442
440mALA: 05,27|2|1.5145
291mGLU: 18,20|2|0.4538
141mVAL: 01,07|2|0.6861
456mTHR: 14,19|2|0.7354
329mTHR: 06,15|2|1.4937
320mASP: 18,20|2|1.3364
456mTRP: 14,19|2|0.1193
454mGLN: 05,14|2|0.5017
272mTHR: 21,25|2|0.5033
400mTHR: 15,18|2|0.3584
311mASP: 20,25|2|1.0926
178mALA: 04,07|2|0.134
143mGLY: 04,07|2|0.6731
306mGLU: 20,25|2|0.4906
407mGLN: 15,22|2|0.9545
226mCYS: 08,16|2|0.8293
456mHIS: 14,19|2|1.0139
124mALA: 08,16|2|1.0623
156mGLU: 19,28|2|1.4849
456mMET: 14,19|2|0.8339
272mGLN: 21,25|2|0.5082
272mSER: 21,25|2|0.9926
130mTHR: 09,17|2|1.3624
407mTRP: 15,22|2|0.8368
440mILE: 05,27|2|0.7566
183mTHR: 04,21|2|0.0986
434mCYS: 06,15|2|0.5349
434mTHR: 06,15|2|0.8301
156mVAL: 19,28|2|1.3594
188mASP: 01,27|2|0.428
400mCYS: 15,18|2|0.7577
208mCYS: 08,16|2|0.9709
208mASP: 08,16|2|0.9664
130mVAL: 09,17|2|1.6629
156mSER: 19,28|2|0.6432
178mTHR: 04,07|2|0.3692
183mASP: 04,21|2|0.5169
454mTHR: 05,14|2|0.5743
440mGLY: 05,27|2|1.2291
139mCYS: 01,07|2|1.2082
329mPRO: 06,15|2|1.1411
126mASP: 08,16|2|0.6212
156mCYS: 19,28|2|2.5442
130mASP: 09,17|2|1.5222
141mPRO: 01,07|2|0.6729
401mGLU: 06,15|2|2.1304
179mGLY: 07,16|2|0.472
291mASP: 18,20|2|0.808
454mILE: 05,14|2|0.3327
272mHIS: 21,25|2|0.4972
156mTRP: 19,28|2|0.8368
317mASP: 18,20|2|1.5696
150mLEU: 01,21|2|0.4264
390mGLY: 15,22|2|0.3587
401mCYS: 06,15|2|2.2467
407mVAL: 15,22|2|1.3594
400mGLU: 15,18|2|0.7096
311mALA: 20,25|2|1.2639
454mLEU: 05,14|2|0.5413
440mCYS: 05,27|2|1.7302
454mGLY: 05,14|2|0.9318
259mILE: 00,18|2|0.3986
407mALA: 15,22|2|1.3986
139mALA: 01,07|2|0.647
150mILE: 01,21|2|0.204
226mALA: 08,16|2|0.4454
311mASN: 20,25|2|0.4682
272mALA: 21,25|2|1.6806
336mPHE: 15,22|2|0.3742
130mILE: 09,17|2|1.7455
336mLEU: 15,22|2|0.1474
306mCYS: 20,25|2|0.3237
156mPHE: 19,28|2|1.3839
329mGLU: 06,15|2|1.4909
230mALA: 00,21|2|0.3613
272mVAL: 21,25|2|1.3099
339mTHR: 15,22|2|0.7719
335mSER: 06,15|2|0.6294
335mLYS: 06,15|2|0.7633
456mGLY: 14,19|2|1.3053
226mGLY: 08,16|2|0.2979
272mPHE: 21,25|2|0.47
407mILE: 15,22|2|1.442
337mCYS: 15,22|2|0.7446
156mALA: 19,28|2|1.3986
140mGLU: 01,07|2|1.0399
456mASN: 14,19|2|0.7643
259mTHR: 00,18|2|0.6141
311mILE: 20,25|2|1.046
434mASP: 06,15|2|1.1931
320mSER: 18,20|2|0.3622
130mHIS: 09,17|2|0.7413
311mGLU: 20,25|2|1.4595
130mPHE: 09,17|2|1.6874
136mGLN: 01,07|2|0.0174
335mGLU: 06,15|2|0.9936
311mHIS: 20,25|2|0.3713
401mTYR: 06,15|2|0.2693
407mGLY: 15,22|2|1.046
141mGLU: 01,07|2|1.5045
178mASN: 04,07|2|0.434
156mMET: 19,28|2|0.9273
454mMET: 05,14|2|0.709
140mSER: 01,07|2|0.8009
156mHIS: 19,28|2|0.4378
179mSER: 07,16|2|0.2082
336mGLU: 15,22|2|1.283
311mPRO: 20,25|2|1.0979
141mASP: 01,07|2|0.9985
259mGLU: 00,18|2|0.7431
143mASN: 04,07|2|0.7684
141mGLY: 01,07|2|0.6107
440mVAL: 05,27|2|1.0232
178mILE: 04,07|2|0.0799
143mALA: 04,07|2|0.7661
140mASN: 01,07|2|0.253
141mTHR: 01,07|2|0.5266
136mILE: 01,07|2|0.0252
188mVAL: 01,27|2|0.3938
239mASP: 19,28|2|0.9297
170mCYS: 13,27|2|0.7855
285mGLU: 05,17|2|0.885
454mSER: 05,14|2|0.7576
454mHIS: 05,14|2|0.8854
130mTRP: 09,17|2|1.1403
336mTHR: 15,22|2|0.8908
454mTRP: 05,14|2|0.3375
215mALA: 01,11|2|1.5098
188mGLU: 01,27|2|0.682
317mLYS: 18,20|2|0.5994
140mCYS: 01,07|2|1.6454
124mGLY: 08,16|2|1.346
401mLYS: 06,15|2|1.0898
401mPRO: 06,15|2|1.1342
170mLYS: 13,27|2|0.046
136mLEU: 01,07|2|0.1666
454mASN: 05,14|2|0.3983
311mTHR: 20,25|2|1.0468
140mALA: 01,07|2|1.9165
305mTHR: 20,25|2|0.3637
317mALA: 18,20|2|0.1634
130mGLY: 09,17|2|1.3495
440mHIS: 05,27|2|1.528
208mGLU: 08,16|2|0.8158
267mCYS: 00,04|2|0.5648
141mPHE: 01,07|2|0.6611
456mLEU: 14,19|2|0.0851
319mALA: 06,20|2|1.1089
337mLEU: 15,22|2|0.1666
440mASP: 05,27|2|1.4818
440mPRO: 05,27|2|0.6978
130mCYS: 09,17|2|2.8477
291mLYS: 18,20|2|0.0874
336mCYS: 15,22|2|1.2675
188mTRP: 01,27|2|0.2838
335mASP: 06,15|2|1.1241
339mVAL: 15,22|2|0.8066
440mGLN: 05,27|2|0.8407
330mLYS: 06,15|2|0.7089
454mGLU: 05,14|2|0.5237
188mILE: 01,27|2|0.3926
434mMET: 06,15|2|0.3021
156mILE: 19,28|2|1.442
334mGLU: 06,15|2|0.9189
306mPHE: 20,25|2|0.1058
291mGLY: 18,20|2|0.2856
188mPRO: 01,27|2|0.3674
188mGLN: 01,27|2|0.3848
197mGLY: 02,28|2|0.381
401mHIS: 06,15|2|0.719
259mLYS: 00,18|2|0.5562
339mGLU: 15,22|2|0.803
140mILE: 01,07|2|1.1521
440mASN: 05,27|2|1.0726
156mASP: 19,28|2|1.2187
140mPHE: 01,07|2|0.4985
230mASP: 00,21|2|0.2899
456mSER: 14,19|2|0.8905
407mMET: 15,22|2|0.9273
327mCYS: 06,15|2|0.1901
400mLEU: 15,18|2|0.145
197mTHR: 02,28|2|0.2289
130mASN: 09,17|2|0.7656
130mMET: 09,17|2|1.2308
156mASN: 19,28|2|0.4621
156mLEU: 19,28|2|1.4872
143mVAL: 04,07|2|0.4929
336mASP: 15,22|2|0.4148
407mHIS: 15,22|2|0.4378
124mTHR: 08,16|2|1.1299
150mGLN: 01,21|2|0.3306
239mLYS: 19,28|2|0.3792
329mCYS: 06,15|2|1.467
337mILE: 15,22|2|0.0252
337mPHE: 15,22|2|0.1798
124mLYS: 08,16|2|1.2194
