164mGLU: 01,02,04,06,07,08,09,10,13,14,15,16,20,23,26,27,28,29|18|17.7388
164mTHR: 01,02,04,06,07,08,09,10,13,14,16,20,23,26,27,28,29|17|17.2585
164mASP: 01,02,04,06,07,08,09,10,13,14,16,20,23,26,27,28,29|17|16.8232
164mCYS: 01,02,04,06,07,08,09,10,14,15,16,20,23,26,27,28,29|17|17.482
164mGLY: 01,02,04,06,07,08,09,10,13,14,16,20,23,26,27,28,29|17|16.5745
164mALA: 01,02,04,06,07,08,09,10,13,14,16,20,23,26,27,28,29|17|16.7114
164mSER: 01,02,04,06,07,08,09,10,13,14,16,20,23,26,27,28,29|17|13.8562
165mTHR: 01,02,04,06,07,08,13,14,15,18,20,23,26,27,28,29|16|9.9096
165mGLU: 01,02,04,06,07,08,13,14,15,18,20,23,26,27,28,29|16|12.8831
165mSER: 01,02,04,06,07,08,13,14,15,18,20,23,26,27,28,29|16|8.646
242mGLU: 01,04,06,07,08,10,13,14,15,18,20,23,26,27,28,29|16|10.3515
164mLEU: 01,02,04,06,07,08,09,10,13,14,20,23,26,27,28,29|16|7.6376
165mGLY: 01,02,04,06,07,08,13,14,15,18,20,23,26,27,28,29|16|11.0848
165mALA: 01,02,04,06,07,08,13,14,15,18,20,23,26,27,28,29|16|13.3568
164mILE: 01,02,06,07,08,09,10,14,16,20,23,26,27,28,29|15|8.524
165mASP: 01,02,04,06,07,08,13,14,15,18,20,26,27,28,29|15|11.2153
242mSER: 01,04,06,07,08,10,14,15,18,20,23,26,27,28,29|15|6.9504
164mMET: 01,02,04,06,07,09,10,13,14,20,23,26,27,28,29|15|4.5363
165mCYS: 01,02,04,06,07,08,13,14,15,18,20,26,27,28,29|15|14.8167
242mALA: 01,04,06,07,08,10,14,15,18,20,23,26,27,28,29|15|11.0509
164mVAL: 01,02,04,06,09,10,13,14,16,20,23,26,27,28,29|15|7.2637
165mLEU: 01,02,06,07,08,13,14,15,18,20,23,26,27,28,29|15|7.4844
164mLYS: 01,02,06,07,08,09,10,14,16,20,23,26,27,28,29|15|15.8786
164mHIS: 01,02,04,06,07,09,10,13,14,16,20,26,27,28,29|15|8.1141
164mASN: 01,02,04,06,08,09,10,13,14,16,20,26,27,28,29|15|12.2877
191mGLU: 01,04,06,07,08,13,14,15,16,20,23,26,27,29|14|3.7077
242mGLY: 01,04,07,08,10,14,15,18,20,23,26,27,28,29|14|8.1563
242mCYS: 01,04,07,08,10,13,15,18,20,23,26,27,28,29|14|11.5762
243mGLU: 01,06,07,08,10,13,14,15,18,20,26,27,28,29|14|6.5148
242mASP: 01,04,07,08,10,14,15,18,20,23,26,27,28,29|14|7.1028
164mTRP: 01,02,06,07,09,10,13,14,20,26,27,28,29|13|3.942
190mGLU: 01,04,07,08,09,13,14,15,16,20,23,27,29|13|6.3073
191mALA: 01,06,07,08,09,13,14,15,16,20,26,28,29|13|4.1251
190mALA: 01,04,07,08,09,13,14,15,16,20,23,27,29|13|6.8007
242mILE: 01,04,06,07,10,15,18,20,23,26,27,28,29|13|3.8529
242mLEU: 01,04,07,08,10,14,15,18,23,26,27,28,29|13|5.8043
242mLYS: 01,04,06,07,10,15,18,20,23,26,27,28,29|13|7.0207
164mGLN: 01,02,06,07,09,10,13,14,20,26,27,28,29|13|8.8406
190mGLY: 01,04,07,08,09,13,14,15,16,20,23,27,29|13|5.7173
242mTHR: 01,04,06,07,08,10,14,15,18,20,23,26,27|13|6.9432
168mGLU: 01,02,04,06,07,08,13,14,15,16,18,23,28|13|5.6864
190mSER: 01,04,07,08,09,13,14,15,16,23,27,29|12|5.0707
169mGLU: 01,04,06,07,08,13,14,15,16,23,26,27|12|2.9514
162mGLU: 01,02,04,06,10,13,14,15,16,26,27,28|12|2.0969
243mTHR: 06,08,10,13,14,15,18,20,26,27,28,29|12|4.8083
359mSER: 01,04,06,07,09,13,15,16,20,27,28,29|12|4.0799
167mGLU: 01,02,04,06,08,13,15,16,20,23,28,29|12|6.0468
194mSER: 01,04,07,08,14,15,20,23,26,27,28,29|12|4.5347
169mALA: 01,02,06,07,08,09,14,15,16,26,27,29|12|2.52
242mVAL: 04,08,10,14,15,18,20,23,26,27,28,29|12|3.422
165mLYS: 01,02,04,06,07,08,18,20,26,27,28,29|12|8.3767
194mGLY: 01,04,07,08,14,15,20,23,26,27,28,29|12|5.1821
194mALA: 01,04,07,08,14,15,20,23,26,27,28,29|12|5.0457
190mASP: 01,07,08,09,13,14,15,16,20,23,27,29|12|3.9918
240mGLU: 01,04,06,07,08,13,14,15,23,26,27,28|12|1.994
194mLEU: 01,04,07,08,14,15,20,23,26,27,28,29|12|3.5827
162mASP: 01,02,04,06,13,14,15,16,26,27,28|11|1.42
356mGLY: 01,02,04,06,09,13,15,16,20,27,29|11|3.555
243mALA: 06,08,10,13,14,15,18,26,27,28,29|11|6.384
191mCYS: 01,04,06,07,08,09,13,20,26,28,29|11|4.8672
167mALA: 01,04,06,08,13,15,16,20,23,28,29|11|4.1433
243mASP: 06,10,13,14,15,18,20,26,27,28,29|11|5.6328
194mGLU: 01,04,07,08,13,14,15,20,23,26,27|11|5.8419
362mHIS: 04,06,07,09,15,16,20,26,27,28,29|11|3.576
194mVAL: 01,04,07,08,14,15,23,26,27,28,29|11|2.5053
165mILE: 02,08,13,14,15,18,20,26,27,28,29|11|5.3833
190mTHR: 01,04,07,08,13,14,15,16,23,27,29|11|3.9942
165mHIS: 02,04,07,08,13,14,15,20,23,28,29|11|3.9005
359mGLY: 01,04,06,07,09,13,15,16,20,27,28|11|5.6624
440mGLU: 02,04,07,09,12,15,16,19,27,28|10|7.5545
440mLYS: 02,04,07,09,12,15,16,19,27,28|10|5.6227
194mTHR: 01,04,07,08,14,15,20,23,26,27|10|3.7134
440mTHR: 02,04,07,09,12,15,16,19,27,28|10|5.8082
194mASP: 01,04,07,08,14,15,20,23,26,27|10|3.4672
243mGLY: 06,10,13,14,15,18,26,27,28,29|10|4.7449
164mTYR: 01,02,04,06,07,09,23,26,27,29|10|3.9077
194mCYS: 01,04,07,13,14,15,20,23,28,29|10|3.6753
440mSER: 02,04,07,09,12,15,16,19,27,28|10|6.4274
164mPRO: 02,06,07,09,16,20,26,27,28,29|10|8.2343
167mSER: 01,02,04,08,13,15,16,20,28,29|10|2.7169
194mILE: 01,04,07,15,20,23,26,27,28,29|10|1.4168
165mASN: 01,02,04,08,13,14,15,20,28,29|10|4.5504
167mTHR: 01,02,04,08,13,15,16,20,28,29|10|3.7019
190mCYS: 01,07,08,09,13,14,15,23,27,29|10|4.7471
356mGLU: 01,02,04,06,09,13,16,20,27,29|10|3.6668
440mILE: 02,04,07,09,12,15,16,19,27,28|10|2.4608
167mASP: 01,02,04,08,13,15,16,20,28,29|10|4.8155
359mHIS: 01,04,06,07,09,13,15,16,20,27|10|3.5658
440mGLY: 02,04,07,09,12,15,16,19,27,28|10|6.4339
356mTHR: 01,02,04,06,09,13,16,20,27,29|10|2.8085
167mCYS: 01,02,04,08,13,15,16,20,28,29|10|4.1165
194mLYS: 01,04,07,15,20,23,26,27,28,29|10|2.9014
169mLYS: 01,02,04,06,07,08,09,23,26,27|10|0.8694
359mGLU: 01,04,06,09,13,15,20,27,28,29|10|5.1846
243mLEU: 06,08,10,13,15,18,26,27,28,29|10|3.5833
190mLYS: 01,04,07,08,09,13,14,23,27,29|10|4.7365
356mSER: 01,02,04,06,09,13,16,20,27,29|10|3.268
243mSER: 06,10,13,14,15,18,26,27,28,29|10|4.1146
190mVAL: 01,04,07,08,09,16,20,23,27,29|10|2.6424
440mASP: 02,04,07,09,12,15,16,19,27,28|10|6.7387
242mASN: 01,04,06,07,14,18,20,23,26,27|10|2.6408
167mGLY: 01,02,04,08,13,15,16,20,28,29|10|3.6515
440mGLN: 02,04,07,09,12,15,16,19,27,28|10|3.0951
440mASN: 02,04,07,09,12,15,16,19,27,28|10|3.449
191mLYS: 01,04,06,07,09,20,26,27,28,29|10|0.8132
242mHIS: 08,14,15,18,20,23,26,27,28,29|10|2.8102
240mLEU: 01,04,07,08,13,14,15,18,27,28|10|1.3064
242mTYR: 01,07,10,14,15,18,20,23,26,27|10|1.5582
169mCYS: 01,02,06,07,09,14,15,26,27|9|2.0948
164mARG: 02,06,07,09,20,26,27,28,29|9|6.0014
297mGLY: 02,07,09,12,15,16,19,20,27|9|2.9606
243mVAL: 06,08,10,13,18,26,27,28,29|9|2.3704
440mLEU: 02,04,07,09,12,15,16,19,27|9|3.607
190mASN: 01,04,07,08,09,14,23,27,29|9|2.7707
243mHIS: 06,08,10,14,18,26,27,28,29|9|2.0515
218mALA: 02,07,08,15,16,20,23,27,29|9|2.6815
191mLEU: 01,06,07,08,09,13,20,26,28|9|1.2208
240mALA: 01,04,07,08,14,15,18,27,28|9|2.731
440mMET: 02,04,07,09,12,15,16,19,27|9|3.6035
190mILE: 01,04,07,08,09,13,23,27,29|9|2.1167
219mGLU: 07,08,13,14,15,20,23,27,29|9|3.7338
243mCYS: 08,10,13,14,15,18,20,28,29|9|5.8534
190mLEU: 01,07,08,09,13,15,20,27,29|9|3.074
168mGLY: 01,02,04,07,08,13,14,15,23|9|2.4495
440mALA: 02,04,07,09,12,15,16,19,27|9|7.1972
167mLEU: 01,04,08,13,15,16,20,28,29|9|3.5029
297mALA: 02,09,12,15,16,19,20,27,29|9|4.0629
194mMET: 01,04,07,08,15,20,23,26,27|9|1.8242
219mLYS: 07,08,13,14,15,20,23,27,29|9|3.2805
162mTHR: 01,10,13,14,15,16,26,27,28|9|1.1806
194mTYR: 01,04,07,08,15,20,23,26,27|9|1.4877
359mLYS: 01,04,06,13,20,26,27,28,29|9|3.8162
440mHIS: 02,04,07,09,12,15,16,19,27|9|5.8856
297mASP: 02,07,09,12,15,16,19,20,23|9|3.6005
167mVAL: 01,02,04,08,13,15,16,28,29|9|2.8385
357mGLY: 02,06,07,09,13,15,16,26,27|9|3.2868
359mASP: 01,04,06,09,13,15,20,27,28|9|5.0583
191mGLY: 08,09,13,14,15,20,27,28,29|9|1.8052
243mGLN: 06,08,13,14,18,26,27,28,29|9|1.5813
362mASP: 04,06,07,09,16,26,27,28,29|9|5.3885
169mLEU: 01,02,06,07,09,13,15,26,27|9|0.8355
247mCYS: 01,06,07,10,13,26,28,29|8|3.7879
167mASN: 01,02,04,08,15,16,28,29|8|2.493
362mGLY: 04,06,09,16,26,27,28,29|8|6.2457
359mALA: 01,04,06,13,15,20,27,28|8|6.5173
219mSER: 07,13,14,15,20,23,27,29|8|2.159
218mGLU: 07,08,14,15,16,20,23,27|8|2.7999
362mALA: 04,06,09,16,26,27,28,29|8|4.4657
357mSER: 02,07,09,13,15,16,26,27|8|1.4495
168mTHR: 04,08,14,15,18,23,27,28|8|2.0518
165mMET: 07,13,14,15,20,23,28,29|8|3.0343
362mGLU: 04,06,09,16,26,27,28,29|8|7.6096
162mILE: 01,13,14,15,16,26,27,28|8|0.3712
167mPRO: 01,02,08,15,16,20,28,29|8|1.9997
356mALA: 01,02,06,09,13,15,16,29|8|3.0378
359mTHR: 01,04,06,13,15,20,27,28|8|2.129
191mASP: 04,08,13,14,15,16,20,29|8|1.4223
242mMET: 08,10,14,15,18,23,26,27|8|1.6605
165mPRO: 02,08,13,14,15,20,28,29|8|3.9931
167mGLN: 01,02,08,15,16,20,28,29|8|2.5014
362mSER: 04,06,09,16,26,27,28,29|8|4.8759
438mALA: 01,02,04,07,12,16,19,28|8|2.1994
281mGLU: 02,04,07,09,13,16,27,29|8|2.7587
165mGLN: 02,08,13,14,15,20,28,29|8|5.15
440mVAL: 02,04,07,09,12,15,16,19|8|3.8212
162mGLY: 02,04,06,10,13,16,26,27|8|1.2886
281mASP: 02,04,07,09,13,16,27,29|8|3.4107
247mALA: 01,06,07,10,18,26,28,29|8|2.5996
165mVAL: 02,08,13,14,15,20,28,29|8|5.4143
243mILE: 08,10,13,14,15,18,26,28|8|1.4661
281mGLY: 02,04,07,09,13,16,27,29|8|2.7289
356mLYS: 02,04,06,09,13,15,16,29|8|2.1707
362mVAL: 04,06,09,26,27,28,29|7|2.2604
301mGLY: 02,04,09,15,16,27,29|7|1.6631
300mSER: 02,09,12,16,19,23,29|7|1.5867
438mTHR: 01,02,04,07,12,16,28|7|1.8566
438mGLU: 01,02,04,07,12,16,28|7|2.7597
168mCYS: 02,08,20,23,27,28,29|7|1.5622
297mSER: 02,12,16,19,20,27,29|7|1.9343
240mCYS: 01,07,08,13,14,18,28|7|3.1444
297mGLU: 02,07,12,16,20,23,27|7|3.1527
362mASN: 04,06,09,16,27,28,29|7|5.9524
162mLEU: 01,04,06,14,15,26,28|7|0.7876
240mSER: 01,07,08,14,18,23,28|7|0.817
162mVAL: 01,04,13,14,15,16,28|7|0.2173
357mALA: 01,02,07,09,15,27,28|7|4.2739
194mHIS: 04,07,08,20,23,26,27|7|2.8149
162mPHE: 01,04,13,14,15,16,28|7|0.5427
293mGLU: 09,12,16,19,23,27,29|7|4.0676
240mGLY: 01,07,08,14,18,23,28|7|1.7695
442mGLU: 02,09,12,15,19,27,29|7|2.0383
218mGLY: 14,15,16,20,23,27,29|7|2.8525
356mCYS: 02,04,06,09,15,16,29|7|2.8973
190mPHE: 01,04,07,08,09,20,27|7|0.93
219mALA: 08,13,14,15,20,23,29|7|3.7264
120mGLY: 00,05,11,17,22,24,25|7|3.0373
119mGLY: 00,05,11,17,22,24,25|7|4.3004
167mILE: 04,08,15,16,20,28,29|7|2.5229
194mGLN: 04,07,08,20,23,26,27|7|1.374
162mCYS: 01,13,14,15,16,26,28|7|2.19
167mPHE: 01,04,08,15,16,28,29|7|2.5092
359mMET: 04,07,13,15,16,20,27|7|1.6391
120mSER: 00,05,11,17,22,24,25|7|1.873
190mHIS: 01,08,09,14,23,27,29|7|1.3578
438mSER: 01,02,04,07,12,16,28|7|2.2188
169mGLY: 02,09,13,14,15,27,29|7|1.5358
297mTHR: 02,12,16,19,20,27,29|7|1.7961
119mTHR: 00,05,11,17,22,24,25|7|4.3764
168mLYS: 02,04,08,14,18,23,27|7|3.038
438mGLY: 02,04,07,12,16,19,28|7|1.6187
359mCYS: 01,04,06,13,20,27,28|7|7.4684
356mHIS: 02,04,09,13,16,20,27|7|2.0184
243mLYS: 10,14,15,20,26,28,29|7|3.2758
119mALA: 00,05,11,17,22,24,25|7|5.9361
362mTHR: 04,06,09,16,27,28,29|7|6.2541
356mASN: 04,06,09,13,16,20,27|7|2.6587
359mLEU: 01,04,13,15,20,27,28|7|1.7043
242mGLN: 08,14,18,20,23,26,27|7|2.1913
120mGLU: 00,05,11,17,22,24,25|7|2.1397
167mTRP: 01,08,15,16,20,28,29|7|1.8165
218mCYS: 02,07,08,14,15,20,27|7|3.0833
297mCYS: 02,07,09,12,15,16,19|7|4.3553
219mCYS: 08,13,14,15,20,29|6|2.439
293mCYS: 09,16,19,23,27,29|6|3.6044
219mTHR: 13,14,15,20,23,29|6|1.9526
300mALA: 02,09,12,16,19,23|6|1.8509
240mASP: 01,07,08,14,18,28|6|1.8236
293mGLY: 09,16,19,23,27,29|6|3.1291
179mGLU: 00,05,11,17,22,25|6|2.229
147mTHR: 00,05,11,17,22,25|6|1.9465
120mALA: 00,11,17,22,24,25|6|3.2301
119mSER: 05,11,17,22,24,25|6|2.9414
121mALA: 00,05,11,22,24,25|6|1.5191
438mASP: 02,04,07,12,16,19|6|2.0863
217mGLY: 08,09,13,20,27,29|6|2.8191
438mASN: 01,02,04,07,16,28|6|0.9486
290mGLY: 01,09,12,16,19,27|6|3.4613
440mARG: 07,15,16,19,27,28|6|1.6032
290mASN: 01,09,12,16,19,27|6|2.8431
301mALA: 02,04,09,16,27,29|6|1.82
290mTHR: 01,09,12,16,19,27|6|4.1931
442mALA: 02,12,15,19,27,29|6|0.7382
147mSER: 00,05,11,17,22,25|6|2.0132
169mASP: 02,13,14,15,16,27|6|1.2749
219mASN: 07,13,15,23,27,29|6|1.6112
356mMET: 02,06,09,16,20,27|6|1.3553
442mSER: 02,09,12,15,27,29|6|0.6464
362mGLN: 06,09,16,27,28,29|6|2.9875
217mASN: 08,09,13,20,27,29|6|2.1505
281mLEU: 02,09,13,16,27,29|6|1.6
444mGLU: 06,09,16,20,27,29|6|3.3997
217mGLN: 08,09,13,20,27,29|6|1.2757
440mPHE: 04,07,09,15,16,19|6|1.5347
354mGLY: 01,06,16,20,26,28|6|1.0456
120mHIS: 00,05,11,17,22,24|6|0.8704
300mGLY: 02,09,12,16,19,29|6|1.7655
243mMET: 08,10,13,18,28,29|6|1.7871
440mTRP: 07,15,16,19,27,28|6|1.0493
119mGLU: 00,05,11,17,22,24|6|3.9195
293mASP: 09,16,19,23,27,29|6|3.2149
181mGLU: 00,05,11,17,22,25|6|3.7701
362mLYS: 04,06,09,16,26,28|6|6.7854
147mGLY: 00,05,11,17,22,25|6|2.323
356mASP: 01,02,04,06,09,16|6|2.7736
359mGLN: 04,09,13,15,20,27|6|0.6539
120mGLN: 00,11,17,22,24,25|6|0.6941
281mALA: 02,09,13,16,27,29|6|1.7376
290mASP: 01,09,12,16,19,27|6|3.5952
217mTHR: 08,09,13,20,27,29|6|2.9553
293mTHR: 09,16,19,23,27,29|6|3.412
293mSER: 09,16,19,23,27,29|6|2.0154
359mILE: 01,04,06,13,27,28|6|1.919
217mGLU: 08,09,13,20,27,29|6|3.3629
293mALA: 09,12,16,19,27,29|6|2.5328
297mLEU: 02,12,16,19,20,27|6|2.0229
362mILE: 04,06,09,16,26,28|6|2.9682
290mGLN: 01,09,12,16,19,27|6|2.9672
217mSER: 08,09,13,20,27,29|6|2.8832
438mVAL: 02,07,12,16,19,28|6|0.5986
438mLEU: 02,04,07,12,16,28|6|0.9203
120mLEU: 00,05,11,17,22,24|6|1.5706
120mASP: 00,11,17,22,24,25|6|2.2533
219mGLY: 08,13,15,20,23,29|6|1.8693
194mASN: 04,07,08,23,26,27|6|1.9306
301mGLU: 02,04,15,16,27,29|6|2.3498
438mLYS: 01,04,07,12,16,19|6|1.2893
290mVAL: 01,09,12,16,19,27|6|3.2426
357mCYS: 01,02,07,15,27,28|6|3.358
218mSER: 14,15,16,20,23,27|6|1.8512
356mGLN: 02,04,09,16,20,27|6|1.1034
357mTHR: 02,06,07,13,15,26|6|0.5394
290mHIS: 01,09,12,16,19,27|6|2.2634
147mASP: 00,05,11,17,22,25|6|1.2646
290mSER: 01,09,12,16,19,27|6|2.9699
147mALA: 00,05,11,17,22,25|6|2.6877
168mASN: 02,04,08,14,18,23|6|1.9436
290mGLU: 01,09,12,16,19,27|6|5.1233
290mTYR: 01,09,12,16,19,27|6|1.7404
219mLEU: 08,13,20,23,29|5|1.0719
301mASP: 02,07,09,15,27|5|2.3103
444mLYS: 06,09,16,20,27|5|1.4376
191mTHR: 01,06,07,13,26|5|0.5899
293mHIS: 16,19,23,27,29|5|1.7911
121mGLU: 05,11,17,22,24|5|1.1099
217mHIS: 08,09,13,27,29|5|2.0789
293mPRO: 16,19,23,27,29|5|2.2682
120mVAL: 00,11,17,22,24|5|0.9921
360mHIS: 04,07,09,15,26|5|1.1047
178mSER: 00,05,11,17,22|5|2.6386
178mLYS: 00,05,11,17,22|5|3.5233
241mASP: 07,08,13,14,23|5|2.1213
301mTHR: 02,04,16,27,29|5|1.8383
300mGLU: 02,07,19,23,29|5|2.1061
301mCYS: 02,09,15,16,27|5|2.8423
178mGLY: 00,05,11,17,22|5|2.8954
217mALA: 08,13,20,27,29|5|2.7552
297mASN: 02,16,20,23,27|5|0.8989
120mTHR: 11,17,22,24,25|5|2.3768
358mGLY: 01,06,07,26,28|5|1.1025
243mPHE: 10,13,18,28,29|5|0.8616
241mGLY: 07,08,13,14,23|5|1.3812
217mTRP: 08,09,13,27,29|5|0.743
443mGLU: 09,12,16,19,27|5|2.6287
357mHIS: 07,13,15,16,26|5|1.5294
220mALA: 07,08,13,14,15|5|2.0565
296mTHR: 02,09,12,19,29|5|0.9756
167mHIS: 02,15,20,28,29|5|0.7069
354mSER: 01,16,20,26,28|5|0.4996
218mASN: 15,16,20,23,29|5|0.6291
178mLEU: 00,05,11,17,22|5|2.3152
290mLEU: 09,12,16,19,27|5|3.6556
165mTRP: 08,13,14,15,28|5|2.6678
165mPHE: 08,13,14,15,28|5|3.1716
443mLEU: 09,12,16,19,27|5|0.8026
362mLEU: 04,06,26,27,28|5|1.4343
440mPRO: 07,15,16,19,28|5|1.8795
119mLEU: 05,11,17,22,25|5|2.409
290mALA: 09,12,16,19,27|5|3.293
444mGLN: 06,09,16,20,27|5|1.5532
168mASP: 02,04,08,14,23|5|1.7556
293mGLN: 16,19,23,27,29|5|2.4886
358mHIS: 01,06,07,26,28|5|0.6296
281mTHR: 04,07,13,27,29|5|1.6671
167mLYS: 02,04,08,16,20|5|1.4674
300mILE: 02,09,19,23,29|5|0.3651
290mMET: 09,12,16,19,27|5|2.8579
162mALA: 04,06,13,16,26|5|0.9264
119mCYS: 05,11,17,24,25|5|4.9988
301mSER: 02,04,16,27,29|5|1.2428
190mMET: 01,08,09,14,27|5|1.1461
444mASN: 06,09,16,20,27|5|2.3987
178mGLU: 00,05,11,17,22|5|2.9546
162mSER: 06,10,13,16,26|5|0.6505
178mASP: 00,05,11,17,22|5|2.465
444mSER: 06,09,16,20,27|5|2.5039
172mALA: 04,13,16,23,29|5|1.2784
438mHIS: 02,04,07,16,28|5|2.283
297mHIS: 02,16,19,20,27|5|1.3019
362mTRP: 06,09,16,27,28|5|1.0958
220mGLU: 07,08,13,14,15|5|1.1037
241mALA: 07,08,13,14,23|5|1.8354
217mASP: 08,13,20,27,29|5|2.1199
178mCYS: 00,05,11,17,22|5|4.5342
356mILE: 02,06,09,15,16|5|1.1099
119mASP: 05,11,17,22,24|5|2.8336
438mGLN: 02,04,07,16,28|5|1.0214
178mMET: 00,05,11,17,22|5|0.5241
178mTHR: 00,05,11,17,22|5|3.202
241mVAL: 07,08,13,14,23|5|1.5965
444mTHR: 06,09,16,20,27|5|2.2894
217mLYS: 08,13,20,27,29|5|2.4676
162mLYS: 02,13,16,26,27|5|1.0892
169mTHR: 01,06,07,08,26|5|0.3456
290mILE: 09,12,16,19,27|5|2.8306
300mTHR: 02,09,19,23,29|5|2.7204
121mGLY: 00,11,22,24,25|5|1.2853
281mSER: 04,07,13,27,29|5|1.8194
281mLYS: 04,07,13,27,29|5|1.4834
356mLEU: 02,09,16,20,29|5|1.1334
356mTRP: 02,06,09,16,20|5|0.3794
293mASN: 16,19,23,27,29|5|2.7341
442mTHR: 02,12,15,19,29|5|0.4705
162mASN: 02,10,13,16,27|5|1.0485
443mILE: 09,12,16,19,27|5|0.3294
360mSER: 04,06,07,09,26|5|0.37
290mPHE: 09,12,16,19,27|5|2.9238
358mSER: 01,06,07,26,28|5|1.0552
241mTHR: 07,08,13,14,23|5|1.8079
121mASP: 00,11,22,24,25|5|1.2902
241mSER: 07,08,13,14,23|5|0.7362
147mLEU: 00,11,17,22,25|5|1.6093
301mASN: 02,04,07,27,29|5|1.3762
293mVAL: 16,19,23,27,29|5|2.1555
179mSER: 00,05,11,22,25|5|0.5236
443mCYS: 09,12,16,19,27|5|1.9952
172mCYS: 04,13,16,23,29|5|1.938
178mALA: 00,05,11,17,22|5|4.2805
241mGLU: 07,08,13,14,23|5|2.6617
178mILE: 00,05,11,17,22|5|1.7255
444mGLY: 06,09,16,20,27|5|2.5007
444mASP: 06,09,16,20,27|5|2.2423
300mLYS: 02,09,19,23,29|5|2.4108
217mLEU: 08,09,20,27,29|5|1.0131
147mGLU: 00,11,17,22,25|5|3.1717
119mHIS: 05,11,17,22,25|5|0.7721
218mASP: 14,15,16,20,27|5|1.758
438mMET: 04,07,12,16,28|5|1.7547
218mTHR: 15,16,20,23,27|5|1.2859
290mCYS: 01,09,12,16,19|5|4.1283
443mTHR: 09,12,16,19,27|5|1.5266
218mLEU: 15,16,20,23,27|5|1.1782
442mASP: 09,12,15,19,29|5|1.3312
168mSER: 04,08,13,18,23|5|1.2942
119mLYS: 05,11,17,24,25|5|2.8091
443mASP: 09,12,16,19,27|5|1.0939
444mALA: 09,16,20,27,29|5|1.7589
444mVAL: 06,09,16,20,27|5|1.2479
177mLEU: 00,11,22,25|4|1.1576
357mLYS: 02,06,07,15|4|2.1549
120mILE: 11,17,24,25|4|0.8616
217mMET: 09,13,27,29|4|1.2893
178mVAL: 05,11,17,22|4|0.6247
220mLYS: 07,13,14,15|4|1.15
220mTHR: 07,13,14,15|4|0.9277
296mGLU: 02,09,12,19|4|1.4744
177mASP: 00,11,22,25|4|0.8333
296mVAL: 02,09,12,19|4|0.307
121mSER: 11,22,24,25|4|0.5863
177mGLU: 00,11,22,25|4|1.2299
245mGLU: 01,06,10,18|4|1.066
265mALA: 00,05,11,17|4|1.0396
444mILE: 09,16,20,27|4|0.9375
220mILE: 07,13,14,15|4|0.8598
193mASN: 13,14,15,20|4|0.6978
163mASP: 06,10,14,29|4|0.9954
193mCYS: 13,14,15,20|4|0.6635
193mSER: 13,14,15,20|4|1.0586
243mTYR: 10,15,28,29|4|0.3803
444mHIS: 06,16,20,27|4|1.8905
177mALA: 00,11,22,25|4|1.5087
169mTYR: 01,06,07,26|4|0.3072
165mARG: 08,20,28,29|4|1.6593
220mSER: 07,13,14,15|4|1.1768
290mPRO: 01,16,19,27|4|2.1864
357mMET: 07,13,15,26|4|0.8129
360mMET: 07,09,15,26|4|0.5931
146mTHR: 05,11,22,25|4|2.6248
147mVAL: 00,11,22,25|4|0.6186
362mCYS: 04,06,26,28|4|6.9569
177mTHR: 00,11,22,25|4|0.6848
218mHIS: 15,16,23,29|4|2.0097
146mGLY: 05,11,22,25|4|3.1731
217mILE: 08,13,20,27|4|1.337
177mTYR: 00,11,22,25|4|0.6052
444mPRO: 06,09,20,27|4|0.7131
357mASN: 07,13,15,26|4|0.7498
146mLYS: 05,11,22,25|4|3.4298
297mILE: 02,16,20,27|4|0.9027
296mGLY: 02,09,12,19|4|2.1034
190mTYR: 01,07,08,27|4|1.5936
193mGLY: 13,14,15,20|4|0.7431
300mHIS: 02,09,12,29|4|0.8333
297mMET: 02,16,19,27|4|1.0185
193mLYS: 13,14,15,20|4|0.91
281mGLN: 07,13,27,29|4|1.2041
241mCYS: 07,08,13,14|4|2.7034
146mASN: 05,11,22,25|4|2.0105
177mGLY: 00,11,22,25|4|1.0342
296mALA: 02,09,12,19|4|2.0962
179mALA: 00,05,17,25|4|1.6692
296mSER: 02,09,12,19|4|1.2462
172mGLU: 04,13,16,29|4|1.1032
193mGLU: 13,14,15,20|4|1.6097
354mASP: 04,06,20,28|4|1.3424
163mGLU: 06,10,14,29|4|0.5075
220mGLN: 07,13,14,15|4|0.5742
357mASP: 01,02,06,09|4|1.8083
219mVAL: 13,20,23,29|4|1.1889
220mTRP: 07,13,14,15|4|0.2702
301mLEU: 02,04,27,29|4|1.67
293mLEU: 09,16,19,27|4|2.3032
178mTYR: 00,11,17,22|4|1.4168
193mTHR: 13,14,15,20|4|1.0771
297mVAL: 02,16,20,27|4|1.0847
191mVAL: 09,13,28,29|4|0.3432
240mLYS: 01,07,18,28|4|0.5251
220mLEU: 07,13,14,15|4|0.9558
300mASN: 02,19,23,29|4|1.5747
296mLEU: 02,09,12,19|4|1.6424
146mASP: 05,11,22,25|4|3.1924
220mASP: 07,13,14,15|4|1.3686
219mHIS: 09,13,23,29|4|0.7957
281mASN: 04,07,13,27|4|2.0331
146mILE: 05,11,22,25|4|0.5664
296mASP: 02,09,12,19|4|1.5642
172mASP: 04,14,23,29|4|0.8902
161mALA: 06,10,26,28|4|0.9411
293mLYS: 09,23,27,29|4|2.1738
440mCYS: 04,19,27,28|4|3.5213
297mGLN: 02,16,20,27|4|1.3675
249mALA: 06,10,18,28|4|1.8514
220mCYS: 07,13,14,15|4|2.2551
193mILE: 13,14,15,20|4|0.4185
180mGLU: 00,05,17,22|4|2.9989
301mHIS: 02,04,27,29|4|1.278
179mGLY: 00,05,11,17|4|1.5736
146mGLU: 05,11,22,25|4|3.7155
301mVAL: 02,04,27,29|4|1.5056
181mGLY: 00,11,17,25|4|1.3374
167mMET: 15,20,28,29|4|1.2413
354mHIS: 01,16,20,26|4|0.73
180mTHR: 00,05,11,17|4|1.0742
241mMET: 07,08,13,14|4|0.7219
444mTRP: 09,16,20,27|4|1.1338
146mSER: 05,11,22,25|4|2.7939
301mILE: 02,04,27,29|4|1.3666
296mGLN: 02,09,12,19|4|0.4938
358mMET: 01,07,26,28|4|0.4854
146mALA: 05,11,22,25|4|2.8405
241mILE: 07,08,13,14|4|1.1449
443mVAL: 09,12,16,19|4|0.5846
193mASP: 13,14,15,20|4|0.5106
301mGLN: 02,04,27,29|4|1.6276
177mCYS: 00,11,22,25|4|1.4132
362mPRO: 04,06,09,28|4|3.0537
248mCYS: 06,10,18,28|4|1.4756
355mGLU: 04,06,09,27|4|0.9058
177mSER: 00,11,22,25|4|0.6782
293mILE: 16,19,27,29|4|1.8842
168mLEU: 01,07,13,15|4|0.6697
296mHIS: 02,09,12,19|4|0.7394
241mLEU: 07,08,13,14|4|2.0842
290mLYS: 01,09,12,27|4|1.6667
301mMET: 02,04,27,29|4|1.692
220mGLY: 07,13,14,15|4|1.4095
444mLEU: 09,16,20,27|4|1.3659
193mALA: 13,14,15,20|4|1.1191
162mPRO: 04,13,16,27|4|0.339
301mTRP: 02,04,27,29|4|1.4486
161mASP: 06,10,28,29|4|0.7794
247mGLY: 10,18,28,29|4|0.5691
443mPHE: 09,12,16,19|4|0.3346
161mLYS: 10,26,27,29|4|0.2577
438mTRP: 04,07,16,28|4|0.5909
242mARG: 18,20,27,29|4|0.278
191mTYR: 01,06,07,26|4|0.3584
444mPHE: 09,16,20,27|4|1.0939
145mGLU: 00,05,22,25|4|0.5605
249mGLU: 06,10,18,28|4|1.6931
172mTYR: 13,16,29|3|0.3101
240mVAL: 08,14,28|3|0.6857
354mLYS: 01,06,28|3|0.5028
193mVAL: 14,15,20|3|0.3277
247mLYS: 20,28,29|3|0.4559
217mCYS: 08,20,27|3|2.2146
146mARG: 05,22,25|3|0.3323
300mCYS: 09,12,19|3|1.2937
357mARG: 02,07,15|3|0.4363
119mILE: 05,11,17|3|1.8619
358mASP: 01,06,28|3|0.8557
157mGLY: 06,10,28|3|1.4303
120mCYS: 17,24,25|3|2.7422
354mMET: 16,20,26|3|0.383
217mPHE: 08,20,29|3|0.3217
434mTHR: 12,19,21|3|0.6364
122mASP: 11,24,25|3|0.8868
177mVAL: 00,11,25|3|0.3344
443mASN: 09,12,27|3|0.9959
170mASN: 04,14,23|3|0.4105
181mASN: 17,22,25|3|1.4141
443mALA: 09,12,27|3|1.4225
434mGLU: 12,19,21|3|1.1525
219mILE: 13,23,29|3|1.1794
245mSER: 01,06,18|3|0.3561
181mLYS: 05,22,25|3|1.7543
122mLEU: 11,24,25|3|0.9158
297mTRP: 02,16,27|3|0.9273
147mHIS: 00,22,25|3|0.4809
191mILE: 09,13,28|3|0.5491
245mASN: 01,06,18|3|0.3928
193mPHE: 14,15,20|3|0.2798
179mLEU: 00,05,11|3|0.7035
358mVAL: 01,06,28|3|0.7912
281mVAL: 02,13,27|3|1.0188
358mALA: 01,06,28|3|1.4131
293mTRP: 16,19,27|3|1.9141
145mGLY: 05,11,25|3|0.3895
434mGLY: 12,19,21|3|0.5859
147mLYS: 00,11,17|3|1.2706
436mCYS: 12,19,21|3|1.0658
438mPHE: 04,07,16|3|0.5888
179mCYS: 00,05,25|3|1.2669
163mLEU: 06,10,14|3|0.4191
159mTHR: 06,10,26|3|0.758
122mSER: 11,24,25|3|0.5837
181mTHR: 11,17,25|3|2.3784
249mPRO: 06,10,28|3|0.7746
362mPHE: 04,26,28|3|0.7924
122mALA: 11,24,25|3|1.0291
434mLYS: 12,19,21|3|0.6555
359mTRP: 13,15,27|3|0.0886
281mPHE: 02,13,27|3|0.3657
181mASP: 11,17,25|3|1.4098
354mCYS: 01,06,28|3|1.593
265mGLU: 05,11,17|3|0.6247
122mGLY: 11,24,25|3|0.8816
360mGLY: 04,06,09|3|0.5508
249mASN: 06,10,28|3|0.9123
293mMET: 16,19,27|3|1.6013
354mALA: 01,20,28|3|1.1198
158mASP: 06,10,28|3|1.1314
300mGLN: 02,09,29|3|0.3521
249mTHR: 06,10,28|3|1.1137
241mGLN: 08,13,23|3|1.3526
357mILE: 02,07,15|3|1.3545
444mMET: 16,20,27|3|1.3732
121mCYS: 00,05,25|3|1.8124
443mGLY: 09,12,27|3|1.529
194mARG: 04,20,23|3|0.5989
218mGLN: 15,16,23|3|0.5169
147mTYR: 00,11,17|3|0.5938
444mCYS: 06,09,27|3|0.4203
249mSER: 06,10,28|3|1.1646
208mILE: 00,11,24|3|0.0576
220mMET: 13,14,15|3|0.3799
181mALA: 00,11,25|3|1.4196
182mCYS: 00,05,17|3|2.5111
172mLEU: 13,16,29|3|0.8397
220mPRO: 07,13,14|3|0.2634
182mALA: 00,05,17|3|2.1361
357mLEU: 02,07,15|3|0.6737
147mCYS: 00,11,17|3|1.5693
281mILE: 13,27,29|3|0.7981
434mCYS: 12,19,21|3|0.3409
354mTHR: 16,26,28|3|0.0506
208mCYS: 00,11,24|3|1.3821
208mASP: 00,11,24|3|0.6703
356mTYR: 02,06,29|3|0.2843
146mHIS: 05,22,25|3|1.2239
281mHIS: 13,27,29|3|1.4281
443mHIS: 09,12,27|3|0.627
441mGLU: 02,09,12|3|0.4417
290mTRP: 16,19,27|3|2.3916
218mMET: 15,16,23|3|1.3909
208mLEU: 00,11,24|3|0.4642
249mCYS: 06,10,28|3|2.0616
159mLYS: 06,10,26|3|0.7645
240mPHE: 08,13,14|3|0.3246
161mCYS: 06,10,26|3|1.1116
146mGLN: 05,22,25|3|0.629
122mGLU: 11,24,25|3|0.9149
265mTHR: 05,11,17|3|1.2303
242mTRP: 20,23,27|3|0.6914
122mGLN: 11,24,25|3|0.7482
208mTHR: 00,11,24|3|0.2528
146mCYS: 11,22,25|3|2.8676
359mARG: 01,13,27|3|0.1956
434mASP: 12,19,21|3|0.7912
178mHIS: 00,05,17|3|1.0746
178mGLN: 00,05,17|3|1.0965
142mALA: 11,22,25|3|0.7941
122mTHR: 11,24,25|3|0.8506
281mCYS: 02,13,29|3|1.0658
249mGLY: 06,10,28|3|1.8652
119mGLN: 11,22,25|3|0.3985
190mPRO: 09,20,23|3|0.299
120mPRO: 17,24,25|3|0.6513
362mARG: 04,06,28|3|1.1668
358mGLU: 01,06,28|3|1.1819
443mSER: 09,12,27|3|1.6621
359mVAL: 01,04,06|3|1.5357
443mLYS: 09,12,27|3|1.6408
356mPRO: 02,04,06|3|0.5779
249mASP: 06,10,28|3|2.4638
240mTYR: 04,15,27|3|0.0378
122mILE: 11,24,25|3|0.7175
439mLYS: 12,19,21|3|0.8228
157mASP: 06,10,28|3|1.8662
120mMET: 11,22,24|3|0.2562
358mLEU: 01,06,28|3|0.8611
220mARG: 13,14,15|3|0.5358
208mGLU: 00,11,24|3|0.8163
122mTRP: 11,24,25|3|0.5725
220mHIS: 13,14,15|3|0.6151
122mHIS: 11,24,25|3|0.5567
163mGLY: 06,10,29|3|0.6255
436mGLU: 12,19,21|3|0.6993
177mLYS: 00,22,25|3|0.6595
119mVAL: 11,17,22|3|2.2117
248mGLU: 10,18,28|3|0.8697
281mARG: 13,27,29|3|0.4721
170mTHR: 04,14,23|3|0.1746
172mTHR: 13,16,29|3|0.7942
434mSER: 12,19,21|3|0.577
122mMET: 11,24,25|3|0.7049
245mTHR: 01,06,18|3|0.3596
217mPRO: 08,13,20|3|0.3776
249mGLN: 06,10,28|3|0.5604
171mGLU: 14,15|2|0.3318
210mTRP: 11,24|2|0.7243
445mASN: 09,27|2|0.6639
210mGLN: 11,24|2|0.8138
249mARG: 06,28|2|0.295
445mTHR: 09,27|2|0.5761
210mHIS: 11,24|2|0.639
285mTRP: 03,27|2|0.1029
360mALA: 04,06|2|0.8358
182mLEU: 05,17|2|2.3
229mLEU: 00,17|2|0.9343
210mTHR: 11,24|2|0.8902
170mGLU: 04,23|2|0.394
445mLYS: 09,27|2|0.3393
361mLYS: 06,29|2|0.1429
161mLEU: 06,28|2|0.3696
120mARG: 24,25|2|0.7905
358mTHR: 06,28|2|0.6233
445mSER: 09,27|2|0.5553
182mGLU: 05,17|2|2.5535
434mPRO: 12,19|2|0.186
434mGLN: 12,19|2|0.2486
444mARG: 16,20|2|0.1631
296mTRP: 02,09|2|0.2948
163mILE: 06,14|2|0.1037
248mLEU: 10,18|2|0.78
137mASN: 11,24|2|0.622
262mLEU: 00,17|2|0.3581
193mHIS: 13,20|2|0.149
265mLYS: 11,17|2|1.1987
229mVAL: 00,17|2|0.0617
362mTYR: 06,28|2|0.8304
244mPHE: 08,14|2|0.5438
329mTHR: 12,21|2|0.8546
262mILE: 00,17|2|0.3696
292mASP: 12,19|2|0.7226
325mTHR: 12,19|2|1.608
143mGLU: 22,25|2|0.8013
161mGLU: 06,28|2|0.2884
157mALA: 06,10|2|1.422
180mLYS: 11,25|2|0.5127
289mGLY: 12,27|2|0.1711
145mTHR: 22,25|2|0.255
122mARG: 24,25|2|0.1898
229mGLY: 00,17|2|0.9805
218mVAL: 20,23|2|0.3616
137mLYS: 11,24|2|0.4934
436mGLY: 12,19|2|0.804
251mASN: 10,28|2|0.9806
163mALA: 06,10|2|0.6048
158mASN: 10,28|2|0.5065
265mCYS: 00,11|2|0.7522
172mGLY: 23,29|2|0.5409
159mASN: 10,26|2|0.5732
325mGLU: 12,19|2|0.8748
249mHIS: 06,28|2|0.0554
229mILE: 00,17|2|0.6223
163mVAL: 10,14|2|0.0428
159mALA: 06,28|2|0.4569
182mASP: 00,17|2|2.102
143mILE: 22,25|2|0.2464
229mCYS: 00,17|2|1.982
182mTHR: 05,17|2|2.094
354mASN: 16,26|2|0.1224
292mGLU: 12,19|2|0.702
249mLYS: 06,28|2|1.5166
171mSER: 14,15|2|0.3748
436mALA: 12,21|2|0.8297
251mTHR: 10,28|2|1.4085
177mMET: 00,25|2|0.0582
439mGLU: 12,21|2|0.5131
244mGLY: 08,14|2|0.872
229mSER: 00,17|2|0.7285
244mLEU: 08,14|2|1.1947
278mGLU: 02,15|2|0.7378
294mSER: 27,29|2|0.1617
355mALA: 04,09|2|0.1184
438mARG: 07,16|2|0.0921
157mASN: 10,28|2|1.0216
266mMET: 05,22|2|0.6377
146mTRP: 05,25|2|0.2007
159mGLU: 06,26|2|0.3215
249mPHE: 06,10|2|0.3181
147mILE: 00,17|2|0.3306
266mASP: 05,22|2|1.4614
356mARG: 02,06|2|0.5101
210mMET: 11,24|2|0.846
241mPHE: 08,13|2|1.547
439mSER: 12,21|2|0.5352
442mHIS: 15,16|2|0.419
329mLYS: 12,21|2|1.2124
296mMET: 02,09|2|0.3162
325mALA: 12,19|2|1.2775
143mASP: 22,25|2|0.2629
244mVAL: 08,14|2|0.5123
442mVAL: 19,29|2|0.1606
262mALA: 00,17|2|1.2759
144mLYS: 22,25|2|1.7796
299mALA: 12,19|2|1.2166
247mTHR: 20,29|2|0.2331
190mARG: 09,13|2|0.2514
247mLEU: 18,29|2|0.145
439mILE: 12,21|2|0.3109
329mALA: 12,21|2|0.3359
294mGLY: 27,29|2|0.3077
244mASP: 08,14|2|1.0179
325mASN: 12,19|2|1.1844
360mCYS: 04,06|2|1.2897
229mALA: 00,17|2|1.5512
171mGLY: 14,15|2|0.5469
285mTHR: 03,27|2|0.2688
357mVAL: 07,15|2|1.468
178mARG: 00,17|2|1.3404
181mILE: 11,25|2|0.1732
434mVAL: 12,21|2|0.2817
321mGLY: 12,19|2|0.2328
299mGLY: 12,19|2|0.9183
171mTRP: 14,15|2|0.0336
194mTRP: 04,23|2|0.7805
181mLEU: 00,11|2|0.3612
280mGLY: 03,04|2|0.0581
243mPRO: 20,28|2|0.1644
445mGLU: 09,27|2|0.8771
293mPHE: 16,19|2|1.7807
171mTHR: 14,15|2|0.4758
301mPHE: 02,27|2|1.5182
219mGLN: 23,29|2|0.2451
301mARG: 02,27|2|0.0194
171mMET: 14,15|2|0.3383
180mGLY: 05,22|2|0.2954
441mALA: 02,12|2|0.4116
360mASP: 06,15|2|0.407
240mGLN: 08,14|2|0.2126
192mCYS: 13,14|2|0.9062
299mASP: 12,19|2|0.8614
244mTHR: 08,14|2|1.0288
244mMET: 08,14|2|0.4634
241mTRP: 08,13|2|1.0941
122mASN: 11,24|2|0.4717
245mALA: 10,18|2|0.8297
148mALA: 22,25|2|0.4429
357mPHE: 07,15|2|0.341
179mASP: 00,05|2|0.5507
300mLEU: 02,09|2|0.2827
325mLYS: 12,19|2|1.9157
158mALA: 06,10|2|1.1354
216mSER: 13,27|2|0.0937
248mALA: 10,18|2|1.0523
266mASN: 05,22|2|0.7529
251mGLY: 10,28|2|1.5546
179mASN: 11,22|2|0.0946
143mTHR: 22,25|2|0.5579
240mILE: 18,28|2|0.3614
358mILE: 01,28|2|0.5631
441mGLY: 02,09|2|0.1258
361mALA: 06,29|2|0.1389
296mLYS: 02,09|2|0.7994
436mASP: 12,19|2|1.1523
264mGLU: 03,17|2|0.4469
434mILE: 12,21|2|0.2464
355mGLY: 04,06|2|0.463
442mLEU: 02,19|2|0.1314
266mSER: 05,22|2|0.804
439mTHR: 12,21|2|0.8054
162mHIS: 06,10|2|0.2499
141mASN: 11,25|2|0.3278
218mILE: 20,23|2|0.0049
169mVAL: 09,15|2|0.0931
143mSER: 22,25|2|0.4825
300mVAL: 02,09|2|0.2025
322mGLY: 12,19|2|0.2806
301mTYR: 02,27|2|0.4434
285mVAL: 03,27|2|0.1314
266mGLU: 05,22|2|1.2462
119mARG: 05,25|2|0.1661
240mTRP: 08,14|2|0.1528
361mGLU: 06,29|2|0.289
361mCYS: 06,29|2|0.5197
434mLEU: 12,21|2|0.3135
137mASP: 11,24|2|0.9126
325mILE: 12,19|2|0.6659
262mASP: 00,17|2|0.3534
158mGLY: 06,10|2|0.6238
172mASN: 14,29|2|0.4814
169mASN: 04,23|2|0.1538
159mGLY: 06,28|2|0.5279
251mHIS: 10,28|2|0.6065
297mPRO: 02,16|2|0.7368
229mTHR: 00,17|2|0.9931
251mGLU: 10,28|2|2.0769
210mLEU: 11,24|2|0.835
292mALA: 12,19|2|1.0778
122mPHE: 11,24|2|0.5542
439mPHE: 12,21|2|0.0278
122mLYS: 24,25|2|0.3222
357mPRO: 07,15|2|0.5427
157mGLU: 10,28|2|1.4415
284mGLY: 03,04|2|0.7486
355mASP: 04,06|2|1.0613
229mMET: 00,17|2|0.1912
143mTYR: 22,25|2|0.2091
281mMET: 13,27|2|1.1687
143mGLY: 22,25|2|0.3188
181mCYS: 11,25|2|2.6227
121mLYS: 00,25|2|0.2105
240mPRO: 08,14|2|0.2968
299mVAL: 12,19|2|0.1388
208mVAL: 00,11|2|0.0264
229mGLU: 00,17|2|1.289
251mSER: 10,28|2|0.7526
241mPRO: 08,13|2|1.2915
216mGLY: 13,27|2|0.0908
143mLEU: 22,25|2|0.3135
120mLYS: 24,25|2|1.6511
441mSER: 02,09|2|0.1909
360mLEU: 04,06|2|0.2825
241mLYS: 07,14|2|0.2996
300mMET: 02,09|2|0.2136
249mTRP: 06,10|2|0.197
438mCYS: 12,19|2|1.9384
122mCYS: 11,25|2|1.5809
180mCYS: 11,25|2|0.9654
158mCYS: 06,10|2|0.8044
163mPHE: 10,14|2|0.1091
122mVAL: 11,24|2|0.6007
147mGLN: 22,25|2|0.0303
220mASN: 07,15|2|0.5079
438mPRO: 04,07|2|0.1078
210mGLY: 11,24|2|0.7257
137mGLY: 11,24|2|0.4931
299mGLU: 12,19|2|0.8408
325mPRO: 12,19|2|0.8254
443mTYR: 09,12|2|0.6084
251mPRO: 10,28|2|1.06
120mTYR: 17,24|2|0.3855
445mGLY: 09,27|2|0.2857
442mMET: 15,16|2|0.2485
178mTRP: 05,17|2|0.4853
248mGLY: 10,28|2|1.0778
442mCYS: 02,19|2|0.1112
163mLYS: 06,29|2|0.2098
244mGLU: 08,14|2|1.2789
141mCYS: 22,25|2|1.2296
296mARG: 02,09|2|0.6402
281mTYR: 13,27|2|0.2856
219mTYR: 20,29|2|0.2853
262mTHR: 00,17|2|0.6943
193mLEU: 13,20|2|0.372
358mCYS: 01,28|2|1.3049
182mGLY: 00,17|2|2.1563
300mPHE: 02,23|2|0.0165
251mVAL: 10,28|2|1.2252
121mLEU: 24,25|2|0.3918
119mMET: 11,25|2|0.4164
262mCYS: 00,17|2|1.1574
157mCYS: 06,10|2|1.9134
439mCYS: 12,19|2|0.7346
210mSER: 11,24|2|0.5456
265mSER: 05,11|2|0.4929
122mPRO: 11,25|2|0.5146
247mASP: 28,29|2|0.7304
193mPRO: 14,15|2|0.04
301mPRO: 02,27|2|1.3384
210mALA: 11,24|2|0.6214
243mARG: 14,28|2|0.0186
192mALA: 13,14|2|0.5036
241mASN: 08,13|2|0.3911
210mASN: 11,24|2|0.6238
144mGLY: 11,22|2|0.3873
192mASP: 13,14|2|0.1518
299mLEU: 12,19|2|0.9109
360mLYS: 04,06|2|0.32
262mGLY: 00,17|2|0.6179
248mASP: 10,28|2|1.1453
163mCYS: 06,14|2|1.0382
296mPHE: 02,09|2|0.2186
266mTHR: 05,22|2|1.1018
284mASN: 03,04|2|0.3392
171mASN: 14,15|2|0.6657
358mLYS: 01,28|2|0.7813
360mILE: 04,06|2|0.3321
245mCYS: 10,18|2|0.7202
145mSER: 05,25|2|0.0569
179mLYS: 22,25|2|0.3408
141mGLU: 22,25|2|0.5686
178mASN: 05,17|2|1.0956
148mLYS: 22,25|2|0.0694
294mTHR: 27,29|2|0.0312
244mALA: 08,14|2|1.4095
144mCYS: 11,22|2|0.6573
242mPRO: 20,28|2|0.8106
148mLEU: 22,25|2|0.0933
251mASP: 10,28|2|1.9703
219mPHE: 23,29|2|0.4489
266mALA: 05,22|2|1.3589
146mLEU: 22,25|2|0.565
442mLYS: 02,29|2|0.1687
141mASP: 11,25|2|0.7196
325mSER: 12,19|2|0.7979
285mLEU: 03,27|2|0.2136
355mASN: 06,27|2|0.2411
251mGLN: 10,28|2|1.4311
434mTYR: 12,21|2|0.2091
325mARG: 12,19|2|0.4696
143mALA: 22,25|2|0.4902
142mCYS: 22,25|2|1.4349
285mGLN: 03,27|2|0.1924
262mSER: 00,17|2|0.6709
284mGLU: 03,04|2|0.6893
285mGLU: 03,27|2|0.3449
218mTRP: 16,23|2|0.2303
159mSER: 06,28|2|0.2127
161mASN: 28,29|2|0.1771
146mMET: 05,25|2|0.5516
250mCYS: 06,10|2|0.3742
182mTYR: 05,17|2|0.6129
265mLEU: 05,11|2|0.3778
299mPHE: 12,19|2|0.0832
248mTHR: 10,18|2|0.3959
229mASP: 00,17|2|1.0057
439mALA: 12,21|2|0.6599
296mTYR: 02,09|2|0.2942
354mILE: 01,28|2|0.3321
137mTHR: 11,24|2|0.3144
243mTRP: 13,18|2|0.1375
284mASP: 03,04|2|1.021
208mGLN: 00,11|2|0.0174
358mPHE: 01,28|2|0.3474
143mLYS: 22,25|2|0.4875
249mVAL: 06,10|2|0.2054
266mGLN: 05,22|2|0.6812
289mCYS: 12,19|2|0.7918
145mLEU: 05,25|2|0.1334
208mPHE: 00,11|2|0.1798
325mGLY: 12,19|2|0.891
249mLEU: 06,10|2|0.6598
143mCYS: 22,25|2|0.3358
329mASN: 12,21|2|0.4493
439mASN: 12,21|2|0.358
144mALA: 11,22|2|0.5948
296mCYS: 02,09|2|1.8164
266mLEU: 05,22|2|0.7551
434mASN: 12,19|2|0.6375
266mGLY: 05,22|2|1.5714
300mTRP: 02,29|2|0.1269
322mALA: 12,19|2|0.8553
210mVAL: 11,24|2|0.7528
434mALA: 12,21|2|0.4902
361mGLY: 06,27|2|0.3186
297mPHE: 02,16|2|0.8321
251mCYS: 10,28|2|1.6408
292mGLY: 12,19|2|0.7795
147mMET: 00,25|2|0.222
244mCYS: 08,14|2|1.9871
322mCYS: 12,19|2|0.8561
354mLEU: 01,28|2|0.2825
229mPHE: 00,17|2|0.17
244mGLN: 08,14|2|0.4073
325mASP: 12,19|2|1.0359
322mSER: 12,19|2|0.1847
296mILE: 02,09|2|0.6668
293mARG: 27,29|2|0.7921
244mILE: 08,14|2|0.6936
266mCYS: 05,22|2|1.2133
329mGLU: 12,21|2|0.6
266mHIS: 05,22|2|0.4402
281mTRP: 13,27|2|0.8154
229mGLN: 00,17|2|0.3413
120mPHE: 17,24|2|0.3054
265mGLY: 05,11|2|0.6375
262mLYS: 00,17|2|0.8553
250mGLU: 06,10|2|0.349
210mILE: 11,24|2|0.6833
296mPRO: 02,09|2|0.4284
144mGLU: 22,25|2|1.0673
241mTYR: 07,14|2|0.388
355mLYS: 04,06|2|0.2094
219mMET: 23,29|2|0.3282
161mGLY: 10,28|2|0.7151
143mVAL: 22,25|2|0.2817
292mLEU: 12,19|2|0.7721
148mCYS: 22,25|2|0.6091
325mCYS: 12,19|2|1.2575
360mTHR: 06,09|2|0.0312
163mTHR: 06,14|2|0.0791
210mGLU: 11,24|2|0.9663
278mCYS: 02,15|2|0.6067
