242mSER: 03,05,12,13,19,20,21,25|8|3.2254
242mGLY: 03,05,12,13,19,20,21,25|8|3.2981
242mALA: 03,05,12,13,19,20,21,25|8|4.1584
242mLEU: 03,05,12,13,19,20,21,25|8|2.6958
242mGLN: 03,05,12,13,19,20,21,25|8|2.412
242mHIS: 03,05,12,13,19,20,21,25|8|3.2283
242mTHR: 03,05,12,13,19,20,21,25|8|3.6066
245mGLU: 03,06,11,12,19,28|6|4.4231
130mLYS: 05,06,11,21,26,28|6|0.4262
130mVAL: 05,06,11,21,26,28|6|1.4469
194mILE: 05,11,12,20,21,25|6|1.2055
194mVAL: 05,11,12,20,21,25|6|1.5198
194mSER: 05,11,12,20,21,25|6|1.9321
194mLYS: 05,11,12,20,21,25|6|1.3896
194mGLY: 05,11,12,20,21,25|6|2.3223
194mALA: 05,11,12,20,21,25|6|2.4262
248mTHR: 03,06,12,19,26,28|6|2.4544
130mTHR: 05,06,11,21,26,28|6|2.0336
194mLEU: 05,11,12,20,21,25|6|1.6053
178mVAL: 00,02,07,27,29|5|0.989
164mTHR: 05,12,19,20,25|5|2.6522
300mGLU: 05,10,13,16,25|5|1.8295
178mSER: 00,02,07,27,29|5|2.1798
265mLYS: 00,02,07,15,27|5|1.5
178mLYS: 00,02,07,27,29|5|1.4588
377mSER: 09,17,18,22,24|5|0.489
165mASP: 05,12,19,20,25|5|2.9974
190mSER: 05,12,13,20,25|5|1.9673
265mVAL: 00,02,07,15,27|5|1.3311
265mALA: 00,02,07,15,27|5|2.2867
262mHIS: 00,07,15,23,27|5|1.1243
190mASN: 05,12,13,20,25|5|1.0264
178mGLY: 00,02,07,27,29|5|1.9581
164mGLU: 05,12,19,20,25|5|3.5457
359mLYS: 05,13,14,20,25|5|3.3329
178mHIS: 00,02,07,27,29|5|1.8151
178mGLN: 00,02,07,27,29|5|0.9123
165mTRP: 05,12,19,20,25|5|2.2541
165mPHE: 05,12,19,20,25|5|3.2558
165mMET: 05,12,19,20,25|5|3.4192
219mGLU: 05,11,12,13,21|5|1.6933
165mGLU: 05,12,19,20,25|5|4.926
265mGLU: 00,02,07,15,27|5|1.0706
178mLEU: 00,02,07,27,29|5|1.1373
165mASN: 05,12,19,20,25|5|1.9058
165mSER: 05,12,19,20,25|5|2.1579
262mMET: 00,07,15,23,27|5|0.7906
165mLEU: 05,12,19,20,25|5|4.2607
297mGLY: 05,10,13,16,25|5|2.1058
265mTHR: 00,02,07,15,27|5|2.0732
190mHIS: 05,12,13,20,25|5|1.326
126mALA: 01,03,06,26,28|5|2.6031
178mMET: 00,02,07,27,29|5|1.3423
178mTHR: 00,02,07,27,29|5|2.1451
265mGLY: 00,02,07,15,27|5|1.6115
265mSER: 00,02,07,15,27|5|1.2954
165mILE: 05,12,19,20,25|5|3.2249
262mGLY: 00,07,15,23,27|5|1.0479
359mGLU: 05,13,14,20,25|5|1.8666
190mTHR: 05,12,13,20,25|5|1.2227
178mASN: 00,02,07,27,29|5|1.6701
178mALA: 00,02,07,27,29|5|1.6805
165mGLN: 05,12,19,20,25|5|3.0768
178mILE: 00,02,07,27,29|5|0.8043
165mGLY: 05,12,19,20,25|5|3.2515
262mSER: 00,07,15,23,27|5|0.8093
377mGLY: 09,17,18,22,24|5|1.3783
265mLEU: 00,02,07,15,27|5|1.1829
377mMET: 09,17,18,22,24|5|1.2793
165mTHR: 05,12,19,20,25|5|4.0292
165mALA: 05,12,19,20,25|5|3.3631
165mVAL: 05,12,19,20,25|5|3.5711
359mASP: 05,13,14,20,25|5|3.2886
362mVAL: 12,13,14,20|4|0.9742
326mCYS: 09,10,16,24|4|4.7499
268mILE: 00,02,07,15|4|3.1719
127mTHR: 03,11,26,28|4|1.3041
305mTHR: 00,02,04,15|4|2.485
326mGLY: 09,10,16,24|4|3.4415
284mSER: 04,05,13,25|4|0.9716
296mGLU: 10,13,16,25|4|2.0749
158mHIS: 03,19,23,28|4|3.1934
362mGLY: 12,13,14,20|4|1.8015
251mGLY: 03,06,19,28|4|3.3328
250mTHR: 03,06,19,28|4|2.3975
268mGLU: 00,02,07,15|4|4.5946
147mTHR: 00,02,07,29|4|2.2604
251mASN: 03,06,19,28|4|2.5584
158mASN: 03,19,23,28|4|3.3818
146mPHE: 01,02,07,29|4|0.8176
268mASN: 00,02,07,15|4|2.5188
251mTHR: 03,06,19,28|4|4.36
268mALA: 00,02,07,15|4|3.7791
362mGLN: 12,13,14,20|4|0.5082
362mALA: 12,13,14,20|4|2.2388
158mGLU: 03,19,23,28|4|5.1703
218mSER: 05,12,13,25|4|1.1332
268mGLN: 00,02,07,15|4|3.6098
158mGLN: 03,19,23,28|4|3.9915
251mLEU: 03,06,19,28|4|4.0577
251mPHE: 03,06,19,28|4|3.1437
284mASN: 04,05,13,25|4|1.0876
362mASN: 12,13,14,20|4|1.5502
147mILE: 00,02,07,29|4|1.4798
147mLYS: 00,02,07,29|4|2.8392
267mGLU: 00,07,15,29|4|0.3948
147mSER: 00,02,07,29|4|1.7344
147mCYS: 00,02,07,29|4|6.0501
127mGLU: 03,11,26,28|4|1.7273
146mTHR: 01,02,07,29|4|2.6087
250mVAL: 03,06,19,28|4|1.4104
296mGLY: 10,13,16,25|4|0.8585
326mILE: 09,10,16,24|4|3.3451
251mMET: 03,06,19,28|4|3.326
268mLEU: 00,02,07,15|4|3.5444
266mSER: 00,02,07,15|4|1.8804
362mLYS: 12,13,14,20|4|1.6605
439mTHR: 10,13,16,25|4|1.5406
266mGLU: 00,02,07,15|4|2.5035
158mGLY: 03,19,23,28|4|3.7218
251mHIS: 03,06,19,28|4|2.3669
251mGLU: 03,06,19,28|4|4.7026
268mVAL: 00,02,07,15|4|3.9159
268mSER: 00,02,07,15|4|2.4606
284mGLY: 04,05,13,25|4|1.0592
158mMET: 03,19,23,28|4|4.1422
251mSER: 03,06,19,28|4|2.6931
266mVAL: 00,02,07,15|4|2.6187
158mVAL: 03,19,23,28|4|3.7015
362mSER: 12,13,14,20|4|2.0659
362mHIS: 12,13,14,20|4|0.8648
146mLEU: 01,02,07,29|4|2.5618
146mILE: 01,02,07,29|4|1.1916
251mVAL: 03,06,19,28|4|3.878
326mALA: 09,10,16,24|4|3.3555
305mGLY: 00,02,04,15|4|2.4284
146mGLN: 01,02,07,29|4|1.3613
268mGLY: 00,02,07,15|4|3.3859
284mTHR: 04,05,13,25|4|1.2474
146mGLU: 01,02,07,29|4|2.6483
251mILE: 03,06,19,28|4|3.4702
181mGLY: 00,01,27,29|4|0.4983
266mTHR: 00,02,07,15|4|2.8791
158mTHR: 03,19,23,28|4|4.649
268mASP: 00,02,07,15|4|3.4473
338mLEU: 09,18,22,24|4|0.4751
251mASP: 03,06,19,28|4|2.8051
266mALA: 00,02,07,15|4|2.9211
146mALA: 01,02,07,29|4|2.5169
251mGLN: 03,06,19,28|4|3.165
251mALA: 03,06,19,28|4|3.615
284mGLU: 04,05,13,25|4|1.4449
158mSER: 03,19,23,28|4|2.942
268mTHR: 00,02,07,15|4|4.2556
146mVAL: 01,02,07,29|4|1.7232
250mCYS: 03,06,19,28|4|2.9807
305mSER: 00,02,04,15|4|1.5696
362mTHR: 12,13,14,20|4|2.1014
305mASN: 00,02,04,15|4|1.508
266mLEU: 00,02,07,15|4|2.7576
266mGLY: 00,02,07,15|4|2.5344
251mCYS: 03,06,19,28|4|4.7522
147mALA: 00,02,07,29|4|4.1801
305mGLU: 00,02,04,15|4|3.1459
146mASP: 01,02,07,29|4|1.4944
250mGLU: 03,06,19,28|4|1.7519
398mGLY: 04,09,22,24|4|0.8059
268mHIS: 00,02,07,15|4|2.2419
362mGLU: 12,13,14,20|4|3.1142
421mMET: 04,09,22|3|0.6592
258mASN: 15,23,27|3|0.1851
441mVAL: 10,13,16|3|1.6302
335mTHR: 09,18,22|3|0.3552
335mASN: 09,18,22|3|0.5224
285mTRP: 04,09,13|3|0.3525
379mVAL: 09,22,24|3|2.9451
401mTHR: 09,22,24|3|0.4643
261mARG: 07,15,23|3|0.095
204mVAL: 23,27,28|3|1.2272
193mVAL: 05,11,21|3|0.5328
372mTHR: 08,14,17|3|1.7016
293mHIS: 13,16,25|3|2.4648
411mGLU: 08,14,17|3|0.9901
193mGLU: 05,11,21|3|0.9537
285mSER: 04,09,13|3|0.928
258mTHR: 15,23,27|3|0.7956
193mHIS: 05,11,21|3|1.0135
301mGLY: 05,13,25|3|0.9896
293mGLY: 13,16,25|3|1.8725
261mILE: 07,15,23|3|0.7216
347mLEU: 08,14,17|3|0.695
370mLEU: 08,14,17|3|1.3675
421mHIS: 04,09,22|3|1.0509
286mALA: 04,09,22|3|0.865
356mGLY: 05,13,25|3|1.4846
193mALA: 05,11,21|3|0.8932
403mVAL: 09,22,24|3|1.3066
193mASN: 05,11,21|3|0.2945
335mGLN: 09,18,22|3|0.262
344mTHR: 08,17,18|3|2.0098
331mASN: 09,22,24|3|0.7795
163mASP: 05,12,25|3|0.0648
163mVAL: 05,12,25|3|0.0135
204mGLU: 23,27,28|3|1.5626
285mHIS: 04,09,13|3|1.5485
204mGLN: 23,27,28|3|0.9247
419mPHE: 09,22,24|3|0.7285
316mLYS: 04,09,16|3|1.8819
193mSER: 05,11,21|3|1.0708
339mALA: 17,18,24|3|0.5471
419mCYS: 09,22,24|3|1.5541
403mLYS: 09,22,24|3|0.657
204mMET: 23,27,28|3|1.0891
441mMET: 10,13,16|3|0.8534
354mGLY: 13,20,25|3|1.2811
163mCYS: 05,12,25|3|1.0908
293mLYS: 13,16,25|3|1.7112
372mGLY: 08,14,17|3|1.0099
316mALA: 04,09,16|3|1.2111
281mVAL: 05,13,25|3|0.9208
354mLYS: 13,20,25|3|1.4064
419mASP: 09,22,24|3|0.8597
204mASN: 23,27,28|3|1.9703
379mSER: 09,22,24|3|1.7706
419mGLY: 09,22,24|3|1.3523
401mVAL: 09,22,24|3|0.2814
354mSER: 13,20,25|3|0.8976
368mALA: 08,14,17|3|0.4508
419mALA: 09,22,24|3|1.3708
205mGLN: 01,23,27|3|1.0856
370mASP: 08,14,17|3|1.2158
379mGLY: 09,22,24|3|2.4248
421mGLU: 04,09,22|3|1.1287
285mTHR: 04,09,13|3|0.664
228mGLY: 01,23,27|3|0.6146
204mSER: 23,27,28|3|1.6697
370mGLU: 08,14,17|3|1.5099
372mALA: 08,14,17|3|1.0862
204mLYS: 23,27,28|3|1.3865
204mGLY: 23,27,28|3|1.7229
163mLEU: 05,12,25|3|0.2238
421mGLY: 04,09,22|3|1.7055
205mSER: 01,23,27|3|0.9696
421mLEU: 04,09,22|3|0.8264
293mGLN: 13,16,25|3|0.9556
193mGLY: 05,11,21|3|1.2248
205mHIS: 01,23,27|3|1.3112
441mLYS: 10,13,16|3|1.8121
441mALA: 10,13,16|3|1.3687
204mILE: 23,27,28|3|0.8829
286mGLY: 04,09,22|3|0.9997
281mLEU: 05,13,25|3|0.8935
341mGLY: 17,18,22|3|2.7321
370mILE: 08,14,17|3|0.6891
193mLYS: 05,11,21|3|0.4728
419mVAL: 09,22,24|3|1.4659
281mPHE: 05,13,25|3|0.631
354mCYS: 13,20,25|3|3.5598
341mTHR: 17,18,22|3|3.4727
379mCYS: 09,22,24|3|3.6879
163mILE: 05,12,25|3|0.0117
299mTHR: 10,13,16|3|0.762
205mGLY: 01,23,27|3|1.2061
441mGLY: 10,13,16|3|0.7278
261mALA: 07,15,23|3|1.441
354mASP: 13,20,25|3|0.8505
163mGLU: 05,12,25|3|0.4458
419mILE: 09,22,24|3|0.7453
161mALA: 12,19,20|3|0.6233
261mMET: 07,15,23|3|1.6112
372mASN: 08,14,17|3|0.9289
293mMET: 13,16,25|3|2.0165
428mCYS: 04,09,22|3|1.4759
370mVAL: 08,14,17|3|1.4563
357mILE: 12,13,25|3|0.8029
204mPHE: 23,27,28|3|0.3904
204mTHR: 23,27,28|3|1.7537
261mGLY: 07,15,23|3|2.091
285mVAL: 04,09,13|3|0.22
372mMET: 08,14,17|3|1.28
346mALA: 08,14,17|3|0.6498
379mTHR: 09,22,24|3|3.3517
441mTHR: 10,13,16|3|1.7349
335mTRP: 09,18,22|3|0.106
293mLEU: 13,16,25|3|1.5399
144mALA: 02,07,29|3|0.7719
440mALA: 12,13,16|3|1.8013
441mLEU: 10,13,16|3|0.9265
258mHIS: 15,23,27|3|0.7401
193mTHR: 05,11,21|3|0.6105
324mGLY: 04,22,24|3|0.6566
364mHIS: 08,14,20|3|1.281
400mTHR: 09,22,24|3|1.7024
285mGLY: 04,09,13|3|1.069
206mGLY: 01,06,28|3|0.5737
379mLEU: 09,22,24|3|3.3365
281mALA: 05,13,25|3|1.2867
441mSER: 10,13,16|3|1.2033
357mLEU: 12,13,25|3|0.9368
346mLEU: 08,14,17|3|0.4317
356mGLU: 05,13,25|3|0.8716
347mGLY: 08,14,17|3|0.6143
261mASP: 07,15,23|3|0.7832
281mILE: 05,13,25|3|1.059
163mPHE: 05,12,25|3|0.2436
344mVAL: 08,17,18|3|1.8964
299mGLU: 10,13,16|3|0.4423
344mALA: 08,17,18|3|1.9376
370mGLY: 08,14,17|3|1.7628
341mSER: 17,18,22|3|2.4879
316mGLY: 04,09,16|3|0.7788
441mHIS: 10,13,16|3|1.1996
421mASN: 04,09,22|3|0.2116
372mVAL: 08,14,17|3|1.4215
346mCYS: 08,14,17|3|0.2623
341mCYS: 17,18,22|3|2.2215
285mMET: 04,09,13|3|1.2545
205mVAL: 01,23,27|3|0.8936
370mALA: 08,14,17|3|1.6577
331mSER: 09,22,24|3|0.5728
293mASN: 13,16,25|3|0.8791
293mTHR: 13,16,25|3|1.7099
261mLEU: 07,15,23|3|0.8031
324mTHR: 04,22,24|3|0.6641
312mGLU: 04,09,10|3|0.8259
410mSER: 08,14,17|3|0.402
205mILE: 01,23,27|3|0.6863
261mVAL: 07,15,23|3|0.9032
372mILE: 08,14,17|3|1.1048
293mPHE: 13,16,25|3|0.7773
421mSER: 04,09,22|3|1.4218
341mASN: 17,18,22|3|2.1438
372mGLU: 08,14,17|3|1.3181
357mGLY: 12,13,25|3|1.147
193mLEU: 05,11,21|3|0.7897
346mVAL: 08,14,17|3|0.9055
281mSER: 05,13,25|3|0.8113
370mSER: 08,14,17|3|1.6702
293mALA: 13,16,25|3|2.1305
341mASP: 17,18,22|3|3.385
341mALA: 17,18,22|3|2.6513
344mGLY: 08,17,18|3|1.6126
205mASN: 01,23,27|3|1.0258
281mGLU: 05,13,25|3|1.1408
372mSER: 08,14,17|3|0.8176
428mALA: 04,09,22|3|1.1219
339mTHR: 17,18,24|3|0.9525
346mTHR: 08,14,17|3|0.9142
335mSER: 09,18,22|3|0.5664
419mGLN: 09,22,24|3|0.9678
205mALA: 01,23,27|3|0.6742
419mMET: 09,22,24|3|0.9995
205mMET: 01,23,27|3|1.4006
308mGLU: 02,04,10|3|1.1006
301mALA: 05,13,25|3|1.042
285mASN: 04,09,13|3|0.873
281mCYS: 05,13,25|3|1.8552
372mGLN: 08,14,17|3|1.2341
261mGLN: 07,15,23|3|0.5884
301mILE: 05,13,25|3|0.2794
205mTHR: 01,23,27|3|1.2086
261mGLU: 07,15,23|3|1.4682
335mGLU: 09,18,22|3|0.2776
419mLEU: 09,22,24|3|1.8667
403mTHR: 09,22,24|3|1.1457
372mLEU: 08,14,17|3|1.3473
347mLYS: 08,14,17|3|1.4025
261mSER: 07,15,23|3|1.7501
205mTRP: 01,23,27|3|0.9181
285mLEU: 04,09,13|3|0.2805
335mLEU: 09,18,22|3|0.0484
347mTHR: 08,14,17|3|1.352
261mTHR: 07,15,23|3|1.3522
357mALA: 12,13,25|3|2.5719
285mGLN: 04,09,13|3|0.5475
285mGLU: 04,09,13|3|0.567
206mGLU: 01,06,28|3|0.6184
441mILE: 10,13,16|3|1.0282
261mASN: 07,15,23|3|1.4566
356mHIS: 05,13,25|3|0.8621
354mALA: 13,20,25|3|2.5886
193mMET: 05,11,21|3|0.8562
421mTHR: 04,09,22|3|0.7515
356mSER: 05,13,25|3|1.2143
438mLYS: 12,13,16|3|1.6615
327mGLU: 09,22,24|3|0.9432
347mGLU: 08,14,17|3|0.298
370mLYS: 08,14,17|3|0.812
379mASP: 09,22,24|3|3.1346
206mSER: 01,06,28|3|0.638
293mSER: 13,16,25|3|2.122
204mALA: 23,27,28|3|1.363
206mTHR: 01,06,28|3|0.5164
281mASP: 05,13,25|3|0.4753
419mTHR: 09,22,24|3|1.9478
354mILE: 13,20,25|3|1.1025
204mTRP: 23,27,28|3|0.4999
206mASN: 01,06,28|3|0.6648
205mLEU: 01,23,27|3|1.0
356mLEU: 05,13,25|3|0.6978
344mLEU: 08,17,18|3|1.345
293mVAL: 13,16,25|3|1.2948
441mASN: 10,13,16|3|1.057
379mALA: 09,22,24|3|2.8937
144mTHR: 02,07,29|3|1.324
401mLYS: 09,22,24|3|0.2247
354mLEU: 13,20,25|3|0.989
347mALA: 08,14,17|3|1.6281
324mGLU: 04,22,24|3|1.3967
341mGLU: 17,18,22|3|4.3357
347mVAL: 08,14,17|3|1.3735
370mTHR: 08,14,17|3|1.6003
347mSER: 08,14,17|3|0.5999
261mHIS: 07,15,23|3|1.6131
204mHIS: 23,27,28|3|1.5376
335mHIS: 09,18,22|3|1.0628
261mLYS: 07,15,23|3|1.1764
281mGLY: 05,13,25|3|1.0405
335mMET: 09,18,22|3|0.8276
331mTHR: 09,22,24|3|0.8676
441mGLN: 10,13,16|3|0.7675
324mSER: 04,22,24|3|0.7582
258mSER: 15,23,27|3|1.0784
205mGLU: 01,23,27|3|1.2459
204mLEU: 23,27,28|3|0.6493
419mGLU: 09,22,24|3|2.0309
357mCYS: 12,13,25|3|3.9432
324mALA: 04,22,24|3|0.7282
163mTHR: 05,12,25|3|0.1593
379mPRO: 09,22,24|3|2.4995
438mALA: 12,13,16|3|1.4255
335mGLY: 09,18,22|3|0.6792
139mTYR: 21,29|2|0.9693
282mALA: 04,09|2|1.3116
336mALA: 18,24|2|1.3489
278mMET: 05,25|2|0.1973
167mASN: 05,25|2|0.8739
125mTRP: 03,26|2|0.0288
408mGLU: 14,17|2|1.0282
290mLEU: 13,25|2|0.2785
183mILE: 00,27|2|0.3576
321mGLU: 04,10|2|0.1146
351mGLU: 08,14|2|0.2829
166mALA: 05,12|2|0.5842
321mTRP: 04,10|2|0.0288
136mVAL: 21,29|2|0.9084
408mTHR: 14,17|2|0.7466
427mTHR: 09,22|2|0.4576
183mGLU: 00,27|2|0.6342
121mGLU: 01,29|2|0.4994
351mMET: 08,14|2|0.3001
288mHIS: 04,09|2|0.4905
196mALA: 03,28|2|0.6107
427mLEU: 09,22|2|0.3042
139mTHR: 21,29|2|3.9734
318mILE: 10,16|2|0.0854
291mSER: 04,09|2|0.7854
283mLEU: 04,09|2|0.0862
177mSER: 02,29|2|0.5158
358mASP: 20,25|2|0.797
352mGLN: 08,14|2|0.131
367mMET: 08,14|2|0.6207
444mGLU: 13,20|2|0.5901
282mGLU: 04,09|2|0.6202
229mHIS: 00,27|2|0.4746
317mGLY: 04,09|2|0.5867
183mARG: 00,27|2|0.249
452mLYS: 08,14|2|0.2043
427mALA: 09,22|2|0.192
318mGLY: 10,16|2|1.0488
369mTHR: 08,14|2|0.8291
321mASN: 04,10|2|0.237
177mGLU: 02,29|2|0.5684
322mLEU: 10,16|2|1.0004
444mHIS: 13,20|2|0.6872
177mVAL: 02,29|2|0.0977
229mGLY: 00,27|2|0.7293
215mTRP: 25,29|2|0.2828
427mGLU: 09,22|2|0.4188
139mGLU: 21,29|2|4.4121
215mLEU: 25,29|2|0.254
167mMET: 05,25|2|1.3879
148mGLY: 02,29|2|0.0564
183mLYS: 00,27|2|0.3546
196mGLU: 03,28|2|0.3474
215mGLU: 25,29|2|0.3686
444mILE: 13,20|2|0.136
167mSER: 05,25|2|0.6173
220mILE: 12,25|2|0.3009
408mGLN: 14,17|2|0.1956
427mLYS: 09,22|2|0.1392
304mCYS: 02,10|2|0.3302
427mHIS: 09,22|2|0.8114
290mGLU: 13,25|2|0.5413
321mSER: 04,10|2|0.259
427mSER: 09,22|2|0.5632
311mGLY: 10,16|2|0.6935
318mTHR: 10,16|2|0.7886
369mVAL: 08,14|2|0.6153
322mALA: 10,16|2|1.0898
196mVAL: 03,28|2|0.4407
183mTYR: 00,27|2|0.2154
427mMET: 09,22|2|0.6938
233mLEU: 23,27|2|0.3711
119mSER: 01,29|2|1.2849
318mASN: 10,16|2|0.5476
220mALA: 12,25|2|0.355
291mLEU: 04,09|2|0.3163
166mLEU: 05,12|2|0.8992
259mVAL: 23,27|2|1.0067
321mTHR: 04,10|2|0.1534
291mHIS: 04,09|2|1.0174
166mILE: 05,12|2|0.7578
336mSER: 18,24|2|1.5188
177mMET: 02,29|2|0.2793
358mSER: 20,25|2|1.2592
229mSER: 00,27|2|0.5448
136mPHE: 21,29|2|0.8544
232mHIS: 23,27|2|1.4712
139mALA: 21,29|2|3.0278
177mALA: 02,29|2|0.079
220mVAL: 12,25|2|0.3297
232mLEU: 23,27|2|2.813
288mTHR: 04,09|2|0.1012
215mLYS: 25,29|2|0.089
183mHIS: 00,27|2|1.0268
166mTHR: 05,12|2|0.8562
342mTHR: 17,18|2|0.195
278mHIS: 05,25|2|0.357
232mILE: 23,27|2|1.9225
451mLEU: 08,14|2|0.9414
139mGLN: 21,29|2|3.6613
290mPHE: 13,25|2|0.1497
351mGLN: 08,14|2|0.1265
290mGLY: 13,25|2|0.4905
183mLEU: 00,27|2|0.5196
196mPHE: 03,28|2|0.1886
282mLEU: 04,09|2|0.77
358mALA: 20,25|2|1.9817
233mCYS: 23,27|2|0.6291
167mHIS: 05,25|2|0.6493
317mSER: 04,09|2|0.4461
451mGLY: 08,14|2|0.9995
367mTHR: 08,14|2|0.2664
288mMET: 04,09|2|0.2446
352mTRP: 08,14|2|0.053
232mASN: 23,27|2|1.4948
282mGLY: 04,09|2|1.2356
337mASP: 17,24|2|0.3282
336mVAL: 18,24|2|0.78
145mGLY: 02,29|2|0.3364
125mMET: 03,26|2|0.3896
167mTHR: 05,25|2|1.7567
290mTHR: 13,25|2|0.4402
369mGLY: 08,14|2|0.7903
408mLYS: 14,17|2|0.3506
290mASP: 13,25|2|0.4808
343mGLY: 17,18|2|0.5074
166mGLU: 05,12|2|1.0472
321mGLY: 04,10|2|0.3154
220mTHR: 12,25|2|0.5902
311mSER: 10,16|2|0.4121
215mHIS: 25,29|2|0.7612
318mLEU: 10,16|2|0.3314
120mHIS: 01,29|2|0.1553
167mGLU: 05,25|2|2.0238
424mGLY: 04,22|2|0.6291
167mGLY: 05,25|2|1.1012
290mALA: 13,25|2|0.3662
337mTRP: 17,24|2|0.522
424mALA: 04,22|2|0.3228
136mGLU: 21,29|2|1.7928
233mGLN: 23,27|2|0.2753
282mSER: 04,09|2|0.9436
451mALA: 08,14|2|1.0213
336mMET: 18,24|2|0.8249
166mGLY: 05,12|2|0.3652
358mHIS: 20,25|2|0.8321
139mPHE: 21,29|2|3.6899
290mTRP: 13,25|2|0.2522
287mSER: 04,09|2|0.1216
232mCYS: 23,27|2|2.536
337mLEU: 17,24|2|0.4954
196mMET: 03,28|2|0.4429
232mGLY: 23,27|2|2.4073
317mGLU: 04,09|2|0.2794
139mVAL: 21,29|2|3.5528
215mMET: 25,29|2|0.6436
215mGLY: 25,29|2|0.5694
318mHIS: 10,16|2|0.9092
183mGLN: 00,27|2|0.6264
336mHIS: 18,24|2|0.979
220mSER: 12,25|2|0.6062
424mHIS: 04,22|2|0.4878
336mLYS: 18,24|2|0.9258
177mGLY: 02,29|2|0.4233
139mHIS: 21,29|2|2.1867
282mTHR: 04,09|2|0.6826
290mMET: 13,25|2|0.739
337mTHR: 17,24|2|0.9052
351mLEU: 08,14|2|0.0943
282mARG: 04,09|2|0.3796
196mSER: 03,28|2|0.5637
311mLEU: 10,16|2|1.0162
318mASP: 10,16|2|0.9412
232mVAL: 23,27|2|2.6915
125mGLU: 03,26|2|0.1146
427mTRP: 09,22|2|0.333
167mPRO: 05,25|2|1.2348
167mALA: 05,25|2|1.2159
283mASP: 04,09|2|0.4362
408mVAL: 14,17|2|0.2256
139mILE: 21,29|2|3.412
282mMET: 04,09|2|0.7158
290mGLN: 13,25|2|0.3551
183mALA: 00,27|2|0.4074
318mGLN: 10,16|2|0.663
322mHIS: 10,16|2|0.9745
424mTHR: 04,22|2|0.3763
358mLYS: 20,25|2|1.1646
367mHIS: 08,14|2|0.7971
444mLYS: 13,20|2|0.3476
166mCYS: 05,12|2|1.4772
183mTRP: 00,27|2|0.5484
283mGLY: 04,09|2|0.702
166mGLN: 05,12|2|0.75
139mLEU: 21,29|2|3.9275
233mTHR: 23,27|2|0.4048
120mGLY: 01,29|2|0.4738
140mTHR: 21,29|2|0.9938
444mMET: 13,20|2|0.5414
322mGLY: 10,16|2|1.1151
352mLEU: 08,14|2|0.0242
278mGLY: 05,25|2|0.4082
136mASP: 21,29|2|0.5742
325mCYS: 10,16|2|0.6665
259mALA: 23,27|2|1.203
220mTRP: 12,25|2|0.2693
444mSER: 13,20|2|0.7022
136mTHR: 21,29|2|1.0544
119mGLY: 01,29|2|0.6352
177mTHR: 02,29|2|0.447
337mSER: 17,24|2|0.974
288mGLY: 04,09|2|0.6366
367mGLU: 08,14|2|0.2082
427mPHE: 09,22|2|0.0336
220mGLU: 12,25|2|0.731
427mASN: 09,22|2|0.5412
291mGLU: 04,09|2|0.263
167mILE: 05,25|2|1.4514
166mASP: 05,12|2|0.7932
139mTRP: 21,29|2|3.3308
139mCYS: 21,29|2|4.7325
369mGLU: 08,14|2|0.4641
424mASN: 04,22|2|0.2651
367mTRP: 08,14|2|0.0795
375mHIS: 17,18|2|0.1176
166mPHE: 05,12|2|0.9124
167mLEU: 05,25|2|1.7445
311mASP: 10,16|2|0.771
232mPHE: 23,27|2|1.6812
167mGLN: 05,25|2|1.5741
365mASN: 08,14|2|0.191
358mILE: 20,25|2|1.1083
342mGLU: 17,18|2|0.3543
120mSER: 01,29|2|0.3309
318mALA: 10,16|2|0.7796
282mASP: 04,09|2|0.818
215mASN: 25,29|2|0.491
220mLEU: 12,25|2|0.2571
136mCYS: 21,29|2|2.1456
318mVAL: 10,16|2|0.6086
427mARG: 09,22|2|0.0336
183mTHR: 00,27|2|0.673
322mSER: 10,16|2|0.9623
337mGLU: 17,24|2|1.0266
167mASP: 05,25|2|1.4585
337mGLN: 17,24|2|0.6064
183mASP: 00,27|2|0.2656
220mASP: 12,25|2|0.2169
424mGLU: 04,22|2|0.4665
427mVAL: 09,22|2|0.28
233mGLU: 23,27|2|0.5764
408mASN: 14,17|2|0.8762
444mTHR: 13,20|2|0.5575
196mASP: 03,28|2|0.1509
311mCYS: 10,16|2|1.1104
140mLEU: 21,29|2|0.37
291mTHR: 04,09|2|0.1174
215mTHR: 25,29|2|0.4074
282mILE: 04,09|2|0.5148
283mSER: 04,09|2|0.1744
321mHIS: 04,10|2|0.5072
337mHIS: 17,24|2|0.8825
311mALA: 10,16|2|0.9582
167mCYS: 05,25|2|2.2915
358mGLY: 20,25|2|1.5884
358mCYS: 20,25|2|2.3892
337mMET: 17,24|2|0.7375
369mALA: 08,14|2|0.9977
139mASP: 21,29|2|3.4085
337mLYS: 17,24|2|0.548
351mTHR: 08,14|2|0.2262
336mLEU: 18,24|2|1.0687
322mGLU: 10,16|2|0.8754
259mTHR: 23,27|2|0.9883
196mILE: 03,28|2|0.4556
367mGLY: 08,14|2|0.5094
215mGLN: 25,29|2|0.3608
196mLEU: 03,28|2|0.4404
233mASP: 23,27|2|0.1381
232mASP: 23,27|2|2.5023
220mGLN: 12,25|2|0.3147
352mMET: 08,14|2|0.4138
183mVAL: 00,27|2|0.4954
287mASN: 04,09|2|0.1484
358mARG: 20,25|2|0.1249
125mASN: 03,26|2|0.237
177mHIS: 02,29|2|0.4243
196mGLY: 03,28|2|0.6909
140mGLU: 21,29|2|0.8695
444mALA: 13,20|2|0.7739
367mASN: 08,14|2|0.3918
166mSER: 05,12|2|0.0614
322mPHE: 10,16|2|0.0961
451mTHR: 08,14|2|0.9409
232mPRO: 23,27|2|1.1956
220mPHE: 12,25|2|0.221
311mVAL: 10,16|2|1.0249
145mSER: 02,29|2|0.3165
136mGLN: 21,29|2|0.545
121mASP: 01,29|2|0.1174
259mLEU: 23,27|2|0.6949
427mGLY: 09,22|2|0.6196
408mSER: 14,17|2|0.7786
125mSER: 03,26|2|0.259
367mSER: 08,14|2|0.4248
220mASN: 12,25|2|0.655
322mLYS: 10,16|2|0.2973
139mGLY: 21,29|2|2.9079
336mGLU: 18,24|2|1.7205
337mVAL: 17,24|2|0.5559
311mPRO: 10,16|2|0.8011
283mCYS: 04,09|2|1.559
352mASN: 08,14|2|0.2612
232mTRP: 23,27|2|1.3587
166mVAL: 05,12|2|0.759
306mGLU: 02,04|2|0.1313
358mGLU: 20,25|2|0.9311
259mGLU: 23,27|2|0.6804
358mMET: 20,25|2|0.6609
444mGLY: 13,20|2|0.8616
427mGLN: 09,22|2|0.411
183mGLY: 00,27|2|0.835
183mPHE: 00,27|2|0.249
322mILE: 10,16|2|0.6519
322mTHR: 10,16|2|1.0556
136mILE: 21,29|2|0.8921
288mSER: 04,09|2|0.6019
451mCYS: 08,14|2|1.1062
177mGLN: 02,29|2|0.1482
125mGLN: 03,26|2|0.1068
352mTHR: 08,14|2|0.1776
336mTHR: 18,24|2|1.1339
367mGLN: 08,14|2|0.1965
160mHIS: 20,23|2|0.2052
358mLEU: 20,25|2|1.2354
365mGLY: 08,14|2|0.3497
177mASN: 02,29|2|0.5536
215mALA: 25,29|2|0.1418
139mPRO: 21,29|2|2.9914
337mASN: 17,24|2|1.0118
233mPHE: 23,27|2|0.249
125mGLY: 03,26|2|0.3154
167mPHE: 05,25|2|1.629
215mSER: 25,29|2|0.513
288mASN: 04,09|2|0.2692
444mASP: 13,20|2|0.2961
318mGLU: 10,16|2|1.1034
311mTHR: 10,16|2|0.9342
220mLYS: 12,25|2|0.3922
139mMET: 21,29|2|3.3981
352mGLY: 08,14|2|0.3396
427mILE: 09,22|2|0.1422
232mALA: 23,27|2|2.6307
424mSER: 04,22|2|0.5756
233mVAL: 23,27|2|0.2188
139mSER: 21,29|2|2.092
336mGLY: 18,24|2|1.5091
233mTRP: 23,27|2|0.1353
220mGLY: 12,25|2|0.4855
232mTHR: 23,27|2|2.9813
365mSER: 08,14|2|0.4639
232mGLN: 23,27|2|2.2563
232mMET: 23,27|2|1.81
352mHIS: 08,14|2|0.5314
139mASN: 21,29|2|2.516
352mGLU: 08,14|2|0.1388
125mHIS: 03,26|2|0.5072
322mMET: 10,16|2|0.9566
337mALA: 17,24|2|0.5372
125mTHR: 03,26|2|0.1534
288mGLU: 04,09|2|0.4382
282mLYS: 04,09|2|0.6444
282mHIS: 04,09|2|0.951
367mLEU: 08,14|2|0.0363
408mALA: 14,17|2|0.2762
290mLYS: 13,25|2|0.2157
183mMET: 00,27|2|0.9092
290mHIS: 13,25|2|0.9095
167mVAL: 05,25|2|1.5221
322mCYS: 10,16|2|0.8242
232mSER: 23,27|2|1.859
444mGLN: 13,20|2|0.2137
291mGLY: 04,09|2|1.115
290mSER: 13,25|2|0.5734
444mLEU: 13,20|2|0.5365
148mMET: 02,29|2|0.1306
451mHIS: 08,14|2|0.6425
278mSER: 05,25|2|0.2528
232mGLU: 23,27|2|3.1774
451mSER: 08,14|2|0.6882
408mILE: 14,17|2|0.168
183mSER: 00,27|2|0.7786
337mGLY: 17,24|2|0.8815
283mALA: 04,09|2|1.2816
322mGLN: 10,16|2|0.3485
167mTRP: 05,25|2|1.3836
336mASN: 18,24|2|0.6104
136mLEU: 21,29|2|1.1159
322mVAL: 10,16|2|1.0285
196mLYS: 03,28|2|0.3757
166mPRO: 05,12|2|0.7326
196mHIS: 03,28|2|0.5438
148mHIS: 02,29|2|0.2482
166mTRP: 05,12|2|0.649
282mGLN: 04,09|2|0.584
322mASN: 10,16|2|0.422
408mGLY: 14,17|2|0.5372
337mPHE: 17,24|2|0.324
321mMET: 04,10|2|0.3896
291mALA: 04,09|2|0.6452
259mCYS: 23,27|2|2.6261
451mGLU: 08,14|2|1.069
427mASP: 09,22|2|0.0502
183mASN: 00,27|2|0.7566
233mILE: 23,27|2|0.1487
291mMET: 04,09|2|0.6813
318mSER: 10,16|2|1.1494
166mMET: 05,12|2|0.5316
282mTRP: 04,09|2|0.3336
337mILE: 17,24|2|0.4582
145mGLU: 02,29|2|0.2746
166mASN: 05,12|2|0.2398
352mSER: 08,14|2|0.2832
215mILE: 25,29|2|0.092
321mGLN: 04,10|2|0.1068
215mVAL: 25,29|2|0.2298
279mASP: 09|1|0.151
383mGLN: 17|1|0.0655
397mHIS: 22|1|0.2657
334mLYS: 24|1|0.1825
310mSER: 09|1|0.1902
182mPRO: 01|1|0.7307
303mGLN: 13|1|0.3132
137mCYS: 29|1|0.3086
123mLYS: 01|1|0.1773
272mILE: 15|1|0.046
303mGLY: 13|1|0.4175
201mGLU: 28|1|0.2094
376mCYS: 22|1|0.289
383mGLU: 17|1|0.0694
124mVAL: 01|1|0.5483
437mMET: 16|1|0.1807
182mLEU: 01|1|1.2259
420mLEU: 22|1|0.1521
437mGLU: 16|1|0.1205
239mHIS: 12|1|0.1241
156mTYR: 23|1|0.4434
122mALA: 29|1|0.096
255mLEU: 23|1|0.2178
184mMET: 02|1|0.1375
294mILE: 05|1|0.2465
162mCYS: 12|1|0.0506
454mGLN: 20|1|0.1243
182mGLU: 01|1|1.1533
454mARG: 20|1|0.2108
172mTHR: 05|1|0.1592
156mILE: 23|1|1.3636
434mPRO: 16|1|0.0177
201mPHE: 28|1|0.0168
235mGLU: 28|1|0.1398
454mTHR: 20|1|0.1503
162mASP: 12|1|0.3277
430mGLU: 04|1|0.2918
226mLEU: 01|1|0.2894
334mGLY: 24|1|0.4977
184mASN: 02|1|0.0612
349mGLY: 08|1|0.119
123mMET: 01|1|0.4546
279mCYS: 09|1|0.5282
272mTHR: 15|1|0.2037
123mGLN: 01|1|0.3132
162mPHE: 12|1|0.0645
249mILE: 12|1|0.5312
156mPRO: 23|1|1.3384
397mTRP: 22|1|0.0265
272mGLU: 15|1|0.1843
420mVAL: 22|1|0.14
415mLYS: 17|1|0.0459
143mGLU: 29|1|0.2646
294mLEU: 05|1|0.1503
156mTHR: 23|1|1.462
235mVAL: 28|1|0.0704
420mASP: 22|1|0.0251
413mGLU: 17|1|0.1408
172mGLN: 05|1|0.1359
123mGLU: 01|1|0.3171
415mASN: 17|1|0.1262
249mVAL: 12|1|0.6007
208mGLY: 01|1|0.1174
277mVAL: 05|1|0.0704
122mARG: 29|1|0.0168
418mMET: 22|1|0.3301
443mASN: 13|1|0.0651
426mHIS: 04|1|0.2536
426mGLN: 04|1|0.0534
413mSER: 17|1|0.016
294mSER: 05|1|0.1441
456mASN: 08|1|0.201
292mTHR: 10|1|0.0888
226mASN: 01|1|0.0782
226mTHR: 01|1|0.3446
184mGLY: 02|1|0.1004
201mLYS: 28|1|0.0696
235mTHR: 28|1|0.1592
235mHIS: 28|1|0.3361
172mGLY: 05|1|0.2402
383mSER: 17|1|0.1416
302mGLN: 13|1|0.0534
249mHIS: 12|1|0.4869
124mASN: 01|1|0.6103
208mASN: 01|1|0.0023
122mGLN: 29|1|0.2055
387mGLU: 08|1|0.1408
182mTRP: 01|1|0.1922
418mGLY: 22|1|0.293
405mTRP: 17|1|0.0954
407mGLU: 17|1|0.3388
456mGLN: 08|1|0.1359
454mASP: 20|1|0.4217
355mHIS: 13|1|0.1241
182mASP: 01|1|0.716
201mSER: 28|1|0.2816
277mSER: 05|1|0.212
456mSER: 08|1|0.212
143mILE: 29|1|0.0015
143mLYS: 29|1|0.1498
124mMET: 01|1|0.4132
124mTHR: 01|1|0.6438
182mTHR: 01|1|1.4148
292mGLU: 10|1|0.0694
303mLEU: 13|1|0.2598
257mGLY: 23|1|0.1257
454mPRO: 20|1|0.1049
456mILE: 08|1|0.0015
124mSER: 01|1|0.7082
383mHIS: 17|1|0.2657
443mGLU: 13|1|0.0039
143mMET: 29|1|0.0306
255mGLN: 23|1|0.0724
277mTRP: 05|1|0.0969
249mMET: 12|1|0.6939
294mLYS: 05|1|0.1681
141mTHR: 29|1|1.0465
407mTHR: 17|1|0.198
235mILE: 28|1|0.0015
456mVAL: 08|1|0.0704
420mALA: 22|1|0.096
124mGLU: 01|1|0.3285
303mASN: 13|1|0.3783
442mGLU: 13|1|0.1366
303mVAL: 13|1|0.2477
123mTRP: 01|1|0.2742
162mGLU: 12|1|0.3309
201mARG: 28|1|0.0168
349mTHR: 08|1|0.1013
143mASP: 29|1|0.056
313mGLU: 09|1|0.1027
415mMET: 17|1|0.0253
355mGLY: 13|1|0.0282
226mMET: 01|1|0.3004
272mGLY: 15|1|0.2847
255mILE: 23|1|0.208
184mTHR: 02|1|0.0194
249mPHE: 12|1|0.5542
280mGLU: 05|1|0.5252
334mSER: 24|1|0.3705
207mTHR: 01|1|0.0552
156mGLY: 23|1|0.971
172mHIS: 05|1|0.3361
122mTHR: 29|1|0.2288
329mVAL: 16|1|0.0012
294mGLY: 05|1|0.2431
294mVAL: 05|1|0.1627
162mLEU: 12|1|0.0514
426mTHR: 04|1|0.0767
255mPHE: 23|1|0.0293
418mGLN: 22|1|0.1887
406mGLU: 17|1|0.1055
303mPHE: 13|1|0.1245
313mTHR: 09|1|0.0507
156mHIS: 23|1|0.6058
434mVAL: 16|1|0.2321
235mGLY: 28|1|0.2402
383mGLY: 17|1|0.1698
141mSER: 29|1|0.6347
292mMET: 10|1|0.2069
235mLEU: 28|1|0.0825
201mTRP: 28|1|0.1665
418mASP: 22|1|0.0083
376mGLU: 22|1|0.074
442mSER: 13|1|0.0148
253mCYS: 23|1|0.578
122mPHE: 29|1|0.0168
184mHIS: 02|1|0.1963
122mSER: 29|1|0.2816
310mLEU: 09|1|0.2329
310mASP: 09|1|0.3839
122mASP: 29|1|0.0251
249mPRO: 12|1|0.3398
141mCYS: 29|1|0.2959
405mSER: 17|1|0.2105
442mALA: 13|1|0.0881
141mASN: 29|1|0.3779
294mHIS: 05|1|0.0001
405mVAL: 17|1|0.0689
420mTRP: 22|1|0.1665
182mVAL: 01|1|1.2078
349mGLU: 08|1|0.0405
434mLYS: 16|1|0.3162
253mGLU: 23|1|0.148
123mTHR: 01|1|0.3365
172mMET: 05|1|0.2773
454mLYS: 20|1|0.2904
405mGLY: 17|1|0.2387
122mASN: 29|1|0.2706
397mGLY: 22|1|0.1698
422mGLY: 22|1|0.1004
201mASP: 28|1|0.0251
302mSER: 13|1|0.1295
422mSER: 22|1|0.0722
437mHIS: 16|1|0.2924
280mASN: 05|1|0.2508
310mCYS: 09|1|0.7611
329mLEU: 16|1|0.1414
123mGLY: 01|1|0.4175
239mMET: 12|1|0.0653
201mLEU: 28|1|0.1521
418mILE: 22|1|0.0543
454mALA: 20|1|0.5976
162mALA: 12|1|0.0377
280mSER: 05|1|0.1312
141mLEU: 29|1|0.5955
277mTHR: 05|1|0.1592
277mLEU: 05|1|0.0825
207mMET: 01|1|0.011
277mMET: 05|1|0.2773
143mTHR: 29|1|0.1814
122mGLY: 29|1|0.3098
422mMET: 22|1|0.1375
442mTYR: 13|1|0.066
415mVAL: 17|1|0.0484
156mMET: 23|1|1.1374
313mCYS: 09|1|0.3022
172mGLU: 05|1|0.1398
249mASN: 12|1|0.4717
387mASN: 08|1|0.0648
123mASN: 01|1|0.3783
434mILE: 16|1|0.0544
407mSER: 17|1|0.214
302mGLU: 13|1|0.0573
442mLEU: 13|1|0.0654
418mVAL: 22|1|0.1232
456mGLU: 08|1|0.1398
235mGLN: 28|1|0.1359
184mSER: 02|1|0.0722
226mGLU: 01|1|0.4207
270mSER: 23|1|0.2339
430mALA: 04|1|0.0292
334mVAL: 24|1|0.2475
156mGLN: 23|1|1.3558
249mTHR: 12|1|0.7381
329mASP: 16|1|0.0354
420mSER: 22|1|0.2816
279mALA: 09|1|0.3269
302mTHR: 13|1|0.0767
420mTHR: 22|1|0.2288
302mMET: 13|1|0.1948
201mTHR: 28|1|0.2288
397mMET: 22|1|0.2069
397mTHR: 22|1|0.0888
422mTHR: 22|1|0.0194
418mTHR: 22|1|0.212
303mGLU: 13|1|0.3171
303mALA: 13|1|0.2037
143mSER: 29|1|0.1428
292mHIS: 10|1|0.2657
123mSER: 01|1|0.3893
162mMET: 12|1|0.1333
454mTRP: 20|1|0.0381
407mASN: 17|1|0.2628
239mGLY: 12|1|0.0282
255mVAL: 23|1|0.3863
443mGLY: 13|1|0.1043
156mALA: 23|1|1.19
437mALA: 16|1|0.0588
257mGLU: 23|1|0.1619
143mLEU: 29|1|0.1934
255mPRO: 23|1|0.1587
270mALA: 23|1|0.2323
226mILE: 01|1|0.1377
172mASN: 05|1|0.201
426mSER: 04|1|0.1295
456mALA: 08|1|0.0264
249mSER: 12|1|0.3935
387mSER: 08|1|0.016
272mTRP: 15|1|0.1414
122mMET: 29|1|0.3469
303mTHR: 13|1|0.3365
208mILE: 01|1|0.0816
122mLYS: 29|1|0.0696
456mTRP: 08|1|0.0969
277mGLU: 05|1|0.1398
313mGLY: 09|1|0.2738
418mLYS: 22|1|0.0528
257mSER: 23|1|0.1123
420mILE: 22|1|0.0711
302mHIS: 13|1|0.2536
143mTYR: 29|1|0.194
143mGLY: 29|1|0.128
182mCYS: 01|1|1.8197
123mTYR: 01|1|0.1077
257mMET: 23|1|0.0654
162mTHR: 12|1|0.1149
141mASP: 29|1|0.5809
226mCYS: 01|1|0.2584
456mHIS: 08|1|0.3361
208mVAL: 01|1|0.3
426mGLU: 04|1|0.0573
172mLEU: 05|1|0.0825
226mHIS: 01|1|0.0934
405mALA: 17|1|0.0249
235mALA: 28|1|0.0264
124mALA: 01|1|0.719
156mGLU: 23|1|1.653
456mMET: 08|1|0.2773
454mCYS: 20|1|0.7989
141mHIS: 29|1|0.4413
182mALA: 01|1|1.0997
270mTHR: 23|1|0.0506
270mMET: 23|1|0.1853
303mASP: 13|1|0.1328
272mGLN: 15|1|0.1804
310mILE: 09|1|0.1863
249mTRP: 12|1|0.5722
272mSER: 15|1|0.2565
303mLYS: 13|1|0.1773
434mCYS: 16|1|0.0217
122mVAL: 29|1|0.14
141mMET: 29|1|0.4134
272mLEU: 15|1|0.127
303mTRP: 13|1|0.2742
156mVAL: 23|1|1.3648
143mCYS: 29|1|0.181
156mARG: 23|1|0.0194
334mILE: 24|1|0.2624
418mHIS: 22|1|0.3889
420mPHE: 22|1|0.0168
277mILE: 05|1|0.0015
454mMET: 20|1|0.0488
235mSER: 28|1|0.212
141mILE: 29|1|0.4627
310mHIS: 09|1|0.0698
420mASN: 22|1|0.2706
156mCYS: 23|1|2.083
272mASN: 15|1|0.2455
294mALA: 05|1|0.3767
442mCYS: 13|1|0.053
418mASN: 22|1|0.2538
355mMET: 13|1|0.0653
334mALA: 24|1|0.4175
454mILE: 20|1|0.2241
201mHIS: 28|1|0.4057
156mASN: 23|1|0.8456
397mLEU: 22|1|0.0121
420mLYS: 22|1|0.0696
272mHIS: 15|1|0.3806
270mGLY: 23|1|0.4081
415mILE: 17|1|0.0345
226mPHE: 01|1|0.1607
443mHIS: 13|1|0.2002
277mGLY: 05|1|0.2402
156mTRP: 23|1|1.2548
397mGLN: 22|1|0.0655
280mLYS: 05|1|0.1272
405mGLU: 17|1|0.1383
443mTHR: 13|1|0.0233
454mLEU: 20|1|0.2707
334mLEU: 24|1|0.2472
430mTHR: 04|1|0.1316
182mGLY: 01|1|0.5077
437mASP: 16|1|0.2443
124mGLY: 01|1|0.9525
279mGLY: 09|1|0.0751
310mGLN: 09|1|0.0865
235mMET: 28|1|0.2773
349mASN: 08|1|0.0607
272mALA: 15|1|0.0709
430mSER: 04|1|0.0948
418mSER: 22|1|0.2648
303mHIS: 13|1|0.5134
454mTYR: 20|1|0.0378
405mHIS: 17|1|0.3346
310mGLY: 09|1|0.308
123mASP: 01|1|0.1328
182mGLN: 01|1|0.7227
122mGLU: 29|1|0.2094
294mPHE: 05|1|0.0338
201mILE: 28|1|0.0711
442mTHR: 13|1|0.0534
156mPHE: 23|1|1.5182
124mHIS: 01|1|0.8872
303mTYR: 13|1|0.1077
329mGLU: 16|1|0.2894
272mVAL: 15|1|0.1149
249mASP: 12|1|0.5029
182mPHE: 01|1|0.8506
141mTRP: 29|1|0.0617
310mALA: 09|1|0.5598
456mGLY: 08|1|0.2402
426mTRP: 04|1|0.0144
420mGLU: 22|1|0.2094
226mGLY: 01|1|0.1801
418mALA: 22|1|0.0792
137mVAL: 29|1|0.1599
156mSER: 23|1|0.6672
383mLEU: 17|1|0.0121
208mTHR: 01|1|0.2653
292mASN: 10|1|0.1306
310mARG: 09|1|0.173
420mMET: 22|1|0.3469
397mASN: 22|1|0.1306
302mTRP: 13|1|0.0144
426mGLY: 04|1|0.1577
182mMET: 01|1|0.6062
257mHIS: 23|1|0.0936
270mHIS: 23|1|0.3617
420mARG: 22|1|0.0168
383mTHR: 17|1|0.0888
226mTRP: 01|1|0.1787
255mTHR: 23|1|0.4402
257mTHR: 23|1|0.0981
302mASN: 13|1|0.1185
422mASN: 22|1|0.0612
415mGLU: 17|1|0.3564
313mALA: 09|1|0.3999
235mASN: 28|1|0.201
249mGLY: 12|1|0.5736
201mGLN: 28|1|0.2055
415mALA: 17|1|0.2437
407mGLY: 17|1|0.0933
310mMET: 09|1|0.011
141mGLU: 29|1|0.7637
123mILE: 01|1|0.1788
141mGLN: 29|1|0.6159
420mGLY: 22|1|0.3098
201mMET: 28|1|0.3469
405mTHR: 17|1|0.1577
208mALA: 01|1|0.3418
272mLYS: 15|1|0.0445
310mGLU: 09|1|0.1007
376mPHE: 22|1|0.0066
415mGLY: 17|1|0.4544
123mVAL: 01|1|0.2477
141mGLY: 29|1|0.5684
207mGLU: 01|1|0.1313
418mGLU: 22|1|0.1926
443mSER: 13|1|0.0761
313mHIS: 09|1|0.0035
413mASN: 17|1|0.0648
143mALA: 29|1|0.2161
253mPHE: 23|1|0.0132
172mVAL: 05|1|0.0704
122mILE: 29|1|0.0711
454mSER: 20|1|0.228
454mGLY: 20|1|0.3458
277mGLN: 05|1|0.1359
122mHIS: 29|1|0.4057
454mHIS: 20|1|0.1076
303mARG: 13|1|0.1245
226mASP: 01|1|0.1094
420mHIS: 22|1|0.4057
436mTHR: 16|1|0.1192
405mMET: 17|1|0.2758
172mALA: 05|1|0.0264
277mASN: 05|1|0.201
249mALA: 12|1|0.4693
442mLYS: 13|1|0.0218
226mGLN: 01|1|0.2682
313mSER: 09|1|0.1426
383mTRP: 17|1|0.0265
137mTHR: 29|1|0.2138
310mLYS: 09|1|0.2526
426mASN: 04|1|0.1185
201mALA: 28|1|0.096
418mTRP: 22|1|0.1497
277mALA: 05|1|0.0264
302mGLY: 13|1|0.1577
122mTRP: 29|1|0.1665
437mSER: 16|1|0.0804
201mASN: 28|1|0.2706
418mLEU: 22|1|0.1353
303mMET: 13|1|0.4546
182mILE: 01|1|0.9535
426mMET: 04|1|0.1948
334mHIS: 24|1|0.3506
255mALA: 23|1|0.2264
201mVAL: 28|1|0.14
249mCYS: 12|1|0.6519
420mGLN: 22|1|0.2055
456mLEU: 08|1|0.0825
201mGLY: 28|1|0.3098
292mTRP: 10|1|0.0265
270mLEU: 23|1|0.0176
310mPRO: 09|1|0.0671
249mLEU: 12|1|0.6829
397mGLU: 22|1|0.0694
453mGLY: 08|1|0.0802
383mMET: 17|1|0.2069
310mTHR: 09|1|0.1125
415mHIS: 17|1|0.2124
329mPHE: 16|1|0.1546
277mHIS: 05|1|0.3361
143mPHE: 29|1|0.0
434mALA: 16|1|0.1596
182mHIS: 01|1|0.1398
430mLYS: 04|1|0.0928
124mGLN: 01|1|0.303
292mSER: 10|1|0.1416
292mGLY: 10|1|0.1698
443mMET: 13|1|0.1414
123mPHE: 01|1|0.1245
454mGLU: 20|1|0.1385
123mLEU: 01|1|0.2598
418mARG: 22|1|0.0
397mSER: 22|1|0.1416
334mGLU: 24|1|0.1542
422mHIS: 22|1|0.1963
294mCYS: 05|1|0.6293
456mTHR: 08|1|0.1592
272mMET: 15|1|0.3218
434mSER: 16|1|0.0426
123mHIS: 01|1|0.5134
172mTRP: 05|1|0.0969
405mASN: 17|1|0.1995
405mGLN: 17|1|0.1344
434mARG: 16|1|0.1971
156mASP: 23|1|1.399
141mVAL: 29|1|0.9026
226mALA: 01|1|0.0758
182mSER: 01|1|0.3866
172mSER: 05|1|0.212
329mTHR: 16|1|0.0984
226mVAL: 01|1|0.2072
383mASN: 17|1|0.1306
292mGLN: 10|1|0.0655
334mMET: 24|1|0.2497
123mARG: 01|1|0.1245
172mILE: 05|1|0.0015
235mTRP: 28|1|0.0969
257mLEU: 23|1|0.0334
156mLEU: 23|1|1.505
143mVAL: 29|1|0.0769
313mLEU: 09|1|0.1064
279mLYS: 09|1|0.0197
255mCYS: 23|1|0.535
303mSER: 13|1|0.3893
292mLEU: 10|1|0.0121
123mALA: 01|1|0.2037
415mSER: 17|1|0.4479
405mLEU: 17|1|0.081
122mLEU: 29|1|0.1521
310mTRP: 09|1|0.0003
434mTHR: 16|1|0.2374
182mASN: 01|1|0.328
249mGLN: 12|1|0.6617
141mALA: 29|1|0.8282
334mCYS: 24|1|0.4062
329mCYS: 16|1|0.7194
303mILE: 13|1|0.1788
249mGLU: 12|1|0.8142
430mASN: 04|1|0.1546
280mTHR: 05|1|0.2048
124mLYS: 01|1|0.2783
