180mALA: 07,14,16,18,22,24,27,28,29|9|7.5279
180mGLU: 07,14,16,18,22,24,27,28,29|9|4.9157
181mGLY: 07,14,16,17,18,22,24,27,28|9|2.2704
124mVAL: 02,16,17,18,24,25,28|7|1.4975
208mTHR: 02,16,17,18,24,25,28|7|3.9519
124mALA: 02,16,17,18,24,25,28|7|1.8236
124mGLY: 02,16,17,18,24,25,28|7|2.4527
265mLYS: 07,14,16,18,24,29|6|3.7324
242mGLN: 03,04,05,12,13,20|6|1.8457
164mGLU: 03,05,09,12,20,23|6|2.3283
146mCYS: 07,14,18,21,22,29|6|6.2213
242mSER: 03,04,05,12,13,20|6|3.7596
146mTHR: 07,14,18,21,22,29|6|4.8
242mGLY: 03,04,05,12,13,20|6|4.6028
164mGLY: 03,05,09,12,20,23|6|3.0433
242mALA: 03,04,05,12,13,20|6|4.0911
164mVAL: 03,05,09,12,20,23|6|1.1651
243mGLU: 03,04,05,12,13,20|6|2.0909
242mGLU: 03,04,05,12,13,20|6|4.8727
242mASP: 03,04,05,12,13,20|6|2.9815
262mTHR: 14,16,18,24,27,29|6|2.0342
164mLEU: 03,05,09,12,20,23|6|1.4046
265mTHR: 07,14,16,18,24,29|6|2.4476
242mILE: 03,04,05,12,13,20|6|2.3587
242mLEU: 03,04,05,12,13,20|6|1.7452
262mGLY: 14,16,18,24,27,29|6|2.7662
242mHIS: 03,04,05,12,13,20|6|2.6267
262mGLU: 14,16,18,24,27,29|6|2.4071
146mGLY: 07,14,18,21,22,29|6|3.8261
146mALA: 07,14,18,21,22,29|6|5.7004
242mLYS: 03,04,05,12,13,20|6|5.583
164mALA: 03,05,09,12,20,23|6|1.9301
191mGLY: 03,04,05,12,20,23|6|0.6362
242mTHR: 03,04,05,12,13,20|6|5.1038
263mGLY: 16,18,24,27,29|5|0.8193
144mGLY: 07,14,21,22,29|5|1.308
297mGLU: 03,09,19,20,23|5|1.6013
165mMET: 03,05,12,20,23|5|2.7504
165mTHR: 03,05,12,20,23|5|2.5987
165mGLU: 03,05,12,20,23|5|2.2715
194mILE: 03,04,12,20,23|5|0.66
261mALA: 14,16,24,27,29|5|2.1247
142mGLU: 07,14,21,22,28|5|2.1812
165mASN: 03,05,12,20,23|5|2.1673
194mSER: 03,04,12,20,23|5|1.9687
165mHIS: 03,05,12,20,23|5|3.0523
165mSER: 03,05,12,20,23|5|2.3249
178mCYS: 14,16,18,24,29|5|2.3888
165mGLY: 03,05,12,20,23|5|2.911
165mLEU: 03,05,12,20,23|5|1.7458
194mLYS: 03,04,12,20,23|5|1.2351
268mCYS: 07,14,21,22,29|5|3.0877
165mLYS: 03,05,12,20,23|5|0.8781
261mGLU: 14,16,24,27,29|5|1.4907
165mGLN: 03,05,12,20,23|5|1.5854
194mGLY: 03,04,12,20,23|5|2.2391
140mALA: 02,03,21,22,23|5|4.0204
194mALA: 03,04,12,20,23|5|2.1217
165mALA: 03,05,12,20,23|5|1.815
165mVAL: 03,05,12,20,23|5|1.8028
142mLYS: 07,14,21,22,28|5|3.3461
142mTHR: 07,14,21,22,28|5|2.7722
194mLEU: 03,04,12,20,23|5|1.702
127mTHR: 02,13,25,28|4|2.4522
136mVAL: 02,22,23,25|4|0.8598
206mALA: 17,24,25,28|4|0.91
190mSER: 03,12,20,23|4|1.2348
218mGLU: 03,20,21,23|4|3.1353
190mASN: 03,12,20,23|4|0.4232
390mALA: 00,01,11,19|4|2.0548
358mGLY: 06,09,15,26|4|1.0502
218mASN: 03,20,21,23|4|1.4603
190mGLU: 03,12,20,23|4|1.4332
336mGLU: 00,01,08,11|4|2.1938
130mLEU: 02,12,13,23|4|0.9591
130mGLY: 02,12,13,23|4|1.1609
339mGLY: 00,01,08,11|4|1.2297
127mGLU: 02,13,25,28|4|3.9225
130mALA: 02,12,13,23|4|1.7252
130mSER: 02,12,13,23|4|0.6396
218mGLN: 03,20,21,23|4|0.4768
190mHIS: 03,12,20,23|4|1.16
230mASP: 16,17,24,27|4|0.6659
217mTHR: 03,20,21,23|4|3.9712
169mGLY: 03,12,20,23|4|0.1664
217mGLU: 03,20,21,23|4|3.1909
130mILE: 02,12,13,23|4|0.8769
339mTHR: 00,01,08,11|4|0.5324
190mTHR: 03,12,20,23|4|1.178
190mMET: 03,12,20,23|4|1.0472
206mGLU: 17,24,25,28|4|0.7503
336mTHR: 00,01,08,11|4|1.4857
206mGLY: 17,24,25,28|4|1.022
250mTHR: 13,17,25,26|4|1.4582
218mTHR: 03,20,21,23|4|2.4937
190mGLY: 03,12,20,23|4|1.2884
141mALA: 07,14,21,22|4|0.6008
259mASP: 16,27,29|3|0.6873
251mILE: 13,17,26|3|1.5137
203mCYS: 17,26,27|3|1.5241
122mALA: 02,07,25|3|0.384
408mTHR: 00,01,11|3|0.6435
162mCYS: 09,15,26|3|1.3853
219mTHR: 03,12,23|3|0.7473
411mGLU: 00,01,11|3|2.661
196mALA: 02,13,25|3|1.3791
193mGLU: 02,03,23|3|0.8296
341mTHR: 01,08,11|3|0.7924
251mGLY: 13,17,26|3|1.3311
162mASP: 09,15,26|3|1.0324
193mHIS: 02,03,23|3|0.6025
267mCYS: 07,21,22|3|2.0096
293mGLY: 09,19,20|3|2.6833
219mSER: 03,12,23|3|0.6524
161mGLU: 06,15,26|3|0.5401
337mVAL: 00,01,11|3|1.0591
123mGLU: 02,25,28|3|3.1238
122mARG: 02,07,25|3|0.0672
122mASP: 02,07,25|3|0.1004
259mCYS: 16,27,29|3|2.173
203mGLU: 17,26,27|3|1.8477
411mALA: 00,01,11|3|1.349
219mGLU: 03,12,23|3|0.8886
193mALA: 02,03,23|3|2.3095
251mASN: 13,17,26|3|1.2001
193mASN: 02,03,23|3|0.4619
438mGLU: 01,09,19|3|1.5095
193mCYS: 02,03,23|3|2.0576
122mLEU: 02,07,25|3|0.6084
193mSER: 02,03,23|3|1.0889
334mGLY: 00,01,11|3|0.6218
251mSER: 13,17,26|3|1.0491
159mGLU: 06,15,26|3|1.8719
203mASP: 17,26,27|3|0.7165
196mCYS: 02,13,25|3|1.7279
122mTHR: 02,07,25|3|0.9152
162mLEU: 09,15,26|3|0.4825
267mGLU: 07,21,22|3|0.7759
359mSER: 06,09,15|3|0.4068
251mALA: 13,17,26|3|2.0516
388mGLU: 00,01,11|3|0.6796
122mSER: 02,07,25|3|1.1264
293mGLN: 09,19,20|3|1.9222
193mGLY: 02,03,23|3|1.8045
293mGLU: 09,19,20|3|2.6244
193mLYS: 02,03,23|3|2.1036
123mTHR: 02,25,28|3|2.2365
122mASN: 02,07,25|3|1.0824
412mTHR: 00,01,11|3|0.8749
337mGLY: 00,01,11|3|1.256
259mLEU: 16,27,29|3|0.8892
162mALA: 09,15,26|3|1.3777
196mSER: 02,13,25|3|0.8604
122mGLY: 02,07,25|3|1.2392
123mASN: 02,25,28|3|0.8602
334mTHR: 00,01,11|3|1.2817
251mMET: 13,17,26|3|1.1449
293mASP: 09,19,20|3|1.2164
411mLYS: 00,01,11|3|3.0716
337mALA: 00,01,11|3|1.6807
251mLEU: 13,17,26|3|1.4387
162mSER: 09,15,26|3|0.602
162mGLY: 09,15,26|3|0.8372
219mALA: 03,12,23|3|0.5916
251mASP: 13,17,26|3|1.4339
359mTHR: 06,09,15|3|0.5525
293mLEU: 09,19,20|3|1.8703
251mHIS: 13,17,26|3|0.9109
251mGLU: 13,17,26|3|2.0597
122mMET: 02,07,25|3|1.3876
122mPHE: 02,07,25|3|0.0672
293mTRP: 09,19,20|3|1.6014
122mLYS: 02,07,25|3|0.2784
388mCYS: 00,01,11|3|1.6022
409mGLU: 00,01,11|3|4.1429
408mGLU: 00,01,11|3|1.256
438mCYS: 01,09,19|3|1.9248
411mTHR: 00,01,11|3|2.0714
122mVAL: 02,07,25|3|0.56
231mGLU: 16,17,27|3|0.7671
251mTRP: 13,17,26|3|0.943
388mGLY: 00,01,11|3|0.7565
203mPRO: 17,26,27|3|0.6547
251mTHR: 13,17,26|3|2.0219
196mASP: 02,13,25|3|1.0767
406mGLY: 00,01,11|3|0.4982
293mASN: 09,19,20|3|2.2138
251mPHE: 13,17,26|3|1.6415
293mTHR: 09,19,20|3|2.261
251mGLN: 13,17,26|3|1.3703
293mPHE: 09,19,20|3|0.9941
193mLEU: 02,03,23|3|0.6529
251mVAL: 13,17,26|3|1.6624
293mALA: 09,19,20|3|1.4636
337mLYS: 00,01,11|3|1.315
231mCYS: 16,17,27|3|0.2664
123mPHE: 02,25,28|3|1.2572
193mILE: 02,03,23|3|1.2853
259mILE: 16,27,29|3|0.6762
203mTHR: 17,26,27|3|1.4621
193mPRO: 02,03,23|3|0.4115
122mGLU: 02,07,25|3|0.8376
412mGLU: 00,01,11|3|1.6795
438mALA: 01,09,19|3|1.1266
196mILE: 02,13,25|3|0.8529
196mLEU: 02,13,25|3|1.2431
122mGLN: 02,07,25|3|0.822
226mGLY: 16,18,28|3|0.2895
196mGLY: 02,13,25|3|1.1435
162mGLU: 09,15,26|3|0.971
259mTHR: 16,27,29|3|0.35
123mCYS: 02,25,28|3|2.7909
438mGLY: 01,09,19|3|0.9997
359mGLU: 06,09,15|3|0.6943
123mILE: 02,25,28|3|1.48
293mVAL: 09,19,20|3|1.6525
300mGLU: 03,20,23|3|1.3477
251mPRO: 13,17,26|3|1.6019
293mSER: 09,19,20|3|2.2137
300mTHR: 03,20,23|3|0.7717
162mTHR: 09,15,26|3|0.4501
259mGLU: 16,27,29|3|0.7519
123mVAL: 02,25,28|3|1.8026
207mGLU: 18,25,28|3|0.2053
219mGLY: 03,12,23|3|0.9264
409mGLY: 00,01,11|3|1.2919
203mILE: 17,26,27|3|0.6514
122mILE: 02,07,25|3|0.2844
159mSER: 06,15,26|3|0.4512
438mLYS: 01,09,19|3|2.6102
122mTRP: 02,07,25|3|0.666
122mHIS: 02,07,25|3|1.6228
408mLYS: 00,01,11|3|1.7348
409mLYS: 00,01,11|3|2.4738
123mLEU: 02,25,28|3|2.3702
334mGLU: 00,01,11|3|1.1114
388mILE: 00,01,11|3|0.5501
123mASP: 02,25,28|3|1.4275
305mALA: 10,21,29|3|1.4004
388mALA: 00,01,11|3|0.8206
123mALA: 02,25,28|3|2.6505
219mLYS: 03,12,23|3|0.8069
203mGLN: 17,26,27|3|0.3839
337mILE: 00,01,11|3|0.7743
359mGLY: 06,09,15|3|0.8337
278mCYS: 20,21,23|3|0.8519
235mGLU: 26,27|2|1.653
175mGLY: 21,22|2|0.6108
440mGLU: 09,19|2|2.7563
133mLEU: 02,23|2|0.0932
167mASN: 09,23|2|0.2753
387mALA: 00,01|2|0.9956
235mPHE: 26,27|2|1.5182
303mGLN: 21,22|2|0.9091
356mCYS: 09,15|2|1.1169
264mTHR: 16,29|2|0.3895
441mVAL: 09,19|2|0.2716
274mTHR: 21,22|2|0.8205
290mLEU: 09,19|2|1.5253
201mGLU: 17,27|2|0.9086
440mLYS: 09,19|2|1.4772
321mGLU: 10,19|2|0.2431
148mCYS: 21,22|2|1.2788
315mSER: 10,19|2|0.1617
345mGLY: 01,11|2|0.6168
425mSER: 06,15|2|0.1554
400mSER: 08,10|2|0.3676
220mTHR: 03,20|2|1.38
289mMET: 09,19|2|0.55
284mSER: 09,10|2|0.9646
440mTHR: 09,19|2|1.9299
274mGLN: 21,22|2|0.1947
422mSER: 08,15|2|0.374
329mASN: 11,19|2|0.399
220mGLN: 03,20|2|1.0216
349mGLY: 06,15|2|0.4456
290mGLN: 09,19|2|1.6685
260mASP: 14,17|2|0.0354
348mGLY: 06,15|2|0.472
220mMET: 03,20|2|0.6515
455mGLU: 06,15|2|0.8789
303mLEU: 21,22|2|1.5623
349mALA: 06,15|2|0.7508
302mPHE: 10,21|2|0.1058
302mCYS: 10,21|2|0.3237
333mMET: 00,11|2|0.4691
338mGLU: 08,11|2|0.9934
289mGLY: 09,19|2|0.4016
175mILE: 21,22|2|0.6854
333mTHR: 00,11|2|0.3671
235mPRO: 26,27|2|1.3384
422mALA: 08,15|2|1.1249
132mLEU: 25,28|2|0.1909
440mASN: 09,19|2|1.7286
220mPHE: 03,20|2|1.279
387mLEU: 00,01|2|0.453
333mGLY: 00,11|2|0.7522
425mGLY: 06,15|2|0.391
167mSER: 09,23|2|0.3692
220mILE: 03,20|2|1.15
329mGLY: 11,19|2|0.4774
235mHIS: 26,27|2|0.6058
321mSER: 10,19|2|0.3379
289mHIS: 09,19|2|0.7852
348mCYS: 06,15|2|0.9005
204mGLU: 17,25|2|0.7366
425mASP: 06,15|2|0.5428
175mALA: 21,22|2|0.9721
284mALA: 09,10|2|0.6769
260mTHR: 14,17|2|0.0984
201mGLN: 17,27|2|0.5668
439mGLU: 09,19|2|1.7299
425mCYS: 06,15|2|1.2972
423mALA: 06,15|2|0.9092
201mSER: 17,27|2|0.1346
235mGLY: 26,27|2|0.971
175mCYS: 21,22|2|1.6199
235mILE: 26,27|2|1.3636
220mALA: 03,20|2|1.0056
303mCYS: 21,22|2|1.4596
220mVAL: 03,20|2|1.1111
135mSER: 02,25|2|0.7763
215mASN: 21,23|2|0.4381
220mSER: 03,20|2|0.5484
348mALA: 06,15|2|0.7618
303mVAL: 21,22|2|0.7627
422mLEU: 08,15|2|0.224
148mASP: 21,22|2|0.5596
439mSER: 09,19|2|0.9814
290mPHE: 09,19|2|1.0899
135mALA: 02,25|2|0.5987
329mGLN: 11,19|2|0.2688
290mGLY: 09,19|2|1.9598
356mLEU: 09,15|2|0.6098
387mLYS: 00,01|2|0.3208
441mLYS: 09,19|2|0.2766
451mGLY: 06,15|2|0.15
240mASN: 03,20|2|0.1672
284mASN: 09,10|2|0.8887
453mLYS: 06,15|2|0.4138
133mGLY: 02,23|2|0.2434
235mTYR: 26,27|2|0.4434
290mASN: 09,19|2|1.949
425mALA: 06,15|2|0.8946
356mGLU: 09,15|2|1.1679
329mVAL: 11,19|2|0.1378
450mALA: 06,15|2|0.3518
167mTHR: 09,23|2|0.2463
290mTHR: 09,19|2|2.067
260mPHE: 14,17|2|0.1546
133mLYS: 02,23|2|0.1326
240mSER: 03,20|2|0.2112
303mPHE: 21,22|2|0.7465
284mILE: 09,10|2|0.4452
321mGLY: 10,19|2|0.4077
329mMET: 11,19|2|0.5516
235mLEU: 26,27|2|1.505
201mTRP: 17,27|2|0.4996
274mSER: 21,22|2|0.4782
197mCYS: 02,25|2|1.55
167mGLU: 09,23|2|0.451
167mGLY: 09,23|2|0.6948
284mTRP: 09,10|2|0.2852
451mALA: 06,15|2|0.4172
389mALA: 00,11|2|0.336
441mALA: 09,19|2|0.462
240mHIS: 03,20|2|0.7076
260mLEU: 14,17|2|0.1414
274mLEU: 21,22|2|0.6413
201mPRO: 17,27|2|0.815
400mGLY: 08,10|2|0.2751
454mLYS: 06,15|2|0.4025
348mASP: 06,15|2|0.3391
422mGLY: 08,15|2|0.7582
240mGLY: 03,20|2|0.324
201mASP: 17,27|2|0.691
442mGLU: 09,19|2|0.3772
329mLEU: 11,19|2|0.162
274mGLU: 21,22|2|1.1282
290mMET: 09,19|2|1.9732
454mALA: 06,15|2|0.6138
201mCYS: 17,27|2|0.9188
133mALA: 02,23|2|0.747
235mASP: 26,27|2|1.399
422mMET: 08,15|2|0.1525
441mGLY: 09,19|2|0.7134
302mGLU: 10,21|2|0.4906
387mSER: 00,01|2|0.4324
148mALA: 21,22|2|0.631
349mCYS: 06,15|2|1.1934
329mALA: 11,19|2|0.0498
329mHIS: 11,19|2|0.6692
175mASP: 21,22|2|0.9007
333mLEU: 00,11|2|0.2694
439mTHR: 09,19|2|0.8897
260mCYS: 14,17|2|0.7194
387mCYS: 00,01|2|1.1154
201mTHR: 17,27|2|1.0344
356mASP: 09,15|2|0.3928
422mTHR: 08,15|2|0.4651
303mGLU: 21,22|2|2.3832
235mVAL: 26,27|2|1.3648
239mGLY: 05,25|2|0.2697
204mTHR: 17,25|2|1.1271
220mTRP: 03,20|2|0.9142
197mASP: 02,25|2|0.8308
132mTHR: 25,28|2|0.2341
204mGLY: 17,25|2|0.4505
441mTHR: 09,19|2|0.6582
220mGLU: 03,20|2|1.7312
441mLEU: 09,19|2|0.5288
303mTHR: 21,22|2|1.8912
306mASP: 10,21|2|0.1848
329mTHR: 11,19|2|0.3154
135mGLY: 02,25|2|0.9303
400mTHR: 08,10|2|0.2988
284mGLY: 09,10|2|1.0374
167mLEU: 09,23|2|0.474
197mGLY: 02,25|2|0.5409
235mTHR: 26,27|2|1.462
338mGLY: 08,11|2|0.4542
167mGLN: 09,23|2|0.3293
220mPRO: 03,20|2|1.0242
235mALA: 26,27|2|1.19
303mASP: 21,22|2|1.5476
441mSER: 09,19|2|0.6866
175mLEU: 21,22|2|0.8027
290mASP: 09,19|2|1.0511
215mGLU: 21,23|2|0.5141
220mASN: 03,20|2|0.7866
167mASP: 09,23|2|0.4213
135mHIS: 02,25|2|0.719
235mSER: 26,27|2|0.6672
220mASP: 03,20|2|1.1474
440mGLY: 09,19|2|1.671
439mLYS: 09,19|2|1.2592
423mLYS: 06,15|2|0.6058
356mTHR: 09,15|2|0.777
440mSER: 09,19|2|1.2855
454mILE: 06,15|2|0.2398
215mTHR: 21,23|2|0.3733
321mHIS: 10,19|2|0.5674
338mASP: 08,11|2|0.732
400mGLU: 08,10|2|0.4202
451mILE: 06,15|2|0.1568
345mTHR: 01,11|2|0.4382
220mCYS: 03,20|2|1.7793
235mMET: 26,27|2|1.1374
315mTHR: 10,19|2|0.0312
440mALA: 09,19|2|0.5572
135mLEU: 02,25|2|0.4952
306mCYS: 10,21|2|0.8519
201mILE: 17,27|2|0.5853
132mGLU: 25,28|2|0.3934
260mGLU: 14,17|2|0.2894
284mTHR: 09,10|2|1.279
329mGLU: 11,19|2|0.2766
290mILE: 09,19|2|1.2554
413mLYS: 00,11|2|0.5769
329mSER: 11,19|2|0.421
133mCYS: 02,23|2|1.1496
400mASN: 08,10|2|0.4054
389mCYS: 00,11|2|0.5022
348mLEU: 06,15|2|0.1641
148mGLY: 21,22|2|0.2697
133mSER: 02,23|2|0.0078
289mSER: 09,19|2|0.2888
345mHIS: 01,11|2|0.6213
345mSER: 01,11|2|0.3222
315mGLY: 10,19|2|0.3077
235mASN: 26,27|2|0.8456
425mILE: 06,15|2|0.1476
274mVAL: 21,22|2|0.148
290mTRP: 09,19|2|1.4556
425mLEU: 06,15|2|0.2408
290mGLU: 09,19|2|2.2451
220mLEU: 03,20|2|1.1666
345mASN: 01,11|2|0.5252
235mCYS: 26,27|2|2.083
440mVAL: 09,19|2|0.4267
453mASP: 06,15|2|0.1922
400mHIS: 08,10|2|0.2761
215mLYS: 21,23|2|0.1753
239mALA: 05,25|2|0.631
345mGLN: 01,11|2|0.1602
284mLEU: 09,10|2|0.826
148mLEU: 21,22|2|0.4616
284mGLU: 09,10|2|1.5597
239mASP: 05,25|2|0.5596
454mSER: 06,15|2|0.3735
284mMET: 09,10|2|0.9163
451mCYS: 06,15|2|0.9224
235mARG: 26,27|2|0.0194
274mGLY: 21,22|2|0.6124
425mARG: 06,15|2|0.121
284mVAL: 09,10|2|0.6878
215mALA: 21,23|2|0.1381
290mVAL: 09,19|2|1.4915
240mMET: 03,20|2|0.4724
439mALA: 09,19|2|0.4893
167mPHE: 09,23|2|0.1685
175mSER: 21,22|2|0.3411
338mLYS: 08,11|2|0.7567
289mTHR: 09,19|2|0.0776
289mASN: 09,19|2|0.2448
177mVAL: 14,24|2|0.1495
275mCYS: 10,21|2|0.4934
135mMET: 02,25|2|0.5617
440mHIS: 09,19|2|0.6179
329mTRP: 11,19|2|0.1908
220mHIS: 03,20|2|0.1473
204mCYS: 17,25|2|0.2068
201mASN: 17,27|2|0.631
450mCYS: 06,15|2|0.7544
342mHIS: 01,11|2|0.1764
349mILE: 06,15|2|0.092
441mGLU: 09,19|2|0.7858
333mGLU: 00,11|2|0.3803
453mTHR: 06,15|2|0.1543
425mLYS: 06,15|2|0.2802
201mGLY: 17,27|2|0.4347
274mALA: 21,22|2|0.9313
387mGLY: 00,01|2|0.6478
365mSER: 00,01|2|0.1079
422mLYS: 08,15|2|0.7932
452mCYS: 06,15|2|0.9142
440mGLN: 09,19|2|0.6371
284mHIS: 09,10|2|0.8237
454mGLU: 06,15|2|0.5482
290mALA: 09,19|2|1.2974
239mLEU: 05,25|2|0.4616
290mLYS: 09,19|2|0.6604
284mGLN: 09,10|2|0.6326
439mGLY: 09,19|2|1.14
290mHIS: 09,19|2|1.97
167mVAL: 09,23|2|0.3021
220mGLY: 03,20|2|0.7033
290mSER: 09,19|2|1.844
422mHIS: 08,15|2|0.4286
239mCYS: 05,25|2|1.2788
333mALA: 00,11|2|0.4507
215mSER: 21,23|2|0.3893
133mASP: 02,23|2|0.3952
260mVAL: 14,17|2|0.0012
135mGLU: 02,25|2|0.6592
303mILE: 21,22|2|0.8076
274mILE: 21,22|2|0.3759
167mTRP: 09,23|2|0.2604
333mHIS: 00,11|2|0.6737
235mGLN: 26,27|2|1.3558
333mSER: 00,11|2|0.5646
321mMET: 10,19|2|0.4216
321mTHR: 10,19|2|0.2181
272mCYS: 21,29|2|0.5262
235mTRP: 26,27|2|1.2548
167mALA: 09,23|2|0.3513
215mILE: 21,23|2|0.084
348mSER: 06,15|2|0.2082
197mALA: 02,25|2|0.9022
