410mHIS: 10,16,20|3|1.1229
410mGLU: 10,16,20|3|1.2019
390mALA: 10,16,20|3|1.6501
388mALA: 20,22|2|1.014
362mASN: 20,22|2|1.3028
409mGLU: 10,16|2|1.4553
365mALA: 20,22|2|1.664
394mGLY: 10,16|2|1.1993
394mGLU: 10,16|2|1.1634
351mALA: 20,22|2|1.2331
362mPRO: 20,22|2|1.002
389mALA: 10,16|2|1.2652
362mTHR: 20,22|2|1.4669
440mGLY: 20,22|2|1.1811
362mGLU: 20,22|2|1.5044
403mCYS: 10,16|2|1.8354
440mHIS: 20,22|2|1.1299
339mLYS: 10,16|2|1.0903
438mTHR: 20,22|2|1.472
440mSER: 20,22|2|1.0257
394mLYS: 10,16|2|1.6105
409mASP: 10,16|2|1.2429
362mSER: 20,22|2|1.2307
362mGLY: 20,22|2|1.5907
389mLYS: 10,16|2|1.1345
438mLYS: 20,22|2|1.3939
369mASN: 20,22|2|1.7091
437mHIS: 20,22|2|1.2136
403mALA: 10,16|2|1.0822
369mALA: 20,22|2|1.2545
369mGLY: 20,22|2|1.4354
438mGLU: 20,22|2|2.0745
407mGLU: 10,16|2|1.0932
351mLYS: 20,22|2|1.3549
339mCYS: 10,16|2|2.462
438mSER: 20,22|2|1.4319
403mGLY: 10,16|2|1.214
369mPRO: 20,22|2|1.0908
438mALA: 20,22|2|1.3663
362mILE: 20,22|2|1.1893
362mLYS: 20,22|2|2.0989
369mTHR: 20,22|2|1.25
362mALA: 20,22|2|1.8259
394mTHR: 10,16|2|1.614
438mHIS: 20,22|2|1.9084
403mASP: 10,16|2|1.9234
362mASP: 20,22|2|1.628
369mLYS: 20,22|2|1.8657
394mASN: 10,16|2|1.3983
403mTHR: 10,16|2|1.0853
438mGLY: 20,22|2|1.6281
403mGLU: 10,16|2|1.3171
362mCYS: 20,22|2|2.1964
401mGLN: 10|1|1.0456
401mMET: 10|1|1.2192
401mTHR: 10|1|1.1453
364mALA: 20|1|1.494
441mGLY: 10|1|1.1388
441mSER: 10|1|1.026
441mHIS: 10|1|1.5224
401mGLU: 10|1|1.202
401mLEU: 10|1|1.0134
364mLYS: 20|1|1.221
401mHIS: 10|1|1.071
401mGLY: 10|1|1.0618
441mMET: 10|1|1.2872
