164mVAL: 02,07,09,10,11,20,22,25|8|3.0158
164mILE: 02,07,09,10,11,20,22,25|8|2.7567
164mALA: 02,07,09,10,11,20,22,25|8|5.4126
164mLEU: 02,07,09,10,11,20,22,25|8|3.0497
164mSER: 02,07,09,10,11,20,22,25|8|4.5583
164mGLY: 02,07,09,10,11,20,22,25|8|5.161
243mGLU: 02,09,10,11,20,22,25|7|4.8858
165mHIS: 02,07,09,10,11,20,25|7|5.1129
165mTHR: 02,07,09,10,11,20,25|7|5.1725
165mGLU: 02,07,09,10,11,20,25|7|4.4119
165mALA: 02,07,09,10,11,20,25|7|5.0104
165mGLY: 02,07,09,10,11,20,25|7|5.3224
165mLEU: 02,07,09,10,11,20,25|7|4.0975
165mVAL: 02,07,09,10,11,20,25|7|4.2041
165mILE: 02,07,09,10,11,20,25|7|3.4111
165mLYS: 02,07,09,10,11,20,25|7|3.8914
165mSER: 02,07,09,10,11,20,25|7|5.4038
159mSER: 02,07,10,20,22,25|6|2.6491
242mGLU: 02,07,09,10,11,20|6|2.1318
245mGLU: 07,09,11,20,22|5|3.8485
245mALA: 07,09,11,20,22|5|3.4921
245mVAL: 07,09,11,20,22|5|2.9033
245mILE: 07,09,11,20,22|5|2.7266
245mASN: 07,09,11,20,22|5|1.5757
245mGLY: 07,09,11,20,22|5|2.8293
245mMET: 07,09,11,20,22|5|2.519
163mCYS: 02,07,10,20,25|5|2.5238
245mGLN: 07,09,11,20,22|5|2.5733
245mHIS: 07,09,11,20,22|5|1.5225
245mTHR: 07,09,11,20,22|5|3.7085
245mLEU: 07,09,11,20,22|5|3.4455
194mGLY: 02,09,20,25|4|1.3763
194mASN: 02,09,20,25|4|1.1652
194mTHR: 02,09,20,25|4|1.4684
158mALA: 02,07,10,22|4|2.5688
157mGLY: 02,07,10,22|4|1.1299
194mHIS: 02,09,20,25|4|1.7572
250mTHR: 02,07,10,22|4|1.0909
157mALA: 02,07,10,22|4|1.5371
244mMET: 02,09,22,25|4|1.2109
158mILE: 02,07,10,22|4|1.8729
194mVAL: 02,09,20,25|4|1.0034
194mMET: 02,09,20,25|4|1.4568
194mSER: 02,09,20,25|4|1.4462
250mGLU: 02,07,10,22|4|1.0842
158mGLY: 02,07,10,22|4|2.4927
167mASN: 02,09,20|3|1.2173
167mGLU: 02,09,20|3|1.5303
249mILE: 07,10,20|3|1.2425
167mSER: 02,09,20|3|1.0823
167mLYS: 02,09,20|3|1.1882
249mLEU: 07,10,20|3|1.831
249mALA: 07,10,20|3|2.0803
167mGLY: 02,09,20|3|1.2119
167mALA: 02,09,20|3|1.194
167mVAL: 02,09,20|3|1.0682
249mSER: 07,10,20|3|1.1162
249mASP: 07,10,20|3|1.6356
249mTHR: 07,10,20|3|1.6886
249mMET: 07,10,20|3|1.2464
167mTHR: 02,09,20|3|1.2269
249mGLY: 07,10,20|3|1.6972
249mGLN: 07,10,20|3|1.2126
251mGLU: 07,10,22|3|1.7696
249mGLU: 07,10,20|3|1.9004
