249mASP: 09,10,21,24,25,27|6|2.048
158mSER: 09,10,21,24,25,27|6|2.806
164mGLU: 09,10,15,17,25,27|6|3.934
158mALA: 09,10,21,24,25,27|6|2.7635
249mASN: 09,10,21,24,25,27|6|1.9596
249mILE: 09,10,21,24,25,27|6|1.1586
164mCYS: 09,10,15,17,25,27|6|5.7676
249mSER: 09,10,21,24,25,27|6|2.7291
249mTHR: 09,10,21,24,25,27|6|2.1931
158mGLN: 09,10,21,24,25,27|6|3.3709
249mGLY: 09,10,21,24,25,27|6|2.1069
158mGLY: 09,10,21,24,25,27|6|3.0218
249mGLN: 09,10,21,24,25,27|6|2.5197
249mGLU: 09,10,21,24,25,27|6|2.2054
157mGLU: 17,21,24,25,27|5|4.6965
165mGLN: 09,10,15,17,25|5|3.6983
157mLEU: 17,21,24,25,27|5|3.6707
251mTRP: 10,21,24,25,27|5|2.2248
251mGLN: 10,21,24,25,27|5|3.7941
157mGLN: 17,21,24,25,27|5|3.8585
251mSER: 10,21,24,25,27|5|2.9377
242mLYS: 10,15,17,24,25|5|2.1575
157mVAL: 17,21,24,25,27|5|3.4563
242mGLY: 10,15,17,24,25|5|2.3598
251mGLY: 10,21,24,25,27|5|3.1446
242mTHR: 10,15,17,24,25|5|3.4514
242mGLU: 10,15,17,24,25|5|2.318
165mCYS: 09,10,15,17,25|5|7.1453
242mGLN: 10,15,17,24,25|5|2.0164
165mASP: 09,10,15,17,25|5|4.652
165mGLU: 09,10,15,17,25|5|4.7953
165mTHR: 09,10,15,17,25|5|4.8641
165mALA: 09,10,15,17,25|5|5.1869
165mGLY: 09,10,15,17,25|5|4.4923
251mALA: 10,21,24,25,27|5|3.0459
165mLEU: 09,10,15,17,25|5|4.0004
251mVAL: 10,21,24,25,27|5|3.3803
165mILE: 09,10,15,17,25|5|3.9456
157mGLY: 17,21,24,25,27|5|3.9076
251mMET: 10,21,24,25,27|5|2.6577
157mSER: 17,21,24,25,27|5|3.1811
242mILE: 10,15,17,24,25|5|1.7837
251mILE: 10,21,24,25,27|5|3.0081
251mTHR: 10,21,24,25,27|5|4.522
157mMET: 17,21,24,25,27|5|4.1953
165mASN: 09,10,15,17,25|5|2.4437
157mALA: 17,21,24,25,27|5|2.9282
251mASN: 10,21,24,25,27|5|2.5504
157mHIS: 17,21,24,25,27|5|3.6828
157mTHR: 17,21,24,25,27|5|4.2735
242mALA: 10,15,17,24,25|5|3.2396
157mASN: 17,21,24,25,27|5|3.171
165mSER: 09,10,15,17,25|5|3.6106
157mILE: 17,21,24,25,27|5|2.7789
242mSER: 10,15,17,24,25|5|3.1282
251mGLU: 10,21,24,25,27|5|4.555
251mLEU: 10,21,24,25,27|5|3.3995
251mPHE: 10,21,24,25,27|5|2.4429
242mCYS: 10,15,17,24,25|5|1.9289
251mASP: 10,21,24,25,27|5|3.4045
157mTRP: 17,21,24,25,27|5|3.1748
167mLEU: 10,15,17,27|4|1.22
167mGLU: 10,15,17,27|4|1.3337
250mSER: 09,21,24,27|4|1.9561
167mGLN: 10,15,17,27|4|1.1592
167mSER: 10,15,17,27|4|1.1469
245mGLU: 09,24,25,27|4|1.8172
245mALA: 09,24,25,27|4|1.64
167mGLY: 10,15,17,27|4|1.5012
245mSER: 09,24,25,27|4|1.1786
250mGLN: 09,21,24,27|4|1.1208
167mALA: 10,15,17,27|4|1.2211
245mGLY: 09,24,25,27|4|2.0796
167mMET: 10,15,17,27|4|1.3987
167mTHR: 10,15,17,27|4|1.3082
167mHIS: 10,15,17,27|4|1.3681
