243mTHR: 00,09,11,17|4|1.7158
194mGLY: 00,09,11,17|4|2.8287
164mHIS: 00,09,11,17|4|4.4873
194mASN: 00,09,11,17|4|3.1655
164mMET: 00,09,11,17|4|2.8455
243mALA: 00,09,11,17|4|1.7221
242mLYS: 00,09,11,17|4|2.9481
194mTHR: 00,09,11,17|4|3.9942
242mGLY: 00,09,11,17|4|1.9904
243mLYS: 00,09,11,17|4|1.8283
194mALA: 00,09,11,17|4|1.8839
164mALA: 00,09,11,17|4|3.79
242mTHR: 00,09,11,17|4|3.5404
242mGLU: 00,09,11,17|4|4.7725
194mHIS: 00,09,11,17|4|1.7664
242mASP: 00,09,11,17|4|1.0924
165mGLU: 00,09,11,17|4|2.4554
164mGLN: 00,09,11,17|4|2.2795
164mLEU: 00,09,11,17|4|1.5366
164mASN: 00,09,11,17|4|3.3425
164mASP: 00,09,11,17|4|3.3872
165mALA: 00,09,11,17|4|1.8189
242mASN: 00,09,11,17|4|1.274
194mILE: 00,09,11,17|4|1.6501
164mSER: 00,09,11,17|4|3.8537
164mTHR: 00,09,11,17|4|3.7175
164mGLU: 00,09,11,17|4|4.4439
242mLEU: 00,09,11,17|4|1.7067
194mLYS: 00,09,11,17|4|3.4973
194mSER: 00,09,11,17|4|2.4928
164mGLY: 00,09,11,17|4|4.8641
242mALA: 00,09,11,17|4|2.7738
242mSER: 00,09,11,17|4|2.5576
164mLYS: 00,09,11,17|4|2.3336
194mGLU: 00,09,11,17|4|3.6819
242mTYR: 00,09,11,17|4|1.4669
242mCYS: 00,09,11,17|4|1.8268
194mGLN: 00,09,11,17|4|1.615
219mGLY: 00,11,17|3|1.4794
219mTHR: 00,11,17|3|1.3135
219mSER: 00,11,17|3|1.5021
244mGLU: 00,09,11|3|2.2688
219mGLU: 00,11,17|3|1.4599
244mTHR: 00,09,11|3|1.8771
244mGLY: 00,09,11|3|1.6093
