245mSER: 00,01,02,07,08,09,13,18,22,24,25,27|12|4.2742
158mGLY: 00,01,07,09,10,18,21,24,25,27|10|5.2969
158mALA: 00,01,07,09,10,18,21,24,25,27|10|5.3068
158mSER: 00,01,07,09,10,18,21,24,25,27|10|4.7514
251mILE: 00,01,07,10,18,21,24,25,27|9|6.1921
251mGLY: 00,01,07,10,18,21,24,25,27|9|6.8521
251mTHR: 00,01,07,10,18,21,24,25,27|9|9.2235
251mASN: 00,01,07,10,18,21,24,25,27|9|5.0276
251mMET: 00,01,07,10,18,21,24,25,27|9|6.297
251mLEU: 00,01,07,10,18,21,24,25,27|9|7.5616
251mGLU: 00,01,07,10,18,21,24,25,27|9|9.3495
251mSER: 00,01,07,10,18,21,24,25,27|9|5.8881
251mVAL: 00,01,07,10,18,21,24,25,27|9|7.0249
251mASP: 00,01,07,10,18,21,24,25,27|9|6.8456
251mTRP: 00,01,07,10,18,21,24,25,27|9|4.721
251mGLN: 00,01,07,10,18,21,24,25,27|9|7.4622
251mALA: 00,01,07,10,18,21,24,25,27|9|6.9359
157mGLY: 01,07,17,18,21,24,25,27|8|5.5273
157mSER: 01,07,17,18,21,24,25,27|8|4.4623
157mASN: 01,07,17,18,21,24,25,27|8|4.2979
242mSER: 01,06,07,10,15,17,24,25|8|3.9226
242mGLY: 01,06,07,10,15,17,24,25|8|3.2388
242mALA: 01,06,07,10,15,17,24,25|8|3.4772
157mGLU: 01,07,17,18,21,24,25,27|8|6.7998
242mGLU: 01,06,07,10,15,17,24,25|8|2.8958
242mILE: 01,06,07,10,15,17,24,25|8|1.9466
242mLYS: 01,06,07,10,15,17,24,25|8|2.3159
242mTHR: 01,06,07,10,15,17,24,25|8|4.0874
242mGLN: 01,06,07,10,15,17,24,25|8|2.5825
206mSER: 00,01,02,07,13,18,22|7|1.6632
249mILE: 09,10,21,24,25,27|6|1.1586
164mGLU: 09,10,15,17,25,27|6|3.934
164mCYS: 09,10,15,17,25,27|6|5.7676
249mASN: 09,10,21,24,25,27|6|1.9596
249mSER: 09,10,21,24,25,27|6|2.7291
249mTHR: 09,10,21,24,25,27|6|2.1931
237mGLU: 00,01,02,13,18,21|6|1.032
249mASP: 09,10,21,24,25,27|6|2.048
249mGLY: 09,10,21,24,25,27|6|2.1069
249mGLN: 09,10,21,24,25,27|6|2.5197
249mGLU: 09,10,21,24,25,27|6|2.2054
165mASP: 09,10,15,17,25|5|4.652
165mALA: 09,10,15,17,25|5|5.1869
165mTHR: 09,10,15,17,25|5|4.8641
165mCYS: 09,10,15,17,25|5|7.1453
165mGLU: 09,10,15,17,25|5|4.7953
165mASN: 09,10,15,17,25|5|2.4437
165mSER: 09,10,15,17,25|5|3.6106
165mGLY: 09,10,15,17,25|5|4.4923
165mLEU: 09,10,15,17,25|5|4.0004
165mILE: 09,10,15,17,25|5|3.9456
205mALA: 00,01,07,13,22|5|1.6908
165mGLN: 09,10,15,17,25|5|3.6983
197mASN: 02,13,18,22|4|1.1426
167mSER: 10,15,17,27|4|1.1469
201mSER: 00,01,07,13|4|1.5277
241mGLY: 02,06,15,22|4|1.0871
167mHIS: 10,15,17,27|4|1.3681
201mTRP: 00,01,07,13|4|1.2063
167mGLU: 10,15,17,27|4|1.3337
201mGLY: 00,01,07,13|4|1.5119
201mASP: 00,01,07,13|4|1.4033
167mALA: 10,15,17,27|4|1.2211
201mTHR: 00,01,07,13|4|1.8668
167mTHR: 10,15,17,27|4|1.3082
197mASP: 02,13,18,22|4|1.722
167mLEU: 10,15,17,27|4|1.22
167mGLN: 10,15,17,27|4|1.1592
201mILE: 00,01,07,13|4|1.215
197mSER: 02,13,18,22|4|1.8901
167mMET: 10,15,17,27|4|1.3987
201mGLN: 00,01,07,13|4|1.9469
201mASN: 00,01,07,13|4|1.4107
197mGLN: 02,13,18,22|4|1.8329
201mGLU: 00,01,07,13|4|1.9084
167mGLY: 10,15,17,27|4|1.5012
197mTHR: 02,13,18,22|4|1.4597
136mVAL: 02,06,08|3|1.2764
136mALA: 02,06,08|3|3.7784
193mHIS: 06,08,15|3|1.0672
123mMET: 06,13,22|3|1.9079
123mGLN: 06,13,22|3|1.0691
136mLYS: 02,06,08|3|2.2175
123mGLU: 06,13,22|3|1.6997
124mSER: 02,13,22|3|1.3572
136mCYS: 02,06,08|3|5.0574
123mCYS: 06,13,22|3|1.6641
136mGLU: 02,06,08|3|2.4544
193mGLY: 06,08,15|3|1.2655
123mTHR: 06,13,22|3|1.2118
123mGLY: 06,13,22|3|2.2465
123mILE: 06,13,22|3|1.4948
123mASN: 06,13,22|3|1.11
235mGLN: 00,01,07|3|1.1576
136mASP: 02,06,08|3|2.4105
136mTHR: 02,06,08|3|2.5154
124mGLY: 02,13,22|3|1.1189
136mSER: 02,06,08|3|2.7533
123mSER: 06,13,22|3|1.7838
136mGLN: 02,06,08|3|1.5142
136mGLY: 02,06,08|3|3.0908
123mVAL: 06,13,22|3|1.6034
136mILE: 02,06,08|3|1.9067
136mLEU: 02,06,08|3|2.0403
123mLEU: 06,13,22|3|1.6971
123mHIS: 06,13,22|3|1.9615
123mALA: 06,13,22|3|1.768
130mGLN: 02,18|2|1.0456
130mGLU: 02,18|2|1.202
196mALA: 08,18|2|1.1318
196mGLU: 08,18|2|1.3422
130mLEU: 02,18|2|1.0134
130mGLY: 02,18|2|1.0618
196mSER: 08,18|2|1.316
196mTHR: 08,18|2|1.008
196mASP: 08,18|2|1.3643
196mGLY: 08,18|2|1.1872
130mHIS: 02,18|2|1.071
130mTHR: 02,18|2|1.1453
130mMET: 02,18|2|1.2192
208mGLY: 22|1|1.0759
218mGLU: 15|1|1.518
362mALA: 25|1|1.3037
218mALA: 15|1|1.0112
218mGLN: 15|1|1.1453
218mHIS: 15|1|1.0936
362mASN: 25|1|1.5632
362mGLU: 25|1|1.137
362mGLY: 25|1|1.1087
218mGLY: 15|1|1.2501
362mLYS: 25|1|1.9785
218mSER: 15|1|1.1203
281mALA: 15|1|1.0274
218mMET: 15|1|1.1027
218mVAL: 15|1|1.0571
362mILE: 25|1|1.1237
208mHIS: 22|1|1.0295
281mCYS: 15|1|1.5326
362mPRO: 25|1|1.3752
362mTHR: 25|1|1.632
218mASP: 15|1|1.1256
218mTHR: 15|1|1.2845
218mLEU: 15|1|1.0007
