163 164 165 
164 165 249 
164 165 169 
163 164 249 
163 164 169 
165 169 194 
165 190 194 
163 165 249 
163 165 169 
165 169 190 
190 193 194 
130 193 194 
169 190 194 
130 190 194 
130 134 193 
130 190 193 
163 249 251 
123 126 127 
123 124 126 
124 126 127 
126 127 130 
123 134 136 
134 135 136 
123 135 136 
123 127 134 
123 134 135 
127 134 135 
127 130 134 
130 134 135 
123 127 135 
123 124 127 
123 124 135 
119 123 124 
124 127 135 
127 130 135 
342 345 346 
326 329 334 
340 342 377 
329 334 336 
261 263 264 
261 264 265 
261 263 265 
259 261 263 
258 259 261 
263 264 265 
263 264 266 
264 265 266 
338 340 403 
336 338 403 
336 338 340 
338 340 342 
400 403 419 
336 340 403 
263 265 266 
436 438 440 
