120 122 208 
120 123 208 
120 124 208 
120 122 123 
120 122 124 
120 123 124 
142 145 146 
145 146 265 
145 146 267 
145 146 268 
145 146 177 
146 265 267 
146 265 268 
146 177 265 
146 267 268 
146 177 267 
180 181 182 
177 180 181 
177 180 182 
123 127 208 
124 127 208 
123 127 134 
123 124 127 
127 196 197 
145 265 267 
145 265 268 
145 177 265 
145 267 268 
145 177 267 
123 134 136 
134 136 139 
123 136 139 
136 139 141 
336 337 339 
336 339 407 
337 339 407 
139 141 142 
177 181 182 
248 250 251 
197 248 250 
196 197 248 
196 241 248 
197 241 248 
122 123 208 
122 124 208 
123 124 208 
134 193 219 
123 134 139 
134 139 219 
122 123 124 
336 337 407 
265 267 268 
177 265 267 
267 268 272 
267 272 274 
267 268 274 
193 194 196 
193 196 197 
193 196 241 
193 194 219 
193 194 197 
193 194 241 
193 197 241 
390 407 412 
268 272 274 
272 274 303 
164 165 167 
139 217 219 
194 196 197 
194 196 241 
196 197 241 
194 197 241 
377 379 380 
