264mTHR: 07,16,19,20,24,25,26|7|1.7272
267mTHR: 02,07,16,19,24,25,26|7|6.1931
267mGLU: 02,07,16,19,24,25,26|7|7.1146
264mGLU: 07,16,19,20,24,25,26|7|2.5408
267mALA: 02,07,16,19,24,25,26|7|4.8705
267mSER: 02,07,16,19,24,25,26|7|5.5814
180mGLU: 00,04,13,14,20,24,26|7|4.3043
264mGLN: 07,16,19,20,24,25,26|7|1.4308
267mLEU: 02,07,16,19,24,25,26|7|3.1485
267mGLN: 02,07,16,19,24,25,26|7|3.3126
145mGLU: 00,04,13,14,16,19,20|7|1.8922
146mTHR: 00,13,14,16,19,20|6|2.8123
265mGLU: 02,07,16,20,24,26|6|2.6632
146mGLU: 00,13,14,16,19,20|6|3.7467
146mVAL: 00,13,14,16,19,20|6|2.0656
147mGLU: 00,13,14,16,19,20|6|1.6283
146mASP: 00,13,14,16,19,20|6|2.0913
130mGLN: 06,11,18,22,28|5|1.423
149mMET: 02,07,16,19,25|5|2.8079
127mTHR: 11,15,18,22,27|5|1.5584
130mGLU: 06,11,18,22,28|5|1.5872
122mHIS: 04,11,14,15,20|5|2.8399
127mGLY: 11,15,18,22,27|5|1.8784
122mLEU: 04,11,14,15,20|5|1.0647
130mLEU: 06,11,18,22,28|5|1.284
149mGLY: 02,07,16,19,25|5|2.8883
130mGLY: 06,11,18,22,28|5|1.6478
122mSER: 04,11,14,15,20|5|1.9712
130mVAL: 06,11,18,22,28|5|1.1655
130mASN: 06,11,18,22,28|5|1.4283
149mASP: 02,07,16,19,25|5|2.1311
122mASN: 04,11,14,15,20|5|1.8942
130mSER: 06,11,18,22,28|5|1.3831
126mGLY: 11,15,18,22,27|5|1.419
122mGLY: 04,11,14,15,20|5|2.1686
152mGLU: 02,07,16,19,25|5|2.8058
126mSER: 11,15,18,22,27|5|1.3636
149mALA: 02,07,16,19,25|5|2.1635
149mTHR: 02,07,16,19,25|5|3.3581
127mHIS: 11,15,18,22,27|5|1.4296
149mPHE: 02,07,16,19,25|5|2.1963
127mMET: 11,15,18,22,27|5|1.1889
122mGLU: 04,11,14,15,20|5|1.4658
149mTRP: 02,07,16,19,25|5|2.5497
122mGLN: 04,11,14,15,20|5|1.4385
152mGLY: 02,07,16,19,25|5|3.0704
149mLEU: 02,07,16,19,25|5|3.074
122mTHR: 04,11,14,15,20|5|1.6016
149mHIS: 02,07,16,19,25|5|2.9039
149mVAL: 02,07,16,19,25|5|2.7448
130mTRP: 06,11,18,22,28|5|1.2165
122mTRP: 04,11,14,15,20|5|1.1655
149mGLN: 02,07,16,19,25|5|3.3914
130mHIS: 06,11,18,22,28|5|1.8488
149mGLU: 02,07,16,19,25|5|3.5343
149mILE: 02,07,16,19,25|5|2.0381
130mTHR: 06,11,18,22,28|5|1.5693
122mMET: 04,11,14,15,20|5|2.4283
149mASN: 02,07,16,19,25|5|2.6607
130mMET: 06,11,18,22,28|5|1.8794
152mASN: 02,07,16,19,25|5|2.2875
149mSER: 02,07,16,19,25|5|2.7272
173mTHR: 02,16,19,25|4|3.4354
182mLEU: 00,04,20,26|4|1.8381
136mVAL: 06,13,15,27|4|1.5021
182mGLU: 00,04,20,26|4|2.3726
136mLYS: 06,13,15,27|4|1.5769
262mGLU: 00,20,24,26|4|1.6659
172mGLY: 02,16,19,25|4|1.2045
182mTRP: 00,04,20,26|4|1.3838
136mMET: 06,13,15,27|4|2.1928
124mTHR: 11,15,22,27|4|1.0658
182mTHR: 00,04,20,26|4|2.152
150mTHR: 02,16,19,25|4|3.1643
173mGLN: 02,16,19,25|4|2.6535
173mMET: 02,16,19,25|4|3.9163
150mGLU: 02,16,19,25|4|2.2629
150mMET: 02,16,19,25|4|2.0641
150mVAL: 02,16,19,25|4|2.5997
173mALA: 02,16,19,25|4|2.3064
173mGLU: 02,16,19,25|4|3.5421
136mGLU: 06,13,15,27|4|2.9969
173mILE: 02,16,19,25|4|1.7648
182mVAL: 00,04,20,26|4|1.4134
173mVAL: 02,16,19,25|4|2.4674
150mASN: 02,16,19,25|4|1.851
172mGLU: 02,16,19,25|4|1.4784
142mGLU: 04,13,14,19|4|2.1164
173mLEU: 02,16,19,25|4|2.8673
266mSER: 02,16,25,26|4|1.2478
261mHIS: 00,07,24,26|4|1.3011
261mGLY: 00,07,24,26|4|1.2401
136mASP: 06,13,15,27|4|1.4086
266mGLU: 02,16,25,26|4|1.3353
136mTHR: 06,13,15,27|4|2.5202
182mALA: 00,04,20,26|4|1.285
261mLEU: 00,07,24,26|4|1.2726
150mHIS: 02,16,19,25|4|2.062
150mLEU: 02,16,19,25|4|1.8735
136mASN: 06,13,15,27|4|2.9765
173mASP: 02,16,19,25|4|1.5235
150mILE: 02,16,19,25|4|1.4427
182mGLN: 00,04,20,26|4|2.1999
136mSER: 06,13,15,27|4|2.7794
150mSER: 02,16,19,25|4|1.5611
266mTHR: 02,16,25,26|4|1.2281
182mMET: 00,04,20,26|4|1.8267
173mPHE: 02,16,19,25|4|1.4047
136mGLN: 06,13,15,27|4|1.9218
261mGLU: 00,07,24,26|4|1.5415
136mGLY: 06,13,15,27|4|2.8234
261mSER: 00,07,24,26|4|1.454
261mTHR: 00,07,24,26|4|1.4343
206mGLU: 11,15,18,22|4|2.5006
182mGLY: 00,04,20,26|4|1.816
261mASN: 00,07,24,26|4|1.0392
150mALA: 02,16,19,25|4|2.9667
136mHIS: 06,13,15,27|4|2.7501
172mSER: 02,16,19,25|4|1.1399
206mSER: 11,15,18,22|4|1.7954
206mTHR: 11,15,18,22|4|2.1571
150mGLY: 02,16,19,25|4|2.8844
206mASN: 11,15,18,22|4|1.5186
172mHIS: 02,16,19,25|4|1.528
266mLEU: 02,16,25,26|4|1.0664
266mGLY: 02,16,25,26|4|1.0339
182mHIS: 00,04,20,26|4|2.2414
172mTHR: 02,16,19,25|4|1.228
182mSER: 00,04,20,26|4|1.9461
266mHIS: 02,16,25,26|4|1.0949
173mGLY: 02,16,19,25|4|3.7311
182mASN: 00,04,20,26|4|1.4892
150mGLN: 02,16,19,25|4|1.3341
196mGLN: 11,18,27|3|1.1309
123mLYS: 11,15,27|3|2.1687
210mTHR: 04,14,15|3|1.0494
219mASN: 06,25,28|3|1.3396
219mTHR: 06,25,28|3|1.2108
123mMET: 11,15,27|3|3.7522
219mHIS: 06,25,28|3|1.5708
123mGLU: 11,15,27|3|3.4917
257mASN: 02,07,25|3|1.3061
257mGLY: 02,07,25|3|1.2909
123mTRP: 11,15,27|3|1.6077
123mTHR: 11,15,27|3|3.3779
123mGLY: 11,15,27|3|3.7847
123mASN: 11,15,27|3|2.979
196mASN: 11,18,27|3|1.0546
134mHIS: 06,15,27|3|1.0448
196mTHR: 11,18,27|3|1.1615
123mSER: 11,15,27|3|3.6317
219mALA: 06,25,28|3|1.1577
219mVAL: 06,25,28|3|1.1165
257mGLU: 02,07,25|3|1.7014
123mGLN: 11,15,27|3|2.4012
257mSER: 02,07,25|3|1.2899
123mTYR: 11,15,27|3|1.8141
219mSER: 06,25,28|3|1.1476
204mGLY: 15,18,22|3|1.2108
196mASP: 11,18,27|3|1.3761
123mASP: 11,15,27|3|1.5758
196mGLY: 11,18,27|3|1.1856
257mTHR: 02,07,25|3|1.1221
123mILE: 11,15,27|3|1.7343
196mGLU: 11,18,27|3|1.5103
123mVAL: 11,15,27|3|2.4428
219mGLY: 06,25,28|3|1.4704
204mMET: 15,18,22|3|1.2618
219mMET: 06,25,28|3|1.2359
204mSER: 15,18,22|3|1.1128
123mLEU: 11,15,27|3|2.877
123mHIS: 11,15,27|3|4.072
123mPHE: 11,15,27|3|1.3497
210mGLU: 04,14,15|3|1.1061
204mHIS: 15,18,22|3|1.4664
123mARG: 11,15,27|3|1.0146
123mALA: 11,15,27|3|2.5524
219mLYS: 06,25,28|3|1.0804
210mMET: 04,14,15|3|1.1233
177mMET: 13,14|2|1.1067
224mGLU: 04,14|2|1.0094
177mGLY: 13,14|2|1.1394
205mHIS: 15,22|2|1.3444
205mMET: 15,22|2|1.1092
177mHIS: 13,14|2|1.4281
177mASN: 13,14|2|1.1521
248mCYS: 18,22|2|2.9022
177mSER: 13,14|2|1.1473
175mGLU: 16,19|2|1.0094
140mCYS: 13|1|1.1126
