346mTHR: 00,05,09,11,12,13,15,27|8|3.9437
346mGLY: 00,05,09,11,12,13,15,27|8|5.4758
346mSER: 00,05,09,11,12,13,15,27|8|4.2032
346mGLU: 00,05,09,11,12,13,15,27|8|5.4135
450mGLY: 05,09,11,13,15,27,29|7|2.3315
347mGLY: 00,05,09,11,13,15,27|7|3.132
450mLYS: 05,09,11,13,15,27,29|7|1.9462
450mLEU: 05,09,11,13,15,27,29|7|1.4912
450mALA: 05,09,11,13,15,27,29|7|2.0523
450mSER: 05,09,11,13,15,27,29|7|2.1498
347mLYS: 00,05,09,11,13,15,27|7|3.7859
347mTHR: 00,05,09,11,13,15,27|7|2.8755
450mVAL: 05,09,11,13,15,27,29|7|1.8932
450mGLU: 05,09,11,13,15,27,29|7|1.4792
347mGLU: 00,05,09,11,13,15,27|7|1.7789
450mTHR: 05,09,11,13,15,27,29|7|2.3794
347mALA: 00,05,09,11,13,15,27|7|3.6576
347mVAL: 00,05,09,11,13,15,27|7|2.4245
347mSER: 00,05,09,11,13,15,27|7|2.13
400mSER: 06,14,16,17,24,29|6|3.4052
400mGLY: 06,14,16,17,24,29|6|4.4619
400mTHR: 06,14,16,17,24,29|6|3.821
400mCYS: 06,14,16,17,24,29|6|3.8458
400mGLU: 06,14,16,17,24,29|6|4.4112
400mASN: 06,14,16,17,24,29|6|3.2432
400mILE: 06,14,16,17,24,29|6|1.1681
400mALA: 06,14,16,17,24,29|6|4.5358
400mLYS: 06,14,16,17,24,29|6|5.2384
345mGLY: 04,08,09,11|4|1.1935
339mALA: 04,08,16,17|4|2.966
377mCYS: 08,13,16,17|4|2.1379
428mILE: 06,14,24,29|4|1.8892
428mGLU: 06,14,24,29|4|1.8604
426mVAL: 03,06,14,29|4|1.1736
426mALA: 03,06,14,29|4|1.8783
426mSER: 03,06,14,29|4|1.4338
426mLYS: 03,06,14,29|4|2.5784
377mGLU: 08,13,16,17|4|1.4731
428mMET: 06,14,24,29|4|2.0225
428mHIS: 06,14,24,29|4|2.6414
428mSER: 06,14,24,29|4|2.4207
428mASN: 06,14,24,29|4|2.476
428mGLN: 06,14,24,29|4|1.3891
339mASP: 04,08,16,17|4|3.3248
428mALA: 06,14,24,29|4|3.5989
377mASP: 08,13,16,17|4|1.954
428mLYS: 06,14,24,29|4|3.3001
339mTHR: 04,08,16,17|4|2.8668
377mGLY: 08,13,16,17|4|1.6738
428mTYR: 06,14,24,29|4|1.2601
428mLEU: 06,14,24,29|4|1.8649
377mALA: 08,13,16,17|4|1.7473
428mGLY: 06,14,24,29|4|3.2037
339mCYS: 04,08,16,17|4|4.462
428mTHR: 06,14,24,29|4|2.9901
339mGLU: 04,08,16,17|4|3.5842
426mGLY: 03,06,14,29|4|2.2509
428mVAL: 06,14,24,29|4|2.8377
404mASP: 16,17,24|3|1.5422
401mTHR: 06,17,24|3|1.9829
421mCYS: 06,14,29|3|2.1943
394mLYS: 16,17,24|3|1.1297
421mALA: 06,14,29|3|1.8346
404mGLY: 16,17,24|3|1.0409
421mILE: 06,14,29|3|1.2185
401mGLY: 06,17,24|3|2.1213
403mLYS: 16,17,24|3|1.6717
443mGLU: 06,24,29|3|1.2142
394mTHR: 16,17,24|3|1.1325
401mASP: 06,17,24|3|2.1096
401mASN: 06,17,24|3|1.5522
403mCYS: 16,17,24|3|1.2841
341mGLY: 04,08,11|3|1.2269
394mALA: 16,17,24|3|1.2469
341mASP: 04,08,11|3|1.6211
443mGLY: 06,24,29|3|1.1312
421mGLY: 06,14,29|3|2.1937
370mALA: 00,19,27|3|1.167
401mGLU: 06,17,24|3|2.0907
419mALA: 06,14,17|3|1.5773
421mSER: 06,14,29|3|1.3812
401mALA: 06,17,24|3|1.6586
394mHIS: 16,17,24|3|1.1342
394mVAL: 16,17,24|3|1.0225
419mGLY: 06,14,17|3|1.466
443mSER: 06,24,29|3|1.0576
394mGLY: 16,17,24|3|1.2577
401mLYS: 06,17,24|3|2.0914
370mLYS: 00,19,27|3|1.0099
401mSER: 06,17,24|3|1.5283
403mGLY: 16,17,24|3|1.5703
341mGLU: 04,08,11|3|1.0393
362mGLY: 03,19|2|1.3515
360mALA: 03,19|2|1.9351
362mALA: 03,19|2|1.2826
362mCYS: 03,19|2|1.4622
362mASN: 03,19|2|1.2118
362mGLU: 03,19|2|1.9812
360mGLY: 03,19|2|1.1441
362mLYS: 03,19|2|1.6599
360mVAL: 03,19|2|1.3747
362mSER: 03,19|2|1.4832
360mLYS: 03,19|2|1.7303
434mALA: 16,24|2|1.2221
360mILE: 03,19|2|1.1607
362mTHR: 03,19|2|1.2171
362mASP: 03,19|2|1.3019
359mALA: 03|1|1.6296
