438mGLU: 09,15,18|3|1.7281
438mASN: 09,15,18|3|1.2291
438mHIS: 09,15,18|3|1.0202
438mSER: 09,15,18|3|1.2945
438mLYS: 09,15,18|3|1.0441
440mGLU: 09,18|2|1.2092
280mASP: 09,18|2|1.4073
293mCYS: 09,18|2|3.8342
293mGLN: 09,18|2|1.4701
293mPRO: 09,18|2|1.7984
362mGLY: 09,18|2|1.0844
293mLEU: 09,18|2|1.6075
293mGLY: 09,18|2|1.4713
281mASP: 09,18|2|1.9048
164mGLU: 09,18|2|1.8975
362mALA: 09,18|2|2.1074
297mGLU: 09,18|2|1.2693
362mCYS: 09,18|2|2.5385
440mSER: 09,18|2|1.0443
293mPHE: 09,18|2|1.9536
362mGLU: 09,18|2|2.3621
293mGLU: 09,18|2|3.3643
293mASP: 09,18|2|2.1939
190mCYS: 09,18|2|1.4102
190mALA: 09,18|2|1.2462
293mTHR: 09,18|2|2.5107
362mSER: 09,18|2|1.08
293mLYS: 09,18|2|1.2508
293mSER: 09,18|2|1.3921
293mALA: 09,18|2|2.2666
281mLYS: 09,18|2|1.0659
293mASN: 09,18|2|1.8471
281mGLU: 09,18|2|1.0512
293mVAL: 09,18|2|2.089
362mTHR: 09,18|2|1.4787
440mHIS: 09,18|2|1.0407
293mILE: 09,18|2|2.009
362mASP: 09,18|2|2.1587
