178mVAL: 00,02,03,04,06,09,12,17,18,23,28|11|5.4896
178mLYS: 00,02,03,04,06,09,12,17,18,23,28|11|6.8075
178mGLY: 00,02,03,04,06,09,12,17,18,23,28|11|4.6638
180mGLY: 00,02,03,04,06,09,12,17,18,23,28|11|12.4576
180mVAL: 00,02,03,04,06,09,12,17,18,23,28|11|13.1774
180mALA: 00,02,03,04,06,09,12,17,18,23,28|11|19.6672
180mLYS: 00,02,03,04,06,09,12,17,18,23,28|11|17.4576
178mALA: 00,02,03,04,06,09,12,17,18,23,28|11|7.4093
178mILE: 00,02,03,04,06,09,12,17,18,23,28|11|2.9827
180mGLU: 00,02,03,04,06,09,12,17,18,23,28|11|7.9589
180mHIS: 00,02,03,04,06,09,12,17,18,23,28|11|6.3853
265mALA: 00,02,03,04,06,12,18,23,28|9|5.2106
179mGLY: 00,02,03,04,06,09,12,17,23|9|1.1882
266mASP: 00,02,03,06,12,18,23,28|8|7.4897
266mSER: 00,02,03,06,12,18,23,28|8|4.7442
266mGLU: 00,02,03,06,12,18,23,28|8|9.4929
181mALA: 02,03,04,09,17,18,23,28|8|3.9343
181mGLY: 02,03,04,09,17,18,23,28|8|1.4988
266mTHR: 00,02,03,06,12,18,23,28|8|7.3099
266mALA: 00,02,03,06,12,18,23,28|8|7.5617
266mGLN: 00,02,03,06,12,18,23,28|8|5.2773
266mLEU: 00,02,03,06,12,18,23,28|8|7.1081
266mGLY: 00,02,03,06,12,18,23,28|8|6.3723
266mCYS: 00,02,03,06,12,18,23,28|8|8.752
121mGLU: 00,03,06,09,12,16,23|7|1.0385
146mASP: 00,03,06,09,12,23,28|7|3.0843
146mALA: 00,03,06,09,12,23,28|7|5.2435
146mVAL: 00,03,06,09,12,23,28|7|3.3492
229mGLY: 02,04,17,18,23,28|6|3.2065
229mSER: 02,04,17,18,23,28|6|2.3585
141mGLY: 00,03,09,12,14,16|6|2.4126
141mALA: 00,03,09,12,14,16|6|2.7826
119mILE: 00,04,06,23|4|1.4219
119mSER: 00,04,06,23|4|1.1082
119mCYS: 00,04,06,23|4|2.7763
120mGLY: 00,03,06,23|4|1.8706
119mGLY: 00,04,06,23|4|1.7194
120mSER: 00,03,06,23|4|1.1248
120mLEU: 00,03,06,23|4|1.4208
120mALA: 00,03,06,23|4|1.6277
120mMET: 00,03,06,23|4|1.2579
119mALA: 00,04,06,23|4|2.8332
120mGLU: 00,03,06,23|4|1.4937
259mGLY: 02,17,18|3|1.2525
259mASN: 02,17,18|3|1.1349
259mSER: 02,17,18|3|1.1679
217mALA: 12,14,16|3|1.2249
261mALA: 02,17,18|3|1.952
261mGLY: 02,17,18|3|2.1534
261mASP: 02,17,18|3|1.3483
259mMET: 02,17,18|3|1.3638
259mHIS: 02,17,18|3|1.5402
261mLEU: 02,17,18|3|1.5526
261mVAL: 02,17,18|3|1.6864
259mTHR: 02,17,18|3|1.0095
261mGLU: 02,17,18|3|1.7023
261mSER: 02,17,18|3|1.4346
261mTHR: 02,17,18|3|1.5828
261mASN: 02,17,18|3|1.096
261mHIS: 02,17,18|3|1.6857
136mVAL: 14,16|2|1.3405
136mALA: 14,16|2|2.2647
136mLYS: 14,16|2|1.8236
136mMET: 14,16|2|1.3075
136mCYS: 14,16|2|1.6346
215mHIS: 14,16|2|1.3392
136mGLU: 14,16|2|1.6223
215mGLY: 14,16|2|1.2961
136mTHR: 14,16|2|1.7496
215mLYS: 14,16|2|1.2377
215mTHR: 14,16|2|1.0812
136mASN: 14,16|2|1.1876
136mSER: 14,16|2|2.0946
136mGLY: 14,16|2|2.0644
136mILE: 14,16|2|1.3373
215mALA: 14,16|2|1.3979
136mHIS: 14,16|2|1.6774
136mLEU: 14,16|2|1.5369
215mVAL: 14,16|2|1.073
