164mASP: 05,12,17,22,24|5|2.8419
164mGLU: 05,12,17,22,24|5|3.1668
164mLEU: 05,12,17,22,24|5|2.4516
164mTHR: 05,12,17,22,24|5|2.5958
164mGLY: 05,12,17,22,24|5|4.2696
164mHIS: 05,12,17,22,24|5|3.8773
164mALA: 05,12,17,22,24|5|4.4063
164mGLN: 05,12,17,22,24|5|1.6822
341mHIS: 06,09,10,13|4|1.327
165mASP: 05,12,17,24|4|2.4492
190mASN: 05,12,17,24|4|2.6771
165mTHR: 05,12,17,24|4|2.7584
191mTHR: 05,12,17,24|4|2.7801
341mGLY: 06,09,10,13|4|3.087
190mILE: 05,12,17,24|4|1.0285
165mGLU: 05,12,17,24|4|2.8103
341mTHR: 06,09,10,13|4|4.2491
165mASN: 05,12,17,24|4|2.1978
341mALA: 06,09,10,13|4|3.1933
190mPRO: 05,12,17,24|4|3.8925
165mSER: 05,12,17,24|4|2.1575
242mGLU: 05,12,17,24|4|1.3478
190mALA: 05,12,17,24|4|1.8518
341mASN: 06,09,10,13|4|2.8683
165mGLY: 05,12,17,24|4|2.4746
165mLEU: 05,12,17,24|4|1.3079
341mMET: 06,09,10,13|4|1.7739
191mALA: 05,12,17,24|4|1.6511
190mTHR: 05,12,17,24|4|2.7283
341mLEU: 06,09,10,13|4|2.6958
190mVAL: 05,12,17,24|4|1.7606
165mALA: 05,12,17,24|4|1.8875
165mVAL: 05,12,17,24|4|1.2757
341mGLU: 06,09,10,13|4|3.9978
190mGLY: 05,12,17,24|4|1.3914
341mSER: 06,09,10,13|4|1.7153
268mILE: 01,21,23|3|1.7666
339mLYS: 06,09,13|3|2.2495
194mTHR: 05,17,24|3|1.2799
268mGLU: 01,21,23|3|2.521
180mLYS: 01,21,23|3|1.0063
147mTHR: 01,21,23|3|1.1808
407mGLU: 06,09,13|3|1.152
217mALA: 04,12,17|3|1.4034
268mASN: 01,21,23|3|2.7055
336mALA: 06,07,09|3|1.9232
339mALA: 06,09,13|3|2.8401
169mGLU: 05,17,24|3|1.301
268mALA: 01,21,23|3|2.1702
168mCYS: 05,17,24|3|2.544
262mALA: 01,21,23|3|2.3005
407mLEU: 06,09,13|3|1.2553
268mCYS: 01,21,23|3|4.0208
169mASP: 05,17,24|3|1.5207
339mGLY: 06,09,13|3|1.66
268mPHE: 01,21,23|3|1.489
146mTHR: 01,21,23|3|1.052
406mALA: 06,09,13|3|1.1888
180mGLY: 01,21,23|3|1.7493
261mALA: 01,21,23|3|1.6043
268mLEU: 01,21,23|3|1.4191
261mMET: 01,21,23|3|1.0832
261mGLY: 01,21,23|3|1.6766
266mALA: 01,21,23|3|1.4861
268mVAL: 01,21,23|3|2.5688
180mVAL: 01,21,23|3|1.3035
180mALA: 01,21,23|3|2.3104
261mLEU: 01,21,23|3|1.241
261mVAL: 01,21,23|3|1.1251
415mALA: 06,09,13|3|1.3378
407mALA: 06,09,13|3|1.066
268mGLY: 01,21,23|3|1.6179
262mGLY: 01,21,23|3|1.1729
266mTHR: 01,21,23|3|1.2776
268mASP: 01,21,23|3|3.1417
261mGLU: 01,21,23|3|1.1262
407mGLY: 06,09,13|3|1.5392
262mLYS: 01,21,23|3|1.7963
262mVAL: 01,21,23|3|1.2577
415mGLY: 06,09,13|3|1.0814
261mSER: 01,21,23|3|1.437
268mTHR: 01,21,23|3|3.6394
377mGLY: 07,10,13|3|1.1849
336mGLY: 06,07,09|3|1.8257
194mALA: 05,17,24|3|1.0844
268mPRO: 01,21,23|3|4.5595
168mTHR: 05,17,24|3|1.9971
339mVAL: 06,09,13|3|1.541
339mCYS: 06,09,13|3|3.0041
261mHIS: 01,21,23|3|1.2544
339mGLU: 06,09,13|3|1.8584
261mLYS: 01,21,23|3|1.068
162mGLY: 05,22,24|3|1.007
168mGLU: 05,17,24|3|1.195
362mVAL: 12,24|2|1.059
403mPHE: 07,10|2|1.1952
140mVAL: 04,17|2|1.466
220mTHR: 04,17|2|1.0737
362mGLY: 12,24|2|1.1124
267mCYS: 21,23|2|2.0164
403mVAL: 07,10|2|1.4624
403mALA: 07,10|2|1.5608
344mTHR: 10,13|2|1.2561
178mGLY: 01,21|2|1.2146
140mLYS: 04,17|2|2.5832
403mGLN: 07,10|2|1.5168
344mLYS: 10,13|2|1.69
267mPRO: 21,23|2|1.6499
362mALA: 12,24|2|1.3947
267mTHR: 21,23|2|1.666
267mGLU: 21,23|2|1.007
140mGLY: 04,17|2|1.8616
408mLYS: 09,13|2|1.352
456mASP: 18,22|2|1.5537
410mGLY: 06,09|2|1.017
403mMET: 07,10|2|1.2252
122mSER: 21,23|2|1.0443
403mLEU: 07,10|2|1.8062
454mLYS: 18,22|2|1.6559
403mHIS: 07,10|2|1.6162
454mALA: 18,22|2|1.9372
140mTHR: 04,17|2|1.2002
403mGLU: 07,10|2|1.7602
178mLYS: 01,21|2|1.2274
220mPRO: 04,17|2|1.5088
375mALA: 10,13|2|1.2787
344mVAL: 10,13|2|1.756
220mASN: 04,17|2|1.0912
403mASN: 07,10|2|1.4088
344mALA: 10,13|2|2.6
178mTHR: 01,21|2|1.0068
220mASP: 04,17|2|1.0261
344mLEU: 10,13|2|1.2468
267mALA: 21,23|2|1.5782
403mSER: 07,10|2|1.5966
344mILE: 10,13|2|1.0698
220mCYS: 04,17|2|1.5995
408mCYS: 09,13|2|1.2305
122mGLU: 21,23|2|1.2092
344mGLY: 10,13|2|2.1901
456mGLY: 18,22|2|1.6897
408mVAL: 09,13|2|1.2365
140mGLU: 04,17|2|1.2725
344mSER: 10,13|2|1.2905
140mSER: 04,17|2|1.2823
403mTHR: 07,10|2|1.3508
300mGLU: 12,17|2|1.2967
178mALA: 01,21|2|1.9624
454mTHR: 18,22|2|1.153
140mCYS: 04,17|2|1.1848
344mHIS: 10,13|2|1.0966
140mALA: 04,17|2|2.4296
122mHIS: 21,23|2|1.0407
403mTRP: 07,10|2|1.379
408mALA: 09,13|2|1.7937
410mGLU: 06,09|2|1.4493
403mGLY: 07,10|2|2.2478
456mTHR: 18,22|2|1.4393
454mCYS: 18,22|2|1.1259
408mILE: 09,13|2|1.1863
456mSER: 18,22|2|1.0751
408mGLY: 09,13|2|1.4116
410mALA: 06,09|2|1.3521
403mASP: 07,10|2|1.7008
456mGLU: 18,22|2|2.226
267mASP: 21,23|2|1.444
