146mGLY: 05,06,07,12,14,15,18,20,22,27|10|4.7941
146mASN: 05,06,07,12,14,15,18,20,22,27|10|4.4725
146mTHR: 05,06,07,12,14,15,18,20,22,27|10|4.7137
146mASP: 05,06,07,12,14,15,18,20,22,27|10|7.209
146mGLU: 05,06,07,12,14,15,18,20,22,27|10|6.0283
146mSER: 05,06,07,12,14,15,18,20,22,27|10|3.7132
178mGLU: 05,06,07,12,15,17,18,22|8|1.4218
268mASP: 06,07,12,14,15,20,27|7|2.4984
143mGLU: 05,06,07,12,14,20|6|1.6945
143mTHR: 05,06,07,12,14,20|6|1.2136
143mASP: 05,06,07,12,14,20|6|3.0443
143mGLY: 05,06,07,12,14,20|6|1.9219
269mSER: 06,14,17,18,22,27|6|1.4188
143mCYS: 05,06,07,12,14,20|6|3.1875
120mGLU: 05,06,07,12,15,20|6|1.5743
177mTHR: 05,06,07,15,22|5|1.2076
267mCYS: 06,12,15,17|4|1.1868
267mMET: 06,12,15,17|4|1.2175
262mGLU: 12,17,18,22|4|1.5957
267mGLY: 06,12,15,17|4|2.3327
267mTHR: 06,12,15,17|4|1.9679
267mGLU: 06,12,15,17|4|2.1657
267mHIS: 06,12,15,17|4|1.3685
264mASP: 17,18,22,27|4|2.2977
267mLYS: 06,12,15,17|4|1.5681
264mGLU: 17,18,22,27|4|1.2677
261mGLY: 12,17,18,22|4|1.8594
261mASP: 12,17,18,22|4|3.3438
261mPRO: 12,17,18,22|4|1.3539
262mASP: 12,17,18,22|4|1.069
267mALA: 06,12,15,17|4|2.5126
267mSER: 06,12,15,17|4|2.1998
261mGLU: 12,17,18,22|4|2.9514
261mSER: 12,17,18,22|4|1.6789
261mTHR: 12,17,18,22|4|2.359
267mLEU: 06,12,15,17|4|1.0682
261mASN: 12,17,18,22|4|2.2895
267mILE: 06,12,15,17|4|1.1948
261mCYS: 12,17,18,22|4|2.0977
261mLYS: 12,17,18,22|4|2.028
267mGLN: 06,12,15,17|4|1.4384
267mASP: 06,12,15,17|4|2.744
273mGLY: 17,18,27|3|1.9734
274mGLN: 06,14,20|3|1.0856
229mCYS: 12,17,22|3|1.2205
274mLEU: 06,14,20|3|1.0
251mTHR: 00,02,08|3|1.3529
273mASN: 17,18,27|3|1.1476
140mGLY: 07,14,20|3|1.5369
273mLYS: 17,18,27|3|1.3062
303mSER: 06,20,27|3|1.064
274mGLU: 06,14,20|3|1.2459
273mPRO: 17,18,27|3|1.0388
274mHIS: 06,14,20|3|1.3112
229mTHR: 12,17,22|3|1.0688
251mGLU: 00,02,08|3|1.3384
303mTHR: 06,20,27|3|1.4293
251mSER: 00,02,08|3|1.0469
273mCYS: 17,18,27|3|2.8087
159mLYS: 00,02,08|3|1.2865
274mTHR: 06,14,20|3|1.2086
249mALA: 00,02,08|3|1.0291
274mASN: 06,14,20|3|1.0258
273mASP: 17,18,27|3|2.5465
273mSER: 17,18,27|3|1.4084
273mGLN: 17,18,27|3|1.1159
251mASP: 00,02,08|3|1.4675
273mGLU: 17,18,27|3|2.3781
274mGLY: 06,14,20|3|1.2061
140mCYS: 07,14,20|3|2.476
273mTHR: 17,18,27|3|1.3538
140mALA: 07,14,20|3|1.8857
303mALA: 06,20,27|3|1.3536
274mMET: 06,14,20|3|1.4006
220mCYS: 14,20|2|1.0992
309mCYS: 04,27|2|1.8247
122mASP: 07,12|2|1.553
403mALA: 01,21|2|1.1614
218mGLU: 14,20|2|1.2245
339mALA: 01,21|2|1.8802
338mALA: 01,21|2|1.3156
339mSER: 01,21|2|1.2766
165mTRP: 02,08|2|1.1444
165mPHE: 02,08|2|1.1084
165mMET: 02,08|2|1.3878
403mCYS: 01,21|2|1.6507
165mCYS: 02,08|2|1.3038
122mALA: 07,12|2|1.2342
339mGLY: 01,21|2|1.3364
377mLYS: 01,21|2|1.0845
165mGLU: 02,08|2|1.6284
235mASP: 00,02|2|1.1911
122mGLY: 07,12|2|1.1239
400mASP: 01,04|2|1.0362
220mGLU: 14,20|2|1.648
403mGLU: 01,21|2|1.5097
122mLYS: 07,12|2|1.0609
277mGLU: 17,27|2|1.2245
122mCYS: 07,12|2|1.7321
403mASN: 01,21|2|1.0789
338mASP: 01,21|2|1.0542
165mGLY: 02,08|2|1.1472
165mLEU: 02,08|2|1.3658
339mASP: 01,21|2|1.6188
201mCYS: 00,02|2|1.5809
165mASP: 02,08|2|1.0058
165mILE: 02,08|2|1.0624
122mGLU: 07,12|2|1.1393
403mTHR: 01,21|2|1.2973
165mGLN: 02,08|2|1.3234
220mTHR: 14,20|2|1.2321
235mCYS: 00,02|2|1.3871
165mTHR: 02,08|2|1.4762
165mVAL: 02,08|2|1.2014
403mGLY: 01,21|2|1.507
212mASP: 07,12|2|1.122
339mGLU: 01,21|2|1.1414
309mALA: 04,27|2|1.0622
403mASP: 01,21|2|1.9317
