265mLYS: 00,01,02,03,07,08,09,10|8|5.6859
265mVAL: 00,01,02,03,07,08,09,10|8|4.256
265mALA: 00,01,02,03,07,08,09,10|8|4.7331
265mGLU: 00,01,02,03,07,08,09,10|8|2.6882
146mTHR: 00,01,02,03,07,08,09,22|8|4.2188
265mGLY: 00,01,02,03,07,08,09,10|8|3.8618
272mGLY: 01,02,07,08,10,21,22|7|3.018
272mGLU: 01,02,07,08,10,21,22|7|1.5682
272mSER: 01,02,07,08,10,21,22|7|2.9151
272mASN: 01,02,07,08,10,21,22|7|3.5391
272mHIS: 01,02,07,08,10,21,22|7|2.5109
272mALA: 01,02,07,08,10,21,22|7|4.9404
272mVAL: 01,02,07,08,10,21,22|7|4.2835
272mLYS: 01,02,07,08,10,21,22|7|6.1382
180mLYS: 00,03,09,10,12|5|3.6473
180mGLU: 00,03,09,10,12|5|1.1578
180mTHR: 00,03,09,10,12|5|1.7929
180mSER: 00,03,09,10,12|5|2.7838
180mASN: 00,03,09,10,12|5|1.349
178mVAL: 03,08,09,10|4|1.0318
178mLYS: 03,08,09,10|4|1.3472
141mSER: 03,08,09,22|4|1.1404
141mGLY: 03,08,09,22|4|1.8948
178mALA: 03,08,09,10|4|1.2351
142mGLY: 03,08,09,22|4|1.8533
142mLYS: 03,08,09,22|4|1.6059
141mHIS: 03,08,09,22|4|1.2812
141mALA: 03,08,09,22|4|1.4387
184mALA: 03,09,12|3|1.9029
184mASN: 03,09,12|3|1.2316
184mTHR: 03,09,12|3|1.4229
184mHIS: 03,09,12|3|1.021
184mARG: 03,09,12|3|1.169
184mILE: 03,09,12|3|1.1286
271mALA: 02,08,22|3|1.3795
184mLYS: 03,09,12|3|2.0369
184mVAL: 03,09,12|3|1.673
184mGLY: 03,09,12|3|1.1744
270mGLY: 02,10,21|3|1.1018
205mPHE: 12,16|2|1.2783
205mGLN: 12,16|2|1.2263
205mSER: 12,16|2|1.0672
217mASN: 09,22|2|1.3573
205mGLY: 12,16|2|1.5264
119mGLY: 03,12|2|1.3173
205mVAL: 12,16|2|1.5002
205mILE: 12,16|2|1.445
217mGLU: 09,22|2|1.0941
205mHIS: 12,16|2|1.11
205mALA: 12,16|2|1.4514
205mASP: 12,16|2|1.1297
205mMET: 12,16|2|1.4819
205mTHR: 12,16|2|1.3773
205mTRP: 12,16|2|1.0306
205mLEU: 12,16|2|1.6522
205mCYS: 12,16|2|2.0692
205mGLU: 12,16|2|1.7645
