146 266 268 
146 266 267 
146 178 266 
146 264 266 
266 267 268 
264 266 268 
178 266 267 
262 266 267 
264 266 267 
178 262 266 
178 264 266 
262 264 266 
146 267 268 
145 146 268 
146 264 268 
146 178 267 
145 146 267 
146 264 267 
145 146 178 
146 178 264 
143 145 146 
144 145 146 
143 144 146 
145 267 268 
264 267 268 
123 124 127 
124 127 135 
124 127 208 
124 125 127 
123 127 135 
123 127 208 
123 125 127 
127 130 135 
125 127 135 
127 130 196 
125 127 196 
125 127 130 
125 127 208 
123 124 135 
122 123 124 
123 124 208 
123 124 125 
123 124 138 
122 124 135 
124 125 135 
124 135 138 
122 124 208 
122 124 125 
122 124 138 
124 125 208 
145 178 267 
178 262 267 
178 264 267 
262 264 267 
178 229 262 
178 229 261 
178 182 229 
178 261 262 
178 262 264 
178 182 262 
178 261 264 
178 182 261 
123 135 136 
122 123 135 
123 135 139 
123 125 135 
123 135 138 
123 136 139 
123 136 138 
122 123 208 
122 123 125 
122 123 138 
123 138 139 
123 125 208 
196 244 245 
196 239 245 
196 241 245 
241 244 245 
239 241 245 
135 136 139 
135 136 140 
135 136 138 
125 130 135 
122 125 135 
122 135 138 
135 139 140 
135 138 139 
135 138 140 
196 241 244 
130 196 239 
130 196 241 
125 130 196 
196 237 239 
196 239 241 
229 261 262 
228 229 262 
182 229 262 
228 229 261 
182 229 261 
182 228 229 
143 144 145 
140 143 144 
122 138 143 
139 140 143 
138 139 143 
138 140 143 
136 139 140 
136 138 139 
136 138 140 
261 262 264 
228 261 262 
182 261 262 
182 228 262 
130 239 241 
237 239 250 
201 204 237 
122 125 208 
139 140 217 
182 228 261 
138 139 140 
