123mGLU: 00,07,08,09,14,15,21,22,23,26|10|8.35
123mTHR: 00,07,08,09,14,15,21,22,23,26|10|7.9462
123mPHE: 00,07,08,09,14,15,21,22,23,26|10|2.4452
123mASP: 00,07,08,09,14,15,21,22,23,26|10|4.8658
123mILE: 00,07,08,09,14,15,21,22,23,26|10|4.6434
135mGLU: 00,07,08,09,14,15,21,22,23,26|10|4.1135
136mALA: 00,07,08,09,10,14,22,23,26|9|6.871
124mTHR: 00,07,08,09,11,14,15,21,22|9|3.7144
124mGLU: 00,07,08,09,11,14,15,21,22|9|4.7191
136mGLU: 00,07,08,09,10,14,22,23,26|9|7.4333
124mLEU: 00,07,08,09,11,14,15,21,22|9|2.1751
122mALA: 00,01,07,08,09,10,14,22,23|9|3.7928
136mASP: 00,07,08,09,10,14,22,23,26|9|5.5281
136mTHR: 00,07,08,09,10,14,22,23,26|9|6.3575
124mALA: 00,07,08,09,11,14,15,21,22|9|1.552
122mGLU: 00,01,07,08,09,10,14,22,23|9|4.1189
136mSER: 00,07,08,09,10,14,22,23,26|9|5.6807
136mGLY: 00,07,08,09,10,14,22,23,26|9|7.134
127mTHR: 00,07,08,09,14,15,21,22|8|3.0286
127mGLU: 00,07,08,09,14,15,21,22|8|4.4729
126mTHR: 00,07,08,09,14,15,21,22|8|4.6518
126mGLU: 00,07,08,09,14,15,21,22|8|7.1868
206mALA: 07,08,09,14,15,21|6|4.5466
206mGLY: 07,08,09,14,15,21|6|4.8205
146mTHR: 01,05,10,23,26,27|6|5.77
146mGLY: 01,05,10,23,26,27|6|5.1056
206mHIS: 07,08,09,14,15,21|6|3.6575
206mTRP: 07,08,09,14,15,21|6|2.8064
146mASN: 01,05,10,23,26,27|6|4.3709
206mVAL: 07,08,09,14,15,21|6|4.8695
180mALA: 01,05,11,23,26,27|6|3.7671
206mLEU: 07,08,09,14,15,21|6|6.0858
146mGLU: 01,05,10,23,26,27|6|7.2439
206mGLN: 07,08,09,14,15,21|6|4.7956
206mGLU: 07,08,09,14,15,21|6|7.3127
206mSER: 07,08,09,14,15,21|6|4.0694
206mTHR: 07,08,09,14,15,21|6|6.3773
206mASN: 07,08,09,14,15,21|6|3.3782
206mILE: 07,08,09,14,15,21|6|3.6456
205mPRO: 07,08,11,15,21|5|1.5238
196mALA: 00,07,08,09,15|5|2.3075
178mSER: 01,05,11,26,27|5|2.1284
178mLYS: 01,05,11,26,27|5|1.2536
197mGLU: 00,08,09,15,21|5|2.5767
265mALA: 01,05,11,26,27|5|3.1048
196mGLU: 00,07,08,09,15|5|2.8466
196mVAL: 00,07,08,09,15|5|1.159
178mGLY: 01,05,11,26,27|5|2.4739
268mALA: 01,05,10,26,27|5|2.8726
196mGLY: 00,07,08,09,15|5|1.8434
196mCYS: 00,07,08,09,15|5|1.8168
196mPHE: 00,07,08,09,15|5|1.0341
178mLEU: 01,05,11,26,27|5|1.3894
205mGLN: 07,08,11,15,21|5|2.8586
268mCYS: 01,05,10,26,27|5|4.2619
130mGLY: 00,07,08,09,14|5|1.4077
130mALA: 00,07,08,09,14|5|1.6551
130mSER: 00,07,08,09,14|5|1.2794
196mSER: 00,07,08,09,15|5|2.1737
196mASN: 00,07,08,09,15|5|1.621
178mGLU: 01,05,11,26,27|5|1.6959
196mTHR: 00,07,08,09,15|5|2.2308
178mMET: 01,05,11,26,27|5|1.5502
178mTHR: 01,05,11,26,27|5|1.6681
196mASP: 00,07,08,09,15|5|1.5389
268mGLY: 01,05,10,26,27|5|2.4342
196mILE: 00,07,08,09,15|5|1.3923
205mASN: 07,08,11,15,21|5|1.5087
197mSER: 00,08,09,15,21|5|1.0368
196mLEU: 00,07,08,09,15|5|1.5293
178mHIS: 01,05,11,26,27|5|2.048
178mGLN: 01,05,11,26,27|5|1.2214
268mASP: 01,05,10,26,27|5|2.6527
178mALA: 01,05,11,26,27|5|2.2436
205mLEU: 07,08,11,15,21|5|3.3514
205mSER: 07,08,11,15,21|5|2.3078
196mLYS: 00,07,08,09,15|5|2.0321
197mTHR: 00,08,09,15,21|5|1.7955
341mTHR: 13,16,19,25|4|8.9949
341mHIS: 13,16,19,25|4|2.8484
341mPRO: 13,16,19,25|4|3.5856
141mLEU: 01,10,23,26|4|1.7046
341mILE: 13,16,19,25|4|4.9973
341mGLY: 13,16,19,25|4|6.4559
141mSER: 01,10,23,26|4|1.2909
266mSER: 01,05,26,27|4|2.5683
208mASP: 00,08,15,21|4|1.3497
141mCYS: 01,10,23,26|4|2.8122
341mALA: 13,16,19,25|4|6.1031
141mGLY: 01,10,23,26|4|1.9445
208mILE: 00,08,15,21|4|1.3125
208mPHE: 00,08,15,21|4|1.0217
341mPHE: 13,16,19,25|4|4.8494
208mVAL: 00,08,15,21|4|1.3614
266mVAL: 01,05,26,27|4|3.174
141mMET: 01,10,23,26|4|1.3363
208mCYS: 00,08,15,21|4|1.8608
341mCYS: 13,16,19,25|4|9.302
341mGLN: 13,16,19,25|4|5.8298
341mASN: 13,16,19,25|4|4.9856
208mLEU: 00,08,15,21|4|2.0433
341mVAL: 13,16,19,25|4|6.2863
208mTHR: 00,08,15,21|4|2.4863
341mASP: 13,16,19,25|4|7.3826
266mALA: 01,05,26,27|4|4.0024
141mASP: 01,10,23,26|4|2.3703
141mTHR: 01,10,23,26|4|2.3206
339mTHR: 13,16,19,25|4|1.7
341mLEU: 13,16,19,25|4|6.9086
208mGLU: 00,08,15,21|4|2.9074
208mGLN: 00,08,15,21|4|1.6611
341mSER: 13,16,19,25|4|4.5133
266mLEU: 01,05,26,27|4|3.9253
266mGLY: 01,05,26,27|4|3.3722
341mMET: 13,16,19,25|4|5.4936
341mTRP: 13,16,19,25|4|3.044
339mGLU: 13,16,19,25|4|2.8293
341mGLU: 13,16,19,25|4|11.1694
266mCYS: 01,05,26,27|4|5.1306
266mILE: 01,05,26,27|4|3.0774
141mALA: 01,10,23,26|4|1.7039
335mTHR: 13,19,25|3|1.5121
296mGLU: 03,06,18|3|1.5104
293mGLY: 03,06,18|3|1.4105
336mSER: 13,19,25|3|1.74
311mVAL: 03,06,18|3|1.8481
300mGLU: 03,06,18|3|2.3145
439mVAL: 03,06,18|3|1.7877
307mSER: 03,06,18|3|1.1574
245mSER: 00,07,22|3|1.0362
311mGLY: 03,06,18|3|1.8638
318mTHR: 03,06,18|3|1.6719
297mASN: 03,06,18|3|1.1687
336mALA: 13,19,25|3|4.0414
439mGLU: 03,06,18|3|1.7436
318mSER: 03,06,18|3|1.0218
296mTHR: 03,06,18|3|1.0009
335mALA: 13,19,25|3|2.3084
335mILE: 13,19,25|3|1.1579
439mSER: 03,06,18|3|2.2131
271mCYS: 05,10,27|3|1.0904
293mTRP: 03,06,18|3|1.0471
293mASN: 03,06,18|3|1.8955
410mGLY: 13,16,19|3|1.2301
311mSER: 03,06,18|3|1.6295
245mCYS: 00,07,22|3|2.5616
296mGLY: 03,06,18|3|1.0315
293mGLN: 03,06,18|3|1.1948
441mALA: 03,06,18|3|1.4124
293mGLU: 03,06,18|3|2.5884
245mALA: 00,07,22|3|1.7263
311mLEU: 03,06,18|3|2.0083
245mVAL: 00,07,22|3|1.4219
318mASP: 03,06,18|3|1.3475
439mTHR: 03,06,18|3|2.9581
311mGLN: 03,06,18|3|2.3192
318mLEU: 03,06,18|3|1.6939
293mASP: 03,06,18|3|1.1034
293mLEU: 03,06,18|3|1.15
297mGLY: 03,06,18|3|1.4325
318mALA: 03,06,18|3|1.6163
318mCYS: 03,06,18|3|2.1477
318mGLY: 03,06,18|3|1.485
293mTHR: 03,06,18|3|2.0511
311mALA: 03,06,18|3|1.3919
311mASN: 03,06,18|3|1.5476
293mALA: 03,06,18|3|1.3423
318mMET: 03,06,18|3|1.3312
245mILE: 00,07,22|3|1.3751
245mMET: 00,07,22|3|1.1526
297mTHR: 03,06,18|3|1.822
335mSER: 13,19,25|3|1.2006
245mGLY: 00,07,22|3|1.5796
335mLYS: 13,19,25|3|1.0462
441mCYS: 03,06,18|3|1.3133
311mGLU: 03,06,18|3|3.0317
335mGLU: 13,19,25|3|2.213
311mHIS: 03,06,18|3|1.1966
293mVAL: 03,06,18|3|1.3098
293mSER: 03,06,18|3|1.6489
336mGLU: 13,19,25|3|2.8985
300mTHR: 03,06,18|3|1.0701
439mLYS: 03,06,18|3|2.7504
307mGLN: 03,06,18|3|1.5491
336mTHR: 13,19,25|3|2.5414
336mGLY: 13,19,25|3|2.5462
439mALA: 03,06,18|3|2.6266
311mTHR: 03,06,18|3|2.4414
293mILE: 03,06,18|3|1.2917
439mASN: 03,06,18|3|1.898
335mASP: 13,19,25|3|1.6164
245mLEU: 00,07,22|3|1.678
439mGLY: 03,06,18|3|2.1641
293mPHE: 03,06,18|3|1.1836
307mLEU: 03,06,18|3|1.6539
403mPHE: 13,25|2|1.0215
325mMET: 03,18|2|1.0676
403mLYS: 13,25|2|1.4295
326mGLY: 03,18|2|1.6425
326mTHR: 03,18|2|1.2974
261mILE: 04,11|2|1.133
325mTHR: 03,18|2|1.3036
403mVAL: 13,25|2|1.1012
403mALA: 13,25|2|1.2651
325mGLU: 03,18|2|1.3508
325mHIS: 03,18|2|1.5066
325mALA: 03,18|2|2.0119
319mMET: 03,18|2|1.159
403mILE: 13,25|2|1.1526
319mHIS: 03,18|2|1.1284
319mTHR: 03,18|2|1.0685
261mHIS: 04,11|2|1.2681
326mASN: 03,18|2|1.0867
326mSER: 03,18|2|1.0879
325mLYS: 03,18|2|1.0483
261mALA: 04,11|2|1.1793
261mMET: 04,11|2|1.3027
261mGLY: 04,11|2|1.5446
403mGLU: 13,25|2|2.1663
319mGLY: 03,18|2|1.2615
342mGLU: 16,19|2|1.0387
325mSER: 03,18|2|1.7111
403mASN: 13,25|2|1.8159
261mLEU: 04,11|2|1.1971
244mGLU: 00,22|2|1.4885
403mSER: 13,25|2|1.6475
261mVAL: 04,11|2|1.2601
337mCYS: 19,25|2|1.0768
325mLEU: 03,18|2|1.1016
261mGLU: 04,11|2|2.2762
403mTHR: 13,25|2|1.7051
261mGLN: 04,11|2|1.2911
261mSER: 04,11|2|1.6059
261mTHR: 04,11|2|1.9185
261mTRP: 04,11|2|1.1108
319mGLU: 03,18|2|1.094
261mASN: 04,11|2|1.7817
305mSER: 05,27|2|1.0138
325mGLY: 03,18|2|2.0284
403mGLY: 13,25|2|1.229
325mASP: 03,18|2|1.1334
217mHIS: 10|1|1.0133
347mGLY: 16|1|1.1535
158mGLU: 04|1|1.0097
379mVAL: 25|1|1.3623
379mCYS: 25|1|1.8767
158mASP: 04|1|1.0598
379mALA: 25|1|1.2827
379mASP: 25|1|1.2607
379mTHR: 25|1|1.6528
347mALA: 16|1|1.2212
379mMET: 25|1|1.2955
379mILE: 25|1|1.2168
379mLEU: 25|1|1.6311
379mPHE: 25|1|1.3156
232mGLU: 04|1|1.8318
379mGLN: 25|1|1.2521
156mCYS: 04|1|1.0415
259mTHR: 04|1|1.0289
232mALA: 04|1|1.0139
258mCYS: 04|1|1.0687
400mALA: 25|1|1.0771
379mGLY: 25|1|1.1894
347mLYS: 16|1|1.2975
347mTHR: 16|1|1.3463
347mGLU: 16|1|1.194
232mGLY: 04|1|1.0814
232mTHR: 04|1|1.3549
347mASN: 16|1|1.4793
232mSER: 04|1|1.1153
347mSER: 16|1|1.1567
379mGLU: 25|1|1.9076
