400mSER: 03,17,18,22,24|5|2.0526
377mCYS: 03,10,17,18,22|5|7.1663
400mGLY: 03,17,18,22,24|5|2.5516
400mASP: 03,17,18,22,24|5|2.9104
377mASP: 03,10,17,18,22|5|3.3708
400mTHR: 03,17,18,22,24|5|2.7403
377mGLU: 03,10,17,18,22|5|3.9806
400mGLU: 03,17,18,22,24|5|4.3517
400mALA: 03,17,18,22,24|5|2.9099
377mGLY: 03,10,17,18,22|5|3.2668
319mALA: 17,22,23,24,27|5|1.7278
403mPHE: 03,17,18,22|4|1.1488
419mASP: 03,17,22,24|4|1.7648
121mGLU: 05,07,08,12|4|2.3068
403mLEU: 03,17,18,22|4|1.5882
229mGLY: 05,08,15,28|4|1.5082
403mALA: 03,17,18,22|4|2.6548
403mPRO: 03,17,18,22|4|2.0658
403mLYS: 03,17,18,22|4|2.9659
379mCYS: 03,10,17,22|4|3.6331
419mGLY: 03,17,22,24|4|1.988
324mCYS: 17,18,22,24|4|3.4649
419mALA: 03,17,22,24|4|2.094
403mILE: 03,17,18,22|4|1.9583
403mHIS: 03,17,18,22|4|1.4157
403mCYS: 03,17,18,22|4|3.8924
121mCYS: 05,07,08,12|4|2.9799
419mTHR: 03,17,22,24|4|2.1782
403mGLU: 03,17,18,22|4|4.6028
419mLYS: 03,17,22,24|4|1.7565
324mGLY: 17,18,22,24|4|2.0559
379mGLY: 03,10,17,22|4|1.3729
324mASP: 17,18,22,24|4|1.5166
403mSER: 03,17,18,22|4|3.037
119mTHR: 05,07,08,12|4|2.8486
119mGLU: 05,07,08,12|4|3.2928
403mVAL: 03,17,18,22|4|2.5446
403mMET: 03,17,18,22|4|1.066
379mALA: 03,10,17,22|4|2.5062
403mGLY: 03,17,18,22|4|3.458
324mGLU: 17,18,22,24|4|2.2724
327mCYS: 03,18,22,24|4|2.1388
403mASP: 03,17,18,22|4|3.9933
419mGLU: 03,17,22,24|4|2.0159
180mGLU: 05,06,08,15|4|2.1936
401mGLN: 17,18,22|3|1.98
259mGLY: 02,15,28|3|3.1142
401mTHR: 17,18,22|3|2.6131
326mCYS: 22,23,27|3|2.5788
259mALA: 02,15,28|3|3.6159
401mLEU: 17,18,22|3|2.0643
259mSER: 02,15,28|3|2.4861
421mCYS: 03,17,22|3|1.8739
421mALA: 03,17,22|3|2.9192
181mLYS: 05,08,15|3|2.0402
401mGLY: 17,18,22|3|2.3481
146mCYS: 05,06,12|3|2.8264
146mTHR: 05,06,12|3|1.8546
146mGLY: 05,06,12|3|2.4888
401mMET: 17,18,22|3|1.5222
326mALA: 22,23,27|3|1.2696
401mASP: 17,18,22|3|2.7726
421mGLU: 03,17,22|3|1.1409
146mLYS: 05,06,12|3|2.5099
401mASN: 17,18,22|3|1.7309
259mASP: 02,15,28|3|2.0308
204mLYS: 02,07,28|3|1.4995
331mALA: 03,18,22|3|1.8142
181mGLU: 05,08,15|3|2.3365
181mCYS: 05,08,15|3|2.1091
401mTRP: 17,18,22|3|1.092
421mGLY: 03,17,22|3|1.7201
181mTHR: 05,08,15|3|1.3262
401mGLU: 17,18,22|3|3.289
259mHIS: 02,15,28|3|1.1703
146mILE: 05,06,12|3|1.5977
401mCYS: 17,18,22|3|3.1905
421mSER: 03,17,22|3|1.3948
421mLYS: 03,17,22|3|2.6122
401mSER: 17,18,22|3|1.8894
401mALA: 17,18,22|3|2.2999
146mGLU: 05,06,12|3|1.7292
428mALA: 17,22,24|3|1.5894
335mSER: 03,18,22|3|1.1514
181mGLY: 05,08,15|3|1.1417
401mILE: 17,18,22|3|1.6862
401mPHE: 17,18,22|3|1.4071
259mTHR: 02,15,28|3|1.634
146mSER: 05,06,12|3|2.154
331mCYS: 03,18,22|3|2.5122
259mGLU: 02,15,28|3|2.8178
146mALA: 05,06,12|3|2.8575
335mLEU: 03,18,22|3|1.15
336mTHR: 03,18,22|3|1.5671
259mILE: 02,15,28|3|2.3639
204mCYS: 02,07,28|3|2.0763
336mGLY: 03,18,22|3|1.2208
421mASP: 03,17,22|3|1.1605
204mALA: 02,07,28|3|1.5212
401mVAL: 17,18,22|3|1.7501
380mCYS: 03,10,17|3|2.7707
401mHIS: 17,18,22|3|1.2547
259mLYS: 02,15,28|3|2.0697
380mALA: 03,10,17|3|1.1505
146mASP: 05,06,12|3|1.1146
259mCYS: 02,15,28|3|4.16
421mTHR: 03,17,22|3|2.0227
335mGLY: 03,18,22|3|1.533
402mGLU: 03,17,18|3|1.0784
440mGLU: 01,23|2|1.6592
299mCYS: 01,23|2|2.5701
123mLYS: 07,08|2|2.2669
440mLYS: 01,23|2|1.1011
136mVAL: 07,12|2|1.1525
297mTHR: 01,23|2|1.5252
207mASP: 07,08|2|1.7686
251mGLY: 02,07|2|1.5277
127mGLY: 07,08|2|1.4538
123mMET: 07,08|2|1.0408
124mTHR: 07,08|2|1.3145
178mLYS: 06,15|2|1.287
261mILE: 15,28|2|1.4685
427mALA: 17,22|2|1.2549
136mLYS: 07,12|2|1.1045
123mGLU: 07,08|2|2.104
251mALA: 02,07|2|1.1
438mGLU: 01,23|2|1.1214
201mSER: 02,07|2|1.121
251mTHR: 02,07|2|1.4275
136mCYS: 07,12|2|1.0069
251mASN: 02,07|2|1.4585
206mASP: 07,08|2|1.3268
135mSER: 07,08|2|1.0895
299mALA: 01,23|2|1.6583
147mILE: 05,06|2|1.3331
124mGLU: 07,08|2|2.2281
147mVAL: 05,06|2|1.2786
297mGLU: 01,23|2|1.8314
207mTHR: 07,08|2|1.0386
440mSER: 01,23|2|1.4982
147mLYS: 05,06|2|1.6115
147mSER: 05,06|2|1.5832
299mGLY: 01,23|2|1.6615
122mCYS: 08,12|2|2.7854
440mASN: 01,23|2|1.0343
123mCYS: 07,08|2|3.7321
312mCYS: 24,27|2|2.2661
207mGLY: 07,08|2|1.2301
122mALA: 08,12|2|1.6191
253mGLU: 02,28|2|1.4388
299mASP: 01,23|2|1.4744
123mGLY: 07,08|2|2.8285
250mGLY: 02,07|2|1.1202
122mGLY: 08,12|2|1.719
261mALA: 15,28|2|1.8816
142mGLU: 05,12|2|1.4239
207mSER: 07,08|2|1.0338
136mALA: 07,12|2|1.8832
261mMET: 15,28|2|1.0833
147mGLY: 05,06|2|1.6378
201mTHR: 02,07|2|1.0641
124mCYS: 07,08|2|1.7113
261mGLY: 15,28|2|1.6306
207mASN: 07,08|2|1.3806
325mALA: 23,27|2|1.1613
438mHIS: 01,23|2|1.0936
160mCYS: 02,28|2|1.0766
261mPHE: 15,28|2|1.0646
440mASP: 01,23|2|1.7919
251mHIS: 02,07|2|1.0273
251mGLU: 02,07|2|1.5626
135mGLY: 07,08|2|1.4147
427mCYS: 17,22|2|1.7088
251mSER: 02,07|2|1.373
156mGLU: 02,28|2|1.1653
251mLYS: 02,07|2|1.5115
232mASP: 02,28|2|1.196
147mCYS: 05,06|2|2.5655
232mGLU: 02,28|2|1.5538
122mVAL: 08,12|2|1.4246
208mASP: 07,08|2|1.1287
299mGLU: 01,23|2|1.6675
178mTHR: 06,15|2|1.1575
417mGLU: 03,17|2|1.2894
440mGLY: 01,23|2|1.3717
439mLYS: 23,27|2|1.1694
233mGLU: 02,28|2|1.4675
261mLEU: 15,28|2|1.6197
207mLYS: 07,08|2|1.1788
124mGLY: 07,08|2|1.0153
123mASP: 07,08|2|1.0148
122mGLU: 08,12|2|1.6579
381mGLU: 03,22|2|1.1434
438mALA: 01,23|2|1.0509
158mCYS: 02,28|2|2.272
251mILE: 02,07|2|1.0621
233mASP: 02,28|2|1.1097
123mSER: 07,08|2|2.5749
122mILE: 08,12|2|1.3004
261mVAL: 15,28|2|1.4458
261mGLU: 15,28|2|1.5216
253mASP: 02,28|2|1.1125
147mLEU: 05,06|2|1.3603
178mASN: 06,15|2|1.1001
123mILE: 07,08|2|2.4763
201mGLU: 02,07|2|1.3533
136mGLY: 07,12|2|1.2081
123mVAL: 07,08|2|2.1149
261mSER: 15,28|2|1.2673
207mGLU: 07,08|2|1.7442
418mGLU: 03,17|2|1.1514
206mGLU: 07,08|2|1.3548
299mLYS: 01,23|2|1.918
250mCYS: 02,07|2|1.4417
126mGLU: 07,08|2|1.0682
312mALA: 24,27|2|1.4121
201mALA: 02,07|2|1.1738
142mGLY: 05,12|2|1.122
440mHIS: 01,23|2|1.535
208mGLU: 07,08|2|1.5611
206mCYS: 07,08|2|1.0725
253mCYS: 02,28|2|1.2043
122mASP: 08,12|2|1.6836
123mPHE: 07,08|2|1.253
123mLEU: 07,08|2|1.9077
147mASP: 05,06|2|1.2143
142mTHR: 05,12|2|1.1158
147mALA: 05,06|2|2.609
123mHIS: 07,08|2|1.4237
122mSER: 08,12|2|1.1965
123mALA: 07,08|2|3.2355
122mLEU: 08,12|2|1.2207
325mCYS: 23,27|2|1.2779
299mSER: 01,23|2|1.1886
293mCYS: 01|1|1.8787
293mLEU: 01|1|1.2299
293mGLY: 01|1|1.5511
131mALA: 07|1|1.1559
375mCYS: 10|1|1.9658
246mCYS: 07|1|1.2586
444mHIS: 01|1|1.0558
290mALA: 01|1|1.063
293mGLU: 01|1|1.3292
279mGLU: 24|1|1.0804
293mASP: 01|1|1.1994
345mCYS: 10|1|1.3833
375mALA: 10|1|1.0492
346mGLU: 10|1|1.4841
293mLYS: 01|1|1.1387
293mSER: 01|1|1.4464
293mALA: 01|1|1.9856
293mVAL: 01|1|1.2889
347mLYS: 10|1|1.2802
347mTHR: 10|1|1.0693
140mCYS: 12|1|1.9245
347mGLU: 10|1|1.2459
140mALA: 12|1|1.1667
267mCYS: 06|1|1.0222
293mILE: 01|1|1.1884
290mCYS: 01|1|1.5682
263mGLU: 15|1|1.255
