411mGLU: 00,02,07,13,20,27|6|3.6231
268mALA: 01,03,10,11,21,22|6|2.3203
146mGLY: 01,03,10,11,21,22|6|4.8555
146mTHR: 01,03,10,11,21,22|6|3.7602
266mGLU: 01,03,10,18,21,22|6|1.481
408mALA: 00,02,07,13,20,27|6|2.0684
146mHIS: 01,03,10,11,21,22|6|2.0164
146mILE: 01,03,10,11,21,22|6|1.7968
146mGLU: 01,03,10,11,21,22|6|4.0238
146mSER: 01,03,10,11,21,22|6|3.2399
146mALA: 01,03,10,11,21,22|6|4.3687
410mTHR: 00,02,07,13,20,27|6|3.0276
410mGLU: 00,02,07,13,20,27|6|3.9717
345mGLY: 00,07,14,20,27|5|1.2415
267mTHR: 01,03,10,11,22|5|2.3958
267mGLU: 01,03,10,11,22|5|2.701
120mGLY: 03,11,15,21,22|5|1.2076
119mGLY: 03,11,15,21,22|5|1.989
267mALA: 01,03,10,11,22|5|2.2557
267mSER: 01,03,10,11,22|5|2.2179
267mGLY: 01,03,10,11,22|5|2.6993
267mLEU: 01,03,10,11,22|5|1.282
415mHIS: 00,02,07,20,27|5|1.1196
267mASP: 01,03,10,11,22|5|1.726
337mVAL: 00,02,20,27|4|1.077
181mLYS: 01,15,21,22|4|1.9982
412mALA: 02,07,13,20|4|2.9809
412mGLY: 02,07,13,20|4|2.7067
346mHIS: 00,04,07,14|4|1.0129
412mCYS: 02,07,13,20|4|2.3127
346mGLY: 00,04,07,14|4|1.6763
337mLEU: 00,02,20,27|4|1.4923
181mTHR: 01,15,21,22|4|1.2184
122mASN: 03,11,15,21|4|1.2417
412mTHR: 02,07,13,20|4|1.8425
337mGLY: 00,02,20,27|4|2.291
122mGLY: 03,11,15,21|4|1.1003
337mALA: 00,02,20,27|4|1.8212
337mSER: 00,02,20,27|4|1.9614
144mALA: 01,03,11,21|4|2.0972
337mGLU: 00,02,20,27|4|1.439
346mGLU: 00,04,07,14|4|1.0259
337mHIS: 00,02,20,27|4|2.1934
412mLEU: 02,07,13,20|4|1.0372
337mMET: 00,02,20,27|4|1.8573
337mLYS: 00,02,20,27|4|1.1998
412mGLU: 02,07,13,20|4|2.2593
346mTHR: 00,04,07,14|4|1.1933
412mSER: 02,07,13,20|4|1.8733
122mTHR: 03,11,15,21|4|1.2115
337mILE: 00,02,20,27|4|1.2179
178mSER: 01,11,22|3|1.215
136mLYS: 03,11,23|3|1.8171
123mGLU: 11,15,23|3|1.6588
142mALA: 03,11,21|3|1.99
123mLYS: 11,15,23|3|1.3873
451mGLY: 04,05,14|3|1.1492
136mGLU: 03,11,23|3|1.6208
123mASN: 11,15,23|3|1.8755
123mTHR: 11,15,23|3|1.7421
123mGLY: 11,15,23|3|2.271
178mGLU: 01,11,22|3|1.2995
178mASP: 01,11,22|3|1.1718
136mASP: 03,11,23|3|1.636
123mILE: 11,15,23|3|1.0352
136mTHR: 03,11,23|3|1.3619
456mALA: 04,05,14|3|1.0622
370mGLY: 05,14,20|3|1.1738
123mSER: 11,15,23|3|1.8828
370mALA: 05,14,20|3|1.5347
136mASN: 03,11,23|3|1.3714
370mSER: 05,14,20|3|1.0497
136mGLY: 03,11,23|3|1.778
178mALA: 01,11,22|3|1.3341
142mCYS: 03,11,21|3|3.5588
451mCYS: 04,05,14|3|1.231
136mHIS: 03,11,23|3|1.4783
370mLYS: 05,14,20|3|1.0241
123mHIS: 11,15,23|3|2.2491
178mGLY: 01,11,22|3|1.1336
451mALA: 04,05,14|3|1.4306
123mALA: 11,15,23|3|1.1186
357mLYS: 05,26|2|1.1468
244mGLY: 16,23|2|1.0669
275mMET: 10,18|2|1.0036
242mSER: 16,23|2|1.2305
242mGLY: 16,23|2|1.4558
454mALA: 04,05|2|1.25
359mLYS: 05,26|2|1.8859
242mALA: 16,23|2|1.6953
359mTHR: 05,26|2|1.128
272mGLU: 10,18|2|1.3238
244mGLU: 16,23|2|1.5166
275mHIS: 10,18|2|1.2388
242mTHR: 16,23|2|1.4181
242mILE: 16,23|2|1.2328
245mCYS: 16,23|2|1.0988
143mALA: 03,11|2|1.3566
357mALA: 05,26|2|1.1403
242mLYS: 16,23|2|1.919
357mCYS: 05,26|2|1.6834
143mCYS: 03,11|2|2.0118
454mCYS: 04,05|2|1.5333
440mLYS: 26|1|1.5676
440mGLU: 26|1|1.2744
127mCYS: 23|1|2.2001
438mTHR: 26|1|1.4452
316mCYS: 18|1|1.2968
362mALA: 26|1|1.3991
362mCYS: 26|1|1.6824
440mTHR: 26|1|1.2617
435mCYS: 26|1|1.5177
356mCYS: 26|1|1.2665
323mLYS: 18|1|1.1616
303mGLU: 03|1|1.116
263mCYS: 10|1|1.1418
440mALA: 26|1|1.3748
400mTHR: 18|1|1.0005
127mALA: 23|1|1.3998
303mASP: 03|1|1.0106
440mGLY: 26|1|1.1393
356mTHR: 26|1|1.044
127mLYS: 23|1|1.1861
124mGLY: 15|1|1.0685
435mLYS: 26|1|1.2256
435mTHR: 26|1|1.1158
440mCYS: 26|1|2.4547
438mLYS: 26|1|2.106
435mASP: 26|1|1.0658
440mASP: 26|1|1.1471
303mALA: 03|1|1.019
356mASP: 26|1|1.0035
356mLYS: 26|1|1.2222
