165mGLN: 09,10,15,17,25|5|3.6983
164mGLU: 09,10,15,17,25|5|3.4441
165mCYS: 09,10,15,17,25|5|7.1453
165mASP: 09,10,15,17,25|5|4.652
165mGLU: 09,10,15,17,25|5|4.7953
165mTHR: 09,10,15,17,25|5|4.8641
165mALA: 09,10,15,17,25|5|5.1869
165mGLY: 09,10,15,17,25|5|4.4923
165mLEU: 09,10,15,17,25|5|4.0004
164mCYS: 09,10,15,17,25|5|4.7426
165mILE: 09,10,15,17,25|5|3.9456
165mASN: 09,10,15,17,25|5|2.4437
165mSER: 09,10,15,17,25|5|3.6106
242mLYS: 10,15,17,25|4|1.9184
242mGLY: 10,15,17,25|4|1.8365
242mTHR: 10,15,17,25|4|2.9772
242mGLU: 10,15,17,25|4|1.667
242mGLN: 10,15,17,25|4|1.5817
248mSER: 09,10,17,25|4|1.7998
242mILE: 10,15,17,25|4|1.5034
242mALA: 10,15,17,25|4|2.6371
242mSER: 10,15,17,25|4|2.5264
242mCYS: 10,15,17,25|4|1.9034
167mLEU: 10,15,17|3|1.0679
158mSER: 09,10,25|3|1.0801
167mGLU: 10,15,17|3|1.1243
167mGLY: 10,15,17|3|1.1914
167mALA: 10,15,17|3|1.1251
249mSER: 09,10,25|3|1.4814
167mMET: 10,15,17|3|1.0518
167mTHR: 10,15,17|3|1.0794
158mGLN: 09,10,25|3|1.1274
158mGLY: 09,10,25|3|1.002
249mGLN: 09,10,25|3|1.247
251mGLN: 10,25|2|1.4035
251mSER: 10,25|2|1.1846
194mTHR: 15,17|2|1.0838
251mALA: 10,25|2|1.0647
251mVAL: 10,25|2|1.1344
251mILE: 10,25|2|1.1634
251mTHR: 10,25|2|1.8627
245mGLY: 09,25|2|1.1599
157mHIS: 17,25|2|1.0083
251mGLU: 10,25|2|1.4906
251mLEU: 10,25|2|1.0577
251mASP: 10,25|2|1.1708
218mSER: 15|1|1.1203
362mASN: 25|1|1.5632
281mALA: 15|1|1.0274
362mGLY: 25|1|1.1087
362mTHR: 25|1|1.632
362mGLU: 25|1|1.137
218mVAL: 15|1|1.0571
218mMET: 15|1|1.1027
218mASP: 15|1|1.1256
218mGLU: 15|1|1.518
218mGLY: 15|1|1.2501
362mILE: 25|1|1.1237
362mLYS: 25|1|1.9785
218mTHR: 15|1|1.2845
362mALA: 25|1|1.3037
218mALA: 15|1|1.0112
218mLEU: 15|1|1.0007
281mCYS: 15|1|1.5326
362mPRO: 25|1|1.3752
218mGLN: 15|1|1.1453
218mHIS: 15|1|1.0936
