341mTHR: 06,09,10,13|4|4.2491
341mHIS: 06,09,10,13|4|1.327
341mGLY: 06,09,10,13|4|3.087
341mALA: 06,09,10,13|4|3.1933
341mASN: 06,09,10,13|4|2.8683
341mMET: 06,09,10,13|4|1.7739
341mSER: 06,09,10,13|4|1.7153
341mLEU: 06,09,10,13|4|2.6958
341mGLU: 06,09,10,13|4|3.9978
268mILE: 01,21,23|3|1.7666
339mLYS: 06,09,13|3|2.2495
268mGLU: 01,21,23|3|2.521
180mLYS: 01,21,23|3|1.0063
147mTHR: 01,21,23|3|1.1808
407mGLU: 06,09,13|3|1.152
268mASN: 01,21,23|3|2.7055
336mALA: 06,07,09|3|1.9232
339mALA: 06,09,13|3|2.8401
268mALA: 01,21,23|3|2.1702
262mALA: 01,21,23|3|2.3005
407mLEU: 06,09,13|3|1.2553
268mCYS: 01,21,23|3|4.0208
339mGLY: 06,09,13|3|1.66
268mPHE: 01,21,23|3|1.489
146mTHR: 01,21,23|3|1.052
406mALA: 06,09,13|3|1.1888
180mGLY: 01,21,23|3|1.7493
261mALA: 01,21,23|3|1.6043
268mLEU: 01,21,23|3|1.4191
261mMET: 01,21,23|3|1.0832
261mHIS: 01,21,23|3|1.2544
261mGLY: 01,21,23|3|1.6766
268mVAL: 01,21,23|3|2.5688
180mVAL: 01,21,23|3|1.3035
180mALA: 01,21,23|3|2.3104
261mLEU: 01,21,23|3|1.241
261mVAL: 01,21,23|3|1.1251
415mALA: 06,09,13|3|1.3378
407mALA: 06,09,13|3|1.066
268mGLY: 01,21,23|3|1.6179
262mGLY: 01,21,23|3|1.1729
266mTHR: 01,21,23|3|1.2776
268mASP: 01,21,23|3|3.1417
261mGLU: 01,21,23|3|1.1262
407mGLY: 06,09,13|3|1.5392
266mALA: 01,21,23|3|1.4861
262mVAL: 01,21,23|3|1.2577
415mGLY: 06,09,13|3|1.0814
261mSER: 01,21,23|3|1.437
268mTHR: 01,21,23|3|3.6394
377mGLY: 07,10,13|3|1.1849
336mGLY: 06,07,09|3|1.8257
268mPRO: 01,21,23|3|4.5595
339mVAL: 06,09,13|3|1.541
339mCYS: 06,09,13|3|3.0041
339mGLU: 06,09,13|3|1.8584
261mLYS: 01,21,23|3|1.068
262mLYS: 01,21,23|3|1.7963
439mMET: 07,15|2|1.1553
403mPHE: 07,10|2|1.1952
245mGLU: 00,02|2|1.2668
243mGLY: 00,02|2|1.1282
403mALA: 07,10|2|1.5608
439mVAL: 07,15|2|1.3332
344mTHR: 10,13|2|1.2561
178mGLY: 01,21|2|1.2146
403mGLN: 07,10|2|1.5168
439mGLU: 07,15|2|1.1481
244mGLY: 00,02|2|1.9762
344mLYS: 10,13|2|1.69
267mPRO: 21,23|2|1.6499
439mSER: 07,15|2|1.4775
267mTHR: 21,23|2|1.666
439mHIS: 07,15|2|1.4711
244mVAL: 00,02|2|1.2849
243mTHR: 00,02|2|1.3344
267mGLU: 21,23|2|1.007
408mLYS: 09,13|2|1.352
243mALA: 00,02|2|2.1004
410mGLY: 06,09|2|1.017
165mMET: 00,02|2|1.0407
403mMET: 07,10|2|1.2252
403mHIS: 07,10|2|1.6162
245mASP: 00,02|2|1.1831
403mLEU: 07,10|2|1.8062
245mALA: 00,02|2|1.1323
439mTHR: 07,15|2|1.2388
165mHIS: 00,02|2|1.2171
408mALA: 09,13|2|1.7937
403mGLU: 07,10|2|1.7602
178mLYS: 01,21|2|1.2274
375mALA: 10,13|2|1.2787
344mVAL: 10,13|2|1.756
403mASN: 07,10|2|1.4088
344mALA: 10,13|2|2.6
178mTHR: 01,21|2|1.0068
439mLYS: 07,15|2|1.4483
344mLEU: 10,13|2|1.2468
267mALA: 21,23|2|1.5782
244mGLU: 00,02|2|1.101
403mSER: 07,10|2|1.5966
344mILE: 10,13|2|1.0698
408mCYS: 09,13|2|1.2305
122mGLU: 21,23|2|1.2092
344mGLY: 10,13|2|2.1901
439mLEU: 07,15|2|1.1332
245mGLY: 00,02|2|1.5174
408mVAL: 09,13|2|1.2365
244mALA: 00,02|2|2.4465
403mTHR: 07,10|2|1.3508
178mALA: 01,21|2|1.9624
164mHIS: 00,02|2|1.1667
344mHIS: 10,13|2|1.0966
243mLYS: 00,02|2|1.68
439mALA: 07,15|2|1.8668
344mSER: 10,13|2|1.2905
122mHIS: 21,23|2|1.0407
267mCYS: 21,23|2|2.0164
403mVAL: 07,10|2|1.4624
403mTRP: 07,10|2|1.379
410mGLU: 06,09|2|1.4493
439mGLY: 07,15|2|1.8697
403mGLY: 07,10|2|2.2478
122mSER: 21,23|2|1.0443
408mILE: 09,13|2|1.1863
408mGLY: 09,13|2|1.4116
410mALA: 06,09|2|1.3521
403mASP: 07,10|2|1.7008
267mASP: 21,23|2|1.444
245mLEU: 00,02|2|1.2989
140mVAL: 04|1|1.1553
293mCYS: 15|1|2.3724
293mPRO: 15|1|1.9712
293mGLY: 15|1|1.144
443mASN: 15|1|1.0055
411mALA: 06|1|1.4027
322mALA: 07|1|1.1822
246mPRO: 02|1|1.1769
443mCYS: 15|1|1.1076
290mASN: 15|1|1.2806
290mTHR: 15|1|1.3015
140mGLY: 04|1|1.2496
293mASN: 15|1|1.4266
290mPRO: 15|1|1.7429
271mPRO: 23|1|1.2526
293mGLU: 15|1|1.619
215mGLY: 04|1|1.2283
293mASP: 15|1|1.7734
411mLYS: 06|1|1.1394
140mTHR: 04|1|1.0939
215mLYS: 04|1|1.2655
456mGLU: 18|1|1.5801
289mPRO: 15|1|1.2526
290mASP: 15|1|1.0652
293mTHR: 15|1|1.9735
443mTHR: 15|1|1.0494
293mALA: 15|1|1.4222
215mALA: 04|1|1.5649
140mALA: 04|1|1.8097
320mPRO: 07|1|1.301
290mCYS: 15|1|1.138
443mPRO: 15|1|1.723
140mLYS: 04|1|2.2646
438mALA: 15|1|1.1805
215mVAL: 04|1|1.0825
