180mTHR: 00,01,05,06,13,18|6|5.4858
180mASN: 00,01,05,06,13,18|6|3.3283
362mVAL: 08,10,14,21,22|5|3.4962
362mGLY: 08,10,14,21,22|5|2.5941
146mCYS: 05,06,13,18,24|5|2.1068
362mALA: 08,10,14,21,22|5|3.3574
362mASN: 08,10,14,21,22|5|5.597
362mGLU: 08,10,14,21,22|5|3.4662
262mTHR: 00,01,05,06,18|5|2.4497
262mCYS: 00,01,05,06,18|5|5.9791
262mPRO: 00,01,05,06,18|5|3.8994
362mPRO: 08,10,14,21,22|5|8.9268
362mTHR: 08,10,14,21,22|5|6.0713
362mASP: 08,10,14,21,22|5|5.9531
263mASN: 00,05,06,18|4|2.7656
143mGLU: 05,13,18,24|4|2.8054
143mILE: 05,13,18,24|4|1.7839
229mPRO: 00,01,05,06|4|1.744
263mASP: 00,05,06,18|4|3.4502
263mALA: 00,05,06,18|4|1.9038
368mCYS: 08,10,14,22|4|2.6089
263mPRO: 00,05,06,18|4|5.2783
263mTHR: 00,05,06,18|4|3.5522
143mASP: 05,13,18,24|4|3.3208
368mALA: 08,10,14,22|4|1.8249
357mASN: 08,10,14,21|4|1.1952
143mPRO: 05,13,18,24|4|4.146
143mTHR: 05,13,18,24|4|3.5408
263mVAL: 00,05,06,18|4|2.1782
263mCYS: 00,05,06,18|4|5.4045
451mTHR: 08,10,21,22|4|2.414
357mPRO: 08,10,14,21|4|2.0282
263mGLY: 00,05,06,18|4|1.2376
143mGLY: 05,13,18,24|4|1.6566
143mLEU: 05,13,18,24|4|1.3924
145mCYS: 05,13,18,24|4|2.2652
263mILE: 00,05,06,18|4|1.1834
143mALA: 05,13,18,24|4|2.3936
368mGLY: 08,10,14,22|4|1.56
143mASN: 05,13,18,24|4|2.3695
357mTHR: 08,10,14,21|4|1.3602
143mCYS: 05,13,18,24|4|4.7047
143mPHE: 05,13,18,24|4|1.3635
142mTHR: 05,13,18,24|4|1.4405
263mGLU: 00,05,06,18|4|2.1759
143mVAL: 05,13,18,24|4|1.9675
400mSER: 09,12,20|3|1.5801
177mASP: 05,13,24|3|1.3051
349mALA: 10,21,22|3|2.2745
119mTHR: 05,13,18|3|1.9771
120mALA: 05,13,18|3|1.5061
119mSER: 05,13,18|3|1.238
120mTHR: 05,13,18|3|2.0128
164mGLU: 10,14,21|3|1.2912
400mASN: 09,12,20|3|6.2786
323mALA: 09,12,20|3|2.4985
400mVAL: 09,12,20|3|2.9418
349mTHR: 10,21,22|3|2.9054
400mPRO: 09,12,20|3|8.0062
177mTHR: 05,13,24|3|1.47
401mASP: 09,12,20|3|3.2601
120mPRO: 05,13,18|3|1.4468
401mASN: 09,12,20|3|2.7672
323mVAL: 09,12,20|3|1.8005
119mLEU: 05,13,18|3|1.1646
327mALA: 09,12,20|3|1.4766
120mVAL: 05,13,18|3|1.1243
349mGLU: 10,21,22|3|2.9613
400mGLY: 09,12,20|3|3.34
349mVAL: 10,21,22|3|2.2707
119mCYS: 05,13,18|3|2.6514
369mCYS: 10,14,22|3|3.5363
400mASP: 09,12,20|3|5.4304
349mCYS: 10,21,22|3|5.2619
323mGLY: 09,12,20|3|1.399
136mTHR: 13,24,29|3|1.1087
119mGLY: 05,13,18|3|1.203
400mTHR: 09,12,20|3|5.6826
120mCYS: 05,13,18|3|4.1902
119mASP: 05,13,18|3|1.521
261mASP: 01,05,06|3|1.5626
400mCYS: 09,12,20|3|4.8633
401mGLU: 09,12,20|3|1.4958
349mPRO: 10,21,22|3|2.8199
401mCYS: 09,12,20|3|4.5437
400mGLU: 09,12,20|3|3.6003
136mASN: 13,24,29|3|1.2605
369mALA: 10,14,22|3|3.6097
349mASN: 10,21,22|3|1.3597
164mTHR: 10,14,21|3|1.0552
369mTHR: 10,14,22|3|3.3065
400mILE: 09,12,20|3|1.7472
400mALA: 09,12,20|3|3.2868
261mGLU: 01,05,06|3|1.2692
323mLYS: 09,12,20|3|2.2837
323mSER: 09,12,20|3|1.3147
119mGLU: 05,13,18|3|1.6157
120mASP: 05,13,18|3|1.0281
261mTHR: 01,05,06|3|1.9176
349mASP: 10,21,22|3|2.7484
400mLYS: 09,12,20|3|2.3903
401mPRO: 09,12,20|3|4.7648
177mCYS: 05,13,24|3|1.8969
119mALA: 05,13,18|3|2.5916
369mVAL: 10,14,22|3|1.9603
369mILE: 10,14,22|3|1.6804
452mCYS: 10,21,22|3|1.9356
327mCYS: 09,12,20|3|1.3671
369mSER: 10,14,22|3|1.6915
369mLYS: 10,14,22|3|2.3349
119mLYS: 05,13,18|3|1.3395
336mALA: 12,20|2|1.0001
326mCYS: 09,20|2|1.5339
324mCYS: 09,12|2|2.2152
217mCYS: 24,29|2|1.2587
300mALA: 24,29|2|2.0318
300mSER: 24,29|2|1.2692
363mPRO: 08,21|2|3.1332
403mPRO: 12,20|2|1.7414
218mGLU: 24,29|2|1.1959
300mPRO: 24,29|2|1.1998
324mPRO: 09,12|2|3.446
300mTHR: 24,29|2|1.6068
316mHIS: 09,12|2|1.2108
316mLYS: 09,12|2|2.6126
182mTHR: 00,06|2|1.1269
339mALA: 12,20|2|1.2255
363mCYS: 08,21|2|1.9024
324mVAL: 09,12|2|1.1578
316mALA: 09,12|2|3.0503
316mILE: 09,12|2|1.4303
399mALA: 09,12|2|1.0458
178mPRO: 00,01|2|2.773
316mLEU: 09,12|2|1.5055
456mASP: 21,22|2|1.5513
399mPRO: 09,12|2|3.6311
403mCYS: 12,20|2|2.759
300mILE: 24,29|2|1.3378
300mGLY: 24,29|2|1.802
456mCYS: 21,22|2|2.8538
456mGLU: 21,22|2|1.8171
300mGLN: 24,29|2|1.0974
300mARG: 24,29|2|1.1812
178mGLU: 00,01|2|1.1158
387mCYS: 14,22|2|2.3492
178mASP: 00,01|2|1.7232
363mTHR: 08,21|2|1.786
456mALA: 21,22|2|1.397
316mVAL: 09,12|2|2.1406
178mCYS: 00,01|2|2.223
300mMET: 24,29|2|1.1846
300mASN: 24,29|2|1.6972
300mHIS: 24,29|2|1.6192
178mTHR: 00,01|2|2.1074
316mGLY: 09,12|2|2.1476
324mASP: 09,12|2|1.9654
316mTHR: 09,12|2|1.3223
324mTHR: 09,12|2|2.0988
324mASN: 09,12|2|2.011
399mTHR: 09,12|2|2.2927
178mASN: 00,01|2|1.5586
316mSER: 09,12|2|1.9102
300mVAL: 24,29|2|1.7734
339mTHR: 12,20|2|1.0845
399mASN: 09,12|2|2.4356
363mASN: 08,21|2|1.6982
300mLYS: 24,29|2|1.9828
316mGLU: 09,12|2|1.0582
336mCYS: 12,20|2|1.8021
339mGLU: 12,20|2|1.6328
363mASP: 08,21|2|1.6526
403mASP: 12,20|2|1.4412
399mCYS: 09,12|2|1.8052
182mASN: 00,06|2|1.1248
303mGLY: 24|1|1.3013
286mPRO: 09|1|1.4479
402mPRO: 20|1|1.1441
288mCYS: 09|1|1.0919
288mPRO: 09|1|1.7073
291mCYS: 09|1|1.1076
228mPRO: 00|1|1.6412
193mASN: 29|1|1.1826
371mPRO: 22|1|1.384
193mCYS: 29|1|3.0228
193mVAL: 29|1|1.4234
288mTHR: 09|1|1.0337
210mCYS: 18|1|1.0415
228mCYS: 00|1|1.0258
133mPRO: 29|1|1.384
388mGLU: 14|1|1.2583
396mPRO: 12|1|1.5666
193mLYS: 29|1|1.2111
259mCYS: 01|1|1.0955
224mCYS: 18|1|1.0318
243mCYS: 29|1|2.7093
291mASN: 09|1|1.0055
193mTHR: 29|1|1.8131
139mCYS: 29|1|1.0259
388mCYS: 14|1|1.2228
303mASP: 24|1|1.069
232mGLU: 01|1|1.0255
350mPRO: 22|1|1.4351
291mTHR: 09|1|1.0494
193mPRO: 29|1|2.0341
418mPRO: 20|1|1.5459
286mTHR: 09|1|1.0065
140mHIS: 24|1|1.0342
172mCYS: 29|1|1.0415
259mGLU: 01|1|1.131
260mPRO: 00|1|1.384
139mPRO: 29|1|1.6413
193mASP: 29|1|1.3656
134mPRO: 29|1|1.4479
214mPRO: 29|1|1.4351
134mTHR: 29|1|1.0065
291mPRO: 09|1|1.723
193mALA: 29|1|1.4777
