164mMET: 05,11,15,16,17,21,25,26|8|3.359
242mGLY: 05,11,15,17,21,25,26,28|8|4.9442
164mGLY: 05,11,15,16,17,21,25,26|8|6.3667
242mALA: 05,11,15,17,21,25,26,28|8|4.5252
164mTHR: 05,11,15,16,17,21,25,26|8|5.3168
164mHIS: 05,11,15,16,17,21,25,26|8|6.1726
242mLYS: 05,11,15,17,21,25,26,28|8|5.7594
164mALA: 05,11,15,16,17,21,25,26|8|5.4469
164mSER: 05,11,15,16,17,21,25,26|8|5.1277
440mGLU: 09,12,14,16,20,21,24|7|5.6628
179mGLU: 00,01,03,10,18,22,29|7|1.9583
438mTHR: 09,12,14,16,20,21,24|7|3.576
147mHIS: 00,03,04,10,18,22,29|7|1.7813
147mSER: 00,03,04,10,18,22,29|7|2.3322
438mGLY: 09,12,14,16,20,21,24|7|4.3943
438mSER: 09,12,14,16,20,21,24|7|2.9196
147mGLY: 00,03,04,10,18,22,29|7|3.4586
438mLYS: 09,12,14,16,20,21,24|7|5.0553
438mGLU: 09,12,14,16,20,21,24|7|5.5019
438mALA: 09,12,14,16,20,21,24|7|3.9057
165mASP: 05,11,15,17,25,26|6|6.2068
262mGLU: 00,03,10,22,27,29|6|4.041
262mHIS: 00,03,10,22,27,29|6|1.849
181mLYS: 00,01,03,04,22,29|6|3.196
244mGLY: 05,08,17,25,26,28|6|2.5192
146mGLY: 00,03,04,10,18,29|6|5.2566
244mASP: 05,08,17,25,26,28|6|2.4708
165mTHR: 05,11,15,17,25,26|6|3.0881
244mTHR: 05,08,17,25,26,28|6|1.8236
165mGLU: 05,11,15,17,25,26|6|5.2645
181mASP: 00,01,03,04,22,29|6|4.8955
181mGLU: 00,01,03,04,22,29|6|4.2815
165mSER: 05,11,15,17,25,26|6|2.5314
262mASP: 00,03,10,22,27,29|6|4.514
165mPRO: 05,11,15,17,25,26|6|2.4738
244mGLU: 05,08,17,25,26,28|6|2.9865
165mGLY: 05,11,15,17,25,26|6|4.1296
146mGLU: 00,03,04,10,18,29|6|5.8323
262mGLY: 00,03,10,22,27,29|6|2.8118
146mSER: 00,03,04,10,18,29|6|3.763
244mALA: 05,08,17,25,26,28|6|2.7773
146mALA: 00,03,04,10,18,29|6|5.992
262mSER: 00,03,10,22,27,29|6|1.9838
165mALA: 05,11,15,17,25,26|6|3.083
165mVAL: 05,11,15,17,25,26|6|1.9207
359mHIS: 11,14,15,16,21,24|6|1.333
146mASP: 00,03,04,10,18,29|6|5.6166
262mLYS: 00,03,10,22,27,29|6|1.7282
388mHIS: 09,14,20,21,24|5|2.1702
229mHIS: 00,03,22,27,29|5|1.5968
229mGLY: 00,03,22,27,29|5|3.0579
391mASP: 09,14,16,21,24|5|1.6213
391mLYS: 09,14,16,21,24|5|1.6445
391mSER: 09,14,16,21,24|5|1.6583
391mASN: 09,14,16,21,24|5|1.0618
229mALA: 00,03,22,27,29|5|3.7413
388mLEU: 09,14,20,21,24|5|1.5053
391mGLY: 09,14,16,21,24|5|1.9247
391mTHR: 09,14,16,21,24|5|1.3066
388mSER: 09,14,20,21,24|5|2.3258
120mGLY: 00,01,03,04,18|5|1.882
391mLEU: 09,14,16,21,24|5|1.2765
391mGLU: 09,14,16,21,24|5|1.8053
388mGLY: 09,14,20,21,24|5|2.2678
391mGLN: 09,14,16,21,24|5|1.0222
388mASP: 09,14,20,21,24|5|1.803
391mHIS: 09,14,16,21,24|5|2.2673
391mILE: 09,14,16,21,24|5|1.1628
391mALA: 09,14,16,21,24|5|2.0466
391mVAL: 09,14,16,21,24|5|1.4546
437mGLY: 12,14,20,21,24|5|1.7273
388mALA: 09,14,20,21,24|5|2.9402
391mMET: 09,14,16,21,24|5|1.5844
388mGLU: 09,14,20,21,24|5|1.9945
194mTHR: 08,17,25,26|4|1.2769
142mALA: 00,01,04,18|4|2.7852
178mGLY: 10,18,22,29|4|1.069
263mASP: 10,22,27,29|4|2.3436
267mGLY: 03,04,18,29|4|1.3358
263mTHR: 10,22,27,29|4|1.9898
194mHIS: 08,17,25,26|4|1.9059
248mALA: 05,11,15,28|4|1.3516
261mALA: 03,22,27,29|4|4.3714
267mLYS: 03,04,18,29|4|1.2218
194mGLU: 08,17,25,26|4|2.1967
251mGLU: 05,11,15,28|4|2.3032
263mGLY: 10,22,27,29|4|1.1736
178mLYS: 10,18,22,29|4|1.1272
178mALA: 10,18,22,29|4|2.0656
267mALA: 03,04,18,29|4|2.0555
249mALA: 05,11,15,25|4|1.7635
194mLYS: 08,17,25,26|4|2.0974
261mGLU: 03,22,27,29|4|4.5454
194mGLY: 08,17,25,26|4|1.5419
251mALA: 05,11,15,28|4|2.1763
194mASP: 08,17,25,26|4|2.5323
142mGLY: 00,01,04,18|4|1.8493
194mALA: 08,17,25,26|4|1.9202
263mGLU: 10,22,27,29|4|2.938
240mGLU: 05,17,25,26|4|1.3228
119mLYS: 00,01,03,04|4|2.2018
249mGLU: 05,11,15,25|4|1.31
319mASP: 07,19,23|3|1.2244
250mASN: 11,15,28|3|1.5921
293mHIS: 09,12,16|3|1.6624
250mSER: 11,15,28|3|1.356
293mGLY: 09,12,16|3|1.8986
412mALA: 14,20,24|3|1.0479
250mALA: 11,15,28|3|2.1919
293mGLU: 09,12,16|3|1.9815
364mLYS: 16,21,24|3|1.198
250mILE: 11,15,28|3|1.2833
316mLYS: 07,19,23|3|1.467
293mLYS: 09,12,16|3|1.1762
250mHIS: 11,15,28|3|1.5632
290mGLY: 09,12,16|3|1.014
250mLYS: 11,15,28|3|2.0766
364mALA: 16,21,24|3|1.3453
250mVAL: 11,15,28|3|1.7943
293mGLN: 09,12,16|3|1.1269
364mCYS: 16,21,24|3|1.5031
169mASP: 17,25,26|3|1.3939
293mMET: 09,12,16|3|1.3136
158mGLY: 05,11,15|3|1.3249
293mLEU: 09,12,16|3|1.0513
191mASP: 17,25,26|3|1.6638
121mLYS: 00,01,18|3|1.5065
158mALA: 05,11,15|3|2.0419
293mTHR: 09,12,16|3|1.7505
121mGLY: 00,01,18|3|1.2255
293mALA: 09,12,16|3|1.4618
412mGLU: 14,20,24|3|1.0572
121mASP: 00,01,18|3|2.494
293mSER: 09,12,16|3|1.9658
250mMET: 11,15,28|3|1.1592
250mTHR: 11,15,28|3|1.7322
250mGLY: 11,15,28|3|1.874
250mLEU: 11,15,28|3|1.0212
387mALA: 14,24|2|1.7915
286mCYS: 07,23|2|1.5103
258mGLY: 22,27|2|2.7991
193mGLU: 08,17|2|1.2323
122mHIS: 00,01|2|1.1374
127mGLY: 08,28|2|1.5332
259mALA: 22,27|2|1.3369
366mALA: 14,21|2|1.9032
411mCYS: 14,24|2|1.9526
366mILE: 14,21|2|1.0096
208mGLY: 01,03|2|1.7176
122mASP: 00,01|2|1.2649
403mALA: 07,23|2|1.2591
208mASN: 01,03|2|1.2637
259mGLY: 22,27|2|1.3504
193mCYS: 08,17|2|2.3192
366mCYS: 14,21|2|3.8268
401mGLY: 07,23|2|1.3683
400mILE: 07,23|2|1.1119
366mLYS: 14,21|2|1.1158
368mCYS: 14,24|2|1.9715
258mCYS: 22,27|2|5.5034
323mALA: 07,23|2|1.1924
400mVAL: 07,23|2|1.0711
206mHIS: 01,28|2|1.6689
208mMET: 01,03|2|1.1833
258mGLU: 22,27|2|2.1353
327mALA: 07,23|2|1.1839
441mALA: 09,16|2|1.3048
122mALA: 00,01|2|1.1595
193mASP: 08,17|2|1.1404
400mGLY: 07,23|2|1.4068
193mLYS: 08,17|2|1.1547
369mCYS: 14,24|2|2.0019
441mGLY: 09,16|2|1.0345
387mSER: 14,24|2|1.1809
208mASP: 01,03|2|1.3407
141mCYS: 01,18|2|1.7019
258mALA: 22,27|2|3.446
160mCYS: 11,15|2|1.7262
403mGLU: 07,23|2|1.0932
259mLYS: 22,27|2|1.3178
258mHIS: 22,27|2|1.3015
206mMET: 01,28|2|1.6466
122mLYS: 00,01|2|1.0188
400mTHR: 07,23|2|1.1223
258mLEU: 22,27|2|1.4238
206mGLY: 01,28|2|1.2407
208mVAL: 01,03|2|1.3398
318mCYS: 19,23|2|1.5888
400mCYS: 07,23|2|2.4853
127mSER: 08,28|2|1.208
400mGLU: 07,23|2|1.2567
369mALA: 14,24|2|2.6518
401mALA: 07,23|2|1.9237
258mVAL: 22,27|2|1.9923
122mGLU: 00,01|2|1.0681
258mILE: 22,27|2|2.5686
206mGLN: 01,28|2|1.0891
208mHIS: 01,03|2|1.9103
208mTHR: 01,03|2|1.4168
320mLYS: 07,23|2|1.0789
400mALA: 07,23|2|2.4947
323mLYS: 07,23|2|1.0574
377mASP: 07,23|2|1.2909
208mALA: 01,03|2|1.4818
258mLYS: 22,27|2|3.0329
259mGLU: 22,27|2|1.3671
258mASP: 22,27|2|1.5426
208mLYS: 01,03|2|1.0226
208mSER: 01,03|2|1.4894
206mGLU: 01,28|2|1.4317
206mSER: 01,28|2|1.1153
208mGLU: 01,03|2|1.7174
206mTHR: 01,28|2|1.2739
315mCYS: 19,23|2|1.5477
208mGLN: 01,03|2|1.1296
369mILE: 14,24|2|1.2435
259mASP: 22,27|2|1.0787
320mCYS: 07,23|2|1.9797
400mLEU: 07,23|2|1.4007
369mGLY: 14,24|2|1.3418
411mASP: 14,24|2|1.3408
259mCYS: 22,27|2|2.706
403mASP: 07,23|2|1.3732
258mSER: 22,27|2|2.0545
369mLYS: 14,24|2|1.7226
399mCYS: 07,23|2|2.5484
264mCYS: 10,27|2|1.0331
141mALA: 01,18|2|1.058
363mCYS: 14|1|1.6997
347mCYS: 24|1|1.283
183mCYS: 22|1|1.2597
398mALA: 07|1|1.1074
370mCYS: 24|1|1.5326
139mCYS: 08|1|1.5812
152mCYS: 27|1|1.283
370mALA: 24|1|1.0274
148mCYS: 18|1|1.581
276mALA: 27|1|1.615
192mCYS: 17|1|1.3589
428mCYS: 07|1|1.9245
237mCYS: 28|1|1.0116
428mALA: 07|1|1.1667
276mCYS: 27|1|1.2644
260mCYS: 22|1|1.3761
276mLYS: 27|1|1.1011
