217mTHR: 13,15,16,17,18,19,22|7|4.034
217mLEU: 13,15,16,17,18,19,22|7|1.3152
217mGLU: 13,15,16,17,18,19,22|7|4.4062
194mGLY: 15,16,17,18,19,22|6|3.8528
194mCYS: 15,16,17,18,19,22|6|3.0514
244mASP: 15,16,17,18,19,22|6|3.2469
194mTYR: 15,16,17,18,19,22|6|1.9681
194mPRO: 15,16,17,18,19,22|6|4.6675
194mTHR: 15,16,17,18,19,22|6|6.3465
194mASP: 15,16,17,18,19,22|6|4.4161
191mTHR: 13,15,17,18,19,22|6|2.6642
194mHIS: 15,16,17,18,19,22|6|1.4629
194mTRP: 15,16,17,18,19,22|6|2.5474
194mLYS: 15,16,17,18,19,22|6|6.5482
244mGLU: 15,16,17,18,19,22|6|2.6404
218mASP: 13,15,17,18,19,22|6|2.9374
194mILE: 15,16,17,18,19,22|6|3.1192
218mGLY: 13,15,17,18,19,22|6|2.4802
244mGLY: 15,16,17,18,19,22|6|1.4994
168mCYS: 13,15,17,18,19,22|6|2.9589
194mSER: 15,16,17,18,19,22|6|3.2377
194mARG: 15,16,17,18,19,22|6|1.8376
194mASN: 15,16,17,18,19,22|6|6.0038
194mGLU: 15,16,17,18,19,22|6|5.772
194mALA: 15,16,17,18,19,22|6|2.3241
168mGLU: 13,15,17,18,19,22|6|2.9683
194mGLN: 15,16,17,18,19,22|6|3.1487
242mVAL: 13,15,18,19,22|5|2.2079
242mLYS: 13,15,18,19,22|5|4.376
219mTHR: 15,16,17,18,19|5|1.6919
242mGLY: 13,15,18,19,22|5|3.8938
169mTHR: 13,15,17,18,22|5|1.9624
190mTHR: 13,15,17,18,22|5|2.2815
242mILE: 13,15,18,19,22|5|2.4651
169mGLU: 13,15,17,18,22|5|1.5886
242mLEU: 13,15,18,19,22|5|1.1064
242mALA: 13,15,18,19,22|5|2.7663
190mGLU: 13,15,17,18,22|5|1.3578
169mASN: 13,15,17,18,22|5|1.14
242mCYS: 13,15,18,19,22|5|3.2318
165mGLN: 13,15,18,22|4|3.241
241mPRO: 16,17,19,22|4|1.9146
241mGLY: 16,17,19,22|4|1.6539
241mILE: 16,17,19,22|4|1.0238
134mSER: 16,17,18,19|4|1.9312
134mHIS: 16,17,18,19|4|1.332
165mMET: 13,15,18,22|4|2.514
300mALA: 13,17,18,19|4|2.1688
241mGLU: 16,17,19,22|4|2.6163
165mTHR: 13,15,18,22|4|4.1587
134mVAL: 16,17,18,19|4|2.5125
300mSER: 13,17,18,19|4|1.4952
300mLYS: 13,17,18,19|4|2.7302
241mASP: 16,17,19,22|4|2.348
134mTHR: 16,17,18,19|4|2.854
165mASP: 13,15,18,22|4|3.9592
165mGLU: 13,15,18,22|4|4.5826
300mGLU: 13,17,18,19|4|1.4712
165mGLY: 13,15,18,22|4|3.1103
134mGLY: 16,17,18,19|4|2.2433
165mVAL: 13,15,18,22|4|3.2263
241mGLN: 16,17,19,22|4|1.2346
134mGLU: 16,17,18,19|4|3.5579
300mGLY: 13,17,18,19|4|1.6712
193mCYS: 16,17,18,19|4|2.3465
193mGLU: 16,17,18,19|4|2.0917
134mASP: 16,17,18,19|4|2.9904
134mILE: 16,17,18,19|4|1.981
241mCYS: 16,17,19,22|4|2.1493
134mGLN: 16,17,18,19|4|2.3212
165mASN: 13,15,18,22|4|1.9685
134mALA: 16,17,18,19|4|2.6045
134mASN: 16,17,18,19|4|1.4161
241mTHR: 16,17,19,22|4|2.7636
165mHIS: 13,15,18,22|4|1.7154
165mSER: 13,15,18,22|4|2.2652
134mLEU: 16,17,18,19|4|2.55
193mTHR: 16,17,18,19|4|2.6061
167mLEU: 13,15,22|3|2.1011
130mLEU: 16,17,18|3|1.5233
130mGLU: 16,17,18|3|1.7961
164mGLU: 13,15,22|3|2.3768
167mGLU: 13,15,22|3|2.251
167mASP: 13,15,22|3|2.2214
164mALA: 13,15,22|3|1.1192
130mVAL: 16,17,18|3|1.7064
167mGLN: 13,15,22|3|1.2798
167mSER: 13,15,22|3|1.3913
130mALA: 16,17,18|3|1.5284
130mASN: 16,17,18|3|1.1473
164mLEU: 13,15,22|3|1.0952
167mCYS: 13,15,22|3|4.2492
130mPRO: 16,17,18|3|1.4051
167mGLY: 13,15,22|3|1.8808
130mCYS: 16,17,18|3|2.1642
164mCYS: 13,15,22|3|3.757
167mPRO: 13,15,22|3|1.3398
167mALA: 13,15,22|3|2.8203
164mTHR: 13,15,22|3|1.2177
130mTHR: 16,17,18|3|1.9806
167mTHR: 13,15,22|3|1.6884
130mILE: 16,17,18|3|1.5676
167mILE: 13,15,22|3|2.0875
281mCYS: 13,22|2|2.2102
284mCYS: 13,22|2|1.2858
440mGLU: 17|1|1.1115
440mLYS: 17|1|1.049
135mCYS: 16|1|1.0161
136mALA: 16|1|1.5
136mGLU: 16|1|1.4652
302mCYS: 13|1|1.5793
440mCYS: 17|1|1.9152
136mSER: 16|1|1.0777
136mASP: 16|1|1.1905
136mTHR: 16|1|1.5052
196mCYS: 16|1|1.0318
304mCYS: 13|1|1.1856
440mALA: 17|1|1.002
136mGLY: 16|1|1.5016
