242mSER: 02,05,06,12,16,22,27,28|8|7.1365
242mCYS: 02,05,06,12,16,22,27,28|8|5.0135
242mGLY: 02,05,06,12,16,22,27,28|8|8.3242
242mALA: 02,05,06,12,16,22,27,28|8|6.7651
242mMET: 02,05,06,12,16,22,27,28|8|3.5309
242mVAL: 02,05,06,12,16,22,27,28|8|3.2546
242mTHR: 02,05,06,12,16,22,27,28|8|10.9932
242mILE: 02,05,06,12,16,22,27,28|8|5.5338
242mLEU: 02,05,06,12,16,22,27,28|8|2.1388
242mPRO: 02,05,06,12,16,22,27,28|8|6.2864
242mLYS: 02,05,06,12,16,22,27,28|8|10.6981
242mARG: 02,05,06,12,16,22,27,28|8|5.1527
242mGLN: 02,05,06,12,16,22,27,28|8|5.7437
242mASN: 02,05,06,12,16,22,27,28|8|9.6161
242mHIS: 02,05,06,12,16,22,27,28|8|5.5652
164mILE: 05,06,12,16,22,27,28|7|4.4414
165mASP: 05,06,12,16,22,27,28|7|6.303
164mASP: 05,06,12,16,22,27,28|7|10.0628
164mGLU: 05,06,12,16,22,27,28|7|10.2343
165mARG: 05,06,12,16,22,27,28|7|1.1375
165mGLU: 05,06,12,16,22,27,28|7|5.7644
164mCYS: 05,06,12,16,22,27,28|7|10.269
164mGLY: 05,06,12,16,22,27,28|7|9.392
165mHIS: 05,06,12,16,22,27,28|7|2.7684
165mSER: 05,06,12,16,22,27,28|7|5.3335
164mVAL: 05,06,12,16,22,27,28|7|3.4255
164mLEU: 05,06,12,16,22,27,28|7|2.7278
164mTHR: 05,06,12,16,22,27,28|7|7.1215
165mLYS: 05,06,12,16,22,27,28|7|6.1038
164mLYS: 05,06,12,16,22,27,28|7|9.5214
165mGLN: 05,06,12,16,22,27,28|7|2.3612
164mHIS: 05,06,12,16,22,27,28|7|4.2241
165mGLY: 05,06,12,16,22,27,28|7|6.7663
164mALA: 05,06,12,16,22,27,28|7|9.2249
164mGLN: 05,06,12,16,22,27,28|7|3.3831
165mTHR: 05,06,12,16,22,27,28|7|3.9888
164mASN: 05,06,12,16,22,27,28|7|6.2157
165mALA: 05,06,12,16,22,27,28|7|6.5049
164mSER: 05,06,12,16,22,27,28|7|8.0534
194mTHR: 05,06,22,24,27,28|6|2.9242
249mHIS: 05,06,12,16,27,28|6|1.2161
249mLYS: 05,06,12,16,27,28|6|1.5963
194mHIS: 05,06,22,24,27,28|6|2.3481
126mGLY: 02,04,08,13,23,24|6|3.4255
194mILE: 05,06,22,24,27,28|6|1.175
249mSER: 05,06,12,16,27,28|6|1.6126
249mTHR: 05,06,12,16,27,28|6|1.2259
126mSER: 02,04,08,13,23,24|6|2.6014
194mARG: 05,06,22,24,27,28|6|2.0075
194mGLN: 05,06,22,24,27,28|6|2.3829
126mALA: 02,04,08,13,23,24|6|3.896
194mVAL: 05,06,22,24,27,28|6|2.1402
126mLYS: 02,04,08,13,23,24|6|2.7529
194mSER: 05,06,22,24,27,28|6|2.7131
194mLYS: 05,06,22,24,27,28|6|3.3312
126mTHR: 02,04,08,13,23,24|6|1.9789
249mGLY: 05,06,12,16,27,28|6|2.5402
194mGLY: 05,06,22,24,27,28|6|3.0411
249mASP: 05,06,12,16,27,28|6|2.9821
194mASN: 05,06,22,24,27,28|6|2.7051
126mGLU: 02,04,08,13,23,24|6|2.2516
194mALA: 05,06,22,24,27,28|6|2.2191
194mMET: 05,06,22,24,27,28|6|1.5898
249mGLN: 05,06,12,16,27,28|6|1.2387
194mLEU: 05,06,22,24,27,28|6|1.3068
249mGLU: 05,06,12,16,27,28|6|1.9698
193mGLU: 06,12,14,18,24|5|1.8816
136mLYS: 08,13,14,18,24|5|3.6724
163mALA: 05,06,16,27,28|5|1.6786
163mASP: 05,06,16,27,28|5|2.4484
134mASP: 12,13,14,18,24|5|1.213
136mGLU: 08,13,14,18,24|5|2.4999
193mGLY: 06,12,14,18,24|5|2.1992
163mGLU: 05,06,16,27,28|5|1.606
136mASP: 08,13,14,18,24|5|2.8838
163mLYS: 05,06,16,27,28|5|1.5095
136mSER: 08,13,14,18,24|5|2.1385
163mCYS: 05,06,16,27,28|5|3.0483
136mGLY: 08,13,14,18,24|5|3.4426
163mSER: 05,06,16,27,28|5|1.2678
163mGLY: 05,06,16,27,28|5|2.2163
193mASP: 06,12,14,18,24|5|2.1482
123mLYS: 04,08,13,24|4|1.167
127mTHR: 02,13,23,24|4|1.2462
345mGLY: 01,09,10,19|4|3.2583
326mGLY: 07,15,26,29|4|1.0614
411mGLU: 01,10,17,26|4|1.8578
127mGLY: 02,13,23,24|4|1.3446
377mTHR: 07,09,15,19|4|1.4465
377mGLU: 07,09,15,19|4|2.3804
217mALA: 12,14,18,22|4|2.8478
334mGLY: 01,07,15,26|4|1.0567
127mALA: 02,13,23,24|4|1.7177
345mGLU: 01,09,10,19|4|3.302
377mASP: 07,09,15,19|4|2.6926
217mTHR: 12,14,18,22|4|3.8439
217mLYS: 12,14,18,22|4|2.8261
345mHIS: 01,09,10,19|4|1.5164
127mLYS: 02,13,23,24|4|1.2161
217mSER: 12,14,18,22|4|1.6076
127mSER: 02,13,23,24|4|1.6348
345mSER: 01,09,10,19|4|2.4221
345mASN: 01,09,10,19|4|3.3033
345mTHR: 01,09,10,19|4|3.1189
345mGLN: 01,09,10,19|4|1.3813
217mGLU: 12,14,18,22|4|2.6643
377mALA: 07,09,15,19|4|1.8017
251mTHR: 02,23,28|3|1.6912
251mGLY: 02,23,28|3|2.1463
261mILE: 00,03,20|3|1.2974
264mTHR: 00,03,20|3|1.7141
338mGLU: 07,15,19|3|1.079
403mALA: 07,15,19|3|1.8897
264mGLY: 00,03,20|3|1.2831
316mLYS: 15,21,29|3|1.1179
403mLYS: 07,15,19|3|1.5973
263mASP: 00,03,20|3|1.1594
251mSER: 02,23,28|3|1.571
338mALA: 07,15,19|3|2.6862
320mTHR: 07,15,29|3|1.2675
264mLYS: 00,03,20|3|1.7088
135mLYS: 08,13,24|3|1.0883
261mVAL: 00,03,20|3|1.1837
261mALA: 00,03,20|3|2.6192
264mGLU: 00,03,20|3|1.3394
264mASP: 00,03,20|3|1.3041
261mGLY: 00,03,20|3|3.3574
251mGLU: 02,23,28|3|1.8319
403mGLU: 07,15,19|3|1.4333
400mTHR: 07,15,29|3|1.0454
338mGLY: 07,15,19|3|2.0641
340mASP: 09,15,19|3|1.3276
124mALA: 04,08,13|3|1.3241
251mLYS: 02,23,28|3|2.0419
408mGLU: 01,09,10|3|1.0724
261mASP: 00,03,20|3|3.777
263mGLU: 00,03,20|3|1.2384
316mTHR: 15,21,29|3|1.219
338mASP: 07,15,19|3|1.9518
400mGLU: 07,15,29|3|1.113
403mSER: 07,15,19|3|1.3457
400mASN: 07,15,29|3|1.3226
264mASN: 00,03,20|3|1.8325
320mLYS: 07,15,29|3|1.7816
261mGLU: 00,03,20|3|3.917
251mASP: 02,23,28|3|2.6073
261mGLN: 00,03,20|3|2.2348
261mSER: 00,03,20|3|2.8769
261mTHR: 00,03,20|3|3.5072
251mALA: 02,23,28|3|2.0098
261mASN: 00,03,20|3|2.9061
400mLYS: 07,15,29|3|1.0645
403mASP: 07,15,19|3|1.9235
338mLYS: 07,15,19|3|1.5453
169mASP: 12,27,28|3|1.5325
135mASP: 08,13,24|3|1.096
338mCYS: 07,15,19|3|3.3365
410mGLU: 01,10,26|3|2.0646
251mCYS: 02,23,28|3|2.0254
403mGLY: 07,15,19|3|1.8761
130mTHR: 02,23,24|3|1.1571
261mLYS: 00,03,20|3|2.3166
338mSER: 07,15,19|3|1.329
419mASP: 07,15|2|1.6909
258mGLY: 03,20|2|1.977
258mTHR: 03,20|2|1.5266
265mLYS: 00,03|2|1.092
409mGLU: 01,26|2|1.0215
329mGLY: 07,26|2|1.0014
438mGLU: 17,26|2|1.518
436mASN: 01,26|2|1.0211
259mCYS: 03,20|2|1.5625
438mASP: 17,26|2|2.0462
305mCYS: 00,21|2|1.1845
336mGLU: 07,15|2|1.0595
346mGLY: 09,10|2|1.5233
259mASP: 03,20|2|1.5217
438mGLY: 17,26|2|1.7555
258mLYS: 03,20|2|1.6512
258mALA: 03,20|2|1.1237
346mASN: 09,10|2|1.4261
265mTHR: 00,03|2|1.3769
438mCYS: 17,26|2|2.1659
346mGLU: 09,10|2|1.5536
342mASP: 09,10|2|1.0546
438mALA: 17,26|2|1.4989
346mTHR: 09,10|2|1.4841
119mTHR: 04,08|2|1.0536
259mTHR: 03,20|2|1.1462
266mTHR: 00,03|2|1.2916
119mGLU: 04,08|2|1.2614
419mGLY: 07,15|2|1.1896
259mGLU: 03,20|2|1.2764
258mASP: 03,20|2|1.9313
438mLYS: 17,26|2|1.3391
409mTHR: 01,26|2|1.5132
409mASN: 01,26|2|1.3142
258mGLU: 03,20|2|1.785
438mSER: 17,26|2|1.2204
409mLYS: 01,26|2|2.2424
190mASP: 12,18|2|1.1054
265mHIS: 00,03|2|1.0467
258mSER: 03,20|2|1.3063
421mCYS: 15|1|1.2665
272mCYS: 00|1|1.0187
228mASP: 03|1|1.0791
362mASN: 17|1|1.0514
196mSER: 02|1|1.0552
362mLYS: 17|1|1.124
208mASP: 08|1|1.0795
440mGLY: 17|1|1.2017
421mLYS: 15|1|1.2222
440mALA: 17|1|1.1105
196mGLY: 02|1|1.0331
440mCYS: 17|1|1.779
304mCYS: 21|1|1.0849
362mTHR: 17|1|1.1872
421mASP: 15|1|1.0035
418mASP: 07|1|1.0111
440mASP: 17|1|1.2835
196mHIS: 02|1|1.0592
421mTHR: 15|1|1.044
