165mGLN: 01,03,07,13,14,17,26,29|8|2.8049
165mPHE: 01,03,07,13,14,17,26,29|8|2.8004
165mMET: 01,03,07,13,14,17,26,29|8|3.99
165mTHR: 01,03,07,13,14,17,26,29|8|3.6217
165mSER: 01,03,07,13,14,17,26,29|8|4.6467
165mASP: 01,03,07,13,14,17,26,29|8|3.3959
165mGLU: 01,03,07,13,14,17,26,29|8|5.0456
165mALA: 01,03,07,13,14,17,26,29|8|5.5707
165mGLY: 01,03,07,13,14,17,26,29|8|5.6873
165mLEU: 01,03,07,13,14,17,26,29|8|4.0371
165mVAL: 01,03,07,13,14,17,26,29|8|4.7518
165mILE: 01,03,07,13,14,17,26,29|8|4.246
165mASN: 01,03,07,13,14,17,26,29|8|3.4751
165mHIS: 01,03,07,13,14,17,26,29|8|5.1546
194mGLY: 01,03,07,13,14,20,29|7|2.3513
164mHIS: 01,03,07,13,17,26,29|7|3.7634
164mVAL: 01,03,07,13,17,26,29|7|2.1798
243mALA: 03,07,13,17,20,26,29|7|5.4057
164mTHR: 01,03,07,13,17,26,29|7|2.6207
164mILE: 01,03,07,13,17,26,29|7|1.6667
242mGLY: 03,07,13,17,20,26,29|7|3.116
194mHIS: 01,03,07,13,14,20,29|7|2.2997
242mLEU: 03,07,13,17,20,26,29|7|1.9669
164mLEU: 01,03,07,13,17,26,29|7|2.1936
243mGLY: 03,07,13,17,20,26,29|7|3.9137
194mVAL: 01,03,07,13,14,20,29|7|1.0988
243mCYS: 03,07,13,17,20,26,29|7|6.1238
194mMET: 01,03,07,13,14,20,29|7|1.9966
164mSER: 01,03,07,13,17,26,29|7|4.2257
242mILE: 03,07,13,17,20,26,29|7|1.3594
164mGLU: 01,03,07,13,17,26,29|7|4.7309
194mSER: 01,03,07,13,14,20,29|7|2.1275
164mGLY: 01,03,07,13,17,26,29|7|5.4332
242mALA: 03,07,13,17,20,26,29|7|4.1755
194mLEU: 01,03,07,13,14,20,29|7|1.5085
194mGLU: 01,03,07,13,14,20,29|7|1.9156
194mALA: 01,03,07,13,14,20,29|7|1.4664
219mGLY: 01,03,07,14,20,29|6|3.2084
219mHIS: 01,03,07,14,20,29|6|2.386
219mGLU: 01,03,07,14,20,29|6|2.0389
219mLYS: 01,03,07,14,20,29|6|2.9156
219mALA: 01,03,07,14,20,29|6|3.7428
219mVAL: 01,03,07,14,20,29|6|2.4871
217mALA: 01,07,14,20,29|5|3.1767
244mGLY: 03,07,13,20,29|5|1.678
190mTHR: 01,03,13,14,29|5|1.2214
167mLEU: 01,17,26,29|4|1.22
193mMET: 03,13,20,29|4|1.0186
167mGLU: 01,17,26,29|4|1.3337
193mGLY: 03,13,20,29|4|1.2156
167mGLN: 01,17,26,29|4|1.1592
167mSER: 01,17,26,29|4|1.1469
167mGLY: 01,17,26,29|4|1.5012
167mALA: 01,17,26,29|4|1.2211
167mMET: 01,17,26,29|4|1.3987
167mTHR: 01,17,26,29|4|1.3082
193mHIS: 03,13,20,29|4|1.3241
167mHIS: 01,17,26,29|4|1.3681
247mCYS: 07,17,26|3|2.9075
216mGLY: 14,20,29|3|1.5527
161mGLU: 13,17,26|3|1.0763
216mALA: 14,20,29|3|1.9491
216mSER: 14,20,29|3|1.2452
247mALA: 07,17,26|3|1.6276
216mCYS: 14,20,29|3|2.226
158mMET: 17,26|2|1.1092
159mGLU: 17,26|2|2.1034
159mGLY: 17,26|2|2.2912
360mALA: 17,26|2|1.0318
359mCYS: 17,26|2|1.6685
159mSER: 17,26|2|2.0811
159mMET: 17,26|2|1.7277
301mGLU: 01,14|2|1.1617
159mGLN: 17,26|2|1.1122
159mTHR: 17,26|2|2.2365
362mTHR: 17,26|2|1.1384
301mTHR: 01,14|2|1.0166
358mCYS: 17,26|2|1.0249
278mASN: 01,14|2|1.0
159mASN: 17,26|2|2.2682
359mLYS: 17,26|2|1.2822
360mCYS: 17,26|2|1.2716
297mTHR: 01,14|2|1.0331
278mGLU: 01,14|2|1.2429
171mHIS: 14,29|2|1.0397
362mALA: 17,26|2|1.1103
158mHIS: 17,26|2|1.3444
359mTHR: 17,26|2|1.0883
159mHIS: 17,26|2|2.4812
162mCYS: 17,26|2|1.0958
297mGLU: 01,14|2|1.5501
362mCYS: 17,26|2|1.1278
359mALA: 17,26|2|1.0255
136mASN: 20|1|1.0118
250mHIS: 26|1|1.0342
136mGLU: 20|1|1.0266
