242mTHR: 04,07,14,21,23|5|3.7616
242mGLU: 04,07,14,21,23|5|5.7347
242mLEU: 04,07,14,21,23|5|2.1246
242mALA: 04,07,14,21,23|5|3.4973
242mCYS: 04,07,14,21,23|5|5.5381
164mMET: 07,14,21,23|4|1.2635
164mILE: 07,14,21,23|4|1.8207
164mGLU: 07,14,21,23|4|4.1827
165mTHR: 07,14,21,23|4|1.9315
191mCYS: 14,15,21,23|4|1.0271
164mALA: 07,14,21,23|4|5.4312
165mCYS: 07,14,21,23|4|3.4222
165mASP: 07,14,21,23|4|1.4525
165mGLU: 07,14,21,23|4|2.581
164mLEU: 07,14,21,23|4|2.7073
164mASP: 07,14,21,23|4|3.9407
165mALA: 07,14,21,23|4|3.2921
165mGLY: 07,14,21,23|4|2.2049
165mLEU: 07,14,21,23|4|2.0201
164mCYS: 07,14,21,23|4|6.2546
164mSER: 07,14,21,23|4|2.8026
164mTHR: 07,14,21,23|4|3.6793
164mGLY: 07,14,21,23|4|3.8019
165mSER: 07,14,21,23|4|1.7349
164mLYS: 07,14,21,23|4|2.55
241mPRO: 04,15,21|3|1.0989
244mASP: 04,15,21|3|1.8928
249mASP: 07,14,23|3|1.3395
241mILE: 04,15,21|3|1.1367
193mGLU: 04,15,21|3|1.4507
241mGLU: 04,15,21|3|1.5708
241mVAL: 04,15,21|3|1.1385
249mILE: 07,14,23|3|1.1065
241mASP: 04,15,21|3|1.1898
244mTHR: 04,15,21|3|2.2111
249mCYS: 07,14,23|3|2.4007
241mCYS: 04,15,21|3|2.2158
244mGLU: 04,15,21|3|3.4569
249mLEU: 07,14,23|3|1.2945
193mALA: 04,15,21|3|1.4329
241mLEU: 04,15,21|3|1.3488
249mALA: 07,14,23|3|1.3064
193mCYS: 04,15,21|3|2.2751
244mCYS: 04,15,21|3|3.6154
249mTHR: 07,14,23|3|1.1311
244mGLY: 04,15,21|3|1.7063
244mLEU: 04,15,21|3|1.9786
241mGLN: 04,15,21|3|1.125
241mTHR: 04,15,21|3|1.2843
241mPHE: 04,15,21|3|1.3686
244mALA: 04,15,21|3|2.5794
249mGLU: 07,14,23|3|1.3103
161mALA: 07,14|2|1.1284
358mCYS: 07,14|2|1.521
158mMET: 07|1|1.0182
158mVAL: 07|1|1.2919
438mCYS: 14|1|1.3761
158mCYS: 07|1|2.1142
158mPRO: 07|1|1.0292
158mALA: 07|1|1.2563
158mLEU: 07|1|1.5486
248mGLU: 07|1|1.3393
158mILE: 07|1|1.2153
157mCYS: 07|1|1.0415
130mCYS: 15|1|1.0318
158mASP: 07|1|1.3052
158mPHE: 07|1|1.3684
158mGLU: 07|1|1.7678
158mTHR: 07|1|1.4936
218mCYS: 21|1|1.017
158mGLN: 07|1|1.1162
