165mASP: 00,06,07,11,15,16,18,20,26,27,28|11|8.1402
164mGLU: 00,06,07,11,15,16,18,20,26,27,28|11|13.8442
165mTHR: 00,06,07,11,15,16,18,20,26,27,28|11|7.6937
165mGLU: 00,06,07,11,15,16,18,20,26,27,28|11|10.3947
164mCYS: 00,06,07,11,15,16,18,20,26,27,28|11|11.323
165mSER: 00,06,07,11,15,16,18,20,26,27,28|11|6.6146
164mVAL: 00,06,07,11,15,16,18,20,26,27,28|11|5.605
165mGLY: 00,06,07,11,15,16,18,20,26,27,28|11|7.9234
164mTHR: 00,06,07,11,15,16,18,20,26,27,28|11|10.1092
165mLYS: 00,06,07,11,15,16,18,20,26,27,28|11|6.1033
165mGLN: 00,06,07,11,15,16,18,20,26,27,28|11|4.3061
165mHIS: 00,06,07,11,15,16,18,20,26,27,28|11|7.7278
243mGLU: 00,06,07,11,15,18,20,26,27,28|10|5.3313
190mGLU: 00,06,11,15,16,18,20,25,26|9|3.6124
242mSER: 00,06,11,15,18,20,26,27,28|9|6.4977
242mGLY: 00,06,11,15,18,20,26,27,28|9|6.3457
242mALA: 00,06,11,15,18,20,26,27,28|9|4.6056
242mGLU: 00,06,11,15,18,20,26,27,28|9|10.1145
242mASP: 00,06,11,15,18,20,26,27,28|9|6.7235
242mHIS: 00,06,11,15,18,20,26,27,28|9|6.3815
242mLYS: 00,06,11,15,18,20,26,27,28|9|6.0218
242mTHR: 00,06,11,15,18,20,26,27,28|9|7.6553
242mGLN: 00,06,11,15,18,20,26,27,28|9|3.4137
190mGLY: 00,06,11,15,16,18,20,25,26|9|3.8166
194mTHR: 00,06,11,15,18,20,26,28|8|3.0937
194mASP: 00,06,11,15,18,20,26,28|8|3.0828
245mGLU: 00,06,07,11,15,18,27,28|8|6.1583
245mSER: 00,06,07,11,15,18,27,28|8|2.6632
245mASN: 00,06,07,11,15,18,27,28|8|3.241
167mHIS: 00,06,11,15,16,18,20,26|8|4.3733
167mGLU: 00,06,11,15,16,18,20,26|8|3.8492
194mHIS: 00,06,11,15,18,20,26,28|8|4.0688
167mSER: 00,06,11,15,16,18,20,26|8|3.5438
167mLYS: 00,06,11,15,16,18,20,26|8|3.5388
167mALA: 00,06,11,15,16,18,20,26|8|3.9613
167mTHR: 00,06,11,15,16,18,20,26|8|3.7657
194mGLU: 00,06,11,15,18,20,26,28|8|4.1606
167mLEU: 00,06,11,15,16,18,20,26|8|2.1209
167mGLN: 00,06,11,15,16,18,20,26|8|2.4619
194mVAL: 00,06,11,15,18,20,26,28|8|1.5953
194mLYS: 00,06,11,15,18,20,26,28|8|2.7848
245mGLY: 00,06,07,11,15,18,27,28|8|3.9748
167mMET: 00,06,11,15,16,18,20,26|8|2.8078
194mGLY: 00,06,11,15,18,20,26,28|8|3.4638
194mARG: 00,06,11,15,18,20,26,28|8|1.0075
194mASN: 00,06,11,15,18,20,26,28|8|3.2892
194mALA: 00,06,11,15,18,20,26,28|8|1.8739
167mGLY: 00,06,11,15,16,18,20,26|8|4.2718
167mILE: 00,06,11,15,16,18,20,26|8|2.3209
245mTHR: 00,06,07,11,15,18,27,28|8|5.0036
163mGLU: 00,07,11,20,27,28|6|1.788
244mHIS: 06,07,15,18,20,28|6|1.0627
440mLYS: 11,16,25,26,28|5|3.7253
440mTHR: 11,16,25,26,28|5|3.0972
356mGLY: 11,16,18,20,28|5|1.5787
440mSER: 11,16,25,26,28|5|2.3566
440mPRO: 11,16,25,26,28|5|2.1741
440mALA: 11,16,25,26,28|5|3.5381
356mGLU: 11,16,18,20,28|5|1.7542
440mILE: 11,16,25,26,28|5|2.419
440mGLY: 11,16,25,26,28|5|2.7751
440mCYS: 11,16,25,26,28|5|3.2477
359mGLU: 16,18,26,27,28|5|1.6708
440mVAL: 11,16,25,26,28|5|2.6079
356mHIS: 11,16,18,20,28|5|1.0596
356mSER: 11,16,18,20,28|5|1.5136
440mGLN: 11,16,25,26,28|5|1.287
440mASN: 11,16,25,26,28|5|2.7669
249mARG: 00,07,11,27|4|1.1439
249mASN: 00,07,11,27|4|2.2048
249mILE: 00,07,11,27|4|1.3456
249mHIS: 00,07,11,27|4|3.259
249mLYS: 00,07,11,27|4|3.0702
249mPRO: 00,07,11,27|4|1.6182
248mALA: 00,07,27,28|4|1.2171
249mSER: 00,07,11,27|4|1.7243
438mCYS: 11,16,25,28|4|4.1168
249mTHR: 00,07,11,27|4|2.5389
249mCYS: 00,07,11,27|4|6.3137
438mALA: 11,16,25,28|4|2.1081
249mGLY: 00,07,11,27|4|2.6354
249mASP: 00,07,11,27|4|3.1203
249mALA: 00,07,11,27|4|2.9564
249mVAL: 00,07,11,27|4|2.3984
249mLEU: 00,07,11,27|4|1.004
249mGLN: 00,07,11,27|4|1.5264
249mGLU: 00,07,11,27|4|3.3809
172mGLY: 11,20,25|3|1.1299
217mALA: 15,18,26|3|1.4557
444mHIS: 11,16,26|3|1.2171
158mGLU: 07,27,28|3|1.4162
281mLEU: 20,25,26|3|1.0843
362mHIS: 11,16,26|3|1.1723
281mGLU: 20,25,26|3|1.063
281mCYS: 20,25,26|3|2.5893
444mMET: 11,16,26|3|1.0407
250mGLU: 07,27,28|3|1.4406
293mCYS: 25,26|2|1.9569
297mGLY: 25,26|2|1.6285
293mHIS: 25,26|2|1.095
301mGLY: 25,26|2|1.0409
293mGLY: 25,26|2|1.2148
297mASN: 25,26|2|1.7808
297mSER: 25,26|2|1.4509
297mGLU: 25,26|2|2.7087
293mASP: 25,26|2|1.0399
297mHIS: 25,26|2|1.4133
251mGLU: 07,27|2|1.5046
300mGLU: 25,26|2|1.2768
293mTHR: 25,26|2|1.1203
293mLYS: 25,26|2|1.0764
297mGLN: 25,26|2|1.5838
293mALA: 25,26|2|1.4826
297mTHR: 25,26|2|2.2435
293mVAL: 25,26|2|1.3614
251mASP: 07,27|2|1.2481
297mASP: 25,26|2|1.5723
299mGLU: 25|1|1.1743
252mCYS: 07|1|1.3676
