265mLYS: 00,01,02,03,07,08,09,10|8|5.6859
265mVAL: 00,01,02,03,07,08,09,10|8|4.256
265mALA: 00,01,02,03,07,08,09,10|8|4.7331
146mTHR: 00,01,02,03,07,08,09,22|8|4.2188
265mGLU: 00,01,02,03,07,08,09,10|8|2.6882
265mGLY: 00,01,02,03,07,08,09,10|8|3.8618
272mGLY: 01,02,07,08,10,21,22|7|3.018
272mGLU: 01,02,07,08,10,21,22|7|1.5682
272mSER: 01,02,07,08,10,21,22|7|2.9151
272mASN: 01,02,07,08,10,21,22|7|3.5391
272mHIS: 01,02,07,08,10,21,22|7|2.5109
272mALA: 01,02,07,08,10,21,22|7|4.9404
272mVAL: 01,02,07,08,10,21,22|7|4.2835
272mLYS: 01,02,07,08,10,21,22|7|6.1382
180mLYS: 00,03,09,10,12|5|3.6473
247mVAL: 04,05,17,18,19|5|1.708
245mGLU: 04,05,17,18,19|5|5.2274
245mALA: 04,05,17,18,19|5|4.6859
245mVAL: 04,05,17,18,19|5|4.8725
245mILE: 04,05,17,18,19|5|4.6114
245mMET: 04,05,17,18,19|5|3.9935
180mGLU: 00,03,09,10,12|5|1.1578
245mGLY: 04,05,17,18,19|5|4.1787
180mTHR: 00,03,09,10,12|5|1.7929
245mGLN: 04,05,17,18,19|5|3.9077
245mHIS: 04,05,17,18,19|5|2.6108
180mSER: 00,03,09,10,12|5|2.7838
247mGLY: 04,05,17,18,19|5|1.4692
180mASN: 00,03,09,10,12|5|1.349
245mTHR: 04,05,17,18,19|5|4.6004
245mLEU: 04,05,17,18,19|5|4.9299
178mVAL: 03,08,09,10|4|1.0318
440mGLU: 11,13,15,17|4|3.3652
440mTHR: 11,13,15,17|4|3.5064
158mHIS: 04,05,16,19|4|1.6673
251mGLY: 04,05,16,19|4|3.8524
250mGLN: 04,05,16,19|4|2.0074
249mASN: 05,17,18,19|4|1.055
178mLYS: 03,08,09,10|4|1.3472
438mTHR: 11,13,15,17|4|2.3919
440mLEU: 11,13,15,17|4|1.4803
251mASN: 04,05,16,19|4|1.9217
243mGLY: 17,18,19,20|4|1.8625
249mHIS: 05,17,18,19|4|1.1536
249mLYS: 05,17,18,19|4|1.3155
251mTHR: 04,05,16,19|4|2.2242
438mASN: 11,13,15,17|4|2.4452
251mLEU: 04,05,16,19|4|3.2362
251mPHE: 04,05,16,19|4|2.0405
440mLYS: 11,13,15,17|4|3.4273
440mASN: 11,13,15,17|4|3.1824
242mGLY: 17,18,19,20|4|2.9466
440mPHE: 11,13,15,17|4|1.0666
250mGLY: 04,05,16,19|4|2.5062
250mVAL: 04,05,16,19|4|2.4629
141mSER: 03,08,09,22|4|1.1404
251mMET: 04,05,16,19|4|2.9731
249mTHR: 05,17,18,19|4|1.2079
242mALA: 17,18,19,20|4|3.1365
141mGLY: 03,08,09,22|4|1.8948
438mHIS: 11,13,15,17|4|1.4428
158mGLY: 04,05,16,19|4|1.6352
242mGLU: 17,18,19,20|4|2.6468
440mASP: 11,13,15,17|4|1.0327
251mHIS: 04,05,16,19|4|3.2067
251mGLU: 04,05,16,19|4|2.6464
141mHIS: 03,08,09,22|4|1.2812
440mGLY: 11,13,15,17|4|2.6968
158mMET: 04,05,16,19|4|1.4003
251mSER: 04,05,16,19|4|3.3596
158mVAL: 04,05,16,19|4|1.0099
242mVAL: 17,18,19,20|4|2.3771
251mLYS: 04,05,16,19|4|2.5476
440mILE: 11,13,15,17|4|2.001
242mASP: 17,18,19,20|4|1.4894
440mSER: 11,13,15,17|4|2.902
242mTHR: 17,18,19,20|4|2.6432
251mVAL: 04,05,16,19|4|3.4059
249mALA: 05,17,18,19|4|1.2098
242mILE: 17,18,19,20|4|1.4284
251mILE: 04,05,16,19|4|3.2872
242mHIS: 17,18,19,20|4|1.9466
249mGLY: 05,17,18,19|4|1.0238
438mGLY: 11,13,15,17|4|1.8672
178mALA: 03,08,09,10|4|1.2351
251mTRP: 04,05,16,19|4|1.2411
440mVAL: 11,13,15,17|4|2.7173
251mGLN: 04,05,16,19|4|1.7704
251mALA: 04,05,16,19|4|3.926
158mSER: 04,05,16,19|4|1.284
242mLYS: 17,18,19,20|4|3.2052
438mLYS: 11,13,15,17|4|2.1192
142mGLY: 03,08,09,22|4|1.8533
440mHIS: 11,13,15,17|4|2.1979
250mTHR: 04,05,16,19|4|2.1777
249mVAL: 05,17,18,19|4|1.1971
142mLYS: 03,08,09,22|4|1.6059
251mCYS: 04,05,16,19|4|4.1894
440mALA: 11,13,15,17|4|3.2029
250mGLU: 04,05,16,19|4|1.7261
250mLEU: 04,05,16,19|4|2.0722
141mALA: 03,08,09,22|4|1.4387
438mALA: 11,13,15,17|4|1.5322
441mVAL: 11,13,15|3|1.5372
300mHIS: 11,13,15|3|1.9612
164mTHR: 17,18,19|3|1.6612
219mASN: 13,17,20|3|1.2157
300mALA: 11,13,15|3|2.2838
293mPRO: 11,13,15|3|2.2696
184mALA: 03,09,12|3|1.9029
184mASN: 03,09,12|3|1.2316
300mSER: 11,13,15|3|1.5097
293mGLY: 11,13,15|3|1.369
184mVAL: 03,09,12|3|1.673
128mHIS: 04,05,20|3|1.1855
300mGLU: 11,13,15|3|1.3924
289mGLN: 11,13,15|3|1.0498
196mVAL: 04,05,20|3|1.0773
164mGLU: 17,18,19|3|1.694
217mGLY: 09,17,22|3|1.1245
300mLEU: 11,13,15|3|1.9084
184mTHR: 03,09,12|3|1.4229
293mASN: 11,13,15|3|1.7567
165mPHE: 17,18,19|3|1.0809
184mHIS: 03,09,12|3|1.021
441mCYS: 11,13,15|3|1.6558
219mTHR: 13,17,20|3|1.0679
441mALA: 11,13,15|3|1.5037
217mASN: 09,17,22|3|1.4879
196mMET: 04,05,20|3|1.2564
184mARG: 03,09,12|3|1.169
184mILE: 03,09,12|3|1.1286
165mGLU: 17,18,19|3|2.0396
300mILE: 11,13,15|3|1.782
165mGLY: 17,18,19|3|1.802
300mGLY: 11,13,15|3|1.8409
271mALA: 02,08,22|3|1.3795
164mLYS: 17,18,19|3|1.0792
441mLYS: 11,13,15|3|2.2188
184mLYS: 03,09,12|3|2.0369
165mASN: 17,18,19|3|2.4487
165mHIS: 17,18,19|3|1.8101
196mTHR: 04,05,20|3|1.3976
219mVAL: 13,17,20|3|1.2649
165mSER: 17,18,19|3|2.9791
441mTHR: 11,13,15|3|1.7294
297mGLY: 11,13,15|3|1.1208
300mGLN: 11,13,15|3|1.7926
297mALA: 11,13,15|3|1.2409
441mSER: 11,13,15|3|1.1553
289mPRO: 11,13,15|3|1.3138
300mMET: 11,13,15|3|2.0187
300mASN: 11,13,15|3|1.812
196mHIS: 04,05,20|3|1.2628
219mSER: 13,17,20|3|1.5915
184mGLY: 03,09,12|3|1.1744
219mHIS: 13,17,20|3|1.0552
293mTHR: 11,13,15|3|1.3131
270mGLY: 02,10,21|3|1.1018
164mLEU: 17,18,19|3|1.1537
219mLYS: 13,17,20|3|1.4731
165mLEU: 17,18,19|3|2.0199
217mGLU: 09,17,22|3|1.1635
300mCYS: 11,13,15|3|1.0856
164mGLY: 17,18,19|3|1.4015
217mSER: 09,17,22|3|1.01
293mLYS: 11,13,15|3|2.95
289mSER: 11,13,15|3|1.0458
165mLYS: 17,18,19|3|2.2063
300mVAL: 11,13,15|3|2.8103
293mSER: 11,13,15|3|1.4907
300mTHR: 11,13,15|3|3.2439
165mGLN: 17,18,19|3|2.8615
164mHIS: 17,18,19|3|1.5325
165mPRO: 17,18,19|3|2.0086
289mLYS: 11,13,15|3|1.613
164mALA: 17,18,19|3|1.5154
293mALA: 11,13,15|3|2.0249
164mGLN: 17,18,19|3|1.3902
165mTHR: 17,18,19|3|2.8322
164mASN: 17,18,19|3|1.2431
165mALA: 17,18,19|3|2.2279
165mVAL: 17,18,19|3|2.5306
293mVAL: 11,13,15|3|1.8131
164mSER: 17,18,19|3|2.0037
293mARG: 11,13,15|3|1.3564
128mTHR: 04,05,20|3|1.1296
164mVAL: 17,18,19|3|1.6217
205mPHE: 12,16|2|1.2783
220mSER: 17,22|2|1.1694
205mGLN: 12,16|2|1.2263
205mGLY: 12,16|2|1.5264
119mGLY: 03,12|2|1.3173
220mGLU: 17,22|2|1.1498
205mSER: 12,16|2|1.0672
204mGLY: 04,16|2|1.1256
205mVAL: 12,16|2|1.5002
205mILE: 12,16|2|1.445
194mSER: 18,20|2|1.1026
205mHIS: 12,16|2|1.11
205mALA: 12,16|2|1.4514
205mASP: 12,16|2|1.1297
205mMET: 12,16|2|1.4819
205mTHR: 12,16|2|1.3773
220mASN: 17,22|2|1.1962
194mGLY: 18,20|2|1.0606
220mTHR: 17,22|2|1.0478
205mTRP: 12,16|2|1.0306
159mSER: 05,19|2|1.0303
220mHIS: 17,22|2|1.202
194mALA: 18,20|2|1.111
220mGLY: 17,22|2|1.1051
205mLEU: 12,16|2|1.6522
205mCYS: 12,16|2|2.0692
205mGLU: 12,16|2|1.7645
326mCYS: 06|1|2.083
326mTHR: 06|1|1.462
326mPRO: 06|1|1.3384
261mILE: 10|1|1.5899
326mVAL: 06|1|1.3648
326mALA: 06|1|1.19
326mGLN: 06|1|1.3558
326mPHE: 06|1|1.5182
261mVAL: 10|1|1.4229
261mALA: 10|1|1.7635
326mILE: 06|1|1.3636
259mCYS: 10|1|1.1386
261mGLY: 10|1|1.3868
336mPRO: 06|1|1.0389
261mPHE: 10|1|1.2418
182mCYS: 12|1|2.1916
261mASP: 10|1|1.0902
281mHIS: 13|1|1.0268
261mLEU: 10|1|1.4682
326mGLU: 06|1|1.653
326mMET: 06|1|1.1374
337mCYS: 06|1|1.1386
326mTRP: 06|1|1.2548
261mGLU: 10|1|1.2416
326mASP: 06|1|1.399
261mSER: 10|1|1.0369
326mLEU: 06|1|1.505
336mCYS: 06|1|1.3838
261mCYS: 10|1|2.7152
336mLYS: 06|1|2.071
338mSER: 06|1|1.0265
