M = 281 284 290 
283 284 286 | 323 324 329 | 356 359 361 | 279 303 306 | 

M = 385 408 412 
329 331 336 | 341 345 376 | 390 391 435 | 336 337 403 | 408 410 411 | 336 337 339 | 407 410 412 | 345 346 347 | 341 343 377 | 

M = 165 167 190 
193 194 242 | 146 265 269 | 164 165 168 | 119 123 124 | 144 146 147 | 197 241 249 | 147 262 265 | 194 242 245 | 242 243 244 | 146 178 265 | 242 243 246 | 164 165 249 | 190 217 220 | 178 261 265 | 147 178 180 | 146 147 268 | 194 241 243 | 194 196 242 | 164 165 249 | 163 164 165 | 123 127 134 | 120 123 208 | 258 259 261 | 193 196 242 | 146 147 265 | 193 196 242 | 265 266 268 | 242 243 244 | 178 181 261 | 146 264 267 | 235 249 251 | 130 190 193 | 

FREQUENCIES
242: 8
146: 6
265: 6
147: 5
165: 5
243: 4
194: 4
193: 4
178: 4
164: 4
249: 4
336: 3
190: 3
196: 3
261: 3
123: 3
268: 2
345: 2
341: 2
410: 2
329: 2
284: 2
412: 2
244: 2
241: 2
408: 2
337: 2
267: 1
217: 1
235: 1
339: 1
134: 1
197: 1
331: 1
130: 1
411: 1
391: 1
390: 1
163: 1
279: 1
127: 1
251: 1
119: 1
181: 1
264: 1
346: 1
407: 1
323: 1
180: 1
347: 1
403: 1
324: 1
208: 1
281: 1
283: 1
286: 1
144: 1
361: 1
303: 1
306: 1
245: 1
262: 1
124: 1
385: 1
269: 1
167: 1
377: 1
220: 1
120: 1
259: 1
258: 1
266: 1
356: 1
343: 1
246: 1
359: 1
168: 1
435: 1
290: 1
376: 1
