D106m3.txt,0, | 128 132 194 | 178 261 265 | 336 403 406 | ,Score: 0

D110m2.txt,0, | 165 168 191 | 122 124 138 | 280 283 286 | ,Score: 0

D204m0.txt,0, | 130 194 220 | 157 163 167 | 196 237 249 | ,Score: 0

D206mR.txt,0, | 279 284 291 | 288 317 324 | 165 190 240 | ,Score: 0

D214m3.txt,0, | 341 345 376 | 388 390 435 | 178 181 261 | ,Score: 0

D301m9.txt,0, | 165 167 190 | 146 178 265 | 194 243 246 | ,Score: 0

D302m1.txt,0, | 163 249 253 | 165 190 194 | 179 261 265 | ,Score: 0

D305m1.txt,0, | 385 388 412 | 391 438 440 | 147 178 263 | ,Score: 0

D307m2.txt,0, | 146 178 267 | 128 193 241 | 267 270 273 | ,Score: 0

D312m9.txt,0, | 279 301 306 | 194 196 244 | 157 164 249 | ,Score: 0

D318m3.txt,0, | 408 410 411 | 165 169 194 | 123 127 135 | ,Score: 0

D323m1.txt,0, | 337 339 408 | 123 127 208 | 390 408 412 | ,Score: 0

D324m6.txt,0, | 178 261 265 | 158 161 251 | 196 237 249 | ,Score: 0

D410mR.txt,0, | 120 123 124 | 340 343 377 | 193 197 241 | ,Score: 0

D430mR.txt,0, | 146 178 265 | 194 241 244 | 178 181 262 | ,Score: 0

D431m9.txt,0, | 130 190 240 | 193 196 240 | 130 190 193 | ,Score: 0

