M = 337 339 341 
329 331 336 | 345 346 370 | 336 337 403 | 342 343 377 | 366 385 412 | 338 340 342 | 336 337 339 | 345 346 347 | 341 343 377 | 378 379 419 | 

M = 165 190 194 
128 131 194 | 146 150 269 | 119 123 124 | 157 165 249 | 119 122 210 | 178 181 261 | 197 241 249 | 194 197 241 | 146 265 266 | 146 178 265 | 164 165 167 | 165 167 190 | 146 265 269 | 147 178 180 | 146 147 268 | 157 164 165 | 130 190 193 | 146 178 266 | 258 259 261 | 130 193 194 | 142 145 146 | 197 241 248 | 158 250 251 | 130 194 219 | 196 241 249 | 178 181 261 | 205 206 228 | 

M = 282 293 313 
360 364 366 | 283 286 290 | 273 274 280 | 281 283 292 | 281 282 293 | 267 273 274 | 

FREQUENCIES
194: 7
146: 7
165: 7
190: 5
178: 5
241: 4
197: 3
336: 3
337: 3
265: 3
249: 3
261: 3
130: 3
339: 2
157: 2
193: 2
164: 2
273: 2
274: 2
119: 2
345: 2
346: 2
181: 2
341: 2
342: 2
343: 2
366: 2
283: 2
147: 2
281: 2
266: 2
269: 2
167: 2
282: 2
377: 2
293: 2
267: 1
150: 1
338: 1
313: 1
331: 1
219: 1
131: 1
205: 1
250: 1
251: 1
347: 1
340: 1
268: 1
210: 1
196: 1
180: 1
248: 1
403: 1
280: 1
329: 1
360: 1
286: 1
145: 1
142: 1
206: 1
258: 1
158: 1
122: 1
123: 1
124: 1
370: 1
128: 1
364: 1
259: 1
419: 1
379: 1
378: 1
228: 1
412: 1
292: 1
290: 1
385: 1
