D106m3.txt,0, | 128 132 194 | 146 150 178 | 338 403 415 | ,Score: 0

D110m2.txt,0, | 273 275 280 | 281 283 286 | 282 286 290 | ,Score: 0

D204m0.txt,0, | 274 277 302 | 196 199 249 | 143 147 177 | ,Score: 0

D206mR.txt,0, | 282 288 293 | 147 178 262 | 128 193 240 | ,Score: 0

D214m3.txt,0, | 139 140 219 | 178 181 261 | 390 435 437 | ,Score: 0

D301m9.txt,0, | 435 440 443 | 146 178 265 | 190 193 215 | ,Score: 0

D302m1.txt,0, | 190 217 220 | 179 261 265 | 158 162 251 | ,Score: 0

D305m1.txt,0, | 388 391 435 | 147 178 263 | 398 401 419 | ,Score: 0

D307m2.txt,0, | 146 178 267 | 128 239 241 | 193 196 241 | ,Score: 0

D312m9.txt,0, | 282 286 293 | 157 165 249 | 272 279 303 | ,Score: 0

D318m3.txt,0, | 336 340 403 | 261 264 265 | 127 130 135 | ,Score: 0

D323m1.txt,0, | 267 272 274 | 145 177 267 | 193 197 241 | ,Score: 0

D324m6.txt,0, | 336 340 403 | 158 161 251 | 235 237 250 | ,Score: 0

D410mR.txt,0, | 196 199 249 | 341 344 379 | 335 338 403 | ,Score: 0

D430mR.txt,0, | 178 261 265 | 342 344 378 | 165 190 194 | ,Score: 0

D431m9.txt,0, | 124 207 226 | 149 177 261 | 165 190 194 | ,Score: 0

