M = 146 149 178 
146 150 269 | 119 122 123 | 144 146 177 | 178 181 261 | 146 265 266 | 146 178 265 | 229 259 261 | 147 178 180 | 146 147 268 | 279 303 306 | 142 145 146 | 258 259 261 | 147 180 262 | 

M = 196 241 249 
128 131 194 | 130 191 219 | 162 163 251 | 197 241 249 | 194 197 241 | 123 136 137 | 190 194 219 | 193 194 197 | 158 159 251 | 130 194 197 | 130 193 194 | 123 134 136 | 197 241 248 | 130 194 196 | 130 194 241 | 

M = 398 401 419 
329 331 336 | 283 286 290 | 281 293 297 | 281 283 292 | 345 346 370 | 281 290 293 | 400 401 419 | 364 366 385 | 336 403 407 | 338 340 342 | 390 407 412 | 345 346 347 | 343 377 378 | 377 379 380 | 312 318 319 | 312 317 318 | 

FREQUENCIES
194: 8
146: 7
241: 6
197: 5
130: 5
178: 4
196: 3
281: 3
147: 3
123: 3
249: 3
261: 3
318: 2
312: 2
336: 2
193: 2
219: 2
136: 2
251: 2
180: 2
407: 2
345: 2
346: 2
401: 2
283: 2
265: 2
419: 2
259: 2
377: 2
293: 2
290: 2
150: 1
319: 1
229: 1
134: 1
159: 1
331: 1
190: 1
131: 1
137: 1
177: 1
279: 1
119: 1
347: 1
338: 1
398: 1
390: 1
248: 1
181: 1
403: 1
400: 1
340: 1
329: 1
286: 1
144: 1
145: 1
142: 1
342: 1
191: 1
258: 1
303: 1
306: 1
149: 1
158: 1
366: 1
122: 1
266: 1
370: 1
128: 1
269: 1
268: 1
364: 1
162: 1
163: 1
317: 1
380: 1
262: 1
379: 1
378: 1
343: 1
412: 1
297: 1
292: 1
385: 1
