D106m3.txt,0, | 128 132 194 | 177 261 265 | 338 403 415 | ,Score: 0

D110m2.txt,0, | 119 122 124 | 123 136 138 | 282 286 290 | ,Score: 0

D204m0.txt,0, | 196 199 249 | 333 391 434 | 143 177 224 | ,Score: 0

D206mR.txt,0, | 288 325 396 | 128 194 239 | 171 192 220 | ,Score: 0

D214m3.txt,0, | 390 435 437 | 178 181 261 | 139 140 219 | ,Score: 0

D301m9.txt,0, | 435 440 443 | 346 348 370 | 123 127 208 | ,Score: 0

D302m1.txt,0, | 178 261 265 | 229 233 259 | 159 163 251 | ,Score: 0

D305m1.txt,0, | 400 419 427 | 391 440 443 | 147 178 263 | ,Score: 0

D307m2.txt,0, | 145 175 178 | 336 403 407 | 193 197 241 | ,Score: 0

D312m9.txt,0, | 157 163 249 | 277 279 284 | 123 127 208 | ,Score: 0

D318m3.txt,0, | 400 403 419 | 124 127 135 | 123 135 136 | ,Score: 0

D323m1.txt,0, | 193 197 241 | 344 377 380 | 120 123 208 | ,Score: 0

D324m6.txt,0, | 178 261 265 | 158 161 251 | 126 130 196 | ,Score: 0

D410mR.txt,0, | 336 340 403 | 196 237 249 | 123 127 208 | ,Score: 0

D430mR.txt,0, | 343 375 378 | 178 261 265 | 379 419 421 | ,Score: 0

D431m9.txt,0, | 317 318 324 | 130 194 220 | 228 232 261 | ,Score: 0

