D106m3.txt,0, | 177 261 265 | 343 345 376 | 338 403 415 | ,Score: 0

D110m2.txt,0, | 122 124 138 | 419 421 427 | 280 283 286 | ,Score: 0

D204m0.txt,0, | 199 210 224 | 196 199 249 | 157 162 251 | ,Score: 0

D206mR.txt,0, | 392 434 444 | 321 324 328 | 128 192 239 | ,Score: 0

D214m3.txt,0, | 178 182 229 | 388 390 435 | 436 438 440 | ,Score: 0

D301m9.txt,0, | 435 440 443 | 346 348 370 | 123 127 208 | ,Score: 0

D302m1.txt,0, | 345 346 370 | 158 163 251 | 178 261 265 | ,Score: 0

D305m1.txt,0, | 400 419 427 | 178 261 263 | 391 440 443 | ,Score: 0

D307m2.txt,0, | 336 338 407 | 336 403 407 | 193 197 241 | ,Score: 0

D312m9.txt,0, | 126 130 197 | 158 162 251 | 277 279 284 | ,Score: 0

D318m3.txt,0, | 261 264 265 | 400 403 419 | 124 127 135 | ,Score: 0

D323m1.txt,0, | 145 265 268 | 123 127 208 | 344 377 380 | ,Score: 0

D324m6.txt,0, | 347 370 450 | 123 127 208 | 158 235 250 | ,Score: 0

D410mR.txt,0, | 126 130 197 | 336 340 403 | 157 235 250 | ,Score: 0

D430mR.txt,0, | 146 178 265 | 342 345 375 | 343 378 380 | ,Score: 0

