144mALA: 05,08,15,25,26|5|1.8132
268mALA: 08,10,15,25,26|5|3.0294
400mGLY: 02,17,22,27,28|5|2.1794
400mTHR: 02,17,22,27,28|5|1.7543
379mGLY: 11,17,22,27,28|5|2.8968
145mCYS: 05,08,15,25,26|5|1.1002
268mGLY: 08,10,15,25,26|5|2.2518
400mALA: 02,17,22,27,28|5|4.2036
379mALA: 11,17,22,27,28|5|3.3388
419mASP: 17,22,27,28|4|1.7598
326mGLY: 02,17,19,22|4|2.4546
403mLEU: 02,17,22,28|4|3.1334
326mTHR: 02,17,19,22|4|2.6973
136mALA: 01,05,14,15|4|2.4761
419mHIS: 17,22,27,28|4|1.3054
136mLYS: 01,05,14,15|4|1.2446
147mTHR: 06,15,25,26|4|1.9511
403mALA: 02,17,22,28|4|3.3911
401mGLY: 02,17,22,28|4|1.8055
403mLYS: 02,17,22,28|4|1.3857
403mGLN: 02,17,22,28|4|2.3962
157mALA: 04,13,20,29|4|1.3048
136mCYS: 01,05,14,15|4|3.1269
419mGLY: 17,22,27,28|4|1.8137
403mILE: 02,17,22,28|4|2.2348
326mALA: 02,17,19,22|4|3.5115
401mASP: 02,17,22,28|4|1.2924
147mSER: 06,15,25,26|4|1.6327
403mHIS: 02,17,22,28|4|2.6691
146mTHR: 08,15,25,26|4|4.2637
248mALA: 01,04,20,29|4|2.3126
141mSER: 05,08,15,26|4|2.3389
326mILE: 02,17,19,22|4|1.9122
266mSER: 10,15,25,26|4|1.2288
147mGLY: 06,15,25,26|4|2.506
136mASP: 01,05,14,15|4|1.5452
266mGLU: 10,15,25,26|4|2.3491
141mGLY: 05,08,15,26|4|3.3494
141mHIS: 05,08,15,26|4|2.181
403mGLU: 02,17,22,28|4|3.8625
419mSER: 17,22,27,28|4|1.2696
419mLEU: 17,22,27,28|4|1.7087
377mGLU: 02,17,22,28|4|1.586
403mASN: 02,17,22,28|4|2.1009
146mASP: 08,15,25,26|4|3.5134
403mSER: 02,17,22,28|4|2.9761
146mILE: 08,15,25,26|4|2.4197
419mALA: 17,22,27,28|4|1.9634
141mGLN: 05,08,15,26|4|2.4473
146mLEU: 08,15,25,26|4|3.9174
265mGLY: 06,15,25,26|4|1.1136
249mALA: 04,13,20,29|4|2.0969
401mSER: 02,17,22,28|4|1.3275
249mCYS: 04,13,20,29|4|3.0771
419mTHR: 17,22,27,28|4|2.0516
401mALA: 02,17,22,28|4|1.2792
180mGLU: 05,06,25,26|4|1.7408
146mGLN: 08,15,25,26|4|1.6484
146mGLU: 08,15,25,26|4|4.4429
141mTHR: 05,08,15,26|4|3.628
419mGLN: 17,22,27,28|4|1.4331
419mMET: 17,22,27,28|4|1.6109
266mTHR: 10,15,25,26|4|1.9015
249mGLY: 04,13,20,29|4|1.0558
141mGLU: 05,08,15,26|4|4.2162
147mLEU: 06,15,25,26|4|2.052
403mTHR: 02,17,22,28|4|3.4655
136mGLY: 01,05,14,15|4|1.2975
141mASP: 05,08,15,26|4|3.2194
146mALA: 08,15,25,26|4|5.9756
249mASP: 04,13,20,29|4|1.3535
146mVAL: 08,15,25,26|4|2.3935
326mLEU: 02,17,19,22|4|2.6536
147mGLU: 06,15,25,26|4|1.7763
403mTRP: 02,17,22,28|4|1.5744
249mLEU: 04,13,20,29|4|1.2283
266mGLY: 10,15,25,26|4|1.5565
403mMET: 02,17,22,28|4|2.8229
322mCYS: 02,16,17,19|4|1.3816
403mGLY: 02,17,22,28|4|3.478
146mCYS: 08,15,25,26|4|5.732
147mALA: 06,15,25,26|4|3.7881
403mASP: 02,17,22,28|4|2.5064
419mGLU: 17,22,27,28|4|2.5176
249mGLU: 04,13,20,29|4|1.0481
123mLYS: 01,05,14|3|2.2255
126mMET: 01,05,14|3|1.331
418mCYS: 17,22,28|3|1.6955
126mASP: 01,05,14|3|2.6124
123mGLU: 01,05,14|3|2.7918
245mGLU: 04,20,29|3|1.492
122mASP: 01,15,26|3|1.2707
262mHIS: 06,10,25|3|1.1009
119mSER: 05,06,26|3|1.0918
178mGLY: 06,15,25|3|1.1126
122mLEU: 01,15,26|3|1.1487
336mALA: 02,22,28|3|1.8643
164mGLU: 04,13,20|3|2.4215
124mCYS: 01,05,14|3|1.9039
177mALA: 15,25,26|3|1.1205
316mALA: 02,17,27|3|1.6823
164mMET: 04,13,20|3|1.0959
336mASP: 02,22,28|3|1.0322
122mALA: 01,15,26|3|1.5889
319mCYS: 02,17,19|3|1.8038
123mTHR: 01,05,14|3|2.296
126mHIS: 01,05,14|3|1.5182
126mLEU: 01,05,14|3|2.1174
123mGLY: 01,05,14|3|2.5129
126mGLY: 01,05,14|3|2.4502
122mGLY: 01,15,26|3|1.1896
164mGLY: 04,13,20|3|2.1181
123mSER: 01,05,14|3|2.4453
126mSER: 01,05,14|3|2.1225
119mGLY: 05,06,26|3|1.2929
250mALA: 04,20,29|3|1.1175
178mALA: 06,15,25|3|1.4905
297mALA: 13,16,19|3|1.6374
124mALA: 01,05,14|3|1.3351
122mCYS: 01,15,26|3|2.1741
126mALA: 01,05,14|3|3.3205
336mGLU: 02,22,28|3|1.0916
164mLEU: 04,13,20|3|1.5498
123mASP: 01,05,14|3|1.9874
122mGLU: 01,15,26|3|1.0156
336mLEU: 02,22,28|3|1.1424
164mTHR: 04,13,20|3|1.8897
119mTHR: 05,06,26|3|1.8344
262mGLY: 06,10,25|3|2.2138
126mTHR: 01,05,14|3|2.089
123mCYS: 01,05,14|3|3.0038
123mILE: 01,05,14|3|1.3991
164mASP: 04,13,20|3|1.9643
164mHIS: 04,13,20|3|1.4371
262mSER: 06,10,25|3|1.744
336mGLY: 02,22,28|3|1.0964
126mGLU: 01,05,14|3|2.6572
164mALA: 04,13,20|3|2.4792
119mALA: 05,06,26|3|1.3502
297mCYS: 13,16,19|3|2.7211
164mGLN: 04,13,20|3|1.1498
319mALA: 02,17,19|3|1.0666
336mCYS: 02,22,28|3|2.1616
123mLEU: 01,05,14|3|2.027
164mSER: 04,13,20|3|1.3371
239mCYS: 01,04,20|3|1.2632
123mHIS: 01,05,14|3|1.2245
135mGLU: 01,05,14|3|1.4021
336mLYS: 02,22,28|3|1.051
126mCYS: 01,05,14|3|2.7272
297mLEU: 13,16,19|3|1.5339
177mCYS: 15,25,26|3|1.7244
245mTHR: 04,20,29|3|1.1461
123mALA: 01,05,14|3|3.2716
237mCYS: 01,04,29|3|1.9174
