265mLYS: 00,03,04,06,07,13,14,17|8|4.0984
265mALA: 00,03,04,06,07,13,14,17|8|4.1474
265mASN: 00,03,04,06,07,13,14,17|8|6.0719
265mGLU: 00,03,04,06,07,13,14,17|8|5.17
265mMET: 00,03,04,06,07,13,14,17|8|3.8496
265mTHR: 00,03,04,06,07,13,14,17|8|6.0194
265mSER: 00,03,04,06,07,13,14,17|8|5.6002
265mGLN: 00,03,04,06,07,13,14,17|8|2.9472
265mHIS: 00,03,04,06,07,13,14,17|8|5.7397
265mGLY: 00,03,04,06,07,13,14,17|8|6.2105
265mILE: 00,03,04,06,07,13,14,17|8|2.0858
146mILE: 00,04,07,13,14,22|6|1.2363
146mGLY: 00,04,07,13,14,22|6|3.8973
146mLYS: 00,04,07,13,14,22|6|2.6942
180mGLY: 00,03,04,07,13,14|6|3.6849
147mGLY: 00,03,04,07,13,14|6|1.5722
180mALA: 00,03,04,07,13,14|6|5.2293
180mLYS: 00,03,04,07,13,14|6|3.4421
180mGLU: 00,03,04,07,13,14|6|3.7331
180mTHR: 00,03,04,07,13,14|6|3.0968
180mLEU: 00,03,04,07,13,14|6|1.5045
146mALA: 00,04,07,13,14,22|6|4.3688
146mVAL: 00,04,07,13,14,22|6|2.0184
180mSER: 00,03,04,07,13,14|6|3.3697
178mVAL: 00,03,04,07,13|5|1.5621
178mSER: 00,03,04,07,13|5|1.6902
178mLYS: 00,03,04,07,13|5|1.5628
229mGLY: 00,03,04,06,17|5|1.1255
178mGLY: 00,03,04,07,13|5|2.321
178mTHR: 00,03,04,07,13|5|1.8552
178mHIS: 00,03,04,07,13|5|2.3938
178mASN: 00,03,04,07,13|5|1.8823
178mALA: 00,03,04,07,13|5|1.7837
401mTHR: 05,08,11,21|4|1.2975
267mVAL: 00,07,13,14|4|1.1462
401mGLY: 05,08,11,21|4|1.1192
336mSER: 11,15,21,26|4|1.442
267mTHR: 00,07,13,14|4|1.1886
261mALA: 00,04,06,17|4|2.2058
261mMET: 00,04,06,17|4|3.5516
267mLYS: 00,07,13,14|4|1.5014
120mGLY: 03,07,14,22|4|1.2941
261mGLY: 00,04,06,17|4|4.4819
324mGLY: 05,08,11,21|4|1.4925
261mASP: 00,04,06,17|4|1.1439
261mLEU: 00,04,06,17|4|1.9412
336mGLU: 11,15,21,26|4|1.403
324mTHR: 05,08,11,21|4|1.3065
261mVAL: 00,04,06,17|4|1.5359
401mALA: 05,08,11,21|4|1.8223
267mGLY: 00,07,13,14|4|1.277
261mGLU: 00,04,06,17|4|4.0311
141mGLU: 07,12,14,22|4|1.0208
261mGLN: 00,04,06,17|4|2.5977
261mSER: 00,04,06,17|4|4.1901
261mTHR: 00,04,06,17|4|4.0934
336mTHR: 11,15,21,26|4|1.0265
261mASN: 00,04,06,17|4|4.0557
336mGLY: 11,15,21,26|4|1.3335
401mLYS: 05,08,11,21|4|1.7307
336mHIS: 11,15,21,26|4|1.5801
261mILE: 00,04,06,17|4|1.4318
401mVAL: 05,08,11,21|4|1.1722
261mHIS: 00,04,06,17|4|4.6265
261mLYS: 00,04,06,17|4|2.252
267mALA: 00,07,13,14|4|1.683
440mGLU: 01,18,28|3|2.1414
440mLYS: 01,18,28|3|2.2893
136mVAL: 12,16,22|3|1.2791
400mSER: 05,11,21|3|1.9924
403mLYS: 05,11,21|3|1.4095
121mGLU: 07,14,22|3|1.1049
136mALA: 12,16,22|3|1.5003
136mLYS: 12,16,22|3|1.1462
440mLEU: 01,18,28|3|1.3346
377mGLU: 05,11,21|3|1.2221
403mALA: 05,11,21|3|1.7838
438mGLU: 01,18,28|3|2.4766
136mMET: 12,16,22|3|1.6488
246mCYS: 02,16,29|3|1.002
438mASP: 01,18,28|3|2.4416
290mGLY: 01,18,28|3|1.1209
440mSER: 01,18,28|3|1.9818
204mSER: 02,16,17|3|1.1548
290mALA: 01,18,28|3|1.3962
136mGLU: 12,16,22|3|1.5123
440mTHR: 01,18,28|3|1.7642
377mLYS: 05,11,21|3|1.1378
400mGLY: 05,11,21|3|2.3036
136mTHR: 12,16,22|3|1.2523
204mGLY: 02,16,17|3|1.4276
440mASP: 01,18,28|3|1.1093
440mALA: 01,18,28|3|2.9591
400mTHR: 05,11,21|3|1.3705
440mILE: 01,18,28|3|1.2606
438mSER: 01,18,28|3|1.579
440mGLY: 01,18,28|3|2.0265
400mHIS: 05,11,21|3|1.0422
400mGLU: 05,11,21|3|1.8234
136mASN: 12,16,22|3|1.1668
440mCYS: 01,18,28|3|1.6022
438mALA: 01,18,28|3|2.8078
136mSER: 12,16,22|3|1.7512
438mGLY: 01,18,28|3|1.9636
377mASP: 05,11,21|3|1.4712
136mGLY: 12,16,22|3|1.92
136mILE: 12,16,22|3|1.0808
377mGLY: 05,11,21|3|1.0667
438mLYS: 01,18,28|3|1.2855
136mHIS: 12,16,22|3|1.8367
345mALA: 15,24,27|3|1.3371
440mHIS: 01,18,28|3|1.1394
377mALA: 05,11,21|3|1.8557
290mLYS: 01,18,28|3|1.4657
337mGLY: 11,15,21|3|1.006
136mLEU: 12,16,22|3|1.4195
