242mVAL: 00,01,03,04,05,06,07,10,13,16,20,22,26|13|4.7238
242mILE: 00,01,03,04,05,06,07,10,13,16,20,22,26|13|3.4979
242mALA: 00,01,03,04,05,06,07,10,13,16,20,22,26|13|8.2031
243mGLY: 00,01,03,04,05,06,10,13,16,20,22,26|12|4.7923
165mGLN: 04,05,06,07,10,13,16,20,22,26|10|3.5345
164mVAL: 04,05,06,07,10,13,16,20,22,26|10|3.0224
164mGLU: 04,05,06,07,10,13,16,20,22,26|10|7.5669
165mMET: 04,05,06,07,10,13,16,20,22,26|10|5.9087
165mTHR: 04,05,06,07,10,13,16,20,22,26|10|5.7638
164mALA: 04,05,06,07,10,13,16,20,22,26|10|5.452
165mGLU: 04,05,06,07,10,13,16,20,22,26|10|7.2256
164mLEU: 04,05,06,07,10,13,16,20,22,26|10|3.9094
165mALA: 04,05,06,07,10,13,16,20,22,26|10|5.2969
165mGLY: 04,05,06,07,10,13,16,20,22,26|10|7.6402
165mLEU: 04,05,06,07,10,13,16,20,22,26|10|4.551
165mVAL: 04,05,06,07,10,13,16,20,22,26|10|4.5346
164mSER: 04,05,06,07,10,13,16,20,22,26|10|7.162
164mTHR: 04,05,06,07,10,13,16,20,22,26|10|4.7618
165mASN: 04,05,06,07,10,13,16,20,22,26|10|5.7296
164mGLY: 04,05,06,07,10,13,16,20,22,26|10|7.51
165mLYS: 04,05,06,07,10,13,16,20,22,26|10|3.9408
165mHIS: 04,05,06,07,10,13,16,20,22,26|10|7.1327
165mSER: 04,05,06,07,10,13,16,20,22,26|10|7.6105
194mGLY: 00,01,03,05,06,07,10,20,26|9|4.0164
194mALA: 00,01,03,05,06,07,10,20,26|9|2.789
194mLYS: 00,01,03,05,06,07,10,20,26|9|1.6835
194mSER: 00,01,03,05,06,07,10,20,26|9|3.8368
194mLEU: 00,01,03,05,06,07,10,20,26|9|2.4081
167mASN: 04,07,10,13,16,20,22,26|8|1.3268
167mLEU: 04,07,10,13,16,20,22,26|8|2.7998
167mPHE: 04,07,10,13,16,20,22,26|8|1.8114
167mGLU: 04,07,10,13,16,20,22,26|8|2.2202
167mASP: 04,07,10,13,16,20,22,26|8|1.6063
167mGLN: 04,07,10,13,16,20,22,26|8|1.0425
167mSER: 04,07,10,13,16,20,22,26|8|3.1573
167mLYS: 04,07,10,13,16,20,22,26|8|2.6413
167mGLY: 04,07,10,13,16,20,22,26|8|3.7369
167mALA: 04,07,10,13,16,20,22,26|8|3.7635
167mVAL: 04,07,10,13,16,20,22,26|8|2.8255
167mMET: 04,07,10,13,16,20,22,26|8|2.4227
167mTHR: 04,07,10,13,16,20,22,26|8|1.1034
167mHIS: 04,07,10,13,16,20,22,26|8|2.8096
167mILE: 04,07,10,13,16,20,22,26|8|3.0378
161mGLU: 04,06,10,13,16,20,22|7|1.0057
190mGLU: 05,06,07,10,13,20,26|7|1.6365
190mASN: 05,06,07,10,13,20,26|7|1.0671
162mHIS: 04,06,07,13,16,22,26|7|1.7306
162mSER: 04,06,07,13,16,22,26|7|1.7939
162mMET: 04,06,07,13,16,22,26|7|1.23
162mGLU: 04,06,07,13,16,22,26|7|1.3099
162mGLY: 04,06,07,13,16,22,26|7|1.9437
190mGLY: 05,06,07,10,13,20,26|7|1.803
190mHIS: 05,06,07,10,13,20,26|7|2.3443
244mHIS: 00,01,03,05,06,10|6|1.9093
244mGLU: 00,01,03,05,06,10|6|2.5214
244mTHR: 00,01,03,05,06,10|6|1.917
244mMET: 00,01,03,05,06,10|6|1.9213
244mGLY: 00,01,03,05,06,10|6|2.0518
159mGLU: 04,13,16,20,22|5|4.6039
159mSER: 04,13,16,20,22|5|3.4616
159mMET: 04,13,16,20,22|5|2.5283
193mGLU: 01,03,07,10,20|5|1.3411
159mTHR: 04,13,16,20,22|5|3.6588
193mHIS: 01,03,07,10,20|5|1.594
193mGLY: 01,03,07,10,20|5|1.3805
159mGLY: 04,13,16,20,22|5|3.3734
159mLEU: 04,13,16,20,22|5|2.1514
159mASN: 04,13,16,20,22|5|2.2659
193mSER: 01,03,07,10,20|5|1.3831
159mVAL: 04,13,16,20,22|5|1.3868
159mALA: 04,13,16,20,22|5|1.9977
159mHIS: 04,13,16,20,22|5|2.7773
193mTHR: 01,03,07,10,20|5|1.0222
157mHIS: 04,13,16,22|4|1.0448
217mHIS: 06,07,26|3|1.883
217mSER: 06,07,26|3|1.2496
249mHIS: 13,20,26|3|1.2171
249mMET: 13,20,26|3|1.0407
217mGLY: 06,07,26|3|1.4134
