146mGLY: 02,04,06,08,09,20,25|7|3.7187
146mTHR: 02,04,06,08,09,20,25|7|4.606
146mILE: 02,04,06,08,09,20,25|7|2.2734
146mALA: 02,04,06,08,09,20,25|7|6.7984
146mVAL: 02,04,06,08,09,20,25|7|3.4645
180mGLY: 02,04,08,14,20,25|6|1.515
119mGLY: 02,04,09,14,20,25|6|1.9713
180mALA: 02,04,08,14,20,25|6|1.7798
180mGLU: 02,04,08,14,20,25|6|2.8675
179mGLU: 02,04,08,20,25|5|1.0494
147mTHR: 02,04,08,20,25|5|2.4866
120mALA: 02,09,14,20,25|5|1.8039
120mTHR: 02,09,14,20,25|5|1.3077
147mVAL: 02,04,08,20,25|5|2.1424
147mLEU: 02,04,08,20,25|5|1.8531
147mGLY: 02,04,08,20,25|5|1.5929
120mGLY: 02,09,14,20,25|5|1.5421
120mGLU: 02,09,14,20,25|5|1.4313
147mALA: 02,04,08,20,25|5|3.2551
319mASP: 05,15,19,23|4|2.0103
440mLYS: 16,18,24,29|4|3.0755
401mTHR: 05,15,19,23|4|1.1617
440mGLU: 16,18,24,29|4|3.0723
419mASP: 05,15,19,23|4|1.7746
400mSER: 05,15,19,23|4|2.5635
283mGLY: 05,19,23,26|4|1.2389
127mGLY: 01,13,14,22|4|1.3282
401mLEU: 05,15,19,23|4|1.076
440mLEU: 16,18,24,29|4|1.9494
142mALA: 02,06,09,20|4|3.4922
401mGLY: 05,15,19,23|4|1.4934
439mGLU: 16,18,24,29|4|1.8224
268mALA: 06,08,09,26|4|1.5576
262mALA: 04,08,25,26|4|1.0547
440mSER: 16,18,24,29|4|2.7885
401mMET: 05,15,19,23|4|1.1129
419mALA: 05,15,19,23|4|2.9426
440mTHR: 16,18,24,29|4|1.3474
438mGLY: 16,18,24,29|4|1.6073
400mGLY: 05,15,19,23|4|3.8404
265mGLU: 02,04,08,25|4|1.2229
400mASP: 05,15,19,23|4|3.2221
268mLEU: 06,08,09,26|4|1.6569
178mGLU: 02,04,08,25|4|1.1886
440mASP: 16,18,24,29|4|3.445
279mSER: 05,19,23,26|4|1.0324
440mALA: 16,18,24,29|4|3.5702
178mCYS: 02,04,08,25|4|1.2055
400mTHR: 05,15,19,23|4|2.1491
265mTHR: 02,04,08,25|4|1.562
319mGLY: 05,15,19,23|4|1.7286
438mCYS: 16,18,24,29|4|4.9806
440mILE: 16,18,24,29|4|2.0154
400mCYS: 05,15,19,23|4|3.4307
440mGLY: 16,18,24,29|4|3.9867
401mGLU: 05,15,19,23|4|1.2581
400mHIS: 05,15,19,23|4|1.0692
312mGLU: 15,19,23,26|4|1.7332
400mGLU: 05,15,19,23|4|3.1604
182mGLY: 04,08,14,20|4|1.0358
279mGLY: 05,19,23,26|4|1.3289
401mSER: 05,15,19,23|4|1.3206
401mALA: 05,15,19,23|4|1.28
438mALA: 16,18,24,29|4|2.561
419mGLY: 05,15,19,23|4|2.255
400mALA: 05,15,19,23|4|3.8073
266mALA: 04,06,25,26|4|1.1718
440mVAL: 16,18,24,29|4|2.328
440mCYS: 16,18,24,29|4|5.6081
319mGLU: 05,15,19,23|4|2.1264
400mLYS: 05,15,19,23|4|2.6448
439mALA: 16,18,24,29|4|1.1387
142mGLY: 02,06,09,20|4|2.2229
440mHIS: 16,18,24,29|4|2.5132
286mALA: 05,15,19,23|4|2.273
319mASN: 05,15,19,23|4|1.0393
440mPRO: 16,18,24,29|4|1.5466
266mLEU: 04,06,25,26|4|1.0042
266mGLY: 04,06,25,26|4|1.2743
182mHIS: 04,08,14,20|4|1.1764
440mGLN: 16,18,24,29|4|1.2247
401mHIS: 05,15,19,23|4|1.2869
419mLEU: 05,15,19,23|4|1.9238
419mGLU: 05,15,19,23|4|1.3406
326mCYS: 15,17,24|3|1.7712
273mGLY: 19,23,26|3|1.1725
293mCYS: 16,24,29|3|2.1435
326mGLY: 15,17,24|3|1.8683
293mGLN: 16,24,29|3|2.0477
293mGLY: 16,24,29|3|2.5483
273mASN: 19,23,26|3|1.1774
290mGLU: 16,24,29|3|1.5259
134mGLU: 01,13,22|3|1.0894
245mALA: 13,21,22|3|1.3097
334mGLY: 17,18,24|3|1.8694
134mCYS: 01,13,22|3|1.61
290mGLY: 16,24,29|3|1.1339
326mALA: 15,17,24|3|1.6022
290mTHR: 16,24,29|3|1.0891
140mGLY: 06,09,20|3|1.4909
290mASP: 16,24,29|3|1.5237
273mLYS: 19,23,26|3|1.1475
424mGLY: 05,19,23|3|1.5174
290mALA: 16,24,29|3|1.3804
424mALA: 05,19,23|3|1.1323
293mGLU: 16,24,29|3|3.3471
326mSER: 15,17,24|3|1.311
296mSER: 16,24,29|3|1.0982
334mTHR: 17,18,24|3|1.8251
293mASP: 16,24,29|3|2.9149
293mMET: 16,24,29|3|1.2402
134mLEU: 01,13,22|3|1.023
134mALA: 01,13,22|3|1.6543
273mTHR: 19,23,26|3|1.5255
293mLEU: 16,24,29|3|1.858
273mALA: 19,23,26|3|1.5078
424mLEU: 05,19,23|3|1.2989
424mGLU: 05,19,23|3|1.2668
334mALA: 17,18,24|3|2.9489
293mTHR: 16,24,29|3|2.9912
326mGLU: 15,17,24|3|2.4906
273mASP: 19,23,26|3|1.7106
245mCYS: 13,21,22|3|2.1048
140mSER: 06,09,20|3|1.0446
293mVAL: 16,24,29|3|1.5655
334mASP: 17,18,24|3|2.2558
326mASP: 15,17,24|3|2.2229
273mSER: 19,23,26|3|1.6599
293mSER: 16,24,29|3|2.0939
273mGLU: 19,23,26|3|2.1432
334mLEU: 17,18,24|3|1.7847
140mALA: 06,09,20|3|1.7309
334mCYS: 17,18,24|3|4.0277
441mGLU: 16,24,29|3|1.8106
334mHIS: 17,18,24|3|1.3161
293mILE: 16,24,29|3|1.6836
293mALA: 16,24,29|3|2.621
296mHIS: 16,24,29|3|1.1424
334mGLU: 17,18,24|3|2.4297
290mSER: 16,24,29|3|1.3057
334mSER: 17,18,24|3|1.3871
296mGLY: 16,24,29|3|1.1836
