268mILE: 04,06,07,08,11,19,20|7|8.0438
268mGLU: 04,06,07,08,11,19,20|7|11.0114
268mMET: 04,06,07,08,11,19,20|7|8.6463
268mASN: 04,06,07,08,11,19,20|7|6.2817
268mALA: 04,06,07,08,11,19,20|7|7.3911
268mCYS: 04,06,07,08,11,19,20|7|10.8667
268mPHE: 04,06,07,08,11,19,20|7|8.5898
268mGLN: 04,06,07,08,11,19,20|7|8.8465
146mASN: 04,06,07,08,11,15,19|7|2.5477
268mLEU: 04,06,07,08,11,19,20|7|9.6511
268mVAL: 04,06,07,08,11,19,20|7|8.6087
268mSER: 04,06,07,08,11,19,20|7|5.4802
268mTRP: 04,06,07,08,11,19,20|7|7.794
268mGLY: 04,06,07,08,11,19,20|7|7.4856
146mGLU: 04,06,07,08,11,15,19|7|5.1131
268mASP: 04,06,07,08,11,19,20|7|7.9887
268mTYR: 04,06,07,08,11,19,20|7|2.2174
268mTHR: 04,06,07,08,11,19,20|7|9.918
268mPRO: 04,06,07,08,11,19,20|7|6.4801
268mHIS: 04,06,07,08,11,19,20|7|5.8377
121mGLY: 04,08,11,15,17,21|6|2.1987
144mGLY: 04,06,07,08,11,19|6|1.8305
127mTHR: 05,16,17,21,27|5|2.0401
127mCYS: 05,16,17,21,27|5|5.6739
127mGLY: 05,16,17,21,27|5|3.2057
126mASP: 05,16,17,21,27|5|3.2085
297mASN: 01,07,13,14,18|5|3.6036
297mSER: 01,07,13,14,18|5|3.0636
297mGLU: 01,07,13,14,18|5|5.857
127mGLU: 05,16,17,21,27|5|4.7792
297mGLY: 01,07,13,14,18|5|3.9671
206mGLY: 05,16,17,21,27|5|2.4344
180mLYS: 04,08,11,15,19|5|2.8428
244mGLU: 00,05,22,24,27|5|1.4788
305mGLY: 04,06,07,14,20|5|1.7301
265mTHR: 04,08,11,19,20|5|1.4745
297mTHR: 01,07,13,14,18|5|5.2208
127mSER: 05,16,17,21,27|5|1.4287
127mLYS: 05,16,17,21,27|5|3.7396
206mGLU: 05,16,17,21,27|5|2.9173
126mGLU: 05,16,17,21,27|5|3.8449
206mSER: 05,16,17,21,27|5|1.8693
206mTHR: 05,16,17,21,27|5|2.4196
206mASN: 05,16,17,21,27|5|1.9806
305mALA: 04,06,07,14,20|5|1.992
127mASP: 05,16,17,21,27|5|4.4007
293mCYS: 01,13,18,29|4|3.845
293mHIS: 01,13,18,29|4|2.9212
293mGLN: 01,13,18,29|4|2.113
300mCYS: 01,07,13,14|4|3.783
122mHIS: 08,15,17,21|4|1.352
178mSER: 04,08,11,15|4|1.8724
293mGLY: 01,13,18,29|4|4.178
178mLYS: 04,08,11,15|4|2.6522
136mLYS: 08,17,21,27|4|1.7706
438mTHR: 01,13,18,29|4|1.6938
123mGLU: 05,17,21,27|4|1.5924
122mASP: 08,15,17,21|4|1.0526
292mTHR: 01,13,14,29|4|2.0784
196mGLU: 05,16,17,27|4|2.7206
300mGLU: 01,07,13,14|4|1.2475
438mGLU: 01,13,18,29|4|1.494
436mASN: 01,13,18,29|4|1.1904
178mGLY: 04,08,11,15|4|2.3119
292mGLU: 01,13,14,29|4|2.7963
439mGLU: 01,13,18,29|4|5.3082
436mSER: 01,13,18,29|4|1.066
438mASN: 01,13,18,29|4|1.7166
439mSER: 01,13,18,29|4|3.3253
293mTRP: 01,13,18,29|4|1.8009
293mASN: 01,13,18,29|4|2.8063
136mGLU: 08,17,21,27|4|2.747
293mGLU: 01,13,18,29|4|3.5712
122mGLY: 08,15,17,21|4|1.5696
293mASP: 01,13,18,29|4|3.47
196mASN: 05,16,17,27|4|1.576
136mALA: 08,17,21,27|4|2.0123
439mTHR: 01,13,18,29|4|4.3297
178mGLU: 04,08,11,15|4|2.3082
178mASP: 04,08,11,15|4|1.995
136mASP: 08,17,21,27|4|1.9094
136mTHR: 08,17,21,27|4|2.2745
178mTHR: 04,08,11,15|4|2.653
178mTRP: 04,08,11,15|4|1.183
196mASP: 05,16,17,27|4|2.2453
293mTHR: 01,13,18,29|4|3.2985
293mLYS: 01,13,18,29|4|3.3911
293mSER: 01,13,18,29|4|3.0195
293mALA: 01,13,18,29|4|2.8547
122mGLU: 08,15,17,21|4|1.1452
136mSER: 08,17,21,27|4|2.6363
178mHIS: 04,08,11,15|4|1.3197
178mGLN: 04,08,11,15|4|1.4732
136mGLN: 08,17,21,27|4|1.6474
136mGLY: 08,17,21,27|4|2.8877
178mALA: 04,08,11,15|4|2.0372
178mILE: 04,08,11,15|4|1.5538
439mLYS: 01,13,18,29|4|2.6284
438mLYS: 01,13,18,29|4|1.0556
439mALA: 01,13,18,29|4|1.5829
436mGLU: 01,13,18,29|4|1.296
293mILE: 01,13,18,29|4|1.6899
439mASN: 01,13,18,29|4|3.7833
439mGLY: 01,13,18,29|4|2.7927
122mSER: 08,15,17,21|4|1.1946
123mASP: 05,17,21,27|4|1.7711
440mGLU: 01,18,29|3|1.4372
299mCYS: 07,13,14|3|2.9276
303mGLY: 06,07,14|3|1.1351
440mLYS: 01,18,29|3|1.8404
124mVAL: 17,21,27|3|1.2018
440mTHR: 01,18,29|3|1.9616
201mLEU: 16,23,27|3|1.1569
249mASN: 00,23,24|3|1.7979
124mTHR: 17,21,27|3|1.3535
161mGLU: 00,23,24|3|1.1707
205mTHR: 16,21,23|3|1.9784
245mGLU: 00,05,22|3|2.2556
165mASP: 00,22,24|3|3.5263
311mVAL: 13,14,29|3|1.7043
249mHIS: 00,23,24|3|1.3616
311mGLY: 13,14,29|3|1.6874
164mGLU: 00,22,24|3|1.9264
245mASN: 00,05,22|3|1.5186
124mGLU: 17,21,27|3|3.4354
440mSER: 01,18,29|3|1.2706
165mTRP: 00,22,24|3|2.8923
140mGLY: 06,07,08|3|2.1534
308mGLY: 06,14,20|3|1.3505
311mSER: 13,14,29|3|1.2519
165mPHE: 00,22,24|3|2.2807
165mMET: 00,22,24|3|2.4428
201mGLY: 16,23,27|3|1.2684
165mTHR: 00,22,24|3|4.0574
165mCYS: 00,22,24|3|4.6826
165mGLU: 00,22,24|3|4.6159
303mASN: 06,07,14|3|1.5201
205mGLY: 16,21,23|3|1.5447
197mTHR: 16,17,27|3|1.289
135mLYS: 17,21,27|3|1.3554
311mLEU: 13,14,29|3|1.4365
164mCYS: 00,22,24|3|2.9669
308mASN: 06,14,20|3|1.7757
249mSER: 00,23,24|3|1.1853
249mTHR: 00,23,24|3|1.6789
165mASN: 00,22,24|3|2.7258
311mGLN: 13,14,29|3|1.5829
303mGLU: 06,07,14|3|2.1964
140mTHR: 06,07,08|3|1.867
140mMET: 06,07,08|3|1.4986
242mCYS: 00,22,24|3|1.6363
165mHIS: 00,22,24|3|2.1619
165mSER: 00,22,24|3|2.1047
440mASP: 01,18,29|3|1.2695
440mALA: 01,18,29|3|1.3154
303mTHR: 06,07,14|3|1.088
124mALA: 17,21,27|3|1.1131
303mASP: 06,07,14|3|1.1419
124mASP: 17,21,27|3|3.0137
249mTRP: 00,23,24|3|1.1027
205mSER: 16,21,23|3|1.3052
243mGLU: 00,22,24|3|2.1433
165mPRO: 00,22,24|3|2.6035
242mGLU: 00,22,24|3|1.8222
440mGLY: 01,18,29|3|1.8872
217mTHR: 06,07,18|3|1.0426
308mHIS: 06,14,20|3|1.1949
197mHIS: 16,17,27|3|1.3311
311mALA: 13,14,29|3|1.084
197mMET: 16,17,27|3|1.2659
165mLEU: 00,22,24|3|2.8699
124mGLY: 17,21,27|3|2.2831
217mGLU: 06,07,18|3|1.4329
311mASN: 13,14,29|3|1.5796
140mASN: 06,07,08|3|2.0108
165mILE: 00,22,24|3|2.8002
161mCYS: 00,23,24|3|1.4948
205mASN: 16,21,23|3|1.5104
164mTHR: 00,22,24|3|1.6254
245mGLY: 00,05,22|3|1.7907
217mSER: 06,07,18|3|1.2327
140mGLU: 06,07,08|3|2.1806
308mGLU: 06,14,20|3|1.5367
311mMET: 13,14,29|3|1.5571
311mGLU: 13,14,29|3|2.2448
249mGLY: 00,23,24|3|1.6049
311mHIS: 13,14,29|3|1.5585
140mHIS: 06,07,08|3|2.11
124mPRO: 17,21,27|3|1.16
140mSER: 06,07,08|3|2.2567
308mSER: 06,14,20|3|1.2035
165mGLN: 00,22,24|3|3.2284
165mGLY: 00,22,24|3|3.2779
249mASP: 00,23,24|3|1.2061
311mILE: 13,14,29|3|1.1642
311mTHR: 13,14,29|3|2.1799
308mTHR: 06,14,20|3|1.2837
250mTHR: 05,23,24|3|1.265
311mTRP: 13,14,29|3|1.1947
201mGLU: 16,23,27|3|1.2652
165mALA: 00,22,24|3|2.6434
165mVAL: 00,22,24|3|2.4459
440mGLN: 01,18,29|3|1.0107
197mGLY: 16,17,27|3|1.0048
440mASN: 01,18,29|3|1.3774
135mGLU: 17,21,27|3|1.1967
250mGLU: 05,23,24|3|1.0544
161mGLY: 00,23,24|3|1.1287
205mGLU: 16,21,23|3|2.2714
249mGLN: 00,23,24|3|1.1116
249mGLU: 00,23,24|3|1.8866
