242mSER: 03,05,12,13,19,20,21,25|8|3.2254
242mGLY: 03,05,12,13,19,20,21,25|8|3.2981
242mALA: 03,05,12,13,19,20,21,25|8|4.1584
242mLEU: 03,05,12,13,19,20,21,25|8|2.6958
242mTHR: 03,05,12,13,19,20,21,25|8|3.6066
242mGLN: 03,05,12,13,19,20,21,25|8|2.412
242mHIS: 03,05,12,13,19,20,21,25|8|3.2283
194mILE: 05,11,12,20,21,25|6|1.2055
194mSER: 05,11,12,20,21,25|6|1.9321
194mVAL: 05,11,12,20,21,25|6|1.5198
194mLYS: 05,11,12,20,21,25|6|1.3896
194mGLY: 05,11,12,20,21,25|6|2.3223
194mALA: 05,11,12,20,21,25|6|2.4262
194mLEU: 05,11,12,20,21,25|6|1.6053
245mGLU: 03,06,11,12,19|5|1.8038
165mASP: 05,12,19,20,25|5|2.9974
190mSER: 05,12,13,20,25|5|1.9673
190mASN: 05,12,13,20,25|5|1.0264
164mGLU: 05,12,19,20,25|5|3.5457
165mALA: 05,12,19,20,25|5|3.3631
165mTRP: 05,12,19,20,25|5|2.2541
165mPHE: 05,12,19,20,25|5|3.2558
165mMET: 05,12,19,20,25|5|3.4192
219mGLU: 05,11,12,13,21|5|1.6933
165mGLU: 05,12,19,20,25|5|4.926
165mASN: 05,12,19,20,25|5|1.9058
165mSER: 05,12,19,20,25|5|2.1579
190mHIS: 05,12,13,20,25|5|1.326
217mTHR: 05,12,13,21,25|5|1.377
165mGLY: 05,12,19,20,25|5|3.2515
165mLEU: 05,12,19,20,25|5|4.2607
165mILE: 05,12,19,20,25|5|3.2249
164mTHR: 05,12,19,20,25|5|2.6522
190mTHR: 05,12,13,20,25|5|1.2227
165mGLN: 05,12,19,20,25|5|3.0768
165mTHR: 05,12,19,20,25|5|4.0292
165mVAL: 05,12,19,20,25|5|3.5711
130mVAL: 05,06,11,21|4|1.0773
218mSER: 05,12,13,25|4|1.1332
359mGLU: 05,13,20,25|4|1.371
359mLYS: 05,13,20,25|4|2.5335
248mTHR: 03,06,12,19|4|1.4098
130mTHR: 05,06,11,21|4|1.3976
359mASP: 05,13,20,25|4|2.2266
354mLYS: 13,20,25|3|1.4064
362mGLY: 12,13,20|3|1.6204
251mGLY: 03,06,19|3|1.6662
193mHIS: 05,11,21|3|1.0135
300mSER: 05,13,25|3|1.4799
356mGLY: 05,13,25|3|1.4846
300mGLU: 05,13,25|3|1.1884
251mALA: 03,06,19|3|2.3729
193mSER: 05,11,21|3|1.0708
251mTHR: 03,06,19|3|3.2288
251mASN: 03,06,19|3|1.2592
354mGLY: 13,20,25|3|1.2811
362mALA: 12,13,20|3|2.1882
251mPHE: 03,06,19|3|2.5369
362mASN: 12,13,20|3|1.1996
357mALA: 12,13,25|3|2.5719
193mGLY: 05,11,21|3|1.2248
362mGLU: 12,13,20|3|2.6876
300mALA: 05,13,25|3|1.7761
300mGLY: 05,13,25|3|1.6714
251mMET: 03,06,19|3|2.0514
362mLYS: 12,13,20|3|1.5727
251mLEU: 03,06,19|3|3.0277
251mASP: 03,06,19|3|2.2318
251mGLU: 03,06,19|3|3.2344
297mGLY: 05,13,25|3|1.0415
297mALA: 05,13,25|3|1.1697
251mSER: 03,06,19|3|1.0612
281mALA: 05,13,25|3|1.2867
281mILE: 05,13,25|3|1.059
251mPRO: 03,06,19|3|2.0228
362mSER: 12,13,20|3|1.7641
251mVAL: 03,06,19|3|2.7872
284mTHR: 05,13,25|3|1.0882
251mILE: 03,06,19|3|2.4622
281mGLU: 05,13,25|3|1.1408
163mCYS: 05,12,25|3|1.0908
301mALA: 05,13,25|3|1.042
281mCYS: 05,13,25|3|1.8552
354mALA: 13,20,25|3|2.5886
251mGLN: 03,06,19|3|2.3541
284mGLU: 05,13,25|3|1.3051
250mCYS: 03,06,19|3|2.4752
356mSER: 05,13,25|3|1.2143
362mTHR: 12,13,20|3|1.8156
250mTHR: 03,06,19|3|1.9621
354mCYS: 13,20,25|3|3.5598
251mCYS: 03,06,19|3|4.1685
357mCYS: 12,13,25|3|3.9432
357mGLY: 12,13,25|3|1.147
281mGLY: 05,13,25|3|1.0405
362mASP: 12,13,20|3|1.5804
354mILE: 13,20,25|3|1.1025
