346mSER: 01,02,15,21,23,24,26,29|8|2.8098
347mALA: 01,02,15,23,24,25,26|7|2.3518
400mSER: 10,12,13,21,27,29|6|1.8614
450mGLY: 01,15,21,24,26,29|6|1.5903
450mASN: 01,15,21,24,26,29|6|1.8798
421mGLU: 10,13,15,21,27,29|6|2.7963
400mGLY: 10,12,13,21,27,29|6|1.655
419mTHR: 10,12,13,21,27,29|6|2.2848
419mLYS: 10,12,13,21,27,29|6|2.6601
400mTHR: 10,12,13,21,27,29|6|2.8148
421mASN: 10,13,15,21,27,29|6|1.4035
419mALA: 10,12,13,21,27,29|6|1.9338
400mGLU: 10,12,13,21,27,29|6|2.2202
421mSER: 10,13,15,21,27,29|6|2.3624
400mASN: 10,12,13,21,27,29|6|2.3644
422mTHR: 01,02,15,21,26,29|6|1.2854
450mTHR: 01,15,21,24,26,29|6|2.3282
451mTHR: 01,15,23,24,25,26|6|1.1333
421mTHR: 10,13,15,21,27,29|6|3.3963
370mALA: 01,02,23,24,25|5|1.2221
406mGLY: 05,14,18,20,24|5|1.3687
370mTHR: 01,02,23,24,25|5|2.3019
370mLYS: 01,02,23,24,25|5|2.5127
401mTHR: 10,12,13,27|4|2.911
356mGLY: 00,06,08,27|4|2.0577
454mASP: 01,08,23,25|4|1.428
401mGLY: 10,12,13,27|4|2.0881
401mASP: 10,12,13,27|4|2.2342
401mASN: 10,12,13,27|4|2.553
454mLYS: 01,08,23,25|4|1.6405
454mALA: 01,08,23,25|4|1.8825
356mGLU: 00,06,08,27|4|2.5079
401mGLU: 10,12,13,27|4|2.4433
356mTHR: 00,06,08,27|4|3.1279
454mLEU: 01,08,23,25|4|1.1667
454mGLY: 01,08,23,25|4|1.8829
401mSER: 10,12,13,27|4|1.6686
401mALA: 10,12,13,27|4|1.7637
454mTHR: 01,08,23,25|4|1.7804
454mSER: 01,08,23,25|4|2.03
454mHIS: 01,08,23,25|4|1.1739
356mSER: 00,06,08,27|4|2.0523
401mLYS: 10,12,13,27|4|3.0931
356mASN: 00,06,08,27|4|1.2607
454mGLU: 01,08,23,25|4|1.7583
444mLYS: 00,06,08|3|1.5377
342mGLY: 18,24,26|3|2.554
444mILE: 00,06,08|3|1.1258
403mALA: 10,12,13|3|1.8702
339mALA: 10,12,13|3|2.1317
403mLYS: 10,12,13|3|2.5491
444mHIS: 00,06,08|3|2.7176
342mTHR: 18,24,26|3|1.8027
391mSER: 05,18,25|3|1.1264
339mSER: 10,12,13|3|1.7001
391mASN: 05,18,25|3|1.0824
391mGLY: 05,18,25|3|1.2392
444mGLN: 00,06,08|3|1.5801
403mCYS: 10,12,13|3|1.3301
339mGLY: 10,12,13|3|1.645
444mGLU: 00,06,08|3|1.8091
405mGLY: 12,13,18|3|1.1293
342mLYS: 18,24,26|3|2.4916
444mASN: 00,06,08|3|2.0871
342mCYS: 18,24,26|3|2.3868
444mSER: 00,06,08|3|2.4757
403mGLU: 10,12,13|3|1.8596
342mGLU: 18,24,26|3|2.5082
403mASN: 10,12,13|3|1.9508
342mASP: 18,24,26|3|3.8221
444mTHR: 00,06,08|3|2.3128
342mALA: 18,24,26|3|1.6781
342mASN: 18,24,26|3|2.0812
403mSER: 10,12,13|3|1.6811
339mASN: 10,12,13|3|1.1014
342mPRO: 18,24,26|3|1.1139
430mTHR: 06,10,13|3|1.2359
339mASP: 10,12,13|3|1.0102
391mHIS: 05,18,25|3|1.6228
403mTHR: 10,12,13|3|2.4315
444mMET: 00,06,08|3|2.1828
444mGLY: 00,06,08|3|2.4459
339mTHR: 10,12,13|3|2.2871
339mLYS: 10,12,13|3|2.225
391mMET: 05,18,25|3|1.3876
350mHIS: 23,24,26|3|1.0401
339mCYS: 10,12,13|3|1.7049
403mGLY: 10,12,13|3|2.2783
444mLEU: 00,06,08|3|1.4727
339mGLU: 10,12,13|3|1.9545
342mSER: 18,24,26|3|1.6617
403mASP: 10,12,13|3|1.9925
444mALA: 00,06,08|3|1.7831
444mVAL: 00,06,08|3|1.3441
447mASN: 00,27|2|1.0283
440mSER: 00,08|2|1.1117
447mGLU: 00,27|2|1.0431
440mHIS: 00,08|2|1.0082
418mASP: 12|1|1.0111
