303mGLN: 00,07,09,13,14,15,16,19|8|1.6726
303mGLU: 00,07,09,13,14,15,16,19|8|3.8476
303mTHR: 00,07,09,13,14,15,16,19|8|2.662
303mASP: 00,07,09,13,14,15,16,19|8|3.1694
305mTHR: 05,07,09,13,15,16,21|7|6.9123
268mALA: 07,09,13,15,16,19,21|7|7.2316
305mMET: 05,07,09,13,15,16,21|7|2.8683
305mGLN: 05,07,09,13,15,16,21|7|4.4511
268mLEU: 07,09,13,15,16,19,21|7|7.6112
268mSER: 07,09,13,15,16,19,21|7|3.5104
305mASP: 05,07,09,13,15,16,21|7|5.9471
268mGLY: 07,09,13,15,16,19,21|7|5.557
305mSER: 05,07,09,13,15,16,21|7|3.8684
305mGLY: 05,07,09,13,15,16,21|7|4.8984
305mGLU: 05,07,09,13,15,16,21|7|9.0345
297mTHR: 00,05,06,07,13,14|6|6.02
301mGLY: 00,06,07,13,14,16|6|4.0981
301mVAL: 00,06,07,13,14,16|6|4.1483
301mTHR: 00,06,07,13,14,16|6|4.7289
301mMET: 00,06,07,13,14,16|6|3.351
297mSER: 00,05,06,07,13,14|6|3.2703
297mGLU: 00,05,06,07,13,14|6|7.0468
297mMET: 00,05,06,07,13,14|6|3.9937
299mASP: 00,05,06,07,13,14|6|2.8492
301mSER: 00,06,07,13,14,16|6|2.7644
301mLEU: 00,06,07,13,14,16|6|4.0532
297mGLY: 00,05,06,07,13,14|6|4.6679
297mALA: 00,05,06,07,13,14|6|6.0342
299mGLU: 00,05,06,07,13,14|6|2.0506
297mGLN: 00,05,06,07,13,14|6|5.1789
301mHIS: 00,06,07,13,14,16|6|2.4126
301mALA: 00,06,07,13,14,16|6|3.3881
301mILE: 00,06,07,13,14,16|6|3.6162
301mASN: 00,06,07,13,14,16|6|3.3378
301mGLU: 00,06,07,13,14,16|6|6.3794
301mGLN: 00,06,07,13,14,16|6|4.0296
297mASP: 00,05,06,07,13,14|6|6.2852
297mCYS: 00,05,06,07,13,14|6|8.986
297mLEU: 00,05,06,07,13,14|6|5.9915
301mTRP: 00,06,07,13,14,16|6|3.1904
296mGLU: 00,05,06,13,14|5|3.7504
318mGLY: 00,05,06,13,14|5|1.6781
315mCYS: 05,06,13,14,22|5|3.2393
146mTHR: 09,15,16,19,21|5|2.5343
318mASP: 00,05,06,13,14|5|2.6237
318mALA: 00,05,06,13,14|5|3.0138
318mCYS: 00,05,06,13,14|5|5.1585
296mASP: 00,05,06,13,14|5|4.7519
146mGLU: 09,15,16,19,21|5|3.3355
296mCYS: 00,05,06,13,14|5|8.1051
146mASP: 09,15,16,19,21|5|3.9961
267mHIS: 09,15,16,19|4|1.1006
293mHIS: 00,06,07,14|4|1.0322
293mGLN: 00,06,07,14|4|1.0402
293mGLY: 00,06,07,14|4|1.4994
120mTHR: 09,15,16,19|4|2.4907
271mCYS: 07,09,15,19|4|1.7354
293mGLU: 00,06,07,14|4|1.225
274mGLU: 09,14,16,19|4|3.6448
293mMET: 00,06,07,14|4|1.0628
293mASP: 00,06,07,14|4|1.2958
293mLEU: 00,06,07,14|4|1.3008
120mCYS: 09,15,16,19|4|5.0633
267mALA: 09,15,16,19|4|1.9512
293mTHR: 00,06,07,14|4|1.1919
267mSER: 09,15,16,19|4|1.2136
293mSER: 00,06,07,14|4|1.0555
274mTHR: 09,14,16,19|4|3.122
293mALA: 00,06,07,14|4|1.6849
274mASN: 09,14,16,19|4|1.954
267mGLY: 09,15,16,19|4|1.6234
281mCYS: 00,06,07,14|4|1.429
274mSER: 09,14,16,19|4|1.5484
141mGLU: 09,15,16,19|4|2.6389
267mLEU: 09,15,16,19|4|1.0827
314mCYS: 05,06,13,14|4|1.6344
120mGLU: 09,15,16,19|4|4.0398
267mASP: 09,15,16,19|4|1.2817
278mCYS: 00,06,14,16|4|1.4797
217mCYS: 14,19,20|3|3.5994
119mILE: 02,09,16|3|1.1138
122mASP: 09,15,19|3|1.6252
122mLEU: 09,15,19|3|1.6974
292mASP: 00,06,14|3|1.5287
272mCYS: 09,13,15|3|1.175
122mCYS: 09,15,19|3|2.5991
119mLEU: 02,09,16|3|1.2866
122mALA: 09,15,19|3|1.3789
119mCYS: 02,09,16|3|2.5518
119mGLY: 02,09,16|3|1.0782
144mALA: 09,16,19|3|1.37
119mASP: 02,09,16|3|1.0421
180mCYS: 09,15,16|3|1.4503
122mVAL: 09,15,19|3|1.5718
122mPRO: 09,15,19|3|1.4717
180mGLU: 09,15,16|3|1.7978
122mGLU: 09,15,19|3|2.336
122mGLN: 09,15,19|3|1.4778
122mTHR: 09,15,19|3|1.8893
119mGLU: 02,09,16|3|1.2094
144mCYS: 09,16,19|3|3.3976
122mILE: 09,15,19|3|1.6101
119mALA: 02,09,16|3|1.4688
122mTRP: 09,15,19|3|1.3199
147mGLU: 09,15,16|3|1.268
122mPHE: 09,15,19|3|1.8164
292mCYS: 00,06,14|3|2.5804
403mLEU: 11,23|2|1.8622
377mTHR: 11,23|2|1.7835
343mCYS: 11,23|2|2.5944
377mSER: 11,23|2|1.6638
403mPHE: 11,23|2|1.8393
403mVAL: 11,23|2|1.7946
403mALA: 11,23|2|1.6451
403mPRO: 11,23|2|1.46
218mGLU: 19,20|2|1.6843
403mGLN: 11,23|2|1.7706
377mCYS: 11,23|2|3.8544
379mMET: 11,23|2|1.097
218mALA: 19,20|2|1.1197
377mGLU: 11,23|2|1.9584
218mPRO: 19,20|2|1.0266
313mGLU: 05,22|2|1.1061
377mGLN: 11,23|2|1.5646
403mILE: 11,23|2|1.7646
379mASN: 11,23|2|1.1166
377mALA: 11,23|2|2.9472
330mALA: 22,23|2|1.2343
313mTHR: 05,22|2|1.0494
378mCYS: 11,23|2|1.7399
403mHIS: 11,23|2|1.0965
327mALA: 22,23|2|1.4172
403mCYS: 11,23|2|2.1549
313mMET: 05,22|2|1.1233
341mGLY: 11,23|2|1.4433
379mVAL: 11,23|2|1.2038
218mCYS: 19,20|2|2.4286
218mGLY: 19,20|2|1.1255
377mASP: 11,23|2|2.1593
377mILE: 11,23|2|1.1011
341mALA: 11,23|2|1.8566
341mASP: 11,23|2|2.4432
218mGLN: 19,20|2|1.146
379mTHR: 11,23|2|1.5317
403mGLU: 11,23|2|2.4841
379mLEU: 11,23|2|1.1069
379mGLY: 11,23|2|1.3103
403mASN: 11,23|2|1.6007
379mGLN: 11,23|2|1.448
341mCYS: 11,23|2|2.7547
401mGLU: 22,23|2|1.0094
403mSER: 11,23|2|1.3735
343mALA: 11,23|2|1.7892
403mTHR: 11,23|2|2.1523
377mGLY: 11,23|2|2.0448
218mTHR: 19,20|2|1.2324
403mTRP: 11,23|2|1.6242
377mLEU: 11,23|2|2.2016
218mASP: 19,20|2|1.8906
403mMET: 11,23|2|1.5419
403mGLY: 11,23|2|1.5566
330mCYS: 22,23|2|2.7825
327mCYS: 22,23|2|2.4563
218mLEU: 19,20|2|1.0047
403mASP: 11,23|2|1.716
379mGLU: 11,23|2|1.976
343mASP: 11,23|2|1.0856
326mCYS: 22|1|2.0585
235mGLU: 02|1|1.3051
283mILE: 22|1|1.3636
277mCYS: 14|1|1.0415
251mGLY: 02|1|1.2348
248mLEU: 02|1|2.2575
283mPRO: 22|1|1.3384
283mLEU: 22|1|1.505
261mILE: 21|1|1.6314
323mCYS: 22|1|1.1829
251mASN: 02|1|1.5111
251mALA: 02|1|1.0833
169mCYS: 20|1|1.4158
283mTRP: 22|1|1.2548
134mGLU: 20|1|1.0255
251mTHR: 02|1|1.6897
168mCYS: 20|1|1.6615
263mALA: 21|1|1.1916
158mGLU: 02|1|1.2245
194mCYS: 20|1|1.2692
251mLEU: 02|1|1.045
323mALA: 22|1|1.1061
334mALA: 23|1|1.0513
197mCYS: 02|1|1.0415
283mPHE: 22|1|1.5182
248mALA: 02|1|1.785
283mMET: 22|1|1.1374
261mALA: 21|1|1.6932
283mASP: 22|1|1.399
261mMET: 21|1|1.2303
283mVAL: 22|1|1.3648
263mCYS: 21|1|1.2907
261mGLY: 21|1|1.2855
248mSER: 02|1|1.0008
248mTRP: 02|1|1.8822
251mGLU: 02|1|2.0668
283mCYS: 22|1|2.083
235mTHR: 02|1|1.0882
251mSER: 02|1|1.3243
190mCYS: 20|1|1.0908
261mASP: 21|1|2.1584
261mPRO: 21|1|1.2723
248mASN: 02|1|1.2684
248mGLN: 02|1|2.0337
248mGLY: 02|1|1.4565
261mLEU: 21|1|1.8855
261mVAL: 21|1|1.8259
248mILE: 02|1|2.0454
244mASP: 20|1|1.098
251mVAL: 02|1|1.1201
326mALA: 22|1|1.2094
283mGLU: 22|1|1.653
251mILE: 02|1|1.0619
205mASP: 02|1|1.1911
248mASP: 02|1|2.0985
248mVAL: 02|1|2.0472
165mLYS: 20|1|1.0584
261mGLU: 21|1|2.4362
334mASP: 23|1|1.0844
261mGLN: 21|1|1.7741
283mGLN: 22|1|1.3558
251mGLN: 02|1|1.0856
261mTHR: 21|1|1.9729
334mLEU: 23|1|1.0394
248mPHE: 02|1|2.2773
248mCYS: 02|1|3.1245
248mPRO: 02|1|2.0076
334mCYS: 23|1|2.1456
248mGLU: 02|1|2.4795
261mTRP: 21|1|1.4139
261mPHE: 21|1|1.583
336mCYS: 23|1|1.408
248mTHR: 02|1|2.193
248mMET: 02|1|1.7061
283mTHR: 22|1|1.462
244mCYS: 20|1|1.294
334mGLU: 23|1|1.0552
286mGLU: 22|1|1.2245
261mCYS: 21|1|2.4557
290mCYS: 14|1|1.0318
283mALA: 22|1|1.19
205mCYS: 02|1|1.3871
284mCYS: 00|1|1.0415
