242mGLY: 03,04,07,13,17,20,26,29|8|3.409
242mALA: 03,04,07,13,17,20,26,29|8|4.2547
242mILE: 03,04,07,13,17,20,26,29|8|1.4137
242mLEU: 03,04,07,13,17,20,26,29|8|2.1022
243mGLY: 03,07,13,17,20,26,29|7|3.9137
243mALA: 03,07,13,17,20,26,29|7|5.4057
243mCYS: 03,07,13,17,20,26,29|7|6.1238
164mILE: 03,07,13,17,26,29|6|1.6124
165mASP: 03,07,13,17,26,29|6|3.1539
164mGLU: 03,07,13,17,26,29|6|4.5383
165mPHE: 03,07,13,17,26,29|6|2.5626
165mMET: 03,07,13,17,26,29|6|3.3387
165mTHR: 03,07,13,17,26,29|6|2.8027
165mGLU: 03,07,13,17,26,29|6|4.1052
165mASN: 03,07,13,17,26,29|6|2.5495
165mHIS: 03,07,13,17,26,29|6|4.3583
165mSER: 03,07,13,17,26,29|6|3.7589
164mVAL: 03,07,13,17,26,29|6|2.0566
164mLEU: 03,07,13,17,26,29|6|2.0583
165mGLY: 03,07,13,17,26,29|6|4.892
165mLEU: 03,07,13,17,26,29|6|3.6279
165mILE: 03,07,13,17,26,29|6|3.874
164mTHR: 03,07,13,17,26,29|6|2.4087
164mGLY: 03,07,13,17,26,29|6|5.1402
165mGLN: 03,07,13,17,26,29|6|2.2847
164mHIS: 03,07,13,17,26,29|6|3.3745
165mALA: 03,07,13,17,26,29|6|5.1197
165mVAL: 03,07,13,17,26,29|6|4.2821
164mSER: 03,07,13,17,26,29|6|3.9609
194mHIS: 03,07,13,20,29|5|1.5219
194mSER: 03,07,13,20,29|5|1.5979
194mGLU: 03,07,13,20,29|5|1.5304
194mGLY: 03,07,13,20,29|5|1.7653
194mMET: 03,07,13,20,29|5|1.3364
194mALA: 03,07,13,20,29|5|1.308
194mLEU: 03,07,13,20,29|5|1.2379
193mHIS: 03,13,20,29|4|1.3241
219mHIS: 03,07,20,29|4|1.7368
193mGLY: 03,13,20,29|4|1.2156
219mGLU: 03,07,20,29|4|1.2531
219mALA: 03,07,20,29|4|3.2808
219mVAL: 03,07,20,29|4|2.2155
219mLYS: 03,07,20,29|4|2.639
219mGLY: 03,07,20,29|4|2.495
193mMET: 03,13,20,29|4|1.0186
219mILE: 03,07,20,29|4|1.5287
127mTHR: 16,22,25|3|1.4141
251mGLY: 04,17,22|3|1.4249
248mLEU: 04,22,26|3|1.1853
250mSER: 04,22,26|3|1.4058
127mGLY: 16,22,25|3|1.6117
136mLYS: 16,20,25|3|1.6279
126mASP: 16,22,25|3|1.4349
217mALA: 07,20,29|3|2.0096
135mSER: 16,20,25|3|1.0914
159mGLU: 04,17,26|3|2.1232
127mALA: 16,22,25|3|2.1083
217mGLY: 07,20,29|3|1.5418
167mGLU: 17,26,29|3|1.1243
250mVAL: 04,22,26|3|1.1043
159mTHR: 04,17,26|3|2.3262
127mLEU: 16,22,25|3|1.4307
127mGLU: 16,22,25|3|1.6047
250mGLY: 04,22,26|3|1.5012
126mGLY: 16,22,25|3|1.237
251mMET: 04,17,22|3|1.1537
167mALA: 17,26,29|3|1.1251
136mALA: 16,20,25|3|2.6031
167mTHR: 17,26,29|3|1.0794
136mTHR: 16,20,25|3|1.2492
250mALA: 04,22,26|3|1.0028
251mHIS: 04,17,22|3|1.3416
251mGLU: 04,17,22|3|1.0172
127mVAL: 16,22,25|3|1.3397
135mGLY: 16,20,25|3|1.382
167mLEU: 17,26,29|3|1.0679
159mGLY: 04,17,26|3|2.4149
251mSER: 04,17,22|3|1.2561
248mASN: 04,22,26|3|1.0025
161mGLU: 13,17,26|3|1.0763
248mGLY: 04,22,26|3|1.2903
217mLYS: 07,20,29|3|1.6286
159mLYS: 04,17,26|3|2.0045
136mSER: 16,20,25|3|1.2909
167mMET: 17,26,29|3|1.0518
159mALA: 04,17,26|3|1.6404
126mTHR: 16,22,25|3|1.5591
131mCYS: 16,22,25|3|1.7744
159mHIS: 04,17,26|3|2.559
136mGLY: 16,20,25|3|1.7752
251mALA: 04,17,22|3|1.0052
248mTHR: 04,22,26|3|2.1891
126mGLU: 16,22,25|3|2.3491
250mMET: 04,22,26|3|1.6046
250mTHR: 04,22,26|3|1.8112
248mGLU: 04,22,26|3|2.1248
167mGLY: 17,26,29|3|1.1914
248mSER: 04,22,26|3|1.1613
126mCYS: 16,22,25|3|2.9268
250mGLU: 04,22,26|3|1.4404
250mLEU: 04,22,26|3|1.2293
123mLYS: 16,25|2|1.3276
360mALA: 17,26|2|1.0318
123mGLN: 16,25|2|1.392
359mALA: 17,26|2|1.0255
123mGLU: 16,25|2|2.1164
123mTHR: 16,25|2|2.0276
362mALA: 17,26|2|1.1103
362mCYS: 17,26|2|1.1278
196mCYS: 16,25|2|1.3722
360mCYS: 17,26|2|1.2716
122mSER: 16,25|2|1.1264
122mASN: 16,25|2|1.0824
237mHIS: 04,22|2|1.0133
123mGLY: 16,25|2|2.2448
122mGLY: 16,25|2|1.2392
359mLYS: 17,26|2|1.2822
123mASN: 16,25|2|1.7338
123mMET: 16,25|2|2.1984
359mTHR: 17,26|2|1.0883
122mMET: 16,25|2|1.3876
162mCYS: 17,26|2|1.0958
123mTYR: 16,25|2|1.1376
216mALA: 20,29|2|1.4702
358mCYS: 17,26|2|1.0249
123mSER: 16,25|2|2.1616
123mILE: 16,25|2|1.037
123mVAL: 16,25|2|1.4634
359mCYS: 17,26|2|1.6685
122mHIS: 16,25|2|1.6228
362mTHR: 17,26|2|1.1384
216mCYS: 20,29|2|1.7584
123mLEU: 16,25|2|1.7448
123mHIS: 16,25|2|2.3724
123mALA: 16,25|2|1.5658
