146mCYS: 00,05,06,14,17,18,26|7|4.8304
146mTHR: 00,05,06,14,17,18,26|7|2.7456
146mGLU: 00,05,06,14,17,18,26|7|4.4345
267mGLU: 00,05,06,14,19,26|6|2.5099
147mGLY: 06,14,17,18,19,26|6|2.6691
268mASP: 00,05,06,14,20,26|6|2.7275
267mCYS: 00,05,06,14,19,26|6|1.9712
178mGLY: 06,14,17,19,26|5|1.7241
178mGLU: 06,14,17,19,26|5|1.8501
180mCYS: 06,14,18,19,26|5|2.4352
178mTHR: 06,14,17,19,26|5|1.1408
180mGLU: 06,14,18,19,26|5|2.0415
178mGLN: 06,14,17,19,26|5|1.0311
273mGLY: 00,06,19,20|4|2.1464
273mLYS: 00,06,19,20|4|1.7998
273mTHR: 00,06,19,20|4|1.4997
273mASP: 00,06,19,20|4|2.8956
262mGLY: 14,19,20,26|4|1.5534
273mASN: 00,06,19,20|4|1.9315
273mSER: 00,06,19,20|4|1.4876
273mGLU: 00,06,19,20|4|2.3222
258mASN: 00,19,20|3|2.0598
303mGLY: 05,06,14|3|1.1604
258mGLY: 00,19,20|3|2.3129
274mGLN: 05,06,14|3|1.7635
258mTHR: 00,19,20|3|2.1943
362mGLY: 13,21,25|3|2.4902
177mGLU: 06,17,18|3|1.3787
218mGLU: 05,25,27|3|1.0031
119mSER: 17,18,26|3|1.772
274mILE: 05,06,14|3|1.3681
274mLEU: 05,06,14|3|1.7525
258mCYS: 00,19,20|3|1.5697
177mALA: 06,17,18|3|1.0621
362mALA: 13,21,25|3|2.7079
362mCYS: 13,21,25|3|3.4352
362mASN: 13,21,25|3|1.6993
258mGLU: 00,19,20|3|2.0529
136mGLU: 01,17,27|3|1.2175
303mSER: 05,06,14|3|1.149
362mGLU: 13,21,25|3|2.8382
303mASN: 05,06,14|3|1.102
177mGLY: 06,17,18|3|1.7255
274mGLU: 05,06,14|3|2.0724
276mASP: 00,19,20|3|1.3139
258mLYS: 00,19,20|3|2.4818
261mALA: 00,19,26|3|1.9526
362mLYS: 13,21,25|3|3.0801
274mHIS: 05,06,14|3|1.6141
258mALA: 00,19,20|3|1.8172
303mGLU: 05,06,14|3|1.8063
261mGLY: 00,19,26|3|1.8743
136mTHR: 01,17,27|3|1.0124
119mGLY: 17,18,26|3|1.3164
274mALA: 05,06,14|3|1.2692
303mTHR: 05,06,14|3|1.0966
303mASP: 05,06,14|3|1.0104
261mASP: 00,19,26|3|2.1309
362mSER: 13,21,25|3|2.2381
362mHIS: 13,21,25|3|1.0135
274mTHR: 05,06,14|3|1.9396
362mILE: 13,21,25|3|1.4854
274mASN: 05,06,14|3|1.4486
274mSER: 05,06,14|3|1.3032
261mGLU: 00,19,26|3|2.0454
274mVAL: 05,06,14|3|1.576
274mTRP: 05,06,14|3|1.5455
120mASP: 06,17,18|3|1.4367
270mALA: 00,19,20|3|1.4386
258mASP: 00,19,20|3|2.6178
261mSER: 00,19,26|3|1.7295
261mTHR: 00,19,26|3|1.5009
261mASN: 00,19,26|3|1.6146
274mGLY: 05,06,14|3|1.6916
270mLYS: 00,19,20|3|1.0568
362mPRO: 13,21,25|3|1.2876
362mTHR: 13,21,25|3|2.319
177mSER: 06,17,18|3|1.1165
143mCYS: 05,17,18|3|1.3729
305mGLU: 05,06,20|3|1.0334
145mASP: 06,17,18|3|1.4187
261mCYS: 00,19,26|3|2.2594
261mLYS: 00,19,26|3|2.2049
258mSER: 00,19,20|3|1.4321
362mASP: 13,21,25|3|2.6347
274mMET: 05,06,14|3|1.9693
