122mSER: 02,06,07,08,14,16,22,29|8|1.8007
122mGLY: 02,06,07,08,14,16,22,29|8|1.9043
146mGLY: 01,02,03,06,14,16,17,20|8|8.1972
146mGLN: 01,02,03,06,14,16,17,20|8|3.2144
146mGLU: 01,02,03,06,14,16,17,20|8|10.9632
122mGLN: 02,06,07,08,14,16,22,29|8|1.4361
122mTHR: 02,06,07,08,14,16,22,29|8|2.4003
147mGLU: 01,02,03,06,09,14,16,17|8|4.1577
147mASP: 01,02,03,06,09,14,16,17|8|3.2172
147mALA: 01,02,03,06,09,14,16,17|8|5.5104
146mASP: 01,02,03,06,14,16,17,20|8|9.5974
178mSER: 01,02,03,06,09,10,14|7|1.7458
178mLYS: 01,02,03,06,09,10,14|7|1.8918
178mGLY: 01,02,03,06,09,10,14|7|2.4121
178mLEU: 01,02,03,06,09,10,14|7|1.6226
268mGLY: 01,02,03,14,16,17,20|7|3.5683
178mALA: 01,02,03,06,09,10,14|7|3.8078
178mILE: 01,02,03,06,09,10,14|7|1.6258
142mALA: 01,02,14,16,20|5|2.6396
262mCYS: 01,03,06,09,10|5|2.8328
262mLYS: 01,03,06,09,10|5|2.6061
127mCYS: 07,08,22,29|4|4.7033
136mLYS: 07,08,22,29|4|1.358
126mASP: 07,08,22,29|4|2.5982
135mSER: 07,08,22,29|4|1.4411
127mALA: 07,08,22,29|4|2.4977
135mALA: 07,08,22,29|4|2.6171
329mALA: 11,25,27,28|4|1.1813
135mCYS: 07,08,22,29|4|3.1647
123mCYS: 07,08,22,29|4|3.9554
127mGLU: 07,08,22,29|4|2.097
123mTHR: 07,08,22,29|4|1.8795
135mTHR: 07,08,22,29|4|1.2317
123mGLY: 07,08,22,29|4|1.0604
135mLYS: 07,08,22,29|4|1.0305
126mGLY: 07,08,22,29|4|1.5245
136mTHR: 07,08,22,29|4|2.2724
135mGLY: 07,08,22,29|4|1.678
136mASN: 07,08,22,29|4|1.5302
123mASP: 07,08,22,29|4|2.2819
126mGLU: 07,08,22,29|4|2.3652
135mASP: 07,08,22,29|4|2.3328
135mGLU: 07,08,22,29|4|2.5401
123mALA: 07,08,22,29|4|1.8759
127mASP: 07,08,22,29|4|2.764
330mGLU: 11,25,28|3|1.4222
376mCYS: 11,12,23|3|1.4862
229mGLY: 06,09,10|3|1.4149
377mGLU: 11,12,23|3|3.1975
229mILE: 06,09,10|3|1.2064
229mCYS: 06,09,10|3|3.2666
377mCYS: 11,12,23|3|2.6297
334mGLY: 11,25,28|3|1.4253
263mALA: 01,09,10|3|1.0792
140mGLY: 14,16,20|3|1.1554
229mALA: 06,09,10|3|2.3047
379mCYS: 11,12,23|3|2.285
269mGLY: 03,14,20|3|1.2367
269mCYS: 03,14,20|3|2.4642
377mLYS: 11,12,23|3|1.8786
330mALA: 11,25,28|3|2.4232
141mSER: 14,16,20|3|1.139
269mASP: 03,14,20|3|1.6746
377mASP: 11,12,23|3|2.953
141mASN: 14,16,20|3|1.0464
263mCYS: 01,09,10|3|1.5386
141mGLY: 14,16,20|3|1.4008
229mTHR: 06,09,10|3|1.581
330mGLY: 11,25,28|3|1.752
226mCYS: 06,08,09|3|1.4519
229mGLU: 06,09,10|3|2.1823
124mALA: 07,08,29|3|1.4426
267mALA: 02,17,20|3|1.1651
334mLYS: 11,25,28|3|1.7071
141mTHR: 14,16,20|3|1.2668
205mASP: 08,10,29|3|1.6217
140mGLU: 14,16,20|3|1.2148
141mGLU: 14,16,20|3|1.6055
140mSER: 14,16,20|3|1.2994
132mCYS: 07,08,29|3|1.3776
377mGLY: 11,12,23|3|2.1185
229mASP: 06,09,10|3|1.9567
330mSER: 11,25,28|3|1.5631
124mCYS: 07,08,29|3|2.9703
334mGLU: 11,25,28|3|1.074
141mHIS: 14,16,20|3|1.3622
269mALA: 03,14,20|3|1.5008
