341mTHR: 06,09,10,13|4|4.2491
341mHIS: 06,09,10,13|4|1.327
341mGLY: 06,09,10,13|4|3.087
341mALA: 06,09,10,13|4|3.1933
341mASN: 06,09,10,13|4|2.8683
341mMET: 06,09,10,13|4|1.7739
341mSER: 06,09,10,13|4|1.7153
341mLEU: 06,09,10,13|4|2.6958
341mGLU: 06,09,10,13|4|3.9978
439mMET: 07,15,20|3|1.6968
268mILE: 01,21,23|3|1.7666
339mLYS: 06,09,13|3|2.2495
268mGLU: 01,21,23|3|2.521
180mLYS: 01,21,23|3|1.0063
147mTHR: 01,21,23|3|1.1808
439mVAL: 07,15,20|3|2.2617
407mGLU: 06,09,13|3|1.152
268mASN: 01,21,23|3|2.7055
336mALA: 06,07,09|3|1.9232
339mALA: 06,09,13|3|2.8401
439mGLU: 07,15,20|3|1.9154
268mALA: 01,21,23|3|2.1702
439mSER: 07,15,20|3|2.2857
439mHIS: 07,15,20|3|2.1687
262mALA: 01,21,23|3|2.3005
407mLEU: 06,09,13|3|1.2553
439mASN: 07,15,20|3|1.5646
439mILE: 07,15,20|3|1.4705
268mCYS: 01,21,23|3|4.0208
339mGLY: 06,09,13|3|1.66
268mPHE: 01,21,23|3|1.489
146mTHR: 01,21,23|3|1.052
406mALA: 06,09,13|3|1.1888
180mGLY: 01,21,23|3|1.7493
261mALA: 01,21,23|3|1.6043
268mLEU: 01,21,23|3|1.4191
439mTHR: 07,15,20|3|2.293
261mMET: 01,21,23|3|1.0832
261mHIS: 01,21,23|3|1.2544
261mGLY: 01,21,23|3|1.6766
268mVAL: 01,21,23|3|2.5688
180mVAL: 01,21,23|3|1.3035
180mALA: 01,21,23|3|2.3104
439mLYS: 07,15,20|3|2.6273
261mLEU: 01,21,23|3|1.241
261mVAL: 01,21,23|3|1.1251
415mALA: 06,09,13|3|1.3378
407mALA: 06,09,13|3|1.066
268mGLY: 01,21,23|3|1.6179
439mLEU: 07,15,20|3|1.8499
262mGLY: 01,21,23|3|1.1729
266mTHR: 01,21,23|3|1.2776
268mASP: 01,21,23|3|3.1417
261mGLU: 01,21,23|3|1.1262
407mGLY: 06,09,13|3|1.5392
266mALA: 01,21,23|3|1.4861
262mVAL: 01,21,23|3|1.2577
415mGLY: 06,09,13|3|1.0814
261mSER: 01,21,23|3|1.437
268mTHR: 01,21,23|3|3.6394
377mGLY: 07,10,13|3|1.1849
336mGLY: 06,07,09|3|1.8257
439mALA: 07,15,20|3|3.2029
268mPRO: 01,21,23|3|4.5595
339mVAL: 06,09,13|3|1.541
339mCYS: 06,09,13|3|3.0041
439mGLY: 07,15,20|3|2.9147
339mGLU: 06,09,13|3|1.8584
261mLYS: 01,21,23|3|1.068
262mLYS: 01,21,23|3|1.7963
