361 362 365 
362 364 365 
355 362 444 
355 362 445 
355 361 362 
362 444 445 
361 362 444 
361 362 445 
361 362 364 
434 435 438 
434 436 438 
434 437 438 
435 436 438 
435 437 438 
436 437 438 
355 356 444 
355 356 445 
355 356 361 
355 356 428 
356 444 445 
356 361 444 
356 428 444 
356 361 445 
356 428 445 
361 364 365 
364 365 369 
364 365 370 
364 365 368 
365 368 369 
365 368 370 
355 430 444 
355 444 445 
355 361 444 
355 428 444 
355 430 445 
355 361 430 
355 428 430 
355 361 445 
355 428 445 
430 444 445 
361 430 444 
428 430 444 
361 444 445 
428 444 445 
361 430 445 
428 430 445 
398 430 445 
398 428 430 
434 435 436 
434 435 437 
434 436 437 
435 436 437 
398 428 445 
364 368 369 
364 368 370 
