406mGLY: 05,14,18,20,24|5|1.3687
345mGLU: 02,14,18,23,24|5|1.9841
370mLYS: 02,23,24,25|4|2.3354
370mALA: 02,23,24,25|4|1.0184
452mTHR: 02,23,24,25|4|1.2754
347mALA: 02,23,24,25|4|1.0174
370mTHR: 02,23,24,25|4|1.9654
369mGLY: 23,24,25|3|1.2259
391mASN: 05,18,25|3|1.0824
346mGLY: 02,23,24|3|1.2073
391mGLY: 05,18,25|3|1.2392
346mGLU: 02,23,24|3|1.5634
344mTHR: 02,20,23|3|1.4794
344mGLU: 02,20,23|3|1.4759
391mMET: 05,18,25|3|1.3876
369mCYS: 23,24,25|3|1.3362
369mALA: 23,24,25|3|2.4008
344mGLY: 02,20,23|3|1.4332
391mHIS: 05,18,25|3|1.6228
346mTHR: 02,23,24|3|1.166
369mTHR: 23,24,25|3|3.3895
369mLYS: 23,24,25|3|3.3479
346mSER: 02,23,24|3|1.3041
369mSER: 23,24,25|3|1.6527
344mSER: 02,20,23|3|1.2047
391mSER: 05,18,25|3|1.1264
342mLYS: 18,24|2|1.9323
342mTHR: 18,24|2|1.473
342mASP: 18,24|2|2.7712
342mALA: 18,24|2|1.1891
342mCYS: 18,24|2|1.4819
342mASN: 18,24|2|1.8516
342mGLY: 18,24|2|1.8402
342mGLU: 18,24|2|1.9176
342mSER: 18,24|2|1.2383
