378mTHR: 01,04,08,12,19,24,25,26|8|3.744
403mLEU: 01,06,08,12,24,25,26|7|5.142
403mALA: 01,06,08,12,24,25,26|7|4.2504
339mALA: 01,06,08,12,16,24,26|7|4.3818
403mLYS: 01,06,08,12,24,25,26|7|1.6174
403mGLN: 01,06,08,12,24,25,26|7|6.2844
403mHIS: 01,06,08,12,24,25,26|7|4.5137
403mGLU: 01,06,08,12,24,25,26|7|6.2594
403mASN: 01,06,08,12,24,25,26|7|4.4749
403mSER: 01,06,08,12,24,25,26|7|5.8789
339mASN: 01,06,08,12,16,24,26|7|1.8234
400mGLU: 05,06,12,21,24,25,26|7|3.069
339mASP: 01,06,08,12,16,24,26|7|3.6123
403mTHR: 01,06,08,12,24,25,26|7|5.7412
339mTHR: 01,06,08,12,16,24,26|7|4.7789
403mASP: 01,06,08,12,24,25,26|7|4.1151
339mLYS: 01,06,08,12,16,24,26|7|4.0048
403mVAL: 01,06,08,12,24,25,26|7|4.3994
403mTRP: 01,06,08,12,24,25,26|7|3.5273
403mGLY: 01,06,08,12,24,25,26|7|4.8319
339mGLU: 01,06,08,12,16,24,26|7|5.0355
375mLYS: 04,08,12,19,24,25|6|6.2806
375mASN: 04,08,12,19,24,25|6|6.2842
375mGLN: 04,08,12,19,24,25|6|5.3769
375mGLU: 04,08,12,19,24,25|6|7.1601
375mILE: 04,08,12,19,24,25|6|3.6017
375mVAL: 04,08,12,19,24,25|6|2.7373
375mSER: 04,08,12,19,24,25|6|5.6402
375mALA: 04,08,12,19,24,25|6|4.2951
375mASP: 04,08,12,19,24,25|6|7.5604
375mTHR: 04,08,12,19,24,25|6|6.8645
375mGLY: 04,08,12,19,24,25|6|5.8473
345mGLY: 01,04,08,12,19|5|2.3988
345mASP: 01,04,08,12,19|5|3.3713
405mGLY: 01,06,12,16,24|5|1.0015
419mTHR: 05,06,12,25,26|5|1.2361
405mGLU: 01,06,12,16,24|5|1.0686
421mLYS: 05,12,14,24,25|5|3.0875
345mALA: 01,04,08,12,19|5|1.1524
421mTHR: 05,12,14,24,25|5|5.0263
419mGLU: 05,06,12,25,26|5|2.1899
401mGLN: 06,21,24,26|4|2.961
401mTHR: 06,21,24,26|4|3.2346
399mLYS: 05,21,22,25|4|1.3203
452mLYS: 05,14,15,25|4|2.2379
401mGLY: 06,21,24,26|4|3.0447
401mASP: 06,21,24,26|4|3.0792
401mASN: 06,21,24,26|4|2.8295
401mTRP: 06,21,24,26|4|2.1051
401mGLU: 06,21,24,26|4|4.1839
401mSER: 06,21,24,26|4|3.3673
401mALA: 06,21,24,26|4|2.3146
401mLYS: 06,21,24,26|4|1.3798
401mHIS: 06,21,24,26|4|3.0236
423mGLU: 05,14,25|3|2.9264
342mTRP: 01,06,19|3|1.1249
342mGLY: 01,06,19|3|2.0353
342mILE: 01,06,19|3|1.1065
423mCYS: 05,14,25|3|2.1824
423mASP: 05,14,25|3|1.4178
342mTHR: 01,06,19|3|2.6106
424mTHR: 05,14,25|3|1.2782
423mALA: 05,14,25|3|1.4359
456mGLU: 05,14,15|3|1.7837
342mCYS: 01,06,19|3|1.5313
423mTHR: 05,14,25|3|3.5992
342mGLU: 01,06,19|3|2.6336
424mGLU: 05,14,25|3|1.4884
342mASP: 01,06,19|3|2.6099
342mALA: 01,06,19|3|1.0099
342mASN: 01,06,19|3|2.4616
342mPRO: 01,06,19|3|1.8186
424mASP: 05,14,25|3|1.3464
342mVAL: 01,06,19|3|1.0902
342mHIS: 01,06,19|3|1.0189
456mTHR: 05,14,15|3|1.655
342mGLN: 01,06,19|3|2.7308
342mSER: 01,06,19|3|2.3742
445mASN: 21,22|2|2.1987
445mTHR: 21,22|2|2.6895
445mLYS: 21,22|2|1.5759
445mSER: 21,22|2|1.4472
432mTRP: 21,22|2|1.3517
432mASP: 21,22|2|1.3545
432mPRO: 21,22|2|1.1611
445mGLU: 21,22|2|2.567
432mGLY: 21,22|2|1.2112
445mILE: 21,22|2|1.5694
355mTHR: 21,22|2|1.5231
445mGLN: 21,22|2|1.9872
355mGLU: 21,22|2|1.6911
393mASP: 21,22|2|1.5037
432mALA: 21,22|2|1.2164
432mTHR: 21,22|2|1.6212
355mASP: 21,22|2|1.0025
432mASN: 21,22|2|1.0466
428mPRO: 05,21|2|1.0413
432mCYS: 21,22|2|1.8455
432mGLN: 21,22|2|1.4917
445mGLY: 21,22|2|1.7569
432mGLU: 21,22|2|1.7928
432mMET: 21,22|2|1.4147
428mASN: 05,21|2|1.0365
445mCYS: 21,22|2|1.9872
432mILE: 21,22|2|1.3651
445mASP: 21,22|2|2.2057
428mLYS: 05,21|2|1.6469
432mLEU: 21,22|2|1.5875
428mTHR: 05,21|2|1.2235
445mALA: 21,22|2|1.4511
445mPRO: 21,22|2|1.9963
432mVAL: 21,22|2|1.4352
432mPHE: 21,22|2|1.4654
358mTHR: 15|1|1.0143
434mGLN: 22|1|1.1736
434mTHR: 22|1|1.2861
365mCYS: 15|1|1.2972
443mGLU: 22|1|1.3018
369mASP: 15|1|1.4912
434mLYS: 22|1|1.3261
434mGLY: 22|1|1.0136
369mCYS: 15|1|1.0612
434mSER: 22|1|1.097
443mTHR: 22|1|1.4055
434mASP: 22|1|1.6346
358mGLU: 15|1|1.0061
447mCYS: 15|1|1.0318
351mASP: 15|1|1.2348
434mASN: 22|1|1.3853
434mGLU: 22|1|1.2463
