268 274 275 
268 273 274 
268 273 275 
274 301 303 
300 301 303 
278 301 303 
275 301 303 
299 301 303 
301 303 306 
274 278 303 
274 275 303 
278 300 303 
299 300 303 
300 303 306 
275 278 303 
278 299 303 
278 303 306 
275 303 306 
299 303 309 
303 306 309 
299 303 306 
134 135 136 
274 278 301 
274 275 301 
278 300 301 
299 300 301 
300 301 306 
275 278 301 
278 299 301 
278 301 306 
275 301 306 
299 301 306 
274 275 278 
273 274 278 
273 274 275 
278 299 300 
278 300 306 
299 300 306 
232 259 261 
273 275 278 
275 278 306 
278 299 306 
299 306 309 
