146 265 268 
146 178 265 
121 122 124 
121 122 123 
121 123 124 
303 305 308 
126 127 196 
126 127 132 
124 126 127 
123 126 127 
126 127 197 
127 132 196 
127 196 197 
124 127 132 
123 127 132 
127 132 197 
127 132 135 
123 124 127 
124 127 135 
123 127 135 
123 132 136 
132 135 136 
123 135 136 
135 136 140 
126 132 196 
126 196 197 
124 126 132 
123 126 132 
126 132 197 
123 124 126 
122 124 132 
122 123 132 
122 132 135 
122 123 124 
122 124 135 
122 123 135 
201 205 206 
196 242 244 
242 243 244 
132 196 197 
196 197 249 
123 124 132 
124 132 135 
123 132 135 
123 124 135 
164 165 249 
