178 180 182 
147 178 180 
147 178 266 
146 178 266 
178 266 267 
178 182 261 
178 182 229 
146 147 178 
147 150 178 
147 178 267 
147 175 178 
178 229 261 
175 178 261 
146 150 178 
146 178 267 
146 175 178 
150 178 267 
150 175 178 
175 178 267 
146 147 266 
147 266 268 
147 266 267 
146 266 268 
146 266 267 
266 267 268 
438 439 440 
438 440 441 
439 440 441 
182 229 261 
438 439 441 
119 120 123 
119 120 122 
120 123 208 
120 122 123 
120 122 208 
144 146 147 
143 144 147 
144 147 175 
146 147 268 
146 147 150 
146 147 267 
143 146 147 
146 147 175 
147 150 268 
147 267 268 
147 150 267 
147 150 175 
147 175 267 
143 147 175 
290 317 318 
295 317 318 
293 317 318 
292 317 318 
296 317 318 
313 317 318 
314 317 318 
312 317 318 
290 295 317 
290 293 317 
290 292 317 
290 296 317 
290 314 317 
293 295 317 
292 295 317 
295 296 317 
295 313 317 
295 314 317 
295 312 317 
292 293 317 
293 296 317 
293 313 317 
293 314 317 
292 296 317 
292 313 317 
292 314 317 
292 312 317 
296 313 317 
296 314 317 
296 312 317 
313 314 317 
312 313 317 
312 314 317 
119 122 123 
258 259 261 
229 259 261 
290 295 318 
290 293 318 
290 292 318 
290 296 318 
290 314 318 
293 295 318 
292 295 318 
295 296 318 
295 313 318 
295 314 318 
295 312 318 
292 293 318 
293 296 318 
293 313 318 
293 314 318 
292 296 318 
292 313 318 
292 314 318 
292 312 318 
296 313 318 
296 314 318 
296 312 318 
313 314 318 
312 313 318 
312 314 318 
142 144 146 
142 143 144 
143 144 146 
144 146 175 
143 144 175 
122 123 208 
142 143 146 
283 284 290 
281 283 290 
283 290 295 
283 290 292 
281 284 290 
281 290 295 
281 290 297 
281 290 293 
281 290 292 
281 290 296 
290 295 297 
290 293 295 
290 292 295 
290 295 296 
290 295 314 
290 293 297 
290 292 297 
290 296 297 
290 297 314 
290 292 293 
290 293 296 
290 293 314 
290 292 296 
290 292 314 
290 296 314 
146 150 268 
146 267 268 
146 150 267 
146 150 175 
146 175 267 
143 146 175 
150 268 274 
150 267 268 
267 268 274 
150 267 274 
150 175 267 
281 283 284 
281 283 295 
281 283 292 
283 292 295 
281 295 297 
281 293 295 
281 292 295 
281 295 296 
281 293 297 
281 292 297 
281 296 297 
281 292 293 
281 293 296 
281 292 296 
293 295 297 
292 295 297 
295 296 297 
295 297 314 
292 293 295 
293 295 296 
293 295 313 
293 295 314 
292 295 296 
292 295 313 
292 295 314 
292 295 312 
295 296 313 
295 296 314 
295 296 312 
295 313 314 
295 312 313 
295 312 314 
400 401 419 
400 401 403 
401 403 419 
292 293 297 
293 296 297 
293 297 314 
292 296 297 
292 297 314 
296 297 314 
292 293 296 
292 293 313 
292 293 314 
293 296 313 
293 296 314 
293 313 314 
292 296 313 
292 296 314 
292 296 312 
292 313 314 
292 312 313 
292 312 314 
296 313 314 
296 312 313 
296 312 314 
312 313 314 
400 403 419 
