339 341 406 
339 341 415 
341 406 415 
341 344 377 
341 375 377 
341 344 375 
146 147 268 
147 266 268 
147 267 268 
147 268 271 
146 266 268 
146 267 268 
146 268 271 
266 267 268 
266 268 271 
267 268 271 
336 339 407 
339 406 407 
339 407 415 
339 403 407 
339 407 408 
336 339 406 
336 339 403 
336 339 408 
339 406 415 
339 403 406 
339 406 408 
339 403 415 
339 408 415 
147 180 262 
147 178 180 
178 180 262 
147 262 266 
147 178 262 
147 262 267 
146 147 266 
146 147 178 
146 147 267 
146 147 271 
147 178 266 
147 266 267 
147 266 271 
147 178 267 
147 267 271 
336 406 407 
336 403 407 
336 407 408 
406 407 415 
403 406 407 
406 407 408 
406 407 411 
403 407 415 
407 408 415 
407 411 415 
407 408 410 
407 408 411 
407 410 411 
336 403 406 
336 406 408 
178 261 262 
178 262 266 
262 266 267 
178 262 267 
146 178 266 
146 266 267 
146 266 271 
146 178 267 
146 267 271 
403 406 415 
406 408 415 
406 411 415 
406 408 411 
408 411 415 
178 266 267 
266 267 271 
344 375 377 
243 244 245 
243 245 246 
244 245 246 
243 244 246 
408 410 411 
289 290 293 
289 290 443 
289 320 322 
