180mTHR: 02,05,07,12,14,18,19,24,25|9|5.6282
293mHIS: 00,06,09,15,17,20,27|7|5.9604
293mGLN: 00,06,09,15,17,20,27|7|2.36
293mGLY: 00,06,09,15,17,20,27|7|4.7152
293mTRP: 00,06,09,15,17,20,27|7|2.5434
293mASN: 00,06,09,15,17,20,27|7|4.3782
293mGLU: 00,06,09,15,17,20,27|7|4.4496
177mGLY: 05,07,14,18,19,21,25|7|2.0908
293mMET: 00,06,09,15,17,20,27|7|3.2778
293mASP: 00,06,09,15,17,20,27|7|3.2142
293mTHR: 00,06,09,15,17,20,27|7|2.8358
293mLYS: 00,06,09,15,17,20,27|7|3.3976
293mSER: 00,06,09,15,17,20,27|7|4.5158
177mHIS: 05,07,14,18,19,21,25|7|2.5201
293mVAL: 00,06,09,15,17,20,27|7|1.5452
439mLYS: 00,06,09,15,17,20,23|7|6.5475
439mALA: 00,06,09,15,17,20,23|7|5.9858
177mSER: 05,07,14,18,19,21,25|7|1.8869
293mARG: 00,06,09,15,17,20,27|7|1.5158
440mGLU: 00,06,09,15,17,20|6|5.0502
441mVAL: 00,06,09,15,17,20|6|2.4781
440mLYS: 00,06,09,15,17,20|6|6.6722
178mVAL: 05,07,12,18,19,24|6|1.3038
326mGLY: 01,03,09,10,15,20|6|1.697
440mTHR: 00,06,09,15,17,20|6|5.4
182mGLU: 02,12,14,19,24,25|6|4.3517
300mALA: 00,06,09,15,17,27|6|3.8055
178mHIS: 05,07,12,18,19,24|6|4.5048
178mSER: 05,07,12,18,19,24|6|3.5057
178mLYS: 05,07,12,18,19,24|6|2.5267
438mTHR: 00,06,09,17,20,23|6|3.6104
440mLEU: 00,06,09,15,17,20|6|2.1327
292mTHR: 00,06,09,15,17,20|6|1.2051
300mGLU: 00,06,09,15,17,27|6|2.7519
322mALA: 01,06,09,15,17,20|6|1.0733
146mPHE: 05,07,18,19,21,25|6|1.5572
292mGLU: 00,06,09,15,17,20|6|1.6826
438mASN: 00,06,09,17,20,23|6|2.8029
146mTHR: 05,07,18,19,21,25|6|3.5327
146mGLY: 05,07,18,19,21,25|6|3.929
145mGLY: 05,07,18,19,21,25|6|3.0248
440mSER: 00,06,09,15,17,20|6|3.261
292mMET: 00,06,09,15,17,20|6|2.2362
440mASN: 00,06,09,15,17,20|6|3.284
440mPRO: 00,06,09,15,17,20|6|2.6624
441mLYS: 00,06,09,15,17,20|6|4.4639
441mALA: 00,06,09,15,17,20|6|3.9956
438mGLY: 00,06,09,17,20,23|6|3.7306
300mGLY: 00,06,09,15,17,27|6|3.0002
322mHIS: 01,06,09,15,17,20|6|1.9037
178mGLU: 05,07,12,18,19,24|6|3.3304
292mHIS: 00,06,09,15,17,20|6|3.3978
322mGLY: 01,06,09,15,17,20|6|1.8018
438mHIS: 00,06,09,17,20,23|6|4.5227
441mTHR: 00,06,09,15,17,20|6|3.939
440mASP: 00,06,09,15,17,20|6|3.7172
297mGLY: 00,06,09,15,17,27|6|1.9826
297mALA: 00,06,09,15,17,27|6|2.3603
440mILE: 00,06,09,15,17,20|6|2.8471
441mSER: 00,06,09,15,17,20|6|2.2836
299mGLU: 00,06,09,15,17,27|6|1.6977
438mSER: 00,06,09,17,20,23|6|3.4645
178mTHR: 05,07,12,18,19,24|6|2.6711
440mGLY: 00,06,09,15,17,20|6|3.1751
146mILE: 05,07,18,19,21,25|6|2.2123
300mTHR: 00,06,09,15,17,27|6|2.4341
326mGLU: 01,03,09,10,15,20|6|1.808
182mGLY: 02,12,14,19,24,25|6|3.0312
438mALA: 00,06,09,17,20,23|6|2.9723
146mGLU: 05,07,18,19,21,25|6|4.5674
292mASN: 00,06,09,15,17,20|6|1.4729
178mGLN: 05,07,12,18,19,24|6|1.5234
146mSER: 05,07,18,19,21,25|6|3.6761
178mASN: 05,07,12,18,19,24|6|3.1736
178mALA: 05,07,12,18,19,24|6|1.7133
440mVAL: 00,06,09,15,17,20|6|4.7779
146mALA: 05,07,18,19,21,25|6|4.2759
440mCYS: 00,06,09,15,17,20|6|9.8067
146mVAL: 05,07,18,19,21,25|6|2.88
438mLYS: 00,06,09,17,20,23|6|3.0804
292mSER: 00,06,09,15,17,20|6|2.0361
441mGLU: 00,06,09,15,17,20|6|3.1852
438mGLU: 00,06,09,17,20,23|6|4.9685
182mHIS: 02,12,14,19,24,25|6|2.4304
440mGLN: 00,06,09,15,17,20|6|1.4273
292mGLY: 00,06,09,15,17,20|6|2.0744
178mMET: 05,07,12,18,19,24|6|2.6613
440mALA: 00,06,09,15,17,20|6|5.9039
322mSER: 01,06,09,15,17,20|6|1.4086
146mASP: 05,07,18,19,21,25|6|2.4757
182mSER: 02,12,14,19,24,25|6|2.7535
178mGLY: 05,07,12,18,19,24|6|3.6816
322mGLU: 01,06,09,15,17,20|6|1.342
208mGLY: 02,12,14,22,25|5|4.0152
443mASN: 00,06,15,17,20|5|1.9818
208mASN: 02,12,14,22,25|5|2.5599
122mLEU: 02,05,18,22,25|5|1.5019
443mGLU: 00,06,15,17,20|5|2.7583
290mGLY: 00,06,09,17,20|5|2.5742
290mASN: 00,06,09,17,20|5|2.45
290mTHR: 00,06,09,17,20|5|1.2798
321mGLY: 06,09,15,17,20|5|1.3159
208mMET: 02,12,14,22,25|5|3.2609
122mSER: 02,05,18,22,25|5|2.3086
122mALA: 02,05,18,22,25|5|1.5916
122mASN: 02,05,18,22,25|5|1.5819
290mMET: 00,06,09,17,20|5|1.7925
122mGLY: 02,05,18,22,25|5|2.4375
208mASP: 02,12,14,22,25|5|1.9137
443mGLY: 00,06,15,17,20|5|2.1415
122mMET: 02,05,18,22,25|5|2.5493
208mILE: 02,12,14,22,25|5|1.6169
122mLYS: 02,05,18,22,25|5|1.1269
208mVAL: 02,12,14,22,25|5|2.1307
122mVAL: 02,05,18,22,25|5|1.2761
321mHIS: 06,09,15,17,20|5|2.4062
443mHIS: 00,06,15,17,20|5|1.8672
290mTRP: 00,06,09,17,20|5|1.0101
443mTHR: 00,06,15,17,20|5|1.5407
208mLEU: 02,12,14,22,25|5|2.1969
122mASP: 02,05,18,22,25|5|1.0337
122mGLU: 02,05,18,22,25|5|1.8436
290mGLN: 00,06,09,17,20|5|1.0105
122mGLN: 02,05,18,22,25|5|1.4086
208mHIS: 02,12,14,22,25|5|4.3056
262mGLY: 05,07,12,19,24|5|1.8678
208mTHR: 02,12,14,22,25|5|2.2934
122mTHR: 02,05,18,22,25|5|1.5851
208mALA: 02,12,14,22,25|5|2.6018
321mSER: 06,09,15,17,20|5|1.2014
443mSER: 00,06,15,17,20|5|2.2165
208mLYS: 02,12,14,22,25|5|2.4594
208mSER: 02,12,14,22,25|5|3.7108
208mGLU: 02,12,14,22,25|5|3.223
122mTRP: 02,05,18,22,25|5|1.133
122mHIS: 02,05,18,22,25|5|2.9971
208mGLN: 02,12,14,22,25|5|1.7711
290mHIS: 00,06,09,17,20|5|3.2573
290mSER: 00,06,09,17,20|5|2.2506
208mPHE: 02,12,14,22,25|5|1.0538
208mTRP: 02,12,14,22,25|5|1.4026
290mGLU: 00,06,09,17,20|5|1.8886
321mMET: 06,09,15,17,20|5|1.8241
336mILE: 01,03,16,23|4|1.0262
183mGLU: 07,12,14,24|4|1.5861
318mHIS: 06,09,15,20|4|1.0184
137mGLU: 02,18,21,22|4|1.1574
334mGLY: 01,03,20,23|4|1.2101
183mLEU: 07,12,14,24|4|1.1514
296mGLY: 00,09,15,17|4|1.1562
324mHIS: 01,03,09,10|4|1.3133
183mGLN: 07,12,14,24|4|1.3882
437mHIS: 06,17,20,23|4|1.4724
261mALA: 07,12,19,24|4|3.1963
183mALA: 07,12,14,24|4|1.0708
261mMET: 07,12,19,24|4|3.1303
183mTRP: 07,12,14,24|4|1.1683
261mGLY: 07,12,19,24|4|3.3925
183mHIS: 07,12,14,24|4|2.5432
377mHIS: 01,03,10,16|4|1.2109
324mGLY: 01,03,09,10|4|1.0518
318mALA: 06,09,15,20|4|1.2868
261mASP: 07,12,19,24|4|2.4622
183mTHR: 07,12,14,24|4|1.5432
261mLEU: 07,12,19,24|4|2.9851
336mGLU: 01,03,16,23|4|1.9415
261mVAL: 07,12,19,24|4|2.7283
183mSER: 07,12,14,24|4|1.8348
183mGLY: 07,12,14,24|4|1.8365
261mTRP: 07,12,19,24|4|1.9492
261mGLU: 07,12,19,24|4|3.6838
266mALA: 05,07,21,24|4|1.7594
261mGLN: 07,12,19,24|4|2.3099
261mSER: 07,12,19,24|4|3.0379
261mTHR: 07,12,19,24|4|2.8197
336mTHR: 01,03,16,23|4|1.4362
261mASN: 07,12,19,24|4|2.2009
318mGLU: 06,09,15,20|4|1.0017
261mILE: 07,12,19,24|4|2.6205
261mPHE: 07,12,19,24|4|2.3298
266mGLY: 05,07,21,24|4|1.0825
336mCYS: 01,03,16,23|4|1.652
183mMET: 07,12,14,24|4|2.1963
261mHIS: 07,12,19,24|4|3.0572
183mASN: 07,12,14,24|4|1.4786
123mLYS: 02,18,22|3|1.1359
210mHIS: 05,14,25|3|1.0083
400mSER: 01,03,10|3|1.2655
217mHIS: 17,21,27|3|1.9636
168mHIS: 17,27,29|3|1.4724
123mMET: 02,18,22|3|1.1575
123mGLU: 02,18,22|3|1.3936
168mMET: 17,27,29|3|1.1255
401mGLY: 01,03,10|3|1.3067
268mALA: 05,07,21|3|1.0413
217mGLY: 17,21,27|3|1.4468
339mSER: 01,03,16|3|1.1204
339mHIS: 01,03,16|3|1.0428
401mASN: 01,03,10|3|1.1774
403mHIS: 01,03,10|3|1.2002
269mCYS: 07,21,24|3|1.4853
339mGLY: 01,03,16|3|1.7594
400mGLY: 01,03,10|3|1.3007
123mGLY: 02,18,22|3|1.6777
331mHIS: 01,03,10|3|1.0825
123mSER: 02,18,22|3|1.5703
287mHIS: 00,10,17|3|1.0614
142mGLU: 05,18,21|3|1.5913
401mGLU: 01,03,10|3|1.2743
403mSER: 01,03,10|3|1.027
400mGLU: 01,03,10|3|1.3321
401mSER: 01,03,10|3|1.2352
123mASP: 02,18,22|3|1.0423
268mCYS: 05,07,21|3|1.5747
217mSER: 17,21,27|3|1.408
400mHIS: 01,03,10|3|1.7573
403mGLY: 01,03,10|3|1.2455
401mHIS: 01,03,10|3|1.8334
123mHIS: 02,18,22|3|1.9555
217mGLU: 17,21,27|3|1.3068
136mTRP: 21,22|2|1.0704
219mCYS: 17,27|2|1.8337
136mVAL: 21,22|2|1.0513
346mTHR: 04,26|2|1.8347
288mHIS: 09,10|2|1.268
219mHIS: 17,27|2|1.2465
410mPHE: 16,23|2|1.6632
444mHIS: 06,17|2|1.6228
410mPRO: 16,23|2|1.4842
407mGLU: 16,23|2|1.653
407mPRO: 16,23|2|1.3384
126mHIS: 14,22|2|1.0339
407mTHR: 16,23|2|1.462
124mGLU: 14,22|2|1.0427
407mPHE: 16,23|2|1.5182
346mASP: 04,26|2|1.3612
407mLEU: 16,23|2|1.505
346mHIS: 04,26|2|1.6361
346mGLY: 04,26|2|1.3536
410mGLY: 16,23|2|1.4007
136mGLU: 21,22|2|1.6608
126mGLY: 14,22|2|1.3663
444mASN: 06,17|2|1.0824
346mSER: 04,26|2|1.4435
444mMET: 06,17|2|1.3876
444mSER: 06,17|2|1.1264
126mSER: 14,22|2|1.2782
136mTHR: 21,22|2|1.5782
390mHIS: 20,23|2|1.1462
410mTRP: 16,23|2|1.0841
370mCYS: 04,26|2|1.7562
407mCYS: 16,23|2|2.083
410mCYS: 16,23|2|1.7711
347mALA: 04,26|2|2.1941
407mTRP: 16,23|2|1.2548
370mALA: 04,26|2|2.0718
410mGLN: 16,23|2|1.5945
370mVAL: 04,26|2|1.6585
346mGLU: 04,26|2|2.5608
370mGLY: 04,26|2|1.2371
410mMET: 16,23|2|1.553
410mHIS: 16,23|2|1.0846
407mVAL: 16,23|2|1.3648
307mHIS: 15,27|2|1.0083
407mASP: 16,23|2|1.399
410mLEU: 16,23|2|1.6883
136mASN: 21,22|2|1.7684
407mALA: 16,23|2|1.19
140mGLY: 18,21|2|1.0838
219mGLY: 17,27|2|1.1589
136mSER: 21,22|2|1.7526
410mVAL: 16,23|2|1.7451
219mALA: 17,27|2|2.208
407mILE: 16,23|2|1.3636
140mGLU: 18,21|2|1.0644
136mGLN: 21,22|2|1.2328
140mHIS: 18,21|2|1.1214
370mTHR: 04,26|2|1.1308
136mGLY: 21,22|2|1.7165
407mGLN: 16,23|2|1.3558
444mGLY: 06,17|2|1.2392
356mHIS: 06,17|2|1.0133
136mHIS: 21,22|2|1.9093
346mALA: 04,26|2|1.598
350mCYS: 04,26|2|1.0874
410mTHR: 16,23|2|2.0703
410mGLU: 16,23|2|2.024
410mILE: 16,23|2|1.4868
136mMET: 21,22|2|1.6467
407mMET: 16,23|2|1.1374
136mLEU: 21,22|2|1.015
410mALA: 16,23|2|1.9336
410mASP: 16,23|2|1.4167
164mGLY: 29|1|1.135
281mTHR: 17|1|1.246
164mGLU: 29|1|1.107
303mHIS: 27|1|1.0268
190mLYS: 27|1|1.182
127mGLU: 22|1|1.3165
242mHIS: 29|1|1.1667
428mHIS: 10|1|1.0858
259mCYS: 24|1|1.1067
190mALA: 27|1|1.084
281mHIS: 17|1|1.0419
281mASN: 17|1|1.1221
286mHIS: 10|1|1.0118
281mSER: 17|1|1.2762
281mGLU: 17|1|1.4506
406mCYS: 16|1|1.1931
164mMET: 29|1|1.0515
164mHIS: 29|1|1.1667
164mSER: 29|1|1.08
281mGLY: 17|1|1.1689
