127mGLU: 02,04,06,07,09,10,17,18,22|9|3.838
206mALA: 01,02,06,07,14,17,18|7|3.4321
204mGLU: 01,02,04,07,14,17,18|7|2.429
206mILE: 01,02,06,07,14,17,18|7|1.5722
206mMET: 01,02,06,07,14,17,18|7|1.7233
206mGLY: 01,02,06,07,14,17,18|7|3.733
206mVAL: 01,02,06,07,14,17,18|7|2.9148
206mLEU: 01,02,06,07,14,17,18|7|2.7709
206mGLN: 01,02,06,07,14,17,18|7|2.3858
206mGLU: 01,02,06,07,14,17,18|7|3.771
206mTHR: 01,02,06,07,14,17,18|7|3.5007
206mASN: 01,02,06,07,14,17,18|7|1.8098
124mVAL: 07,09,10,17,18,22|6|1.285
124mTHR: 07,09,10,17,18,22|6|1.3732
124mGLU: 07,09,10,17,18,22|6|2.2421
205mGLN: 01,07,10,14,17,18|6|3.7692
205mSER: 01,07,10,14,17,18|6|3.3946
205mHIS: 01,07,10,14,17,18|6|3.2881
205mTHR: 01,07,10,14,17,18|6|4.4587
205mGLY: 01,07,10,14,17,18|6|5.1238
248mALA: 01,04,06,14,17,22|6|2.0962
205mVAL: 01,07,10,14,17,18|6|3.4415
248mGLY: 01,04,06,14,17,22|6|2.3965
205mASN: 01,07,10,14,17,18|6|3.2987
205mALA: 01,07,10,14,17,18|6|3.8584
205mILE: 01,07,10,14,17,18|6|2.2607
205mMET: 01,07,10,14,17,18|6|3.074
205mLEU: 01,07,10,14,17,18|6|3.5761
205mGLU: 01,07,10,14,17,18|6|5.2977
201mLEU: 01,02,07,14,18|5|1.9625
158mASN: 01,04,07,14,19|5|3.7567
201mSER: 01,02,07,14,18|5|1.0052
158mGLU: 01,04,07,14,19|5|7.0507
201mTRP: 01,02,07,14,18|5|1.2685
201mGLY: 01,02,07,14,18|5|1.7831
201mASP: 01,02,07,14,18|5|1.9649
201mGLU: 01,02,07,14,18|5|2.4238
158mASP: 01,04,07,14,19|5|5.1329
201mTHR: 01,02,07,14,18|5|1.6438
158mGLY: 01,04,07,14,19|5|5.0633
119mTHR: 09,10,17,18,22|5|1.7735
158mTHR: 01,04,07,14,19|5|5.9309
201mPHE: 01,02,07,14,18|5|1.5992
201mGLN: 01,02,07,14,18|5|1.4747
119mGLU: 09,10,17,18,22|5|3.1853
158mSER: 01,04,07,14,19|5|3.4093
201mASN: 01,02,07,14,18|5|1.0666
201mALA: 01,02,07,14,18|5|1.6122
201mVAL: 01,02,07,14,18|5|1.5753
130mGLN: 02,06,09,18|4|2.1516
235mPHE: 01,04,07,14|4|3.1097
197mASN: 06,17,18,22|4|1.8714
303mGLY: 05,13,21,28|4|1.7144
268mILE: 13,20,24,28|4|3.1926
235mGLU: 01,04,07,14|4|3.4917
130mGLU: 02,06,09,18|4|2.979
296mGLU: 05,21,23,28|4|3.3259
296mVAL: 05,21,23,28|4|1.0045
251mGLY: 01,04,07,14|4|2.6579
136mALA: 09,10,18,22|4|1.7798
301mGLY: 05,21,23,28|4|1.8129
235mALA: 01,04,07,14|4|2.8246
130mTYR: 02,06,09,18|4|1.0062
268mGLU: 13,20,24,28|4|4.9976
268mMET: 13,20,24,28|4|3.0467
197mGLU: 06,17,18,22|4|2.8989
235mVAL: 01,04,07,14|4|2.9004
197mHIS: 06,17,18,22|4|1.917
301mTHR: 05,21,23,28|4|1.8525
123mGLU: 09,10,18,22|4|2.957
235mTRP: 01,04,07,14|4|2.599
251mASN: 01,04,07,14|4|1.7591
235mHIS: 01,04,07,14|4|1.3843
130mCYS: 02,06,09,18|4|2.8844
268mASN: 13,20,24,28|4|2.5057
297mASN: 05,21,23,28|4|2.5827
303mLEU: 05,13,21,28|4|1.8357
251mTHR: 01,04,07,14|4|2.34
268mALA: 13,20,24,28|4|4.1694
296mTHR: 05,21,23,28|4|1.7745
159mGLU: 01,04,14,19|4|1.3413
130mPRO: 02,06,09,18|4|2.1963
297mGLU: 05,21,23,28|4|4.9012
251mLEU: 01,04,07,14|4|1.9302
235mTYR: 01,04,07,14|4|1.1941
130mLEU: 02,06,09,18|4|2.4947
235mGLY: 01,04,07,14|4|2.7555
130mGLY: 02,06,09,18|4|2.0945
159mTHR: 01,04,14,19|4|2.0116
235mILE: 01,04,07,14|4|2.5314
136mGLU: 09,10,18,22|4|2.5535
130mVAL: 02,06,09,18|4|2.2794
130mASN: 02,06,09,18|4|1.7975
197mMET: 06,17,18,22|4|2.538
235mPRO: 01,04,07,14|4|2.8684
123mTHR: 09,10,18,22|4|1.8269
130mALA: 02,06,09,18|4|2.2671
268mPHE: 13,20,24,28|4|3.1809
132mGLU: 09,10,18,22|4|1.5101
268mGLN: 13,20,24,28|4|3.9254
123mGLY: 09,10,18,22|4|1.7393
130mSER: 02,06,09,18|4|1.6422
301mSER: 05,21,23,28|4|1.1598
301mASN: 05,21,23,28|4|1.4476
235mASP: 01,04,07,14|4|3.4199
235mGLN: 01,04,07,14|4|2.8103
303mGLU: 05,13,21,28|4|2.4246
136mASP: 09,10,18,22|4|1.036
136mTHR: 09,10,18,22|4|2.2829
235mLEU: 01,04,07,14|4|3.4303
251mMET: 01,04,07,14|4|1.4552
251mHIS: 01,04,07,14|4|1.4726
251mGLU: 01,04,07,14|4|3.118
303mTHR: 05,13,21,28|4|1.5165
197mVAL: 06,17,18,22|4|2.2584
268mVAL: 13,20,24,28|4|3.6289
297mGLY: 05,21,23,28|4|2.8771
268mSER: 13,20,24,28|4|2.9749
268mLEU: 13,20,24,28|4|4.4938
197mLEU: 06,17,18,22|4|2.505
197mGLY: 06,17,18,22|4|2.1771
235mTHR: 01,04,07,14|4|2.757
251mSER: 01,04,07,14|4|1.8306
303mASP: 05,13,21,28|4|1.5447
296mLEU: 05,21,23,28|4|1.1229
130mASP: 02,06,09,18|4|2.5498
244mGLU: 02,04,06,09|4|2.7962
296mASP: 05,21,23,28|4|2.5171
251mVAL: 01,04,07,14|4|1.5485
235mMET: 01,04,07,14|4|1.9083
123mASP: 09,10,18,22|4|2.2406
130mILE: 02,06,09,18|4|2.1347
268mGLY: 13,20,24,28|4|4.3012
197mSER: 06,17,18,22|4|1.6368
297mTHR: 05,21,23,28|4|4.0074
301mVAL: 05,21,23,28|4|1.4975
301mALA: 05,21,23,28|4|1.2951
130mPHE: 02,06,09,18|4|2.4369
136mGLN: 09,10,18,22|4|1.0925
268mASP: 13,20,24,28|4|4.6323
235mASN: 01,04,07,14|4|1.8068
296mGLN: 05,21,23,28|4|1.0784
120mASP: 10,17,18,22|4|1.1278
251mASP: 01,04,07,14|4|2.5962
123mVAL: 09,10,18,22|4|1.3478
235mSER: 01,04,07,14|4|1.705
251mTRP: 01,04,07,14|4|1.2154
235mCYS: 01,04,07,14|4|3.8513
251mGLN: 01,04,07,14|4|2.0378
136mILE: 09,10,18,22|4|1.0107
251mALA: 01,04,07,14|4|1.9643
268mTHR: 13,20,24,28|4|4.0606
130mTRP: 02,06,09,18|4|2.0143
301mGLU: 05,21,23,28|4|2.6811
197mGLN: 06,17,18,22|4|2.4414
301mGLN: 05,21,23,28|4|1.6229
136mLEU: 09,10,18,22|4|1.4308
297mASP: 05,21,23,28|4|3.9932
130mHIS: 02,06,09,18|4|1.1268
120mGLU: 10,17,18,22|4|1.7602
197mILE: 06,17,18,22|4|2.0499
130mTHR: 02,06,09,18|4|2.4037
303mALA: 05,13,21,28|4|1.5653
268mHIS: 13,20,24,28|4|2.6312
296mGLY: 05,21,23,28|4|1.396
197mTHR: 06,17,18,22|4|2.6706
130mMET: 02,06,09,18|4|1.4943
268mTRP: 13,20,24,28|4|3.2517
197mTRP: 06,17,18,22|4|2.1729
197mALA: 06,17,18,22|4|1.8642
440mGLU: 05,21,23|3|1.6862
196mGLN: 02,06,09|3|1.9061
441mVAL: 05,21,23|3|1.2893
203mGLU: 01,07,14|3|1.0814
293mHIS: 05,21,23|3|2.2465
293mGLN: 05,21,23|3|1.9589
196mALA: 02,06,09|3|1.8718
293mGLY: 05,21,23|3|3.0065
311mASP: 05,21,23|3|2.227
245mGLU: 02,04,06|3|1.1978
440mLEU: 05,21,23|3|1.6632
196mGLU: 02,06,09|3|2.3211
311mGLY: 05,21,23|3|2.1634
440mLYS: 05,21,23|3|1.8517
196mVAL: 02,06,09|3|1.9534
439mGLU: 05,21,23|3|1.0826
245mASN: 02,04,06|3|1.7375
232mHIS: 01,14,19|3|1.2998
232mLEU: 01,14,19|3|2.9067
232mILE: 01,14,19|3|2.2236
439mSER: 05,21,23|3|1.565
305mMET: 13,24,28|3|1.1249
305mCYS: 13,24,28|3|2.5596
196mPHE: 02,06,09|3|2.0964
305mGLN: 13,24,28|3|1.4992
233mCYS: 01,14,19|3|1.9873
305mPRO: 13,24,28|3|1.0454
196mCYS: 02,06,09|3|2.6084
440mSER: 05,21,23|3|1.9937
232mGLN: 01,14,19|3|2.3918
293mASN: 05,21,23|3|2.5339
440mMET: 05,21,23|3|1.1336
305mILE: 13,24,28|3|2.2077
266mASN: 13,20,24|3|1.984
311mSER: 05,21,23|3|1.399
441mALA: 05,21,23|3|1.6138
440mPHE: 05,21,23|3|1.2776
196mMET: 02,06,09|3|1.4005
293mGLU: 05,21,23|3|2.6816
196mSER: 02,06,09|3|1.1813
232mCYS: 01,14,19|3|3.7589
441mGLY: 05,21,23|3|1.7096
293mMET: 05,21,23|3|1.746
232mVAL: 01,14,19|3|2.1452
441mLYS: 05,21,23|3|1.3915
293mASP: 05,21,23|3|1.4692
196mASN: 02,06,09|3|1.2768
266mSER: 13,20,24|3|1.8985
196mTHR: 02,06,09|3|1.906
266mGLU: 13,20,24|3|3.5234
441mHIS: 05,21,23|3|1.3762
440mASP: 05,21,23|3|1.1355
293mLEU: 05,21,23|3|1.4701
440mALA: 05,21,23|3|2.4403
232mASN: 01,14,19|3|1.3389
266mVAL: 13,20,24|3|1.2154
232mASP: 01,14,19|3|2.846
438mCYS: 05,21,23|3|1.2021
440mILE: 05,21,23|3|1.9956
441mSER: 05,21,23|3|1.4367
232mGLU: 01,14,19|3|2.9735
208mCYS: 10,17,18|3|1.7411
299mGLU: 05,21,23|3|1.5649
232mPHE: 01,14,19|3|2.3503
440mGLY: 05,21,23|3|2.17
305mASP: 13,24,28|3|1.1449
196mASP: 02,06,09|3|2.2217
293mTHR: 05,21,23|3|2.46
311mASN: 05,21,23|3|1.5902
293mALA: 05,21,23|3|1.8527
439mCYS: 05,21,23|3|1.3721
196mILE: 02,06,09|3|1.7686
196mLEU: 02,06,09|3|2.2534
245mGLY: 02,04,06|3|1.6226
232mALA: 01,14,19|3|2.6384
196mGLY: 02,06,09|3|1.7825
266mTHR: 13,20,24|3|2.8462
232mPRO: 01,14,19|3|2.0752
245mHIS: 02,04,06|3|2.0365
311mGLU: 05,21,23|3|3.228
196mHIS: 02,06,09|3|1.0056
293mVAL: 05,21,23|3|1.9705
196mPRO: 02,06,09|3|1.9308
293mSER: 05,21,23|3|2.1543
305mPHE: 13,24,28|3|1.8404
232mTRP: 01,14,19|3|2.0852
440mVAL: 05,21,23|3|1.773
196mTRP: 02,06,09|3|1.7752
441mILE: 05,21,23|3|1.0576
439mLYS: 05,21,23|3|1.9549
305mSER: 13,24,28|3|1.3836
439mALA: 05,21,23|3|2.2937
232mGLY: 01,14,19|3|2.4016
311mTHR: 05,21,23|3|2.3995
305mTHR: 13,24,28|3|2.7677
440mHIS: 05,21,23|3|1.3461
208mGLU: 10,17,18|3|1.4207
305mASN: 13,24,28|3|1.7523
245mSER: 02,04,06|3|1.3695
266mGLN: 13,20,24|3|1.5002
441mGLU: 05,21,23|3|1.0607
293mILE: 05,21,23|3|1.0418
232mTHR: 01,14,19|3|2.4941
232mMET: 01,14,19|3|1.8429
266mGLY: 13,20,24|3|2.3978
305mLEU: 13,24,28|3|1.9549
305mGLY: 13,24,28|3|1.9663
439mGLY: 05,21,23|3|1.5241
232mSER: 01,14,19|3|1.5025
305mVAL: 13,24,28|3|2.3616
305mGLU: 13,24,28|3|3.3732
263mGLU: 19,20,24|3|2.1447
266mHIS: 13,20,24|3|1.1667
305mALA: 13,24,28|3|2.4751
245mTHR: 02,04,06|3|1.4335
261mHIS: 19,20|2|1.6116
182mPRO: 10,20|2|1.0266
182mLEU: 10,20|2|1.0047
258mTHR: 19,24|2|1.5707
156mPRO: 01,19|2|1.2121
261mILE: 19,20|2|1.1543
156mTHR: 01,19|2|1.3725
156mLEU: 01,19|2|1.0244
182mASP: 10,20|2|1.8906
122mLEU: 10,22|2|1.2137
182mTHR: 10,20|2|1.2324
146mCYS: 13,20|2|1.6005
217mGLY: 05,28|2|1.2227
146mTHR: 13,20|2|2.317
156mGLY: 01,19|2|1.0701
258mGLU: 19,24|2|1.6887
182mGLU: 10,20|2|1.6843
306mGLY: 13,24|2|1.0158
181mASP: 10,20|2|1.3001
146mASN: 13,20|2|1.2963
261mALA: 19,20|2|1.4936
181mGLU: 10,20|2|1.5168
156mGLN: 01,19|2|1.3121
261mMET: 19,20|2|1.5345
261mGLY: 19,20|2|1.863
146mGLY: 13,20|2|1.7354
122mMET: 10,22|2|1.0409
182mCYS: 10,20|2|2.4286
181mCYS: 10,20|2|2.2841
156mGLU: 01,19|2|1.8362
190mCYS: 05,28|2|1.3516
182mALA: 10,20|2|1.1197
261mASP: 19,20|2|1.4699
181mTHR: 10,20|2|1.0245
122mVAL: 10,22|2|1.0614
156mVAL: 01,19|2|1.1334
146mASP: 13,20|2|2.0876
190mALA: 05,28|2|1.1103
156mCYS: 01,19|2|1.9201
217mTHR: 05,28|2|1.1588
261mLEU: 19,20|2|1.3852
261mVAL: 19,20|2|1.5142
182mGLY: 10,20|2|1.1255
217mGLU: 05,28|2|1.6311
182mGLN: 10,20|2|1.146
122mGLU: 10,22|2|1.419
146mGLU: 13,20|2|3.1062
217mSER: 05,28|2|1.1432
122mGLN: 10,22|2|1.1179
308mGLU: 13,21|2|1.1501
306mTHR: 13,24|2|1.0494
122mTHR: 10,22|2|1.2474
261mGLU: 19,20|2|2.3764
283mCYS: 19,24|2|1.268
261mGLN: 19,20|2|1.5874
306mGLU: 13,24|2|1.0462
261mSER: 19,20|2|1.8539
273mGLU: 19,24|2|1.2266
261mTHR: 19,20|2|2.0021
284mGLU: 05,19|2|1.1966
261mASN: 19,20|2|1.68
306mASN: 13,24|2|1.3041
284mASP: 05,19|2|1.0158
261mTRP: 19,20|2|1.2048
122mPHE: 10,22|2|1.0916
217mLYS: 05,28|2|1.1756
156mASP: 01,19|2|1.7593
217mASP: 05,28|2|2.1202
273mASP: 19,24|2|1.2028
190mGLY: 05,28|2|1.0569
307mTHR: 21|1|1.0446
319mASP: 23|1|1.037
307mCYS: 21|1|1.4361
259mASN: 19|1|1.2597
341mPRO: 25|1|1.1611
307mPHE: 21|1|1.0255
424mALA: 25|1|1.19
424mTRP: 25|1|1.2548
229mCYS: 20|1|1.2374
307mGLY: 21|1|1.1132
424mCYS: 25|1|2.083
424mPRO: 25|1|1.3384
319mTHR: 23|1|1.3627
341mILE: 25|1|1.3651
341mPHE: 25|1|1.4654
341mGLY: 25|1|1.2112
241mCYS: 09|1|1.4299
341mTHR: 25|1|1.6212
424mMET: 25|1|1.1374
424mVAL: 25|1|1.3648
424mTHR: 25|1|1.462
307mALA: 21|1|1.1811
341mALA: 25|1|1.2164
257mGLU: 19|1|1.0146
403mGLU: 25|1|1.1588
226mCYS: 10|1|1.4158
424mILE: 25|1|1.3636
424mLEU: 25|1|1.505
424mGLU: 25|1|1.653
341mCYS: 25|1|1.8455
341mGLN: 25|1|1.4917
307mVAL: 21|1|1.0361
400mGLU: 25|1|1.2601
341mASN: 25|1|1.0466
424mASP: 25|1|1.399
341mVAL: 25|1|1.4352
259mTHR: 19|1|1.3247
341mASP: 25|1|1.3545
307mGLU: 21|1|1.4474
319mGLU: 23|1|1.4803
341mLEU: 25|1|1.5875
143mCYS: 13|1|1.4299
341mMET: 25|1|1.4147
307mASP: 21|1|1.2664
341mTRP: 25|1|1.3517
341mGLU: 25|1|1.7928
424mGLN: 25|1|1.3558
403mASP: 25|1|1.0061
307mLEU: 21|1|1.3825
424mPHE: 25|1|1.5182
