M = 147 268 
301 303 | 146 269 | 146 266 | 284 286 | 229 259 | 144 146 | 288 293 | 377 379 | 146 178 | 147 180 | 291 297 | 259 262 | 279 301 | 299 303 | 265 268 | 178 180 | 146 265 | 290 293 | 146 265 | 178 267 | 145 178 | 146 270 | 301 305 | 299 305 | 279 303 | 146 266 | 290 317 | 182 261 | 177 180 | 287 293 | 316 320 | 146 268 | 259 262 | 312 319 | 266 268 | 120 123 | 146 268 | 146 265 | 120 123 | 146 266 | 146 266 | 146 267 | 301 305 | 323 327 | 266 268 | 146 264 | 119 120 | 146 270 | 324 326 | 119 123 | 

M = 165 194 
205 206 | 329 336 | 124 126 | 242 243 | 242 248 | 193 242 | 344 345 | 165 249 | 131 194 | 165 249 | 346 370 | 164 165 | 438 440 | 326 334 | 242 245 | 134 136 | 127 134 | 339 341 | 341 379 | 242 245 | 165 248 | 194 242 | 438 440 | 439 440 | 164 165 | 164 167 | 391 440 | 193 242 | 196 242 | 164 165 | 126 206 | 123 136 | 336 408 | 165 248 | 242 248 | 388 410 | 242 245 | 239 242 | 193 242 | 243 245 | 242 245 | 196 242 | 164 249 | 336 339 | 193 242 | 204 237 | 196 242 | 194 242 | 341 376 | 242 244 | 336 408 | 206 235 | 190 217 | 165 248 | 164 165 | 242 244 | 164 249 | 341 377 | 194 242 | 336 408 | 165 248 | 193 242 | 400 403 | 241 242 | 341 343 | 438 440 | 244 245 | 164 249 | 237 248 | 164 165 | 242 244 | 242 244 | 164 165 | 157 165 | 123 127 | 242 245 | 242 245 | 242 244 | 336 339 | 242 244 | 

FREQUENCIES
242: 28
146: 16
165: 14
164: 10
245: 8
244: 7
248: 7
266: 6
268: 6
336: 6
341: 5
123: 5
194: 5
193: 5
440: 5
249: 5
265: 4
301: 4
178: 4
120: 3
293: 3
196: 3
303: 3
305: 3
438: 3
339: 3
259: 3
180: 3
408: 3
206: 3
136: 2
134: 2
262: 2
267: 2
126: 2
127: 2
379: 2
299: 2
290: 2
270: 2
279: 2
119: 2
243: 2
377: 2
237: 2
326: 2
147: 2
217: 1
264: 1
131: 1
344: 1
288: 1
346: 1
403: 1
400: 1
284: 1
287: 1
286: 1
261: 1
269: 1
410: 1
370: 1
376: 1
319: 1
317: 1
316: 1
391: 1
241: 1
388: 1
439: 1
291: 1
334: 1
177: 1
345: 1
182: 1
312: 1
343: 1
190: 1
229: 1
167: 1
297: 1
157: 1
239: 1
235: 1
323: 1
320: 1
327: 1
324: 1
329: 1
144: 1
145: 1
205: 1
204: 1
124: 1
