M = 400 403 
329 336 | 336 339 | 327 329 | 324 329 | 377 379 | 357 358 | 293 313 | 279 297 | 339 341 | 359 362 | 439 440 | 336 403 | 341 377 | 391 440 | 336 408 | 388 410 | 290 317 | 287 293 | 408 411 | 286 293 | 312 319 | 286 288 | 341 376 | 336 408 | 318 322 | 336 408 | 281 293 | 363 368 | 379 419 | 312 318 | 434 440 | 438 440 | 336 339 | 336 408 | 

M = 144 147 
205 206 | 301 303 | 146 269 | 123 126 | 242 243 | 158 159 | 229 259 | 146 265 | 193 242 | 165 248 | 144 146 | 178 181 | 136 141 | 164 165 | 242 243 | 126 206 | 146 178 | 242 245 | 147 180 | 259 262 | 134 136 | 126 127 | 299 303 | 242 245 | 163 164 | 165 248 | 245 248 | 181 262 | 178 229 | 146 265 | 261 265 | 178 267 | 165 168 | 178 180 | 145 178 | 196 237 | 146 147 | 164 165 | 301 305 | 126 206 | 123 136 | 299 305 | 246 248 | 164 165 | 242 243 | 146 266 | 178 180 | 232 261 | 123 136 | 177 180 | 123 136 | 146 268 | 157 251 | 242 245 | 158 250 | 266 268 | 164 249 | 242 244 | 164 165 | 164 165 | 194 242 | 196 249 | 146 268 | 119 120 | 146 264 | 146 266 | 206 235 | 146 268 | 242 243 | 164 165 | 146 266 | 123 127 | 146 178 | 164 165 | 266 268 | 146 265 | 146 266 | 146 265 | 242 244 | 164 165 | 164 165 | 242 245 | 146 267 | 165 249 | 127 130 | 305 311 | 177 262 | 266 268 | 146 264 | 119 120 | 123 127 | 299 305 | 146 270 | 250 251 | 194 242 | 119 123 | 

FREQUENCIES
146: 20
242: 13
165: 13
164: 11
336: 8
178: 8
123: 7
266: 7
268: 6
136: 5
265: 5
245: 5
408: 5
126: 4
127: 4
293: 4
206: 4
440: 4
305: 4
243: 4
248: 4
180: 4
341: 3
262: 3
299: 3
119: 3
249: 3
339: 3
329: 3
147: 3
264: 2
403: 2
286: 2
120: 2
261: 2
267: 2
379: 2
318: 2
312: 2
196: 2
303: 2
301: 2
244: 2
377: 2
259: 2
177: 2
250: 2
251: 2
181: 2
194: 2
229: 2
158: 2
144: 2
130: 1
134: 1
288: 1
400: 1
281: 1
287: 1
269: 1
410: 1
411: 1
297: 1
290: 1
376: 1
319: 1
313: 1
311: 1
317: 1
193: 1
270: 1
391: 1
279: 1
368: 1
362: 1
363: 1
246: 1
388: 1
419: 1
438: 1
439: 1
434: 1
168: 1
163: 1
157: 1
159: 1
235: 1
237: 1
232: 1
322: 1
327: 1
324: 1
145: 1
205: 1
141: 1
357: 1
359: 1
358: 1
