D102m2.txt,0, | 123 208 | 274 301 | ,Score: 0

D106m3.txt,0, | 329 336 | 177 261 | ,Score: 0

D107m0.txt,0, | 296 318 | 127 208 | ,Score: 0

D110m2.txt,0, | 165 248 | 158 249 | ,Score: 0

D202m2.txt,0, | 331 402 | 325 441 | ,Score: 0

D203m5.txt,0, | 261 265 | 165 194 | ,Score: 0

D204m0.txt,0, | 196 237 | 167 171 | ,Score: 0

D206mR.txt,0, | 288 324 | 144 147 | ,Score: 0

D210m8.txt,0, | 147 268 | 123 126 | ,Score: 0

D214m3.txt,0, | 165 190 | 194 243 | ,Score: 0

D215m7.txt,0, | 124 226 | 146 178 | ,Score: 0

D216m1.txt,0, | 357 359 | 157 165 | ,Score: 0

D217m3.txt,0, | 178 266 | 291 316 | ,Score: 0

D218m7.txt,0, | 147 262 | 124 135 | ,Score: 0

D221m4.txt,0, | 123 139 | 191 196 | ,Score: 0

D222m6.txt,0, | 274 302 | 436 441 | ,Score: 0

D228m5.txt,0, | 165 194 | 163 250 | ,Score: 0

D229m1.txt,0, | 157 165 | 245 248 | ,Score: 0

D231m7.txt,0, | 359 362 | 178 261 | ,Score: 0

D239m5.txt,0, | 146 179 | 179 261 | ,Score: 0

D301m9.txt,0, | 178 267 | 146 265 | ,Score: 0

D302m1.txt,0, | 146 269 | 178 261 | ,Score: 0

D304m4.txt,0, | 178 267 | 165 194 | ,Score: 0

D305m1.txt,0, | 147 263 | 388 435 | ,Score: 0

D306m2.txt,0, | 143 146 | 201 228 | ,Score: 0

D307m2.txt,0, | 145 178 | 267 274 | ,Score: 0

D308m5.txt,0, | 299 303 | 196 237 | ,Score: 0

D310m9.txt,0, | 178 267 | 123 139 | ,Score: 0

D311m8.txt,0, | 293 299 | 271 277 | ,Score: 0

D312m9.txt,0, | 157 165 | 194 243 | ,Score: 0

D313m5.txt,0, | 412 415 | 142 146 | ,Score: 0

D314m8.txt,0, | 290 443 | 150 178 | ,Score: 0

D315m6.txt,0, | 232 261 | 237 239 | ,Score: 0

D317m4.txt,0, | 146 178 | 293 321 | ,Score: 0

D318m3.txt,0, | 340 403 | 124 135 | ,Score: 0

D319m6.txt,0, | 286 293 | 147 179 | ,Score: 0

D320m3.txt,0, | 157 250 | 242 245 | ,Score: 0

D321m1.txt,0, | 201 251 | 313 319 | ,Score: 0

D322m0.txt,0, | 278 284 | 239 251 | ,Score: 0

D323m1.txt,0, | 193 242 | 165 194 | ,Score: 0

D324m6.txt,0, | 165 248 | 194 243 | ,Score: 0

D325m0.txt,0, | 123 127 | 293 299 | ,Score: 0

D326m0.txt,0, | 284 288 | 177 267 | ,Score: 0

D327m7.txt,0, | 178 267 | 337 341 | ,Score: 0

D328m3.txt,0, | 337 408 | 262 267 | ,Score: 0

D330m1.txt,0, | 201 251 | 142 146 | ,Score: 0

D331m0.txt,0, | 193 242 | 161 164 | ,Score: 0

D332m4.txt,0, | 296 301 | 146 178 | ,Score: 0

D333m4.txt,0, | 124 135 | 262 267 | ,Score: 0

D403m6.txt,0, | 164 169 | 147 262 | ,Score: 0

D407m5.txt,0, | 178 266 | 331 336 | ,Score: 0

D408m8.txt,0, | 178 267 | 439 441 | ,Score: 0

D409m5.txt,0, | 178 267 | 401 419 | ,Score: 0

D410mR.txt,0, | 193 242 | 165 249 | ,Score: 0

D413m2.txt,0, | 165 190 | 164 249 | ,Score: 0

D414m2.txt,0, | 262 267 | 165 249 | ,Score: 0

D421m7.txt,0, | 127 196 | 201 233 | ,Score: 0

D428m7.txt,0, | 327 401 | 177 261 | ,Score: 0

D430mR.txt,0, | 178 266 | 165 194 | ,Score: 0

D431m9.txt,0, | 143 177 | 275 282 | ,Score: 0

D438m9.txt,0, | 290 297 | 147 179 | ,Score: 0

D450m5.txt,0, | 201 208 | 299 305 | ,Score: 0

D453m0.txt,0, | 146 271 | 289 441 | ,Score: 0

D459m2.txt,0, | 165 248 | 193 218 | ,Score: 0

D462m1.txt,0, | 146 265 | 325 333 | ,Score: 0

D464m0.txt,0, | 122 141 | 336 408 | ,Score: 0

