M = 400 403 
438 440 | 290 293 | 377 379 | 344 345 | 377 379 | 357 358 | 401 428 | 279 297 | 299 303 | 316 319 | 438 440 | 438 440 | 290 293 | 336 408 | 299 305 | 410 411 | 283 284 | 339 403 | 400 419 | 312 319 | 336 408 | 318 322 | 336 408 | 349 369 | 438 440 | 303 305 | 336 339 | 

M = 196 237 
205 206 | 267 274 | 146 265 | 123 126 | 242 248 | 165 191 | 229 259 | 140 219 | 136 141 | 164 165 | 242 243 | 146 178 | 126 206 | 242 245 | 147 180 | 259 262 | 134 136 | 126 127 | 232 259 | 242 245 | 163 164 | 165 248 | 245 248 | 181 262 | 136 141 | 178 266 | 165 168 | 178 267 | 145 178 | 146 268 | 126 206 | 123 136 | 246 248 | 164 165 | 242 243 | 146 266 | 178 180 | 232 261 | 123 136 | 177 180 | 146 268 | 157 251 | 242 245 | 158 250 | 204 237 | 268 274 | 242 244 | 164 165 | 164 165 | 194 242 | 196 249 | 146 268 | 266 272 | 126 208 | 146 264 | 127 197 | 146 266 | 206 235 | 146 268 | 242 243 | 164 165 | 146 266 | 123 127 | 146 178 | 164 165 | 266 268 | 146 265 | 265 266 | 245 248 | 146 265 | 242 244 | 164 165 | 242 245 | 164 165 | 249 251 | 146 267 | 266 268 | 127 130 | 177 262 | 119 120 | 147 178 | 123 127 | 146 270 | 158 251 | 250 251 | 165 194 | 144 147 | 123 136 | 180 262 | 

FREQUENCIES
146: 15
165: 12
242: 11
164: 9
266: 8
268: 7
178: 7
136: 6
123: 6
245: 6
126: 5
127: 5
248: 5
262: 4
265: 4
206: 4
440: 4
438: 4
336: 4
251: 4
180: 4
408: 3
267: 3
243: 3
259: 3
147: 3
403: 2
400: 2
379: 2
299: 2
290: 2
319: 2
196: 2
274: 2
303: 2
305: 2
244: 2
249: 2
293: 2
377: 2
339: 2
177: 2
250: 2
194: 2
158: 2
237: 2
232: 2
141: 2
264: 1
219: 1
130: 1
134: 1
344: 1
345: 1
401: 1
283: 1
349: 1
120: 1
261: 1
410: 1
411: 1
297: 1
419: 1
318: 1
312: 1
197: 1
191: 1
316: 1
270: 1
272: 1
279: 1
119: 1
428: 1
369: 1
246: 1
181: 1
168: 1
229: 1
163: 1
284: 1
157: 1
235: 1
322: 1
144: 1
145: 1
205: 1
204: 1
140: 1
208: 1
357: 1
358: 1
