D102m2.txt,0, | 206 237 | 267 274 | ,Score: 0

D106m3.txt,0, | 436 440 | 290 297 | ,Score: 0

D107m0.txt,0, | 265 271 | 126 206 | ,Score: 0

D110m2.txt,0, | 165 248 | 165 191 | ,Score: 0

D202m2.txt,0, | 403 419 | 327 400 | ,Score: 0

D203m5.txt,0, | 190 194 | 344 347 | ,Score: 0

D204m0.txt,0, | ,Score: 0

D206mR.txt,0, | ,Score: 0

D210m8.txt,0, | 147 177 | 401 419 | ,Score: 0

D214m3.txt,0, | 165 190 | 194 243 | ,Score: 0

D215m7.txt,0, | 145 178 | 124 208 | ,Score: 0

D216m1.txt,0, | 357 358 | 164 249 | ,Score: 0

D217m3.txt,0, | 282 288 | 178 266 | ,Score: 0

D218m7.txt,0, | 147 262 | 124 135 | ,Score: 0

D221m4.txt,0, | 126 196 | 139 219 | ,Score: 0

D222m6.txt,0, | 261 265 | 274 301 | ,Score: 0

D228m5.txt,0, | 165 194 | 163 250 | ,Score: 0

D229m1.txt,0, | 165 248 | 246 249 | ,Score: 0

D231m7.txt,0, | 179 261 | 146 178 | ,Score: 0

D239m5.txt,0, | 179 261 | 178 266 | ,Score: 0

D301m9.txt,0, | 438 440 | ,Score: 0

D302m1.txt,0, | ,Score: 0

D304m4.txt,0, | 274 303 | 178 261 | ,Score: 0

D305m1.txt,0, | 438 440 | 281 290 | ,Score: 0

D306m2.txt,0, | 127 135 | 262 267 | ,Score: 0

D307m2.txt,0, | ,Score: 0

D308m5.txt,0, | 299 303 | 196 237 | ,Score: 0

D310m9.txt,0, | 123 139 | 400 419 | ,Score: 0

D311m8.txt,0, | 146 271 | 281 296 | ,Score: 0

D312m9.txt,0, | 162 165 | 194 243 | ,Score: 0

D313m5.txt,0, | 411 415 | 142 146 | ,Score: 0

D314m8.txt,0, | 150 258 | 146 178 | ,Score: 0

D315m6.txt,0, | 178 267 | 206 237 | ,Score: 0

D317m4.txt,0, | 331 401 | 146 178 | ,Score: 0

D318m3.txt,0, | ,Score: 0

D319m6.txt,0, | 283 286 | 147 179 | ,Score: 0

D320m3.txt,0, | 157 250 | 164 249 | ,Score: 0

D321m1.txt,0, | 201 251 | 313 319 | ,Score: 0

D322m0.txt,0, | 206 237 | 274 301 | ,Score: 0

D323m1.txt,0, | 193 242 | 165 194 | ,Score: 0

D324m6.txt,0, | 165 248 | 194 243 | ,Score: 0

D325m0.txt,0, | 126 196 | 299 303 | ,Score: 0

D326m0.txt,0, | 178 267 | 228 262 | ,Score: 0

D327m7.txt,0, | 178 267 | 127 197 | ,Score: 0

D328m3.txt,0, | 337 408 | 262 267 | ,Score: 0

D330m1.txt,0, | 201 251 | 144 147 | ,Score: 0

D331m0.txt,0, | 193 242 | 161 164 | ,Score: 0

D332m4.txt,0, | 296 301 | 146 178 | ,Score: 0

D333m4.txt,0, | 124 135 | 262 267 | ,Score: 0

D403m6.txt,0, | 164 169 | 147 262 | ,Score: 0

D407m5.txt,0, | 178 266 | 331 336 | ,Score: 0

D408m8.txt,0, | 262 266 | 177 267 | ,Score: 0

D409m5.txt,0, | 178 267 | 401 419 | ,Score: 0

D410mR.txt,0, | 193 242 | 165 194 | ,Score: 0

D413m2.txt,0, | 194 245 | 163 250 | ,Score: 0

D414m2.txt,0, | 268 274 | 262 267 | ,Score: 0

D421m7.txt,0, | 123 208 | 196 237 | ,Score: 0

D428m7.txt,0, | 177 262 | 327 400 | ,Score: 0

D430mR.txt,0, | 438 440 | ,Score: 0

D431m9.txt,0, | ,Score: 0

D438m9.txt,0, | 147 179 | 147 178 | ,Score: 0

D450m5.txt,0, | 123 127 | 232 235 | ,Score: 0

D453m0.txt,0, | 265 271 | 180 184 | ,Score: 0

D459m2.txt,0, | 242 248 | 165 194 | ,Score: 0

D462m1.txt,0, | 146 265 | 329 336 | ,Score: 0

D464m0.txt,0, | 122 141 | 147 262 | ,Score: 0

