M = 178 267 
122 141 | 299 303 | 229 259 | 146 265 | 147 268 | 146 178 | 147 265 | 147 180 | 119 123 | 259 262 | 146 264 | 299 301 | 303 309 | 119 121 | 181 262 | 119 120 | 178 180 | 178 266 | 266 268 | 146 268 | 146 268 | 146 266 | 119 123 | 146 178 | 146 268 | 232 261 | 146 178 | 122 208 | 146 268 | 268 274 | 305 311 | 146 178 | 178 265 | 146 178 | 178 264 | 146 266 | 146 268 | 120 124 | 146 266 | 142 146 | 266 268 | 146 265 | 261 265 | 259 262 | 146 265 | 146 265 | 182 261 | 143 146 | 146 264 | 266 268 | 143 146 | 119 120 | 146 178 | 147 178 | 303 305 | 271 272 | 142 146 | 305 308 | 144 146 | 180 262 | 

M = 400 403 
388 412 | 290 293 | 438 440 | 339 341 | 377 379 | 324 326 | 344 345 | 377 379 | 357 358 | 401 428 | 438 440 | 330 336 | 438 440 | 438 439 | 362 366 | 336 408 | 296 297 | 410 411 | 451 454 | 283 284 | 339 403 | 400 419 | 312 319 | 341 377 | 400 401 | 341 376 | 400 419 | 410 411 | 318 322 | 377 379 | 341 377 | 336 408 | 400 401 | 438 440 | 336 339 | 

M = 196 249 
205 206 | 122 123 | 203 206 | 165 248 | 242 245 | 164 165 | 193 242 | 136 141 | 242 243 | 164 165 | 164 167 | 136 141 | 248 251 | 242 245 | 164 165 | 134 136 | 126 206 | 242 244 | 134 136 | 242 245 | 163 164 | 159 251 | 165 248 | 245 248 | 164 165 | 136 141 | 165 168 | 139 217 | 196 237 | 241 248 | 201 206 | 123 127 | 136 141 | 246 248 | 164 165 | 194 242 | 242 243 | 123 136 | 127 134 | 157 251 | 157 165 | 242 245 | 158 251 | 123 127 | 204 237 | 242 244 | 193 242 | 193 219 | 130 194 | 194 242 | 164 165 | 126 208 | 235 251 | 159 161 | 242 243 | 164 165 | 123 126 | 123 127 | 164 165 | 245 248 | 130 193 | 242 244 | 164 165 | 249 251 | 242 245 | 158 159 | 249 251 | 127 130 | 158 251 | 162 164 | 123 127 | 158 251 | 158 251 | 250 251 | 242 245 | 194 242 | 134 136 | 123 136 | 

FREQUENCIES
146: 25
242: 17
165: 13
178: 12
164: 12
251: 11
123: 10
268: 10
136: 9
245: 8
266: 7
265: 7
248: 7
127: 6
400: 5
119: 5
141: 5
377: 5
438: 5
158: 5
134: 4
341: 4
262: 4
194: 4
193: 4
440: 4
336: 4
147: 4
206: 4
126: 3
130: 3
401: 3
120: 3
122: 3
264: 3
379: 3
303: 3
305: 3
244: 3
243: 3
249: 3
339: 3
259: 3
180: 3
159: 3
261: 3
403: 2
408: 2
410: 2
411: 2
299: 2
196: 2
142: 2
143: 2
419: 2
157: 2
237: 2
208: 2
217: 1
219: 1
139: 1
344: 1
345: 1
283: 1
284: 1
267: 1
412: 1
296: 1
297: 1
293: 1
290: 1
376: 1
201: 1
319: 1
318: 1
311: 1
144: 1
271: 1
272: 1
274: 1
428: 1
366: 1
362: 1
308: 1
309: 1
301: 1
246: 1
241: 1
388: 1
439: 1
451: 1
454: 1
330: 1
250: 1
182: 1
181: 1
312: 1
168: 1
229: 1
167: 1
161: 1
162: 1
163: 1
235: 1
232: 1
322: 1
326: 1
324: 1
203: 1
205: 1
204: 1
121: 1
357: 1
124: 1
358: 1
