D102m2.txt,0, | 206 237 | 123 139 | 267 274 | ,Score: 0

D106m3.txt,0, | 388 412 | 290 297 | 436 438 | ,Score: 0

D107m0.txt,0, | 123 127 | 201 251 | 265 271 | ,Score: 0

D110m2.txt,0, | 242 248 | 242 245 | 165 191 | ,Score: 0

D202m2.txt,0, | 377 380 | 331 401 | 402 419 | ,Score: 0

D203m5.txt,0, | 344 347 | 193 242 | 142 146 | ,Score: 0

D204m0.txt,0, | ,Score: 0

D206mR.txt,0, | ,Score: 0

D210m8.txt,0, | 178 266 | 144 147 | 164 249 | ,Score: 0

D214m3.txt,0, | 194 243 | 165 194 | 167 190 | ,Score: 0

D215m7.txt,0, | 145 178 | 123 126 | 206 208 | ,Score: 0

D216m1.txt,0, | 163 249 | 357 359 | 164 168 | ,Score: 0

D217m3.txt,0, | 147 266 | 282 288 | 147 178 | ,Score: 0

D218m7.txt,0, | 124 127 | 147 262 | 130 135 | ,Score: 0

D221m4.txt,0, | 126 130 | 242 248 | 140 219 | ,Score: 0

D222m6.txt,0, | 275 301 | 299 306 | 268 274 | ,Score: 0

D228m5.txt,0, | 165 194 | 163 250 | 157 159 | ,Score: 0

D229m1.txt,0, | 191 242 | 245 248 | 157 165 | ,Score: 0

D231m7.txt,0, | 119 121 | 147 262 | 119 120 | ,Score: 0

D239m5.txt,0, | 179 261 | 119 121 | 178 266 | ,Score: 0

D301m9.txt,0, | 438 440 | ,Score: 0

D302m1.txt,0, | ,Score: 0

D304m4.txt,0, | 126 197 | 336 339 | 262 267 | ,Score: 0

D305m1.txt,0, | 438 440 | 438 439 | 362 366 | ,Score: 0

D306m2.txt,0, | 123 134 | 262 267 | 201 228 | ,Score: 0

D307m2.txt,0, | ,Score: 0

D308m5.txt,0, | 126 196 | 299 303 | 158 237 | ,Score: 0

D310m9.txt,0, | 178 267 | 123 127 | 123 139 | ,Score: 0

D311m8.txt,0, | 146 271 | 281 296 | 274 303 | ,Score: 0

D312m9.txt,0, | 162 165 | 194 243 | 242 244 | ,Score: 0

D313m5.txt,0, | 411 415 | 370 451 | 142 146 | ,Score: 0

D314m8.txt,0, | 120 123 | 146 178 | 258 261 | ,Score: 0

D315m6.txt,0, | 178 267 | 203 232 | 127 197 | ,Score: 0

D317m4.txt,0, | 331 401 | 146 178 | 122 208 | ,Score: 0

D318m3.txt,0, | ,Score: 0

D319m6.txt,0, | 283 286 | 134 140 | 147 179 | ,Score: 0

D320m3.txt,0, | 157 250 | 157 164 | 242 244 | ,Score: 0

D321m1.txt,0, | 157 237 | 313 319 | 201 233 | ,Score: 0

D322m0.txt,0, | 341 377 | 274 301 | 239 251 | ,Score: 0

D323m1.txt,0, | 242 248 | 165 194 | 194 219 | ,Score: 0

D324m6.txt,0, | 193 219 | 194 243 | 165 249 | ,Score: 0

D325m0.txt,0, | 299 303 | 196 244 | 123 126 | ,Score: 0

D326m0.txt,0, | 267 272 | 228 262 | 120 124 | ,Score: 0

D327m7.txt,0, | 178 267 | 337 341 | 178 264 | ,Score: 0

D328m3.txt,0, | 337 408 | 408 412 | 262 267 | ,Score: 0

D330m1.txt,0, | 178 267 | 201 251 | 141 144 | ,Score: 0

D331m0.txt,0, | 159 161 | 193 242 | 161 164 | ,Score: 0

D332m4.txt,0, | 296 301 | 122 137 | 178 261 | ,Score: 0

D333m4.txt,0, | 136 141 | 124 135 | 262 267 | ,Score: 0

D403m6.txt,0, | 341 406 | 147 262 | 165 191 | ,Score: 0

D407m5.txt,0, | 146 265 | 181 262 | 331 336 | ,Score: 0

D408m8.txt,0, | 178 267 | 242 248 | 147 178 | ,Score: 0

D409m5.txt,0, | 147 266 | 401 419 | 147 178 | ,Score: 0

D410mR.txt,0, | 193 219 | 193 242 | 165 194 | ,Score: 0

D413m2.txt,0, | 158 250 | 165 248 | 158 159 | ,Score: 0

D414m2.txt,0, | 146 268 | 268 274 | 262 267 | ,Score: 0

D421m7.txt,0, | 196 245 | 201 251 | 120 124 | ,Score: 0

D428m7.txt,0, | 177 262 | 327 400 | 143 145 | ,Score: 0

D430mR.txt,0, | 438 440 | ,Score: 0

D431m9.txt,0, | ,Score: 0

D438m9.txt,0, | 178 182 | 146 178 | 147 178 | ,Score: 0

D450m5.txt,0, | 123 127 | 201 251 | 299 305 | ,Score: 0

D453m0.txt,0, | 265 271 | 180 184 | 142 146 | ,Score: 0

D459m2.txt,0, | 165 248 | 194 245 | 194 242 | ,Score: 0

D462m1.txt,0, | 146 265 | 319 326 | 335 403 | ,Score: 0

D464m0.txt,0, | 122 141 | 144 147 | 228 262 | ,Score: 0

