D102m2.txt,24, | 205 206 | 122 141 | 299 303 | ,Score: 33.9395

D106m3.txt,5, | 388 412 | 290 293 | 438 440 | ,Score: 20.2544

D107m0.txt,21, | 122 123 | 203 206 | 339 341 | ,Score: 35.9459

D110m2.txt,8, | 165 248 | 242 245 | 164 165 | ,Score: 20.4584

D202m2.txt,13, | 377 379 | 324 326 | 229 259 | ,Score: 22.0901

D203m5.txt,20, | 344 345 | 193 242 | 146 265 | ,Score: 15.6093

D204m0.txt,0, | ,Score: 0

D206mR.txt,0, | ,Score: 0

D210m8.txt,15, | 147 268 | 136 141 | 377 379 | ,Score: 19.0854

D214m3.txt,7, | 242 243 | 164 165 | 164 167 | ,Score: 29.9614

D215m7.txt,22, | 146 178 | 136 141 | 248 251 | ,Score: 26.8669

D216m1.txt,5, | 242 245 | 357 358 | 164 165 | ,Score: 19.0965

D217m3.txt,14, | 147 265 | 401 428 | 147 180 | ,Score: 23.2343

D218m7.txt,18, | 119 123 | 259 262 | 134 136 | ,Score: 23.5112

D221m4.txt,21, | 126 206 | 242 244 | 146 264 | ,Score: 26.2005

D222m6.txt,15, | 299 301 | 303 309 | 134 136 | ,Score: 21.2264

D228m5.txt,12, | 242 245 | 163 164 | 159 251 | ,Score: 21.0395

D229m1.txt,9, | 165 248 | 245 248 | 164 165 | ,Score: 42.5796

D231m7.txt,9, | 119 121 | 181 262 | 119 120 | ,Score: 18.1891

D239m5.txt,14, | 178 180 | 136 141 | 178 266 | ,Score: 49.7462

D301m9.txt,3, | 438 440 | ,Score: 5.7669

D302m1.txt,0, | ,Score: 0

D304m4.txt,19, | 165 168 | 330 336 | 178 267 | ,Score: 11.1083

D305m1.txt,5, | 438 440 | 438 439 | 362 366 | ,Score: 19.5492

D306m2.txt,24, | 139 217 | 266 268 | 196 237 | ,Score: 19.9345

D307m2.txt,0, | ,Score: 0

D308m5.txt,24, | 241 248 | 146 268 | 201 206 | ,Score: 40.1933

D310m9.txt,17, | 336 408 | 123 127 | 136 141 | ,Score: 28.9665

D311m8.txt,15, | 146 268 | 296 297 | 246 248 | ,Score: 32.6516

D312m9.txt,11, | 164 165 | 194 242 | 242 243 | ,Score: 35.4278

D313m5.txt,18, | 410 411 | 451 454 | 146 266 | ,Score: 17.3811

D314m8.txt,13, | 119 123 | 146 178 | 283 284 | ,Score: 14.2534

D315m6.txt,13, | 146 268 | 232 261 | 123 136 | ,Score: 21.1425

D317m4.txt,15, | 339 403 | 146 178 | 122 208 | ,Score: 19.3798

D318m3.txt,0, | ,Score: 0

D319m6.txt,16, | 400 419 | 127 134 | 146 268 | ,Score: 18.2208

D320m3.txt,11, | 157 251 | 157 165 | 242 245 | ,Score: 33.5532

D321m1.txt,23, | 158 251 | 312 319 | 123 127 | ,Score: 35.8027

D322m0.txt,18, | 341 377 | 268 274 | 204 237 | ,Score: 20.6496

D323m1.txt,7, | 242 244 | 193 242 | 193 219 | ,Score: 21.6707

D324m6.txt,7, | 130 194 | 194 242 | 164 165 | ,Score: 22.5872

D325m0.txt,18, | 305 311 | 196 249 | 146 178 | ,Score: 16.6101

D326m0.txt,17, | 400 401 | 178 265 | 126 208 | ,Score: 21.2732

D327m7.txt,15, | 146 178 | 341 376 | 178 264 | ,Score: 18.942

D328m3.txt,13, | 400 419 | 410 411 | 146 266 | ,Score: 21.2665

D330m1.txt,15, | 146 268 | 235 251 | 120 124 | ,Score: 28.3116

D331m0.txt,8, | 159 161 | 242 243 | 164 165 | ,Score: 24.2737

D332m4.txt,18, | 318 322 | 123 126 | 146 266 | ,Score: 19.1767

D333m4.txt,15, | 142 146 | 123 127 | 377 379 | ,Score: 27.744

D403m6.txt,14, | 341 377 | 266 268 | 164 165 | ,Score: 20.0401

D407m5.txt,11, | 146 265 | 261 265 | 336 408 | ,Score: 21.6212

D408m8.txt,15, | 259 262 | 245 248 | 146 265 | ,Score: 25.5944

D409m5.txt,15, | 146 265 | 400 403 | 182 261 | ,Score: 23.2741

D410mR.txt,8, | 130 193 | 242 244 | 164 165 | ,Score: 26.6368

D413m2.txt,10, | 249 251 | 242 245 | 158 159 | ,Score: 28.2877

D414m2.txt,14, | 143 146 | 249 251 | 146 264 | ,Score: 22.3998

D421m7.txt,21, | 127 130 | 158 251 | 266 268 | ,Score: 32.4941

D428m7.txt,15, | 162 164 | 400 401 | 143 146 | ,Score: 24.3827

D430mR.txt,3, | 438 440 | ,Score: 6.5092

D431m9.txt,0, | ,Score: 0

D438m9.txt,7, | 119 120 | 146 178 | 147 178 | ,Score: 24.445

D450m5.txt,21, | 123 127 | 158 251 | 303 305 | ,Score: 31.5019

D453m0.txt,13, | 271 272 | 158 251 | 142 146 | ,Score: 19.293

D459m2.txt,8, | 250 251 | 242 245 | 194 242 | ,Score: 17.1703

D462m1.txt,14, | 134 136 | 305 308 | 336 339 | ,Score: 16.7971

D464m0.txt,13, | 123 136 | 144 146 | 180 262 | ,Score: 23.293

