120 121 124 
120 121 122 
120 121 123 
120 121 211 
121 122 124 
121 123 124 
121 124 211 
121 124 138 
121 122 123 
121 122 211 
121 122 138 
121 123 211 
121 123 138 
121 138 211 
120 124 208 
120 122 208 
120 123 208 
120 208 211 
122 124 208 
124 207 208 
124 208 226 
123 124 208 
124 127 208 
124 199 208 
124 208 211 
124 208 224 
122 123 208 
122 208 211 
122 208 224 
207 208 226 
199 207 208 
201 207 208 
202 207 208 
207 208 224 
201 208 226 
202 208 226 
208 224 226 
123 127 208 
123 208 211 
123 208 224 
127 199 208 
127 208 211 
199 201 208 
199 202 208 
199 208 211 
199 208 224 
201 202 208 
208 211 224 
120 122 124 
120 123 124 
120 124 211 
120 122 123 
120 122 211 
120 123 211 
122 123 124 
122 124 135 
122 124 211 
122 124 138 
122 124 224 
124 207 226 
124 199 207 
124 207 224 
124 224 226 
123 124 127 
123 124 135 
123 124 211 
123 124 138 
123 124 224 
124 127 135 
124 127 199 
124 127 211 
124 135 211 
124 135 138 
124 199 211 
124 199 224 
124 138 211 
124 211 224 
179 182 226 
178 179 226 
179 182 261 
178 179 182 
178 179 261 
203 207 235 
199 207 235 
201 207 235 
202 207 235 
231 233 235 
203 233 235 
201 233 235 
202 233 235 
203 231 235 
201 231 235 
202 231 235 
201 203 235 
202 203 235 
235 250 251 
158 235 250 
199 235 250 
235 249 250 
157 235 250 
158 235 251 
199 235 251 
235 249 251 
201 235 251 
157 235 251 
158 235 249 
157 158 235 
199 235 249 
199 201 235 
199 202 235 
157 235 249 
201 202 235 
122 123 135 
122 123 211 
122 123 138 
122 123 224 
122 135 141 
122 135 211 
122 135 138 
122 141 211 
122 138 141 
122 138 211 
122 211 224 
201 207 226 
202 207 226 
207 224 226 
201 203 207 
202 203 207 
199 201 207 
199 202 207 
199 207 224 
201 202 207 
182 226 231 
178 182 226 
201 226 231 
202 226 231 
201 202 226 
182 230 231 
182 231 261 
182 230 261 
178 182 261 
203 231 233 
231 233 259 
230 231 233 
201 231 233 
202 231 233 
201 203 233 
202 203 233 
230 233 259 
202 230 233 
201 202 233 
201 203 231 
202 203 231 
230 231 259 
231 259 261 
230 231 261 
202 230 231 
201 202 231 
123 127 135 
123 127 211 
123 135 136 
123 136 211 
123 136 138 
123 135 211 
123 135 138 
123 138 211 
123 211 224 
201 202 203 
127 196 197 
127 196 199 
127 197 199 
127 135 211 
127 199 211 
248 250 251 
158 250 251 
199 250 251 
249 250 251 
157 250 251 
197 248 250 
248 249 250 
197 199 250 
197 249 250 
158 249 250 
157 158 250 
199 249 250 
157 249 250 
196 197 248 
196 248 249 
196 241 248 
196 197 199 
196 197 249 
196 197 241 
196 199 249 
196 241 249 
248 249 251 
158 249 251 
157 158 251 
199 249 251 
199 201 251 
157 249 251 
197 248 249 
197 241 248 
241 248 249 
135 136 141 
135 136 211 
135 136 138 
136 141 211 
136 138 141 
136 138 211 
230 259 261 
197 199 249 
197 241 249 
178 264 266 
157 158 249 
135 141 211 
135 138 141 
135 138 211 
199 201 202 
199 211 224 
178 261 264 
138 141 211 
