435 438 440 
391 438 440 
433 438 440 
435 440 443 
391 440 443 
392 440 443 
433 440 443 
391 435 440 
392 435 440 
433 435 440 
391 392 440 
391 433 440 
392 433 440 
400 401 419 
400 401 418 
400 401 430 
395 400 401 
400 401 431 
401 418 419 
401 416 419 
395 401 418 
401 416 418 
395 401 430 
401 430 431 
395 401 416 
395 401 431 
362 443 444 
355 362 443 
362 363 443 
362 433 443 
362 443 446 
362 431 443 
361 362 444 
355 362 444 
362 363 444 
362 433 444 
352 362 444 
362 444 446 
362 431 444 
362 364 366 
361 362 364 
351 362 364 
362 364 367 
362 363 364 
352 362 364 
362 364 446 
362 364 431 
361 362 366 
351 362 366 
362 366 367 
362 363 366 
362 366 433 
352 362 366 
362 366 431 
355 361 362 
351 361 362 
361 362 367 
361 362 363 
352 361 362 
361 362 446 
361 362 431 
355 362 363 
352 355 362 
355 362 446 
355 362 431 
351 362 367 
351 362 363 
351 352 362 
351 362 446 
362 363 367 
352 362 367 
362 363 433 
352 362 363 
362 363 446 
362 363 431 
362 431 433 
352 362 446 
352 362 431 
362 431 446 
391 435 438 
433 435 438 
391 433 438 
355 443 444 
392 443 444 
430 443 444 
363 443 444 
395 443 444 
433 443 444 
443 444 446 
431 443 444 
391 435 443 
392 435 443 
433 435 443 
355 430 443 
355 363 443 
355 443 446 
355 431 443 
391 392 443 
363 391 443 
391 395 443 
391 433 443 
391 431 443 
392 430 443 
363 392 443 
392 395 443 
392 433 443 
392 431 443 
363 430 443 
395 430 443 
430 433 443 
430 443 446 
430 431 443 
363 395 443 
363 433 443 
363 443 446 
363 431 443 
395 433 443 
395 443 446 
395 431 443 
431 433 443 
431 443 446 
366 388 412 
388 412 414 
388 391 412 
388 392 412 
388 412 415 
366 412 414 
366 391 412 
366 392 412 
366 412 415 
391 412 414 
392 412 414 
412 414 415 
391 392 412 
356 361 444 
355 361 444 
361 430 444 
361 363 444 
352 361 444 
361 444 446 
361 431 444 
355 356 444 
352 356 444 
356 444 446 
355 430 444 
355 363 444 
352 355 444 
355 444 446 
355 431 444 
392 430 444 
363 392 444 
392 395 444 
392 433 444 
392 431 444 
363 430 444 
395 430 444 
430 433 444 
352 430 444 
430 444 446 
430 431 444 
363 395 444 
363 433 444 
352 363 444 
363 444 446 
363 431 444 
395 433 444 
395 444 446 
395 431 444 
431 433 444 
352 444 446 
352 431 444 
431 444 446 
400 418 419 
395 400 418 
395 400 430 
400 430 431 
395 400 431 
388 391 435 
388 392 435 
388 433 435 
391 392 435 
391 433 435 
392 433 435 
351 364 370 
364 367 370 
352 364 370 
350 364 370 
364 370 371 
364 366 369 
351 364 369 
364 367 369 
352 364 369 
350 364 369 
364 369 371 
361 364 366 
351 364 366 
364 366 367 
363 364 366 
352 364 366 
364 366 371 
364 366 431 
351 361 364 
361 364 367 
361 363 364 
352 361 364 
361 364 446 
361 364 431 
351 364 367 
351 363 364 
351 352 364 
351 364 446 
350 351 364 
351 364 371 
363 364 367 
352 364 367 
350 364 367 
364 367 371 
352 363 364 
363 364 446 
363 364 431 
352 364 446 
350 352 364 
352 364 371 
352 364 431 
364 431 446 
350 364 371 
345 347 370 
347 370 372 
347 351 370 
347 348 370 
346 347 370 
347 350 370 
347 370 371 
345 370 372 
345 348 370 
345 346 370 
345 370 371 
351 370 372 
367 370 372 
348 370 372 
346 370 372 
350 370 372 
370 371 372 
351 367 370 
348 351 370 
351 352 370 
350 351 370 
351 370 371 
352 367 370 
350 367 370 
367 370 371 
346 348 370 
348 350 370 
348 370 371 
346 350 370 
346 370 371 
350 352 370 
352 370 371 
350 370 371 
347 369 372 
347 351 369 
347 348 369 
346 347 369 
347 350 369 
347 369 371 
345 347 372 
345 347 348 
345 346 347 
344 345 347 
345 347 371 
347 351 372 
347 348 372 
346 347 372 
344 347 372 
347 350 372 
347 371 372 
347 348 351 
347 350 351 
347 351 371 
346 347 348 
347 348 350 
347 348 371 
344 346 347 
346 347 350 
346 347 371 
347 350 371 
418 419 421 
372 418 419 
372 375 419 
372 416 419 
376 418 419 
375 376 419 
375 418 419 
416 418 419 
351 366 369 
366 367 369 
352 366 369 
366 369 371 
351 369 372 
367 369 372 
348 369 372 
346 369 372 
350 369 372 
369 371 372 
351 367 369 
348 351 369 
351 352 369 
350 351 369 
351 369 371 
352 367 369 
350 367 369 
367 369 371 
346 348 369 
348 350 369 
348 369 371 
346 350 369 
346 369 371 
350 352 369 
352 369 371 
350 369 371 
366 388 414 
366 388 391 
366 388 392 
366 367 388 
363 366 388 
366 388 433 
366 388 415 
388 391 414 
388 392 414 
367 388 414 
388 414 415 
388 391 392 
363 388 391 
388 391 433 
367 388 392 
363 388 392 
388 392 433 
363 367 388 
367 388 415 
363 388 433 
351 361 366 
361 366 367 
361 363 366 
352 361 366 
361 366 431 
366 391 414 
366 392 414 
366 367 414 
366 414 415 
366 391 392 
363 366 391 
366 391 433 
366 391 431 
351 366 367 
351 363 366 
351 352 366 
351 366 371 
366 367 392 
363 366 392 
366 392 433 
366 392 431 
363 366 367 
352 366 367 
366 367 415 
366 367 371 
363 366 433 
352 363 366 
363 366 431 
366 431 433 
352 366 371 
352 366 431 
366 371 415 
343 376 377 
343 375 377 
343 344 377 
375 376 377 
344 376 377 
344 375 377 
355 356 361 
352 356 361 
356 361 446 
355 361 430 
355 361 363 
352 355 361 
355 361 446 
355 361 431 
351 361 367 
351 361 363 
351 352 361 
351 361 446 
361 363 367 
352 361 367 
361 363 430 
352 361 430 
361 430 446 
361 430 431 
352 361 363 
361 363 446 
361 363 431 
352 361 446 
352 361 431 
361 431 446 
352 355 356 
355 356 446 
352 356 446 
355 363 430 
352 355 430 
355 430 446 
355 430 431 
352 355 363 
355 363 446 
355 363 431 
352 355 426 
355 426 446 
352 355 446 
352 355 431 
355 431 446 
405 414 416 
405 414 415 
391 392 414 
391 395 414 
367 392 414 
392 395 414 
367 414 416 
367 414 415 
395 414 416 
414 415 416 
421 423 426 
376 405 418 
405 416 418 
405 415 418 
405 415 416 
363 391 392 
391 392 395 
391 392 433 
391 392 431 
363 391 395 
363 391 433 
363 391 431 
391 395 433 
391 395 431 
391 431 433 
343 345 372 
343 345 376 
343 345 346 
343 345 375 
343 344 345 
345 348 372 
345 346 372 
345 372 375 
344 345 372 
345 371 372 
345 375 376 
344 345 376 
345 346 348 
345 348 371 
345 346 375 
344 345 346 
345 346 371 
344 345 375 
343 346 372 
343 372 375 
343 344 372 
343 375 376 
343 344 376 
343 346 375 
343 344 346 
343 344 375 
351 367 372 
348 351 372 
350 351 372 
351 371 372 
372 375 418 
372 416 418 
372 415 418 
371 372 418 
367 372 416 
367 372 415 
350 367 372 
367 371 372 
346 348 372 
348 350 372 
348 371 372 
346 372 375 
344 346 372 
346 350 372 
346 371 372 
344 372 375 
372 415 416 
371 372 416 
371 372 415 
350 371 372 
375 376 418 
344 375 376 
351 363 367 
351 352 367 
350 351 367 
351 367 371 
351 352 363 
351 363 446 
348 350 351 
348 351 371 
351 352 426 
351 426 446 
350 351 426 
351 352 446 
350 351 352 
351 352 371 
350 351 371 
363 367 392 
363 392 430 
392 395 430 
392 430 433 
392 430 431 
363 392 395 
363 392 433 
363 392 431 
392 395 433 
392 395 431 
392 431 433 
395 416 418 
415 416 418 
371 416 418 
371 415 418 
352 363 367 
367 415 416 
367 371 416 
350 352 367 
352 367 371 
367 371 415 
350 367 371 
363 395 430 
363 430 433 
352 363 430 
363 430 446 
363 430 431 
395 430 433 
395 430 446 
395 430 431 
430 431 433 
352 430 446 
352 430 431 
430 431 446 
363 395 433 
363 395 446 
363 395 431 
363 431 433 
352 363 446 
352 363 431 
363 431 446 
395 431 433 
395 431 446 
346 348 350 
346 348 371 
348 350 371 
344 346 375 
346 350 371 
352 426 446 
350 352 426 
371 415 416 
352 431 446 
350 352 371 
