438 439 440 
434 439 440 
391 439 440 
435 439 440 
434 438 439 
391 438 439 
435 438 439 
391 434 439 
434 435 439 
391 435 439 
400 401 419 
400 401 430 
434 438 440 
391 438 440 
435 438 440 
393 432 440 
432 434 440 
391 432 440 
432 435 440 
393 434 440 
391 393 440 
393 435 440 
391 434 440 
434 435 440 
391 435 440 
432 444 445 
430 432 445 
430 444 445 
444 445 447 
430 445 447 
375 378 419 
342 375 378 
391 434 438 
434 435 438 
391 435 438 
393 432 444 
393 401 432 
393 432 434 
393 430 432 
391 393 432 
393 432 435 
432 434 444 
430 432 444 
401 430 432 
391 432 434 
432 434 435 
391 432 435 
393 434 444 
393 430 444 
393 401 430 
391 393 434 
393 434 435 
388 393 434 
391 393 435 
388 391 393 
388 393 435 
430 444 447 
342 345 375 
391 434 435 
388 391 434 
388 434 435 
419 421 424 
421 423 424 
421 423 426 
421 424 426 
388 391 435 
351 426 452 
423 424 426 
358 426 447 
351 426 447 
351 358 426 
351 358 447 
