M = 169 240 
132 194 | 164 249 | 127 208 | 124 138 | 241 249 | 190 194 | 171 219 | 196 237 | 165 194 | 126 130 | 177 226 | 167 172 | 193 197 | 196 244 | 167 190 | 197 249 | 237 240 | 164 249 | 165 194 | 190 194 | 165 190 | 169 194 | 128 194 | 164 249 | 127 208 | 130 134 | 241 249 | 196 249 | 241 249 | 165 239 | 164 169 | 130 135 | 165 194 | 201 251 | 122 132 | 156 237 | 237 240 | 127 196 | 235 249 | 163 168 | 123 127 | 164 249 | 165 194 | 190 194 | 196 237 | 157 165 | 124 128 | 165 194 | 122 132 | 169 171 | 164 249 | 167 190 | 126 196 | 235 249 | 165 190 | 157 165 | 127 208 | 167 190 | 165 194 | 193 240 | 165 190 | 157 237 | 123 134 | 196 249 | 165 190 | 165 190 | 122 141 | 157 165 | 

M = 271 277 
171 175 | 293 299 | 329 336 | 280 286 | 325 401 | 345 370 | 283 288 | 147 268 | 368 388 | 147 178 | 286 293 | 142 146 | 282 288 | 147 262 | 274 302 | 436 441 | 337 409 | 143 147 | 178 261 | 179 261 | 324 401 | 178 261 | 232 261 | 275 281 | 388 435 | 146 178 | 143 146 | 147 270 | 178 267 | 279 303 | 412 415 | 142 146 | 281 290 | 146 178 | 146 177 | 293 321 | 178 266 | 313 319 | 278 284 | 267 272 | 345 347 | 178 267 | 178 267 | 337 408 | 142 146 | 296 301 | 142 146 | 146 178 | 335 403 | 178 267 | 172 277 | 178 267 | 338 341 | 281 297 | 267 274 | 327 401 | 178 266 | 177 267 | 434 444 | 146 271 | 354 428 | 325 333 | 

FREQUENCIES
165: 15
249: 13
178: 13
194: 12
190: 11
146: 10
267: 8
196: 7
164: 6
237: 6
127: 5
147: 5
261: 4
240: 4
169: 4
167: 4
157: 4
142: 4
132: 3
130: 3
401: 3
281: 3
293: 3
241: 3
177: 3
171: 3
208: 3
122: 3
134: 2
288: 2
286: 2
123: 2
124: 2
266: 2
126: 2
128: 2
197: 2
193: 2
271: 2
274: 2
277: 2
388: 2
337: 2
172: 2
345: 2
235: 2
325: 2
143: 2
219: 1
135: 1
138: 1
347: 1
403: 1
341: 1
280: 1
283: 1
282: 1
284: 1
409: 1
262: 1
268: 1
415: 1
412: 1
299: 1
296: 1
370: 1
290: 1
201: 1
319: 1
313: 1
270: 1
272: 1
275: 1
278: 1
279: 1
428: 1
368: 1
302: 1
301: 1
441: 1
303: 1
444: 1
244: 1
297: 1
436: 1
434: 1
435: 1
338: 1
335: 1
336: 1
333: 1
179: 1
175: 1
251: 1
168: 1
226: 1
163: 1
408: 1
156: 1
239: 1
232: 1
321: 1
327: 1
324: 1
329: 1
141: 1
354: 1
