M = 165 239 
206 237 | 132 194 | 197 250 | 124 138 | 241 249 | 190 194 | 196 237 | 133 194 | 126 130 | 124 135 | 165 194 | 165 248 | 130 190 | 193 242 | 197 249 | 157 237 | 190 194 | 167 190 | 130 190 | 165 194 | 197 249 | 123 139 | 165 194 | 241 249 | 196 249 | 130 190 | 193 242 | 157 237 | 156 237 | 165 249 | 123 127 | 193 242 | 161 251 | 196 249 | 164 249 | 165 194 | 190 194 | 196 237 | 128 237 | 167 190 | 132 194 | 165 190 | 167 190 | 167 190 | 165 190 | 126 196 | 124 132 | 164 249 | 165 190 | 196 237 | 167 190 | 125 196 | 164 249 | 196 237 | 165 194 | 165 190 | 165 190 | 122 141 | 157 165 | 

M = 273 279 
274 301 | 329 336 | 296 318 | 280 286 | 325 401 | 345 370 | 267 274 | 283 288 | 147 268 | 368 388 | 147 178 | 146 178 | 286 293 | 142 146 | 178 266 | 281 291 | 293 299 | 337 409 | 143 147 | 178 229 | 391 438 | 281 296 | 178 261 | 324 401 | 326 334 | 273 278 | 336 339 | 388 435 | 146 178 | 262 267 | 147 270 | 299 303 | 272 278 | 279 303 | 412 415 | 142 146 | 290 443 | 150 178 | 290 297 | 146 177 | 293 321 | 340 403 | 142 146 | 313 319 | 278 284 | 337 408 | 293 299 | 178 267 | 337 341 | 337 408 | 142 146 | 178 266 | 146 178 | 262 267 | 341 406 | 178 266 | 178 267 | 147 269 | 338 341 | 262 267 | 293 299 | 327 401 | 178 266 | 379 419 | 178 267 | 147 179 | 299 305 | 146 270 | 354 428 | 325 333 | 

FREQUENCIES
190: 16
165: 15
178: 14
194: 11
249: 10
237: 9
146: 9
196: 8
267: 7
147: 6
299: 5
293: 5
167: 5
130: 4
266: 4
337: 4
142: 4
132: 3
341: 3
401: 3
262: 3
197: 3
193: 3
278: 3
242: 3
164: 3
157: 3
124: 3
281: 2
408: 2
123: 2
126: 2
296: 2
290: 2
270: 2
273: 2
274: 2
279: 2
303: 2
241: 2
388: 2
336: 2
286: 2
239: 2
325: 2
133: 1
135: 1
139: 1
138: 1
288: 1
403: 1
280: 1
283: 1
284: 1
409: 1
261: 1
127: 1
128: 1
269: 1
268: 1
379: 1
415: 1
412: 1
370: 1
291: 1
319: 1
318: 1
313: 1
391: 1
141: 1
428: 1
368: 1
443: 1
301: 1
305: 1
406: 1
248: 1
419: 1
438: 1
435: 1
339: 1
338: 1
334: 1
333: 1
179: 1
177: 1
250: 1
251: 1
345: 1
297: 1
340: 1
229: 1
161: 1
272: 1
150: 1
156: 1
321: 1
326: 1
327: 1
324: 1
329: 1
143: 1
206: 1
122: 1
354: 1
125: 1
