M = 197 241 
206 208 | 201 208 | 126 196 | 168 191 | 158 249 | 181 229 | 190 219 | 133 194 | 194 243 | 194 242 | 123 208 | 157 164 | 193 242 | 127 208 | 193 197 | 194 243 | 157 164 | 196 245 | 157 249 | 127 196 | 168 191 | 193 242 | 157 249 | 126 206 | 123 139 | 191 242 | 167 171 | 157 250 | 194 243 | 130 190 | 123 127 | 193 218 | 242 245 | 157 164 | 201 251 | 243 246 | 194 245 | 164 167 | 242 248 | 242 243 | 194 243 | 126 196 | 120 124 | 134 140 | 242 248 | 194 219 | 123 134 | 123 127 | 164 249 | 164 249 | 158 251 | 245 248 | 194 245 | 193 218 | 190 217 | 194 243 | 193 242 | 157 167 | 122 141 | 

M = 275 282 
274 301 | 177 261 | 329 336 | 325 401 | 345 370 | 142 146 | 267 274 | 283 288 | 401 419 | 144 147 | 145 178 | 357 359 | 296 301 | 439 442 | 280 286 | 274 302 | 436 441 | 359 362 | 178 261 | 441 444 | 178 261 | 401 403 | 147 178 | 146 269 | 178 261 | 178 261 | 275 303 | 388 435 | 147 263 | 178 267 | 178 267 | 412 415 | 142 146 | 290 443 | 146 178 | 178 267 | 145 178 | 293 321 | 340 403 | 178 266 | 313 319 | 293 299 | 262 267 | 178 267 | 337 341 | 337 408 | 262 267 | 178 267 | 266 272 | 262 267 | 341 406 | 147 262 | 331 336 | 142 146 | 439 441 | 177 267 | 178 267 | 401 419 | 359 362 | 268 274 | 262 267 | 143 177 | 356 361 | 178 266 | 143 177 | 146 179 | 290 443 | 178 184 | 289 441 | 325 333 | 

FREQUENCIES
178: 17
267: 12
194: 10
242: 9
243: 7
157: 7
193: 6
164: 6
146: 6
262: 5
261: 5
123: 5
245: 5
249: 5
401: 4
127: 4
196: 4
274: 4
441: 4
177: 4
147: 4
208: 4
266: 3
126: 3
191: 3
190: 3
248: 3
167: 3
142: 3
359: 3
218: 2
219: 2
134: 2
341: 2
293: 2
290: 2
201: 2
197: 2
275: 2
362: 2
443: 2
301: 2
419: 2
439: 2
337: 2
336: 2
251: 2
403: 2
168: 2
158: 2
325: 2
145: 2
143: 2
206: 2
217: 1
133: 1
130: 1
139: 1
289: 1
288: 1
340: 1
280: 1
283: 1
282: 1
286: 1
120: 1
269: 1
268: 1
415: 1
412: 1
299: 1
296: 1
370: 1
319: 1
313: 1
272: 1
141: 1
442: 1
302: 1
361: 1
303: 1
444: 1
246: 1
241: 1
406: 1
388: 1
436: 1
435: 1
331: 1
333: 1
179: 1
250: 1
171: 1
345: 1
181: 1
184: 1
229: 1
408: 1
321: 1
329: 1
144: 1
140: 1
263: 1
122: 1
357: 1
356: 1
124: 1
