D102m2.txt,0, | 274 301 | 206 208 | ,Score: 0

D106m3.txt,0, | 177 261 | 329 336 | ,Score: 0

D107m0.txt,0, | 201 208 | 126 196 | ,Score: 0

D110m2.txt,0, | 168 191 | 158 249 | ,Score: 0

D202m2.txt,0, | 325 401 | 181 229 | ,Score: 0

D203m5.txt,0, | 345 370 | 142 146 | ,Score: 0

D204m0.txt,0, | 267 274 | 190 219 | ,Score: 0

D206mR.txt,0, | 133 194 | 283 288 | ,Score: 0

D210m8.txt,0, | 401 419 | 144 147 | ,Score: 0

D214m3.txt,0, | 194 243 | 194 242 | ,Score: 0

D215m7.txt,0, | 145 178 | 123 208 | ,Score: 0

D216m1.txt,0, | 357 359 | 157 164 | ,Score: 0

D217m3.txt,0, | 296 301 | 439 442 | ,Score: 0

D218m7.txt,0, | 193 242 | 127 208 | ,Score: 0

D221m4.txt,0, | 193 197 | 280 286 | ,Score: 0

D222m6.txt,0, | 274 302 | 436 441 | ,Score: 0

D228m5.txt,0, | 194 243 | 157 164 | ,Score: 0

D229m1.txt,0, | 196 245 | 157 249 | ,Score: 0

D231m7.txt,0, | 359 362 | 178 261 | ,Score: 0

D239m5.txt,0, | 441 444 | 178 261 | ,Score: 0

D301m9.txt,0, | 401 403 | 147 178 | ,Score: 0

D302m1.txt,0, | 146 269 | 178 261 | ,Score: 0

D304m4.txt,0, | 178 261 | 275 303 | ,Score: 0

D305m1.txt,0, | 388 435 | 147 263 | ,Score: 0

D306m2.txt,0, | 127 196 | 168 191 | ,Score: 0

D307m2.txt,0, | 178 267 | 193 242 | ,Score: 0

D308m5.txt,0, | 157 249 | 126 206 | ,Score: 0

D310m9.txt,0, | 178 267 | 123 139 | ,Score: 0

D311m8.txt,0, | 191 242 | 167 171 | ,Score: 0

D312m9.txt,0, | 157 250 | 194 243 | ,Score: 0

D313m5.txt,0, | 412 415 | 142 146 | ,Score: 0

D314m8.txt,0, | 290 443 | 146 178 | ,Score: 0

D315m6.txt,0, | 178 267 | 130 190 | ,Score: 0

D317m4.txt,0, | 145 178 | 293 321 | ,Score: 0

D318m3.txt,0, | 123 127 | 340 403 | ,Score: 0

D319m6.txt,0, | 178 266 | 193 218 | ,Score: 0

D320m3.txt,0, | 242 245 | 157 164 | ,Score: 0

D321m1.txt,0, | 201 251 | 313 319 | ,Score: 0

D322m0.txt,0, | 243 246 | 194 245 | ,Score: 0

D323m1.txt,0, | 164 167 | 242 248 | ,Score: 0

D324m6.txt,0, | 242 243 | 194 243 | ,Score: 0

D325m0.txt,0, | 126 196 | 293 299 | ,Score: 0

D326m0.txt,0, | 262 267 | 120 124 | ,Score: 0

D327m7.txt,0, | 178 267 | 337 341 | ,Score: 0

D328m3.txt,0, | 337 408 | 262 267 | ,Score: 0

D330m1.txt,0, | 178 267 | 134 140 | ,Score: 0

D331m0.txt,0, | 242 248 | 194 219 | ,Score: 0

D332m4.txt,0, | 123 134 | 266 272 | ,Score: 0

D333m4.txt,0, | 123 127 | 262 267 | ,Score: 0

D403m6.txt,0, | 341 406 | 147 262 | ,Score: 0

D407m5.txt,0, | 331 336 | 142 146 | ,Score: 0

D408m8.txt,0, | 439 441 | 177 267 | ,Score: 0

D409m5.txt,0, | 178 267 | 401 419 | ,Score: 0

D410mR.txt,0, | 164 249 | ,Score: 0

D413m2.txt,0, | 359 362 | 164 249 | ,Score: 0

D414m2.txt,0, | 268 274 | 262 267 | ,Score: 0

D421m7.txt,0, | 158 251 | 245 248 | ,Score: 0

D428m7.txt,0, | 143 177 | 356 361 | ,Score: 0

D430mR.txt,0, | 194 245 | 178 266 | ,Score: 0

D431m9.txt,0, | 143 177 | 275 282 | ,Score: 0

D438m9.txt,0, | 146 179 | 290 443 | ,Score: 0

D450m5.txt,0, | 197 241 | 193 218 | ,Score: 0

D453m0.txt,0, | 178 184 | 289 441 | ,Score: 0

D459m2.txt,0, | 190 217 | 194 243 | ,Score: 0

D462m1.txt,0, | 325 333 | 193 242 | ,Score: 0

D464m0.txt,0, | 157 167 | 122 141 | ,Score: 0

