M = 290 443 
329 336 | 296 318 | 403 419 | 325 401 | 345 370 | 288 324 | 357 359 | 288 313 | 280 286 | 436 441 | 359 362 | 441 444 | 401 403 | 388 435 | 400 419 | 412 415 | 293 321 | 340 403 | 286 293 | 313 319 | 293 299 | 284 288 | 337 341 | 337 408 | 296 301 | 341 406 | 439 441 | 401 419 | 356 361 | 289 441 | 325 333 | 

M = 167 171 
274 301 | 206 208 | 177 261 | 127 208 | 168 191 | 158 249 | 142 146 | 267 274 | 190 219 | 144 147 | 147 268 | 123 136 | 194 243 | 167 190 | 145 178 | 123 208 | 157 164 | 178 266 | 196 244 | 124 135 | 193 242 | 274 302 | 157 249 | 161 164 | 157 237 | 246 249 | 178 261 | 178 261 | 147 178 | 179 261 | 146 178 | 178 267 | 258 261 | 147 263 | 194 245 | 130 190 | 178 267 | 130 190 | 126 196 | 163 251 | 123 139 | 191 242 | 157 250 | 194 243 | 142 146 | 146 178 | 178 267 | 130 190 | 145 178 | 123 127 | 146 178 | 242 245 | 157 164 | 201 251 | 246 249 | 243 245 | 164 167 | 242 248 | 194 243 | 164 249 | 126 196 | 177 267 | 178 267 | 262 267 | 201 251 | 142 146 | 194 219 | 161 251 | 177 261 | 123 127 | 262 267 | 147 262 | 193 242 | 266 272 | 177 267 | 178 267 | 164 249 | 163 251 | 194 243 | 242 243 | 262 267 | 158 251 | 245 248 | 143 177 | 194 245 | 178 266 | 143 146 | 228 262 | 146 179 | 193 242 | 194 242 | 178 184 | 194 243 | 163 164 | 142 146 | 157 167 | 122 141 | 

FREQUENCIES
178: 16
267: 11
146: 9
194: 9
242: 8
243: 7
164: 7
261: 6
249: 6
251: 6
157: 6
262: 5
123: 5
190: 5
245: 5
177: 5
147: 5
441: 4
167: 4
142: 4
130: 3
288: 3
401: 3
266: 3
127: 3
293: 3
196: 3
193: 3
274: 3
419: 3
403: 3
163: 3
208: 3
219: 2
341: 2
286: 2
126: 2
296: 2
290: 2
313: 2
191: 2
443: 2
301: 2
246: 2
248: 2
337: 2
179: 2
161: 2
158: 2
325: 2
201: 2
145: 2
143: 2
359: 2
136: 1
135: 1
139: 1
289: 1
340: 1
400: 1
280: 1
284: 1
263: 1
124: 1
268: 1
415: 1
412: 1
299: 1
370: 1
319: 1
318: 1
272: 1
141: 1
362: 1
302: 1
361: 1
444: 1
244: 1
406: 1
388: 1
439: 1
436: 1
435: 1
336: 1
333: 1
258: 1
250: 1
171: 1
345: 1
184: 1
168: 1
228: 1
408: 1
237: 1
321: 1
324: 1
329: 1
144: 1
206: 1
122: 1
357: 1
356: 1
