158 237 251 
158 237 249 
158 235 237 
156 158 237 
158 249 251 
158 235 251 
156 158 251 
158 235 249 
156 158 249 
156 158 235 
237 249 251 
235 237 251 
237 239 251 
201 237 251 
156 237 251 
235 237 249 
237 239 249 
156 237 249 
196 237 249 
206 235 237 
201 235 237 
156 235 237 
196 237 239 
201 206 237 
146 265 268 
265 266 268 
146 266 268 
268 273 274 
235 249 251 
239 249 251 
156 249 251 
201 235 251 
156 235 251 
239 242 245 
242 243 245 
196 242 245 
196 239 245 
146 265 266 
203 205 235 
203 205 206 
201 203 205 
205 206 235 
201 205 235 
201 205 206 
156 235 249 
165 239 249 
196 239 249 
156 165 249 
341 377 378 
377 378 379 
375 377 378 
342 377 378 
341 377 379 
341 375 377 
341 342 377 
375 377 379 
342 377 379 
342 375 377 
203 206 235 
203 233 235 
201 203 235 
203 232 235 
201 203 206 
201 203 233 
203 232 233 
196 239 242 
140 217 220 
139 140 217 
139 217 220 
341 378 379 
341 375 378 
341 342 378 
375 378 379 
342 378 379 
342 375 378 
330 332 401 
330 401 403 
327 330 401 
329 330 401 
330 333 401 
332 400 401 
400 401 403 
327 400 401 
400 401 402 
332 401 403 
327 332 401 
329 332 401 
332 401 402 
332 333 401 
401 402 403 
333 401 403 
327 329 401 
327 401 402 
327 333 401 
329 333 401 
333 401 402 
232 233 259 
201 206 235 
201 233 235 
232 233 235 
156 233 235 
292 293 318 
292 293 313 
293 313 318 
274 279 301 
172 273 274 
273 274 279 
300 301 306 
279 301 306 
300 306 311 
330 332 403 
327 330 332 
329 330 332 
330 332 333 
330 332 334 
330 332 335 
330 333 403 
330 335 403 
327 329 330 
327 330 333 
327 330 334 
327 330 335 
329 330 333 
329 330 334 
329 330 335 
330 333 334 
330 333 335 
330 334 335 
341 375 379 
341 342 379 
341 345 375 
341 342 345 
341 342 375 
139 140 143 
332 400 403 
327 332 400 
332 400 402 
400 402 403 
327 400 402 
306 311 313 
292 311 318 
292 311 313 
311 313 318 
435 438 440 
438 440 442 
436 438 440 
435 440 442 
435 436 440 
436 440 442 
435 438 442 
435 436 438 
436 438 442 
139 140 220 
136 139 140 
332 402 403 
332 333 403 
332 335 403 
327 329 332 
327 332 402 
327 332 333 
327 332 334 
327 332 335 
329 332 333 
329 332 334 
329 332 335 
332 333 402 
332 335 402 
332 333 334 
332 333 335 
332 334 335 
333 402 403 
335 402 403 
333 335 403 
342 375 379 
327 329 333 
327 329 334 
327 329 335 
327 333 402 
327 335 402 
327 333 334 
327 333 335 
327 334 335 
435 436 442 
329 333 334 
329 333 335 
329 334 335 
292 313 318 
333 335 402 
342 345 375 
345 346 375 
345 372 375 
342 345 346 
342 345 372 
345 346 372 
342 346 375 
342 372 375 
346 372 375 
342 346 372 
333 334 335 
