152 258 
152 232 
152 167 
152 171 
152 173 
152 259 
152 153 
152 256 
126 131 
126 127 
124 126 
123 126 
126 208 
126 196 
237 250 
250 251 
248 250 
164 168 
164 167 
164 165 
162 164 
167 168 
165 168 
168 171 
168 190 
162 168 
153 168 
232 258 
258 261 
258 259 
153 258 
256 258 
127 131 
131 136 
123 131 
131 193 
131 134 
131 135 
131 196 
237 251 
237 248 
204 237 
196 237 
248 251 
159 251 
162 251 
124 127 
123 127 
127 208 
127 134 
127 135 
127 196 
229 232 
229 262 
229 261 
229 259 
178 229 
182 229 
183 229 
140 142 
232 261 
232 259 
153 232 
232 256 
165 167 
167 171 
167 173 
167 190 
162 167 
153 167 
262 266 
178 266 
165 248 
196 248 
165 190 
162 165 
171 219 
171 173 
171 190 
153 171 
190 219 
217 219 
193 219 
134 219 
140 219 
123 136 
134 136 
135 136 
136 140 
153 173 
173 256 
190 217 
190 193 
261 262 
259 262 
178 262 
182 262 
183 262 
159 162 
122 124 
123 124 
124 208 
124 135 
204 205 
153 162 
259 261 
178 261 
256 261 
182 261 
183 261 
140 217 
122 123 
122 208 
122 135 
123 208 
123 134 
123 135 
153 259 
256 259 
183 259 
205 208 
134 193 
193 196 
178 182 
178 183 
153 256 
134 135 
134 140 
135 140 
182 183 
