146mGLU: 04,06,10,11,12,14,17,18,19,21,26|11|11.4596
146mVAL: 04,06,10,11,12,14,17,18,19,21,26|11|4.8318
179mGLU: 00,04,06,12,14,15,18,19,26|9|2.3139
178mGLU: 00,06,12,14,15,18,19,26,27|9|4.4915
181mGLY: 00,04,06,13,15,18,19,26,27|9|1.9127
145mGLU: 04,06,11,12,14,17,18,19,21|9|1.9564
182mGLU: 00,04,06,13,15,18,26,27|8|4.5808
182mGLY: 00,04,06,13,15,18,26,27|8|4.2353
182mSER: 00,04,06,13,15,18,26,27|8|3.1466
143mGLU: 06,11,14,17,18,19,21|7|2.9795
226mGLU: 00,04,06,15,18,26,27|7|2.136
268mGLY: 10,11,12,14,17,18,19|7|2.3848
141mGLU: 06,11,14,17,18,19,21|7|4.6758
141mHIS: 06,11,14,17,18,19,21|7|3.1298
141mALA: 06,11,14,17,18,19,21|7|3.4136
177mGLU: 06,12,14,18,19,21|6|2.06
165mASP: 01,02,03,16,22,28|6|4.0333
164mGLU: 01,02,03,16,22,28|6|2.7106
165mMET: 01,02,03,16,22,28|6|1.4766
165mTHR: 01,02,03,16,22,28|6|4.7202
165mGLU: 01,02,03,16,22,28|6|5.446
165mASN: 01,02,03,16,22,28|6|3.6795
177mTHR: 06,12,14,18,19,21|6|1.2253
165mHIS: 01,02,03,16,22,28|6|3.6928
165mSER: 01,02,03,16,22,28|6|5.3332
242mGLU: 01,03,16,22,23,28|6|3.4577
165mGLY: 01,02,03,16,22,28|6|5.432
165mLEU: 01,02,03,16,22,28|6|3.506
244mSER: 01,07,22,23,24,28|6|1.3092
165mILE: 01,02,03,16,22,28|6|3.2594
165mLYS: 01,02,03,16,22,28|6|4.793
165mGLN: 01,02,03,16,22,28|6|2.9964
208mSER: 04,06,15,26,27,29|6|3.1186
164mALA: 01,02,03,16,22,28|6|3.6082
165mALA: 01,02,03,16,22,28|6|5.8313
165mVAL: 01,02,03,16,22,28|6|3.4543
164mSER: 01,02,03,16,22,28|6|2.7836
251mGLY: 01,03,09,13,20|5|2.5209
245mGLU: 01,03,22,23,24|5|3.8788
122mASP: 04,17,19,21,29|5|1.8631
251mASN: 01,03,09,13,20|5|2.6198
251mALA: 01,03,09,13,20|5|1.618
245mSER: 01,03,22,23,24|5|2.7037
122mLEU: 04,17,19,21,29|5|1.8358
251mTHR: 01,03,09,13,20|5|2.8435
245mASN: 01,03,22,23,24|5|2.2152
251mLEU: 01,03,09,13,20|5|1.9389
122mALA: 04,17,19,21,29|5|2.1253
122mASN: 04,17,19,21,29|5|1.5112
245mVAL: 01,03,22,23,24|5|2.3917
122mGLY: 04,17,19,21,29|5|1.9178
251mHIS: 01,03,09,13,20|5|2.488
251mGLU: 01,03,09,13,20|5|3.2129
251mSER: 01,03,09,13,20|5|2.948
122mVAL: 04,17,19,21,29|5|1.943
251mVAL: 01,03,09,13,20|5|1.7907
122mGLU: 04,17,19,21,29|5|2.5139
206mLEU: 09,13,20,27,29|5|2.5292
205mALA: 09,13,15,20,27|5|1.8615
245mGLY: 01,03,22,23,24|5|2.6226
206mGLN: 09,13,20,27,29|5|2.8578
122mGLN: 04,17,19,21,29|5|1.8219
245mGLN: 01,03,22,23,24|5|2.7528
122mTHR: 04,17,19,21,29|5|1.8791
245mHIS: 01,03,22,23,24|5|2.1537
251mASP: 01,03,09,13,20|5|1.0112
251mTRP: 01,03,09,13,20|5|1.2181
251mGLN: 01,03,09,13,20|5|2.1841
206mSER: 09,13,20,27,29|5|2.2234
122mTRP: 04,17,19,21,29|5|1.0054
122mHIS: 04,17,19,21,29|5|1.3155
206mASN: 09,13,20,27,29|5|1.6211
248mSER: 01,03,09,22,24|5|1.8592
122mSER: 04,17,19,21,29|5|2.3017
245mTHR: 01,03,22,23,24|5|3.2824
440mGLU: 02,05,16,25|4|4.0696
440mLYS: 02,05,16,25|4|2.5477
136mVAL: 07,14,19,29|4|1.2257
293mHIS: 02,05,16,25|4|1.6606
440mTHR: 02,05,16,25|4|2.8982
293mGLN: 02,05,16,25|4|1.3312
296mGLU: 02,05,16,25|4|1.335
300mALA: 02,05,11,16|4|1.0512
136mLYS: 07,14,19,29|4|1.9327
293mLEU: 02,05,16,25|4|1.2928
293mGLY: 02,05,16,25|4|2.0794
438mTHR: 02,05,16,25|4|1.0169
440mLEU: 02,05,16,25|4|2.3285
124mGLU: 07,15,24,29|4|1.4151
440mSER: 02,05,16,25|4|2.152
293mASN: 02,05,16,25|4|1.2549
296mGLY: 02,05,16,25|4|1.5659
136mGLU: 07,14,19,29|4|1.7638
440mPHE: 02,05,16,25|4|1.6417
293mGLU: 02,05,16,25|4|2.099
293mASP: 02,05,16,25|4|1.8931
136mALA: 07,14,19,29|4|2.4649
136mTHR: 07,14,19,29|4|1.6291
440mASP: 02,05,16,25|4|4.1885
440mALA: 02,05,16,25|4|4.3457
440mILE: 02,05,16,25|4|2.3751
440mGLY: 02,05,16,25|4|3.1862
293mTHR: 02,05,16,25|4|1.3127
293mLYS: 02,05,16,25|4|1.4716
293mSER: 02,05,16,25|4|2.4292
293mALA: 02,05,16,25|4|1.8845
136mSER: 07,14,19,29|4|1.9105
438mVAL: 02,05,16,25|4|1.1066
293mVAL: 02,05,16,25|4|1.3581
136mGLY: 07,14,19,29|4|2.1375
300mTHR: 02,05,11,16|4|1.737
440mVAL: 02,05,16,25|4|3.0454
136mILE: 07,14,19,29|4|1.2914
439mLYS: 02,05,16,25|4|1.2071
438mLYS: 02,05,16,25|4|1.0277
136mLEU: 07,14,19,29|4|1.1191
440mHIS: 02,05,16,25|4|2.3052
296mHIS: 02,05,16,25|4|1.0293
438mGLU: 02,05,16,25|4|2.3286
440mGLN: 02,05,16,25|4|2.077
440mASN: 02,05,16,25|4|1.8715
438mALA: 02,05,16,25|4|1.9526
123mLYS: 07,24,29|3|1.3294
127mTHR: 07,24,29|3|1.3041
130mGLU: 07,23,24|3|2.4841
297mGLY: 02,05,16|3|1.3897
130mGLN: 07,23,24|3|1.7706
326mGLY: 05,08,25|3|2.0033
217mHIS: 14,16,17|3|1.0819
130mMET: 07,23,24|3|1.5419
326mTHR: 05,08,25|3|2.3284
127mGLY: 07,24,29|3|1.3297
123mMET: 07,24,29|3|2.2449
123mGLU: 07,24,29|3|3.1871
130mASN: 07,23,24|3|1.6007
167mSER: 02,16,22|3|1.0687
218mGLU: 02,11,17|3|1.1626
235mGLU: 09,13,20|3|1.941
159mALA: 01,03,09|3|1.9871
134mGLU: 07,23,29|3|1.3532
217mALA: 14,16,17|3|1.1735
326mVAL: 05,08,25|3|1.511
159mGLU: 01,03,09|3|1.4817
127mALA: 07,24,29|3|1.2027
217mGLY: 14,16,17|3|1.2189
123mTRP: 07,24,29|3|1.4165
130mPRO: 07,23,24|3|1.46
235mSER: 09,13,20|3|1.4516
326mALA: 05,08,25|3|1.3247
123mTHR: 07,24,29|3|2.6758
130mGLY: 07,23,24|3|1.5566
167mGLU: 02,16,22|3|1.0494
326mGLN: 05,08,25|3|1.5823
159mTHR: 01,03,09|3|1.4505
130mVAL: 07,23,24|3|1.7946
326mASN: 05,08,25|3|1.7135
127mGLU: 07,24,29|3|2.3917
130mALA: 07,23,24|3|1.6451
326mSER: 05,08,25|3|1.7222
326mHIS: 05,08,25|3|1.7988
123mGLY: 07,24,29|3|3.1045
130mSER: 07,23,24|3|1.3735
250mGLY: 01,03,09|3|1.1998
167mALA: 02,16,22|3|1.0501
123mASN: 07,24,29|3|2.7293
261mMET: 00,26,27|3|1.5286
261mGLY: 00,26,27|3|2.1097
130mLEU: 07,23,24|3|1.8622
134mALA: 07,23,29|3|1.2628
123mGLN: 07,24,29|3|1.8667
250mALA: 01,03,09|3|1.3159
194mGLU: 16,22,23|3|1.02
235mTHR: 09,13,20|3|1.6358
159mGLY: 01,03,09|3|2.0611
297mALA: 02,05,16|3|1.4649
130mASP: 07,23,24|3|1.716
134mHIS: 07,23,29|3|1.0226
123mSER: 07,24,29|3|2.9505
217mTHR: 14,16,17|3|1.2359
261mLEU: 00,26,27|3|1.1874
261mVAL: 00,26,27|3|1.0518
217mGLU: 14,16,17|3|1.69
326mMET: 05,08,25|3|2.0396
123mASP: 07,24,29|3|1.3677
322mGLU: 05,08,25|3|2.138
261mTRP: 00,26,27|3|1.0292
217mSER: 14,16,17|3|1.4402
326mTRP: 05,08,25|3|1.1064
130mPHE: 07,23,24|3|1.8393
235mASN: 09,13,20|3|1.1206
261mGLU: 00,26,27|3|1.8102
123mILE: 07,24,29|3|1.2475
159mHIS: 01,03,09|3|1.3707
261mGLN: 00,26,27|3|1.2605
123mVAL: 07,24,29|3|1.8397
261mSER: 00,26,27|3|1.8202
261mTHR: 00,26,27|3|1.5229
322mTHR: 05,08,25|3|1.2681
326mGLU: 05,08,25|3|2.6658
159mSER: 01,03,09|3|1.4769
130mTRP: 07,23,24|3|1.6242
261mASN: 00,26,27|3|1.7421
126mGLU: 07,24,29|3|1.0136
326mLEU: 05,08,25|3|1.7435
130mHIS: 07,23,24|3|1.0965
134mGLY: 07,23,29|3|1.2555
159mLEU: 01,03,09|3|1.065
130mCYS: 07,23,24|3|2.1549
167mGLY: 02,16,22|3|1.047
123mLEU: 07,24,29|3|2.0192
261mHIS: 00,26,27|3|1.9867
123mHIS: 07,24,29|3|2.7586
130mTHR: 07,23,24|3|2.1523
123mPHE: 07,24,29|3|1.0422
250mGLU: 01,03,09|3|1.1402
123mALA: 07,24,29|3|1.9467
130mILE: 07,23,24|3|1.7646
