346mTHR: 00,05,09,11,12,13,15,27|8|3.9437
450mGLY: 05,09,11,13,15,26,27,29|8|2.4035
347mGLY: 00,05,09,11,13,15,26,27|8|3.204
450mLYS: 05,09,11,13,15,26,27,29|8|2.04
450mLEU: 05,09,11,13,15,26,27,29|8|1.6286
450mALA: 05,09,11,13,15,26,27,29|8|2.2124
346mGLY: 00,05,09,11,12,13,15,27|8|5.4758
450mSER: 05,09,11,13,15,26,27,29|8|2.2366
346mSER: 00,05,09,11,12,13,15,27|8|4.2032
346mGLU: 00,05,09,11,12,13,15,27|8|5.4135
347mLYS: 00,05,09,11,13,15,26,27|8|3.8797
347mTHR: 00,05,09,11,13,15,26,27|8|3.0009
450mVAL: 05,09,11,13,15,26,27,29|8|1.9141
450mGLU: 05,09,11,13,15,26,27,29|8|1.6878
347mGLU: 00,05,09,11,13,15,26,27|8|1.9875
450mTHR: 05,09,11,13,15,26,27,29|8|2.5048
347mALA: 00,05,09,11,13,15,26,27|8|3.8177
347mVAL: 00,05,09,11,13,15,26,27|8|2.4454
347mSER: 00,05,09,11,13,15,26,27|8|2.2168
400mSER: 06,14,16,17,29|5|2.3421
339mALA: 04,08,10,16,17|5|3.323
400mGLY: 06,14,16,17,29|5|2.6778
400mTHR: 06,14,16,17,29|5|2.3572
400mCYS: 06,14,16,17,29|5|2.6855
400mGLU: 06,14,16,17,29|5|2.8464
339mASP: 04,08,10,16,17|5|3.5345
400mASN: 06,14,16,17,29|5|1.588
400mALA: 06,14,16,17,29|5|3.4704
339mTHR: 04,08,10,16,17|5|2.9911
400mLYS: 06,14,16,17,29|5|3.2557
339mCYS: 04,08,10,16,17|5|5.7322
339mGLU: 04,08,10,16,17|5|4.0507
345mGLY: 04,08,09,11|4|1.1935
407mGLU: 04,10,16,17|4|1.2643
377mCYS: 08,13,16,17|4|2.1379
426mVAL: 03,06,14,29|4|1.1736
426mALA: 03,06,14,29|4|1.8783
426mSER: 03,06,14,29|4|1.4338
426mLYS: 03,06,14,29|4|2.5784
377mGLU: 08,13,16,17|4|1.4731
370mALA: 00,19,26,27|4|1.6319
370mGLY: 00,19,26,27|4|1.3824
407mGLY: 04,10,16,17|4|1.3103
377mASP: 08,13,16,17|4|1.954
370mTHR: 00,19,26,27|4|1.0775
377mGLY: 08,13,16,17|4|1.6738
410mGLU: 04,10,16,26|4|1.9638
377mALA: 08,13,16,17|4|1.7473
426mGLY: 03,06,14,29|4|2.2509
401mGLN: 06,10,17|3|1.6039
401mTHR: 06,10,17|3|2.2996
394mGLU: 10,16,17|3|1.3477
401mLEU: 06,10,17|3|1.8903
421mCYS: 06,14,29|3|2.1943
394mLYS: 10,16,17|3|1.655
403mALA: 10,16,17|3|1.9598
421mALA: 06,14,29|3|1.8346
421mILE: 06,14,29|3|1.2185
360mALA: 03,19,26|3|2.439
401mGLY: 06,10,17|3|2.3345
394mTHR: 10,16,17|3|1.8177
401mVAL: 06,10,17|3|1.3607
401mMET: 06,10,17|3|1.9535
401mASP: 06,10,17|3|1.4297
428mILE: 06,14,29|3|1.3208
401mASN: 06,10,17|3|1.6915
428mGLU: 06,14,29|3|1.486
403mCYS: 10,16,17|3|2.1611
394mSER: 10,16,17|3|1.1767
341mGLY: 04,08,11|3|1.2269
360mGLY: 03,19,26|3|1.6588
394mHIS: 10,16,17|3|1.0072
341mASP: 04,08,11|3|1.6211
409mGLU: 04,10,16|3|1.844
360mVAL: 03,19,26|3|1.6542
401mTRP: 06,10,17|3|1.1313
428mMET: 06,14,29|3|1.7774
421mGLY: 06,14,29|3|2.1937
428mHIS: 06,14,29|3|2.2684
428mSER: 06,14,29|3|1.9558
401mGLU: 06,10,17|3|2.5491
419mALA: 06,14,17|3|1.5773
428mASN: 06,14,29|3|1.978
421mSER: 06,14,29|3|1.3812
428mGLN: 06,14,29|3|1.1666
401mALA: 06,10,17|3|2.012
428mALA: 06,14,29|3|2.4938
360mLYS: 03,19,26|3|2.117
419mGLY: 06,14,17|3|1.466
428mLYS: 06,14,29|3|2.2594
394mGLY: 10,16,17|3|1.484
401mLYS: 06,10,17|3|1.0015
401mSER: 06,10,17|3|2.1157
428mLEU: 06,14,29|3|1.4126
428mGLY: 06,14,29|3|2.5154
403mGLY: 10,16,17|3|1.6293
401mHIS: 06,10,17|3|1.9785
428mTHR: 06,14,29|3|2.265
341mGLU: 04,08,11|3|1.0393
401mILE: 06,10,17|3|1.3819
428mVAL: 06,14,29|3|2.045
360mTHR: 03,19,26|3|1.0223
394mASN: 10,16,17|3|1.6438
366mHIS: 19,26|2|1.1667
390mGLY: 10,16|2|1.3136
390mASN: 10,16|2|1.0765
364mLYS: 19,26|2|1.1222
390mSER: 10,16|2|1.1975
364mALA: 19,26|2|1.0831
389mALA: 10,16|2|1.2652
389mLYS: 10,16|2|1.1345
430mMET: 06,29|2|1.1032
390mTHR: 10,16|2|1.4275
369mALA: 19,26|2|1.3994
390mLYS: 10,16|2|1.3543
390mGLU: 10,16|2|1.2814
430mHIS: 06,29|2|1.3384
390mALA: 10,16|2|1.4742
364mASN: 19,26|2|1.0412
390mVAL: 10,16|2|1.0413
441mHIS: 10|1|1.5224
441mMET: 10|1|1.2872
441mGLY: 10|1|1.1388
441mSER: 10|1|1.026
