388mALA: 20,22|2|1.014
362mASN: 20,22|2|1.3028
369mGLY: 20,22|2|1.4354
365mALA: 20,22|2|1.664
351mALA: 20,22|2|1.2331
362mPRO: 20,22|2|1.002
362mTHR: 20,22|2|1.4669
440mGLY: 20,22|2|1.1811
362mGLU: 20,22|2|1.5044
440mHIS: 20,22|2|1.1299
438mTHR: 20,22|2|1.472
440mSER: 20,22|2|1.0257
362mSER: 20,22|2|1.2307
362mGLY: 20,22|2|1.5907
438mLYS: 20,22|2|1.3939
369mASN: 20,22|2|1.7091
437mHIS: 20,22|2|1.2136
369mALA: 20,22|2|1.2545
438mGLU: 20,22|2|2.0745
351mLYS: 20,22|2|1.3549
438mSER: 20,22|2|1.4319
369mPRO: 20,22|2|1.0908
438mALA: 20,22|2|1.3663
362mILE: 20,22|2|1.1893
362mLYS: 20,22|2|2.0989
369mTHR: 20,22|2|1.25
362mALA: 20,22|2|1.8259
438mHIS: 20,22|2|1.9084
362mASP: 20,22|2|1.628
369mLYS: 20,22|2|1.8657
438mGLY: 20,22|2|1.6281
362mCYS: 20,22|2|2.1964
364mALA: 20|1|1.494
394mLYS: 16|1|1.0407
394mALA: 16|1|1.1051
364mLYS: 20|1|1.221
339mCYS: 16|1|1.1918
403mASP: 16|1|1.2336
