M = 194 196 242 
164 165 249 | 130 194 220 | 127 130 196 | 124 207 208 | 196 241 242 | 193 196 242 | 194 242 244 | 194 243 245 | 164 165 249 | 126 127 130 | 164 165 249 | 123 127 134 | 159 162 251 | 193 194 242 | 196 241 242 | 235 249 251 | 235 249 251 | 194 197 239 | 

M = 391 412 414 
345 347 370 | 393 440 443 | 443 444 445 | 435 438 440 | 339 403 405 | 349 351 454 | 339 342 376 | 401 403 419 | 435 440 443 | 347 351 370 | 400 401 403 | 435 440 443 | 358 450 454 | 388 390 435 | 437 438 440 | 400 401 403 | 345 346 370 | 394 443 444 | 345 346 370 | 351 364 370 | 346 347 370 | 339 403 406 | 438 439 440 | 425 454 456 | 339 403 407 | 434 436 440 | 339 403 407 | 370 450 451 | 390 393 394 | 393 401 432 | 393 435 443 | 342 345 346 | 394 441 443 | 339 405 408 | 351 370 450 | 391 438 440 | 341 345 375 | 400 401 428 | 375 377 379 | 394 443 445 | 388 407 411 | 342 345 375 | 388 434 435 | 400 401 430 | 400 401 403 | 434 438 440 | 366 387 391 | 

M = 146 175 267 
146 265 267 | 152 167 173 | 180 182 262 | 160 163 251 | 119 121 123 | 162 164 165 | 149 263 267 | 146 265 267 | 162 164 165 | 162 164 165 | 146 178 267 | 122 124 208 | 150 171 173 | 146 150 267 | 178 180 262 | 146 265 267 | 232 259 261 | 146 147 267 | 146 149 266 | 146 150 267 | 146 265 267 | 146 147 267 | 162 164 165 | 144 146 149 | 162 167 253 | 149 265 267 | 

FREQUENCIES
267: 12
146: 12
440: 9
403: 8
370: 8
194: 8
443: 8
242: 8
196: 7
401: 7
164: 7
165: 7
435: 6
339: 6
345: 6
162: 6
400: 5
265: 5
249: 5
438: 5
393: 4
394: 4
251: 4
346: 4
149: 4
351: 4
130: 3
407: 3
347: 3
342: 3
127: 3
375: 3
391: 3
388: 3
434: 3
450: 3
454: 3
150: 3
405: 2
262: 2
123: 2
193: 2
390: 2
445: 2
444: 2
241: 2
178: 2
173: 2
180: 2
167: 2
235: 2
147: 2
208: 2
124: 2
126: 1
134: 1
406: 1
341: 1
220: 1
349: 1
408: 1
263: 1
122: 1
266: 1
414: 1
411: 1
412: 1
419: 1
377: 1
376: 1
197: 1
119: 1
379: 1
428: 1
366: 1
364: 1
425: 1
441: 1
245: 1
244: 1
243: 1
439: 1
436: 1
437: 1
432: 1
430: 1
451: 1
387: 1
456: 1
259: 1
253: 1
175: 1
171: 1
182: 1
160: 1
163: 1
152: 1
159: 1
239: 1
232: 1
144: 1
207: 1
121: 1
261: 1
358: 1
