D106n1.txt,0, | 158 163 250 | 130 194 220 | 146 150 178 | ,Score: 0

D106n2.txt,0, | 389 407 411 | 389 432 435 | 394 432 444 | ,Score: 0

D110n1.txt,0, | 146 150 264 | 149 262 265 | 126 130 196 | ,Score: 0

D110n2.txt,0, | 391 436 439 | 339 403 407 | 393 401 430 | ,Score: 0

D204n1.txt,0, | 124 199 207 | 165 191 194 | 201 231 235 | ,Score: 0

D204n2.txt,0, | 376 381 420 | 381 402 419 | 392 412 414 | ,Score: 0

D206n1.txt,0, | 148 179 262 | 165 190 240 | 147 150 264 | ,Score: 0

D206n2.txt,0, | 363 392 444 | 347 351 369 | 401 403 419 | ,Score: 0

D214n1.txt,0, | 193 196 242 | 150 178 267 | 153 156 167 | ,Score: 0

D214n2.txt,0, | 435 440 443 | 366 389 412 | 391 435 439 | ,Score: 0

D301n1.txt,0, | 228 259 261 | 149 262 267 | 178 229 262 | ,Score: 0

D301n2.txt,0, | 435 440 443 | 339 403 407 | 351 364 370 | ,Score: 0

D302n1.txt,0, | 150 171 173 | 143 147 175 | 165 190 194 | ,Score: 0

D302n2.txt,0, | 435 440 443 | 401 403 419 | 388 407 410 | ,Score: 0

D305n1.txt,0, | 152 167 171 | 228 259 262 | 149 262 267 | ,Score: 0

D305n2.txt,0, | 347 370 450 | 392 440 443 | 391 435 439 | ,Score: 0

D307n1.txt,0, | 148 179 261 | 147 150 267 | 165 190 194 | ,Score: 0

D307n2.txt,0, | 355 361 430 | 402 405 414 | 391 435 439 | ,Score: 0

D312n1.txt,0, | 167 172 190 | 196 197 249 | 124 127 135 | ,Score: 0

D312n2.txt,0, | 339 408 414 | 366 391 413 | 393 401 430 | ,Score: 0

D318n1.txt,0, | 163 165 249 | 146 150 267 | 130 194 241 | ,Score: 0

D318n2.txt,0, | 391 432 440 | 393 435 443 | 401 403 419 | ,Score: 0

D323n1.txt,0, | 150 172 256 | 149 262 267 | 126 130 196 | ,Score: 0

D323n2.txt,0, | 393 440 443 | 389 393 436 | 351 372 450 | ,Score: 0

D324n1.txt,0, | 149 178 262 | 152 167 173 | 123 127 208 | ,Score: 0

D324n2.txt,0, | 388 392 414 | 401 403 419 | 392 396 443 | ,Score: 0

D410n1.txt,0, | 149 152 173 | 151 233 258 | 128 193 241 | ,Score: 0

D410n2.txt,0, | 401 403 419 | 392 440 443 | 385 406 412 | ,Score: 0

D430n1.txt,0, | 156 235 251 | 228 259 261 | 157 164 249 | ,Score: 0

D430n2.txt,0, | 401 403 419 | 391 434 439 | 393 401 430 | ,Score: 0

D431n1.txt,0, | 130 194 220 | 163 165 249 | 193 197 241 | ,Score: 0

D431n2.txt,0, | 401 416 419 | 434 439 442 | 387 391 414 | ,Score: 0

