M = 123 127 134 
136 140 216 | 124 207 208 | 126 127 196 | 120 124 208 | 126 127 208 | 124 127 208 | 123 135 137 | 126 127 130 | 123 127 208 | 123 126 131 | 119 120 123 | 193 196 197 | 123 135 136 | 196 197 248 | 136 140 141 | 124 127 208 | 

M = 149 262 267 
146 265 267 | 258 259 261 | 149 152 173 | 145 146 267 | 146 266 267 | 203 207 235 | 149 263 267 | 261 262 263 | 146 150 267 | 152 258 259 | 146 265 267 | 143 144 222 | 146 150 267 | 178 261 262 | 146 265 267 | 232 259 261 | 146 147 267 | 229 259 261 | 146 149 150 | 146 150 267 | 150 178 267 | 232 258 259 | 146 265 267 | 150 257 258 | 233 257 258 | 149 266 267 | 149 265 267 | 228 229 261 | 146 149 150 | 

M = 393 401 430 
343 345 346 | 393 440 443 | 356 444 445 | 349 351 454 | 389 409 410 | 435 439 440 | 391 412 414 | 342 380 381 | 419 420 421 | 435 440 443 | 395 400 401 | 367 370 372 | 435 438 440 | 435 440 443 | 345 346 370 | 394 443 444 | 366 389 390 | 345 346 370 | 400 401 428 | 345 346 370 | 437 438 440 | 346 347 370 | 391 438 440 | 345 346 375 | 355 362 445 | 390 413 414 | 390 393 394 | 370 450 451 | 379 419 421 | 345 346 370 | 393 401 432 | 363 392 444 | 351 370 450 | 439 440 441 | 404 405 408 | 391 438 440 | 341 345 375 | 400 401 419 | 375 377 379 | 394 443 445 | 388 409 411 | 342 345 375 | 388 434 435 | 400 401 430 | 434 438 440 | 376 379 380 | 366 387 391 | 

FREQUENCIES
267: 15
146: 12
440: 10
127: 8
345: 8
370: 8
346: 7
123: 7
150: 7
149: 7
261: 6
401: 6
208: 6
265: 5
443: 5
438: 5
435: 5
258: 5
259: 5
400: 4
126: 4
375: 4
393: 4
391: 4
124: 4
136: 3
379: 3
419: 3
196: 3
390: 3
394: 3
445: 3
444: 3
262: 3
135: 2
134: 2
342: 2
409: 2
120: 2
366: 2
266: 2
197: 2
414: 2
140: 2
421: 2
380: 2
388: 2
389: 2
439: 2
434: 2
430: 2
450: 2
178: 2
257: 2
229: 2
152: 2
232: 2
207: 2
263: 2
351: 2
216: 1
131: 1
130: 1
137: 1
347: 1
341: 1
349: 1
408: 1
367: 1
410: 1
411: 1
412: 1
413: 1
372: 1
377: 1
376: 1
203: 1
193: 1
392: 1
395: 1
119: 1
428: 1
420: 1
362: 1
363: 1
441: 1
381: 1
387: 1
248: 1
437: 1
432: 1
451: 1
454: 1
173: 1
405: 1
404: 1
343: 1
228: 1
222: 1
235: 1
233: 1
147: 1
144: 1
145: 1
143: 1
141: 1
356: 1
355: 1
