D106n1.txt,0, | 146 150 178 | 140 143 215 | 151 258 261 | ,Score: 0

D106n2.txt,0, | 345 348 370 | 389 432 435 | 394 432 444 | ,Score: 0

D110n1.txt,0, | 173 175 257 | 147 150 264 | 123 127 210 | ,Score: 0

D110n2.txt,0, | 393 401 430 | 391 438 440 | 391 435 439 | ,Score: 0

D204n1.txt,0, | 124 199 207 | 149 261 265 | 201 231 235 | ,Score: 0

D204n2.txt,0, | 381 402 419 | 376 381 419 | 381 419 421 | ,Score: 0

D206n1.txt,0, | 143 148 175 | 148 179 262 | 148 261 263 | ,Score: 0

D206n2.txt,0, | 363 392 444 | 372 375 418 | 351 363 446 | ,Score: 0

D214n1.txt,0, | 150 153 258 | 178 262 267 | 147 149 266 | ,Score: 0

D214n2.txt,0, | 436 438 439 | 391 435 443 | 367 388 389 | ,Score: 0

D301n1.txt,0, | 229 259 262 | 123 127 208 | 146 178 266 | ,Score: 0

D301n2.txt,0, | 435 440 443 | 388 390 411 | 351 364 370 | ,Score: 0

D302n1.txt,0, | 140 144 222 | 143 144 222 | 144 147 149 | ,Score: 0

D302n2.txt,0, | 394 400 401 | 351 364 370 | 388 389 435 | ,Score: 0

D305n1.txt,0, | 229 259 262 | 262 265 267 | 150 178 267 | ,Score: 0

D305n2.txt,0, | 347 370 450 | 392 440 443 | 435 438 440 | ,Score: 0

D307n1.txt,0, | 148 179 262 | 229 259 262 | 147 150 267 | ,Score: 0

D307n2.txt,0, | 398 420 424 | 355 362 445 | 390 432 435 | ,Score: 0

D312n1.txt,0, | 124 135 138 | 149 173 175 | 146 149 266 | ,Score: 0

D312n2.txt,0, | 366 392 413 | 350 426 454 | 395 401 418 | ,Score: 0

D318n1.txt,0, | 146 150 267 | 124 127 135 | 149 178 261 | ,Score: 0

D318n2.txt,0, | 400 402 419 | 392 432 440 | 363 392 443 | ,Score: 0

D323n1.txt,0, | 122 124 135 | 152 232 259 | 149 262 267 | ,Score: 0

D323n2.txt,0, | 351 372 450 | 391 393 440 | 393 401 430 | ,Score: 0

D324n1.txt,0, | 123 136 139 | 197 248 250 | 149 178 262 | ,Score: 0

D324n2.txt,0, | 391 432 440 | 366 389 414 | 392 396 443 | ,Score: 0

D410n1.txt,0, | 151 152 259 | 146 149 265 | 124 128 135 | ,Score: 0

D410n2.txt,0, | 372 375 419 | 391 395 443 | 388 409 414 | ,Score: 0

D430n1.txt,0, | 228 259 262 | 149 262 265 | 182 228 261 | ,Score: 0

D430n2.txt,0, | 419 421 424 | 391 434 439 | 393 401 430 | ,Score: 0

D431n1.txt,0, | 171 175 222 | 139 216 220 | 122 141 222 | ,Score: 0

D431n2.txt,0, | 434 439 442 | 387 414 416 | 366 388 391 | ,Score: 0

