D106n1.txt,0, | ,Score: 0

D106n2.txt,0, | 345 347 370 | 389 408 411 | 398 419 421 | ,Score: 0

D110n1.txt,0, | 147 175 262 | 173 175 257 | 150 152 173 | ,Score: 0

D110n2.txt,0, | 400 428 430 | 347 349 351 | 351 450 454 | ,Score: 0

D204n1.txt,0, | ,Score: 0

D204n2.txt,0, | 376 381 419 | 397 402 419 | 419 420 427 | ,Score: 0

D206n1.txt,0, | ,Score: 0

D206n2.txt,0, | 351 367 372 | 354 364 431 | 366 391 414 | ,Score: 0

D214n1.txt,0, | 150 153 258 | 126 196 197 | 152 154 232 | ,Score: 0

D214n2.txt,0, | 346 350 370 | 366 389 412 | 391 435 443 | ,Score: 0

D301n1.txt,0, | ,Score: 0

D301n2.txt,0, | 394 401 404 | 351 364 370 | 426 428 450 | ,Score: 0

D302n1.txt,0, | ,Score: 0

D302n2.txt,0, | 351 364 369 | 389 390 435 | 394 443 444 | ,Score: 0

D305n1.txt,0, | ,Score: 0

D305n2.txt,0, | 346 350 370 | 447 450 454 | 350 370 450 | ,Score: 0

D307n1.txt,0, | ,Score: 0

D307n2.txt,0, | 355 428 430 | 355 361 445 | 364 365 369 | ,Score: 0

D312n1.txt,0, | 201 208 226 | 135 138 140 | 134 139 219 | ,Score: 0

