M = 201:
205 205 205 205 205 205 205 205 208 208 208 208 208 208 208 208 235 235 235 235 235 235 235 235 235 235 235 235 235 235 235 235 235 235 235 235 201 201 201 201 201 201 201 201 201 201 201 201 201 201 201 201 201 201 201 201 201 201 201 201 201 201 201 201 201 201 201 201 201 201 201 201 201 201 201 201 201 207 207 

M = 146:
146 146 146 146 146 146 147 147 147 147 147 147 147 146 146 146 146 146 146 146 146 146 146 146 146 146 146 146 146 146 146 146 146 146 146 146 146 146 146 146 146 146 146 146 146 146 146 146 146 146 146 146 146 146 146 146 146 146 146 146 146 146 142 142 142 142 142 142 142 142 143 143 143 143 

M = 318:
311 311 318 319 319 318 318 318 318 318 318 311 311 318 318 319 319 311 311 314 314 314 314 311 311 319 319 319 319 

M = 335:
335 410 410 335 335 333 333 410 410 330 330 410 410 336 336 334 334 339 339 336 336 333 333 334 334 410 410 336 336 406 406 341 341 334 334 333 333 410 410 410 410 330 330 341 341 333 333 410 410 410 410 410 410 334 334 333 333 410 410 410 410 333 333 339 339 341 341 339 339 335 335 335 335 410 410 335 335 334 334 410 410 335 335 336 336 339 339 410 410 410 410 336 336 333 333 410 410 410 410 339 339 330 330 339 339 333 333 410 410 333 333 335 335 

M = 249:
248 248 248 248 248 248 248 248 248 248 248 248 248 248 248 248 248 248 249 249 249 249 249 249 249 249 249 249 249 249 249 249 249 249 249 249 249 249 249 249 249 249 249 249 249 249 249 249 249 249 

M = 441:
434 434 439 439 439 439 439 439 434 434 441 393 393 441 441 441 441 393 393 434 434 441 441 393 393 441 441 393 393 439 439 439 439 441 441 439 439 439 439 441 441 434 434 441 441 439 439 434 434 434 434 

M = 196:
197 197 197 197 197 197 197 197 197 197 197 197 127 127 127 127 127 127 127 127 127 127 127 127 127 127 127 196 196 196 196 196 196 196 196 196 196 196 196 196 196 196 196 196 196 196 196 196 196 196 196 196 196 196 196 196 196 196 196 196 196 196 196 196 196 196 196 196 196 196 240 240 240 240 239 239 239 239 240 240 240 240 

M = 305:
305 305 305 305 305 305 305 305 305 305 305 305 305 305 305 305 305 305 305 305 305 305 305 305 305 305 305 305 305 

M = 245:
245 245 245 245 245 245 245 245 245 245 245 245 245 245 245 245 245 245 245 245 245 245 245 245 245 245 245 245 245 245 245 245 245 245 245 245 245 245 245 243 243 243 243 243 243 243 243 243 243 243 243 243 243 243 242 242 242 243 243 243 243 243 243 243 243 243 242 242 242 243 243 243 243 243 243 

M = 325:
326 326 323 323 326 326 325 329 329 325 325 323 323 325 325 329 329 326 326 329 329 325 325 325 325 325 325 329 329 322 322 323 323 326 326 325 325 329 329 

M = 122:
119 119 119 119 119 119 119 119 119 119 119 124 124 124 124 124 124 124 124 124 124 124 124 124 124 124 124 124 124 124 124 124 124 124 124 124 124 124 124 122 122 122 122 122 122 122 122 122 122 122 122 122 122 122 122 122 122 122 122 122 122 122 122 122 122 122 122 122 122 122 122 122 122 122 122 122 122 122 122 122 122 122 122 122 122 122 122 122 122 122 122 122 122 122 122 122 122 122 125 125 125 125 125 125 210 210 210 210 210 210 210 210 210 210 

M = 181:
181 181 181 181 181 181 181 181 181 181 181 181 181 182 182 182 182 182 226 226 226 226 

M = 261:
262 262 262 262 262 262 262 262 262 262 262 262 262 262 262 262 261 261 261 261 261 261 261 261 261 261 261 261 261 261 261 261 261 261 261 261 261 261 261 261 261 261 261 261 261 261 261 261 261 261 261 261 261 261 261 261 261 261 261 261 261 261 261 261 261 261 261 261 261 261 261 261 261 261 261 261 261 261 261 261 261 259 259 259 259 259 259 259 259 259 259 259 259 259 259 259 259 259 259 259 259 259 259 259 259 259 259 259 259 259 259 259 259 259 259 259 259 259 259 259 259 259 259 259 259 259 259 259 259 

M = 136:
135 135 135 135 135 135 135 135 135 135 135 135 136 136 136 136 136 136 136 136 136 136 136 136 136 136 136 136 136 136 136 136 136 136 136 136 136 136 136 136 136 136 136 136 136 136 136 136 136 136 136 136 136 136 136 140 140 140 140 140 140 140 140 140 140 140 140 140 140 140 140 140 140 134 134 141 141 141 141 134 134 134 134 

M = 178:
178 178 178 178 178 178 178 178 178 178 178 178 178 178 178 178 178 178 178 178 178 178 178 178 178 178 178 178 178 178 178 178 178 178 183 183 183 183 177 177 183 183 177 177 183 183 177 177 183 183 183 183 183 183 183 183 177 177 177 177 183 183 183 183 

M = 165:
164 164 164 165 165 164 164 164 165 165 165 165 165 165 165 165 165 165 165 165 164 164 164 164 164 164 165 165 165 165 165 165 165 165 165 165 165 165 165 165 165 164 164 164 165 165 165 164 164 164 165 165 165 165 165 165 165 165 165 164 164 164 

M = 251:
251 251 251 251 251 251 251 251 251 251 251 251 251 251 251 251 251 251 251 251 251 251 251 251 251 251 251 251 251 251 251 251 251 251 251 251 251 251 251 251 251 251 251 251 251 251 251 251 251 251 251 251 251 251 251 237 237 237 237 237 237 237 237 237 237 237 237 

M = 267:
265 265 265 265 265 265 266 266 266 266 266 267 267 267 267 267 267 267 267 267 267 267 267 267 267 267 267 267 267 267 267 267 267 267 267 267 267 267 267 267 267 267 267 267 267 267 267 267 267 267 266 266 266 266 266 267 267 267 267 267 267 267 267 267 267 269 269 269 269 269 269 272 272 272 272 272 272 272 272 272 272 272 272 272 272 272 272 272 272 272 272 

M = 162:
159 159 159 159 157 157 157 157 157 157 162 162 162 162 162 162 162 162 162 

M = 233:
232 232 232 232 232 232 232 232 232 258 258 233 258 258 258 258 233 233 258 258 233 233 233 233 233 233 233 233 233 233 233 233 258 258 

