M = 164:
164 164 164 164 164 164 164 164 164 164 164 164 164 165 165 165 165 165 165 165 164 164 164 164 164 164 164 164 164 164 164 164 164 164 164 164 164 164 164 164 164 164 164 164 164 164 164 164 164 164 164 164 164 164 164 164 164 164 164 164 164 164 164 164 164 164 164 164 164 165 165 165 165 165 165 165 164 164 164 164 164 164 164 158 158 158 158 158 158 158 158 158 158 158 158 158 158 158 158 158 158 158 158 158 158 158 158 158 158 158 158 158 158 158 158 157 157 157 157 157 157 157 157 157 157 157 157 251 251 251 251 

M = 303:
299 299 299 299 299 275 275 303 300 300 300 300 274 274 274 274 303 303 274 274 300 300 303 303 274 274 300 300 303 303 303 303 275 275 274 274 303 303 274 274 303 303 303 303 303 303 274 274 300 300 274 274 303 303 300 300 303 303 303 303 274 274 303 303 303 303 274 274 303 303 274 274 274 274 303 303 300 300 303 303 303 303 303 303 

M = 194:
193 193 193 193 193 193 193 193 193 193 193 193 193 193 193 193 193 193 193 193 193 193 193 193 194 194 194 194 194 194 194 194 194 194 194 194 194 194 194 194 194 194 194 194 194 194 194 194 194 194 194 194 194 194 194 194 194 194 194 194 194 194 194 194 194 194 194 194 194 194 194 194 194 194 194 194 194 194 

M = 441:
440 440 440 440 440 440 440 440 440 325 325 325 443 443 443 325 325 325 440 440 440 325 325 325 443 443 443 325 325 325 325 325 325 441 441 325 325 325 441 441 441 441 441 441 325 325 325 443 443 443 441 441 441 440 440 440 325 325 325 440 440 440 443 443 443 440 440 440 441 441 441 441 441 441 325 325 325 440 440 440 441 441 441 325 325 325 442 442 

M = 196:
127 127 127 127 127 127 249 249 249 130 130 130 249 249 249 130 130 130 249 249 249 130 130 130 249 249 249 249 249 249 249 249 249 130 130 130 240 240 240 130 130 130 249 249 249 249 249 249 130 130 130 130 130 130 249 249 249 249 249 249 196 250 250 196 196 250 250 196 196 196 196 250 250 196 196 250 250 196 196 250 250 196 196 196 196 250 250 196 196 196 196 196 196 196 196 196 196 196 196 196 196 250 250 250 250 

M = 305:
305 305 305 305 305 305 305 308 308 305 305 305 305 308 308 305 305 305 305 305 305 305 305 305 305 305 305 

M = 219:
219 219 219 219 219 219 219 219 219 219 219 190 190 190 190 190 190 217 217 217 217 217 217 190 190 190 190 190 190 219 219 219 219 219 219 217 217 217 217 217 217 219 219 219 219 219 219 217 217 217 217 217 217 190 190 190 190 190 190 219 219 219 219 219 219 217 217 217 217 217 217 190 190 190 190 190 190 191 191 191 191 191 191 218 218 218 215 215 215 215 215 215 215 215 215 215 215 215 215 215 215 215 215 215 215 215 

M = 263:
262 262 262 261 261 261 261 261 261 262 262 262 263 263 263 263 263 263 263 263 263 263 263 263 263 263 263 263 263 263 263 263 263 263 263 

M = 345:
344 344 344 344 344 344 344 344 344 344 345 345 345 345 345 345 345 346 346 346 346 345 345 345 345 346 346 346 346 345 345 345 345 345 345 345 345 346 346 346 346 345 345 345 345 346 346 346 346 345 345 345 345 345 345 345 345 345 345 345 345 345 345 345 345 349 349 349 373 373 373 370 370 370 370 370 370 347 347 347 349 349 349 349 349 349 349 349 349 368 368 368 368 368 368 368 368 

M = 267:
147 147 147 147 147 146 146 146 146 146 146 146 146 146 146 146 146 146 146 146 146 146 146 146 146 146 146 146 146 146 146 146 146 146 146 146 146 146 146 146 146 146 146 146 146 146 146 146 146 146 146 146 146 146 146 268 268 268 268 265 265 265 265 268 268 268 268 268 268 268 268 268 268 268 268 268 268 268 268 265 265 265 265 268 268 268 268 268 268 268 268 268 268 268 268 265 265 265 265 265 265 265 265 268 268 268 268 268 268 268 268 268 268 268 268 267 267 267 267 267 267 267 267 267 267 267 267 267 267 267 267 267 267 267 267 267 267 267 267 267 267 267 267 267 267 267 267 267 

M = 438:
437 437 437 438 438 439 439 439 438 438 438 438 438 438 438 438 438 439 439 439 438 438 438 439 439 439 438 438 438 438 438 438 438 438 438 438 438 438 438 438 438 438 438 438 438 438 438 439 439 439 438 438 438 438 438 438 438 438 438 438 438 438 436 436 436 436 435 435 435 435 436 436 436 436 435 435 435 435 435 435 436 436 436 436 435 435 

M = 242:
242 242 242 242 242 242 243 243 243 243 243 243 243 242 242 242 242 242 242 242 244 244 244 244 244 244 244 242 242 242 242 242 242 242 242 242 242 242 242 242 242 242 242 242 242 242 242 242 242 242 242 242 242 242 242 242 242 242 242 242 242 242 242 242 242 242 242 242 242 242 242 242 242 242 242 242 243 243 243 243 243 243 243 242 242 242 242 242 242 242 

M = 421:
380 380 380 380 421 421 421 421 421 421 421 421 421 421 421 419 419 421 421 421 421 421 421 419 419 421 421 421 421 421 421 421 421 

M = 124:
126 126 126 126 126 126 126 126 126 126 126 126 122 122 122 122 122 122 124 124 124 124 124 124 124 124 124 124 124 124 124 124 124 124 124 124 124 124 124 

M = 167:
169 169 169 169 169 169 169 169 169 169 167 167 167 167 167 167 167 167 167 167 167 167 167 167 167 167 167 167 167 167 167 167 167 167 167 167 167 167 167 167 167 167 167 167 167 167 167 167 167 167 167 167 167 167 167 167 167 167 167 167 172 172 172 172 172 172 172 172 172 172 

M = 138:
136 136 136 136 136 136 136 136 136 136 136 136 136 136 136 136 136 136 136 136 136 136 136 136 136 136 136 136 136 136 136 136 140 140 140 140 140 140 140 140 140 140 140 140 142 142 142 142 142 142 142 142 142 142 142 142 142 142 142 142 142 142 142 142 142 142 142 142 142 142 142 142 142 142 141 141 141 141 138 138 138 138 138 138 138 138 138 138 138 132 132 132 138 138 138 138 138 138 138 138 138 138 138 138 138 138 138 138 138 138 138 138 138 138 138 138 143 143 143 143 143 143 143 143 143 143 143 143 

M = 292:
297 297 297 297 297 297 297 297 318 318 318 318 322 322 322 322 297 297 297 297 297 297 297 297 296 296 296 296 297 297 297 297 322 322 322 322 296 296 296 296 296 296 296 296 318 318 318 318 318 318 318 318 322 322 322 322 322 322 322 322 318 318 318 318 296 296 296 296 293 293 293 290 290 290 293 293 293 293 293 293 290 290 290 290 290 290 290 290 290 290 290 290 290 290 290 290 290 290 293 293 293 290 290 290 293 293 293 290 290 290 293 293 293 293 293 293 290 290 290 293 293 293 293 293 293 293 293 293 290 290 290 293 293 293 290 290 290 293 293 293 290 290 290 290 290 290 290 290 290 290 290 290 321 321 321 321 321 321 316 316 292 321 321 321 321 316 316 292 292 321 321 319 319 292 292 321 321 292 292 319 319 292 292 321 321 292 292 321 321 

M = 178:
181 181 181 181 181 180 180 180 180 180 180 180 180 180 180 178 178 178 178 178 178 178 178 179 179 179 229 229 229 178 178 178 178 178 178 228 228 228 178 178 178 178 178 178 178 178 178 229 229 229 229 229 229 178 178 178 178 178 178 145 145 145 

M = 377:
375 375 375 375 375 377 377 377 377 377 377 377 377 377 377 377 377 377 377 377 377 377 377 377 377 377 377 377 341 341 341 377 377 377 377 377 377 377 377 377 379 379 379 379 

M = 358:
354 354 354 354 354 354 354 354 354 354 354 354 357 357 357 456 456 456 456 456 456 354 354 354 354 354 354 456 456 456 456 456 456 357 357 357 359 359 358 453 453 358 358 359 359 359 359 359 359 358 358 358 358 359 359 451 451 451 451 359 359 

