M = 201:
235 235 235 235 235 235 235 235 206 206 206 206 199 199 199 233 233 208 208 207 207 201 208 208 208 208 201 201 201 201 201 201 208 208 201 201 208 208 208 208 233 233 201 201 208 208 201 201 207 207 208 208 207 207 232 232 201 201 201 201 208 208 201 201 201 201 207 207 208 208 232 232 207 207 

M = 217:
217 217 217 217 217 217 217 216 216 216 216 216 216 

M = 144:
146 146 146 146 146 146 146 146 146 146 146 146 146 146 146 146 146 146 146 146 146 146 146 146 146 144 144 144 144 144 144 144 144 144 144 144 144 144 144 144 144 144 144 144 144 144 144 144 141 141 141 143 143 143 143 143 143 143 143 143 143 143 143 143 143 143 143 143 143 

M = 196:
243 243 243 243 243 243 243 243 243 243 243 243 243 243 243 243 242 242 242 242 242 242 242 242 242 242 242 242 242 242 242 242 194 194 194 194 194 194 194 194 194 194 241 241 241 241 241 241 241 241 241 241 241 241 241 241 241 241 241 241 241 241 241 241 241 241 241 241 241 241 241 241 241 241 193 193 193 193 193 193 193 193 193 193 193 193 193 193 196 196 196 196 196 196 196 196 196 196 196 196 196 196 196 196 196 196 196 196 196 196 196 196 196 196 196 196 196 196 196 196 196 196 196 196 196 196 196 196 196 196 196 130 130 130 127 127 127 130 130 130 127 127 127 127 127 127 130 130 130 130 130 130 197 197 197 130 130 130 130 130 130 127 127 127 130 130 130 130 130 130 239 239 239 197 197 197 130 130 130 127 127 127 127 127 127 130 130 130 130 130 130 130 130 130 130 130 130 130 130 130 130 130 130 127 127 127 

M = 438:
438 438 438 438 438 438 438 438 438 438 438 438 438 438 438 438 438 438 438 438 438 438 438 438 438 438 438 438 438 

M = 249:
249 249 249 249 249 249 249 249 249 249 249 249 249 249 249 249 249 249 249 249 249 249 249 249 249 249 249 249 249 249 249 249 249 249 249 249 249 249 249 249 249 249 249 249 249 249 249 249 249 249 249 249 249 249 249 249 249 249 249 249 249 249 249 249 249 249 249 249 249 249 249 249 249 249 249 249 249 249 249 249 249 249 249 249 249 249 249 249 249 249 249 249 249 249 249 249 249 249 249 249 249 249 249 249 249 249 249 249 249 251 251 251 251 251 251 251 251 251 251 251 251 251 251 251 251 251 251 251 251 251 251 251 251 251 251 251 251 251 251 251 251 251 251 251 251 251 251 251 251 251 251 251 251 251 251 251 251 251 251 251 251 251 251 251 251 251 251 251 251 251 251 251 251 251 251 251 251 251 251 157 157 157 157 157 157 237 237 237 237 

M = 303:
303 303 303 303 303 303 303 303 303 303 303 303 303 303 303 303 303 303 303 303 303 303 303 302 302 302 302 302 302 302 302 302 302 302 302 302 302 302 307 307 307 307 307 307 

M = 178:
179 179 179 177 177 177 177 178 178 178 177 177 181 181 178 178 177 177 177 177 178 178 177 177 178 178 177 177 178 178 177 177 181 181 178 178 177 177 178 178 177 177 178 178 178 178 178 178 181 181 178 178 178 178 178 178 180 180 178 178 177 177 180 180 178 178 178 178 177 177 177 177 177 177 177 177 177 177 

M = 122:
119 119 119 119 119 119 119 119 119 122 122 122 122 122 122 122 122 122 122 122 122 122 122 122 122 122 122 122 122 122 122 122 122 122 122 122 122 122 122 122 

M = 123:
124 124 124 124 124 124 123 123 123 210 210 123 123 123 123 123 123 123 123 123 123 123 123 123 123 

M = 267:
147 147 147 147 147 147 147 147 269 269 269 269 267 267 266 266 266 267 267 267 265 265 265 265 265 265 

M = 136:
136 136 136 136 136 136 136 136 136 136 136 136 136 136 136 136 136 136 136 136 137 137 139 139 137 137 139 139 

M = 440:
440 440 440 440 440 440 440 440 440 440 440 440 440 440 440 440 440 440 440 440 440 440 440 440 440 440 440 440 440 439 439 439 439 439 439 439 439 439 439 

M = 277:
280 280 280 280 280 280 281 281 281 281 281 281 281 281 281 281 281 281 281 281 281 281 281 281 281 281 281 281 281 281 281 281 281 281 281 281 281 281 281 281 281 281 277 277 277 277 277 277 277 277 277 277 277 277 277 277 277 277 277 277 277 277 277 277 277 277 277 277 274 274 274 277 277 277 277 277 277 277 277 277 273 273 273 273 273 273 273 273 273 273 273 273 273 273 273 273 273 273 272 272 273 273 272 272 273 273 273 273 273 273 273 273 272 272 273 273 273 273 273 273 

M = 165:
165 165 165 165 165 165 165 165 165 165 165 165 165 165 165 165 165 165 165 165 165 165 165 165 165 165 165 165 165 165 165 165 165 165 165 165 165 165 165 165 165 165 165 165 165 165 165 165 165 165 165 165 165 165 165 165 165 165 165 165 165 165 165 165 165 165 165 165 165 165 165 165 165 165 165 165 165 165 165 165 165 165 165 165 165 165 165 165 165 165 165 165 165 165 165 165 165 165 165 165 165 165 165 165 165 165 165 165 165 165 165 165 165 165 165 165 165 165 165 165 165 165 165 165 165 163 163 163 163 163 163 163 163 163 163 

M = 167:
162 162 162 162 162 162 162 162 162 162 162 162 162 162 162 162 162 162 167 167 167 167 167 167 167 167 167 167 167 167 167 167 167 167 167 167 167 167 167 167 167 167 167 167 167 167 167 167 167 167 167 167 167 167 167 167 167 167 167 167 167 167 167 167 167 167 167 167 167 167 167 167 167 167 167 167 167 167 167 167 167 167 167 167 167 167 167 167 167 167 167 167 167 167 167 167 167 167 167 167 167 167 167 167 167 167 167 167 167 167 167 167 167 167 167 167 167 167 167 167 167 167 160 160 160 

M = 362:
356 356 356 356 356 356 356 356 356 356 356 356 356 356 356 356 356 356 362 362 362 362 362 362 362 362 362 362 362 362 362 362 362 362 362 362 362 362 354 354 354 362 362 362 362 362 362 362 362 362 362 362 362 362 362 362 

M = 293:
297 297 297 297 297 297 297 297 297 297 297 297 297 297 297 297 297 297 297 297 297 293 293 293 293 293 293 293 293 293 293 293 293 293 293 293 293 293 293 293 293 293 293 293 293 293 293 293 293 293 293 293 293 293 293 293 293 293 293 293 293 293 293 293 293 293 293 293 293 293 293 293 293 293 293 293 293 293 293 293 293 293 293 293 293 285 285 285 285 285 285 285 285 285 285 285 285 

M = 171:
171 171 171 171 171 171 171 171 171 

M = 220:
190 190 190 190 190 190 190 190 190 190 190 190 190 190 190 190 190 190 190 190 190 190 190 190 190 190 190 190 190 190 219 219 219 219 219 219 219 219 219 220 220 220 220 220 220 220 220 220 220 220 220 220 220 220 220 220 220 220 220 220 220 220 220 220 220 220 220 220 220 220 220 220 220 220 220 220 220 220 220 220 220 220 220 220 220 220 220 220 220 220 220 220 220 220 220 220 220 220 215 215 

