M = 201:
206 206 206 206 206 206 206 206 204 204 204 205 205 205 204 204 204 204 204 204 205 205 205 204 204 204 204 204 204 205 205 205 205 205 205 205 205 205 204 204 204 205 205 205 204 204 204 201 201 201 201 201 201 201 201 201 201 201 201 201 201 201 201 201 201 201 201 201 201 201 201 201 201 201 201 201 

M = 147:
147 147 147 147 147 147 147 147 147 147 147 147 147 147 147 147 147 147 147 147 147 147 147 147 147 147 147 147 147 147 147 147 147 147 147 147 147 147 147 146 146 146 146 146 146 146 146 146 146 146 146 146 146 146 146 146 146 146 146 146 146 146 146 146 146 146 146 146 146 146 146 

M = 440:
440 440 440 440 440 440 440 440 440 440 440 440 440 440 440 440 440 440 440 440 440 440 440 440 440 440 440 439 439 439 441 441 441 441 441 441 441 441 441 441 441 441 

M = 265:
265 265 265 265 265 265 265 267 267 267 267 266 266 266 266 265 265 265 265 266 266 266 266 266 266 266 266 267 267 267 267 265 265 265 265 

M = 335:
335 335 336 336 336 330 330 330 336 336 336 336 336 336 336 336 336 336 336 336 335 335 335 335 335 335 336 336 336 336 336 336 336 336 336 336 336 336 331 331 331 339 339 334 334 334 334 403 403 403 403 334 334 334 334 339 339 339 339 334 334 334 334 334 334 334 334 339 339 334 334 403 403 334 334 334 334 334 334 334 334 334 334 

M = 303:
301 301 301 301 301 301 301 301 301 301 303 303 303 303 303 303 303 303 303 303 303 303 303 303 303 303 303 303 303 303 303 303 303 306 306 306 306 

M = 282:
293 293 293 293 281 281 281 281 281 281 281 281 281 281 281 281 281 281 281 281 281 281 281 281 293 293 293 293 281 281 281 281 290 290 290 290 290 290 290 290 290 290 290 290 290 290 290 290 290 290 290 290 290 290 290 290 290 290 290 290 290 290 290 290 290 290 290 290 290 290 290 282 282 282 288 288 282 282 291 291 316 316 278 278 316 316 282 282 278 278 282 282 278 278 317 317 282 282 282 282 291 291 282 282 291 291 282 282 282 282 288 288 282 282 282 282 282 282 282 282 

M = 444:
444 444 444 444 444 444 444 444 444 444 444 444 444 444 359 359 359 359 359 444 444 444 444 444 359 359 359 359 359 444 444 444 444 444 362 362 362 362 362 444 444 444 444 444 444 444 444 444 444 444 444 444 444 444 362 362 362 362 362 444 444 444 444 444 359 359 359 359 359 398 398 398 398 398 398 398 398 398 398 398 398 398 398 398 398 443 443 443 443 443 443 358 358 358 443 443 443 358 358 358 443 443 443 358 358 358 358 358 358 443 443 443 443 443 443 443 443 443 360 360 430 430 430 430 430 430 428 428 430 430 360 360 428 428 430 430 430 430 396 396 396 396 

M = 379:
379 379 379 379 379 379 379 379 379 379 379 379 379 379 379 419 419 419 419 379 379 379 379 379 379 379 379 419 419 419 419 419 419 419 419 379 379 379 379 379 379 379 379 379 379 379 379 419 419 419 419 379 379 379 379 379 379 379 379 379 379 379 379 419 419 419 419 379 379 379 379 419 419 419 419 419 419 419 419 419 419 419 419 379 379 379 379 379 379 379 379 379 379 379 379 379 379 379 379 379 379 379 379 419 419 419 419 421 421 

M = 272:
274 274 274 272 272 272 273 273 272 272 272 272 273 273 272 272 277 277 269 269 

M = 326:
401 401 401 401 324 324 324 324 400 400 400 400 324 324 324 324 401 401 401 401 401 401 401 401 400 400 400 400 324 324 324 324 400 400 400 400 324 324 324 324 326 326 326 326 326 326 326 326 326 326 326 326 326 326 326 326 326 326 326 326 326 326 326 326 326 326 326 326 326 326 326 326 326 326 326 326 326 326 329 329 329 329 329 329 329 329 329 329 

M = 438:
438 438 438 438 438 438 438 438 438 438 438 438 438 438 438 438 438 438 438 438 438 438 438 438 438 438 438 438 438 

M = 178:
178 178 178 178 178 178 178 178 178 178 178 178 178 178 178 179 179 179 179 178 178 178 178 178 178 178 178 178 178 178 178 180 180 180 180 180 180 180 180 178 178 178 178 180 180 180 180 178 178 178 178 178 178 178 178 262 262 182 182 262 262 262 262 229 229 262 262 182 182 229 229 262 262 182 182 262 262 262 262 229 229 229 229 262 262 262 262 262 262 262 262 262 262 262 262 262 262 182 182 182 182 262 262 

M = 164:
164 164 164 164 164 164 164 164 164 165 165 165 165 165 165 165 165 165 165 164 164 164 164 164 164 164 164 164 164 164 164 164 164 164 164 164 164 164 164 164 164 164 164 164 164 164 164 164 164 165 165 165 165 165 165 165 165 165 165 242 242 242 242 242 242 242 242 167 167 167 167 167 167 167 167 167 167 167 167 167 167 162 162 162 162 162 162 162 162 162 162 162 162 162 162 162 162 162 162 161 161 161 161 161 163 163 163 163 163 163 163 163 163 

M = 283:
284 284 284 284 286 286 283 286 286 283 283 283 283 283 283 283 283 286 286 

M = 251:
159 159 159 159 159 159 159 159 159 159 159 159 237 237 237 251 251 251 251 251 250 250 251 251 251 251 250 250 250 250 250 250 251 251 251 251 250 250 251 251 251 251 251 251 251 251 157 157 251 251 251 251 250 250 249 249 250 250 251 251 157 157 250 250 

M = 126:
126 126 126 126 126 126 126 126 126 126 126 126 126 126 126 126 126 126 126 126 119 119 119 119 119 119 119 127 127 127 127 127 127 127 127 127 127 127 127 131 131 131 131 131 131 127 127 127 127 127 127 127 127 127 127 127 127 131 131 131 131 131 131 127 127 127 127 127 127 127 127 127 127 127 127 127 127 127 127 127 127 127 127 127 127 127 127 128 128 128 128 128 123 123 123 123 123 128 128 128 128 128 123 123 123 123 123 135 135 135 135 135 123 123 123 123 123 135 135 135 135 135 123 123 123 123 123 123 123 123 123 123 128 128 128 128 128 135 135 135 135 135 123 123 123 123 123 135 135 135 135 135 122 122 122 122 124 124 124 124 124 124 124 124 124 124 124 124 122 122 122 122 208 208 208 208 208 208 208 208 208 208 208 208 208 208 208 208 208 208 208 208 208 208 208 208 208 208 208 208 208 208 208 208 208 208 208 208 208 208 208 208 208 208 208 208 208 208 208 208 208 208 208 208 208 208 196 196 196 196 196 196 196 196 196 196 196 196 196 196 

M = 172:
172 172 172 172 172 172 172 172 172 172 172 172 172 172 172 

M = 377:
378 378 378 378 376 376 376 377 377 377 377 377 377 377 377 377 377 377 377 377 377 377 377 377 377 377 377 377 377 377 377 377 377 377 377 377 377 377 377 377 377 377 377 377 377 377 377 377 341 341 341 341 341 341 341 341 

M = 220:
190 190 190 190 190 190 190 190 190 190 190 190 190 190 190 190 190 190 190 190 190 190 190 190 190 190 190 194 194 194 194 194 194 194 194 194 194 194 194 194 194 194 194 194 194 194 194 194 194 194 194 194 194 194 194 194 194 194 194 194 194 194 194 194 194 194 194 136 136 136 136 136 136 136 136 136 136 136 136 136 136 136 136 136 136 136 136 193 193 193 193 193 136 136 136 136 136 136 136 136 136 136 193 193 193 193 193 136 136 136 136 136 136 136 136 136 136 136 136 136 136 136 142 142 142 142 130 130 130 130 130 130 130 130 130 130 130 130 130 130 130 130 130 130 130 130 134 134 134 134 130 130 130 130 130 130 130 130 220 220 220 220 220 220 220 220 220 220 220 220 220 220 220 220 220 220 220 220 220 220 220 220 220 220 220 220 220 220 220 220 220 220 220 220 220 220 220 220 220 140 140 215 215 140 140 140 140 140 140 215 215 140 140 140 140 140 140 215 215 141 141 140 140 140 140 140 140 140 140 141 141 140 140 215 215 

