M = 164:
165 165 165 165 165 165 165 165 165 165 165 165 165 165 165 165 165 165 165 165 165 165 165 165 165 165 165 165 165 165 165 165 165 165 165 165 165 165 165 165 165 165 165 165 165 165 165 165 165 165 165 165 165 165 165 165 165 165 165 165 165 165 165 165 165 165 165 165 165 165 165 165 165 165 165 165 165 165 165 165 165 164 164 164 164 164 164 164 164 164 164 164 164 164 164 164 164 164 164 164 164 164 164 164 164 164 164 164 164 164 164 164 164 164 164 164 164 164 164 164 164 164 164 164 164 164 164 164 164 164 164 164 164 164 164 164 164 164 164 164 164 164 164 164 164 164 164 164 164 164 164 164 164 164 164 164 164 164 164 164 164 164 164 164 164 164 164 164 163 163 163 163 163 163 163 163 163 163 163 163 163 163 163 163 163 163 163 163 163 163 163 163 167 167 167 167 162 162 167 167 167 167 167 167 167 167 167 167 167 167 162 162 162 162 167 167 167 167 167 167 167 167 162 162 162 162 162 162 167 167 167 167 

M = 282:
284 284 284 284 284 284 279 279 279 279 279 279 284 284 284 284 284 284 279 279 279 284 284 284 284 284 284 282 291 291 282 282 291 291 291 291 282 282 287 287 282 282 282 282 282 282 282 282 282 282 282 282 291 291 291 291 287 287 282 282 291 291 287 287 282 282 285 285 282 282 282 282 291 291 291 291 287 287 282 282 291 291 

M = 140:
217 217 217 217 217 217 217 217 217 217 217 217 217 217 217 217 217 217 217 217 217 217 217 217 217 217 217 217 217 217 140 140 139 139 139 142 142 142 140 140 140 140 140 140 140 140 140 139 139 139 140 140 140 140 140 140 144 144 144 140 140 140 144 144 144 140 140 140 140 140 140 140 140 140 142 142 142 140 140 140 144 144 144 139 139 139 140 140 140 140 140 140 142 142 142 140 140 140 136 136 136 136 136 136 136 136 136 136 

M = 157:
159 159 159 159 159 159 159 159 159 159 159 159 159 159 159 159 159 159 159 159 159 157 157 157 157 157 157 157 157 157 157 157 157 157 157 157 157 157 157 157 157 157 157 157 157 157 157 157 157 157 157 157 157 157 157 157 157 157 157 157 157 157 157 157 157 157 157 157 158 158 158 158 158 160 160 160 

M = 259:
258 258 258 258 258 259 259 259 259 259 259 259 259 259 258 258 258 258 258 258 258 258 258 258 259 259 259 259 259 259 259 259 259 259 258 258 258 258 258 232 232 

M = 194:
194 194 194 194 194 194 194 194 194 194 194 194 194 194 194 194 194 194 194 194 194 194 194 194 194 194 194 194 194 194 194 194 194 194 194 194 194 194 194 194 194 194 194 194 194 194 194 194 194 194 194 194 194 194 194 194 194 194 194 194 194 194 194 194 194 194 194 194 194 219 219 219 219 219 219 219 219 219 219 190 190 190 190 190 190 190 190 190 190 219 219 219 219 219 190 190 190 190 190 219 219 219 219 219 190 190 190 190 190 193 193 193 193 193 193 193 193 193 193 193 193 193 193 193 193 193 193 193 193 193 130 130 130 130 130 130 130 130 130 130 130 130 130 130 130 130 130 130 130 130 130 130 130 130 130 130 130 130 130 130 130 130 

M = 337:
337 337 337 337 337 337 337 337 337 410 410 337 337 339 339 339 339 339 339 337 337 337 337 337 337 337 337 337 337 337 337 337 337 337 337 337 337 337 337 337 337 410 410 337 337 337 337 

M = 454:
456 456 456 456 456 456 456 359 359 359 359 359 359 359 359 359 359 454 454 358 358 358 452 452 452 454 454 454 453 453 453 453 453 453 453 453 453 453 453 453 453 453 453 358 358 358 454 454 454 454 454 454 452 452 452 454 454 454 453 453 453 453 453 453 454 454 454 454 454 454 454 454 454 358 358 358 358 358 358 454 454 454 454 454 454 454 454 454 454 454 454 454 454 454 453 453 453 453 453 453 454 454 454 454 454 454 449 449 449 449 451 451 451 451 449 449 449 449 425 425 451 451 425 425 449 449 449 449 449 449 449 449 451 451 449 449 451 451 449 449 451 451 451 451 

M = 261:
261 261 261 261 261 261 261 261 261 261 261 261 261 261 261 261 261 261 261 261 261 261 261 261 261 261 261 261 261 261 261 261 261 261 261 261 261 261 261 261 261 261 261 261 261 261 261 261 261 261 261 261 261 261 261 261 261 261 261 261 261 261 261 261 261 261 261 261 261 261 261 261 261 261 261 261 261 261 261 261 261 261 261 261 261 261 261 261 261 263 263 263 263 263 229 229 229 229 229 229 177 177 183 183 183 183 184 184 177 177 184 184 183 183 183 183 184 184 177 177 183 183 183 183 184 184 260 260 260 260 184 184 184 184 177 177 184 184 183 183 184 184 184 184 183 183 260 260 260 260 260 260 183 183 260 260 260 260 260 260 260 260 260 260 183 183 177 177 177 177 184 184 260 260 183 183 260 260 183 183 

M = 428:
356 356 356 356 356 356 356 356 356 356 356 356 356 356 356 356 356 356 356 356 356 356 356 356 356 356 356 356 356 356 356 356 356 356 356 356 356 356 356 356 426 426 426 424 424 424 426 426 426 424 424 424 424 424 424 426 426 426 424 424 424 424 424 424 424 424 424 426 426 426 426 426 426 398 398 428 400 400 399 399 421 421 399 399 354 354 400 400 421 421 428 428 421 421 421 421 400 400 398 398 398 398 354 354 398 398 428 428 428 428 400 400 398 398 428 428 428 428 428 428 428 428 400 400 362 362 428 428 400 400 421 421 428 428 398 398 421 421 428 428 400 400 398 398 428 428 428 428 398 398 421 421 428 428 428 428 354 354 428 428 428 428 399 399 398 398 

M = 122:
120 120 120 120 120 120 120 120 120 120 120 120 120 120 120 120 120 120 120 120 120 120 120 120 122 122 122 121 121 122 122 122 122 122 122 122 122 122 122 122 122 121 121 122 122 122 122 121 121 122 122 119 119 122 122 122 122 122 122 122 122 

M = 347:
347 347 347 347 347 347 347 347 347 347 347 347 347 347 347 347 347 347 347 347 347 347 347 347 347 347 347 347 347 347 347 347 347 347 347 347 347 347 347 347 347 347 347 347 347 347 347 345 345 345 346 346 346 346 346 346 346 346 346 346 346 346 346 346 346 346 346 346 372 372 372 372 372 372 372 372 348 348 372 372 372 372 372 372 372 372 372 372 372 372 372 372 372 372 372 372 

M = 265:
265 265 265 265 265 265 265 265 265 265 265 265 265 265 265 265 265 265 265 265 265 265 265 265 265 265 265 265 265 265 265 265 265 265 265 265 265 265 265 265 265 265 265 265 265 265 265 265 265 265 265 265 265 265 265 265 265 265 265 265 265 265 265 265 265 265 265 265 265 265 265 265 265 265 265 265 265 180 180 180 180 180 180 180 180 180 180 180 180 180 180 180 180 180 180 180 180 180 180 180 180 180 180 180 180 180 180 178 178 178 178 178 178 178 178 178 178 178 178 178 178 178 178 178 178 178 178 178 178 178 178 178 178 178 178 178 178 178 178 178 178 178 178 178 178 178 178 178 178 178 178 178 178 178 178 178 178 178 178 146 146 146 146 146 146 146 146 146 146 146 146 146 146 146 146 146 146 146 146 146 146 146 146 146 146 146 146 146 146 146 146 146 145 145 145 267 267 148 148 267 267 148 148 267 267 267 267 148 148 267 267 148 148 267 267 267 267 267 267 267 267 148 148 148 148 267 267 267 267 267 267 267 267 267 267 267 267 267 267 

M = 242:
242 242 242 242 242 242 242 242 242 242 242 242 242 242 242 242 242 242 242 242 242 242 242 242 242 242 242 242 242 242 242 242 242 242 242 242 242 242 242 242 242 242 242 242 242 242 242 242 242 242 242 242 242 242 242 242 242 242 242 242 242 242 242 242 242 242 242 242 242 242 242 242 242 242 242 242 242 242 242 

M = 312:
305 305 305 305 316 316 323 323 316 316 316 316 316 316 312 323 323 309 309 316 316 305 305 305 305 305 305 313 313 312 312 305 305 313 313 323 323 309 309 309 309 312 312 316 316 313 313 312 312 312 312 316 316 316 316 312 312 312 312 305 305 316 316 309 309 313 313 323 323 316 316 312 312 313 313 316 316 305 305 313 313 309 309 305 305 312 312 319 319 312 312 305 305 312 312 305 305 305 305 312 312 320 320 305 305 309 309 312 312 

M = 370:
370 370 370 370 370 370 370 370 370 370 370 370 370 370 370 370 370 370 370 370 370 370 370 370 370 370 370 370 370 370 370 370 370 370 370 370 370 370 370 370 370 370 370 370 370 370 370 370 370 370 370 370 370 351 351 351 351 368 368 351 351 368 368 368 368 351 351 368 368 351 351 368 368 

M = 251:
251 251 251 251 251 251 251 251 251 251 251 251 251 251 251 251 251 251 251 251 251 251 251 251 251 251 251 251 251 251 251 251 251 251 251 251 251 251 251 251 251 251 251 251 251 251 251 251 251 251 251 251 251 251 251 251 251 251 251 251 251 251 251 251 250 250 250 

M = 249:
248 248 248 248 248 248 248 248 249 249 249 249 249 249 249 249 249 249 249 249 249 249 249 249 249 249 249 249 249 249 249 249 249 249 249 249 249 249 249 249 249 

M = 246:
246 246 246 246 246 246 246 246 246 246 246 

M = 272:
272 272 272 272 272 272 272 272 272 272 272 272 272 272 272 272 272 272 272 272 272 272 272 272 272 272 272 272 272 272 272 272 272 272 272 272 272 272 272 272 272 272 272 272 272 272 272 272 272 272 272 271 271 275 275 273 273 275 275 273 273 273 273 275 275 275 275 275 275 275 275 275 275 271 271 273 273 273 273 275 275 275 275 271 271 273 273 275 275 275 275 273 273 273 273 273 273 273 273 271 271 271 271 273 273 271 271 273 273 

