M = 146:
266 266 266 266 266 266 266 266 268 268 268 268 268 268 268 268 268 268 268 268 268 268 268 268 268 268 268 268 268 268 268 268 268 268 268 268 268 268 268 268 268 268 268 146 146 146 146 146 146 146 146 146 146 146 146 146 146 146 146 146 146 146 146 146 146 146 146 146 146 146 146 146 146 146 146 146 146 146 146 146 146 146 146 146 146 146 146 146 146 146 146 146 146 146 146 146 146 146 146 146 146 146 272 272 148 148 

M = 201:
204 204 204 204 204 204 201 199 199 201 201 235 235 235 235 203 203 235 235 235 235 201 201 201 201 203 203 235 235 201 201 235 235 235 235 201 201 201 201 205 205 201 201 235 235 203 203 203 203 201 201 235 235 206 206 203 203 203 203 201 201 203 203 235 235 203 203 201 201 205 205 205 205 235 235 199 199 201 201 199 199 235 235 203 203 201 201 201 201 201 201 201 201 235 235 

M = 251:
249 249 249 249 249 249 249 249 249 249 249 249 249 249 249 249 249 249 249 249 248 248 248 248 248 249 249 249 249 249 248 248 248 248 248 248 248 248 248 248 249 249 249 249 249 251 251 251 251 251 251 251 251 251 251 251 251 251 251 251 251 251 251 251 251 251 251 251 250 250 250 250 251 251 251 251 251 251 251 251 251 251 251 251 251 251 251 251 251 251 251 251 251 251 251 251 250 250 250 250 237 237 237 237 

M = 140:
141 141 141 141 141 141 141 141 141 141 141 141 141 141 141 139 139 139 139 139 139 139 139 140 140 140 139 139 139 139 140 140 140 140 140 140 140 140 140 140 140 140 139 139 139 139 139 139 139 139 218 218 218 218 218 218 218 218 218 217 217 217 218 218 218 218 218 218 217 217 217 217 217 217 218 218 218 219 219 219 219 219 219 219 219 219 219 219 219 219 219 219 219 219 219 219 219 219 219 219 219 

M = 158:
159 159 159 159 159 158 158 158 158 158 158 158 158 158 158 158 158 158 158 158 158 158 158 158 158 158 158 158 158 157 157 157 157 157 157 157 157 160 160 160 160 160 160 160 160 

M = 337:
336 336 336 336 336 336 336 336 336 336 336 336 336 336 336 337 337 337 337 337 337 337 337 337 337 337 337 337 337 337 334 334 334 334 337 337 337 337 337 337 337 337 337 337 337 337 337 337 337 337 337 337 337 337 334 334 334 334 337 337 337 337 337 337 337 337 339 339 339 403 403 403 403 403 403 339 339 339 339 339 339 403 403 403 339 339 339 403 403 403 403 403 403 339 339 339 403 403 403 403 403 403 403 403 403 339 339 339 403 403 403 339 339 339 339 339 339 341 341 404 404 407 407 404 404 407 407 407 407 332 332 407 407 407 407 404 404 332 332 332 332 341 341 404 404 332 332 407 407 407 407 407 407 332 332 407 407 404 404 407 407 404 404 404 404 332 332 407 407 404 404 407 407 407 407 407 407 407 407 332 332 332 332 404 404 407 407 

M = 196:
194 194 194 194 194 194 194 194 194 194 194 194 194 194 194 194 194 194 194 194 193 193 193 196 196 196 196 196 193 193 193 196 196 196 196 196 196 193 193 193 196 196 196 196 196 196 196 196 196 196 196 196 196 196 196 196 196 196 196 196 196 130 130 130 130 191 191 130 130 130 130 197 197 130 130 130 130 130 130 239 239 130 130 130 130 239 239 239 239 197 197 130 130 130 130 197 197 197 197 239 239 239 239 130 130 130 130 197 197 130 130 130 130 239 239 

M = 137:
137 137 137 137 137 137 137 137 137 137 137 137 137 137 137 136 136 136 136 136 136 136 136 136 136 136 136 136 136 136 136 136 136 136 136 136 136 136 136 136 136 136 136 136 136 136 136 136 136 136 136 138 138 122 122 138 138 134 134 122 122 135 135 138 138 122 122 122 122 122 122 122 122 134 134 122 122 122 122 122 122 135 135 122 122 135 135 138 138 122 122 122 122 122 122 122 122 122 122 134 134 135 135 122 122 122 122 134 134 

M = 307:
305 305 305 305 305 305 305 305 305 305 305 305 305 305 305 305 305 305 305 305 305 305 305 305 305 305 305 305 305 305 305 305 305 305 305 305 305 305 305 305 305 305 305 305 305 305 305 305 305 305 305 305 305 305 305 305 305 305 305 305 312 312 312 312 312 312 312 312 312 312 312 312 312 312 312 312 312 312 312 312 311 311 311 311 311 311 311 311 311 311 311 311 311 311 311 311 311 311 311 311 311 311 311 311 311 311 311 311 311 311 311 311 311 311 311 311 313 313 313 313 311 311 311 311 311 311 311 311 308 308 308 308 306 306 306 314 314 314 307 300 300 297 297 296 296 300 300 297 297 300 300 297 297 307 307 299 299 300 300 300 300 307 307 299 299 296 296 307 307 307 307 307 307 299 299 307 307 307 307 300 300 299 299 307 307 297 297 299 299 307 307 299 299 300 300 307 307 307 307 299 299 299 299 307 307 297 297 299 299 

M = 289:
440 440 440 440 440 440 439 439 439 438 438 438 440 440 440 440 440 440 439 439 439 440 440 440 440 440 440 440 440 440 440 440 440 438 438 438 440 440 440 440 440 440 440 440 440 440 440 440 289 317 317 293 293 288 288 318 318 441 441 293 293 317 317 289 289 293 293 318 318 293 293 288 288 317 317 293 293 317 317 293 293 293 293 289 289 293 293 288 288 441 441 293 293 293 293 318 318 318 318 293 293 289 289 293 293 288 288 289 289 289 289 441 441 289 289 293 293 293 293 289 289 293 293 288 288 441 441 288 288 289 289 293 293 289 289 

M = 261:
263 263 262 262 262 262 262 262 263 263 263 263 261 261 261 263 263 261 261 263 263 261 261 262 262 261 261 263 263 229 229 261 261 261 261 261 261 262 262 261 261 262 262 261 261 261 261 261 261 261 261 261 261 261 261 261 261 263 263 261 261 261 261 

M = 410:
409 409 410 410 410 390 390 390 390 410 410 410 410 410 410 410 410 390 390 410 410 410 410 410 410 410 410 410 410 410 410 410 410 390 390 410 410 410 410 410 410 410 410 410 410 

M = 162:
162 162 163 163 163 162 162 162 162 162 162 162 162 162 163 163 163 

M = 178:
180 180 180 180 180 180 180 180 180 180 180 180 180 180 180 180 180 180 180 180 180 178 182 182 178 178 178 178 177 177 177 177 181 181 119 119 178 178 182 182 177 177 178 178 177 177 177 177 178 178 181 181 178 178 119 119 178 178 178 178 178 178 182 182 119 119 182 182 177 177 178 178 178 178 178 178 178 178 177 177 177 177 177 177 177 177 119 119 182 182 182 182 182 182 

M = 165:
164 164 164 164 164 164 164 164 165 165 165 164 164 164 164 165 165 165 165 165 165 165 165 165 165 165 165 165 165 165 165 165 165 165 165 164 164 164 164 165 165 165 165 165 165 165 165 164 164 164 164 164 164 164 164 165 165 165 165 165 165 165 165 165 165 165 165 165 165 165 165 164 164 164 164 165 165 165 165 164 164 164 164 164 164 164 164 164 164 164 164 164 164 164 164 165 165 165 165 165 165 165 165 164 164 164 164 

M = 373:
346 346 346 346 346 346 346 346 346 345 345 345 346 346 346 346 346 346 346 346 346 346 346 346 346 346 346 372 372 372 372 423 423 423 423 422 422 422 422 372 372 372 372 420 420 347 347 347 347 420 420 344 344 420 420 422 422 422 422 347 347 423 423 420 420 422 422 347 347 372 372 422 422 420 420 423 423 422 422 423 423 422 422 423 423 379 379 420 420 420 420 423 423 372 372 372 372 420 420 379 379 344 344 423 423 420 420 420 420 372 372 423 423 372 372 372 372 372 372 420 420 422 422 344 344 423 423 347 347 422 422 372 372 420 420 373 422 422 347 347 372 372 420 420 420 420 347 347 422 422 423 423 420 420 422 422 347 347 422 422 347 347 

M = 167:
167 167 167 167 167 167 167 167 167 167 167 167 167 167 167 167 167 167 167 167 167 167 167 167 167 167 167 167 167 167 167 167 167 167 167 167 167 167 167 167 167 167 167 167 167 167 167 167 167 167 169 169 

M = 245:
243 243 243 243 243 243 244 244 244 244 244 245 245 245 245 245 245 245 245 245 245 245 245 245 245 245 245 245 245 245 246 246 

M = 349:
455 455 455 455 349 349 349 349 349 349 349 349 349 349 349 357 357 357 349 349 349 349 349 349 451 451 451 349 349 349 451 451 451 349 349 349 349 349 349 456 456 456 451 451 451 456 456 456 349 349 349 349 349 349 349 349 349 349 349 349 450 450 453 453 450 450 450 450 360 360 368 368 450 450 370 370 450 450 368 368 450 450 450 450 368 368 450 450 370 370 368 368 370 370 368 368 370 370 453 453 370 370 450 450 368 368 368 368 370 370 370 370 370 370 453 453 368 368 370 370 370 370 370 370 453 453 370 370 370 370 362 362 368 368 368 368 368 368 370 370 370 370 368 368 368 368 450 450 453 453 360 360 370 370 

M = 326:
326 326 326 326 326 326 326 326 326 326 326 326 326 326 326 326 326 326 326 326 326 326 326 326 326 326 326 326 326 326 326 326 326 326 326 326 326 326 326 326 326 326 326 326 326 326 326 326 326 326 326 326 326 326 326 326 326 326 326 326 326 326 326 326 326 326 326 326 326 326 326 326 326 326 326 326 326 326 326 326 326 326 326 326 326 326 326 326 326 326 319 319 319 319 319 319 319 319 319 319 319 319 319 319 319 319 319 319 319 319 319 319 319 319 319 319 319 319 319 319 319 319 319 319 319 319 319 319 319 319 329 329 329 329 329 319 319 319 319 319 322 322 322 322 322 322 322 322 322 322 322 322 322 322 322 322 401 401 401 320 320 320 401 401 401 320 320 320 320 320 320 401 401 401 401 401 401 320 320 320 401 401 401 401 401 401 400 400 325 325 325 325 324 324 400 400 325 325 325 325 324 324 400 400 324 324 400 400 324 324 400 400 400 400 327 327 325 325 324 324 324 324 

