M = 201:
235 235 235 235 235 235 203 203 203 204 204 204 235 235 235 235 235 235 201 201 204 204 204 204 204 204 235 235 235 204 204 204 204 204 204 235 235 235 235 235 235 235 235 235 201 201 201 204 204 204 201 201 201 235 235 235 201 201 201 201 201 201 235 235 235 235 235 235 201 201 201 204 204 204 204 204 204 201 201 201 235 235 235 235 235 235 203 203 203 203 203 203 235 235 235 204 204 204 203 203 203 203 203 203 201 201 201 201 201 201 235 235 235 203 203 203 201 201 201 203 203 203 201 201 201 235 235 235 201 201 201 201 201 201 235 235 235 201 201 201 204 204 204 201 201 201 204 204 204 204 204 204 201 201 201 201 201 201 204 204 204 204 204 204 204 204 204 204 204 204 235 235 235 206 206 206 206 206 206 206 206 206 206 206 206 206 206 206 206 206 206 206 206 206 206 206 206 206 206 

M = 282:
283 283 283 283 283 283 283 283 283 283 283 283 280 280 280 284 284 284 280 280 280 284 284 284 280 280 280 280 280 280 284 284 284 280 280 280 280 280 280 282 285 285 285 285 282 282 285 285 282 282 282 282 285 285 282 282 279 279 282 282 282 282 282 282 282 282 285 285 285 285 282 282 285 285 285 285 282 282 282 282 282 282 285 285 285 285 285 285 282 282 282 282 282 282 282 282 

M = 319:
318 318 318 318 318 318 318 318 318 318 318 318 318 318 318 318 318 318 318 318 319 319 319 319 319 319 319 319 319 319 319 319 319 319 319 319 319 319 319 319 319 319 319 319 319 319 319 319 319 

M = 268:
266 266 266 266 266 266 266 266 266 266 266 266 265 265 265 265 265 265 266 266 266 266 266 266 266 266 266 266 266 266 268 268 268 268 268 268 268 268 268 268 268 268 268 268 268 268 268 268 268 146 146 146 146 146 146 146 146 146 146 268 268 268 268 268 146 146 146 146 146 146 146 146 146 146 268 268 268 268 268 268 268 268 268 268 268 268 268 268 268 146 146 146 146 146 268 268 268 268 268 146 146 146 146 146 146 146 146 146 146 146 146 146 146 146 268 268 268 268 268 146 146 146 146 146 268 268 268 268 268 267 267 267 267 267 267 267 267 267 267 267 267 267 267 267 267 267 267 267 267 267 267 267 267 273 273 273 273 273 273 273 273 273 273 273 273 273 273 273 273 273 273 272 272 

M = 141:
142 142 142 142 142 141 141 141 141 142 142 142 142 142 140 140 140 140 140 141 141 141 141 141 141 141 141 141 141 140 140 140 140 140 141 141 141 141 141 140 140 140 140 140 141 141 141 141 141 141 141 141 141 141 121 121 121 121 137 137 137 137 136 136 136 139 139 139 136 136 136 144 144 144 139 139 139 144 144 144 136 136 136 216 216 216 218 218 218 136 136 136 144 144 144 216 216 216 139 139 139 136 136 136 144 144 144 144 144 144 144 144 144 136 136 136 136 136 136 139 139 139 218 218 218 139 139 139 144 144 144 219 219 219 219 219 219 138 138 122 122 138 138 122 122 138 138 134 134 138 138 122 122 122 122 122 122 219 219 122 122 122 122 138 138 134 134 122 122 122 122 138 138 122 122 122 122 122 122 134 134 122 122 122 122 122 122 134 134 134 134 

M = 313:
313 313 313 313 313 313 313 312 312 312 312 312 312 312 312 316 316 316 316 316 316 316 316 316 

M = 301:
300 300 300 300 300 300 300 300 300 300 300 300 300 300 300 297 297 297 297 297 297 301 301 301 301 301 301 301 301 299 299 299 297 297 297 297 297 297 301 301 301 301 301 301 301 301 301 299 299 299 301 301 301 301 301 301 301 301 301 301 301 301 301 301 301 301 301 301 301 301 301 297 297 297 

M = 311:
296 296 296 296 296 296 296 296 296 296 296 296 296 296 296 296 311 311 311 311 311 311 311 311 311 311 311 311 311 311 311 311 311 311 311 311 311 311 311 311 311 311 311 311 311 311 311 311 311 311 311 311 311 311 305 305 305 305 305 305 305 305 305 305 305 305 305 305 305 305 305 305 305 305 305 305 305 305 305 305 

M = 440:
439 439 439 439 436 436 436 436 436 436 436 436 441 441 441 441 441 441 441 441 439 439 439 439 439 439 439 439 436 436 436 436 439 439 439 439 436 436 436 436 439 439 439 439 440 440 438 438 438 440 440 440 438 438 438 440 440 440 440 440 440 440 440 440 440 440 440 440 440 440 438 438 438 440 440 440 440 440 440 440 440 440 440 440 440 440 440 440 440 440 440 437 437 437 437 

M = 333:
329 329 329 329 329 329 329 329 329 329 329 329 329 329 329 329 329 329 329 329 329 329 329 329 329 329 329 329 329 329 334 334 334 334 334 403 403 403 403 403 403 403 403 333 333 333 333 333 327 327 327 333 333 333 333 333 333 333 333 333 333 333 333 333 333 333 401 401 401 401 390 390 401 401 390 390 390 390 390 390 401 401 390 390 401 401 401 401 401 401 401 401 401 401 401 401 401 401 401 401 390 390 401 401 390 390 401 401 401 401 401 401 

M = 407:
336 336 336 336 336 336 336 336 336 336 336 336 336 336 336 336 336 336 336 336 336 336 336 336 336 336 336 336 336 336 339 339 339 408 408 338 338 406 406 407 407 407 407 407 407 407 407 407 343 343 408 408 410 410 337 337 341 341 341 341 407 407 337 337 407 407 407 407 407 407 407 407 337 337 406 406 337 337 410 410 407 407 407 407 407 407 341 341 410 410 407 407 407 407 408 408 341 341 410 410 408 408 410 410 341 341 410 410 407 407 337 337 

M = 261:
178 178 178 178 178 178 178 178 178 178 178 178 263 263 263 178 178 178 263 263 263 178 178 178 263 263 263 263 263 263 178 178 178 178 178 178 263 263 263 178 178 178 178 178 178 178 178 178 152 152 261 152 152 262 262 152 152 152 152 261 261 152 152 152 152 261 261 261 261 261 261 152 152 261 261 261 261 262 262 261 261 152 152 152 152 261 261 261 261 261 261 152 152 152 152 262 262 152 152 261 261 261 261 261 261 262 262 261 261 261 261 152 152 152 152 261 261 

M = 321:
326 326 326 326 326 326 326 400 400 400 400 400 400 400 400 321 321 321 321 321 321 321 325 325 321 321 325 325 325 325 325 325 321 321 321 321 325 325 321 321 325 325 325 325 321 321 321 321 399 399 321 321 321 321 325 325 321 321 

M = 242:
245 245 245 245 245 245 245 245 245 245 245 245 245 245 245 245 245 245 245 245 245 242 242 242 242 242 242 242 242 242 242 242 242 242 242 242 242 242 242 242 242 242 242 242 242 242 242 242 242 242 242 242 242 242 242 194 194 196 196 196 196 196 196 196 196 194 194 194 194 194 194 194 194 196 196 196 196 194 194 196 196 194 194 194 194 194 194 194 194 196 196 194 194 

M = 165:
164 164 164 164 164 164 164 164 164 164 165 165 165 165 165 165 165 165 165 165 165 163 163 163 163 165 165 165 165 165 165 165 165 165 165 165 165 165 165 165 165 165 165 165 165 165 165 165 165 165 165 165 165 165 165 165 165 163 163 163 163 167 167 167 167 167 167 162 162 162 167 167 167 167 167 167 167 167 167 167 167 167 167 167 167 167 167 167 167 167 167 162 162 162 162 162 162 167 167 167 167 167 167 

M = 251:
251 251 251 251 251 251 251 251 251 251 251 251 251 251 159 159 159 159 159 251 251 251 251 251 159 159 159 159 159 251 251 251 251 251 251 251 251 251 251 250 250 250 250 250 159 159 159 159 159 251 251 251 251 251 250 250 250 250 250 251 251 251 251 251 251 251 251 251 251 251 251 251 251 251 251 251 251 251 251 251 251 251 251 251 251 251 251 251 251 248 248 248 248 248 250 250 250 250 250 251 251 251 251 251 157 157 157 157 249 249 249 249 157 157 157 157 160 160 160 160 249 249 249 249 249 249 249 249 249 249 249 249 249 249 249 249 157 157 157 157 160 160 160 160 249 249 249 249 237 237 237 237 237 237 237 237 237 

M = 425:
426 426 426 426 425 425 425 425 425 425 425 425 428 428 428 425 425 425 452 452 452 452 452 452 452 452 452 452 452 452 

M = 424:
424 424 424 424 424 424 424 424 424 424 424 424 424 424 424 424 424 424 424 424 424 424 424 421 421 421 421 421 421 419 419 419 419 419 419 419 419 419 419 419 419 379 379 379 379 378 378 

M = 359:
357 357 357 357 360 360 360 360 360 360 360 360 359 359 359 358 358 358 358 357 357 357 357 357 357 357 357 357 357 357 357 357 357 357 357 358 358 358 358 360 360 360 360 359 359 359 359 357 357 357 357 360 360 360 360 359 359 359 359 359 359 359 359 357 357 357 357 357 357 357 357 360 360 360 360 359 359 359 359 362 362 362 364 364 364 364 365 365 364 364 364 364 455 455 364 364 364 364 364 364 365 365 364 364 364 364 364 364 364 364 364 364 

M = 291:
293 293 293 293 293 293 293 293 286 286 286 286 293 293 293 293 293 293 293 293 286 286 286 286 286 286 286 286 293 293 293 293 293 293 293 293 293 293 293 293 286 286 286 286 286 286 286 286 286 286 286 286 292 292 292 292 288 288 291 292 292 288 288 292 292 292 292 288 288 288 288 288 288 287 287 291 291 292 292 288 288 291 291 291 291 292 292 287 287 292 292 291 291 288 288 288 288 288 288 288 288 292 292 292 292 291 291 292 292 292 292 291 291 

