M = 293:
297 297 297 297 297 297 297 297 293 293 293 293 293 293 293 293 293 293 293 293 293 293 293 293 293 293 293 293 293 293 293 293 293 293 293 293 293 293 293 293 293 293 293 293 293 293 293 293 293 293 293 293 293 293 293 296 296 296 296 296 296 296 296 296 296 296 296 296 296 296 296 296 296 296 296 

M = 120:
120 120 120 120 121 121 121 119 119 119 121 121 121 

M = 141:
144 144 144 144 144 144 144 144 142 142 142 142 142 142 142 142 142 216 216 216 216 141 141 141 141 141 141 141 141 141 141 141 216 216 141 141 216 216 216 216 141 141 141 141 141 141 141 141 141 141 141 141 

M = 326:
329 329 329 326 326 326 325 325 334 334 326 326 325 325 325 325 326 326 326 326 326 326 326 326 334 334 325 325 326 326 326 326 326 326 326 326 325 325 334 334 

M = 440:
438 438 438 438 438 438 438 438 438 438 438 438 438 438 438 438 438 438 438 438 438 438 438 438 438 438 438 438 438 438 438 438 440 440 440 440 440 440 440 440 440 440 440 440 440 440 440 440 440 440 440 440 440 440 440 440 440 440 440 440 440 440 440 440 440 440 440 440 440 440 440 440 440 440 440 440 440 440 440 440 440 440 440 440 440 440 440 441 441 441 441 441 441 441 441 441 441 441 441 441 441 441 441 441 441 441 441 441 441 441 441 441 441 441 441 441 441 442 442 442 442 442 442 442 442 435 435 435 435 435 435 435 435 435 435 435 435 435 435 435 437 437 437 

M = 190:
190 190 190 194 194 194 194 190 190 190 190 190 190 190 190 190 190 190 190 190 190 190 190 194 194 194 194 190 190 190 190 172 172 172 191 191 191 191 191 191 172 172 172 218 218 218 218 218 218 172 172 172 191 191 191 172 172 172 172 172 172 172 172 172 218 218 218 191 191 191 218 218 218 171 171 217 217 217 217 219 219 171 171 171 171 171 171 171 171 171 171 171 171 171 171 171 171 171 171 217 217 219 219 

M = 314:
316 316 316 316 316 316 316 313 313 313 313 313 313 312 312 312 312 312 312 312 312 312 312 312 312 312 312 312 312 299 299 299 308 308 308 299 299 299 299 299 299 299 299 299 299 299 299 299 299 299 295 295 318 318 318 318 318 318 314 318 318 314 314 318 318 318 318 295 295 295 295 314 314 318 318 314 314 314 314 318 318 314 314 295 295 318 318 318 318 318 318 314 314 295 295 314 314 295 295 318 318 295 295 295 295 314 314 295 295 318 318 

M = 322:
319 319 319 319 319 319 319 319 319 319 319 319 319 319 322 322 322 322 322 322 322 322 322 322 322 322 322 322 322 322 322 322 322 322 322 322 322 322 322 322 322 322 322 322 322 322 322 322 322 321 321 

M = 356:
356 356 356 356 356 356 356 356 356 356 356 356 356 356 356 356 356 356 356 356 356 356 356 356 356 356 356 359 359 359 359 358 358 358 355 355 

M = 261:
180 180 180 180 180 180 180 180 180 180 180 180 180 180 180 180 180 180 180 180 180 180 180 180 178 178 178 178 178 178 178 178 178 178 178 178 178 178 178 178 178 178 178 178 262 262 262 261 261 261 261 261 261 261 261 261 261 261 261 261 261 261 261 261 262 262 262 262 262 262 261 261 261 261 261 261 261 261 261 263 263 263 177 177 258 258 152 152 258 258 177 177 258 258 152 152 177 177 177 177 152 152 152 152 177 177 257 257 177 177 258 258 258 258 152 152 152 152 257 257 152 152 258 258 257 257 152 152 152 152 152 152 257 257 152 152 258 258 177 177 152 152 152 152 152 152 258 258 

M = 403:
401 401 401 401 401 401 401 401 401 401 401 401 401 401 401 401 401 401 401 401 419 419 419 419 419 379 379 379 379 379 401 401 401 401 401 401 401 401 401 401 379 379 379 379 379 401 401 401 401 401 377 377 377 377 377 377 377 377 377 377 377 377 403 403 403 403 403 403 403 403 403 403 403 403 403 403 403 403 403 403 403 377 377 377 377 403 403 403 403 377 377 377 377 377 377 377 377 403 403 403 403 338 338 338 338 338 338 338 338 338 335 335 335 335 335 335 335 335 335 335 

M = 411:
411 411 411 411 411 411 411 411 411 411 411 

M = 228:
182 182 182 182 182 182 182 182 182 182 182 182 182 182 182 182 182 182 229 229 229 229 228 229 229 229 229 229 229 228 228 228 228 229 229 228 228 228 228 228 228 228 228 229 229 228 228 228 228 229 229 228 228 228 228 228 228 228 228 229 229 228 228 229 229 

M = 279:
283 283 283 283 283 283 283 283 283 283 283 283 284 284 284 284 284 284 284 284 284 284 284 284 301 301 301 301 301 301 301 301 301 301 279 279 279 279 279 279 279 279 279 279 279 279 279 279 279 279 279 279 279 279 279 279 279 279 279 279 279 279 279 279 279 279 279 279 279 282 282 282 273 273 273 276 276 276 273 273 273 273 273 273 282 282 282 273 273 273 273 273 273 281 281 281 282 282 282 273 273 273 273 273 273 273 273 273 282 282 282 282 282 282 273 273 273 282 282 282 282 282 282 273 273 273 281 281 281 273 273 273 282 282 282 273 273 273 281 281 281 282 282 282 282 282 282 273 273 273 273 273 273 273 273 273 273 273 273 273 273 273 282 282 282 281 281 281 282 282 282 282 282 282 281 281 281 275 275 305 305 275 275 305 305 275 275 305 305 305 305 305 305 305 305 275 275 275 275 305 305 305 305 305 305 305 305 305 305 305 305 305 305 

M = 267:
147 147 147 147 265 265 265 265 265 265 265 265 265 265 265 265 147 147 147 147 146 146 146 146 146 146 146 146 265 265 265 265 147 147 147 147 265 265 265 265 146 146 146 146 265 265 265 265 147 147 147 147 145 145 145 145 268 268 268 268 268 268 268 268 268 268 268 268 268 268 268 266 266 266 268 268 268 266 266 266 268 268 268 269 269 269 268 268 268 266 266 266 266 266 266 268 268 268 268 268 268 268 268 268 266 266 266 268 268 268 272 272 272 268 268 268 268 268 268 266 266 266 266 266 266 268 268 268 266 266 266 266 266 266 266 266 266 268 268 268 266 266 266 267 267 267 267 267 267 267 267 267 267 267 270 270 270 270 267 267 267 267 270 270 267 267 267 267 267 267 270 270 267 267 

M = 444:
428 428 428 428 428 428 428 428 428 428 428 428 428 428 428 428 443 443 443 443 443 443 361 361 444 444 444 444 444 444 444 444 444 361 361 361 361 444 444 361 361 444 444 444 444 365 365 444 444 361 361 444 444 444 444 444 444 444 444 365 365 444 444 444 444 444 444 

M = 245:
243 243 243 243 243 243 243 243 243 243 243 243 243 243 243 243 243 243 243 243 243 243 243 243 243 243 243 243 243 243 243 243 243 243 243 243 243 243 243 243 243 243 243 243 243 243 243 243 243 243 243 243 243 243 240 240 240 240 240 240 240 240 245 245 244 244 244 245 245 245 245 245 245 245 245 245 244 244 244 245 245 245 244 244 244 245 245 245 244 244 244 245 245 245 244 244 244 245 245 245 245 245 245 244 244 244 245 245 245 245 245 245 244 244 244 245 245 245 245 245 245 245 245 245 245 245 245 245 245 245 245 245 245 244 244 244 244 244 244 244 244 244 244 244 244 244 244 244 245 245 245 245 245 245 

M = 349:
349 349 349 349 349 455 455 349 349 347 347 370 370 421 421 456 456 456 456 349 349 349 349 370 370 347 347 370 370 451 451 349 349 370 370 349 349 349 349 370 370 370 370 456 456 456 456 456 456 370 370 349 349 421 421 349 349 456 456 370 370 349 349 456 456 347 347 349 349 347 347 347 347 349 349 456 456 349 349 370 370 349 349 

M = 162:
164 164 164 164 164 164 164 164 164 164 164 164 164 164 164 164 164 164 164 164 164 164 164 164 164 164 164 164 164 164 164 164 164 164 164 164 164 164 164 164 164 164 165 165 165 165 165 165 165 162 162 162 162 162 167 167 167 167 167 167 167 167 167 167 167 167 162 162 162 162 162 162 162 162 162 162 162 162 162 162 162 162 162 162 162 162 162 162 162 162 162 162 162 162 162 162 157 157 157 157 157 157 157 157 157 157 157 157 157 157 157 157 157 157 159 159 159 157 157 157 159 159 159 157 157 157 157 157 157 157 157 157 157 157 157 157 157 157 158 158 158 158 158 158 250 250 

M = 291:
288 288 288 288 288 288 288 291 291 291 291 291 291 291 291 291 291 291 291 291 291 291 291 291 291 291 291 291 291 291 291 290 290 290 292 292 292 290 290 290 292 292 292 290 290 290 290 290 290 290 290 290 285 285 285 290 290 290 290 290 290 292 292 292 

