M = 147:
265 265 265 265 265 265 265 265 265 146 146 146 146 146 146 147 147 147 147 147 146 146 146 146 146 146 147 147 147 147 147 147 178 178 178 178 178 178 178 178 178 178 178 178 178 178 178 178 178 178 178 178 178 178 178 178 178 178 178 178 178 178 178 178 178 268 268 268 268 267 267 268 268 268 268 

M = 142:
142 142 142 142 142 142 142 139 139 139 140 140 140 144 144 144 140 140 140 

M = 206:
206 206 206 206 206 206 206 206 206 206 206 206 206 206 206 206 206 206 206 206 206 206 206 206 206 206 206 206 206 206 206 206 206 206 206 206 206 206 204 204 204 204 

M = 159:
159 159 159 159 159 159 159 159 159 161 161 161 161 

M = 158:
158 158 158 158 158 158 158 158 158 158 158 158 158 158 158 158 158 158 158 157 157 157 157 

M = 242:
243 243 243 243 243 243 243 243 243 243 244 244 244 244 244 244 244 244 244 242 242 242 242 242 242 242 242 242 242 242 242 242 242 242 242 242 242 242 242 242 242 242 242 242 242 242 242 242 242 242 242 242 242 242 242 242 242 242 242 242 242 242 242 242 242 242 242 242 242 242 242 242 242 242 242 242 242 242 242 242 242 242 242 242 242 242 242 242 242 242 242 242 242 242 242 242 242 242 242 242 242 242 242 242 242 242 

M = 454:
454 454 454 454 454 454 454 454 359 359 359 454 454 454 454 454 454 454 454 454 454 454 454 

M = 122:
122 122 122 122 122 122 122 122 122 122 122 122 122 122 122 122 122 122 122 122 122 122 122 122 122 122 122 122 122 

M = 219:
219 219 219 219 219 219 219 219 219 219 219 219 219 219 219 219 219 219 219 219 219 219 219 219 219 219 219 219 219 219 219 219 219 219 190 190 190 190 190 190 217 217 217 217 217 217 190 190 190 190 190 190 217 217 217 217 217 217 217 217 217 217 217 217 190 190 190 190 190 190 217 217 217 217 217 217 190 190 190 190 190 190 191 191 191 191 191 191 134 134 134 134 134 134 134 134 134 134 134 134 300 300 300 300 

M = 180:
180 180 180 180 180 180 180 180 180 180 180 180 180 180 180 180 180 

M = 123:
137 137 137 137 137 136 136 136 136 136 136 136 136 136 136 136 136 136 136 136 136 136 136 136 136 136 136 136 136 136 136 136 136 136 136 136 136 136 136 136 136 136 136 136 136 136 136 136 136 136 137 137 137 137 137 123 123 123 123 123 123 123 123 123 123 123 123 123 123 123 123 123 123 123 123 123 123 123 123 123 123 123 123 123 123 123 123 123 123 123 123 123 123 123 123 123 123 123 123 123 123 123 123 123 123 123 123 123 123 123 123 123 123 123 

M = 261:
229 229 229 229 229 261 261 261 261 261 261 261 261 261 261 261 261 261 261 261 261 261 261 261 261 261 261 261 261 261 261 261 261 261 261 261 261 261 261 261 261 261 261 261 261 261 261 261 261 261 261 261 261 261 261 261 261 261 261 261 261 261 261 261 

M = 401:
326 326 326 335 335 335 326 326 326 336 336 336 336 336 336 379 379 379 335 335 335 379 379 379 379 379 379 339 339 339 326 326 326 339 339 339 339 339 339 379 379 379 379 379 379 379 379 379 379 379 379 336 336 336 327 327 327 335 335 335 438 438 438 379 379 379 336 336 336 336 336 336 379 379 379 339 339 339 336 336 336 401 400 400 293 293 377 377 293 293 377 377 325 325 338 338 316 316 421 421 331 331 377 377 325 325 293 293 322 322 401 401 377 377 439 439 293 293 338 338 325 325 377 377 322 322 400 400 421 421 401 401 319 319 325 325 331 331 293 293 400 400 319 319 325 325 377 377 293 293 439 439 377 377 400 400 331 331 338 338 318 318 322 322 331 331 400 400 377 377 401 401 322 322 293 293 401 401 400 400 322 322 293 293 315 315 325 325 400 400 377 377 319 319 377 377 401 401 338 338 421 421 338 338 319 319 325 325 401 401 377 377 322 322 319 319 293 293 322 322 331 331 315 315 421 421 

M = 127:
127 127 127 126 126 126 126 127 127 127 127 127 127 127 127 127 127 127 127 126 126 126 126 126 126 126 126 126 126 126 126 131 131 131 131 126 126 126 126 126 126 126 126 127 127 127 127 127 127 127 127 126 126 126 126 128 128 128 128 132 132 

M = 194:
194 194 194 194 193 193 193 193 193 194 194 194 194 194 193 193 193 193 193 194 194 194 194 194 193 193 193 193 193 194 194 194 194 194 194 194 194 194 194 194 194 194 194 194 194 194 194 194 194 194 194 194 194 194 193 193 193 193 193 194 194 194 194 194 194 194 194 194 194 194 194 194 194 194 194 194 194 194 194 194 194 194 194 194 194 194 194 194 194 196 196 196 196 196 196 196 196 196 196 196 196 240 240 240 196 196 196 196 196 196 240 240 240 196 196 196 196 196 196 196 196 196 196 196 196 130 130 130 130 130 130 130 130 130 130 130 130 130 130 130 130 130 130 130 130 

M = 124:
124 124 124 124 124 124 124 124 124 124 124 124 124 124 124 124 124 124 124 124 

M = 250:
250 250 250 250 250 250 250 250 250 250 250 250 250 250 250 250 250 250 250 250 250 250 250 250 250 250 250 251 251 251 251 251 251 251 251 251 251 251 251 251 251 251 251 251 251 251 251 251 251 251 251 239 239 237 237 249 249 249 249 249 249 237 237 249 249 249 249 249 249 237 237 249 249 249 249 239 239 239 239 249 249 249 249 237 237 237 237 239 239 249 249 

M = 167:
165 165 165 165 165 165 165 165 165 165 165 165 165 165 165 165 165 165 165 165 165 165 165 165 165 165 165 165 165 165 165 165 165 165 165 165 165 165 165 165 165 165 167 167 167 167 167 167 167 167 167 167 167 167 167 167 167 167 167 167 167 167 167 167 167 167 167 167 167 167 167 167 167 167 167 167 167 167 167 167 167 167 167 167 167 167 167 167 167 167 167 167 167 167 167 167 167 167 167 167 167 172 172 172 172 172 172 297 297 297 172 172 172 172 172 172 171 171 171 

M = 370:
411 411 411 411 368 368 368 365 365 365 365 365 365 368 368 368 368 368 368 368 368 368 368 368 368 368 368 368 365 365 365 388 388 364 364 347 347 370 364 364 364 364 370 370 346 346 370 370 347 347 364 364 370 370 370 370 364 364 388 388 346 346 364 364 346 346 364 364 347 347 388 388 346 346 370 370 347 347 370 370 346 346 370 370 346 346 388 388 370 370 370 370 364 364 347 347 346 346 346 346 370 370 364 364 346 346 346 346 370 370 347 347 364 364 346 346 347 347 346 346 347 347 370 370 345 345 346 346 347 347 364 364 370 370 364 364 347 347 364 364 

M = 163:
164 164 164 164 164 164 164 164 162 162 162 162 162 162 163 163 163 163 163 163 163 163 163 163 163 163 163 

