M = 146:
145 145 145 145 145 145 146 146 146 146 146 147 147 147 146 146 146 146 146 146 145 145 145 146 146 146 146 146 146 145 145 145 149 149 149 149 149 149 149 149 149 149 149 149 149 149 149 149 149 149 

M = 201:
201 201 201 201 201 201 201 201 201 201 201 201 201 201 201 201 201 201 201 201 201 201 201 201 201 201 201 201 201 201 201 201 201 201 201 201 201 201 203 203 

M = 282:
283 283 283 283 283 283 283 283 283 283 283 283 286 286 286 286 286 286 286 286 286 286 286 286 286 286 286 286 286 286 286 286 291 291 291 291 291 291 288 288 288 291 291 291 282 293 293 293 293 282 282 293 293 282 282 293 293 282 282 282 282 293 293 282 282 282 282 282 282 282 282 282 282 293 293 293 293 282 282 293 293 293 293 282 282 282 282 293 293 293 293 293 293 293 293 293 293 282 282 293 293 293 293 282 282 282 282 282 282 

M = 250:
250 250 250 250 250 250 250 250 250 250 250 250 250 250 250 250 250 250 250 250 250 250 250 250 250 250 250 250 250 250 250 250 250 250 250 250 250 250 250 250 250 250 250 250 250 250 250 250 251 251 251 251 251 251 251 251 251 251 251 251 251 251 251 251 251 251 251 251 251 251 251 251 251 251 251 251 251 251 251 251 251 251 251 248 248 248 248 248 248 248 248 248 248 158 158 158 158 158 158 158 158 158 158 158 158 158 158 158 158 158 158 158 158 158 158 158 158 158 158 158 158 158 158 158 158 158 158 158 158 158 158 158 158 249 249 249 249 249 249 249 249 249 249 249 249 249 249 249 249 249 249 249 249 249 249 249 249 

M = 243:
244 244 244 244 244 244 244 244 244 244 244 243 243 243 243 243 243 243 243 243 243 243 243 243 243 243 243 243 243 243 243 243 243 243 243 243 243 242 242 242 242 242 242 242 242 242 245 245 245 245 245 245 245 245 245 245 245 245 245 245 245 245 

M = 206:
206 206 206 206 206 206 206 206 206 206 206 206 206 206 206 206 206 206 206 206 206 206 206 208 208 208 208 208 209 209 209 209 209 209 207 207 207 207 209 209 207 207 

M = 312:
308 308 308 308 308 308 305 305 305 308 308 308 305 305 305 305 305 305 312 306 306 312 312 312 312 312 312 313 313 312 312 312 312 313 313 313 313 312 312 312 312 312 312 312 312 312 312 312 312 312 312 312 312 312 312 312 312 312 312 312 312 

M = 197:
127 127 127 127 127 127 127 127 127 127 127 127 127 127 127 127 127 127 127 127 197 197 197 197 197 197 197 197 197 197 197 197 197 197 197 197 197 197 197 197 197 197 197 197 197 197 197 197 197 197 197 197 197 197 197 197 197 197 197 197 197 197 197 197 197 197 197 197 197 197 197 197 197 197 197 197 197 197 197 197 197 197 197 197 196 196 196 196 196 196 196 196 196 196 196 196 196 196 196 196 196 196 196 196 196 196 196 196 196 196 196 196 196 196 196 196 196 196 196 196 125 125 125 125 196 196 196 196 196 196 196 196 196 196 196 196 196 196 196 196 196 196 196 196 196 196 196 196 198 198 198 198 

M = 193:
190 190 190 190 190 190 190 190 190 190 190 190 190 190 190 190 193 193 193 193 193 193 193 193 193 193 193 193 193 193 193 193 193 193 193 130 130 130 130 130 193 193 193 193 193 130 130 130 130 130 130 130 130 130 130 130 130 130 130 130 193 193 193 193 193 193 193 193 193 193 130 130 130 130 130 130 130 130 130 130 132 132 132 132 132 132 132 132 132 220 220 220 220 220 220 220 220 220 220 220 220 220 220 220 220 220 220 220 220 220 220 220 220 220 220 220 220 

M = 182:
181 181 181 181 182 182 182 182 182 182 182 182 182 182 182 182 182 182 182 182 182 182 182 182 182 182 182 182 182 182 182 182 182 182 182 182 230 230 230 182 182 182 182 182 182 229 229 228 228 228 228 261 261 261 261 229 229 228 228 228 228 229 229 228 228 228 228 261 261 261 261 261 261 261 261 228 228 229 229 228 228 228 228 

M = 122:
124 124 124 124 124 124 124 124 124 124 124 124 124 124 124 124 124 124 124 124 124 124 124 124 124 124 124 124 124 124 124 124 123 123 123 123 123 122 122 122 122 122 122 122 122 122 122 122 122 122 122 122 122 122 122 122 122 122 122 122 122 122 122 122 122 122 123 123 123 123 123 122 122 122 122 122 123 123 123 123 123 122 122 122 122 122 122 122 122 122 122 122 122 122 122 122 122 122 122 122 122 122 122 122 122 122 123 123 123 123 123 123 123 123 123 123 122 122 122 122 122 122 122 122 122 122 122 122 122 122 122 123 123 123 123 123 

M = 273:
275 275 275 273 273 273 273 273 273 273 273 273 273 273 273 273 273 273 273 273 273 273 273 273 273 273 273 273 273 

M = 265:
269 269 269 269 264 264 264 264 264 264 266 266 266 264 264 264 264 264 264 266 266 266 266 266 266 266 266 266 266 266 266 266 266 266 265 265 265 265 265 265 265 265 265 267 267 267 267 267 267 265 265 265 265 267 267 265 265 265 265 267 267 265 265 265 265 265 265 267 267 267 267 265 265 265 265 

M = 165:
165 165 165 165 165 165 165 165 165 165 165 165 165 165 165 165 165 165 165 165 165 165 165 165 165 165 165 165 165 165 165 165 165 165 165 165 165 165 165 165 165 165 165 165 165 165 165 165 165 165 165 165 165 165 165 165 165 165 165 165 165 165 165 165 165 165 165 165 165 165 165 164 164 164 164 164 164 164 164 164 164 164 164 164 164 164 164 164 164 164 164 164 164 164 164 164 164 164 164 164 164 163 163 163 163 163 163 163 163 163 

M = 281:
281 281 281 281 281 281 281 281 281 281 281 281 281 281 281 281 281 

M = 279:
277 277 277 277 277 301 301 301 301 279 279 279 279 279 279 279 279 279 279 279 279 279 279 279 279 279 279 279 301 301 301 301 279 279 279 279 279 279 279 279 301 301 301 301 300 300 300 303 303 303 303 

M = 139:
134 134 134 134 134 134 134 134 134 134 134 134 134 134 134 134 134 134 134 134 134 134 134 134 134 134 134 134 134 134 134 134 136 136 136 136 136 136 136 136 136 136 136 136 136 136 136 136 136 136 139 139 139 139 139 139 139 139 139 139 139 139 139 139 139 139 139 139 139 139 139 139 139 139 139 139 139 139 139 140 140 140 140 140 139 139 139 139 139 139 139 139 139 139 139 139 139 139 139 140 140 140 140 140 139 139 139 139 139 139 139 139 139 139 139 139 139 139 139 139 139 139 139 139 142 142 142 142 142 142 

M = 167:
169 169 169 169 169 169 169 167 167 167 167 167 167 167 167 167 167 167 167 167 167 167 167 167 167 167 167 167 167 167 167 167 167 167 167 167 167 167 167 167 167 167 167 167 167 167 167 167 167 167 167 162 162 162 162 162 162 162 162 162 162 162 162 162 162 161 161 

M = 257:
258 258 258 258 258 258 258 258 258 258 258 258 259 259 259 152 152 152 152 152 152 257 152 152 231 231 257 257 232 232 152 152 257 257 257 257 231 231 152 152 257 257 152 152 231 231 232 232 231 231 257 257 

M = 426:
356 356 356 356 356 356 356 356 356 356 356 356 356 356 356 356 356 356 356 356 359 359 359 424 424 424 454 454 454 424 424 424 454 454 454 359 359 359 426 426 424 424 424 424 424 424 424 424 424 428 428 428 396 396 396 454 454 454 454 454 454 430 430 430 359 359 359 424 424 424 454 454 454 426 426 426 424 424 424 424 424 424 454 454 454 424 424 424 454 454 454 362 362 362 454 454 454 454 454 454 430 430 430 396 396 396 454 454 454 454 454 454 454 454 454 428 428 428 454 454 454 454 454 454 454 454 454 430 430 430 396 396 396 396 396 396 453 453 419 419 425 425 421 421 419 419 419 419 453 453 421 421 453 453 421 421 400 400 400 400 425 425 419 419 400 400 453 453 453 453 400 400 400 400 400 400 421 421 419 419 453 453 453 453 421 421 

