M = 146:
145 145 145 145 145 145 145 146 146 146 146 146 146 146 146 146 146 146 146 146 146 146 146 146 146 146 146 145 145 145 145 145 145 145 144 144 144 144 144 144 177 177 177 177 177 177 177 177 177 177 177 177 177 177 177 265 265 265 265 265 267 267 267 267 267 177 177 177 177 177 178 178 178 178 269 269 269 269 269 269 271 271 148 148 148 148 

M = 235:
235 235 235 235 235 235 235 235 235 235 235 235 235 235 235 235 235 235 235 235 235 235 235 235 235 

M = 204:
205 205 205 205 205 205 205 205 205 205 206 206 206 206 204 204 204 204 204 204 204 206 206 206 206 204 204 204 204 204 204 204 204 204 204 204 204 204 204 204 204 203 203 203 203 

M = 210:
120 120 120 120 120 120 120 120 120 208 208 208 208 208 208 208 208 208 208 208 208 208 208 208 210 210 210 210 210 210 210 210 210 210 210 124 124 124 124 210 210 210 210 210 210 210 210 124 124 124 124 210 210 210 210 210 210 210 210 210 210 210 210 210 210 210 210 124 124 124 124 210 210 210 210 210 210 210 210 210 210 210 210 210 210 210 210 210 210 210 210 210 210 210 210 210 210 210 210 210 210 210 210 210 210 210 210 210 210 210 210 122 122 122 122 122 122 122 122 122 122 122 122 122 122 122 122 122 122 122 122 122 122 122 122 122 122 122 122 122 122 127 127 127 127 127 127 125 125 127 127 127 127 127 127 127 127 

M = 141:
217 217 217 217 141 141 141 141 141 141 141 141 141 141 141 141 141 141 141 141 141 141 141 141 141 141 141 141 141 141 141 141 141 141 141 141 141 141 141 139 139 139 139 138 138 139 139 139 139 138 138 139 139 140 140 138 138 138 138 139 139 139 139 139 139 

M = 194:
191 191 191 191 191 194 194 194 218 218 218 218 194 194 194 194 190 190 190 190 194 194 194 194 194 194 194 194 218 218 218 218 194 194 194 194 194 194 194 194 190 190 190 190 194 194 194 194 194 194 194 194 194 194 194 194 194 194 194 194 219 219 219 219 219 219 219 219 219 219 219 219 219 219 219 219 219 219 219 219 219 193 193 193 193 193 193 128 128 128 128 

M = 301:
305 305 305 305 305 305 305 305 305 305 305 305 305 305 305 305 301 301 301 301 301 301 301 301 301 301 301 301 301 301 301 301 301 301 301 301 301 301 301 308 308 

M = 242:
243 243 243 243 243 243 243 243 242 242 242 242 242 242 242 242 242 242 242 242 242 242 242 242 242 242 242 242 242 242 242 242 242 242 242 242 242 242 242 242 242 242 242 242 242 242 242 242 242 242 242 242 242 242 242 242 242 242 242 242 242 242 242 242 242 242 242 242 242 242 242 242 242 242 242 242 242 242 242 242 242 242 242 242 245 245 245 245 245 

M = 158:
158 158 157 157 157 158 158 158 161 161 161 157 157 157 158 158 158 158 158 158 161 161 161 158 158 158 157 157 157 158 158 158 161 161 161 158 158 158 158 158 158 

M = 405:
339 339 339 339 341 341 341 341 337 337 337 337 337 337 415 415 415 337 337 337 337 337 337 337 337 337 406 406 406 415 415 415 336 336 336 377 377 377 336 336 336 337 337 337 406 406 406 337 337 337 415 415 415 383 383 345 345 338 338 342 342 342 342 383 383 383 383 383 383 379 379 342 342 383 383 383 383 405 405 405 405 405 338 338 383 383 342 342 405 405 338 338 405 405 405 405 383 383 342 342 383 383 405 405 405 405 345 345 345 345 383 383 379 379 405 405 405 405 338 338 405 405 

M = 241:
241 241 241 241 241 241 241 241 241 241 241 241 241 241 241 241 241 241 241 241 241 241 241 241 241 241 241 241 241 241 241 241 241 241 241 241 241 241 241 241 241 241 241 241 240 240 240 240 

M = 401:
327 327 327 401 401 401 401 401 327 327 327 401 401 401 327 327 327 327 327 327 399 399 399 400 400 400 327 327 327 401 401 401 400 400 400 401 401 401 401 401 401 401 401 401 327 327 327 399 399 399 324 324 324 324 324 324 324 324 

M = 134:
134 134 134 134 134 216 216 216 134 134 134 134 134 134 134 134 134 134 134 134 134 134 134 216 216 216 134 134 134 134 134 134 134 134 134 134 134 134 134 134 134 134 134 134 131 131 132 132 136 136 132 132 136 136 136 136 132 132 131 131 136 136 136 136 132 132 132 132 136 136 132 132 132 132 132 132 131 131 136 136 136 136 132 132 136 136 136 136 136 136 131 131 136 136 136 136 136 136 132 132 136 136 136 136 132 132 

M = 164:
165 165 165 165 165 165 165 165 165 165 165 165 165 165 165 165 165 165 165 165 165 165 165 165 165 165 165 165 165 165 165 165 165 165 165 165 165 165 165 165 165 165 165 165 165 165 165 165 165 165 165 165 165 165 165 165 165 165 165 165 165 165 165 165 165 165 165 165 165 165 165 165 165 165 165 165 165 165 165 165 165 165 165 165 164 164 164 164 164 164 164 164 164 164 164 164 164 164 164 164 164 164 164 164 164 164 164 164 164 164 164 164 164 164 164 164 164 164 164 164 164 164 164 164 164 164 164 164 164 164 164 164 164 164 164 164 164 164 164 164 164 164 164 164 164 164 164 164 164 164 164 164 164 164 164 164 164 164 164 164 164 164 164 164 164 164 164 163 163 163 163 163 163 167 167 171 171 167 167 167 167 167 167 171 171 171 171 167 167 171 171 171 171 167 167 167 167 162 162 162 162 167 167 167 167 162 162 170 170 171 171 162 162 171 171 162 162 170 170 162 162 167 167 162 162 167 167 167 167 

M = 226:
180 180 180 180 180 180 180 180 181 181 181 181 181 181 181 181 182 182 182 182 182 182 182 182 182 182 182 182 182 182 182 182 182 182 182 182 182 182 182 182 226 226 226 226 226 226 226 226 226 226 226 226 226 226 226 226 226 226 226 226 226 226 226 226 226 226 226 226 226 226 226 226 226 226 226 226 226 226 226 226 226 226 226 226 262 262 262 262 184 184 207 207 207 207 207 207 207 207 207 207 207 207 

M = 282:
286 286 286 283 283 283 283 283 283 282 282 286 286 286 282 282 282 282 282 282 286 286 286 286 286 286 282 282 282 283 283 283 286 286 286 313 313 313 284 284 284 282 282 282 281 281 281 286 286 286 283 283 283 283 283 283 286 286 286 281 281 281 282 282 282 281 281 281 313 313 313 313 313 313 281 281 281 282 282 282 283 283 283 282 282 282 286 286 286 282 282 282 282 282 282 279 279 277 277 277 277 

M = 249:
249 249 249 249 249 249 249 249 249 249 249 249 249 249 249 249 249 249 249 249 249 249 249 249 249 249 249 249 249 249 249 249 249 249 249 249 249 249 249 249 249 249 249 249 249 249 249 249 249 251 251 251 251 237 237 237 239 239 239 237 237 237 237 237 237 237 237 237 197 197 197 197 197 197 197 197 197 197 197 197 197 197 197 197 

M = 293:
438 438 438 297 297 297 438 438 438 317 317 317 291 291 291 297 297 297 291 291 291 316 316 316 316 316 316 312 312 312 288 288 288 320 320 320 312 312 312 438 438 438 440 440 293 293 293 293 293 440 440 293 293 440 440 294 294 440 440 293 293 440 440 440 440 440 440 440 440 293 293 293 293 440 440 440 440 440 440 294 294 293 293 293 293 293 293 440 440 293 293 440 440 293 293 440 440 293 293 293 293 440 440 440 440 293 293 440 440 294 294 440 440 294 294 

M = 427:
398 398 398 421 421 421 398 398 398 421 421 421 421 421 421 421 421 421 428 428 428 398 398 398 398 398 398 428 428 428 428 428 428 421 421 421 428 428 428 421 421 421 398 398 398 447 447 359 359 447 447 447 447 427 427 427 372 372 427 427 359 359 427 427 426 426 426 426 424 424 427 427 427 427 427 427 427 427 419 419 447 447 372 372 372 372 447 447 447 447 424 424 419 419 447 447 419 419 426 426 447 447 372 372 447 447 354 354 447 447 427 427 426 426 359 359 427 427 426 426 427 427 426 426 447 447 359 359 426 426 356 356 447 447 427 427 359 359 372 372 427 427 447 447 356 356 424 424 426 426 426 426 359 359 427 427 372 372 426 426 372 372 447 447 426 426 427 427 419 419 424 424 426 426 447 447 447 447 427 427 372 372 419 419 427 427 359 359 

M = 408:
408 408 408 408 408 408 408 408 408 408 408 410 410 410 408 408 408 409 409 409 408 408 408 409 409 409 408 408 408 408 408 408 408 408 408 408 408 408 408 408 408 408 408 408 410 410 410 413 413 411 411 411 411 407 407 368 368 407 407 407 407 368 368 407 407 413 413 407 407 413 413 407 407 368 368 407 407 411 411 407 407 368 368 407 407 411 411 368 368 368 368 407 407 407 407 407 407 368 368 413 413 407 407 407 407 411 411 407 407 368 368 368 368 411 411 

