M = 201:
201 201 199 199 199 201 201 201 201 201 201 199 199 199 201 201 201 201 201 201 201 201 201 201 201 201 201 201 201 199 199 199 201 201 201 235 235 235 235 235 235 235 235 235 235 235 235 235 235 235 235 235 235 235 235 235 235 235 235 235 235 235 235 

M = 144:
146 146 146 146 146 146 146 146 146 146 146 144 144 144 144 144 144 144 144 144 144 144 144 144 144 144 144 144 144 144 144 144 144 144 144 144 144 144 144 144 141 141 141 141 141 

M = 167:
167 167 167 167 167 167 167 167 167 167 167 167 167 167 167 167 167 167 167 167 167 167 167 167 167 167 167 167 167 167 167 167 167 167 167 167 167 167 167 167 167 

M = 205:
206 206 206 206 206 206 206 206 206 206 205 205 205 205 205 205 205 205 205 205 205 205 205 205 205 205 205 205 205 205 205 205 205 205 205 205 205 205 205 205 205 205 205 205 205 205 205 205 

M = 302:
303 303 303 303 303 303 303 303 303 303 303 306 306 306 306 301 301 302 302 302 301 301 301 301 301 301 302 302 302 302 302 302 

M = 311:
307 307 307 307 307 307 307 307 311 311 311 311 311 311 311 311 311 311 311 311 311 311 311 311 311 311 311 311 311 311 311 311 311 311 311 311 311 311 311 311 314 314 314 314 314 314 314 314 314 314 314 314 314 314 

M = 127:
127 127 127 127 127 127 127 127 127 127 127 127 127 127 127 127 127 127 127 

M = 267:
147 147 147 147 147 147 147 147 147 147 147 147 147 147 147 147 147 147 147 147 147 147 147 147 267 267 267 267 267 267 267 267 267 267 267 267 267 267 267 267 267 267 267 267 267 267 267 267 267 267 267 267 267 267 267 267 267 267 267 267 267 267 267 267 267 265 265 265 265 265 265 

M = 274:
274 274 274 274 274 274 274 274 274 274 274 278 278 275 275 278 278 278 278 278 278 278 278 

M = 171:
171 171 171 171 171 171 171 171 171 171 171 171 171 171 171 171 171 171 171 171 171 171 171 

M = 126:
126 126 126 126 126 126 126 126 126 126 126 126 126 126 126 126 126 126 126 121 121 121 121 121 121 

M = 242:
243 243 243 243 243 243 243 243 243 243 243 243 243 243 243 243 243 243 245 245 245 245 245 245 245 245 245 242 242 242 242 242 242 242 242 242 242 242 242 242 240 240 240 240 240 194 194 194 194 194 240 240 240 240 240 240 240 240 240 240 194 194 194 194 194 194 194 194 194 194 

M = 128:
197 197 197 197 197 197 197 197 197 197 197 197 197 197 197 196 196 196 196 128 128 128 128 128 128 128 196 196 196 196 128 128 128 128 128 128 128 128 196 196 196 196 128 128 128 128 131 131 131 131 131 131 131 131 131 131 131 131 131 131 131 131 131 131 

M = 297:
300 300 300 297 297 297 297 297 297 297 297 297 297 297 297 297 297 297 297 297 297 297 297 297 297 297 297 297 297 297 297 297 297 297 297 297 297 297 

M = 268:
268 268 268 268 268 268 268 268 268 268 268 268 269 269 269 269 269 

M = 251:
251 251 251 251 251 251 251 251 251 251 251 251 251 251 251 251 251 251 251 251 251 251 251 251 251 251 251 251 251 251 251 251 251 251 251 251 251 251 251 251 251 251 251 251 251 251 251 251 251 251 251 251 251 251 251 251 251 251 251 251 251 251 159 159 159 159 159 159 159 237 237 237 237 237 237 237 160 160 160 160 

M = 249:
249 249 249 249 249 249 249 249 249 249 249 249 249 249 249 249 249 249 249 249 249 249 249 249 249 249 249 249 249 249 249 249 249 249 249 249 249 249 249 249 249 249 249 249 

M = 222:
213 213 213 213 222 222 222 222 222 222 222 212 212 222 222 222 222 222 222 222 222 212 212 212 212 222 222 222 222 222 222 222 222 222 222 222 222 222 222 

M = 165:
165 165 165 165 165 164 164 164 164 164 164 165 165 165 165 165 165 165 165 165 165 165 165 163 163 163 163 163 163 165 165 165 165 165 165 165 165 165 165 165 165 165 165 165 165 165 165 164 164 164 164 164 164 165 165 165 165 165 165 165 165 165 165 165 165 163 163 163 163 163 163 163 163 163 163 163 163 165 165 165 165 165 165 165 165 165 165 165 165 

M = 220:
218 218 218 218 218 218 218 191 191 191 191 191 219 219 219 220 220 220 220 220 215 215 215 215 215 215 220 220 220 220 220 220 220 220 220 219 219 219 215 215 215 220 220 220 215 215 215 220 220 220 220 220 220 215 215 215 220 220 220 220 220 220 220 220 220 219 219 219 215 215 215 220 220 220 220 220 220 190 190 190 193 193 

