M = 438:
438 438 438 438 438 438 438 438 438 438 438 438 438 438 438 438 438 438 438 438 438 438 438 438 438 438 438 438 438 438 438 438 438 438 438 438 438 438 438 438 438 

M = 244:
242 242 242 242 242 242 242 242 242 242 242 242 242 242 242 242 242 242 242 242 242 242 242 242 242 242 242 242 242 242 242 242 242 244 244 244 244 244 244 244 244 244 244 244 244 244 244 244 244 244 244 244 244 244 244 244 244 244 244 244 244 244 244 244 244 244 244 

M = 165:
165 165 165 165 165 165 165 165 165 165 165 165 165 165 165 165 165 165 165 165 165 165 165 165 165 165 165 165 165 165 165 165 165 165 165 165 165 165 165 165 165 165 165 165 165 165 165 165 165 165 165 165 165 165 165 165 165 165 165 165 165 165 165 165 165 165 165 165 165 165 165 

M = 194:
194 194 194 194 194 194 194 194 194 194 194 194 194 194 194 194 194 194 194 194 194 194 194 194 194 194 194 194 194 194 194 194 194 194 194 194 194 194 194 194 194 191 191 191 191 191 191 219 219 219 219 219 193 193 193 193 193 193 193 193 193 193 193 193 193 193 193 193 190 190 190 190 190 190 217 217 217 190 190 190 190 190 190 190 190 190 190 190 190 190 190 190 130 130 126 126 127 127 128 128 130 130 131 131 127 127 130 130 127 127 130 130 126 126 126 126 126 126 134 134 130 130 130 130 127 127 127 127 127 127 130 130 130 130 130 130 216 216 

M = 441:
440 440 440 440 440 440 440 441 443 443 443 443 441 441 441 441 441 441 441 441 443 443 443 443 443 443 441 441 441 441 441 441 443 443 

M = 401:
403 403 400 400 403 403 403 403 403 403 331 331 401 400 400 403 403 403 403 400 400 400 400 403 403 400 400 400 400 400 400 399 399 400 400 403 403 400 400 400 400 331 331 403 403 401 401 400 400 331 331 401 401 400 400 403 403 401 401 401 401 403 403 403 403 403 403 401 401 331 331 400 400 403 403 399 399 

M = 454:
356 356 356 356 356 356 356 356 356 454 454 454 455 455 454 454 454 454 454 454 454 454 454 454 454 454 454 454 454 454 454 454 455 455 454 454 454 454 454 454 454 454 455 455 454 454 454 454 455 455 

M = 316:
319 319 319 316 316 319 319 319 317 317 313 313 313 313 312 312 317 317 318 318 318 318 317 317 312 312 317 317 313 313 315 315 312 312 312 312 313 313 

M = 177:
179 179 179 179 179 179 179 147 147 147 147 147 147 147 147 147 147 147 147 147 147 147 147 147 147 147 147 147 146 146 146 146 146 146 146 146 146 146 146 146 146 146 146 146 146 146 146 146 146 146 146 146 146 146 146 146 146 146 120 120 120 120 120 178 178 178 178 142 142 142 142 178 178 178 178 267 267 267 267 267 267 267 267 267 267 267 267 178 178 178 178 178 178 178 178 267 267 267 267 142 142 142 142 119 119 119 119 121 121 121 121 121 121 121 121 121 124 124 122 122 208 208 208 208 122 122 122 122 208 208 122 122 124 124 124 124 124 124 177 124 124 124 124 208 208 122 122 124 124 122 122 122 122 122 122 226 226 208 208 141 141 122 122 208 208 122 122 208 208 226 226 124 124 122 122 272 272 124 124 122 122 122 122 122 122 208 208 208 208 122 122 208 208 208 208 122 122 208 208 226 226 208 208 124 124 141 141 122 122 141 141 

M = 262:
262 262 262 262 262 262 262 262 262 262 262 262 262 262 262 262 262 262 262 262 262 262 262 262 262 262 262 262 262 262 262 262 262 262 262 263 263 263 263 263 263 263 263 263 263 263 263 261 261 261 261 263 263 263 263 261 261 261 261 263 263 263 263 264 264 

M = 391:
388 388 388 388 388 391 391 391 391 391 391 391 391 391 391 391 391 391 391 391 391 391 391 391 391 391 391 391 391 388 388 388 388 388 391 391 391 391 391 391 391 391 391 391 391 391 391 391 391 388 388 388 388 388 391 391 391 391 391 391 391 391 391 391 388 388 388 388 388 391 391 391 391 391 388 388 388 388 388 391 391 391 391 391 391 391 391 391 391 391 391 391 391 391 391 391 391 391 391 388 388 388 388 388 391 391 391 391 391 388 388 388 388 388 412 412 412 412 412 412 412 412 412 412 412 412 412 412 412 412 412 412 412 412 412 412 412 412 390 390 

M = 258:
258 259 259 258 258 259 259 259 259 259 259 232 232 258 258 232 232 258 258 258 258 258 258 259 259 258 258 258 258 259 259 258 258 259 259 258 258 258 258 259 259 258 258 258 258 232 232 259 259 259 259 259 259 258 258 

M = 290:
290 290 297 297 297 293 293 293 293 293 293 293 293 293 297 297 297 293 293 293 297 297 297 290 290 290 297 297 297 290 290 290 290 290 290 293 293 293 293 293 293 293 293 293 293 293 293 293 293 293 297 297 297 290 290 290 293 293 293 293 293 293 293 293 293 293 293 293 290 290 290 290 290 290 286 286 288 288 444 444 444 444 286 286 444 444 444 444 288 288 444 444 283 283 444 444 288 288 355 355 444 444 288 288 444 444 444 444 444 444 288 288 444 444 444 444 444 444 444 444 283 283 

M = 229:
181 181 181 181 181 181 181 181 181 181 181 181 181 181 181 181 181 181 229 229 229 229 229 229 229 229 229 229 229 229 229 229 228 228 205 205 205 205 

M = 324:
323 323 327 327 327 327 324 323 323 324 324 324 324 327 327 320 320 323 323 323 323 324 324 324 324 320 320 324 324 324 324 

M = 164:
164 164 164 164 164 164 164 164 164 164 164 164 164 164 164 164 164 164 164 164 164 164 164 164 164 164 164 164 164 164 164 164 164 164 164 164 164 164 164 164 164 164 164 164 162 162 162 162 162 162 162 162 162 162 162 162 162 162 162 162 162 162 162 162 160 160 160 160 160 160 163 163 163 163 163 163 163 163 163 163 163 163 163 163 163 163 163 163 163 163 

M = 437:
437 437 437 437 

M = 250:
249 249 249 249 249 249 249 249 249 249 248 248 248 248 251 251 251 251 251 251 251 251 250 250 250 250 250 250 250 250 250 250 250 250 250 250 250 250 250 250 250 250 250 250 250 158 158 158 158 158 158 250 250 250 250 250 250 250 250 250 250 250 250 250 250 250 206 206 206 206 206 206 206 206 206 206 206 206 206 206 206 206 206 206 206 206 206 206 206 206 206 206 

M = 366:
364 364 364 364 364 364 364 364 364 387 387 411 411 411 411 366 411 411 366 366 369 369 387 387 369 369 366 366 366 366 366 366 368 368 411 411 368 368 369 369 387 387 411 411 411 411 411 411 366 366 387 387 369 369 366 366 411 411 387 387 369 369 369 369 369 369 387 387 366 366 369 369 411 411 369 369 

M = 377:
377 377 377 377 377 379 379 377 377 377 377 377 377 378 378 379 379 378 378 378 378 377 377 379 379 

