M = 165:
165 165 165 165 165 165 165 165 165 165 165 165 165 165 165 165 165 165 165 165 165 165 165 165 165 165 165 165 165 165 165 165 165 165 165 165 165 165 165 165 165 165 165 165 165 165 165 165 165 165 165 165 165 165 165 165 165 165 165 165 165 165 165 165 165 165 165 165 165 165 165 165 165 165 165 165 165 165 165 165 165 165 165 165 165 165 165 165 165 165 165 165 165 165 165 165 165 165 165 165 165 165 165 165 165 165 165 165 165 165 165 165 165 165 165 165 165 165 165 165 165 165 165 165 165 165 165 165 165 165 165 165 165 165 165 165 165 165 165 165 165 165 164 164 164 164 164 164 164 164 164 164 164 164 164 164 164 164 164 164 164 164 164 164 164 164 242 242 242 242 242 242 242 242 242 242 242 242 242 242 242 242 242 242 242 242 163 163 163 163 163 163 163 163 163 163 163 163 163 163 163 163 163 163 163 163 163 163 163 163 163 163 163 163 163 163 163 163 

M = 319:
326 326 326 326 316 316 316 316 316 316 316 316 326 326 316 316 316 316 319 326 326 316 316 319 319 326 326 326 326 326 326 326 326 326 326 316 316 319 319 316 316 316 316 316 316 326 326 326 326 316 316 316 316 326 326 319 319 326 326 316 316 319 319 

M = 167:
167 167 167 167 167 167 167 167 167 167 167 167 167 167 167 167 167 167 167 167 167 167 167 167 167 167 167 167 167 167 167 167 167 167 167 167 167 167 167 167 167 167 167 167 167 167 167 167 167 167 167 167 167 167 167 167 167 167 167 167 167 167 167 162 162 162 162 162 162 162 162 162 162 162 162 162 162 162 162 162 162 162 162 172 172 172 172 

M = 210:
210 210 210 210 210 210 210 210 210 210 210 212 212 210 210 210 210 210 210 210 210 210 210 210 210 210 210 

M = 183:
182 182 182 182 182 182 182 184 184 184 184 184 183 183 183 183 183 183 183 183 183 183 183 228 228 183 183 183 183 183 183 183 183 183 183 183 183 183 183 

M = 443:
443 443 443 443 443 443 443 443 443 443 443 331 331 331 331 331 331 

M = 208:
206 206 205 205 208 208 208 206 206 208 208 206 206 208 208 208 208 208 208 208 208 208 208 208 208 208 208 

M = 440:
440 440 440 440 440 440 440 440 440 440 440 440 440 440 440 440 440 440 440 440 440 440 440 440 440 440 440 440 440 440 440 440 440 440 440 440 440 440 440 440 440 440 440 440 440 440 440 438 438 438 438 438 438 438 438 438 438 438 438 438 438 438 438 440 440 440 440 440 440 440 440 440 440 440 440 440 440 440 440 435 435 435 

M = 190:
194 194 194 194 194 194 194 194 194 194 194 194 194 194 194 194 194 194 190 190 190 190 190 190 190 190 190 190 190 190 190 190 190 190 190 190 190 190 190 190 190 190 190 190 190 190 190 190 190 171 171 171 193 193 193 193 193 193 171 171 171 193 193 193 193 193 193 193 193 193 171 171 171 192 192 192 

M = 444:
359 359 359 359 359 359 359 359 359 359 362 362 362 362 362 362 362 362 444 444 444 444 444 444 444 444 444 444 444 444 444 444 444 444 444 444 444 444 444 444 444 444 444 444 444 444 444 444 444 444 444 444 444 444 444 444 444 444 444 444 444 444 379 379 379 379 379 379 355 355 379 379 

M = 262:
262 262 262 262 263 263 263 

M = 122:
122 122 122 122 122 122 122 122 122 122 122 122 122 122 122 122 122 122 122 122 122 122 122 122 122 122 122 122 122 122 122 122 122 122 122 122 122 122 122 122 122 122 122 122 122 122 122 123 123 123 123 123 123 123 123 123 123 123 123 123 123 123 123 123 123 123 123 123 123 123 123 

M = 261:
261 261 261 261 261 261 261 261 261 261 261 261 261 261 261 261 261 261 261 261 261 261 261 261 261 261 261 261 261 261 261 261 261 261 261 261 261 261 261 261 261 261 261 261 230 230 230 

M = 136:
136 136 136 138 138 138 138 138 138 134 134 136 136 135 135 138 138 138 138 134 134 136 136 134 134 136 136 136 136 135 135 138 138 138 138 135 135 138 138 136 136 138 138 136 136 138 138 136 136 140 140 136 136 138 138 136 136 135 135 138 138 

M = 178:
178 178 178 178 178 178 178 178 178 178 178 178 178 178 178 178 178 178 178 178 178 178 178 178 178 178 178 178 178 178 178 178 178 178 178 178 178 178 178 178 178 178 178 178 178 178 178 178 178 178 178 178 178 178 178 177 177 177 177 177 177 177 148 148 148 

M = 281:
281 281 281 281 281 281 281 281 281 281 281 281 281 281 281 281 281 281 281 281 281 281 281 281 281 281 281 281 281 281 281 281 281 281 281 281 281 281 281 281 281 281 281 281 281 281 281 284 284 284 284 284 284 284 284 284 284 284 284 284 284 284 280 280 280 280 280 280 278 278 278 278 277 277 278 278 278 278 278 278 277 277 278 278 278 278 278 278 

M = 267:
146 146 146 146 146 146 146 146 146 146 147 147 147 147 147 147 147 147 147 147 147 147 147 147 147 147 147 147 147 147 146 146 146 146 146 146 146 146 146 146 146 146 146 146 146 146 146 146 146 146 147 147 147 147 147 147 147 147 147 147 147 147 147 147 147 147 147 147 147 147 146 146 146 146 146 146 146 146 146 146 265 265 265 265 265 265 265 267 267 267 267 267 267 267 267 267 267 267 267 267 267 267 267 267 267 267 267 267 267 267 267 267 267 267 267 267 267 267 267 267 267 267 267 267 267 267 267 267 267 267 267 267 267 267 267 267 267 267 267 267 267 267 267 267 267 267 267 267 267 267 267 267 267 267 267 267 267 267 267 267 267 267 267 267 267 267 267 267 267 267 269 269 269 269 269 269 269 269 269 

M = 299:
300 300 300 300 300 300 299 296 296 299 299 299 299 299 299 299 299 299 299 299 299 299 299 

M = 249:
240 240 240 240 240 240 240 249 249 249 249 249 249 249 249 249 249 249 244 244 244 244 249 249 249 249 249 249 249 249 249 249 249 249 249 249 249 249 249 249 249 249 249 249 249 249 249 249 249 249 249 249 249 249 249 249 249 249 249 249 249 249 249 249 249 249 159 159 159 159 159 159 248 248 248 248 248 248 248 248 248 248 248 248 159 159 159 245 245 245 245 

M = 290:
293 293 293 293 293 293 293 293 293 293 293 293 293 293 293 293 293 293 293 293 293 293 293 293 293 293 293 293 293 293 293 293 293 293 293 293 293 293 293 293 293 293 293 293 293 293 293 293 290 290 290 290 290 290 290 290 290 290 290 290 290 290 290 290 290 290 290 290 290 290 290 290 290 290 290 290 290 290 290 290 290 290 290 290 290 290 290 290 290 290 290 290 290 290 290 290 290 290 290 290 290 290 286 286 286 286 286 286 286 286 286 286 286 286 286 286 289 289 

