M = 167:
167 167 167 167 167 167 167 167 167 167 167 167 167 167 167 167 167 167 167 167 167 167 167 167 167 167 167 167 167 167 167 167 167 167 167 167 167 167 167 167 167 167 167 167 167 167 167 167 167 167 167 167 167 167 167 167 167 167 167 167 167 167 167 167 167 167 167 167 167 167 167 167 167 167 167 167 167 167 167 167 167 167 167 167 167 167 167 167 167 167 167 167 167 167 167 167 167 167 167 167 167 167 167 167 167 167 167 167 167 167 167 167 167 167 167 167 167 167 167 167 167 167 167 167 167 167 167 167 167 167 167 167 167 167 167 

M = 438:
438 438 438 438 438 438 438 438 438 438 438 438 438 438 438 438 438 

M = 140:
217 217 217 217 142 142 142 142 217 217 217 217 217 217 217 217 142 142 142 142 142 142 142 142 142 142 142 142 216 216 216 141 141 141 216 216 216 141 141 141 139 139 220 220 140 220 220 220 220 220 220 220 220 220 220 140 140 220 220 220 220 220 220 213 213 140 140 140 140 139 139 139 139 140 140 140 140 220 220 213 213 220 220 139 139 220 220 139 139 220 220 140 140 140 140 140 140 220 220 140 140 139 139 213 213 220 220 140 140 139 139 220 220 139 139 220 220 140 140 

M = 194:
240 240 240 240 240 240 240 240 240 240 240 240 240 240 240 240 240 240 194 194 194 194 194 194 194 194 194 194 194 194 194 194 194 194 194 194 194 194 194 194 194 194 194 194 194 194 194 194 194 194 194 194 194 194 194 194 194 194 194 194 194 194 190 190 190 190 190 190 190 190 190 190 190 190 190 190 190 190 190 190 190 190 190 190 190 190 190 190 190 190 190 190 190 190 190 190 190 193 193 193 193 193 193 193 193 193 193 193 193 193 193 193 193 193 193 193 193 193 193 193 193 193 192 192 192 192 192 192 192 192 

M = 197:
196 196 196 197 197 197 197 197 197 197 197 197 197 197 196 196 196 196 196 196 196 196 196 196 196 196 196 196 196 197 197 197 196 196 196 196 196 196 196 196 196 239 239 239 197 197 197 196 196 196 196 196 196 196 196 196 196 196 196 196 196 196 197 197 197 196 196 196 196 196 196 197 197 197 206 206 201 201 201 201 201 201 201 201 201 201 201 201 206 206 206 206 206 206 201 201 201 201 201 201 201 201 201 201 201 201 201 201 201 201 201 201 

M = 440:
362 362 362 362 362 362 440 440 440 440 440 440 440 440 442 442 442 440 440 440 440 440 440 440 440 440 440 440 440 440 440 440 440 440 440 440 440 440 440 440 440 440 440 440 440 440 440 442 442 442 439 439 439 439 439 439 439 439 439 439 439 439 439 439 

M = 306:
306 306 306 303 303 303 303 308 308 308 308 306 306 306 306 303 303 303 303 306 306 306 306 303 303 303 303 306 306 306 306 308 308 308 308 303 303 303 303 308 308 308 308 303 303 303 303 303 303 303 303 306 306 306 306 303 303 303 303 303 303 303 303 308 308 308 308 308 308 308 308 303 303 303 303 308 308 308 308 308 308 308 308 308 308 308 308 305 305 305 305 303 303 303 303 306 306 306 306 308 308 308 308 303 303 303 303 306 306 306 306 306 306 306 306 306 306 306 306 305 305 305 305 305 305 305 305 303 303 303 303 303 303 303 303 301 301 301 300 300 300 300 300 300 300 300 300 300 300 300 300 300 300 301 301 301 300 300 300 311 311 312 312 311 311 315 315 311 311 315 315 312 312 315 315 

M = 244:
242 242 242 242 242 242 242 242 242 242 242 242 242 242 242 242 242 242 242 242 242 242 242 242 242 242 242 242 242 242 242 242 242 242 242 242 242 242 242 243 243 243 243 243 243 243 243 243 243 243 243 244 244 244 244 244 244 244 244 244 244 244 244 244 244 244 244 244 244 244 244 244 244 244 245 245 245 245 245 245 245 245 244 244 244 244 244 244 244 244 244 244 244 244 244 244 244 244 

M = 122:
121 121 121 123 123 123 120 120 120 123 123 123 120 120 120 119 119 119 120 120 120 119 119 119 123 123 123 123 123 123 123 123 123 123 123 123 123 123 123 123 123 123 123 123 123 120 120 120 123 123 123 123 123 123 123 123 123 122 122 122 122 122 124 124 122 122 208 208 122 122 124 124 122 122 122 122 122 122 208 208 122 122 122 122 208 208 122 122 208 208 124 124 122 122 208 208 209 209 208 208 122 122 122 122 209 209 122 122 208 208 122 122 122 122 

M = 130:
130 130 130 130 130 130 130 130 130 130 130 130 130 130 130 130 130 130 130 130 130 130 130 130 130 130 130 130 130 130 130 130 130 130 130 130 130 130 130 130 130 130 130 130 130 130 130 130 130 130 130 130 130 130 130 130 130 130 130 130 130 130 130 130 130 130 130 130 130 130 130 130 130 130 130 130 130 130 130 132 132 132 132 132 132 132 132 132 132 132 132 132 132 132 132 132 132 132 132 132 132 

M = 267:
146 146 146 146 146 146 146 146 146 146 146 146 146 146 146 146 146 146 146 146 266 266 266 266 266 266 266 266 266 266 266 266 146 146 146 146 146 146 146 146 146 146 146 146 269 269 269 269 146 146 146 146 146 146 146 146 146 146 146 146 146 146 146 146 146 146 146 146 146 146 146 146 146 146 146 146 266 266 266 266 266 266 266 266 268 268 268 268 268 268 270 270 272 272 270 270 265 265 265 265 267 271 271 272 272 265 265 267 267 265 265 271 271 272 272 272 272 267 267 272 272 270 270 267 267 272 272 272 272 265 265 272 272 265 265 267 267 272 272 274 274 267 267 267 267 265 265 274 274 265 265 274 274 

M = 136:
136 136 136 136 136 136 136 136 136 136 136 136 136 136 136 136 136 136 136 136 136 136 136 136 136 136 136 136 136 136 136 136 136 136 136 136 136 136 136 136 136 136 136 136 136 136 136 138 138 138 138 138 138 135 135 138 138 138 138 138 138 135 135 138 138 135 135 138 138 138 138 138 138 138 138 135 135 138 138 

M = 401:
401 401 401 401 401 419 419 419 419 419 419 401 401 401 401 401 401 400 400 400 419 419 419 400 400 400 327 327 327 401 401 401 419 419 419 401 401 401 401 401 401 400 400 400 419 419 419 400 400 400 400 400 400 400 400 400 401 401 401 400 400 400 424 424 424 401 401 401 324 324 324 400 400 400 401 401 401 401 401 401 401 401 401 400 400 400 400 400 400 401 401 401 401 401 401 401 401 401 324 324 324 331 331 331 400 400 400 419 419 419 403 403 351 351 351 351 403 403 427 427 403 403 427 427 377 377 427 427 426 426 426 426 351 351 403 403 427 427 427 427 403 403 427 427 421 421 427 427 330 330 430 430 330 330 403 403 351 351 351 351 379 379 403 403 379 379 421 421 428 428 403 403 428 428 430 430 403 403 427 427 430 430 430 430 377 377 379 379 427 427 426 426 427 427 403 403 430 430 426 426 428 428 379 379 427 427 330 330 428 428 428 428 427 427 403 403 421 421 430 430 428 428 430 430 428 428 426 426 426 426 379 379 428 428 427 427 428 428 430 430 377 377 351 351 378 378 378 378 426 426 426 426 427 427 427 427 428 428 351 351 403 403 330 330 430 430 330 330 403 403 428 428 430 430 430 430 351 351 428 428 403 403 379 379 427 427 427 427 430 430 

M = 178:
145 145 145 145 145 145 145 145 145 145 145 145 178 178 178 178 178 178 178 178 180 180 180 180 180 180 178 178 178 178 178 178 178 178 178 180 180 180 178 178 178 178 178 178 180 180 180 178 178 178 180 180 180 178 178 178 178 178 178 180 180 180 179 179 179 181 181 181 180 180 180 178 178 178 179 179 179 178 178 178 179 179 179 178 178 178 180 180 180 178 178 178 179 179 179 180 180 180 180 180 180 180 180 180 259 259 177 177 259 259 184 184 259 259 184 184 177 177 177 177 262 262 259 259 177 177 177 177 177 177 184 184 259 259 184 184 259 259 177 177 261 261 261 261 184 184 261 261 230 230 261 261 259 259 262 262 259 259 184 184 259 259 230 230 259 259 262 262 177 177 259 259 261 261 259 259 177 177 261 261 261 261 262 262 177 177 261 261 177 177 259 259 259 259 177 177 261 261 259 259 259 259 263 263 261 261 261 261 259 259 

M = 164:
164 164 164 164 164 164 164 164 164 164 164 164 164 164 164 164 164 164 164 164 164 164 164 164 164 164 164 164 164 164 164 164 164 164 164 164 164 164 164 164 164 164 164 164 164 164 164 164 164 164 164 164 164 164 164 164 164 164 164 164 164 164 164 164 164 164 164 164 164 164 164 164 164 164 164 164 161 161 161 161 161 161 161 161 162 162 162 162 162 162 162 162 162 162 162 162 162 162 162 162 162 162 162 162 162 162 162 162 162 162 162 162 162 162 162 162 162 162 162 162 162 162 162 162 157 157 157 157 157 157 157 157 157 157 157 157 163 163 163 163 163 163 163 163 163 163 163 163 163 163 163 163 163 163 163 163 163 163 163 163 

M = 165:
165 165 165 165 165 165 165 165 165 165 165 165 165 165 165 165 165 165 165 165 165 165 165 165 165 165 165 165 165 165 165 165 165 165 165 165 165 165 165 165 165 165 165 165 165 165 165 165 165 165 165 165 165 165 165 165 165 165 165 165 165 165 165 165 165 165 165 165 165 165 165 165 165 165 165 165 165 165 165 165 165 165 165 165 165 165 165 165 165 165 165 165 165 165 165 165 165 165 165 165 165 165 165 165 165 165 165 165 165 165 165 165 165 165 165 165 165 165 165 165 165 165 165 165 165 165 165 165 165 165 165 

M = 127:
127 127 127 127 127 127 127 127 127 127 127 127 127 127 126 126 126 126 126 126 126 126 126 127 127 127 127 127 127 125 125 125 127 127 127 

M = 282:
317 317 317 317 279 279 279 279 316 316 316 316 313 313 313 313 316 316 316 316 317 317 317 317 313 313 313 313 313 313 313 313 279 279 279 279 283 283 283 283 279 279 279 279 283 283 283 283 279 279 279 279 316 316 316 316 283 283 283 283 279 279 279 279 283 283 283 283 316 316 316 316 279 279 279 279 279 279 279 279 313 313 313 313 283 283 283 283 282 282 282 282 282 293 293 293 282 282 282 293 293 293 293 293 293 282 282 282 282 282 282 293 293 293 282 282 282 282 282 282 282 282 282 281 281 281 293 293 293 276 276 276 282 282 282 282 282 282 281 281 281 281 281 281 281 281 281 293 293 293 293 293 293 293 293 293 281 281 281 293 293 293 281 281 281 281 281 281 282 282 282 281 281 281 282 282 282 282 282 282 281 281 281 282 282 282 282 282 282 296 296 296 296 296 296 296 296 

M = 249:
159 159 159 159 159 159 159 159 159 159 159 159 159 159 159 159 159 159 159 159 159 159 159 159 159 159 159 159 249 249 249 249 249 249 249 249 249 249 249 249 249 249 249 249 249 249 249 249 249 249 249 249 249 249 249 249 249 249 249 249 249 249 249 248 248 248 248 248 248 249 249 249 249 249 249 249 249 249 249 249 249 249 249 249 249 249 249 249 249 249 249 249 249 248 248 248 248 248 248 249 249 249 249 249 249 249 249 249 249 249 249 249 249 249 249 249 249 249 249 249 249 249 249 249 249 249 249 249 249 249 249 249 249 249 249 249 249 249 249 249 249 250 250 250 250 250 250 250 250 250 250 251 251 251 251 251 251 251 251 251 251 251 251 158 158 158 158 251 251 251 251 158 158 158 158 251 251 251 251 251 251 251 251 251 251 251 251 251 251 251 251 251 251 251 251 251 251 251 251 251 251 251 251 237 237 237 237 237 237 237 237 237 204 204 

M = 285:
354 354 354 354 354 354 354 354 354 354 354 354 319 319 319 319 319 319 319 319 319 286 286 286 286 286 286 319 319 319 286 286 286 286 286 286 319 319 319 286 286 286 319 319 319 286 286 286 285 284 284 284 284 285 285 291 291 455 455 285 285 284 284 291 291 284 284 287 287 284 284 285 285 285 285 356 356 455 455 287 287 455 455 356 356 291 291 287 287 291 291 285 285 284 284 356 356 284 284 284 284 284 284 285 285 356 356 291 291 356 356 287 287 455 455 285 285 285 285 284 284 285 285 285 285 284 284 284 284 455 455 287 287 356 356 455 455 284 284 291 291 291 291 

