M = 267:
266 266 266 266 266 147 147 147 147 147 147 147 147 147 147 147 147 147 147 147 147 147 147 147 147 147 147 147 147 273 273 273 146 146 146 268 268 268 146 146 146 146 146 146 146 146 146 146 146 146 146 146 146 146 146 146 146 146 146 273 273 273 146 146 146 268 268 268 267 267 267 267 267 269 269 267 267 267 267 267 267 267 267 269 269 267 267 267 267 267 267 267 267 267 267 267 267 269 269 267 267 

M = 172:
277 277 277 152 152 152 150 150 150 150 150 150 150 150 150 150 150 150 150 150 150 277 277 277 277 277 277 277 277 277 150 150 150 277 277 277 152 152 152 277 277 277 150 150 150 150 150 150 150 150 150 172 172 172 172 172 172 172 172 172 172 172 172 172 172 172 172 172 172 172 172 172 172 172 172 172 172 172 172 172 172 172 172 172 

M = 440:
440 440 440 440 440 440 440 440 440 440 440 440 440 440 440 440 440 440 440 440 440 440 440 440 440 440 440 440 440 440 440 440 440 440 440 440 440 440 440 440 440 439 439 439 439 439 439 439 439 439 439 435 435 435 435 435 435 435 435 435 435 435 435 435 435 435 435 435 435 

M = 142:
144 144 144 142 142 142 142 142 142 142 142 142 142 142 142 142 142 142 142 142 142 142 142 144 144 144 143 143 143 143 217 217 217 217 143 143 143 143 143 143 143 143 143 143 143 143 143 143 217 217 217 217 217 217 217 217 143 143 141 141 217 217 143 143 

M = 441:
441 441 441 441 441 441 441 441 441 441 441 441 441 441 441 441 441 441 441 441 441 441 441 441 441 441 441 441 441 441 441 441 441 441 441 441 441 441 441 

M = 303:
300 300 300 300 300 300 300 300 300 300 300 300 300 300 300 300 300 300 300 300 300 300 300 300 300 300 300 300 300 300 300 300 300 300 300 300 303 303 303 305 305 303 303 303 303 303 303 274 274 303 303 305 305 274 274 274 274 303 303 303 303 303 303 303 303 274 274 303 303 303 303 274 274 303 303 274 274 305 305 303 303 305 305 303 303 275 275 305 305 303 303 305 305 303 303 

M = 444:
362 362 362 362 362 362 362 443 443 443 443 443 443 443 443 443 443 443 443 443 443 443 443 443 443 443 443 443 443 443 443 443 443 443 443 444 444 444 444 444 444 444 444 365 365 365 444 444 444 444 444 444 444 444 444 444 444 444 444 444 444 365 365 365 444 444 444 444 444 444 444 444 444 444 444 444 364 364 

M = 178:
178 178 178 178 178 178 178 178 178 178 178 178 178 178 178 178 178 178 178 178 178 178 178 178 178 178 178 178 178 178 178 178 178 178 178 178 178 178 178 178 178 178 178 178 178 178 178 178 178 178 178 178 178 178 178 178 178 178 178 178 178 178 178 178 178 178 178 178 178 180 180 180 180 180 180 180 180 180 180 180 180 180 180 180 180 180 180 182 182 182 182 182 182 182 182 182 182 182 182 226 226 226 262 262 262 226 226 226 177 177 183 183 183 183 177 177 177 177 177 177 183 183 183 183 177 177 148 148 177 177 148 148 263 263 177 177 183 183 183 183 177 177 148 148 183 183 183 183 183 183 148 148 177 177 183 183 183 183 177 177 177 177 177 177 263 263 183 183 

M = 356:
356 356 356 356 356 356 359 359 359 359 359 359 359 356 356 356 356 356 356 356 356 356 356 356 356 356 356 356 356 356 356 356 356 356 358 358 358 358 358 355 355 355 355 355 355 355 355 355 355 355 355 355 355 355 355 355 355 355 355 355 355 355 355 355 355 355 355 454 454 454 

M = 122:
120 120 120 120 120 120 120 120 120 120 120 120 119 119 119 119 136 136 136 136 136 136 123 123 123 208 208 208 208 208 208 208 208 208 136 136 136 123 123 123 136 136 136 136 136 136 208 208 208 136 136 136 208 208 208 123 123 123 136 136 136 208 208 208 136 136 136 208 208 208 136 136 136 208 208 208 208 208 208 208 208 208 208 208 208 123 123 123 123 123 123 122 122 122 126 126 122 122 122 122 122 122 122 122 122 122 122 122 122 122 122 122 122 122 122 122 122 122 122 122 122 122 

M = 259:
259 259 258 258 258 259 259 259 258 258 258 259 259 259 258 258 258 261 261 261 259 259 259 261 261 261 258 258 258 261 261 261 229 229 229 261 261 261 261 261 261 261 261 261 261 261 261 259 259 259 261 261 261 261 261 261 261 261 261 258 258 258 259 259 259 261 261 261 261 261 261 258 258 258 232 232 228 228 232 232 232 232 232 232 

M = 241:
242 242 242 242 242 242 242 242 242 242 242 242 242 242 242 242 242 242 242 242 242 242 242 242 242 242 242 242 242 242 242 242 242 242 242 242 242 242 242 242 242 242 242 242 242 242 242 242 194 194 194 194 194 245 245 245 245 245 245 245 245 245 245 194 194 194 194 194 245 245 245 245 245 194 194 194 194 194 194 194 194 194 194 194 194 194 194 194 194 194 194 194 194 241 241 241 241 241 241 241 241 244 244 244 241 241 241 241 241 241 241 241 241 244 244 244 241 241 241 244 244 244 241 241 241 241 241 241 241 241 241 239 239 239 239 239 239 

M = 325:
326 326 326 326 326 326 326 326 326 326 326 326 326 326 326 326 326 326 326 326 326 326 326 326 326 326 326 326 322 322 322 321 321 321 322 322 322 329 329 329 329 329 329 329 329 329 329 329 329 322 322 322 322 322 322 322 322 322 322 322 322 322 322 322 322 322 322 324 324 325 325 325 325 325 323 323 324 324 325 325 325 325 324 324 325 325 324 324 324 324 324 324 324 324 325 325 324 324 325 325 324 324 325 325 324 324 324 324 324 324 

M = 165:
164 164 164 164 164 164 164 164 164 164 164 165 165 165 165 165 165 165 165 165 165 165 165 165 165 165 165 165 165 165 165 165 165 165 165 165 165 165 165 165 165 165 165 165 165 165 165 165 165 165 165 165 165 165 164 164 164 164 164 164 164 164 164 164 164 164 164 164 164 164 164 164 164 164 164 164 165 165 165 165 165 165 165 165 165 165 165 165 165 165 165 165 165 165 165 165 165 165 165 165 165 165 165 165 165 165 165 165 165 164 164 164 164 164 164 164 164 164 164 164 165 165 165 165 165 165 165 165 165 165 165 162 162 162 162 162 162 162 162 162 162 162 162 162 162 163 163 163 163 163 167 167 167 167 167 167 167 167 167 167 163 163 163 163 163 

M = 437:
438 438 438 438 438 438 438 438 437 437 436 436 436 436 436 436 436 436 436 437 437 437 437 437 437 437 437 437 

M = 337:
335 335 341 341 337 337 337 336 336 336 336 336 336 337 337 337 337 336 336 337 337 337 337 337 337 339 339 341 341 337 337 337 337 337 337 341 341 337 337 337 337 341 341 337 337 341 341 336 336 335 335 336 336 336 336 337 337 336 336 336 336 336 336 337 337 337 337 

M = 251:
249 249 249 249 249 249 249 249 249 249 249 249 248 248 248 248 248 251 251 160 160 160 251 251 251 251 251 251 251 251 251 250 250 250 251 251 251 251 251 251 251 251 251 158 158 158 251 251 251 158 158 158 

M = 292:
317 317 317 317 317 317 317 317 317 317 317 317 317 317 317 317 317 317 317 317 297 297 297 297 297 297 318 318 318 297 297 297 293 293 293 318 318 318 297 297 297 297 297 297 318 318 318 296 296 296 293 293 293 297 297 297 296 296 296 297 297 297 293 293 293 296 296 296 318 318 318 293 293 293 297 297 297 297 297 297 297 297 297 318 318 318 318 318 318 318 318 318 293 293 293 293 293 293 318 318 318 297 297 297 297 297 297 297 297 297 293 293 293 293 293 293 293 293 293 293 293 293 296 296 296 293 293 293 295 295 313 313 292 291 291 292 292 292 292 291 291 291 291 292 292 295 295 316 316 295 295 315 315 295 295 315 315 292 292 313 313 292 292 291 291 292 292 315 315 313 313 291 291 291 291 291 291 314 314 292 292 295 295 313 313 292 292 315 315 315 315 314 314 314 314 291 291 292 292 292 292 291 291 292 292 315 315 316 316 291 291 292 292 315 315 

M = 419:
401 401 401 401 419 400 400 401 401 421 421 401 401 421 421 400 400 400 400 401 401 401 401 421 421 401 401 424 424 421 421 400 400 419 419 421 421 399 399 379 379 419 419 419 419 419 419 400 400 401 401 421 421 400 400 419 419 401 401 421 421 424 424 401 401 421 421 419 419 419 419 419 419 419 419 401 401 400 400 419 419 400 400 401 401 419 419 400 400 401 401 401 401 421 421 421 421 399 399 401 401 421 421 419 419 401 401 401 401 400 400 419 419 421 421 379 379 419 419 

M = 290:
284 284 284 284 284 284 284 284 284 284 284 284 284 284 290 290 290 290 290 290 290 290 290 290 290 290 290 290 290 290 290 290 290 290 290 290 290 290 290 290 290 290 290 281 281 281 281 281 281 281 281 281 281 281 281 281 281 281 281 281 281 290 290 290 290 290 290 281 281 281 281 281 281 290 290 290 290 290 290 281 281 281 281 281 281 290 290 290 290 290 290 281 281 281 281 281 281 290 290 290 290 290 290 290 290 290 290 290 290 290 290 290 290 290 290 281 281 281 281 281 281 290 290 290 290 290 290 290 290 290 290 290 290 281 281 281 281 281 281 290 290 290 290 290 290 287 287 287 287 287 287 287 287 287 287 287 287 287 287 287 287 288 288 288 283 283 283 283 283 283 286 286 286 286 286 286 286 286 

