M = 147:
146 146 146 146 146 146 146 146 146 146 146 146 146 146 146 146 146 146 146 146 146 146 146 146 146 146 146 146 146 146 146 146 146 146 146 147 147 147 147 147 147 147 147 147 147 147 147 147 147 147 147 147 147 147 147 147 147 147 147 178 178 178 178 265 265 265 265 268 268 268 268 265 265 265 265 178 178 178 178 178 178 178 178 178 178 178 178 268 268 268 268 178 178 178 178 144 144 144 144 266 266 266 266 266 266 266 266 266 266 266 266 263 263 263 263 263 263 177 177 177 177 177 177 177 177 177 177 177 177 177 177 177 177 177 177 

M = 123:
119 119 119 119 119 119 120 120 120 120 120 120 120 120 120 120 120 120 120 120 120 120 120 120 120 120 122 122 123 123 123 123 123 126 126 123 123 123 123 123 123 126 126 123 123 126 126 126 126 123 123 123 123 122 122 126 126 123 123 123 123 123 123 123 123 123 123 

M = 215:
142 142 142 142 140 140 140 140 216 216 216 216 140 140 140 140 140 140 140 140 140 140 140 140 142 142 142 142 215 215 215 215 215 215 215 215 215 215 215 215 215 215 215 215 215 215 215 215 215 215 215 215 215 215 215 

M = 158:
159 159 159 159 159 159 159 159 159 159 159 159 158 250 250 158 158 158 158 250 250 158 158 158 158 250 250 158 158 158 158 158 158 250 250 158 158 158 158 158 158 158 158 158 158 158 158 250 250 250 250 

M = 196:
127 127 127 127 127 127 127 127 127 127 127 127 127 127 127 127 127 127 127 127 196 196 196 248 248 196 196 196 196 196 196 196 196 196 196 196 196 196 196 196 196 248 248 196 196 196 196 196 196 196 196 196 196 248 248 196 196 196 196 

M = 136:
134 134 134 134 134 134 134 134 134 134 134 134 134 134 134 134 134 134 139 139 139 139 139 139 137 137 137 139 139 139 139 139 139 136 136 136 136 136 136 136 136 136 136 136 136 136 136 136 136 136 136 136 136 136 136 136 136 136 136 136 136 136 136 136 136 136 136 136 

M = 190:
190 190 190 190 190 190 190 190 190 190 190 190 190 190 190 190 190 190 190 190 190 190 190 190 220 220 220 220 220 220 220 220 220 220 220 220 220 220 220 220 220 220 220 220 

M = 193:
193 193 193 193 193 194 194 194 194 194 194 193 193 193 193 193 193 194 194 194 194 194 194 

M = 182:
180 180 180 180 180 180 180 180 180 180 180 180 180 180 180 180 180 180 179 179 179 179 179 182 182 182 262 262 262 262 182 182 182 182 182 182 182 182 182 182 182 182 182 182 182 182 182 182 182 182 182 182 182 182 182 182 182 182 258 258 258 258 259 259 229 229 258 258 258 258 259 259 229 229 229 229 229 229 184 184 229 229 229 229 205 205 205 205 258 258 259 259 229 229 259 259 229 229 258 258 205 205 

M = 244:
243 243 243 243 243 243 243 243 243 242 242 242 242 242 242 242 242 242 242 242 242 242 242 242 242 242 242 242 242 242 244 244 244 244 244 244 244 244 244 244 244 244 244 244 244 244 244 244 244 244 244 244 244 244 244 244 244 244 244 244 244 244 244 244 244 244 244 244 244 244 244 244 244 244 244 244 244 244 244 244 244 244 244 244 244 244 244 244 244 245 245 245 245 245 245 245 245 245 

M = 130:
130 130 130 130 130 130 130 130 130 130 130 130 130 130 130 130 130 130 130 130 130 130 130 130 130 130 130 130 130 130 130 130 

M = 218:
218 218 218 218 218 218 218 218 218 217 217 217 217 217 219 219 219 219 

M = 401:
401 401 401 401 401 401 401 400 400 400 400 401 401 401 401 401 401 401 401 401 401 401 401 401 401 401 401 428 428 428 428 400 400 400 400 400 400 400 400 400 400 400 400 400 400 400 400 401 401 401 401 324 324 324 324 400 400 400 400 400 400 400 400 401 401 401 401 400 400 400 400 400 400 400 400 401 401 401 401 401 401 401 401 401 401 401 401 324 324 324 324 401 401 401 401 336 336 396 396 396 396 338 338 336 336 336 336 396 396 396 396 396 396 336 336 396 396 396 396 336 336 336 336 396 396 336 336 396 396 396 396 336 336 396 396 

M = 421:
419 419 419 419 419 419 419 419 419 419 419 419 419 419 419 419 419 419 419 419 424 424 424 424 424 424 424 424 424 421 421 424 424 424 424 424 424 421 421 421 424 424 424 424 424 424 424 424 424 421 421 421 424 424 424 424 424 424 421 421 421 424 424 424 421 421 421 379 379 379 379 379 379 379 379 379 379 379 379 379 379 379 379 426 426 379 379 379 379 

M = 165:
165 165 165 165 165 164 164 164 164 164 164 165 165 165 165 165 165 165 165 165 165 165 165 165 165 165 165 165 165 165 165 165 165 165 165 165 165 165 165 165 165 165 165 165 165 165 165 165 165 165 165 165 165 165 165 165 165 165 165 165 165 165 165 165 165 164 164 164 164 164 164 164 164 164 164 164 164 165 165 165 165 165 165 165 165 165 165 165 165 164 164 164 164 164 164 

M = 393:
440 440 440 440 440 440 440 440 440 440 440 440 440 440 440 440 440 440 440 440 440 440 440 440 440 438 438 438 438 438 440 440 440 440 440 440 440 440 440 440 440 440 440 440 440 440 440 440 440 440 438 438 438 438 438 440 440 440 440 440 440 440 440 440 440 440 440 440 440 440 440 440 440 440 440 439 439 439 439 439 439 439 439 326 326 326 436 436 436 326 326 326 325 325 325 443 443 443 334 334 334 443 443 443 334 334 334 326 326 326 441 441 441 436 436 436 326 326 326 334 334 334 326 326 326 443 443 443 441 441 441 334 334 334 334 334 334 362 362 362 441 441 441 326 326 326 334 334 334 334 334 334 436 436 436 443 443 443 334 334 334 436 436 436 334 334 334 334 334 334 334 334 334 443 443 443 334 334 334 410 410 393 410 410 407 407 407 407 354 354 437 437 437 437 412 412 410 410 407 407 410 410 393 393 393 393 393 393 329 329 329 329 407 407 410 410 354 354 407 407 437 437 329 329 329 329 410 410 410 410 393 393 354 354 410 410 393 393 410 410 410 410 407 407 329 329 335 335 410 410 335 335 410 410 335 335 410 410 410 410 329 329 410 410 410 410 410 410 437 437 335 335 

M = 167:
167 167 167 167 167 167 167 167 167 167 167 167 167 167 167 167 167 167 167 167 167 167 167 167 167 167 167 167 167 167 167 167 167 167 167 167 167 167 167 167 167 167 167 167 

M = 292:
319 319 319 319 283 283 283 283 319 319 319 319 312 312 312 312 312 312 312 312 319 319 319 319 286 286 286 286 319 319 319 319 312 312 312 312 312 312 312 312 290 290 290 293 293 293 293 293 293 293 293 293 293 293 293 292 292 290 290 290 292 292 292 290 290 290 290 290 290 297 297 297 290 290 290 290 290 290 290 290 290 299 299 299 290 290 290 293 293 293 317 317 317 296 296 296 290 290 290 299 299 299 293 293 293 299 299 299 290 290 290 293 293 293 293 293 293 297 297 297 293 293 293 297 297 297 293 293 293 293 293 293 290 290 290 293 293 293 297 297 297 293 293 293 296 296 296 288 288 288 292 292 292 292 292 292 290 290 290 290 290 290 290 290 290 296 296 296 299 299 299 321 321 284 284 321 321 284 284 315 315 315 315 313 313 321 321 321 321 291 291 284 284 291 291 313 313 284 284 291 291 284 284 315 315 321 321 315 315 321 321 284 284 315 315 315 315 284 284 291 291 321 321 

M = 162:
161 161 161 163 163 163 163 163 163 358 358 162 162 162 162 162 162 162 358 358 162 162 162 162 359 359 357 357 162 162 359 359 

M = 275:
279 279 279 279 279 279 279 279 279 279 279 279 273 273 273 273 273 273 273 273 273 273 273 273 273 273 273 273 273 273 273 273 273 273 273 273 273 273 273 273 273 273 273 273 273 273 273 273 273 273 273 275 303 303 305 305 303 303 305 305 275 275 303 303 303 303 303 303 305 305 275 275 308 308 303 303 303 303 303 303 305 305 305 305 303 303 303 303 303 303 303 303 305 305 309 309 275 275 303 303 303 303 308 308 308 308 305 305 305 305 305 305 269 269 275 275 305 305 305 305 303 303 305 305 303 303 

