M = 407:
336 336 336 329 329 329 329 329 329 329 329 329 336 336 336 329 329 329 336 336 336 406 406 335 335 335 335 408 408 411 411 411 411 368 368 334 334 334 334 406 406 407 413 413 407 407 334 334 407 407 368 368 368 368 407 407 334 334 407 407 368 368 334 334 334 334 410 410 406 406 385 385 407 407 334 334 407 407 368 368 408 408 407 407 408 408 368 368 407 407 406 406 407 407 411 411 408 408 407 407 410 410 411 411 409 409 407 407 408 408 407 407 411 411 410 410 368 368 334 334 406 406 410 410 368 368 410 410 407 407 410 410 407 407 408 408 368 368 335 335 406 406 410 410 407 407 335 335 407 407 407 407 335 335 368 368 334 334 410 410 410 410 334 334 410 410 335 335 410 410 334 334 334 334 406 406 334 334 411 411 408 408 410 410 407 407 

M = 145:
144 144 144 144 144 144 146 146 146 146 146 146 146 146 146 146 146 146 146 146 146 146 146 146 146 146 146 146 146 146 146 146 146 146 146 146 142 142 142 142 142 142 145 145 145 145 145 143 143 143 143 143 141 141 141 141 141 141 141 141 141 141 141 141 141 141 141 141 141 141 141 141 177 177 177 177 177 177 177 177 177 177 177 177 177 177 177 177 177 177 148 148 148 148 148 148 148 148 

M = 205:
204 204 204 204 204 204 204 204 204 204 204 204 204 204 204 204 204 204 205 205 205 205 205 205 205 205 205 205 205 204 204 204 204 204 204 205 205 205 205 205 205 205 205 205 205 205 205 206 206 206 206 206 206 206 206 206 206 206 206 207 207 

M = 265:
268 268 268 268 268 268 268 268 268 268 265 265 265 265 265 265 265 265 265 265 265 265 265 265 265 265 265 267 267 267 265 265 265 265 265 265 265 265 265 265 265 265 265 265 265 265 265 265 265 265 265 265 265 265 

M = 301:
301 301 300 300 300 300 300 300 300 300 300 301 301 301 301 301 301 301 301 301 301 301 301 301 301 301 

M = 311:
311 311 311 311 311 311 311 311 311 311 311 311 311 311 311 311 311 311 311 311 311 311 311 311 311 311 311 311 311 311 311 311 311 311 311 311 311 311 311 311 311 311 311 311 311 311 311 311 311 311 311 314 314 314 314 314 314 

M = 303:
303 303 303 303 303 303 303 303 303 303 303 303 303 303 303 303 303 303 303 303 303 303 303 303 303 303 303 303 303 303 303 303 303 303 303 303 303 303 303 302 302 302 302 302 302 

M = 305:
305 305 305 305 305 305 305 305 305 305 305 

M = 193:
242 242 242 242 242 242 242 242 242 242 242 242 245 245 245 245 245 245 245 245 245 245 240 240 240 240 240 240 240 240 194 194 194 194 194 194 194 194 194 194 194 194 190 190 190 190 190 190 190 190 190 190 190 190 190 190 190 190 190 190 190 190 190 190 190 190 190 220 220 220 220 241 241 241 241 220 220 220 220 241 241 241 241 241 241 241 241 241 241 241 241 241 241 241 241 220 220 220 220 220 220 220 220 241 241 241 241 220 220 220 220 220 220 220 220 241 241 241 241 220 220 220 220 140 140 140 140 241 241 241 241 241 241 241 241 220 220 220 220 241 241 241 241 241 241 241 241 220 220 220 220 241 241 241 241 130 130 130 216 216 216 130 130 130 193 193 130 130 130 130 130 130 216 216 216 193 193 193 193 193 193 130 130 130 130 130 130 193 193 193 130 130 130 130 130 130 222 222 222 222 137 137 138 138 137 137 137 137 137 137 138 138 222 222 138 138 222 222 138 138 222 222 138 138 138 138 137 137 222 222 222 222 138 138 138 138 222 222 138 138 222 222 222 222 138 138 138 138 137 137 222 222 138 138 

M = 307:
307 307 307 307 307 307 307 307 307 307 307 307 307 307 307 307 307 307 307 307 307 307 307 307 307 307 307 307 307 307 307 307 307 307 307 

M = 182:
182 182 182 179 179 179 179 182 182 182 182 181 181 181 181 181 181 181 181 182 182 182 182 181 181 181 181 181 181 181 181 228 228 228 228 228 228 228 228 228 178 178 178 178 178 178 178 178 178 178 178 178 178 178 178 178 178 178 178 178 178 178 178 178 

M = 158:
159 159 159 159 159 159 159 159 159 159 158 158 158 158 158 158 158 158 250 250 250 250 250 250 250 250 250 158 158 158 158 158 158 158 158 158 158 158 158 158 158 158 158 158 158 158 158 158 158 158 158 158 158 158 158 158 158 158 158 158 158 158 158 250 250 250 250 250 250 250 250 250 157 157 157 157 157 157 157 157 251 251 251 251 251 251 251 251 157 157 157 157 157 157 157 157 251 251 251 251 251 251 251 251 160 160 160 

M = 405:
337 337 337 339 339 339 337 337 337 339 339 339 337 337 337 337 337 337 337 337 337 339 339 339 337 337 337 337 337 337 339 339 339 339 339 339 339 339 339 337 337 337 337 337 337 405 341 341 415 415 405 405 341 341 405 405 405 405 405 405 405 405 405 405 415 415 405 405 405 405 405 405 415 415 405 405 341 341 415 415 330 330 341 341 341 341 405 405 

M = 440:
440 440 440 440 440 440 440 438 438 438 438 440 440 440 440 440 440 440 440 439 439 439 439 439 439 439 439 439 439 439 439 440 440 440 440 440 440 440 440 441 441 441 441 440 440 440 440 441 441 441 441 440 440 440 440 440 440 440 440 440 440 440 440 440 440 440 440 439 439 439 439 439 439 439 439 440 440 440 440 441 441 441 441 440 440 440 440 440 440 440 440 439 439 439 439 440 440 440 440 438 438 438 438 443 443 443 443 393 393 393 393 442 442 442 442 442 442 393 393 442 442 393 393 442 442 443 443 442 442 393 393 393 393 443 443 442 442 443 443 

M = 297:
296 296 296 296 299 299 299 299 296 296 296 296 299 299 299 299 299 299 299 299 296 296 296 296 296 296 296 296 296 296 296 296 297 297 297 297 297 297 297 297 297 297 297 297 297 297 297 297 297 297 297 297 

M = 226:
226 226 226 226 226 226 226 226 226 226 226 226 226 226 226 226 226 226 226 226 226 226 226 226 226 226 226 119 119 119 119 226 226 226 226 226 226 226 226 226 226 226 226 208 208 208 208 208 208 208 208 208 208 208 208 208 208 208 208 208 208 208 208 208 208 208 208 

M = 235:
237 237 237 237 237 201 201 201 201 201 201 201 201 235 235 235 235 235 235 235 235 235 235 235 235 235 235 235 235 235 235 235 235 235 235 235 235 235 235 235 235 235 235 235 235 235 235 235 235 235 235 235 235 235 235 235 235 235 235 235 235 235 235 235 235 235 233 233 233 233 233 233 233 233 233 233 233 233 233 233 233 233 233 233 233 233 233 233 

M = 292:
293 293 293 293 293 293 293 293 293 293 293 293 293 293 293 293 292 292 292 292 292 292 292 293 293 293 293 292 292 292 292 293 293 293 293 292 292 292 292 293 293 293 293 292 292 292 292 293 293 293 293 293 293 293 293 293 293 293 293 292 292 292 292 322 322 322 321 321 321 326 326 326 290 290 290 322 322 322 326 326 326 290 290 290 290 290 290 326 326 326 290 290 290 290 290 290 290 290 290 326 326 326 326 326 326 290 290 290 322 322 322 290 290 290 322 322 322 326 326 326 326 326 326 290 290 290 322 322 322 290 290 290 325 325 325 325 325 325 319 319 319 319 325 325 319 319 319 319 319 319 319 319 325 325 319 319 319 319 325 325 319 319 319 319 319 319 319 319 325 325 319 319 319 319 

M = 165:
164 164 164 164 164 164 164 164 164 164 164 163 163 163 163 163 163 163 163 163 163 163 163 163 163 163 163 163 163 163 163 163 163 165 165 165 165 165 165 165 165 165 165 165 165 165 165 165 165 165 165 165 165 165 165 165 165 165 165 165 165 165 165 165 165 165 165 165 165 165 165 165 165 165 165 165 165 165 165 165 165 165 165 165 165 165 165 165 165 165 165 165 249 249 249 249 249 249 249 249 249 249 249 249 249 249 169 169 169 169 169 169 162 162 162 162 162 162 162 162 162 162 162 162 162 162 162 162 162 162 162 162 167 167 167 167 239 239 239 239 167 167 167 167 167 167 167 167 167 167 167 167 167 167 167 167 167 167 167 167 167 167 167 167 167 167 167 167 167 167 167 167 171 171 171 171 171 171 

M = 358:
359 359 359 359 359 359 359 359 359 362 362 362 359 359 359 359 359 359 359 359 359 359 359 359 358 358 358 358 358 358 358 358 358 358 358 356 356 356 356 358 358 358 358 358 358 358 358 358 358 356 356 356 356 

