M = 319:
316 316 316 316 316 316 319 319 319 319 319 319 319 319 319 319 319 319 319 319 319 319 319 319 319 318 318 318 322 322 322 322 322 322 322 322 322 318 318 318 322 322 322 320 320 320 322 322 322 317 317 317 317 317 317 

M = 440:
362 362 442 442 440 440 440 440 440 440 440 362 362 440 440 440 440 442 442 440 440 362 362 440 440 362 362 362 362 440 440 362 362 440 440 440 440 440 440 

M = 205:
206 206 206 206 206 206 206 206 206 206 206 206 206 206 206 206 206 206 206 206 206 206 206 206 206 206 206 206 206 206 206 206 206 206 206 206 206 206 206 206 204 204 204 204 204 204 204 203 203 203 203 203 203 205 205 205 205 205 205 205 205 205 205 205 205 205 205 205 205 205 205 205 205 205 205 205 205 205 205 205 205 205 205 205 205 205 205 205 205 205 205 205 205 205 205 205 205 205 205 205 205 205 205 205 205 205 203 203 203 203 203 203 201 201 201 201 201 201 

M = 249:
249 249 249 249 249 249 249 249 249 249 249 249 249 249 249 249 249 249 249 249 249 249 249 249 249 249 249 249 249 249 249 249 249 249 249 249 249 249 249 249 249 249 249 249 249 249 249 249 249 249 249 249 249 249 249 249 249 249 249 249 249 249 249 249 249 

M = 286:
284 284 284 284 284 284 283 283 283 283 283 283 283 283 283 283 283 283 283 283 283 283 283 283 284 284 284 284 284 284 284 284 284 284 284 284 284 284 284 284 284 284 283 283 283 283 283 283 286 286 286 286 286 286 286 286 286 286 286 286 286 286 286 286 286 286 286 286 286 286 286 286 424 424 424 424 424 424 424 424 426 426 426 426 426 426 426 426 426 428 428 428 426 426 426 426 426 426 428 428 428 428 428 428 428 428 428 426 426 426 426 426 426 426 426 426 426 426 426 428 428 428 282 282 447 447 285 285 447 447 282 282 447 447 288 288 285 285 285 285 447 447 288 288 447 447 447 447 447 447 287 287 288 288 447 447 282 282 285 285 447 447 282 282 358 358 287 287 282 282 282 282 282 282 282 282 285 285 447 447 447 447 285 285 282 282 447 447 447 447 285 285 287 287 287 287 285 285 285 285 285 285 288 288 285 285 358 358 447 447 288 288 287 287 447 447 288 288 282 282 447 447 282 282 282 282 

M = 312:
312 312 312 312 312 312 312 312 312 312 312 312 312 312 312 312 312 312 312 312 311 311 311 311 311 311 311 311 311 311 311 311 311 311 311 311 311 311 311 311 313 313 313 313 314 314 314 314 314 314 310 310 310 310 

M = 196:
242 242 242 242 242 242 242 242 242 242 242 242 242 242 242 242 242 242 242 242 242 242 127 127 127 127 127 127 127 127 127 127 127 127 127 127 127 127 127 127 127 127 127 127 127 127 196 196 196 196 196 196 196 196 196 196 196 196 196 196 196 196 196 196 196 196 196 196 196 196 196 196 196 196 196 196 196 196 196 196 196 196 196 196 196 196 196 196 196 196 196 196 196 196 196 196 196 196 196 196 196 196 196 196 196 196 196 196 196 196 196 196 196 196 196 196 196 196 196 196 196 196 196 196 196 196 196 196 196 196 196 196 196 196 196 196 196 196 196 196 196 196 196 196 196 196 196 196 196 196 196 196 196 196 196 196 196 194 194 194 194 194 194 194 194 194 194 194 194 194 194 194 194 194 194 194 194 194 194 194 194 194 194 194 194 130 130 130 130 130 130 130 130 130 130 130 130 130 130 130 130 130 130 130 130 130 130 130 130 130 130 130 130 130 130 130 130 130 130 130 130 

M = 122:
122 138 138 122 122 138 138 122 122 138 138 122 122 122 122 122 122 122 122 122 122 122 122 138 138 122 122 122 122 122 122 122 122 138 138 122 122 122 122 

M = 121:
121 121 121 120 120 120 

M = 261:
261 261 261 261 261 261 261 261 261 261 261 261 261 261 261 261 261 261 261 261 261 261 261 261 261 261 261 261 261 261 261 261 261 261 261 261 261 261 261 261 261 261 261 261 261 261 261 261 261 261 261 261 261 178 178 264 264 178 178 178 178 178 178 264 264 264 264 264 264 178 178 178 178 180 180 264 264 178 178 178 178 178 178 264 264 178 178 180 180 178 178 178 178 264 264 178 178 181 181 264 264 264 264 264 264 262 262 178 178 264 264 178 178 178 178 180 180 180 180 

M = 259:
259 259 258 258 258 259 259 259 259 259 259 258 258 258 259 259 259 259 259 259 259 259 259 233 233 233 259 259 259 259 259 259 258 258 258 258 258 258 259 259 259 233 233 233 257 257 257 257 257 257 232 232 232 259 259 259 259 259 259 233 233 233 259 259 259 259 259 259 257 257 257 259 259 259 259 259 259 258 258 258 259 259 259 259 259 259 258 258 258 

M = 326:
326 326 326 326 326 326 326 326 326 326 326 326 326 326 326 326 326 326 326 326 326 326 326 326 326 326 326 326 326 326 326 326 326 326 326 326 326 326 326 326 326 326 326 326 329 329 325 325 325 325 325 325 325 325 329 329 329 329 

M = 273:
279 279 279 275 275 273 273 273 272 272 273 273 277 277 277 277 277 277 277 277 273 273 273 273 275 275 273 273 277 277 277 277 277 277 277 277 277 277 275 275 273 273 273 273 273 273 273 273 273 273 273 273 277 277 277 277 273 273 277 277 275 275 273 273 277 277 273 273 

M = 299:
300 300 300 300 300 300 300 300 300 305 305 305 299 299 299 299 299 299 299 299 299 299 299 299 299 299 299 299 299 299 299 306 306 299 299 299 299 306 306 299 299 

M = 251:
158 158 158 158 158 158 158 158 158 158 158 158 158 158 158 158 158 158 158 158 158 158 158 158 158 158 158 158 158 158 158 158 158 158 158 158 158 158 158 158 158 158 158 158 158 158 158 158 159 159 159 159 159 159 159 159 159 159 159 250 250 250 250 250 250 250 250 250 250 250 250 250 250 250 250 250 250 250 250 250 250 251 251 251 251 251 251 251 251 251 251 251 251 251 251 251 251 251 251 251 251 251 251 251 251 251 251 251 251 251 251 251 251 251 251 251 251 251 251 251 251 251 251 251 251 251 251 251 251 251 251 251 251 251 251 251 251 251 251 251 251 251 251 251 251 251 251 251 251 251 251 251 251 251 251 251 251 251 251 251 251 251 251 251 251 251 251 251 251 251 251 251 251 251 251 251 251 251 251 251 251 251 251 251 251 251 251 251 251 251 251 251 237 237 237 237 237 237 237 237 237 237 237 237 237 237 157 157 157 157 157 157 235 235 235 235 235 235 235 235 156 156 156 156 156 156 156 156 156 156 156 156 253 253 253 156 156 156 156 156 156 156 156 156 156 156 156 156 156 156 156 156 156 156 156 156 156 156 156 

M = 297:
297 297 297 297 297 297 297 297 297 297 297 296 296 297 297 297 297 296 296 297 297 297 297 297 297 297 297 297 297 296 296 296 296 

M = 123:
136 136 136 136 136 136 136 136 136 136 136 136 136 136 136 136 136 136 136 136 136 136 136 136 136 136 136 136 136 136 136 136 136 136 136 136 136 136 136 136 136 136 136 136 136 136 136 136 136 136 136 136 136 136 136 136 136 136 136 136 136 136 136 136 136 136 123 123 123 123 123 123 123 123 123 124 124 124 124 124 124 124 124 124 124 124 124 124 124 124 123 123 123 123 123 123 123 123 123 123 123 123 123 123 123 134 134 134 134 134 134 134 134 134 134 124 124 124 124 124 123 123 123 123 123 123 123 123 123 123 123 123 123 123 123 134 134 134 134 134 134 134 134 134 134 134 134 134 134 134 135 135 135 135 135 123 123 123 123 123 210 210 210 210 210 210 210 210 210 210 210 210 210 210 210 210 210 210 210 210 210 210 210 210 210 210 

M = 167:
164 164 164 164 164 164 164 164 164 165 165 165 165 165 165 165 165 165 165 165 165 165 165 163 163 163 163 163 163 163 165 165 165 165 165 165 165 165 165 165 165 165 165 165 165 165 165 165 165 165 165 165 165 165 165 165 165 165 163 163 163 163 163 163 163 162 162 162 162 162 162 162 162 167 167 167 167 167 167 167 167 167 167 167 167 167 167 167 167 167 167 167 167 167 167 167 167 167 167 167 167 167 167 167 167 167 167 167 169 169 169 167 167 167 167 167 167 167 167 167 167 167 167 167 167 167 

M = 268:
270 270 270 270 266 266 266 266 266 266 268 268 268 268 268 268 268 268 268 268 268 268 268 268 268 268 268 268 268 268 268 268 268 268 268 

M = 220:
219 219 219 219 190 190 190 190 219 219 219 219 218 218 218 218 218 218 218 218 218 218 218 218 190 190 190 190 218 218 218 218 219 219 219 219 190 190 190 190 219 219 219 219 190 190 190 190 190 190 190 190 218 218 218 218 190 190 190 190 139 139 139 139 139 139 220 220 220 220 220 139 139 220 220 192 192 139 139 220 220 139 139 220 220 220 220 220 220 139 139 220 220 192 192 139 139 220 220 217 217 139 139 217 217 220 220 220 220 220 220 220 220 139 139 220 220 139 139 220 220 139 139 220 220 139 139 

