M = 201:
204 204 204 204 206 206 206 206 201 201 201 201 201 201 201 201 205 205 205 201 201 201 201 201 201 205 205 205 205 205 205 201 201 201 201 201 201 201 201 201 201 201 201 205 205 205 208 208 208 208 208 208 208 208 208 208 208 208 208 208 208 208 208 208 

M = 268:
268 268 268 268 268 268 268 268 268 268 268 268 268 268 268 268 268 268 268 268 268 268 268 268 268 268 268 268 268 268 268 268 268 268 266 266 266 266 266 266 146 146 146 146 146 146 146 146 146 146 146 146 146 146 146 146 146 146 146 146 146 146 146 146 146 270 270 270 270 267 267 267 267 267 267 270 270 267 267 270 270 270 270 270 270 267 267 267 267 270 270 270 270 

M = 251:
251 251 251 251 251 251 251 251 251 251 251 251 251 251 251 251 251 251 251 251 251 251 251 251 251 251 251 251 251 251 251 251 251 251 251 251 251 251 251 251 251 251 251 251 251 251 251 251 251 251 251 251 251 251 251 251 251 251 251 251 251 251 251 251 251 251 251 251 251 251 251 251 251 251 249 249 249 249 249 249 249 249 249 249 249 249 249 249 249 249 249 249 249 249 249 249 249 249 249 249 249 249 249 249 249 249 249 249 249 249 

M = 194:
242 242 242 242 242 242 242 242 242 242 242 242 242 194 194 194 194 194 194 194 194 194 194 194 194 194 194 194 194 194 194 194 194 194 194 194 194 194 194 194 194 194 194 194 194 194 194 194 194 194 194 194 190 190 190 190 190 190 190 190 193 193 193 193 193 193 193 193 193 193 193 193 193 193 193 193 193 193 193 193 

M = 310:
305 305 305 305 307 307 307 307 305 305 305 305 305 305 305 305 305 305 305 305 310 317 317 310 310 313 313 317 317 313 313 310 310 310 310 310 310 313 313 310 310 310 310 310 310 310 310 310 310 310 310 308 308 313 313 310 310 310 310 312 312 313 313 

M = 258:
258 258 258 257 257 258 258 257 257 257 257 258 258 257 257 

M = 284:
359 359 359 359 359 362 362 362 362 284 284 284 284 284 284 284 284 284 284 284 284 284 284 284 284 284 284 284 284 283 283 283 356 356 356 284 284 284 358 358 358 284 284 284 284 284 284 284 284 284 283 283 283 284 284 284 356 356 356 421 421 444 444 399 399 421 421 421 421 444 444 421 421 444 444 421 421 444 444 421 421 444 444 444 444 444 444 444 444 444 444 421 421 399 399 399 399 444 444 399 399 444 444 444 444 399 399 444 444 444 444 

M = 215:
218 218 218 218 218 218 218 218 218 217 217 217 217 217 217 217 217 217 216 216 216 216 215 215 215 215 215 215 215 215 215 215 215 215 215 215 215 215 215 215 215 215 215 215 215 215 215 215 215 215 215 215 215 215 215 215 215 215 215 215 215 215 215 214 214 220 220 220 220 220 220 214 214 220 220 214 214 220 220 214 214 214 214 214 214 214 214 214 214 214 214 220 220 214 214 220 220 220 220 220 220 214 214 220 220 214 214 214 214 214 214 220 220 220 220 220 220 220 220 220 220 220 220 214 214 214 214 214 214 

M = 132:
127 127 127 127 127 127 127 127 127 127 127 127 127 127 127 127 127 127 131 131 131 131 131 124 124 124 124 124 124 124 124 123 123 123 133 133 133 133 133 133 133 133 133 133 133 133 133 133 133 123 123 123 133 133 133 123 123 123 133 133 133 133 133 133 133 133 133 123 123 123 123 123 123 133 133 133 123 123 123 133 133 133 123 123 123 133 133 133 132 132 132 132 132 122 122 132 132 122 122 132 132 122 122 122 122 132 132 132 132 132 132 122 122 122 122 132 132 122 122 122 122 122 122 122 122 122 122 122 122 122 122 132 132 122 122 122 122 122 122 122 122 132 132 

M = 261:
263 263 263 261 261 263 263 263 261 261 261 263 263 263 261 261 261 261 261 261 261 261 261 261 261 261 261 261 261 261 261 261 263 263 263 229 229 229 229 

M = 259:
259 259 259 232 232 232 232 259 259 

M = 196:
240 240 240 240 240 240 239 239 239 239 196 196 196 196 196 130 130 130 130 130 130 196 196 196 130 130 130 196 196 196 196 196 196 130 130 130 130 130 130 196 196 196 130 130 130 196 196 196 

M = 275:
275 275 275 275 275 275 275 275 275 275 275 303 303 273 273 274 274 274 274 302 302 303 303 273 273 303 303 303 303 273 273 274 274 303 303 302 302 274 274 303 303 273 273 303 303 302 302 273 273 274 274 274 274 273 273 302 302 273 273 273 273 273 273 302 302 303 303 303 303 302 302 

M = 178:
119 119 119 119 119 144 144 144 144 144 119 119 119 119 119 144 144 144 144 144 120 120 120 120 120 119 119 119 119 119 144 144 144 144 144 178 178 178 178 178 178 178 178 178 178 178 178 178 178 178 178 178 178 178 178 178 178 178 178 178 178 178 178 178 178 178 178 178 178 178 177 177 177 177 177 177 177 177 181 181 181 181 181 181 177 177 181 181 177 177 181 181 

M = 164:
165 165 165 165 165 165 165 165 165 165 165 165 165 165 165 165 165 165 165 165 165 165 165 165 165 165 165 165 165 165 165 165 165 165 165 165 165 165 165 165 165 165 165 165 165 165 165 165 165 165 165 165 165 165 165 165 165 165 165 165 165 165 165 165 165 165 165 165 165 165 165 165 164 164 164 164 164 164 164 164 164 164 164 164 164 164 164 164 164 164 164 164 164 164 164 164 164 164 164 164 164 164 164 164 164 164 164 164 164 164 164 164 164 164 164 164 164 164 164 164 164 164 164 164 164 164 164 167 167 167 167 167 167 167 167 167 167 167 167 167 167 167 167 167 167 167 167 167 167 167 167 167 167 167 167 167 167 167 167 167 167 167 162 162 162 162 162 162 162 162 162 162 162 162 162 162 162 163 163 163 163 163 163 

M = 158:
157 157 157 157 157 157 159 159 159 159 159 159 161 161 161 161 161 158 158 158 158 158 158 158 158 158 158 158 158 158 158 158 158 158 158 158 158 158 158 158 158 158 158 158 158 158 158 158 158 158 158 158 158 158 158 158 158 158 158 158 158 158 158 158 158 158 158 158 158 158 158 158 158 158 158 158 158 158 158 158 

M = 139:
136 136 136 140 140 140 136 136 136 140 140 140 136 136 136 136 136 136 136 136 136 136 136 136 136 136 136 136 136 136 140 140 140 140 140 140 140 140 140 140 140 140 136 136 136 140 140 140 140 140 140 136 136 136 139 139 139 139 139 212 212 212 212 139 139 139 139 139 139 212 212 212 212 139 139 212 212 212 212 212 212 139 139 139 139 212 212 212 212 139 139 212 212 212 212 139 139 139 139 212 212 139 139 212 212 

M = 282:
282 282 282 282 282 279 279 281 281 282 282 281 281 282 282 282 282 280 280 282 282 282 282 281 281 282 282 279 279 280 280 282 282 280 280 281 281 280 280 282 282 281 281 282 282 282 282 281 281 279 279 281 281 280 280 282 282 282 282 280 280 281 281 

M = 297:
297 297 297 297 297 297 297 297 297 297 297 297 297 297 297 297 297 297 297 297 297 297 297 297 297 297 297 297 297 297 297 297 297 297 297 297 297 297 297 297 297 297 297 297 297 297 297 297 297 297 297 297 297 297 297 297 297 297 297 297 297 297 297 297 297 301 301 301 301 301 301 300 300 300 300 300 293 293 293 293 293 293 293 293 293 293 293 293 293 293 293 293 293 293 293 293 293 293 293 293 293 293 293 293 293 293 293 293 293 293 293 293 293 293 293 440 440 440 440 440 440 299 299 440 440 299 299 440 440 440 440 299 299 440 440 440 440 440 440 299 299 299 299 440 440 440 440 440 440 440 440 296 296 299 299 

M = 172:
172 172 172 172 172 172 172 

