M = 146:
146 146 146 146 146 146 146 146 146 146 146 146 146 146 146 146 146 146 146 146 146 146 146 146 146 146 146 146 146 146 146 146 146 146 146 146 146 146 146 146 146 146 146 146 146 146 146 146 146 146 146 146 146 146 146 146 146 146 146 146 146 146 146 146 146 146 146 146 146 146 146 146 146 146 146 146 145 145 145 145 145 145 145 145 145 145 145 145 145 145 145 267 267 267 267 267 267 267 267 267 267 267 267 267 267 267 267 267 267 267 267 267 267 267 267 267 267 267 267 267 267 267 267 267 267 267 267 267 267 267 267 267 267 267 267 267 267 267 267 276 276 272 272 272 272 273 273 273 273 148 148 273 273 272 272 273 273 273 273 276 276 148 148 273 273 276 276 148 148 276 276 273 273 272 272 273 273 273 273 273 273 273 273 273 273 148 148 272 272 273 273 273 273 148 148 276 276 148 148 273 273 273 273 273 273 276 276 148 148 

M = 201:
204 204 204 204 204 204 204 204 204 204 204 204 204 204 204 204 204 204 204 204 202 202 202 202 202 202 202 202 202 202 202 202 201 201 201 201 201 201 201 201 201 201 201 201 201 201 201 201 201 201 201 201 201 201 201 201 201 201 201 201 201 201 201 201 201 

M = 215:
142 142 142 142 142 219 219 219 219 219 142 142 142 142 142 142 142 142 142 142 219 219 219 219 219 142 142 142 142 142 142 142 142 142 142 142 142 142 142 142 142 142 142 142 142 219 219 219 219 219 142 142 142 142 142 142 142 142 142 142 142 142 142 142 142 218 218 218 218 218 219 219 219 219 219 217 217 217 217 217 217 217 217 217 217 217 217 217 217 217 217 139 139 139 139 139 139 139 139 139 139 139 139 139 139 139 139 139 139 139 139 139 139 139 139 139 139 139 139 139 139 139 139 139 139 139 139 139 139 139 141 141 141 220 220 220 220 220 220 215 220 220 220 220 220 220 140 140 215 215 215 215 215 215 140 140 140 140 220 220 220 220 220 220 215 215 215 215 220 220 215 215 215 215 215 215 215 215 140 140 220 220 140 140 140 140 140 140 220 220 220 220 140 140 140 140 140 140 215 215 220 220 215 215 140 140 220 220 220 220 220 220 215 215 215 215 

M = 206:
206 206 206 206 206 206 206 206 206 206 206 206 206 206 206 205 205 206 206 206 206 206 206 206 206 206 206 

M = 159:
158 158 158 158 159 159 159 158 158 158 158 159 159 159 159 162 162 162 162 

M = 194:
193 193 193 193 193 193 193 193 193 193 193 193 193 193 193 193 193 193 193 193 193 194 194 194 194 194 194 193 193 193 193 193 193 193 194 194 194 194 194 194 194 194 194 194 194 194 194 194 194 194 194 194 194 194 194 193 193 193 193 193 193 193 194 194 194 194 194 194 194 194 194 194 194 194 194 194 194 194 194 194 194 194 194 194 194 194 194 194 194 194 194 194 194 194 194 194 194 194 194 194 194 194 194 194 190 190 190 190 190 190 190 190 190 190 190 190 190 190 190 190 190 190 190 190 190 190 190 190 190 130 130 130 130 130 130 130 130 130 130 130 130 130 130 130 130 130 130 130 130 130 130 130 130 130 130 130 130 130 130 130 130 130 130 130 130 130 130 130 130 130 130 130 130 130 192 192 192 192 

M = 197:
197 197 197 197 197 197 197 197 197 197 197 197 197 197 197 197 197 197 197 197 197 197 197 197 197 197 197 197 197 197 197 197 197 197 197 197 197 197 197 197 197 197 197 126 126 126 126 126 126 126 126 126 126 126 126 196 196 127 127 239 239 127 127 196 196 196 196 196 196 196 196 196 196 127 127 196 196 127 127 196 196 239 239 196 196 196 196 239 239 196 196 127 127 127 127 127 127 196 196 196 196 196 196 196 196 196 196 

M = 178:
178 178 178 178 178 178 178 178 178 178 178 178 178 178 178 178 178 265 265 265 265 265 265 178 178 178 178 178 178 265 265 265 265 265 265 265 265 265 265 265 265 178 178 178 178 178 178 178 178 178 178 178 178 178 178 178 178 178 178 178 178 178 178 178 178 178 178 178 178 178 178 178 178 178 178 178 178 265 265 265 265 265 265 178 178 178 178 178 178 178 178 178 178 178 178 178 178 178 178 178 178 178 178 178 178 178 178 265 265 265 265 265 265 177 177 177 177 177 177 177 177 177 177 177 177 177 177 177 177 177 177 177 177 177 177 177 177 177 177 177 177 177 177 177 177 182 182 182 182 182 182 182 182 182 182 182 182 

M = 370:
385 385 385 385 385 385 385 385 385 385 385 385 385 385 385 385 450 450 450 450 450 450 346 346 346 349 349 349 450 450 450 368 368 368 346 346 346 345 345 345 346 346 346 346 346 346 346 346 346 450 450 450 450 450 450 345 345 345 450 450 450 346 346 346 344 344 372 372 344 344 360 360 351 351 360 360 423 423 455 455 370 374 374 351 351 344 344 344 344 344 344 360 360 451 451 351 351 451 451 344 344 370 370 370 370 453 453 370 370 351 351 370 370 451 451 370 370 351 351 351 351 360 360 425 425 423 423 374 374 370 370 451 451 350 350 344 344 344 344 370 370 344 344 370 370 344 344 370 370 370 370 370 370 344 344 370 370 372 372 344 344 370 370 344 344 344 344 370 370 360 360 370 370 347 347 347 347 351 351 347 347 370 370 350 350 453 453 351 351 451 451 370 370 451 451 451 451 351 351 451 451 360 360 

M = 122:
122 122 122 122 122 122 122 122 122 122 122 122 122 122 122 122 122 122 122 122 122 122 122 122 122 122 122 122 122 122 122 122 122 122 122 138 138 138 138 138 138 138 138 138 138 138 138 138 138 138 138 

M = 261:
262 262 262 262 262 261 261 261 261 261 261 261 261 261 261 261 261 261 261 261 261 261 261 261 264 264 264 264 264 264 264 264 264 264 264 264 

M = 123:
137 137 137 137 124 124 124 136 136 136 136 136 136 124 124 124 136 136 136 124 124 124 124 124 124 124 124 124 136 136 136 135 135 135 124 124 124 124 124 124 136 136 136 124 124 124 136 136 136 136 136 136 135 135 135 124 124 124 135 135 135 136 136 136 124 124 124 136 136 136 136 136 136 136 136 136 136 136 136 136 136 136 136 136 136 135 135 135 124 124 124 125 125 125 125 123 125 125 123 123 123 123 123 123 123 123 125 125 123 123 123 123 125 125 123 123 125 125 123 123 125 125 123 123 123 123 125 125 123 123 123 123 123 123 125 125 123 123 123 123 123 123 123 123 

M = 403:
408 408 408 408 408 408 341 341 341 341 341 341 408 408 408 408 408 408 408 408 408 408 408 408 337 337 337 337 337 337 408 408 408 408 408 408 408 408 408 408 408 408 409 409 409 409 409 409 409 409 409 409 409 409 337 337 337 337 337 337 408 408 408 408 408 408 337 337 337 337 337 337 408 408 408 408 408 408 408 408 408 408 408 408 409 409 409 409 409 409 409 409 409 409 409 409 408 408 408 408 408 408 408 408 408 408 408 408 337 337 337 337 337 337 337 337 337 337 337 337 337 337 337 337 337 337 408 408 408 408 408 408 336 336 336 336 336 336 336 336 336 336 336 336 336 336 336 336 336 336 336 336 401 401 401 401 401 401 401 401 403 403 403 403 403 403 403 326 326 326 326 401 401 401 401 377 377 377 377 403 403 403 403 403 403 403 403 335 335 335 335 401 401 401 401 403 403 403 403 403 403 403 403 327 327 327 327 401 401 401 401 403 403 403 403 401 401 401 401 401 401 401 401 403 403 403 403 403 403 403 403 401 401 401 401 403 403 403 403 403 403 403 403 326 326 326 326 401 401 401 401 401 401 401 401 335 335 335 335 401 401 401 401 335 335 335 335 403 403 403 403 335 335 335 335 377 377 377 377 377 377 377 377 377 377 377 377 342 342 342 342 401 401 401 401 403 403 403 403 401 401 401 401 403 403 403 403 401 401 401 401 401 401 401 401 403 403 403 403 335 335 335 335 405 405 405 390 390 390 390 390 390 329 329 329 407 407 407 390 390 390 407 407 407 390 390 390 412 412 412 390 390 390 405 405 405 390 390 390 390 390 390 405 405 405 329 329 329 405 405 405 412 412 412 405 405 405 390 390 390 390 390 390 390 390 390 390 390 390 405 405 405 390 390 390 405 405 405 405 405 405 390 390 390 437 437 332 332 437 437 419 419 419 419 333 333 436 436 419 419 333 333 436 436 419 419 332 332 436 436 332 332 436 436 332 332 419 419 376 376 419 419 400 400 419 419 400 400 376 376 332 332 332 332 436 436 400 400 419 419 332 332 437 437 419 419 419 419 332 332 332 332 419 419 332 332 376 376 400 400 332 332 436 436 333 333 400 400 333 333 400 400 419 419 376 376 332 332 419 419 419 419 400 400 419 419 419 419 436 436 332 332 378 378 333 333 332 332 436 436 378 378 437 437 436 436 332 332 333 333 376 376 332 332 437 437 333 333 376 376 419 419 419 419 

M = 232:
231 231 231 231 231 231 231 231 231 232 232 232 232 232 231 231 231 232 232 232 231 231 231 232 232 232 232 232 232 258 258 258 258 258 258 228 228 258 258 258 258 258 258 258 258 

M = 242:
244 244 244 244 244 244 244 244 242 242 242 242 242 242 242 242 242 242 242 242 242 242 242 242 242 242 242 242 242 242 242 242 242 242 242 242 242 242 242 242 242 242 242 242 242 242 242 242 242 242 242 242 242 242 242 242 242 242 242 242 242 242 242 242 242 242 242 242 242 242 242 242 242 242 242 242 242 242 242 242 242 242 242 242 245 245 245 245 245 245 245 245 245 245 

M = 241:
241 241 241 241 241 241 241 241 241 241 241 241 241 241 241 241 241 241 241 241 241 241 241 241 241 241 241 241 241 241 241 241 241 241 241 241 241 241 241 

M = 250:
248 248 248 248 248 248 248 248 250 250 250 250 250 250 250 250 250 250 250 250 250 250 250 250 250 250 250 250 250 250 250 250 250 250 250 250 250 237 237 237 237 251 251 251 251 237 237 237 237 237 237 237 237 251 251 251 251 249 249 249 249 237 237 237 237 237 237 237 237 249 249 249 249 

M = 253:
253 253 253 253 253 253 253 235 235 235 235 253 253 253 253 253 253 253 253 156 156 156 156 156 156 156 156 156 156 156 156 

M = 165:
165 165 165 165 165 165 165 165 165 165 165 165 165 165 165 165 165 165 165 165 165 165 165 165 165 165 165 165 165 165 165 165 165 165 165 165 165 165 165 165 165 165 165 165 165 165 165 165 165 165 165 165 165 165 165 165 165 165 165 165 165 165 165 165 165 164 164 164 164 164 164 164 164 164 164 164 164 164 164 164 164 164 164 164 164 164 164 164 164 164 164 164 164 164 164 164 164 164 164 164 164 164 164 164 164 164 164 164 164 164 164 164 164 164 164 164 164 164 164 164 168 168 168 168 168 

M = 255:
255 255 255 255 255 255 255 255 255 255 255 255 255 255 255 255 255 154 154 154 154 154 154 154 154 154 154 154 154 

