M = 201:
206 206 206 206 206 206 206 206 206 206 206 206 206 206 206 206 206 206 206 206 206 206 206 206 206 206 206 206 206 206 201 201 201 201 201 201 201 201 201 201 201 201 201 201 201 205 205 205 205 201 201 201 201 205 205 205 205 201 201 201 201 201 201 201 201 205 205 205 205 201 201 201 201 205 205 205 205 201 201 201 201 201 201 201 201 201 201 201 201 201 201 201 201 205 205 205 205 199 199 199 199 199 199 199 199 199 199 199 199 199 199 199 199 199 199 235 235 235 235 235 235 235 235 235 235 235 235 235 235 235 235 235 235 235 235 235 235 235 235 235 235 235 235 235 235 235 235 

M = 215:
219 219 219 140 140 140 217 217 217 140 140 140 140 140 140 217 217 217 140 140 140 140 140 140 217 217 217 217 217 217 140 140 140 217 217 217 140 140 140 140 140 140 140 140 140 140 140 140 213 213 213 140 140 140 215 215 215 215 215 215 215 215 215 218 218 215 215 215 215 215 215 215 215 215 215 215 215 215 215 215 215 215 215 

M = 194:
242 242 242 242 242 242 242 242 242 242 242 242 242 242 242 242 242 242 245 245 245 245 245 245 245 245 240 240 240 240 240 240 240 240 240 240 194 194 194 196 196 196 196 196 196 196 196 194 194 194 194 194 194 194 194 196 196 196 196 194 194 194 194 194 194 194 194 194 194 194 194 191 191 191 191 191 191 191 191 191 130 130 190 190 130 130 130 130 130 130 190 190 130 130 190 190 190 190 130 130 190 190 

M = 311:
305 305 305 305 305 305 305 305 305 305 300 300 300 300 300 300 300 300 299 299 299 303 303 303 301 301 301 311 311 311 311 311 308 308 308 311 311 311 308 308 308 303 303 303 311 311 311 299 299 299 301 301 301 308 308 308 299 299 299 311 311 311 303 303 303 303 303 303 303 303 303 308 308 308 311 311 311 311 311 311 299 299 299 308 308 308 311 311 311 311 311 311 311 311 311 308 308 308 308 308 308 311 311 311 301 301 301 311 311 311 308 308 308 311 311 311 314 314 319 319 302 302 302 302 319 319 314 314 314 314 302 302 319 319 302 302 302 302 319 319 312 312 312 312 

M = 440:
441 441 441 441 441 441 441 441 440 440 440 440 440 440 440 440 434 434 434 434 434 434 440 440 440 440 440 440 440 440 440 440 440 440 440 440 440 440 440 440 440 440 440 434 434 434 440 440 440 434 434 434 440 440 440 442 442 442 442 442 442 

M = 329:
329 329 329 325 325 325 325 329 329 403 403 325 325 403 403 334 334 325 325 329 329 329 329 334 334 329 329 329 329 329 329 325 325 329 329 329 329 403 403 325 325 403 403 403 403 329 329 403 403 403 403 334 334 325 325 325 325 403 403 325 325 334 334 403 403 329 329 

M = 377:
341 341 377 341 341 338 338 377 377 378 378 377 377 377 377 379 379 379 379 378 378 341 341 341 341 341 341 377 377 377 377 377 377 341 341 379 379 379 379 378 378 338 338 341 341 379 379 377 377 378 378 379 379 341 341 341 341 379 379 341 341 377 377 378 378 340 340 377 377 377 377 338 338 341 341 377 377 341 341 341 341 379 379 

M = 362:
359 359 359 362 361 361 356 356 362 362 358 358 362 362 362 362 362 362 362 362 362 362 356 356 356 356 362 362 362 362 361 361 362 362 356 356 356 356 362 362 362 362 356 356 362 362 362 362 

M = 124:
121 121 121 121 121 121 127 127 127 127 127 127 127 127 127 127 127 127 127 127 127 126 126 126 126 126 127 127 127 127 127 127 127 127 127 127 127 127 127 127 127 126 126 126 126 126 127 127 127 127 127 122 122 122 122 122 122 122 122 123 123 123 123 122 122 122 122 122 122 122 122 122 122 122 122 122 122 122 122 122 122 122 122 122 122 122 122 122 122 122 122 122 122 122 122 122 122 122 122 123 123 123 123 124 124 124 124 124 124 124 124 212 212 212 212 212 212 124 124 124 212 212 212 212 212 212 212 212 212 124 124 124 124 124 124 212 212 212 212 212 212 124 124 124 212 212 212 212 212 212 124 124 124 125 125 125 125 125 125 208 208 208 208 125 125 125 125 208 208 125 125 125 125 208 208 125 125 125 125 

M = 136:
136 136 136 136 136 136 136 136 136 136 136 136 136 136 136 136 136 136 136 136 136 136 136 136 136 136 136 136 136 136 136 135 135 135 135 135 135 139 139 139 139 139 139 139 139 139 139 

M = 162:
163 163 163 163 163 163 163 163 163 163 162 162 162 162 162 162 162 162 162 162 162 

M = 178:
144 144 144 144 144 144 180 180 180 180 180 265 265 265 265 265 265 265 265 265 265 178 178 178 178 178 178 178 178 178 178 178 178 178 178 178 178 178 178 178 178 178 178 178 178 178 178 178 178 178 178 178 178 178 178 178 178 178 178 178 178 178 178 178 178 178 178 178 148 148 148 181 181 181 184 184 184 184 262 262 262 262 262 262 262 262 

M = 436:
436 436 436 436 436 436 436 436 436 436 436 436 436 436 436 437 437 437 437 

M = 165:
165 165 165 165 165 165 164 164 164 164 164 164 164 165 165 165 165 165 165 165 165 165 165 165 165 165 165 165 165 165 165 165 165 165 165 165 165 165 165 165 165 164 164 164 164 164 164 164 165 165 165 165 165 165 165 165 165 165 165 165 165 165 165 165 165 165 165 165 165 164 164 164 164 164 164 164 165 165 165 165 165 165 165 165 165 165 165 165 165 165 165 165 165 165 165 165 165 168 168 168 168 168 168 167 167 167 167 167 167 167 167 167 167 167 167 167 167 167 167 167 167 167 167 167 167 167 167 167 167 167 167 167 167 167 167 167 167 167 167 167 167 167 167 167 167 167 167 169 169 169 

M = 251:
250 250 250 250 250 250 251 251 251 251 251 251 251 251 251 251 251 251 251 251 251 251 251 251 251 251 251 251 251 251 251 251 251 251 251 251 251 251 251 251 251 251 251 251 251 251 251 251 251 251 251 251 251 251 251 251 251 251 251 251 237 237 237 237 

M = 268:
268 268 268 268 268 268 268 268 268 268 268 268 268 268 268 268 268 268 268 268 268 268 268 268 268 268 268 268 268 268 268 268 268 268 268 268 268 268 268 268 268 268 268 268 268 268 268 268 268 268 268 268 268 268 268 146 146 146 146 146 146 146 268 268 268 268 268 268 268 268 268 268 268 268 268 268 268 268 268 268 268 268 268 268 268 268 268 268 268 268 268 268 268 268 268 268 268 146 146 146 146 146 146 146 268 268 268 268 268 268 268 268 268 268 268 268 268 268 268 268 268 268 268 268 268 268 268 268 268 268 268 268 268 268 268 268 268 268 268 267 267 267 267 271 271 271 272 272 272 271 271 271 271 271 271 272 272 272 271 271 271 271 271 271 275 275 275 275 275 275 

M = 249:
249 249 249 249 249 249 249 249 249 249 249 249 249 249 249 249 249 249 249 249 249 249 249 249 249 249 249 249 249 249 249 249 249 249 249 249 249 249 249 249 249 249 249 249 249 249 249 249 249 249 249 249 249 197 197 197 197 197 197 197 197 197 197 197 197 197 197 197 197 197 197 197 197 197 197 197 197 197 197 197 197 197 197 197 197 197 197 197 197 197 197 197 197 197 197 197 197 197 197 197 197 197 197 197 197 239 239 239 

M = 293:
297 297 297 297 297 297 297 297 297 297 297 297 297 297 297 297 297 297 297 297 297 297 297 297 297 293 293 293 293 293 293 293 293 293 293 293 293 293 293 293 292 292 292 292 292 292 292 292 293 293 293 293 293 293 293 293 293 293 293 293 293 293 293 293 293 293 293 293 293 293 293 293 293 293 293 293 293 293 293 293 293 293 293 293 

M = 290:
289 289 289 289 289 289 289 289 443 443 443 443 290 290 290 290 290 443 443 290 290 290 290 443 443 290 290 443 443 443 443 443 443 443 443 290 290 290 290 290 290 443 443 290 290 443 443 290 290 

M = 439:
438 438 438 438 438 438 438 438 439 439 439 438 438 438 438 439 439 439 439 439 439 439 439 439 439 439 439 438 438 438 438 439 439 439 439 438 438 438 438 439 439 439 439 439 439 439 439 

