M = 217:
217 217 217 217 217 217 217 217 217 217 217 217 217 217 217 217 217 218 218 218 218 218 218 218 218 218 218 218 218 218 218 218 136 136 136 141 141 141 215 215 139 139 139 139 215 215 

M = 249:
248 248 248 248 248 248 248 248 248 248 248 248 248 248 248 248 248 248 248 248 249 249 249 249 249 249 249 249 249 249 249 249 249 249 249 249 249 249 249 249 249 249 249 249 249 249 249 249 249 249 249 249 249 249 249 249 249 249 249 249 249 249 249 249 249 249 249 249 249 249 249 249 249 249 249 249 249 249 249 249 249 249 249 249 249 249 249 251 251 251 251 251 251 251 251 251 251 251 251 251 251 251 250 250 250 239 239 239 251 251 251 251 251 251 251 251 251 251 251 251 251 251 251 251 251 251 239 239 239 251 251 251 239 239 239 251 251 251 251 251 251 237 237 237 237 197 197 237 237 197 197 237 237 237 237 237 237 237 237 197 197 197 197 

M = 210:
210 210 210 210 210 210 210 210 210 210 210 210 210 210 210 210 210 210 210 208 208 208 208 208 210 210 210 210 210 208 208 208 208 208 208 208 208 208 208 210 210 210 210 210 210 210 210 210 210 210 210 210 210 210 210 210 210 210 210 210 210 210 210 210 208 208 208 208 208 208 208 208 208 208 210 210 210 210 210 210 210 210 210 210 210 210 210 210 210 124 124 124 124 124 124 124 124 124 124 124 124 126 126 126 126 124 124 124 124 126 126 126 126 124 124 124 124 126 126 126 126 126 126 126 126 126 126 126 126 127 127 127 127 127 127 127 127 127 207 207 207 224 224 123 123 123 123 123 123 123 123 224 224 135 135 135 135 123 123 135 135 224 224 123 123 224 224 135 135 123 123 224 224 123 123 224 224 224 224 135 135 224 224 123 123 224 224 224 224 224 224 123 123 123 123 224 224 224 224 135 135 123 123 123 123 123 123 135 135 224 224 224 224 123 123 123 123 224 224 123 123 

M = 194:
242 242 242 242 242 242 242 242 242 242 242 242 242 242 242 242 242 242 194 194 194 194 194 194 194 194 194 194 194 194 194 194 194 194 194 194 194 194 194 194 194 194 194 194 194 194 194 194 194 194 194 194 194 194 194 194 194 194 194 194 194 194 194 194 194 194 194 194 194 194 194 194 194 194 194 194 194 194 194 194 194 194 194 194 194 194 194 194 194 193 193 193 193 193 193 193 193 193 193 193 193 193 193 193 193 193 193 193 193 193 193 193 193 193 245 245 245 245 245 245 244 244 244 245 245 245 245 245 245 245 245 245 244 244 244 245 245 245 245 245 245 245 245 245 245 245 245 245 245 245 245 245 245 245 245 245 245 245 245 196 196 134 134 196 196 196 196 196 196 196 196 128 128 134 134 196 196 134 134 

M = 337:
338 338 338 338 338 338 338 338 338 335 335 335 335 339 339 337 339 339 335 335 405 405 404 404 337 337 337 337 339 339 335 335 337 337 339 339 405 405 405 405 339 339 405 405 404 404 337 337 405 405 337 337 404 404 335 335 405 405 339 339 337 337 405 405 339 339 335 335 335 335 336 336 335 335 405 405 336 336 336 336 405 405 336 336 335 335 339 339 339 339 405 405 405 405 337 337 339 339 335 335 335 335 405 405 335 335 

M = 310:
316 316 316 316 316 316 316 316 312 312 312 312 316 316 316 316 306 306 306 305 305 305 305 305 305 317 317 317 313 313 313 313 313 313 315 315 315 305 305 305 305 305 305 305 305 305 305 305 305 315 315 315 305 305 305 310 310 310 310 310 310 310 310 310 310 310 310 310 310 310 310 310 310 310 310 310 310 310 310 310 310 310 310 310 310 310 

M = 190:
190 190 190 190 190 190 190 190 190 190 190 190 190 190 190 190 190 190 190 190 190 190 190 190 190 190 190 190 190 190 190 190 190 190 190 190 190 190 190 190 190 190 190 190 190 190 190 220 220 220 220 220 220 220 220 220 220 220 220 220 220 220 220 220 220 220 220 220 220 220 220 220 220 220 220 220 220 220 220 

M = 182:
182 182 182 182 182 182 182 182 182 182 182 182 182 182 182 182 182 182 182 228 228 228 228 228 228 228 228 228 228 228 228 

M = 120:
119 119 119 119 119 119 119 119 119 120 120 120 120 120 120 120 120 120 120 120 120 120 120 120 120 120 119 119 119 119 119 119 119 119 119 120 120 120 120 120 120 120 120 120 119 119 119 119 119 119 119 119 119 120 120 120 120 120 120 120 120 120 119 119 119 119 119 119 119 119 119 122 122 122 122 122 122 122 122 122 122 122 122 122 122 122 122 122 122 122 122 122 122 122 122 122 122 122 122 122 122 122 122 122 122 122 122 122 122 122 122 122 122 122 122 122 122 122 122 122 122 122 122 

M = 164:
164 164 164 164 164 164 164 165 165 165 165 165 165 165 165 165 165 165 165 165 165 165 165 164 164 164 164 164 164 164 164 165 165 165 165 165 165 165 165 165 165 165 165 165 165 165 165 164 164 164 164 164 164 164 164 165 165 165 165 165 165 165 165 164 164 164 164 164 164 164 164 164 164 164 164 164 164 164 164 164 164 164 164 164 164 164 164 165 165 165 165 165 165 165 165 164 164 164 164 164 164 164 164 167 167 167 167 167 167 167 167 167 167 167 167 163 163 163 163 161 161 161 161 162 162 162 162 163 163 163 163 161 161 161 161 162 162 162 162 163 163 163 163 163 163 163 163 162 162 162 162 161 161 161 161 157 157 157 

M = 261:
229 229 229 229 229 261 261 261 261 261 261 261 261 261 263 263 263 263 263 261 261 261 261 261 261 261 261 261 261 262 262 262 262 262 261 261 261 261 261 261 261 261 261 261 261 261 261 261 261 261 261 261 261 261 261 261 261 261 261 261 261 261 261 261 264 264 264 264 259 259 259 259 258 258 259 259 258 258 259 259 259 259 258 258 259 259 230 230 258 258 230 230 259 259 259 259 259 259 259 259 259 259 258 258 259 259 259 259 258 258 

M = 273:
268 268 268 268 268 268 268 268 272 272 272 272 268 268 268 268 268 268 268 268 274 274 274 274 274 274 274 274 274 274 274 274 274 274 274 274 274 274 274 274 274 274 274 274 270 270 273 273 273 270 270 273 273 273 273 273 273 273 273 273 273 271 271 270 270 270 270 273 273 273 273 273 273 273 273 273 273 271 271 273 273 273 273 271 271 273 273 

M = 401:
401 401 401 401 401 401 401 400 400 400 400 401 401 401 401 401 401 401 401 401 401 401 401 401 401 401 401 401 401 401 401 401 401 401 401 400 400 400 400 401 401 401 401 400 400 400 400 401 401 401 401 401 401 401 401 400 400 400 400 401 401 401 401 400 400 400 400 401 401 401 401 401 401 401 401 401 401 401 401 331 331 331 324 324 324 324 324 324 330 330 330 324 324 324 398 398 398 398 403 403 403 403 403 403 403 403 398 398 403 403 398 398 396 396 403 403 398 398 403 403 403 403 403 403 403 403 398 398 403 403 

M = 178:
265 265 265 265 265 265 265 265 265 266 266 266 266 266 266 266 266 146 146 146 146 146 146 146 146 146 146 146 146 146 146 146 146 146 146 146 146 146 146 146 146 146 146 146 146 146 146 146 146 146 146 146 146 178 178 178 178 178 178 178 178 178 177 177 177 177 177 178 178 178 178 178 177 177 177 177 177 178 178 178 178 178 177 177 177 177 177 178 178 178 178 178 178 178 178 178 178 177 177 177 177 177 178 178 178 178 178 178 178 178 178 178 178 178 178 178 178 178 178 178 178 178 178 178 178 178 178 178 178 178 178 178 178 178 178 178 178 178 178 178 178 178 267 267 267 267 267 267 267 267 267 267 267 267 267 267 267 267 267 267 267 267 267 267 267 267 267 267 267 267 267 267 267 267 

M = 278:
303 303 303 303 303 303 303 303 303 303 303 303 303 303 303 281 281 281 303 303 303 303 303 303 303 303 303 303 303 303 283 283 283 283 283 283 283 283 283 303 303 303 281 281 281 303 303 303 281 281 281 283 283 283 303 303 303 280 280 301 301 297 297 297 297 279 279 277 277 278 301 301 277 277 297 297 297 297 280 280 277 277 280 280 280 280 277 277 279 279 278 278 279 279 277 277 278 278 277 277 279 279 278 278 301 301 280 280 277 277 279 279 301 301 277 277 277 277 279 279 

M = 235:
205 205 205 205 158 158 158 158 235 199 199 235 235 235 235 199 199 235 235 235 235 199 199 235 235 235 235 199 199 235 235 235 235 199 199 235 235 253 253 235 235 235 235 199 199 199 199 199 199 235 235 

M = 173:
173 173 173 173 173 172 172 173 173 173 173 173 173 172 172 173 173 173 173 173 173 173 173 173 173 172 172 173 173 172 172 173 173 172 172 172 172 173 173 173 173 172 172 172 172 173 173 172 172 173 173 173 173 

M = 419:
419 419 419 419 419 419 419 419 421 421 421 419 419 419 419 419 419 419 419 419 419 419 419 419 419 419 419 419 419 419 419 419 419 419 419 421 421 421 419 419 419 419 419 419 

M = 290:
356 356 356 356 356 356 356 356 356 356 356 356 356 356 286 286 286 286 286 286 286 286 286 286 286 286 286 286 286 286 284 284 284 284 286 286 286 286 286 286 286 286 284 284 284 284 286 286 286 286 362 362 362 362 284 284 284 284 286 286 286 286 288 288 288 319 319 319 288 288 288 288 288 288 288 288 288 288 288 288 355 355 355 288 288 288 288 288 288 288 288 288 288 288 288 291 291 440 440 293 293 440 440 285 285 291 291 293 293 291 291 440 440 443 443 285 285 443 443 293 293 290 287 287 290 290 440 440 440 440 290 290 293 293 287 287 293 293 293 293 443 443 293 293 443 443 440 440 290 290 440 440 285 285 291 291 293 293 443 443 293 293 293 293 443 443 440 440 285 285 440 440 440 440 287 287 440 440 293 293 291 291 440 440 290 290 291 291 290 290 442 442 291 291 443 443 291 291 

M = 376:
377 377 377 377 377 377 377 377 377 377 377 377 377 377 377 377 377 377 377 377 377 377 377 377 377 377 377 376 376 376 376 376 376 376 341 341 376 376 343 343 342 342 341 341 341 341 341 341 341 341 376 376 341 341 341 341 342 342 376 376 341 341 341 341 376 376 341 341 343 343 376 376 

