M = 245:
242 242 242 242 242 242 242 242 242 242 242 242 242 242 245 245 245 245 245 245 245 245 245 245 245 245 245 245 245 245 245 245 245 245 245 245 245 245 245 245 245 245 245 245 245 245 245 245 245 245 245 245 245 245 245 240 240 

M = 268:
146 146 146 146 146 146 146 146 147 147 147 147 147 268 268 268 268 268 268 268 268 268 268 268 268 268 268 268 268 268 268 268 268 268 268 268 268 268 268 268 268 268 268 268 268 268 268 268 268 268 268 268 268 268 268 268 268 268 268 268 268 268 268 268 266 266 266 266 266 266 266 266 266 266 266 266 266 266 266 266 266 266 266 266 266 266 266 266 266 266 266 266 266 266 269 269 269 269 267 267 267 267 269 269 269 269 264 264 

M = 303:
303 303 303 303 303 303 303 303 303 303 303 303 303 303 303 303 303 303 303 303 303 303 303 303 303 303 303 303 303 303 303 303 303 303 303 303 303 303 303 303 303 303 303 303 302 302 302 

M = 141:
141 141 141 141 141 141 141 141 141 141 141 141 141 141 141 141 141 141 141 141 141 141 141 141 141 141 141 136 136 136 136 136 136 136 136 136 136 136 136 136 136 136 136 136 136 136 136 136 136 136 136 136 136 136 136 136 136 136 136 136 136 136 136 143 143 143 143 143 143 143 143 143 143 143 143 143 143 143 143 143 143 143 143 140 140 140 138 138 138 138 138 138 138 138 138 138 138 138 140 140 140 140 140 140 138 138 138 140 140 140 139 139 139 138 138 138 140 140 140 139 139 139 139 139 139 140 140 140 216 216 216 

M = 440:
440 440 440 440 440 440 440 438 438 438 438 440 440 440 440 438 438 438 438 440 440 440 440 440 440 440 440 440 440 440 440 440 440 440 440 440 440 440 440 438 438 438 438 438 438 438 438 440 440 440 440 438 438 438 438 438 438 438 438 440 440 440 440 440 440 440 440 440 440 440 440 

M = 454:
456 456 456 455 455 454 451 451 451 451 455 455 454 454 454 454 451 451 454 454 454 454 454 454 454 454 454 454 454 454 454 454 454 454 454 454 454 454 451 451 454 454 451 451 455 455 

M = 190:
191 191 191 191 191 191 190 190 190 190 190 190 190 190 190 190 190 190 190 190 190 190 190 190 190 190 190 190 190 190 190 190 190 190 190 190 190 190 171 171 171 171 171 171 171 171 171 171 171 171 171 171 171 171 171 171 

M = 305:
305 305 305 305 305 305 305 305 305 305 305 305 305 305 305 305 305 305 305 305 305 305 305 305 305 305 305 305 305 305 305 

M = 182:
179 179 179 179 179 179 179 179 181 181 181 181 181 181 181 182 182 182 182 182 182 181 181 181 181 181 181 181 181 181 181 181 181 181 181 178 178 178 178 178 178 178 178 178 178 178 178 178 178 178 178 178 178 178 178 178 178 178 178 178 226 226 226 226 226 226 226 226 226 226 178 178 178 178 178 178 178 178 178 178 262 262 262 262 184 184 184 184 262 262 262 262 262 262 262 262 261 261 261 229 229 229 229 229 229 229 229 229 228 228 228 228 228 228 261 261 261 229 229 229 228 228 228 261 261 261 229 229 229 263 263 263 261 261 261 228 228 228 229 229 229 228 228 228 263 263 263 229 229 229 261 261 261 228 228 228 261 261 261 261 261 261 261 261 261 229 229 229 261 261 261 229 229 229 263 263 263 230 230 207 207 207 207 230 230 230 230 207 207 207 207 207 207 230 230 207 207 

M = 122:
121 121 121 121 121 121 121 121 208 208 208 208 208 208 208 208 208 208 208 208 123 123 123 123 123 122 122 122 122 122 122 122 122 122 122 122 122 122 122 122 124 124 124 124 122 122 122 122 122 122 122 122 122 122 122 122 122 122 122 122 122 122 122 122 122 122 122 122 122 122 122 122 122 122 122 122 122 122 122 122 122 122 122 122 122 122 122 122 212 212 212 212 212 212 

M = 130:
193 193 193 193 193 193 193 193 194 194 194 194 193 193 193 193 193 193 193 193 193 193 193 193 194 194 194 194 194 194 194 194 194 194 194 194 134 134 134 134 134 134 131 131 131 132 132 132 134 134 134 130 130 130 130 130 130 130 130 130 130 130 130 130 130 130 130 130 130 130 130 130 130 130 130 130 130 130 130 130 130 130 130 130 130 130 

M = 353:
362 362 362 362 359 359 359 359 359 359 359 359 360 360 360 353 353 353 353 353 353 353 353 353 353 353 353 353 353 353 355 355 353 353 353 353 446 446 353 353 353 353 446 446 353 353 353 353 446 446 446 446 353 353 353 353 353 353 

M = 299:
300 300 300 300 300 300 300 300 300 300 300 300 297 297 297 297 297 297 299 299 299 299 299 299 299 299 299 299 299 299 299 299 299 299 299 299 299 299 299 299 299 299 299 299 299 299 299 315 315 315 315 

M = 281:
278 278 278 278 278 278 278 278 278 278 278 278 281 281 281 281 281 281 281 281 281 281 281 281 281 

M = 165:
165 165 165 165 165 165 165 164 164 164 164 164 164 164 164 165 165 165 165 165 165 165 165 165 165 165 165 165 165 165 165 164 164 164 164 164 164 164 164 165 165 165 165 165 165 165 165 165 165 165 165 165 165 165 165 165 165 165 165 165 165 165 165 163 163 163 163 163 163 163 163 163 163 162 162 162 162 162 162 162 162 162 162 162 162 162 162 162 162 162 162 162 162 162 167 167 167 167 154 154 167 167 167 167 167 167 167 167 167 167 167 167 154 154 167 167 167 167 167 167 

M = 127:
127 127 127 127 127 127 127 127 127 127 127 126 126 126 126 127 127 127 127 127 127 127 127 127 127 127 127 127 127 127 127 127 127 127 127 127 127 127 127 126 126 126 126 126 126 126 126 127 127 127 127 

M = 251:
251 251 251 251 251 251 251 251 251 251 251 251 251 251 251 251 251 251 251 251 251 251 251 251 251 251 251 251 251 251 251 251 251 251 251 251 251 251 251 251 251 251 251 251 251 251 251 251 251 251 251 251 251 251 251 251 251 251 251 251 251 251 251 251 251 251 251 251 251 251 251 251 251 251 251 251 251 251 251 251 251 251 251 251 251 251 251 251 251 251 251 251 251 251 251 251 251 251 251 251 251 251 251 251 251 251 251 251 251 251 251 251 251 251 251 251 251 251 161 161 161 161 161 161 159 159 159 159 159 159 159 159 159 159 159 159 159 159 159 159 159 159 159 159 159 159 159 159 250 250 250 250 250 250 250 250 250 250 235 235 235 235 235 235 235 235 235 235 235 235 237 237 237 206 206 201 201 204 204 205 205 201 201 205 205 205 205 201 201 201 201 201 201 205 205 201 201 206 206 206 206 206 206 204 204 205 205 201 201 205 205 201 201 201 201 206 206 205 205 205 205 201 201 201 201 201 201 206 206 206 206 201 201 204 204 201 201 201 201 201 201 205 205 201 201 206 206 205 205 

M = 249:
248 248 248 248 248 248 248 248 248 248 248 248 248 248 248 248 248 248 249 249 249 249 249 249 249 249 249 249 249 249 249 249 249 249 249 249 249 249 249 249 249 249 249 249 249 249 249 249 249 249 249 249 249 249 249 249 249 249 249 249 249 249 249 249 249 249 249 249 249 

M = 293:
293 293 293 293 293 293 293 293 293 293 293 293 293 293 293 293 293 293 293 293 293 293 293 293 293 293 293 293 293 293 293 293 293 293 293 293 293 293 293 293 293 293 293 293 293 293 293 293 293 293 293 293 293 293 293 293 293 293 293 293 293 293 293 293 293 293 293 293 293 293 293 293 293 293 293 293 293 293 293 293 293 293 293 296 296 296 296 296 296 314 314 292 292 314 314 318 318 314 314 292 292 318 318 292 292 292 292 314 314 318 318 318 318 314 314 318 318 314 314 318 318 318 318 318 318 314 314 314 314 314 314 318 318 318 318 314 314 318 318 314 314 314 314 314 314 314 314 314 314 318 318 314 314 314 314 292 292 314 314 292 292 318 318 

M = 290:
443 443 443 443 290 290 290 290 290 290 290 290 290 290 290 290 290 290 290 443 443 443 443 290 290 290 290 443 443 443 443 290 290 290 290 290 290 290 290 290 290 290 290 290 290 290 290 443 443 443 443 290 290 290 290 290 290 290 290 285 285 285 444 444 444 444 444 444 444 444 444 444 444 444 444 444 444 444 444 444 444 444 444 444 444 444 444 444 444 444 444 444 

