M = 146:
146 146 146 146 146 146 146 146 146 146 146 146 146 146 146 146 146 146 146 146 146 146 146 146 146 146 146 146 146 146 146 146 146 146 146 146 146 146 146 146 146 146 146 146 146 146 146 146 146 146 146 146 146 268 268 268 268 268 268 268 268 268 268 145 145 145 145 145 268 268 268 268 268 268 268 268 268 268 

M = 237:
159 159 159 159 199 199 199 199 159 159 159 159 237 237 237 237 237 237 237 237 237 237 237 237 237 237 237 237 237 237 237 237 237 237 237 197 197 197 237 237 237 197 197 197 249 249 158 158 158 158 249 249 158 158 249 249 239 239 250 250 158 158 249 249 249 249 239 239 239 239 250 250 239 239 249 249 239 239 249 249 

M = 213:
136 136 136 136 136 136 136 136 136 136 136 136 136 136 136 136 136 136 143 143 143 143 143 143 143 143 143 143 143 143 143 143 143 143 143 143 143 143 141 141 141 141 143 143 143 143 143 143 143 143 143 143 143 143 139 139 139 139 139 139 212 212 212 140 140 140 212 212 212 140 140 140 140 140 140 140 140 140 139 139 139 212 212 212 213 213 213 213 213 

M = 259:
259 259 259 259 259 259 259 259 259 259 259 259 259 259 259 259 259 259 259 258 258 258 258 258 258 258 258 258 258 258 258 258 258 258 258 258 258 

M = 208:
208 208 208 208 208 206 206 206 208 208 208 208 208 208 208 208 208 206 206 206 208 208 208 208 208 208 208 208 208 205 205 205 205 205 205 205 205 205 205 205 205 205 205 205 205 205 205 

M = 242:
242 242 242 242 242 242 242 242 242 242 242 242 242 242 242 242 242 242 242 242 242 242 242 242 242 242 242 242 242 242 242 242 242 242 242 242 242 242 242 242 242 242 242 242 242 242 242 242 242 242 242 242 242 242 242 242 242 242 242 242 242 242 242 242 242 242 242 242 242 242 242 242 242 242 242 242 242 242 242 242 242 242 242 242 242 242 242 242 242 242 242 242 242 242 242 241 241 241 241 241 241 241 

M = 127:
127 127 127 127 127 127 127 127 127 127 127 126 126 126 126 128 128 128 128 127 127 127 127 127 127 127 127 126 126 126 126 126 126 126 126 127 127 127 127 126 126 126 126 126 126 126 126 128 128 128 128 126 126 126 126 127 127 127 127 127 127 127 127 125 125 125 125 125 125 125 125 125 

M = 148:
265 265 265 265 265 265 265 265 265 265 265 265 265 265 147 147 147 147 147 148 148 148 148 148 148 148 148 148 148 148 148 148 148 148 148 148 148 148 148 148 148 148 148 148 148 148 148 148 148 148 148 148 148 148 148 148 148 148 148 148 148 148 148 148 148 148 148 148 148 148 267 267 267 267 267 267 267 267 267 267 267 267 267 267 267 267 267 267 267 267 267 175 175 175 175 270 270 175 175 175 175 175 175 175 175 175 175 270 270 175 175 175 175 

M = 444:
362 362 362 362 362 362 362 362 362 362 362 362 362 362 362 362 362 362 356 356 356 356 356 440 440 440 440 440 440 358 358 358 358 358 358 358 358 358 290 290 290 358 358 358 440 440 440 358 358 358 358 358 358 358 358 358 440 440 440 358 358 358 440 440 440 290 290 290 440 440 440 440 440 440 290 290 290 438 438 438 438 438 438 358 358 358 358 358 358 440 440 440 358 358 358 440 440 440 440 440 440 290 290 290 440 440 440 290 290 290 445 445 444 445 445 286 286 287 287 287 287 445 445 444 444 287 287 286 286 444 444 445 445 444 444 287 287 445 445 444 444 399 399 444 444 445 445 399 399 444 444 444 444 286 286 286 286 287 287 445 445 444 444 399 399 445 445 287 287 399 399 445 445 444 444 444 444 444 444 445 445 286 286 445 445 287 287 287 287 287 287 

M = 130:
194 194 194 194 194 194 194 194 194 194 194 194 194 194 194 194 194 194 194 194 194 194 194 194 193 193 193 193 193 193 193 193 193 193 193 193 193 193 193 193 193 193 193 193 193 193 193 193 130 130 130 130 130 130 130 130 130 130 130 130 130 130 130 130 130 130 130 130 130 130 130 130 131 131 131 131 131 131 131 131 132 132 132 132 196 196 196 196 196 196 196 196 196 196 196 196 196 196 196 196 196 196 196 196 196 196 196 196 

M = 244:
244 244 244 244 244 244 244 244 244 244 244 244 244 244 244 244 244 244 244 244 244 244 244 244 244 244 244 244 244 244 244 244 244 244 244 

M = 261:
261 261 261 263 263 263 263 261 261 261 261 263 263 263 263 261 261 261 261 261 261 261 261 261 261 261 261 261 261 261 261 261 261 261 261 261 261 261 261 261 261 261 261 261 261 261 261 261 261 261 261 261 261 261 261 261 261 261 261 261 261 261 261 261 261 261 261 261 261 261 261 263 263 263 263 

M = 123:
123 123 123 135 135 135 135 123 123 123 123 135 135 135 135 123 123 123 123 135 135 135 135 123 123 123 123 123 123 123 123 123 123 123 123 124 124 124 124 124 124 122 122 122 122 122 122 122 122 122 122 122 122 124 124 124 122 122 122 124 124 124 124 124 124 

M = 178:
178 178 178 178 178 178 178 178 178 178 178 178 178 178 178 178 178 178 178 178 178 178 178 178 178 178 178 182 182 182 182 182 182 182 182 183 183 183 183 183 183 183 183 183 183 183 183 183 183 183 184 184 177 177 177 177 177 177 177 177 177 177 

M = 296:
293 293 293 293 293 293 293 293 293 293 293 293 293 293 293 293 293 293 293 293 293 293 293 293 293 293 293 293 293 293 299 299 299 299 296 296 296 296 296 299 299 299 299 296 296 299 299 296 296 299 299 300 300 299 299 296 296 296 296 296 296 296 296 296 296 296 296 299 299 296 296 296 296 296 296 299 299 296 296 296 296 299 299 296 296 296 296 296 296 

M = 165:
164 164 164 164 164 164 164 164 164 164 164 165 165 165 165 165 165 165 165 165 165 164 164 164 164 164 164 164 164 164 164 164 165 165 165 165 165 165 165 165 165 165 165 165 165 165 165 165 165 165 165 165 165 165 165 165 165 165 165 165 165 165 165 165 165 165 165 165 165 165 165 165 165 165 165 165 165 165 165 165 165 165 165 165 165 165 165 164 164 164 164 164 164 164 164 164 164 164 163 163 163 163 163 163 163 163 163 163 163 163 157 157 157 157 157 157 157 157 157 157 157 157 163 163 163 

M = 278:
303 303 303 284 284 284 303 303 303 284 284 284 303 303 303 303 303 303 303 303 303 303 303 303 284 284 284 305 305 305 305 305 305 305 305 305 275 275 276 276 278 279 279 278 278 278 278 278 278 275 275 278 278 280 280 283 283 278 278 278 278 279 279 283 283 278 278 279 279 278 278 275 275 283 283 279 279 278 278 278 278 278 278 278 278 275 275 278 278 279 279 278 278 278 278 

M = 167:
167 167 167 167 167 167 167 167 167 167 167 167 167 167 167 167 167 167 167 167 167 167 167 167 167 167 167 167 167 167 167 167 167 167 167 167 167 167 167 167 167 167 167 167 167 167 167 167 167 167 167 167 167 167 167 167 167 167 167 167 167 167 167 167 167 167 167 167 167 167 167 167 167 167 167 167 167 167 167 167 171 171 171 171 171 171 171 171 171 171 171 171 171 171 171 171 171 171 171 171 171 171 171 171 172 172 172 172 172 172 172 172 171 171 171 171 162 162 162 162 162 162 162 162 162 162 162 162 162 162 162 162 162 162 162 162 162 

M = 231:
232 232 232 232 232 232 232 232 232 232 232 232 228 228 228 228 230 230 230 230 230 230 231 231 231 231 231 202 202 231 231 231 231 

M = 220:
217 217 217 217 217 217 217 217 190 190 190 190 190 190 190 220 220 220 220 220 220 220 220 220 220 220 220 220 220 220 220 220 220 220 220 220 220 220 

