M = 146:
146 146 146 146 146 146 146 146 146 146 146 146 146 146 146 146 146 146 146 146 146 146 146 146 146 146 146 146 146 146 146 146 146 146 146 146 146 146 146 146 146 146 146 146 146 146 146 146 146 146 146 146 146 146 146 146 146 146 146 146 146 146 265 265 265 265 265 265 268 268 268 268 268 268 268 268 268 268 268 268 268 268 268 268 268 268 268 268 266 266 266 266 267 267 267 148 148 148 148 148 148 148 148 148 

M = 123:
124 124 124 124 124 123 123 123 123 123 123 123 123 123 123 123 123 123 123 123 123 123 123 123 123 123 123 123 123 123 123 123 123 123 123 123 123 123 123 123 123 123 123 123 123 123 123 123 123 123 123 123 123 123 123 123 123 123 

M = 210:
210 210 210 210 210 210 210 210 210 210 210 210 210 210 210 210 210 210 210 210 210 210 210 210 210 210 210 210 210 210 210 210 210 210 210 210 210 210 210 210 210 210 210 210 210 210 210 210 210 210 210 210 210 213 213 

M = 206:
206 206 206 206 206 206 206 206 206 206 206 206 206 206 206 206 206 206 206 206 206 206 206 206 206 206 206 206 206 206 206 206 206 206 206 206 206 206 206 206 206 206 206 206 206 206 206 206 206 206 206 206 206 206 206 206 206 206 206 206 206 206 206 206 206 206 206 206 206 206 206 206 206 206 206 206 206 205 205 205 205 205 205 205 205 205 205 205 205 205 205 205 205 205 205 205 205 205 205 205 205 205 205 205 205 205 205 205 205 205 205 205 205 205 205 205 205 205 205 205 205 205 205 205 205 205 205 205 205 205 205 205 205 205 205 205 205 205 205 205 205 205 203 203 201 201 204 204 203 203 203 203 201 201 201 201 201 201 201 201 201 201 204 204 204 204 203 203 203 203 203 203 201 201 201 201 201 201 203 203 201 201 201 201 201 201 207 207 202 202 203 203 201 201 201 201 204 204 201 201 201 201 201 201 207 207 203 203 204 204 207 207 

M = 208:
208 208 208 208 208 208 208 208 208 208 208 208 208 208 208 208 208 208 208 208 208 208 208 208 208 208 208 208 208 208 208 208 208 208 208 208 208 208 208 208 208 208 208 208 208 208 208 

M = 440:
440 440 440 440 440 440 440 440 440 440 440 440 440 440 440 440 440 442 442 442 440 440 440 440 440 440 442 442 442 440 440 440 440 440 440 440 440 440 440 440 440 440 440 440 440 440 440 438 438 435 435 443 443 438 438 443 443 438 438 439 439 443 443 435 435 443 443 435 435 439 439 438 438 435 435 439 439 438 438 435 435 443 443 438 438 443 443 443 443 443 443 435 435 

M = 164:
164 164 164 164 164 164 164 164 164 164 164 164 164 164 164 164 164 164 164 164 164 164 164 164 164 164 164 164 164 164 164 164 164 164 164 164 164 164 164 164 164 164 164 164 164 164 164 164 164 164 164 164 164 164 164 164 164 164 164 164 164 164 164 164 164 164 164 164 164 164 164 164 164 164 164 164 164 164 164 164 164 164 164 164 164 164 164 164 164 164 164 164 164 164 164 164 164 164 164 164 164 164 164 164 164 164 164 164 164 164 164 164 164 164 164 164 164 164 164 164 164 164 164 164 164 164 164 164 164 164 164 164 164 164 164 164 164 164 164 164 164 164 164 165 165 165 165 165 165 165 165 165 165 165 167 167 167 167 167 167 167 167 167 167 163 163 163 163 163 163 163 163 163 163 161 161 161 161 161 161 161 161 159 159 159 159 159 159 159 159 159 159 159 159 157 157 157 157 157 157 162 162 162 162 162 162 162 162 162 162 162 162 

M = 218:
190 190 190 190 190 190 190 190 190 190 190 190 190 190 218 218 218 218 218 218 218 218 218 218 218 218 218 218 218 218 218 218 218 218 218 218 218 218 218 218 218 218 218 217 217 217 217 217 217 218 218 218 218 218 218 217 217 217 217 217 217 217 217 217 217 217 217 218 218 218 218 218 218 219 219 219 219 219 219 219 219 219 219 219 219 219 219 219 216 216 216 215 215 215 215 215 215 215 215 

M = 183:
182 182 182 182 182 182 182 182 182 182 182 182 182 182 182 182 182 182 182 182 182 182 182 182 180 180 180 180 180 180 180 180 182 182 182 182 182 182 182 182 180 180 180 180 180 180 180 180 182 182 182 182 182 182 182 182 182 182 182 182 182 182 182 182 178 178 178 178 178 178 226 226 226 226 226 226 226 226 226 226 226 226 226 226 226 226 226 226 226 226 226 226 226 226 178 178 178 178 178 178 226 226 226 226 226 226 178 178 178 178 178 178 178 178 178 178 178 178 226 226 226 226 226 226 226 226 226 226 226 226 228 228 228 228 228 228 178 178 178 178 178 178 178 178 178 178 178 178 226 226 226 226 226 226 226 226 226 226 226 226 226 226 226 226 226 226 226 226 226 226 226 226 226 226 226 226 226 226 226 226 226 226 226 226 226 226 226 226 226 226 177 177 177 177 177 177 177 177 177 177 177 177 183 183 259 259 259 183 183 183 259 259 259 259 259 259 259 259 259 183 183 183 183 183 183 259 259 259 183 183 183 259 259 259 183 183 183 259 259 259 259 259 259 183 183 183 259 259 259 183 183 183 259 259 259 183 183 183 259 259 259 259 259 259 259 259 259 259 259 259 261 261 258 258 258 258 261 261 261 261 263 263 233 233 233 233 258 258 261 261 261 261 263 263 233 233 261 261 258 258 263 263 261 261 233 233 261 261 261 261 261 261 261 261 261 261 261 261 261 261 258 258 261 261 258 258 

M = 122:
122 122 122 122 122 122 122 122 122 122 122 122 122 122 122 122 122 122 122 122 122 122 122 122 122 122 122 122 122 122 122 122 122 122 122 122 122 122 122 122 122 122 122 122 122 122 122 

M = 130:
194 194 194 194 194 194 194 194 194 194 194 194 194 194 194 194 194 194 193 193 193 193 193 132 132 132 132 132 132 132 132 132 131 131 130 130 130 196 196 131 131 196 196 131 131 196 196 196 196 131 131 130 130 196 196 196 196 130 130 130 130 130 130 196 196 130 130 131 131 130 130 196 196 196 196 131 131 130 130 196 196 196 196 196 196 131 131 130 130 196 196 196 196 196 196 130 130 130 130 130 130 196 196 130 130 130 130 

M = 403:
400 400 400 400 400 400 401 401 417 417 403 335 335 401 401 402 402 403 403 401 401 377 377 402 402 403 403 403 403 401 401 336 336 336 336 403 403 403 403 379 379 403 403 379 379 402 402 401 401 403 403 379 379 401 401 401 401 403 403 336 336 379 379 403 403 402 402 403 403 379 379 379 379 403 403 379 379 377 377 379 379 401 401 338 338 379 379 401 401 403 403 379 379 417 417 402 402 403 403 340 340 335 335 401 401 401 401 340 340 401 401 401 401 335 335 379 379 403 403 377 377 336 336 401 401 338 338 340 340 336 336 403 403 401 401 377 377 403 403 379 379 403 403 401 401 403 403 379 379 

M = 125:
125 125 125 125 125 125 125 125 125 125 125 125 125 125 125 125 125 125 125 125 125 125 125 125 125 125 

M = 242:
242 242 242 242 242 242 242 242 242 242 242 242 242 242 242 242 242 242 242 242 242 242 242 242 242 242 242 242 242 242 242 242 242 242 242 242 242 242 242 245 245 245 245 245 245 245 245 244 244 244 244 244 244 

M = 281:
281 281 281 281 281 281 281 281 281 281 281 281 281 297 297 297 297 297 297 297 297 297 297 297 297 297 297 297 297 297 297 280 280 280 280 280 284 284 284 284 284 301 301 301 301 301 284 284 284 284 284 284 284 284 284 284 284 284 284 284 284 284 284 284 284 284 301 301 301 301 301 300 300 300 300 300 301 301 301 301 301 284 284 284 284 284 284 284 284 284 284 280 280 280 280 280 356 356 356 356 356 280 280 280 280 280 356 356 356 356 356 284 284 284 284 284 284 284 284 284 284 284 284 284 284 284 284 284 284 284 284 284 284 284 284 284 301 301 301 301 301 284 284 284 284 284 280 280 280 280 280 293 293 293 293 293 293 293 293 277 277 277 277 278 278 278 278 355 355 355 355 290 290 290 290 290 290 290 290 290 290 290 290 293 293 293 293 290 290 290 290 293 293 293 293 290 290 290 290 277 277 277 277 359 359 359 359 277 277 277 277 355 355 355 355 355 355 355 355 293 293 293 293 293 293 293 293 293 293 293 293 293 293 293 293 293 293 293 293 277 277 277 277 290 290 290 290 290 290 290 290 290 290 290 290 290 290 290 290 359 359 359 359 285 285 285 285 285 285 303 303 303 303 303 303 285 285 285 285 285 285 303 303 299 299 299 299 299 299 299 299 296 296 303 303 303 303 285 285 303 303 285 285 285 285 296 296 285 285 299 299 285 285 299 299 303 303 296 296 296 296 

M = 127:
126 126 126 126 126 126 126 126 126 126 126 126 126 126 126 126 126 126 126 126 127 127 127 127 127 127 127 127 127 127 127 127 127 127 127 127 127 127 127 127 127 127 127 

M = 237:
248 248 248 248 248 248 248 248 248 248 248 248 251 251 251 251 251 251 251 251 251 251 251 251 251 251 251 251 251 251 251 251 251 251 251 251 251 251 251 251 251 251 251 251 251 251 251 251 251 251 251 251 251 251 251 251 251 250 250 250 250 250 235 235 235 235 197 197 197 197 235 235 235 235 197 197 197 197 249 249 249 249 235 235 235 235 197 197 197 197 235 235 235 235 197 197 197 197 235 235 235 235 249 249 249 249 235 235 235 235 235 235 235 235 235 235 235 235 235 235 235 235 197 197 197 197 235 235 235 235 249 249 249 249 235 235 235 235 249 249 249 249 235 235 235 235 249 249 249 249 197 197 197 197 235 235 235 235 197 197 197 197 197 197 197 197 235 235 235 235 249 249 249 249 158 158 158 158 158 158 158 158 197 197 197 197 249 249 249 249 235 235 235 235 197 197 197 197 235 235 235 235 249 249 249 249 235 235 235 235 235 235 235 235 249 249 249 249 197 197 197 197 249 249 249 249 249 249 249 249 197 197 197 197 235 235 235 235 249 249 249 249 249 249 249 249 197 197 197 197 237 237 237 237 237 239 239 239 237 237 237 237 237 237 239 239 239 237 237 237 237 237 237 253 253 

M = 119:
119 119 119 119 119 119 119 119 119 120 120 120 120 120 120 120 120 

M = 172:
172 172 172 172 172 172 172 172 172 172 172 172 172 172 172 172 172 172 172 172 172 172 172 172 172 172 172 172 172 172 172 172 172 172 172 172 172 172 172 172 172 172 172 172 172 172 172 172 172 172 172 172 172 172 172 172 172 172 172 170 170 170 170 170 170 170 170 274 274 274 152 152 152 274 274 274 274 274 274 274 274 274 171 171 171 171 171 171 171 171 171 171 171 171 

M = 136:
139 139 139 139 139 139 139 139 139 139 139 139 139 139 139 136 136 136 136 136 136 136 136 136 138 138 136 136 136 136 136 136 138 138 136 136 136 136 136 136 136 136 136 136 136 136 138 138 136 136 136 136 

