M = 217:
217 217 217 217 217 217 217 217 217 217 217 217 217 216 216 216 216 216 216 

M = 251:
160 160 160 160 251 251 251 251 251 251 251 251 251 251 251 251 251 251 251 251 251 251 251 251 251 251 251 251 251 251 251 251 251 251 251 251 251 251 251 251 251 251 158 158 

M = 212:
142 142 142 142 142 212 212 123 123 123 123 123 123 123 123 123 212 212 212 212 212 212 212 212 212 212 212 212 212 212 212 141 141 141 123 123 123 212 212 212 123 123 123 

M = 359:
359 359 359 359 359 359 359 359 359 359 359 359 359 359 359 359 359 359 359 359 356 356 356 356 356 356 356 356 356 356 356 356 455 455 455 455 455 455 455 455 455 455 361 361 361 361 361 361 456 456 456 361 361 361 456 456 456 364 364 355 355 364 364 451 451 451 451 355 355 451 451 355 355 355 355 

M = 440:
440 440 440 440 440 440 440 440 440 440 440 440 440 440 440 440 440 440 440 440 440 440 440 440 440 440 440 440 440 440 440 440 440 440 440 440 440 440 440 435 435 435 435 435 435 435 435 435 435 435 435 435 435 435 

M = 190:
190 190 190 190 190 190 190 190 190 190 190 190 190 190 190 190 190 190 190 190 190 190 190 190 190 190 190 190 190 190 190 190 190 190 190 220 220 220 220 220 220 220 220 192 192 192 192 192 192 220 220 220 220 220 220 220 220 220 220 192 192 220 220 192 192 192 192 220 220 

M = 293:
293 293 293 293 293 293 293 293 293 296 296 293 293 293 293 293 293 296 296 293 293 293 293 293 293 293 293 293 293 293 293 293 293 293 293 293 293 293 293 

M = 299:
297 297 297 297 297 297 297 297 297 297 297 297 297 297 297 297 297 297 297 297 303 303 303 303 303 303 303 303 303 303 303 303 303 303 303 303 303 303 303 303 299 299 299 299 299 299 299 299 299 299 299 305 305 299 299 299 299 305 305 305 305 305 305 305 305 299 299 

M = 281:
281 281 281 281 281 281 281 281 281 281 281 281 281 281 281 281 281 281 281 281 281 281 281 281 281 281 281 281 281 281 281 281 281 281 281 281 281 281 281 281 281 281 281 281 281 281 281 281 284 284 284 284 284 284 284 284 280 280 280 280 280 280 278 278 285 285 285 285 278 278 285 285 278 278 285 285 279 279 274 274 279 279 274 274 285 285 279 279 285 285 285 285 279 279 285 285 285 285 285 285 285 285 274 274 279 279 

M = 130:
242 242 242 242 242 242 242 242 242 193 193 193 193 193 193 193 193 193 193 193 193 193 193 193 193 193 193 193 193 193 193 193 193 194 194 194 194 194 194 194 194 194 194 194 194 194 194 194 194 194 194 194 194 194 245 245 245 245 130 130 130 130 130 131 131 131 130 130 130 130 130 130 130 130 130 130 130 130 246 246 246 130 130 130 131 131 131 131 131 131 130 130 130 130 130 130 246 246 246 246 246 246 130 130 130 130 130 130 196 196 196 196 196 196 196 196 196 196 196 196 196 196 

M = 136:
135 135 135 135 135 135 135 135 135 135 135 135 135 135 135 136 136 136 136 136 136 136 139 139 136 136 139 139 136 136 136 136 

M = 178:
268 268 268 268 268 268 180 180 180 180 180 180 146 146 146 146 146 146 146 146 146 146 146 146 146 146 146 267 267 267 267 267 146 146 146 146 146 146 146 146 146 146 267 267 267 267 267 181 181 181 181 269 269 269 177 177 178 178 178 178 178 178 178 261 261 177 177 178 178 177 177 261 261 261 261 261 261 261 261 178 178 263 263 261 261 261 261 262 262 261 261 261 261 262 262 262 262 261 261 178 178 261 261 178 178 261 261 261 261 177 177 261 261 261 261 263 263 261 261 

M = 164:
164 164 164 164 164 164 164 164 164 164 164 164 164 164 164 164 164 164 164 164 164 164 164 164 164 164 164 164 164 164 164 164 164 164 164 164 164 164 164 164 164 164 164 164 164 164 164 162 162 162 162 162 162 162 162 163 163 163 163 163 163 163 163 163 163 163 163 

M = 165:
165 165 165 165 165 165 165 165 165 165 165 165 165 165 165 165 165 165 165 165 165 165 165 165 165 165 165 165 165 165 165 165 165 165 165 165 165 165 165 165 165 165 165 165 165 165 165 165 165 165 165 165 165 165 165 165 165 165 165 165 165 165 165 165 165 165 165 165 165 166 166 166 166 166 166 166 166 166 166 166 166 166 166 166 166 166 166 166 166 166 166 166 166 166 166 166 166 166 166 

M = 127:
127 127 127 127 127 127 127 127 124 124 124 128 128 128 127 127 127 127 127 127 128 128 128 128 128 128 127 127 127 126 126 126 127 127 127 126 126 126 127 127 127 127 127 127 199 199 199 199 199 199 199 199 

M = 167:
167 167 167 167 167 167 167 167 167 167 167 167 167 167 167 167 167 167 167 167 167 167 167 167 167 167 167 167 167 167 167 167 167 167 167 167 167 167 167 167 167 167 167 167 167 167 167 167 167 167 167 167 167 167 167 167 167 167 167 167 167 167 167 167 167 

M = 119:
120 120 120 120 120 121 121 121 121 119 119 119 119 119 119 119 119 119 119 119 119 119 119 

M = 250:
237 237 250 250 250 248 248 250 250 250 250 248 248 250 250 250 250 

M = 171:
172 172 172 172 172 172 172 172 172 172 172 172 171 171 171 171 171 171 171 171 171 171 171 171 171 171 171 170 170 170 170 170 170 170 170 

M = 439:
438 438 438 438 438 438 438 438 438 438 438 438 438 438 438 439 439 439 439 439 439 439 439 439 439 439 439 439 439 439 439 439 439 439 439 439 439 439 439 439 

