M = 146:
146 146 146 146 146 146 146 147 147 146 146 146 146 146 146 146 146 146 146 146 146 147 147 144 144 

M = 201:
206 206 206 206 206 206 206 206 206 206 206 204 204 204 204 204 204 204 204 204 204 204 206 206 206 206 206 206 206 206 206 206 206 206 206 206 206 206 206 206 206 206 206 206 206 206 206 206 206 206 206 206 206 206 206 206 206 206 206 206 206 206 206 206 206 206 205 205 205 205 205 205 205 205 205 205 201 201 201 201 201 201 201 201 201 201 201 201 201 201 201 201 201 201 201 201 201 201 201 201 201 201 201 201 201 201 201 201 201 201 201 201 201 201 201 201 201 201 201 201 201 201 201 201 201 201 201 201 201 201 201 201 201 201 201 201 201 201 201 201 201 201 201 201 201 201 201 203 203 203 203 

M = 268:
268 268 268 268 268 268 268 268 268 268 268 268 268 268 268 268 268 268 268 268 268 268 268 268 268 268 268 268 268 268 268 268 268 268 268 268 268 268 268 268 268 268 268 268 268 268 268 268 268 268 268 268 268 268 268 268 268 268 268 273 273 273 273 273 273 267 267 273 273 270 270 273 273 270 270 273 273 273 273 273 273 273 273 273 273 270 270 273 273 273 273 273 273 273 273 

M = 296:
297 297 297 297 297 301 301 301 301 301 301 301 301 301 301 296 296 296 296 296 296 296 300 300 300 300 296 296 296 296 296 296 296 296 296 296 296 296 296 296 296 296 296 296 296 296 296 296 296 296 293 293 293 293 293 293 293 293 293 293 293 293 293 293 293 311 311 311 311 311 311 293 293 293 311 311 311 293 293 293 299 299 299 293 293 293 293 293 293 299 299 299 293 293 293 311 311 311 293 293 293 311 311 311 293 293 293 293 293 293 311 311 311 293 293 293 321 321 321 321 321 321 318 318 321 321 321 321 321 321 321 321 318 318 321 321 318 318 318 318 321 321 

M = 208:
208 208 208 208 208 208 208 208 208 208 208 208 208 208 208 208 208 208 208 208 208 208 208 208 208 208 208 208 208 208 208 207 207 207 207 207 207 

M = 441:
441 441 441 441 441 441 441 441 441 441 441 441 441 441 441 441 441 441 441 441 441 441 441 441 441 441 441 441 441 326 326 

M = 440:
440 440 440 440 440 440 440 440 439 439 439 440 440 440 439 439 439 439 439 439 440 440 440 439 439 439 440 440 440 440 440 440 440 440 440 440 440 440 440 440 440 440 440 440 440 440 440 440 440 440 440 440 440 439 439 439 439 439 439 440 440 440 439 439 439 439 439 439 440 440 440 440 440 440 439 439 439 

M = 305:
303 303 303 303 303 303 303 303 303 303 303 303 303 303 303 303 303 303 303 303 303 303 303 303 303 303 303 303 303 303 303 303 305 305 305 305 305 305 305 305 305 305 305 305 305 305 305 305 305 305 305 305 305 305 305 305 305 305 305 305 305 305 305 305 305 305 305 305 305 305 305 305 305 305 305 305 306 306 306 306 306 306 306 306 306 306 308 308 306 306 308 308 306 306 306 306 306 306 309 309 

M = 182:
180 180 180 182 178 178 182 182 179 179 261 261 182 182 182 182 178 178 182 182 182 182 182 182 181 181 179 179 181 181 179 179 261 261 181 181 178 178 261 261 261 261 261 261 181 181 178 178 182 182 181 181 182 182 261 261 181 181 261 261 261 261 182 182 182 182 179 179 182 182 181 181 182 182 261 261 179 179 261 261 261 261 261 261 261 261 182 182 261 261 182 182 261 261 182 182 182 182 

M = 356:
356 356 356 356 356 356 356 356 356 356 356 

M = 241:
245 245 245 245 245 245 245 245 245 245 245 245 245 245 245 245 245 245 245 245 245 245 245 245 245 245 245 245 245 245 245 245 245 245 245 245 245 245 245 245 245 245 245 245 245 245 245 245 245 245 245 245 245 245 245 245 245 245 245 245 244 244 244 244 244 244 244 244 244 244 243 243 243 243 243 243 241 241 241 241 241 241 241 241 241 241 241 241 241 241 241 241 241 241 241 242 242 242 242 242 241 241 241 241 241 241 241 241 241 241 241 241 241 241 241 242 242 242 242 242 241 241 241 241 241 241 241 241 241 241 242 242 242 242 242 241 241 241 241 241 242 242 242 242 242 242 242 242 242 242 242 242 242 242 242 241 241 241 241 241 241 241 241 241 241 241 241 241 241 241 241 241 241 241 241 239 239 239 239 239 239 194 194 194 194 194 194 194 194 194 194 194 194 194 194 194 194 194 194 194 194 194 194 194 194 

M = 130:
127 127 127 127 127 127 127 127 127 127 127 127 127 197 197 197 197 197 197 197 197 197 197 197 197 197 197 197 197 197 197 197 197 197 197 197 197 197 197 197 197 197 197 197 197 197 197 197 197 197 197 197 197 197 197 197 197 197 197 197 197 197 197 197 197 197 197 197 197 197 197 197 197 197 197 197 197 130 130 130 130 130 130 130 130 130 130 130 130 130 130 130 130 130 130 130 130 130 130 130 130 130 130 130 130 130 130 130 130 130 130 130 130 130 130 130 130 130 130 130 130 130 130 130 130 130 130 130 130 130 130 130 130 130 130 130 130 130 130 130 130 130 130 130 130 130 130 130 130 130 130 130 130 130 130 130 130 130 130 130 130 130 130 130 130 130 130 130 130 130 130 130 130 130 130 130 130 130 130 130 130 130 130 130 130 130 130 130 134 134 134 134 134 134 134 130 130 130 130 130 130 130 130 130 130 130 130 130 130 136 136 136 136 136 136 136 136 136 136 136 136 136 136 136 135 135 135 135 135 136 136 136 136 136 136 136 136 136 136 196 196 196 196 196 196 196 196 196 196 196 196 196 196 196 196 196 196 196 196 196 196 196 196 196 196 196 196 196 196 196 196 196 196 196 196 196 196 196 196 196 196 196 196 196 196 196 196 196 196 196 196 196 196 196 196 196 196 196 196 196 196 196 196 196 196 196 196 196 196 196 196 193 193 193 193 193 193 193 193 193 

M = 124:
124 124 124 124 124 124 124 124 124 124 124 124 124 124 124 124 124 124 124 124 124 124 124 124 124 124 124 124 124 124 124 119 119 119 119 119 119 119 119 119 119 119 119 119 119 123 123 123 123 123 123 123 123 123 123 123 123 123 123 123 123 123 123 120 120 120 120 120 120 120 120 120 120 120 120 125 125 122 122 122 122 125 125 122 122 122 122 122 122 122 122 125 125 122 122 122 122 122 122 122 122 125 125 122 122 125 125 122 122 122 122 125 125 125 125 122 122 125 125 125 125 122 122 

M = 266:
266 266 266 266 266 266 266 266 266 266 266 266 266 266 266 266 266 266 266 266 263 263 263 266 266 266 264 264 264 264 

M = 438:
438 438 438 438 438 

M = 281:
284 284 283 283 281 281 281 281 281 281 281 283 283 284 284 281 281 277 277 281 281 281 281 284 284 277 277 284 284 283 283 281 281 

M = 235:
235 235 235 235 235 235 235 235 235 235 235 235 235 235 235 235 235 235 235 235 235 235 235 235 235 235 235 235 235 235 235 235 235 235 235 235 235 235 235 235 235 235 235 235 235 235 235 235 235 235 235 235 235 235 235 235 235 235 235 235 235 235 235 235 235 235 235 235 235 235 235 235 235 235 235 235 235 235 235 235 235 235 235 235 253 253 253 253 253 253 

M = 251:
248 248 248 248 248 248 248 248 248 248 248 248 248 248 251 251 251 251 251 251 251 251 251 251 251 251 251 251 251 251 251 158 158 158 158 158 158 158 158 158 251 251 251 251 251 251 251 251 251 158 158 158 158 158 158 158 158 158 251 251 251 251 251 251 251 251 251 158 158 158 158 158 158 158 158 158 251 251 251 251 251 251 251 251 251 251 251 251 251 251 251 251 251 251 251 251 251 251 251 251 251 251 251 158 158 158 158 158 158 158 158 158 251 251 251 251 251 251 251 251 251 251 251 251 251 251 251 251 251 251 158 158 158 158 158 158 158 158 158 159 159 159 159 159 159 159 237 237 237 237 237 237 237 157 157 157 157 157 157 157 157 157 157 157 157 157 157 157 157 157 157 157 157 157 157 157 157 164 164 164 164 164 164 164 164 164 164 164 164 164 164 164 164 164 164 164 164 165 165 165 165 165 165 165 165 165 165 165 165 165 165 165 165 165 165 165 165 165 165 165 165 165 165 165 165 165 165 165 165 165 165 165 165 165 165 165 165 165 165 249 249 156 156 156 156 156 156 249 249 249 249 156 156 156 156 156 156 249 249 249 249 249 249 163 163 156 156 249 249 156 156 156 156 249 249 156 156 156 156 156 156 156 156 156 156 156 156 249 249 249 249 249 249 163 163 249 249 249 249 156 156 156 156 249 249 249 249 

M = 232:
232 232 232 232 232 232 232 232 233 233 233 232 232 232 232 232 232 232 232 232 232 232 232 232 232 232 232 232 232 232 232 232 232 232 232 232 232 232 232 232 232 232 232 232 232 232 232 232 232 232 232 232 232 232 232 232 255 255 258 258 255 255 258 258 258 258 258 258 258 258 255 255 255 255 

M = 220:
190 190 190 190 190 190 190 190 190 190 190 190 190 190 190 190 190 190 190 190 190 190 190 190 218 218 218 217 217 217 217 217 217 171 171 171 217 217 217 217 217 217 217 217 217 217 217 217 218 218 218 217 217 217 219 219 220 220 220 220 220 219 219 220 220 220 220 172 172 172 172 220 220 220 220 220 220 220 220 219 219 219 219 219 219 220 220 220 220 220 220 220 220 219 219 220 220 219 219 172 172 219 219 220 220 220 220 220 220 219 219 

