M = 215:
190 190 190 190 190 190 190 190 190 190 190 190 190 190 190 190 190 190 190 190 190 190 190 190 190 190 190 190 190 190 216 216 216 216 216 216 216 216 216 216 219 219 219 219 217 217 217 217 219 219 219 219 219 219 219 219 219 219 219 219 219 219 219 219 219 219 219 219 217 217 217 217 140 140 140 140 140 140 140 140 140 140 140 140 140 140 140 140 140 140 140 140 140 140 140 140 140 140 140 140 140 140 140 140 140 136 136 215 215 215 215 215 215 215 215 215 215 215 136 136 136 136 215 215 215 215 136 136 215 215 215 215 136 136 215 215 136 136 136 136 215 215 136 136 215 215 136 136 136 136 215 215 136 136 136 136 215 215 136 136 215 215 136 136 215 215 136 136 136 136 215 215 

M = 281:
281 281 281 281 281 281 281 281 281 281 281 281 281 281 281 281 281 281 281 281 281 281 281 281 281 281 281 281 281 281 281 284 284 284 280 280 280 280 280 280 280 280 280 280 

M = 206:
126 126 126 126 126 126 126 126 206 208 208 206 206 208 208 208 208 206 206 208 208 206 206 206 206 206 206 208 208 208 208 208 208 206 206 206 206 208 208 206 206 206 206 206 206 206 206 206 206 206 206 208 208 

M = 165:
165 165 165 165 165 165 165 165 165 165 165 165 165 165 165 165 165 165 165 165 165 165 165 165 165 165 165 165 165 165 165 165 165 165 165 165 165 165 165 165 165 165 165 165 165 165 165 165 165 165 165 165 165 165 165 165 165 165 165 165 165 165 165 165 165 165 165 165 165 165 165 165 165 165 165 165 165 165 165 165 165 165 165 165 165 165 165 165 165 

M = 242:
242 242 242 242 242 242 242 242 242 242 242 242 242 242 242 243 243 243 243 243 243 243 243 242 242 242 242 242 242 242 242 242 242 242 242 242 242 242 242 243 243 243 243 243 243 243 243 242 242 242 242 242 242 242 242 242 242 242 242 242 242 242 242 242 242 242 242 242 242 242 242 242 242 242 242 242 242 242 242 

M = 454:
454 456 456 454 454 454 454 451 451 454 454 451 451 454 454 454 454 454 454 454 454 454 454 454 454 454 454 456 456 454 454 451 451 454 454 454 454 454 454 454 454 451 451 

M = 261:
180 180 180 180 180 180 180 261 261 261 261 261 261 261 261 261 261 261 261 261 261 261 261 261 261 261 261 261 261 261 261 261 261 261 261 261 261 261 261 261 261 261 261 261 261 261 261 261 261 261 261 229 229 229 229 229 229 229 229 229 229 229 229 229 229 229 229 229 229 229 229 229 259 259 177 177 258 258 183 183 259 259 258 258 183 183 259 259 258 258 259 259 178 178 178 178 259 259 177 177 259 259 177 177 183 183 259 259 258 258 259 259 177 177 258 258 258 258 177 177 183 183 259 259 177 177 183 183 259 259 183 183 177 177 178 178 259 259 258 258 178 178 183 183 177 177 259 259 258 258 

M = 251:
251 251 251 251 251 251 251 251 251 251 251 251 251 251 251 251 251 251 251 251 251 251 251 251 251 251 251 251 251 251 251 251 251 251 251 251 251 251 251 251 251 251 251 251 251 251 251 160 160 160 160 160 160 160 160 

M = 121:
121 121 121 121 121 119 119 119 

M = 122:
122 122 122 122 122 122 122 122 122 122 122 122 122 122 122 122 122 122 122 122 122 122 122 122 122 122 122 122 122 122 122 122 122 122 122 122 122 122 122 122 122 124 124 

M = 130:
194 194 194 194 194 194 194 194 194 194 194 194 194 194 194 194 194 194 194 194 130 130 197 197 197 127 127 127 193 193 193 130 130 130 196 196 196 196 196 196 196 196 196 196 196 196 130 130 130 196 196 196 130 130 130 130 130 130 196 196 196 196 196 196 130 130 130 193 193 193 130 130 130 130 130 130 196 196 196 127 127 127 193 193 193 196 196 196 193 193 193 130 130 130 193 193 193 130 130 130 196 196 196 197 197 197 130 130 130 196 196 196 193 193 193 196 196 196 130 130 130 196 196 196 197 197 197 196 196 196 196 196 196 130 130 130 130 130 130 130 130 130 197 197 197 193 193 193 130 130 130 134 134 

M = 267:
268 268 268 268 268 268 268 268 268 267 267 267 267 267 267 267 266 266 266 266 266 266 266 266 145 145 145 145 145 145 145 145 145 145 145 145 145 145 145 145 145 145 145 145 148 148 148 148 148 148 

M = 369:
410 410 410 370 370 408 408 368 368 347 347 347 347 369 406 406 369 369 368 368 368 368 369 369 368 368 370 370 369 369 347 347 370 370 370 370 369 369 370 370 413 413 370 370 368 368 341 341 408 408 370 370 370 370 340 340 406 406 370 370 406 406 341 341 406 406 370 370 368 368 368 368 339 339 369 369 347 347 369 369 368 368 369 369 413 413 347 347 368 368 369 369 347 347 347 347 369 369 347 347 369 369 339 339 341 341 347 347 406 406 369 369 408 408 369 369 

M = 164:
164 164 164 164 164 164 164 164 164 164 164 164 164 164 164 164 164 164 164 164 164 164 164 164 164 164 164 164 164 164 164 164 163 163 163 163 163 163 163 163 

M = 274:
301 301 301 301 301 301 301 301 301 301 301 301 301 301 301 301 301 301 301 301 274 274 274 274 274 274 274 274 273 273 278 278 173 173 303 303 273 273 304 304 302 302 273 273 303 303 173 173 275 275 278 278 303 303 278 278 173 173 173 173 303 303 275 275 173 173 303 303 303 303 173 173 173 173 302 302 303 303 276 276 276 276 302 302 303 303 173 173 278 278 273 273 303 303 302 302 304 304 173 173 302 302 273 273 273 273 302 302 273 273 302 302 273 273 273 273 302 302 304 304 278 278 275 275 278 278 273 273 173 173 278 278 273 273 173 173 278 278 302 302 

M = 364:
355 355 355 355 355 355 355 355 364 444 444 444 444 364 364 444 444 364 364 364 364 444 444 364 364 364 364 444 444 444 444 364 364 364 364 364 364 444 444 364 364 444 444 361 361 364 364 444 444 444 444 364 364 364 364 444 444 444 444 444 444 364 364 444 444 364 364 364 364 

M = 167:
167 167 167 167 167 167 167 167 167 167 167 167 167 167 167 167 167 167 167 167 167 167 167 167 167 167 167 167 167 167 167 167 167 167 167 167 167 167 167 167 167 167 167 167 167 167 167 167 167 167 167 171 171 171 171 171 171 170 170 

M = 249:
249 249 249 249 249 249 249 249 249 249 249 249 249 249 249 249 249 249 249 249 249 249 249 249 249 249 249 249 249 249 249 248 248 248 248 248 248 248 248 249 249 249 249 249 249 249 249 239 239 239 239 239 239 239 239 239 239 239 239 239 239 239 239 239 239 239 239 239 239 239 239 239 239 239 239 239 239 

M = 293:
297 297 297 297 297 297 293 293 297 297 297 293 293 293 293 293 293 297 297 297 297 297 297 293 293 293 293 293 293 293 293 293 293 293 293 293 293 293 293 293 293 297 297 297 297 297 297 297 297 297 293 293 293 293 293 293 293 293 293 293 293 293 293 293 293 297 297 297 296 296 296 296 290 290 290 290 290 290 290 290 290 290 290 290 296 296 290 290 296 296 296 296 290 290 290 290 290 290 290 290 290 290 

M = 435:
438 438 438 438 438 438 438 438 438 438 438 438 438 438 440 440 440 440 440 440 440 440 440 440 440 440 440 440 440 440 440 440 440 440 440 440 440 440 440 440 440 440 440 440 440 440 435 435 435 435 435 435 435 435 435 435 435 435 435 435 435 435 435 435 435 440 440 440 440 440 440 440 440 440 440 440 440 435 435 435 435 388 388 388 388 388 388 391 391 412 412 441 441 443 443 436 436 390 390 436 436 436 436 443 443 391 391 391 391 412 412 412 412 391 391 412 412 390 390 391 391 443 443 412 412 436 436 391 391 436 436 441 441 391 391 436 436 391 391 391 391 436 436 391 391 443 443 443 443 436 436 391 391 412 412 391 391 443 443 436 436 443 443 441 441 436 436 436 436 391 391 441 441 436 436 441 441 

