M = 220:
190 190 190 190 190 190 190 190 190 190 220 220 220 220 220 220 220 220 220 220 220 220 220 220 220 220 220 220 220 220 220 220 220 188 188 188 188 220 220 220 220 220 220 220 220 220 220 220 220 220 220 220 220 188 188 188 188 220 220 220 220 220 220 220 220 220 220 220 220 220 220 220 220 215 215 215 215 215 215 215 215 215 

M = 251:
251 251 251 251 251 251 251 251 251 251 251 251 251 251 251 251 251 251 251 251 251 251 251 251 251 251 251 251 251 250 250 237 237 250 250 205 205 237 237 237 237 250 250 237 237 250 250 237 237 205 205 237 237 237 237 250 250 250 250 237 237 250 250 237 237 

M = 130:
131 131 131 131 131 130 130 130 130 130 130 130 130 130 130 130 130 130 130 130 130 130 130 130 130 130 130 130 130 130 130 130 130 130 130 130 130 130 130 130 130 130 130 130 130 130 130 130 130 130 130 130 130 130 130 130 133 133 133 133 

M = 440:
438 438 438 438 438 438 440 440 440 440 440 440 440 440 440 440 440 440 440 440 440 440 440 440 440 440 440 440 440 440 440 440 440 440 440 440 440 440 440 440 440 440 440 440 440 440 440 440 440 440 440 440 440 440 440 440 440 440 440 440 440 440 440 440 440 441 441 441 441 441 441 441 441 441 441 441 441 441 441 441 441 441 441 441 441 

M = 242:
242 242 242 242 242 242 242 242 242 242 242 242 242 242 242 242 242 242 242 244 244 244 244 244 244 244 246 246 

M = 444:
362 362 362 362 362 362 362 362 362 362 362 362 362 362 362 362 362 362 444 444 444 444 444 444 444 444 444 444 444 444 444 444 444 444 444 444 444 444 444 444 444 444 444 444 444 444 444 444 444 444 444 444 444 444 444 444 444 444 444 444 444 444 444 444 444 444 444 444 444 444 444 444 444 444 444 444 444 444 444 444 444 358 358 358 290 290 290 290 290 290 290 290 290 290 290 290 290 290 290 290 290 290 290 290 290 290 290 290 443 443 443 443 451 451 363 363 443 443 443 443 443 443 

M = 393:
393 322 322 411 411 387 387 366 366 366 366 390 390 393 393 366 366 390 390 411 411 393 393 334 334 366 366 366 366 393 393 393 393 366 366 334 334 393 393 334 334 329 329 410 410 393 393 393 393 393 393 393 393 393 393 393 393 411 411 387 387 390 390 393 393 410 410 325 325 334 334 387 387 393 393 390 390 410 410 410 410 393 393 410 410 393 393 410 410 410 410 322 322 412 412 322 322 410 410 322 322 334 334 393 393 410 410 390 390 334 334 387 387 410 410 366 366 322 322 390 390 329 329 387 387 411 411 393 393 410 410 393 393 325 325 329 329 

M = 178:
146 146 146 146 146 146 146 146 146 146 146 261 261 261 261 261 261 261 261 261 261 261 261 261 261 261 261 261 261 261 261 261 261 261 261 261 261 261 261 261 261 261 261 261 261 261 261 261 261 261 261 261 261 145 145 145 145 145 145 178 178 178 178 178 178 178 178 178 178 178 178 178 178 178 178 178 178 178 178 178 178 178 178 178 178 178 178 178 178 178 178 178 178 182 182 182 182 182 182 182 182 182 182 182 182 182 182 182 182 184 184 184 177 177 264 264 264 264 226 226 177 177 264 264 177 177 228 228 228 228 177 177 264 264 228 228 228 228 226 226 177 177 177 177 226 226 228 228 177 177 226 226 148 148 177 177 226 226 148 148 

M = 122:
124 124 124 208 208 208 124 124 124 208 208 208 208 208 208 124 124 124 124 124 124 123 123 122 123 123 122 122 122 122 122 122 212 212 123 123 122 122 122 122 122 122 122 122 122 122 122 122 212 212 212 212 122 122 123 123 122 122 122 122 

M = 273:
268 268 268 268 268 268 268 268 268 268 268 268 268 268 268 268 274 274 274 274 274 274 274 274 274 274 274 274 273 273 273 273 273 273 273 273 273 273 273 273 273 273 273 273 273 273 273 273 273 

M = 219:
219 219 219 219 219 219 219 219 219 219 219 219 219 219 219 219 219 

M = 136:
134 134 134 134 134 139 139 139 139 139 139 136 136 136 136 136 136 136 136 136 136 136 136 136 136 136 136 136 136 136 136 139 139 139 139 139 139 135 135 135 135 

M = 127:
128 128 128 127 127 127 127 127 127 127 127 127 126 126 126 126 127 127 127 127 127 127 127 127 127 127 

M = 278:
281 281 281 281 281 281 281 281 281 281 281 281 281 281 281 281 281 281 281 281 281 281 281 281 281 281 281 281 281 281 281 281 281 281 281 281 280 280 280 280 280 280 280 280 280 280 301 301 301 301 301 280 280 280 280 280 293 293 293 293 293 293 293 293 293 293 293 293 293 293 293 293 293 293 293 293 293 293 293 293 277 277 277 277 293 293 293 293 293 293 293 293 293 293 293 293 293 293 293 293 293 293 293 293 277 277 277 277 293 293 293 293 293 293 293 293 303 303 303 305 305 305 305 305 305 305 305 305 303 303 303 303 303 303 303 303 303 303 303 303 284 284 284 303 303 303 305 305 305 284 284 284 305 305 305 305 305 305 305 305 305 305 305 305 305 305 305 278 278 278 278 278 302 302 302 302 302 302 278 278 302 302 302 302 278 278 302 302 302 302 278 278 278 278 278 278 278 278 

M = 165:
165 165 165 165 165 165 165 165 165 165 165 165 165 165 165 165 165 165 165 165 165 165 165 165 165 165 165 165 165 165 165 165 165 165 165 165 165 165 165 165 165 165 165 165 165 165 165 165 165 165 165 165 165 165 165 165 165 165 165 165 165 165 165 165 165 165 165 165 165 

M = 175:
173 173 173 173 173 173 173 173 173 173 173 173 173 173 173 173 173 173 173 173 175 175 175 175 175 175 175 175 175 175 175 175 175 175 175 175 175 175 175 175 175 175 175 175 175 175 175 175 175 259 259 150 150 259 259 258 258 259 259 150 150 259 259 258 258 174 174 259 259 174 174 174 174 150 150 174 174 259 259 258 258 150 150 174 174 174 174 150 150 259 259 258 258 259 259 259 259 258 258 150 150 259 259 258 258 150 150 174 174 150 150 

M = 167:
167 167 167 167 167 167 167 167 167 167 167 167 167 167 167 167 167 167 167 167 167 167 167 167 167 167 167 167 167 167 167 167 167 167 167 167 167 167 167 167 167 167 167 167 167 167 167 167 167 167 167 167 167 167 167 167 167 167 167 167 167 167 167 167 167 167 167 167 167 167 167 167 167 167 167 167 167 167 167 167 167 167 167 167 167 167 167 167 167 167 167 167 167 167 167 167 167 167 167 167 167 167 167 167 172 172 172 172 172 170 170 170 

M = 249:
249 249 249 249 249 249 249 249 249 249 249 249 249 249 249 249 249 249 249 249 249 249 249 249 249 249 249 249 249 249 249 249 249 249 249 

M = 434:
435 435 435 435 435 435 435 435 435 435 435 435 435 435 435 435 434 434 434 434 434 434 434 434 434 434 434 434 434 434 434 434 434 434 434 434 434 434 434 434 434 434 434 434 434 434 434 

M = 163:
164 164 164 164 164 164 164 164 164 164 164 162 162 162 162 162 163 163 163 163 163 163 163 163 163 163 163 163 163 163 163 163 163 163 163 163 163 163 163 163 163 163 163 

