M = 201:
235 235 201 235 235 235 235 235 235 201 201 235 235 201 201 235 235 201 201 235 235 235 235 201 201 235 235 235 235 201 201 235 235 201 201 201 201 235 235 201 201 201 201 201 201 201 201 235 235 201 201 201 201 201 201 

M = 217:
217 217 217 217 217 217 217 217 217 217 217 216 216 216 217 217 217 217 217 217 217 217 217 

M = 205:
205 205 205 205 205 205 205 205 205 204 204 205 205 205 205 205 205 205 205 205 205 205 205 205 205 205 205 205 205 204 204 205 205 204 204 205 205 205 205 

M = 311:
311 311 311 311 311 311 311 311 311 311 311 309 309 309 309 314 314 309 309 

M = 300:
300 300 300 300 300 300 300 300 300 300 300 297 297 297 300 300 300 300 300 300 300 300 300 299 299 299 297 297 297 297 297 297 300 300 300 297 297 297 300 300 300 300 300 300 300 300 300 300 300 300 300 300 300 300 300 300 300 300 300 301 301 301 301 301 301 301 301 301 301 301 301 301 301 301 301 301 301 301 301 301 301 301 301 301 301 

M = 194:
194 194 194 194 194 194 194 194 194 194 194 194 194 194 194 194 194 194 194 194 194 194 194 194 194 194 194 194 194 194 194 194 

M = 197:
196 196 196 196 196 196 196 196 196 196 196 196 239 239 239 196 196 196 239 239 239 196 196 196 196 196 196 239 239 239 196 196 196 197 197 197 197 197 197 197 197 197 197 197 197 197 197 197 197 197 197 197 197 197 197 197 197 197 

M = 440:
440 440 440 440 440 440 440 440 440 440 440 440 440 440 440 440 440 440 440 440 440 440 440 440 440 440 440 440 440 440 440 440 440 440 440 440 440 440 440 440 440 440 440 440 440 440 440 440 440 438 438 438 438 438 438 438 438 438 438 438 438 438 438 438 438 438 438 438 438 438 438 438 438 438 438 438 438 441 441 441 439 439 439 441 441 441 441 441 441 441 441 441 441 441 441 442 442 442 441 441 441 441 441 441 441 441 441 362 362 362 442 442 442 441 441 441 443 443 443 443 

M = 158:
158 158 158 158 158 158 158 158 158 158 158 158 158 158 158 158 158 158 158 158 158 158 158 159 159 159 159 159 159 159 159 159 159 159 159 159 159 159 159 159 159 159 159 159 159 159 159 159 159 159 159 159 159 159 159 159 157 157 157 157 157 157 157 157 157 157 157 157 157 157 157 157 157 157 157 157 157 157 157 157 157 157 

M = 128:
128 128 128 128 128 128 128 128 128 128 128 128 128 128 128 128 128 131 131 127 127 131 131 127 127 131 131 127 127 126 126 131 131 126 126 131 131 126 126 127 127 127 127 126 126 127 127 131 131 

M = 272:
272 272 272 272 272 272 272 272 272 272 272 272 272 272 272 272 272 272 272 272 272 272 272 272 272 272 272 272 272 272 272 272 272 272 272 272 272 272 272 272 272 272 272 272 272 272 272 272 272 272 272 272 272 272 272 267 267 267 267 271 271 271 270 270 270 270 270 270 270 270 270 270 270 270 270 270 270 275 275 275 270 270 270 271 271 271 

M = 137:
141 141 141 141 141 141 141 141 141 141 141 141 141 141 141 141 141 141 141 141 142 142 142 142 142 142 142 142 141 141 141 141 121 121 121 137 137 137 137 137 137 137 137 137 137 137 137 137 137 137 137 137 137 137 137 137 137 137 137 137 137 137 137 137 136 136 136 136 136 136 122 122 136 136 122 122 136 136 122 122 136 136 122 122 122 122 122 122 136 136 122 122 122 122 122 122 136 136 122 122 122 122 136 136 136 136 122 122 136 136 122 122 122 122 122 122 136 136 

M = 184:
184 184 184 184 184 184 184 184 184 184 184 184 184 184 184 184 184 184 184 184 184 184 184 184 184 184 184 184 184 184 184 184 184 184 184 184 184 184 119 119 119 119 228 228 228 228 228 228 

M = 178:
265 265 265 265 265 265 265 265 265 265 265 265 265 265 265 265 265 265 265 265 265 265 265 265 146 146 146 146 146 146 146 146 265 265 265 265 265 265 265 265 265 265 265 265 265 265 265 265 180 180 180 180 180 180 180 180 180 180 180 180 180 180 180 180 180 180 180 180 180 180 180 180 180 178 178 178 178 178 178 178 264 264 264 264 264 264 264 264 178 178 178 178 178 178 178 178 264 264 264 264 178 178 178 178 178 178 178 178 178 178 178 178 178 178 178 178 262 262 262 177 177 177 177 181 181 177 177 177 177 177 177 181 181 177 177 177 177 177 177 177 177 

M = 164:
164 164 164 164 164 164 164 164 164 164 164 164 164 164 164 164 164 164 164 164 164 164 164 164 164 164 164 164 164 164 164 164 164 164 164 163 163 163 163 163 163 

M = 165:
165 165 165 165 165 165 165 165 165 165 165 165 165 165 165 165 165 165 165 165 165 165 165 165 165 165 165 165 165 165 165 165 165 165 165 165 165 165 165 165 165 165 165 165 165 165 165 169 169 

M = 251:
249 249 249 249 251 251 251 250 250 250 250 249 249 249 249 249 249 249 249 251 251 251 251 249 249 249 249 249 249 249 249 251 251 251 251 249 249 249 249 251 251 251 251 251 251 251 251 250 250 250 250 250 250 250 250 251 251 251 251 249 249 249 249 249 249 249 249 251 251 251 251 251 251 251 251 251 251 251 251 251 251 251 251 251 251 251 251 249 249 249 249 251 251 251 251 249 249 249 249 251 251 251 251 251 251 251 251 251 251 251 251 251 251 251 251 250 250 250 250 249 249 249 249 251 251 251 251 250 250 250 250 250 250 250 250 249 249 249 249 

M = 245:
245 245 245 245 243 243 243 243 243 242 242 242 242 242 245 245 245 245 245 245 245 245 245 245 242 242 242 242 242 242 242 242 242 242 245 245 245 245 245 245 245 245 245 245 245 245 245 245 245 245 245 245 245 245 245 245 245 245 245 242 242 242 242 242 245 245 245 245 245 245 245 245 245 245 

M = 293:
293 293 296 296 296 293 293 293 293 293 293 289 289 289 290 290 290 290 290 290 290 290 290 293 293 293 290 290 290 293 293 293 296 296 296 292 292 292 289 289 289 293 293 293 293 293 293 293 293 293 289 289 289 293 293 293 289 289 289 290 290 290 289 289 289 289 289 289 293 293 293 293 293 293 289 289 289 293 293 293 290 290 290 293 293 293 

M = 220:
219 219 219 219 219 219 219 219 219 219 219 219 219 219 219 219 219 219 219 219 219 219 219 219 219 219 219 219 219 219 219 219 190 190 190 190 190 190 190 190 190 190 190 190 190 190 190 190 190 190 220 220 220 220 220 220 220 220 220 215 215 220 220 220 220 220 220 215 215 215 215 215 215 220 220 220 220 220 220 220 220 220 220 215 215 215 215 220 220 220 220 220 220 

