M = 201:
201 201 201 201 201 201 201 201 201 201 201 201 201 201 201 201 201 201 201 201 201 201 201 201 201 201 201 201 201 201 201 201 201 201 201 201 201 201 201 201 201 201 201 204 204 204 204 201 201 201 201 201 201 201 201 204 204 204 204 201 201 201 201 203 203 203 

M = 268:
268 268 268 268 268 268 268 268 268 268 268 268 268 268 268 268 268 268 268 268 268 268 268 268 268 268 268 268 268 268 268 268 268 268 268 268 268 268 268 268 268 268 268 268 268 268 268 268 268 268 268 268 268 267 267 267 267 267 267 267 267 267 267 267 267 267 267 267 272 272 272 272 272 272 305 305 272 272 272 272 304 304 272 272 272 272 272 272 272 272 272 272 272 272 272 272 272 272 305 305 305 305 272 272 305 305 305 305 

M = 318:
318 318 318 318 318 318 318 318 318 318 318 318 318 318 318 318 318 318 318 318 318 318 318 318 318 318 318 318 318 318 318 318 318 318 318 318 318 318 318 321 321 321 315 315 315 321 321 321 314 314 314 311 311 311 311 311 311 311 311 311 311 311 311 311 311 311 311 311 311 

M = 141:
142 142 142 142 142 141 141 141 141 142 142 142 142 142 141 141 141 141 141 141 141 141 141 141 142 142 142 142 142 141 141 141 141 141 141 141 141 141 141 141 141 141 141 141 141 141 141 141 141 140 140 140 140 140 140 140 140 140 140 140 140 140 140 140 140 140 140 140 140 140 140 140 140 

M = 159:
158 158 158 158 158 158 158 158 161 161 161 161 158 158 158 158 161 161 161 161 161 161 161 161 158 158 158 158 161 161 161 161 161 161 161 161 159 159 159 159 159 159 159 159 159 159 159 159 159 159 159 159 159 159 159 159 159 159 159 159 159 159 159 159 159 162 162 162 162 162 162 162 162 162 162 162 162 162 162 

M = 194:
194 194 194 194 194 194 194 194 194 194 194 194 194 194 194 194 194 194 194 194 194 194 194 194 194 194 194 194 194 194 194 194 194 194 194 194 194 194 194 194 194 239 239 239 239 239 239 193 193 196 196 196 196 196 196 196 196 196 196 193 193 196 196 196 196 196 196 196 196 196 196 

M = 453:
359 359 359 362 362 362 362 362 362 354 354 453 453 453 456 456 456 456 354 354 453 453 456 456 453 453 456 456 456 456 456 456 456 456 453 453 453 453 452 452 456 456 358 358 453 453 456 456 452 452 354 354 456 456 452 452 356 356 

M = 178:
265 265 265 265 265 265 265 265 265 265 265 265 265 265 265 265 147 147 147 147 147 147 147 147 180 180 180 180 180 180 180 180 178 178 178 178 178 178 178 178 178 178 178 178 178 178 178 178 178 178 178 178 178 178 178 178 178 178 178 178 178 178 178 178 178 178 178 178 178 178 178 178 178 178 178 178 178 178 178 178 178 178 178 178 178 178 178 178 178 178 178 178 178 178 178 178 178 178 178 178 178 178 178 178 178 178 178 178 145 145 145 145 145 145 145 145 177 177 177 177 177 177 177 177 177 182 182 182 177 177 177 177 177 177 182 182 182 182 182 182 177 177 177 177 177 177 177 177 177 177 177 177 177 177 177 177 177 177 261 261 148 148 261 261 226 226 261 261 261 261 261 261 261 261 226 226 261 261 261 261 226 226 261 261 261 261 261 261 261 261 261 261 261 261 148 148 261 261 148 148 

M = 219:
190 190 190 219 219 219 219 219 219 219 219 219 219 219 190 190 190 219 219 219 190 190 190 219 219 219 219 219 219 190 190 190 190 190 190 217 217 

M = 245:
245 245 245 245 245 245 245 245 245 245 245 245 245 245 245 245 245 245 245 245 245 245 245 245 245 245 245 245 245 245 245 245 245 245 245 245 245 245 245 245 245 

M = 244:
243 243 243 243 243 243 243 244 244 244 244 244 244 244 244 244 244 244 244 244 244 244 244 244 244 244 244 244 244 244 

M = 347:
365 365 365 365 365 365 365 365 365 365 365 365 365 365 365 365 365 365 339 339 347 347 347 339 339 339 339 347 347 339 339 349 349 339 339 346 346 347 347 339 339 339 339 347 347 347 347 347 347 339 339 347 347 339 339 347 347 

M = 124:
120 120 120 120 120 119 119 119 119 124 127 127 124 124 124 124 124 124 124 124 124 124 124 124 124 124 124 124 

M = 242:
242 242 242 242 242 242 242 242 242 242 242 242 242 242 242 242 242 242 242 242 242 242 242 242 242 242 242 242 242 242 242 242 242 242 242 242 242 242 242 242 242 242 242 242 

M = 165:
165 165 165 165 165 164 164 164 164 164 164 165 165 165 165 165 165 165 165 165 165 165 165 165 165 165 165 165 165 165 165 165 165 165 165 165 165 165 165 165 165 165 165 165 165 165 165 164 164 164 164 164 164 165 165 165 165 165 165 165 165 165 165 165 165 165 165 165 165 165 165 165 165 165 165 165 165 165 165 165 165 165 165 165 165 165 165 165 165 165 165 165 165 165 165 

M = 235:
235 235 235 

M = 251:
237 237 237 237 237 237 250 250 250 250 250 250 248 248 248 248 248 248 248 248 248 248 248 248 250 250 250 250 250 250 251 251 251 251 251 251 251 251 251 251 251 251 251 251 251 251 251 251 251 251 251 251 251 251 251 251 251 251 251 251 251 251 251 251 251 251 251 251 251 251 251 251 251 251 251 251 251 

M = 293:
293 293 293 293 293 293 293 293 293 293 293 293 293 293 293 293 293 293 293 293 293 293 293 297 297 297 297 297 297 297 297 293 293 293 293 293 293 293 293 293 293 293 293 293 293 293 293 438 438 438 438 293 293 293 293 293 293 293 293 293 293 293 293 293 293 293 293 440 440 440 440 440 440 440 440 440 440 440 440 440 440 440 440 440 440 440 440 440 440 440 440 440 440 440 440 440 440 440 440 440 440 440 440 440 440 440 440 440 440 440 440 440 440 440 440 300 300 301 301 301 301 289 289 290 290 290 290 290 290 301 301 290 290 299 299 290 290 300 300 289 289 290 290 301 301 292 292 301 301 290 290 299 299 290 290 290 290 301 301 289 289 301 301 290 290 301 301 289 289 289 289 290 290 290 290 290 290 290 290 299 299 

M = 326:
326 326 326 326 326 326 326 326 326 326 326 326 326 326 326 326 326 326 326 329 329 329 329 326 326 326 326 326 326 326 326 326 326 326 326 326 326 326 326 326 326 326 326 326 326 326 326 329 329 329 329 329 329 329 329 326 326 326 326 326 326 326 326 322 322 322 322 326 326 326 326 322 322 322 322 434 434 434 434 434 434 434 434 434 434 434 434 434 434 434 434 434 434 434 434 434 334 334 327 327 327 327 334 334 334 334 334 334 334 334 334 334 327 327 334 334 334 334 334 334 334 334 

M = 138:
138 138 138 138 138 138 138 138 138 138 138 138 138 138 138 138 138 138 138 138 138 

