M = 165:
165 165 165 165 165 165 165 164 164 164 164 164 164 164 164 165 165 165 165 165 165 165 165 165 165 165 165 165 165 165 165 165 165 165 165 165 165 165 165 165 165 165 165 165 165 165 165 165 165 165 165 165 165 165 165 165 165 165 165 165 165 165 165 165 165 165 165 165 165 165 165 165 165 165 165 165 165 165 165 165 165 165 165 165 165 165 165 190 190 190 190 190 190 190 190 190 190 190 190 190 190 190 190 190 190 190 190 163 163 163 163 162 162 162 162 162 162 162 162 162 162 162 162 162 162 162 162 162 162 162 162 162 

M = 318:
319 319 319 319 319 319 319 319 319 319 319 319 319 319 319 318 318 318 316 316 316 316 316 316 316 316 318 318 318 318 316 316 316 316 316 316 316 316 318 318 318 318 316 316 316 316 318 318 318 318 318 318 318 318 316 316 316 316 318 318 318 318 316 316 316 316 316 316 316 316 318 318 318 318 318 318 318 318 321 321 321 321 321 321 321 321 321 321 321 321 321 321 321 321 321 321 321 321 321 321 321 321 321 321 321 321 321 321 321 321 321 321 321 321 321 321 321 320 320 320 320 314 314 320 320 320 320 320 320 

M = 300:
300 300 300 300 300 300 300 300 300 300 300 300 300 300 300 300 300 300 300 300 300 300 300 299 299 299 299 299 299 299 299 299 299 299 299 299 299 299 299 299 299 299 299 299 299 299 299 299 299 299 299 301 301 301 301 301 301 301 301 301 301 301 301 

M = 119:
120 120 120 121 121 121 121 119 121 121 119 119 119 119 121 121 119 119 121 121 119 119 119 119 

M = 440:
440 440 440 440 440 440 440 440 439 439 439 439 439 439 439 439 439 439 439 439 439 439 439 439 438 438 438 438 438 438 438 441 441 441 441 441 441 441 438 438 438 438 438 438 438 441 441 441 441 441 441 441 438 438 438 438 438 438 438 441 441 441 441 441 441 441 441 441 441 441 441 441 441 437 437 435 435 435 435 435 435 435 435 435 435 437 437 437 437 437 437 435 435 

M = 307:
311 311 311 311 311 311 311 311 311 311 311 311 311 311 311 311 311 311 311 311 306 306 306 305 305 305 305 305 305 306 306 306 306 306 306 306 306 306 306 306 306 306 306 306 305 305 305 305 305 305 312 312 307 307 307 312 312 307 307 312 312 307 307 312 312 307 307 307 307 312 312 307 307 312 312 307 307 312 312 307 307 312 312 312 312 307 307 307 307 307 307 307 307 312 312 312 312 312 312 312 312 

M = 267:
268 268 268 268 268 268 268 268 146 146 146 146 147 147 147 147 268 268 268 268 268 268 268 268 146 146 146 146 146 146 146 146 268 268 268 268 146 146 146 146 146 146 146 146 268 268 268 268 146 146 146 146 268 268 268 268 147 147 147 147 265 265 265 265 265 265 265 265 265 265 265 265 265 265 265 265 265 265 265 265 265 265 265 265 267 267 267 267 267 267 267 267 267 267 267 267 267 267 267 267 267 

M = 272:
272 272 272 272 272 276 276 272 272 272 272 272 272 272 272 275 275 272 272 

M = 130:
131 131 131 131 194 194 194 194 194 194 194 194 194 194 194 194 194 194 194 194 131 131 131 131 194 194 194 194 194 194 194 194 194 194 194 194 194 194 194 194 130 130 130 130 130 130 130 130 130 130 130 130 130 130 130 130 130 130 130 130 130 130 130 130 130 130 130 130 130 130 130 130 130 130 130 130 130 130 130 130 130 132 132 220 220 220 220 220 220 220 220 220 220 132 132 132 132 132 132 132 132 220 220 132 132 220 220 220 220 132 132 132 132 132 132 220 220 132 132 220 220 220 220 220 220 220 220 132 132 

M = 196:
242 242 242 242 242 242 242 242 242 242 242 242 242 242 242 242 242 242 242 242 242 242 242 242 239 239 196 196 196 196 196 196 196 196 196 196 196 196 196 196 196 196 196 196 196 239 239 239 239 196 196 196 196 196 196 

M = 125:
127 127 127 127 127 127 127 127 127 127 127 127 127 127 127 127 127 127 127 127 206 206 206 206 126 126 126 126 206 206 206 206 126 126 126 126 125 124 124 124 124 124 124 125 125 125 125 125 125 124 124 125 125 124 124 125 125 125 125 125 125 

M = 178:
180 180 180 180 180 180 180 180 180 180 180 180 180 180 180 180 177 177 177 178 178 178 178 178 178 178 178 177 177 177 177 177 177 178 178 178 177 177 177 177 177 177 178 178 178 177 177 177 177 177 177 178 178 178 178 178 178 178 178 178 178 178 178 178 178 178 178 178 178 177 177 177 178 178 178 178 178 178 178 178 178 177 177 177 178 178 178 177 177 177 177 177 177 177 177 177 

M = 281:
281 281 281 285 285 285 285 281 281 281 281 281 281 281 281 281 281 281 281 285 285 285 285 281 281 281 281 281 281 281 281 281 281 281 281 284 284 284 284 284 284 284 284 284 284 284 284 283 283 280 280 283 283 280 280 283 283 283 283 280 280 283 283 283 283 283 283 283 283 283 283 283 283 283 283 283 283 283 283 280 280 

M = 137:
137 137 137 137 137 137 137 137 137 137 137 141 141 141 142 142 142 141 141 141 141 141 141 137 137 137 137 137 137 141 141 141 137 137 137 141 141 141 137 137 137 137 137 137 137 137 137 136 136 140 140 136 136 136 136 139 139 136 136 136 136 140 140 136 136 136 136 140 140 136 136 136 136 139 139 136 136 139 139 136 136 139 139 140 140 136 136 140 140 140 140 136 136 140 140 136 136 136 136 136 136 140 140 136 136 136 136 140 140 139 139 140 140 

M = 251:
251 251 251 251 251 251 251 251 251 251 251 251 251 251 251 251 251 251 251 251 251 251 251 251 251 251 251 250 250 250 250 250 250 250 251 251 251 251 251 251 251 251 251 251 251 251 251 251 251 251 251 251 251 251 251 251 251 251 251 251 251 251 251 251 251 251 251 251 251 251 251 251 251 251 251 251 251 251 251 251 251 251 251 250 250 250 250 250 250 250 157 157 157 157 157 157 157 157 157 157 157 157 157 157 157 157 157 157 159 159 159 159 159 159 157 157 157 157 157 157 157 157 157 157 157 157 201 201 201 201 201 201 201 201 201 201 201 201 201 201 201 201 201 201 201 201 201 201 201 201 201 201 201 201 201 201 201 201 201 201 201 201 201 201 201 201 201 201 201 201 201 201 201 201 201 201 201 201 201 201 201 201 201 201 201 201 201 201 201 201 201 205 205 205 205 205 205 205 205 205 235 235 235 205 205 205 

M = 444:
359 359 359 359 359 359 359 444 444 444 444 444 444 444 444 444 444 444 444 444 444 444 444 444 444 444 444 444 444 444 444 444 444 444 444 444 444 444 444 444 444 444 356 356 356 356 356 356 356 356 356 356 356 356 356 356 356 358 358 358 358 358 358 358 358 358 358 358 358 443 443 443 443 443 443 443 443 443 443 443 443 443 443 443 424 424 365 365 424 424 424 424 363 363 424 424 445 445 445 445 445 445 424 424 

M = 249:
249 249 249 249 249 249 249 249 249 249 249 249 249 249 249 249 249 249 249 249 249 249 249 249 249 249 249 249 249 249 249 249 249 249 249 249 249 249 249 249 249 249 249 249 249 249 249 249 249 249 249 

M = 293:
293 293 293 293 293 293 293 293 293 293 293 293 293 293 293 293 293 293 293 293 293 293 293 293 293 293 293 293 293 293 293 293 293 293 293 293 293 293 293 293 293 293 293 293 293 293 293 293 293 293 293 293 293 293 293 293 293 293 293 293 293 293 293 293 293 293 293 293 293 293 293 293 293 293 293 293 289 289 289 289 289 289 289 289 289 289 289 289 289 289 289 289 290 290 290 290 290 290 

M = 326:
322 322 322 322 322 322 322 322 322 322 326 326 326 326 326 326 326 326 326 326 326 326 326 326 326 326 326 326 326 326 326 326 326 326 326 326 326 326 326 326 326 326 326 326 326 326 326 326 326 326 326 326 326 326 326 326 326 326 326 326 326 325 325 325 400 400 400 400 327 327 329 329 400 400 400 400 329 329 400 400 400 400 400 400 400 400 329 329 329 329 

M = 340:
341 341 341 377 377 377 377 339 339 340 421 421 339 339 339 339 339 339 377 377 339 339 377 377 336 336 421 421 340 340 377 377 336 336 377 377 339 339 339 339 339 339 

