M = 217:
219 219 219 219 219 219 217 217 217 217 217 217 217 217 217 217 217 217 217 217 217 217 217 217 217 217 217 217 217 216 216 216 216 216 216 216 216 216 216 216 216 216 216 216 216 216 216 216 216 

M = 318:
316 316 316 316 319 319 319 319 319 319 319 319 288 288 288 288 318 317 317 321 321 318 318 317 317 288 288 288 288 313 313 318 318 318 318 313 313 

M = 249:
248 248 248 248 248 249 249 249 249 249 249 249 249 249 249 249 249 249 249 249 249 249 249 249 249 249 249 249 249 249 249 249 249 249 249 249 249 249 249 249 249 249 249 249 249 249 249 249 249 249 249 249 249 249 249 249 197 197 197 197 197 197 197 197 197 197 197 197 197 197 197 239 239 

M = 140:
144 144 144 144 144 144 142 142 142 142 142 142 143 143 143 143 143 143 143 143 143 143 143 143 143 143 143 143 140 140 140 140 140 140 140 140 140 140 140 140 140 140 140 140 140 140 140 140 140 140 140 137 137 215 215 215 215 137 137 134 134 215 215 134 134 215 215 215 215 215 215 215 215 134 134 139 139 137 137 215 215 215 215 215 215 139 139 215 215 215 215 137 137 215 215 

M = 301:
301 301 301 301 301 301 301 301 301 301 301 301 301 301 301 301 301 301 301 301 301 301 301 301 301 301 301 301 301 301 301 301 301 301 301 301 301 301 301 301 301 301 301 301 301 301 301 301 301 301 301 

M = 326:
327 327 327 327 330 330 330 330 326 438 438 438 438 326 326 438 438 438 438 326 326 326 326 326 326 326 326 326 326 438 438 438 438 438 438 438 438 438 438 326 326 326 326 438 438 326 326 438 438 438 438 

M = 305:
303 303 303 303 305 305 305 305 305 305 305 305 305 305 305 305 305 305 305 305 305 305 305 305 305 305 305 305 305 305 305 303 303 303 303 305 305 305 305 303 303 303 303 303 303 303 303 303 303 303 303 303 303 303 303 303 303 303 303 303 303 303 303 305 305 305 305 305 305 305 305 305 305 305 305 305 305 305 305 305 305 305 305 305 305 305 305 305 305 305 305 305 305 305 305 305 305 305 305 

M = 307:
312 312 312 312 307 309 309 307 307 311 311 309 309 307 307 307 307 309 309 307 307 307 307 309 309 307 307 307 307 311 311 307 307 309 309 307 307 307 307 309 309 309 309 309 309 311 311 309 309 307 307 307 307 309 309 

M = 183:
177 177 177 177 181 181 181 262 262 262 183 178 178 229 229 183 183 178 178 178 178 229 229 178 178 261 261 229 229 183 183 229 229 229 229 183 183 178 178 229 229 228 228 183 183 261 261 178 178 178 178 226 226 261 261 178 178 183 183 261 261 183 183 183 183 261 261 178 178 229 229 178 178 229 229 229 229 229 229 261 261 178 178 261 261 261 261 178 178 178 178 261 261 178 178 261 261 261 261 178 178 261 261 261 261 183 183 261 261 261 261 261 261 183 183 261 261 228 228 178 178 229 229 

M = 123:
119 119 119 119 119 119 119 119 120 120 120 120 120 120 120 127 127 127 127 127 127 127 127 127 127 127 127 124 124 124 124 124 124 124 124 124 124 124 124 124 124 124 124 124 124 124 124 124 124 124 124 125 125 123 123 123 123 123 123 123 123 123 123 123 123 123 123 123 123 123 123 123 123 123 123 123 123 123 132 132 123 123 123 123 

M = 267:
146 146 146 146 146 146 146 146 146 146 146 146 146 146 146 146 146 146 146 146 146 146 146 146 146 146 146 146 146 146 146 146 146 146 146 146 146 146 146 146 146 146 146 146 146 266 266 266 266 266 266 266 266 268 268 268 268 268 268 268 267 267 267 267 267 267 267 267 267 267 267 267 267 267 271 271 271 271 271 267 267 267 267 267 267 267 267 267 267 267 267 267 267 267 269 269 269 269 269 267 267 267 267 267 

M = 324:
323 323 323 323 323 322 322 322 324 324 322 322 322 322 322 322 324 324 324 324 324 324 

M = 208:
206 206 206 206 206 199 199 199 199 208 208 208 208 208 208 208 126 126 126 126 126 126 126 126 208 208 208 208 126 126 126 126 208 208 208 208 208 208 208 208 126 126 126 126 199 199 199 199 208 208 208 208 208 208 208 208 208 208 208 208 207 207 

M = 194:
194 194 194 194 194 242 242 242 242 242 242 191 191 191 191 191 191 245 245 245 245 245 245 194 194 194 194 194 194 242 242 242 242 242 242 194 194 194 194 194 194 242 242 242 242 242 242 242 242 242 242 242 242 245 245 245 245 245 245 191 191 191 191 191 191 194 194 194 194 194 194 242 242 242 242 242 242 194 194 194 194 194 194 191 191 191 191 191 191 194 194 194 194 194 194 240 240 240 240 240 190 190 190 190 190 190 190 190 190 190 190 190 190 190 190 196 196 196 196 196 196 196 196 196 196 196 196 196 196 196 196 193 193 193 193 196 196 196 196 196 196 196 196 196 196 196 196 196 196 196 196 241 241 241 241 241 241 241 241 241 241 241 241 241 241 241 241 241 241 241 241 241 130 130 130 130 130 130 130 130 130 130 130 130 130 130 

M = 274:
274 274 274 274 274 274 274 274 274 274 274 274 274 274 275 275 275 274 274 274 274 274 274 273 273 273 273 276 276 273 273 273 273 273 273 273 273 273 273 

M = 251:
159 159 159 159 159 159 159 159 159 159 204 204 204 204 237 237 237 237 204 204 204 204 204 204 204 204 204 204 204 204 204 204 204 204 204 204 204 204 161 161 161 161 250 250 250 250 204 204 204 204 204 204 204 204 204 204 204 204 251 251 251 251 251 251 251 158 158 158 158 158 158 251 251 251 251 251 251 251 251 251 251 251 251 158 158 251 251 251 251 158 158 251 251 251 251 251 251 251 251 158 158 251 251 

M = 297:
299 299 297 299 299 294 294 294 294 299 299 294 294 297 297 297 297 299 299 294 294 294 294 299 299 299 299 297 297 297 297 294 294 294 294 297 297 299 299 297 297 299 299 299 299 299 299 

M = 284:
284 284 284 284 284 284 284 284 284 284 284 284 284 284 284 283 283 283 283 283 283 356 356 356 281 281 281 281 281 281 281 281 281 283 283 283 356 356 356 281 281 281 356 356 356 281 281 281 356 356 356 283 283 283 283 283 283 281 281 281 281 281 281 283 283 283 356 356 356 356 356 356 356 356 356 281 281 281 283 283 283 283 283 283 281 281 281 356 356 356 359 359 279 279 290 290 287 287 290 290 280 280 290 290 359 359 290 290 287 287 359 359 287 287 279 279 359 359 359 359 359 359 359 359 290 290 279 279 287 287 359 359 285 285 279 279 359 359 287 287 290 290 290 290 359 359 359 359 

M = 165:
165 165 165 165 165 165 165 165 165 165 165 165 165 165 165 165 165 165 165 165 165 165 165 165 165 165 165 165 165 165 165 165 165 165 165 165 165 165 165 165 165 165 165 165 165 165 165 165 165 165 165 165 165 165 165 165 165 165 165 165 165 165 165 165 165 165 165 165 165 169 169 169 169 169 169 164 164 164 164 164 164 164 164 164 164 164 164 169 169 169 169 169 169 164 164 164 164 164 164 164 164 164 164 164 164 164 164 164 164 164 164 164 164 164 164 164 164 167 167 167 167 167 167 167 167 167 167 167 167 167 167 167 167 167 167 167 167 167 167 167 167 167 167 167 167 167 167 167 167 167 167 167 167 167 167 167 167 167 167 167 167 167 167 167 167 163 163 163 163 163 163 163 163 163 163 163 163 162 162 162 162 162 162 162 162 162 162 162 162 162 162 

M = 418:
419 419 419 419 419 419 419 419 400 400 400 400 419 419 419 419 419 419 419 419 400 400 400 400 419 419 419 419 400 400 400 400 419 419 419 419 419 419 419 419 419 419 419 419 418 418 418 418 418 428 428 428 418 418 418 403 403 403 403 403 403 403 403 403 421 421 421 403 403 403 403 403 403 403 403 403 418 418 418 428 428 428 418 418 418 428 428 428 424 424 424 403 403 403 418 418 418 398 398 398 403 403 403 418 418 418 418 418 418 403 403 403 418 418 418 428 428 428 428 428 428 418 418 418 403 403 403 418 418 418 428 428 428 418 418 418 428 428 428 418 418 418 403 403 403 428 428 428 403 403 403 418 418 418 396 396 401 401 377 377 401 401 401 401 396 396 396 396 396 396 396 396 377 377 401 401 401 401 396 396 401 401 401 401 396 396 396 396 

