242mGLY: 04,06,08,09,13,24,26,28,29|9|4.6354
242mALA: 04,06,08,09,13,24,26,28,29|9|6.1911
242mVAL: 04,06,08,09,13,24,26,28,29|9|3.5355
242mTHR: 04,06,08,09,13,24,26,28,29|9|4.9243
242mILE: 04,06,08,09,13,24,26,28,29|9|2.5042
242mHIS: 04,06,08,09,13,24,26,28,29|9|4.4517
242mLYS: 04,06,08,09,13,24,26,28,29|9|6.0668
242mASN: 04,06,08,09,13,24,26,28,29|9|2.9675
164mTHR: 04,06,08,09,13,26,28|7|8.1853
164mILE: 04,06,08,09,13,26,28|7|4.7201
164mGLU: 04,06,08,09,13,26,28|7|8.1731
165mARG: 04,06,08,09,13,26,28|7|2.4998
164mMET: 04,06,08,09,13,26,28|7|3.4958
165mLYS: 04,06,08,09,13,26,28|7|6.3776
165mTHR: 04,06,08,09,13,26,28|7|5.0394
165mGLU: 04,06,08,09,13,26,28|7|6.4674
164mLYS: 04,06,08,09,13,26,28|7|8.615
164mGLY: 04,06,08,09,13,26,28|7|8.9688
165mHIS: 04,06,08,09,13,26,28|7|5.7837
165mSER: 04,06,08,09,13,26,28|7|4.6762
164mVAL: 04,06,08,09,13,26,28|7|3.6812
243mGLU: 06,09,13,24,26,28,29|7|2.1976
169mGLY: 06,08,09,24,26,28,29|7|1.7927
164mLEU: 04,06,08,09,13,26,28|7|3.594
165mLEU: 04,06,08,09,13,26,28|7|4.0853
165mASP: 04,06,08,09,13,26,28|7|7.1239
165mILE: 04,06,08,09,13,26,28|7|4.4738
165mGLN: 04,06,08,09,13,26,28|7|3.6088
164mHIS: 04,06,08,09,13,26,28|7|5.9055
165mGLY: 04,06,08,09,13,26,28|7|6.2719
164mALA: 04,06,08,09,13,26,28|7|8.3726
165mMET: 04,06,08,09,13,26,28|7|3.1175
164mGLN: 04,06,08,09,13,26,28|7|5.198
164mASN: 04,06,08,09,13,26,28|7|6.243
165mALA: 04,06,08,09,13,26,28|7|8.1198
164mSER: 04,06,08,09,13,26,28|7|7.2066
440mGLU: 00,08,11,14,21,26|6|6.0412
440mLYS: 00,08,11,14,21,26|6|5.6463
194mTHR: 06,09,24,26,28,29|6|3.7119
440mTHR: 00,08,11,14,21,26|6|5.2933
193mGLU: 06,09,23,24,28,29|6|2.5839
194mASP: 06,09,24,26,28,29|6|4.6549
167mSER: 04,06,08,09,26,28|6|2.1196
167mHIS: 04,06,08,09,26,28|6|1.989
194mCYS: 06,09,24,26,28,29|6|9.5203
190mGLU: 06,08,09,24,26,28|6|2.7809
191mGLU: 06,09,24,26,28,29|6|4.1646
440mSER: 00,08,11,14,21,26|6|4.5896
440mASN: 00,08,11,14,21,26|6|5.7008
167mGLU: 04,06,08,09,26,28|6|1.782
193mGLY: 06,09,23,24,28,29|6|2.093
191mTHR: 06,09,24,26,28,29|6|2.7381
194mHIS: 06,09,24,26,28,29|6|2.9882
244mTHR: 09,23,24,25,28,29|6|1.2395
167mLYS: 04,06,08,09,26,28|6|1.6675
194mILE: 06,09,24,26,28,29|6|1.921
191mASP: 06,09,24,26,28,29|6|3.8277
194mGLU: 06,09,24,26,28,29|6|4.5161
440mALA: 00,08,11,14,21,26|6|2.8713
167mGLN: 04,06,08,09,26,28|6|1.0628
240mLYS: 04,09,24,26,28,29|6|1.5417
440mILE: 00,08,11,14,21,26|6|1.3646
167mASP: 04,06,08,09,26,28|6|1.665
440mGLY: 00,08,11,14,21,26|6|5.2616
167mTHR: 04,06,08,09,26,28|6|1.1093
194mLYS: 06,09,24,26,28,29|6|5.3297
194mGLY: 06,09,24,26,28,29|6|3.378
193mASN: 06,09,23,24,28,29|6|2.0999
194mALA: 06,09,24,26,28,29|6|4.9334
167mGLY: 04,06,08,09,26,28|6|2.6926
440mGLN: 00,08,11,14,21,26|6|2.6968
191mGLY: 06,09,24,26,28,29|6|2.1412
284mSER: 06,08,09,20,22|5|1.5524
362mGLY: 00,08,09,11,26|5|2.3468
179mGLU: 01,02,05,12,18|5|1.7337
262mGLU: 01,02,05,17,18|5|1.6267
284mALA: 06,08,09,20,22|5|2.3164
362mALA: 00,08,09,11,26|5|2.231
297mGLU: 06,08,09,15,21|5|2.2969
241mCYS: 09,23,24,28,29|5|3.4851
179mASP: 01,02,05,12,18|5|1.7319
362mLYS: 00,08,09,11,26|5|2.7019
136mASP: 07,16,17,23,29|5|1.3732
136mTHR: 07,16,17,23,29|5|1.9532
241mALA: 09,23,24,28,29|5|1.3977
284mGLY: 06,08,09,20,22|5|2.1606
362mSER: 00,08,09,11,26|5|1.8093
162mGLU: 04,08,13,26,28|5|1.2415
284mILE: 06,08,09,20,22|5|1.9692
284mVAL: 06,08,09,20,22|5|1.7211
362mTHR: 00,08,09,11,26|5|2.1519
262mLYS: 01,02,05,17,18|5|1.7584
284mLEU: 06,08,09,20,22|5|2.2499
247mCYS: 04,09,13,26|4|3.901
178mVAL: 01,05,17,18|4|2.0088
127mCYS: 07,16,23,25|4|3.3763
122mALA: 12,16,17,18|4|1.774
288mCYS: 03,20,22,27|4|7.723
288mHIS: 03,20,22,27|4|1.282
288mVAL: 03,20,22,27|4|1.838
127mGLY: 07,16,23,25|4|1.6548
178mLYS: 01,05,17,18|4|3.9149
126mASP: 07,16,23,25|4|3.3848
438mTHR: 00,08,11,26|4|2.9764
323mCYS: 03,21,22,27|4|5.0581
245mGLU: 13,23,25,26|4|1.4752
122mGLN: 12,16,17,18|4|1.0767
438mGLU: 00,08,11,26|4|3.9355
281mTHR: 06,08,09,15|4|1.4424
178mGLY: 01,05,17,18|4|3.0534
181mLYS: 02,05,12,18|4|1.6507
291mHIS: 03,20,22,27|4|1.0983
172mHIS: 06,08,09,26|4|1.366
438mASN: 00,08,11,26|4|3.0328
146mGLY: 01,12,17,18|4|4.7077
288mALA: 03,20,22,27|4|2.5605
280mGLU: 06,08,09,22|4|1.0705
122mTHR: 12,16,17,18|4|1.5022
147mLYS: 01,12,17,18|4|2.5449
178mPRO: 01,05,17,18|4|2.7257
146mLYS: 01,12,17,18|4|3.3971
122mSER: 12,16,17,18|4|1.2338
122mASP: 12,16,17,18|4|1.4011
286mGLY: 03,20,22,27|4|1.2646
127mGLU: 07,16,23,25|4|1.6885
245mASP: 13,23,25,26|4|1.767
172mMET: 06,08,09,26|4|1.0779
122mASN: 12,16,17,18|4|1.3952
181mASP: 02,05,12,18|4|3.5787
146mTHR: 01,12,17,18|4|1.893
288mPRO: 03,20,22,27|4|1.4245
126mGLY: 07,16,23,25|4|2.7751
122mGLY: 12,16,17,18|4|1.7626
283mASP: 03,20,22,27|4|3.1192
181mGLU: 02,05,12,18|4|1.8873
288mASP: 03,20,22,27|4|2.16
178mGLU: 01,05,17,18|4|4.1311
283mGLY: 03,20,22,27|4|3.3164
178mASP: 01,05,17,18|4|4.388
122mMET: 12,16,17,18|4|1.1923
122mLYS: 12,16,17,18|4|1.6616
178mCYS: 01,05,17,18|4|4.8773
400mTHR: 03,20,22,27|4|1.2831
147mCYS: 01,12,17,18|4|4.4203
421mGLY: 03,20,22,27|4|1.4824
181mTHR: 02,05,12,18|4|2.3388
122mVAL: 12,16,17,18|4|1.617
126mALA: 07,16,23,25|4|3.3437
146mHIS: 01,12,17,18|4|2.9974
178mTHR: 01,05,17,18|4|3.0101
217mLYS: 06,24,28,29|4|2.7771
283mSER: 03,20,22,27|4|2.2432
400mGLU: 03,20,22,27|4|1.3972
127mLYS: 07,16,23,25|4|2.2661
146mLEU: 01,12,17,18|4|2.1906
126mLYS: 07,16,23,25|4|2.0566
146mGLN: 01,12,17,18|4|1.2321
122mGLU: 12,16,17,18|4|1.808
146mGLU: 01,12,17,18|4|3.6516
281mGLU: 06,08,09,15|4|2.5314
181mGLY: 02,05,12,18|4|1.938
144mGLY: 01,12,17,18|4|1.1844
400mASN: 03,20,22,27|4|1.2844
146mCYS: 01,12,17,18|4|4.5718
126mTHR: 07,16,23,25|4|1.477
178mHIS: 01,05,17,18|4|1.9443
146mSER: 01,12,17,18|4|3.9791
438mGLY: 00,08,11,26|4|2.8129
178mASN: 01,05,17,18|4|3.184
178mALA: 01,05,17,18|4|2.1427
146mALA: 01,12,17,18|4|5.0955
178mILE: 01,05,17,18|4|1.1623
288mLYS: 03,20,22,27|4|2.4775
122mILE: 12,16,17,18|4|1.0121
131mASP: 07,16,23,25|4|1.2048
122mHIS: 12,16,17,18|4|2.1917
146mVAL: 01,12,17,18|4|1.7313
146mMET: 01,12,17,18|4|1.6141
438mLYS: 00,08,11,26|4|4.1272
126mGLU: 07,16,23,25|4|2.7251
281mASP: 06,08,09,15|4|1.8211
147mGLU: 01,12,17,18|4|1.8148
250mALA: 04,10,13,25|4|1.2858
288mGLU: 03,20,22,27|4|1.795
283mTHR: 03,20,22,27|4|2.3676
146mASP: 01,12,17,18|4|4.3289
283mALA: 03,20,22,27|4|3.4146
126mCYS: 07,16,23,25|4|4.3453
320mCYS: 03,20,22,27|4|5.9827
217mASP: 06,24,28,29|4|2.885
127mASP: 07,16,23,25|4|2.6658
123mLYS: 07,16,23|3|2.2642
444mLYS: 00,08,24|3|1.0291
419mASP: 03,22,27|3|2.0996
324mCYS: 03,22,27|3|9.3334
293mHIS: 08,15,21|3|2.1391
251mGLY: 04,10,13|3|2.3985
327mHIS: 03,19,27|3|1.0316
259mALA: 02,05,10|3|1.3758
293mGLY: 08,15,21|3|2.6171
268mGLU: 01,12,17|3|1.3824
123mGLU: 07,16,23|3|2.1485
293mGLU: 08,15,21|3|3.5713
251mALA: 04,10,13|3|3.575
163mALA: 04,08,13|3|1.2962
265mCYS: 01,17,18|3|3.5521
249mHIS: 04,13,26|3|1.9992
163mASP: 04,08,13|3|1.2543
324mPRO: 03,22,27|3|1.7542
249mLYS: 04,13,26|3|3.4613
278mGLU: 08,09,15|3|1.8585
251mASN: 04,10,13|3|1.825
324mVAL: 03,22,27|3|2.3714
293mLYS: 08,15,21|3|3.1031
133mGLY: 16,23,29|3|1.3063
329mALA: 14,19,21|3|1.0766
293mASN: 08,15,21|3|2.897
133mPRO: 16,23,29|3|1.1513
435mASN: 00,08,11|3|1.7583
267mILE: 01,17,18|3|1.0763
259mASP: 02,05,10|3|2.266
310mASP: 20,22,27|3|1.7888
317mCYS: 20,22,27|3|3.1561
249mPRO: 04,13,26|3|2.2992
293mGLN: 08,15,21|3|1.5951
141mSER: 12,17,18|3|1.0529
324mHIS: 03,22,27|3|1.2946
444mGLU: 00,08,24|3|1.2156
259mCYS: 02,05,10|3|1.8524
251mSER: 04,10,13|3|1.6936
324mLYS: 03,22,27|3|3.4046
249mASN: 04,13,26|3|1.8543
123mASN: 07,16,23|3|1.4449
163mGLU: 04,08,13|3|1.3143
267mLYS: 01,17,18|3|2.1176
251mASP: 04,10,13|3|3.5026
419mTHR: 03,22,27|3|1.4408
251mHIS: 04,10,13|3|1.7575
251mPRO: 04,10,13|3|2.041
249mSER: 04,13,26|3|1.2622
251mGLU: 04,10,13|3|3.3176
324mGLY: 03,22,27|3|1.252
311mASP: 15,20,21|3|1.1211
324mILE: 03,22,27|3|1.257
133mLYS: 16,23,29|3|1.8102
133mASP: 16,23,29|3|2.1173
251mLYS: 04,10,13|3|3.5275
249mVAL: 04,13,26|3|2.5854
141mMET: 12,17,18|3|1.405
435mGLY: 00,08,11|3|2.0527
249mTHR: 04,13,26|3|2.1366
267mALA: 01,17,18|3|1.583
279mCYS: 20,22,27|3|2.3034
251mTHR: 04,10,13|3|2.6677
293mTHR: 08,15,21|3|2.8937
324mASP: 03,22,27|3|2.762
324mTHR: 03,22,27|3|1.5712
267mSER: 01,17,18|3|1.4192
428mASN: 03,20,22|3|1.542
435mSER: 00,08,11|3|1.4594
251mVAL: 04,10,13|3|2.0226
249mCYS: 04,13,26|3|7.3119
293mALA: 08,15,21|3|2.1015
435mTHR: 00,08,11|3|1.9226
329mGLU: 14,19,21|3|1.0947
251mILE: 04,10,13|3|1.9906
123mTHR: 07,16,23|3|1.7396
249mASP: 04,13,26|3|3.4368
133mGLU: 16,23,29|3|1.7807
133mCYS: 16,23,29|3|2.0693
267mGLY: 01,17,18|3|1.8079
259mTHR: 02,05,10|3|1.3512
419mGLY: 03,22,27|3|1.6243
268mASP: 01,12,17|3|1.3254
249mGLY: 04,13,26|3|2.1743
141mGLU: 12,17,18|3|1.2798
293mVAL: 08,15,21|3|1.7381
293mSER: 08,15,21|3|2.0653
330mGLY: 03,19,27|3|1.204
259mGLU: 02,05,10|3|1.9457
428mLYS: 03,20,22|3|1.3152
141mGLY: 12,17,18|3|1.2961
251mARG: 04,10,13|3|1.0265
251mGLN: 04,10,13|3|1.4021
444mGLY: 00,08,24|3|1.0586
141mTHR: 12,17,18|3|1.1338
428mTHR: 03,20,22|3|1.2557
444mASP: 00,08,24|3|1.2814
317mALA: 20,22,27|3|1.0771
310mGLU: 20,22,27|3|1.3108
267mCYS: 01,17,18|3|2.2773
293mILE: 08,15,21|3|1.3074
293mASP: 08,15,21|3|2.5913
251mCYS: 04,10,13|3|6.3226
428mGLU: 03,20,22|3|1.9394
141mALA: 12,17,18|3|1.1055
324mGLU: 03,22,27|3|2.9836
141mHIS: 12,17,18|3|1.4861
419mSER: 03,22,27|3|1.4013
128mCYS: 07,23,25|3|2.5868
123mASP: 07,16,23|3|2.1662
419mGLU: 03,22,27|3|2.0073
249mGLN: 04,13,26|3|1.219
435mGLU: 00,08,11|3|2.0973
324mALA: 03,22,27|3|3.377
133mTHR: 16,23,29|3|1.2746
249mGLU: 04,13,26|3|3.2975
278mCYS: 08,09,15|3|1.3557
