124 127 
127 134 
123 127 
127 197 
127 196 
127 130 
201 206 
123 124 
122 124 
244 245 
245 248 
196 245 
243 245 
242 245 
197 250 
250 251 
248 250 
158 250 
134 136 
123 136 
136 139 
123 134 
134 139 
130 134 
196 244 
243 244 
242 244 
122 123 
123 139 
197 248 
196 197 
130 197 
283 284 
279 284 
280 284 
284 286 
277 284 
284 356 
248 251 
158 251 
201 251 
279 283 
280 283 
283 286 
277 283 
196 248 
242 248 
139 142 
130 196 
196 242 
258 259 
230 258 
279 280 
273 279 
277 279 
242 243 
280 286 
273 280 
277 280 
286 356 
286 396 
182 230 
273 277 
146 264 
264 266 
142 146 
146 266 
145 146 
142 145 
230 259 
