362 364 365 
361 362 365 
355 362 445 
355 362 444 
355 361 362 
362 444 445 
361 362 445 
361 362 444 
361 362 364 
435 437 438 
361 364 365 
364 365 369 
364 365 368 
365 368 369 
355 356 445 
355 356 444 
355 356 361 
355 356 428 
355 430 445 
355 430 444 
355 361 430 
355 428 430 
355 444 445 
355 361 445 
355 428 445 
355 361 444 
355 428 444 
356 444 445 
356 361 445 
356 428 445 
356 361 444 
356 428 444 
430 444 445 
361 430 445 
428 430 445 
398 430 445 
361 430 444 
428 430 444 
398 428 430 
361 444 445 
428 444 445 
398 428 445 
364 368 369 
