345mASN: 04,06,08|3|2.2021
345mTHR: 04,06,08|3|2.3367
345mGLY: 04,06,08|3|2.0989
411mGLU: 04,06,14|3|1.453
411mCYS: 04,06,14|3|2.065
408mALA: 04,06,08|3|2.742
411mALA: 04,06,14|3|2.2617
411mLEU: 04,06,14|3|1.1171
411mGLY: 04,06,14|3|1.5774
436mASP: 02,06,14|3|1.2716
411mLYS: 04,06,14|3|1.2855
411mSER: 04,06,14|3|1.4894
411mASP: 04,06,14|3|1.4083
345mGLU: 04,06,08|3|1.9744
345mSER: 04,06,08|3|1.6079
388mLYS: 02,14|2|1.4783
388mCYS: 02,14|2|2.5153
441mVAL: 02,14|2|1.1974
391mASP: 06,14|2|1.0024
339mASN: 06,08|2|1.7793
343mGLY: 04,08|2|1.3103
344mCYS: 04,08|2|1.3349
441mSER: 02,14|2|1.1342
438mLYS: 02,14|2|2.3667
346mGLU: 04,08|2|1.0671
388mGLU: 02,14|2|1.4902
441mHIS: 02,14|2|1.1465
441mALA: 02,14|2|1.6358
388mGLY: 02,14|2|1.776
388mSER: 02,14|2|1.3947
339mLYS: 06,08|2|1.6691
339mGLY: 06,08|2|2.4427
438mTHR: 02,14|2|1.7343
343mLYS: 04,08|2|1.5928
339mSER: 06,08|2|2.5755
343mCYS: 04,08|2|2.8575
339mVAL: 06,08|2|1.0928
339mASP: 06,08|2|2.0014
388mASP: 02,14|2|2.1367
438mGLU: 02,14|2|1.0198
441mGLY: 02,14|2|1.513
343mALA: 04,08|2|2.8165
339mHIS: 06,08|2|2.7226
438mALA: 02,14|2|2.0355
339mGLU: 06,08|2|3.056
339mALA: 06,08|2|1.8119
339mTHR: 06,08|2|2.5719
339mLEU: 06,08|2|1.696
339mMET: 06,08|2|1.8932
339mTYR: 06,08|2|1.3447
388mALA: 02,14|2|2.1142
339mGLN: 06,08|2|1.3952
438mGLY: 02,14|2|1.083
441mLYS: 02,14|2|1.31
377mALA: 08|1|1.0246
365mCYS: 14|1|1.3033
439mCYS: 02|1|1.0916
