406mGLY: 05,14,18,20,22,24|6|1.6481
345mGLU: 02,14,18,23,24|5|1.9841
391mASN: 05,18,25,28|4|1.3086
391mGLY: 05,18,25,28|4|1.3426
370mLYS: 02,23,24,25|4|2.3354
370mALA: 02,23,24,25|4|1.0184
391mMET: 05,18,25,28|4|1.5205
452mTHR: 02,23,24,25|4|1.2754
391mTHR: 05,18,25,28|4|1.3813
391mHIS: 05,18,25,28|4|1.8515
347mALA: 02,23,24,25|4|1.0174
391mVAL: 05,18,25,28|4|1.0208
391mSER: 05,18,25,28|4|1.3977
370mTHR: 02,23,24,25|4|1.9654
366mHIS: 23,25,28|3|1.3363
346mGLY: 02,23,24|3|1.2073
366mTHR: 23,25,28|3|1.0052
366mMET: 23,25,28|3|1.0737
346mGLU: 02,23,24|3|1.5634
344mTHR: 02,20,23|3|1.4794
344mGLU: 02,20,23|3|1.4759
438mTHR: 11,25,28|3|1.1685
438mSER: 11,25,28|3|1.5488
366mASN: 23,25,28|3|1.1954
438mGLU: 11,25,28|3|1.3404
344mGLY: 02,20,23|3|1.4332
346mTHR: 02,23,24|3|1.166
346mSER: 02,23,24|3|1.3041
438mHIS: 11,25,28|3|1.0869
438mASN: 11,25,28|3|1.1046
344mSER: 02,20,23|3|1.2047
438mGLY: 11,25,28|3|1.0341
366mGLY: 23,25,28|3|1.1435
366mGLU: 23,25,28|3|1.0878
366mSER: 23,25,28|3|1.1796
342mLYS: 18,24|2|1.9323
342mTHR: 18,24|2|1.473
342mASP: 18,24|2|2.7712
342mALA: 18,24|2|1.1891
342mCYS: 18,24|2|1.4819
342mASN: 18,24|2|1.8516
342mGLY: 18,24|2|1.8402
342mGLU: 18,24|2|1.9176
342mSER: 18,24|2|1.2383
