319mSER: 02,10,12,13,19,23,24|7|1.8636
319mGLY: 02,10,12,13,19,23,24|7|2.4863
316mTHR: 02,03,12,13,19,23,24|7|2.3077
288mGLU: 02,03,12,13,19,23,25|7|1.5248
283mHIS: 02,03,12,19,23,24|6|1.6638
283mGLY: 02,03,12,19,23,24|6|2.8135
438mTHR: 08,09,10,15,25,29|6|3.4655
439mGLU: 08,09,10,15,25,29|6|1.3133
180mGLY: 00,04,06,07,11,27|6|4.3406
297mGLY: 09,10,15,18,25,29|6|1.841
180mSER: 00,04,06,07,11,27|6|3.5358
180mALA: 00,04,06,07,11,27|6|7.1322
438mSER: 08,09,10,15,25,29|6|2.537
180mGLU: 00,04,06,07,11,27|6|3.6101
284mTHR: 03,12,15,18,19,23|6|1.1679
313mALA: 02,03,12,19,23,24|6|1.6766
284mGLU: 03,12,15,18,19,23|6|1.6083
438mGLU: 08,09,10,15,25,29|6|3.3707
438mALA: 08,09,10,15,25,29|6|2.6224
401mTHR: 02,13,14,19,24|5|2.2366
293mGLY: 09,10,15,25,29|5|2.046
291mCYS: 02,03,12,19,23|5|2.2572
356mGLY: 03,12,15,18,29|5|1.0575
356mGLN: 03,12,15,18,29|5|1.1006
291mLEU: 02,03,12,19,23|5|1.375
401mGLY: 02,13,14,19,24|5|1.9332
441mLYS: 09,10,15,25,29|5|3.578
401mVAL: 02,13,14,19,24|5|1.4542
401mASN: 02,13,14,19,24|5|1.2915
440mPRO: 09,10,15,25,29|5|2.749
440mTHR: 09,10,15,25,29|5|4.6081
441mSER: 09,10,15,25,29|5|2.1158
441mALA: 09,10,15,25,29|5|4.6524
293mGLU: 09,10,15,25,29|5|3.1067
293mMET: 09,10,15,25,29|5|1.5921
120mGLY: 00,04,06,11,27|5|1.3463
419mTHR: 02,13,14,19,24|5|2.2873
441mTHR: 09,10,15,25,29|5|2.4071
293mLEU: 09,10,15,25,29|5|2.6523
356mGLU: 03,12,15,18,29|5|1.1654
379mGLY: 02,13,14,17,24|5|2.2443
440mILE: 09,10,15,25,29|5|2.7191
440mGLY: 09,10,15,25,29|5|3.6198
356mTHR: 03,12,15,18,29|5|1.3377
440mSER: 09,10,15,25,29|5|2.2544
291mTHR: 02,03,12,19,23|5|1.4484
293mTHR: 09,10,15,25,29|5|2.9461
293mSER: 09,10,15,25,29|5|1.6164
293mALA: 09,10,15,25,29|5|2.5846
401mALA: 02,13,14,19,24|5|3.2603
293mVAL: 09,10,15,25,29|5|1.5539
440mVAL: 09,10,15,25,29|5|3.4029
441mILE: 09,10,15,25,29|5|1.6277
356mHIS: 03,12,15,18,29|5|1.4938
356mSER: 03,12,15,18,29|5|1.3714
401mLYS: 02,13,14,19,24|5|2.2239
356mASN: 03,12,15,18,29|5|1.1543
441mGLU: 09,10,15,25,29|5|2.0144
440mGLN: 09,10,15,25,29|5|1.8183
379mALA: 02,13,14,17,24|5|2.6112
440mASN: 09,10,15,25,29|5|2.9697
440mALA: 09,10,15,25,29|5|4.9229
401mILE: 02,13,14,19,24|5|1.3967
296mGLU: 09,10,25,29|4|1.9585
377mTHR: 02,13,14,24|4|1.9583
377mSER: 02,13,14,24|4|1.8072
147mTHR: 04,06,11,27|4|2.1111
265mVAL: 04,06,11,27|4|3.1328
265mALA: 04,06,11,27|4|4.1558
377mGLU: 02,13,14,24|4|2.2196
265mCYS: 04,06,11,27|4|1.279
403mLYS: 02,13,14,24|4|2.2809
296mTHR: 09,10,25,29|4|1.4224
312mASP: 03,12,19,23|4|1.8817
178mLEU: 00,04,06,27|4|1.0699
147mVAL: 04,06,11,27|4|1.4761
146mGLY: 04,06,11,27|4|1.2818
403mILE: 02,13,14,24|4|1.3944
428mGLU: 02,03,12,23|4|1.3512
296mGLY: 09,10,25,29|4|1.4911
403mCYS: 02,13,14,24|4|2.4788
312mCYS: 03,12,19,23|4|5.9292
146mTHR: 04,06,11,27|4|1.8113
265mGLU: 04,06,11,27|4|1.416
296mSER: 09,10,25,29|4|1.1599
178mGLU: 00,04,06,27|4|1.422
147mGLY: 04,06,11,27|4|1.6798
428mCYS: 02,03,12,23|4|1.7944
279mHIS: 02,12,23,24|4|1.0144
403mGLU: 02,13,14,24|4|2.6288
265mTHR: 04,06,11,27|4|2.8065
403mASN: 02,13,14,24|4|1.0334
178mTHR: 00,04,06,27|4|1.2612
312mGLU: 03,12,19,23|4|1.9048
377mLEU: 02,13,14,24|4|1.8922
403mTHR: 02,13,14,24|4|2.8037
178mALA: 00,04,06,27|4|1.6787
146mVAL: 04,06,11,27|4|1.3325
377mGLY: 02,13,14,24|4|2.2805
265mLEU: 04,06,11,27|4|1.7248
428mLEU: 02,03,12,23|4|1.0505
296mHIS: 09,10,25,29|4|1.1547
377mALA: 02,13,14,24|4|3.28
403mGLY: 02,13,14,24|4|2.2301
147mALA: 04,06,11,27|4|3.4458
312mALA: 03,12,19,23|4|2.3662
282mALA: 02,19,24|3|1.1948
268mILE: 04,11,27|3|1.8878
182mLEU: 00,04,07|3|2.4272
273mGLY: 12,19,23|3|1.8914
182mGLU: 00,04,07|3|2.8489
268mGLU: 04,11,27|3|2.6664
282mVAL: 02,19,24|3|1.197
273mALA: 12,19,23|3|1.6808
268mMET: 04,11,27|3|1.3767
322mMET: 02,10,25|3|1.2364
268mASN: 04,11,27|3|1.1315
182mTHR: 00,04,07|3|2.4154
268mALA: 04,11,27|3|2.055
121mALA: 06,11,27|3|2.3746
266mMET: 04,11,27|3|1.0384
268mGLN: 04,11,27|3|1.7901
266mTHR: 04,11,27|3|1.5615
290mLEU: 15,25,29|3|1.1078
262mALA: 00,06,07|3|1.2281
282mGLY: 02,19,24|3|1.1842
268mCYS: 04,11,27|3|3.2126
290mASP: 15,25,29|3|1.0684
273mLYS: 12,19,23|3|1.0462
273mMET: 12,19,23|3|2.1285
261mGLU: 00,07,23|3|1.7696
268mPHE: 04,11,27|3|1.8157
282mTHR: 02,19,24|3|1.2511
308mCYS: 12,19,23|3|3.544
322mHIS: 02,10,25|3|1.4104
119mGLU: 00,04,06|3|2.2523
261mMET: 00,07,23|3|1.061
322mGLY: 02,10,25|3|1.2828
121mCYS: 06,11,27|3|2.1052
261mGLY: 00,07,23|3|1.0152
266mGLU: 04,11,27|3|1.1662
142mGLU: 06,11,27|3|1.0097
273mTHR: 12,19,23|3|1.5143
268mVAL: 04,11,27|3|1.5857
268mSER: 04,11,27|3|1.1524
268mLEU: 04,11,27|3|2.1027
182mCYS: 00,04,07|3|2.9494
266mVAL: 04,11,27|3|1.0225
182mALA: 00,04,07|3|1.944
273mGLU: 12,19,23|3|1.6853
268mTHR: 04,11,27|3|2.2509
261mLEU: 00,07,23|3|1.3646
273mLEU: 12,19,23|3|1.2346
322mGLU: 02,10,25|3|1.1544
268mGLY: 04,11,27|3|1.6052
273mASP: 12,19,23|3|1.6632
268mASP: 04,11,27|3|2.0545
273mSER: 12,19,23|3|1.9112
273mGLN: 12,19,23|3|1.2948
266mALA: 04,11,27|3|1.3934
261mTHR: 00,07,23|3|1.451
322mTHR: 02,10,25|3|1.0656
266mGLN: 04,11,27|3|1.068
268mPRO: 04,11,27|3|1.4514
273mHIS: 12,19,23|3|2.5871
266mLEU: 04,11,27|3|1.3276
266mGLY: 04,11,27|3|1.0653
282mHIS: 02,19,24|3|1.0061
290mALA: 15,25,29|3|1.2999
322mSER: 02,10,25|3|1.1996
290mCYS: 15,25,29|3|1.9126
268mTRP: 04,11,27|3|1.507
266mILE: 04,11,27|3|1.0385
282mASN: 02,19,24|3|1.0299
229mLEU: 00,07|2|1.4963
258mGLY: 19,23|2|1.2778
164mTHR: 15,18|2|1.7018
349mGLY: 01,17|2|1.3007
349mALA: 01,17|2|2.0084
228mPHE: 00,07|2|1.0117
318mHIS: 09,25|2|1.0083
164mASP: 15,18|2|1.0553
229mCYS: 00,07|2|1.3005
164mGLU: 15,18|2|1.6493
165mCYS: 15,18|2|1.3848
349mTHR: 01,17|2|2.0998
164mVAL: 15,18|2|1.0536
228mCYS: 00,07|2|1.6742
228mLEU: 00,07|2|1.1272
164mMET: 15,18|2|1.0841
370mGLU: 01,17|2|1.0557
167mGLU: 15,18|2|1.1648
165mTHR: 15,18|2|1.4408
258mGLU: 19,23|2|1.2902
451mALA: 01,17|2|1.0329
362mGLU: 15,29|2|2.0537
164mGLN: 15,18|2|1.096
349mGLU: 01,17|2|2.1826
165mGLU: 15,18|2|1.6459
349mVAL: 01,17|2|1.7238
305mCYS: 12,23|2|4.1812
349mCYS: 01,17|2|2.1742
164mGLY: 15,18|2|2.0466
165mSER: 15,18|2|1.1899
229mTHR: 00,07|2|1.5143
229mGLU: 00,07|2|1.9983
141mMET: 06,11|2|1.1233
228mGLU: 00,07|2|1.4065
305mASP: 12,23|2|1.272
326mGLU: 08,10|2|1.1532
165mLEU: 15,18|2|1.1729
165mASP: 15,18|2|1.1037
165mILE: 15,18|2|1.0184
349mPHE: 01,17|2|1.227
141mGLU: 06,11|2|1.1061
165mGLY: 15,18|2|1.3671
165mGLN: 15,18|2|1.0629
141mTHR: 06,11|2|1.0494
228mTHR: 00,07|2|1.1394
165mALA: 15,18|2|1.3841
165mMET: 15,18|2|1.0093
270mHIS: 19,23|2|1.1225
349mILE: 01,17|2|1.278
349mLEU: 01,17|2|1.8388
164mALA: 15,18|2|1.7067
370mCYS: 01,17|2|1.0248
305mVAL: 12,23|2|1.109
305mGLU: 12,23|2|1.38
305mALA: 12,23|2|1.2232
258mSER: 19,23|2|1.2342
362mTHR: 15,29|2|1.0961
205mPHE: 20|1|1.5182
201mGLU: 20|1|1.2096
206mALA: 20|1|1.19
361mLYS: 15|1|1.4027
217mCYS: 18|1|1.1299
219mTHR: 18|1|1.1994
219mGLY: 18|1|1.2326
206mTRP: 20|1|1.2548
444mGLU: 15|1|1.2038
368mLEU: 01|1|1.5486
206mMET: 20|1|1.1374
205mTHR: 20|1|1.462
217mALA: 18|1|1.3386
219mILE: 18|1|1.2458
368mPHE: 01|1|1.3684
390mALA: 08|1|1.512
204mGLU: 20|1|1.0213
219mALA: 18|1|1.89
205mMET: 20|1|1.1374
206mASP: 20|1|1.399
368mCYS: 01|1|2.1142
368mGLU: 01|1|1.7678
368mASP: 01|1|1.3052
205mPRO: 20|1|1.3384
368mALA: 01|1|1.2563
368mVAL: 01|1|1.2919
251mALA: 20|1|1.0291
219mASN: 18|1|1.2062
389mALA: 08|1|1.2652
205mGLU: 20|1|1.653
389mLYS: 08|1|1.1345
201mLEU: 20|1|1.0616
205mGLN: 20|1|1.3558
444mLYS: 15|1|1.6118
201mTHR: 20|1|1.0186
206mILE: 20|1|1.3636
368mTHR: 01|1|1.4936
204mTHR: 20|1|1.1172
219mVAL: 18|1|1.5436
361mCYS: 15|1|1.8847
444mCYS: 15|1|2.4677
206mPRO: 20|1|1.3384
368mPRO: 01|1|1.0292
369mGLU: 01|1|1.1169
206mVAL: 20|1|1.3648
368mILE: 01|1|1.2153
219mARG: 18|1|1.1978
341mCYS: 14|1|2.0906
205mVAL: 20|1|1.3648
444mTHR: 15|1|1.2743
191mLYS: 18|1|1.1376
201mCYS: 20|1|1.6396
369mALA: 01|1|1.2227
219mLYS: 18|1|1.8938
206mLEU: 20|1|1.505
205mALA: 20|1|1.19
369mTHR: 01|1|1.2128
206mGLN: 20|1|1.3558
217mSER: 18|1|1.2705
205mASP: 20|1|1.399
205mILE: 20|1|1.3636
444mALA: 15|1|1.3527
191mALA: 18|1|1.1338
201mPHE: 20|1|1.0748
390mLYS: 08|1|1.0477
368mMET: 01|1|1.0182
205mTRP: 20|1|1.2548
235mCYS: 20|1|1.0727
205mCYS: 20|1|2.083
206mPHE: 20|1|1.5182
444mGLY: 15|1|1.2053
206mGLU: 20|1|1.653
444mASP: 15|1|1.2851
204mALA: 20|1|1.1271
206mTHR: 20|1|1.462
206mCYS: 20|1|2.083
205mLEU: 20|1|1.505
368mGLN: 01|1|1.1162
251mCYS: 20|1|1.413
219mPRO: 18|1|1.4654
