146mGLY: 02,03,04,09,10,14,18,20,23|9|8.5699
146mLYS: 02,03,04,09,10,14,18,20,23|9|4.702
146mTHR: 02,03,04,09,10,14,18,20,23|9|7.6618
146mGLN: 02,03,04,09,10,14,18,20,23|9|4.3248
146mGLU: 02,03,04,09,10,14,18,20,23|9|7.9159
146mSER: 02,03,04,09,10,14,18,20,23|9|7.382
146mALA: 02,03,04,09,10,14,18,20,23|9|5.1569
146mASP: 02,03,04,09,10,14,18,20,23|9|5.4107
264mGLU: 02,04,08,21,23|5|2.2197
267mMET: 03,04,18,23|4|1.3692
267mHIS: 03,04,18,23|4|1.6632
141mSER: 03,09,14,20|4|1.0845
261mALA: 02,08,18,21|4|1.4991
261mHIS: 02,08,18,21|4|1.5121
261mGLY: 02,08,18,21|4|2.8385
261mASP: 02,08,18,21|4|2.2009
267mSER: 03,04,18,23|4|1.2872
267mGLY: 03,04,18,23|4|1.5178
261mGLU: 02,08,18,21|4|2.4501
261mGLN: 02,08,18,21|4|1.5738
261mSER: 02,08,18,21|4|2.2962
261mTHR: 02,08,18,21|4|2.3187
261mASN: 02,08,18,21|4|2.2136
261mLYS: 02,08,18,21|4|1.7376
197mASN: 11,19,22|3|1.4295
303mGLY: 03,14,20|3|1.2828
127mTHR: 11,19,22|3|1.5114
400mSER: 06,25,29|3|1.4108
125mTHR: 11,19,22|3|1.2703
127mGLY: 11,19,22|3|1.7397
178mSER: 03,08,18|3|2.1072
178mLYS: 03,08,18|3|1.2422
303mLYS: 03,14,20|3|1.588
376mASN: 05,12,25|3|1.1117
178mGLY: 03,08,18|3|2.1858
125mASN: 11,19,22|3|1.3227
303mASN: 03,14,20|3|1.6018
125mHIS: 11,19,22|3|1.1908
303mSER: 03,14,20|3|1.8198
127mGLU: 11,19,22|3|2.5621
341mGLY: 05,12,29|3|1.4684
405mGLY: 05,12,29|3|1.2485
341mTHR: 05,12,29|3|1.6077
197mTHR: 11,19,22|3|1.8092
400mASP: 06,25,29|3|1.7861
178mGLU: 03,08,18|3|2.3843
303mGLU: 03,14,20|3|2.9399
178mASP: 03,08,18|3|2.1152
244mCYS: 11,19,22|3|2.2118
337mSER: 05,12,29|3|1.3042
303mTHR: 03,14,20|3|1.7769
400mTHR: 06,25,29|3|1.1199
337mGLU: 05,12,29|3|1.5732
303mASP: 03,14,20|3|1.6907
197mGLU: 11,19,22|3|2.4343
337mTHR: 05,12,29|3|1.3566
178mTHR: 03,08,18|3|2.1099
178mTRP: 03,08,18|3|1.0418
337mHIS: 05,12,29|3|1.4008
400mGLU: 06,25,29|3|1.7003
405mGLU: 05,12,29|3|1.8551
405mGLN: 05,12,29|3|1.044
376mTHR: 05,12,25|3|1.0815
197mSER: 11,19,22|3|1.256
178mHIS: 03,08,18|3|2.3415
178mGLN: 03,08,18|3|1.5512
178mASN: 03,08,18|3|1.9863
244mALA: 11,19,22|3|1.1168
125mSER: 11,19,22|3|1.0843
405mTHR: 05,12,29|3|1.5301
341mSER: 05,12,29|3|1.4625
178mALA: 03,08,18|3|1.1098
197mASP: 11,19,22|3|1.2166
336mGLY: 06,12,29|3|1.3071
337mASN: 05,12,29|3|1.215
125mGLU: 11,19,22|3|1.5953
405mSER: 05,12,29|3|1.3441
341mGLU: 05,12,29|3|2.2721
303mALA: 03,14,20|3|1.3502
405mASN: 05,12,29|3|1.5825
337mGLY: 05,12,29|3|1.2839
405mHIS: 05,12,29|3|1.4506
127mSER: 11,19,22|3|1.5026
127mASP: 11,19,22|3|2.1461
275mASP: 04,20|2|1.2325
359mSER: 07,24|2|1.028
335mGLN: 06,29|2|1.0866
440mLYS: 07,24|2|1.4863
335mTHR: 06,29|2|1.357
335mASN: 06,29|2|1.2693
401mTHR: 06,29|2|1.652
204mVAL: 21,22|2|1.1945
258mGLY: 08,21|2|1.3732
408mTHR: 05,12|2|1.008
217mCYS: 03,20|2|1.6542
158mHIS: 21,22|2|1.3444
258mTHR: 08,21|2|1.3981
359mALA: 07,24|2|1.0796
401mLEU: 06,29|2|1.1182
421mCYS: 06,25|2|1.5264
123mGLU: 10,11|2|1.3818
342mGLY: 05,12|2|1.9103
408mSER: 05,12|2|1.1847
196mGLU: 19,22|2|1.1446
134mGLU: 11,19|2|1.1584
421mALA: 06,25|2|1.7371
204mGLU: 21,22|2|1.0805
335mHIS: 06,29|2|1.2859
217mALA: 03,20|2|1.9287
204mGLN: 21,22|2|1.2781
401mGLY: 06,29|2|1.5847
403mGLN: 06,29|2|1.3286
204mMET: 21,22|2|2.108
164mGLU: 07,24|2|1.5638
248mGLU: 11,22|2|1.4199
342mTHR: 05,12|2|2.0848
217mGLY: 03,20|2|2.4343
204mASN: 21,22|2|1.7435
401mASP: 06,29|2|1.0514
421mGLU: 06,25|2|1.706
401mASN: 06,29|2|1.2915
132mHIS: 11,19|2|1.0157
421mGLY: 06,25|2|2.1371
217mASP: 03,20|2|2.7502
440mTHR: 07,24|2|1.0884
403mHIS: 06,29|2|1.7472
217mASN: 03,20|2|2.0015
359mTHR: 07,24|2|1.0758
440mALA: 07,24|2|1.1435
403mGLU: 06,29|2|2.2469
158mMET: 21,22|2|1.1092
342mGLU: 05,12|2|2.3427
408mGLU: 05,12|2|1.3222
438mCYS: 07,24|2|2.2109
401mGLU: 06,29|2|2.005
403mASN: 06,29|2|1.5462
440mGLY: 07,24|2|1.0999
421mASN: 06,25|2|1.9106
217mTHR: 03,20|2|2.3087
342mASN: 05,12|2|1.6824
403mSER: 06,29|2|1.5572
421mSER: 06,25|2|1.4016
421mLYS: 06,25|2|2.0624
401mSER: 06,29|2|1.7231
204mGLY: 21,22|2|1.8559
401mALA: 06,29|2|1.6636
164mTHR: 07,24|2|1.0973
335mSER: 06,29|2|1.7342
217mSER: 03,20|2|2.2003
399mGLU: 06,25|2|1.3527
359mGLU: 07,24|2|1.7556
401mCYS: 06,29|2|1.0634
335mGLU: 06,29|2|1.6061
204mTHR: 21,22|2|1.7326
403mTHR: 06,29|2|1.9542
259mGLU: 08,21|2|1.1259
440mCYS: 07,24|2|1.3123
421mTHR: 06,25|2|1.7551
401mLYS: 06,29|2|1.3645
421mASP: 06,25|2|2.5924
342mHIS: 05,12|2|1.165
217mGLU: 03,20|2|2.9702
258mGLU: 08,21|2|1.4606
120mGLU: 03,10|2|1.089
204mSER: 21,22|2|1.8546
248mTHR: 11,22|2|1.1198
403mGLY: 06,29|2|1.717
401mHIS: 06,29|2|1.0287
217mLYS: 03,20|2|2.0752
204mHIS: 21,22|2|2.5566
342mSER: 05,12|2|1.9942
408mGLY: 05,12|2|1.1027
403mASP: 06,29|2|1.3587
379mGLU: 06,25|2|1.1149
204mLEU: 21,22|2|1.0285
335mGLY: 06,29|2|1.2902
293mGLY: 07|1|1.2839
250mHIS: 22|1|1.1418
256mGLU: 21|1|1.0266
165mGLU: 24|1|1.0942
251mMET: 22|1|1.0407
251mHIS: 22|1|1.2171
293mALA: 07|1|1.0916
