163 164 165 
157 164 165 
164 165 167 
164 165 249 
162 164 165 
157 163 164 
163 164 167 
163 164 249 
162 163 164 
157 164 167 
157 164 249 
157 162 164 
162 164 167 
242 243 245 
194 242 243 
242 243 244 
194 243 245 
243 244 245 
194 243 244 
157 163 165 
163 165 167 
163 165 249 
162 163 165 
157 165 167 
157 165 249 
157 162 165 
162 165 167 
158 159 163 
157 159 163 
159 163 251 
159 162 163 
157 158 159 
158 159 251 
158 159 162 
157 159 251 
157 159 162 
159 162 251 
194 242 245 
242 244 245 
194 242 244 
194 244 245 
157 158 163 
158 163 250 
158 163 249 
158 163 251 
158 162 163 
157 163 250 
157 163 167 
157 163 249 
157 163 251 
157 162 163 
163 249 250 
163 250 251 
162 163 167 
163 249 251 
162 163 251 
157 158 250 
157 158 249 
157 158 251 
157 158 162 
158 249 250 
158 250 251 
158 249 251 
158 162 251 
157 249 250 
157 250 251 
157 162 167 
157 249 251 
157 162 251 
249 250 251 
