M = 146:
146 146 146 146 146 146 146 146 146 146 146 146 146 146 146 146 146 146 146 146 146 146 146 146 146 146 146 146 146 146 146 144 144 144 147 147 147 147 266 266 147 147 

M = 282:
279 279 279 279 279 279 279 279 284 284 284 284 284 284 284 283 283 283 283 283 283 283 284 284 284 284 284 284 284 283 283 283 283 283 283 283 283 283 283 283 283 283 283 283 283 283 283 283 283 283 284 284 284 284 284 284 284 284 284 284 284 284 284 284 284 284 284 284 284 284 284 283 283 283 283 283 283 283 285 285 285 285 285 285 285 285 285 285 285 285 285 285 285 285 285 285 285 285 285 285 285 285 285 285 285 285 285 285 282 282 282 280 280 280 280 282 282 282 282 282 282 282 282 282 282 282 282 282 282 282 282 280 280 280 280 282 282 282 282 282 282 282 282 282 282 282 282 280 280 280 280 282 282 282 282 282 282 282 282 282 282 282 282 282 282 282 282 282 282 282 282 282 282 282 282 282 282 282 282 282 282 282 282 282 282 282 282 280 280 280 280 281 281 297 297 297 297 281 281 297 297 281 281 281 281 281 281 297 297 281 281 281 281 281 281 281 281 281 281 281 281 281 281 281 281 297 297 281 281 281 281 281 281 281 281 281 281 

M = 440:
438 438 438 438 438 438 438 438 438 438 440 440 440 440 440 440 440 440 440 440 440 440 440 440 440 440 440 440 440 440 440 440 440 440 440 440 440 440 440 440 440 440 440 440 440 440 440 440 440 435 435 391 391 391 391 391 391 391 391 442 442 391 391 391 391 435 435 391 391 435 435 435 435 391 391 391 391 391 391 391 391 391 391 391 391 391 391 391 391 435 435 391 391 391 391 435 435 

M = 205:
206 206 206 206 206 206 206 206 206 206 206 206 206 206 206 206 208 208 208 205 205 205 205 205 205 205 205 205 205 205 205 205 205 205 205 205 205 205 205 208 208 208 205 205 205 205 205 205 205 205 205 208 208 208 205 205 205 201 201 201 201 201 201 201 201 201 201 201 201 201 201 201 201 201 201 201 201 201 201 201 201 201 201 201 201 201 201 

M = 204:
204 204 204 204 204 204 204 204 204 204 204 204 204 204 204 204 204 204 204 204 204 204 204 204 204 204 204 204 204 204 204 204 204 204 204 

M = 310:
316 316 316 316 316 316 316 316 316 316 316 316 316 316 316 316 316 316 316 316 316 316 316 316 316 316 316 316 316 316 316 316 316 316 316 310 310 310 310 310 310 310 310 310 310 310 310 310 310 310 310 310 310 310 310 310 310 310 310 310 310 310 310 310 310 310 310 310 310 310 310 310 310 310 310 310 310 310 310 310 310 310 310 310 310 310 310 310 310 310 310 310 310 310 295 295 315 315 315 315 315 315 295 295 295 295 295 295 295 295 295 295 295 295 295 295 315 315 315 315 295 295 315 315 

M = 127:
127 127 127 127 127 127 127 127 127 127 127 127 127 127 126 126 126 126 126 127 127 127 127 127 127 127 127 127 127 125 125 125 125 125 125 125 125 125 125 125 125 125 125 125 125 125 125 

M = 130:
243 243 243 243 243 243 243 243 243 243 243 243 243 243 243 243 242 242 242 242 242 242 242 242 242 242 242 242 242 242 242 242 242 242 242 242 242 242 242 242 242 242 242 242 244 244 244 244 244 130 130 130 130 130 130 130 130 130 130 130 191 191 191 191 130 130 130 130 130 130 130 130 130 130 130 130 130 130 130 130 191 191 191 191 191 191 191 191 130 130 130 130 130 130 130 130 130 130 130 130 194 194 194 194 130 130 130 130 191 191 191 191 130 130 130 130 130 130 130 130 130 130 130 130 130 130 130 130 219 219 219 132 132 132 134 134 134 219 219 219 219 219 219 219 219 219 219 219 219 219 219 219 132 132 132 134 134 134 134 134 134 132 132 132 219 219 219 219 219 219 134 134 134 219 219 219 219 219 219 134 134 134 132 132 132 219 219 219 132 132 132 134 134 134 132 132 132 219 219 219 134 134 134 134 134 134 132 132 132 193 193 196 196 193 193 196 196 193 193 196 196 218 218 196 196 193 193 196 196 196 196 193 193 196 196 193 193 196 196 196 196 196 196 193 193 196 196 

M = 288:
286 286 286 286 286 286 286 286 286 286 286 286 286 286 286 286 286 286 286 286 286 286 286 286 286 286 286 286 286 286 286 286 288 288 288 288 288 288 288 286 286 286 286 286 286 286 286 286 286 286 286 286 286 286 286 319 319 319 319 319 319 319 319 319 319 319 319 291 291 291 291 291 291 291 291 291 291 326 326 326 326 326 326 326 326 430 430 430 430 430 430 430 430 326 326 326 326 326 326 326 326 326 326 326 326 326 326 326 326 326 326 326 326 326 326 326 326 326 326 326 326 430 430 430 430 430 430 430 430 326 326 326 326 326 326 326 326 326 326 326 326 326 326 326 326 321 321 321 293 293 293 293 290 290 293 293 293 293 290 290 290 290 293 293 290 290 290 290 293 293 290 290 290 290 293 293 293 293 290 290 293 293 293 293 293 293 290 290 290 290 293 293 293 293 290 290 293 293 290 290 293 293 290 290 290 290 290 290 293 293 290 290 

M = 122:
119 119 119 119 119 119 119 119 119 119 119 119 119 119 122 122 122 122 122 122 122 122 122 122 122 122 122 122 122 122 122 122 122 122 122 122 122 122 122 122 122 122 122 122 122 122 122 122 122 122 122 122 122 122 122 122 122 122 122 122 122 122 122 122 122 122 122 122 122 122 122 122 122 122 122 122 122 122 122 122 122 122 122 122 122 122 122 122 122 122 122 122 122 122 122 122 122 122 124 124 124 124 124 124 124 124 124 124 124 124 124 124 124 124 124 124 124 124 124 124 124 124 124 124 124 124 124 124 124 124 123 123 123 123 123 123 123 123 123 123 123 123 123 123 123 123 123 123 123 123 123 123 123 123 123 123 123 123 123 123 123 123 123 123 123 123 123 123 123 123 123 123 123 123 123 123 123 123 123 123 123 123 123 123 

M = 354:
359 359 359 359 359 359 359 359 359 360 360 360 360 360 354 354 354 354 354 354 354 354 354 356 356 356 356 356 354 354 354 354 354 356 356 356 356 356 355 355 355 355 355 355 355 355 361 361 361 361 444 444 444 444 444 444 444 444 444 444 444 444 444 444 444 444 444 444 444 444 358 358 444 444 444 444 444 444 444 444 444 444 

M = 273:
275 275 275 275 275 275 275 275 272 272 272 272 273 273 258 258 258 273 273 273 273 273 273 258 258 258 273 273 273 273 273 273 273 273 273 258 258 258 273 273 273 273 273 273 273 273 273 273 273 273 273 273 273 273 273 273 273 273 273 273 273 273 273 273 273 

M = 178:
180 180 180 180 180 182 182 182 182 182 182 182 182 182 182 182 182 182 182 182 182 182 182 182 182 182 182 182 182 182 182 182 182 182 182 182 182 182 182 182 182 177 177 177 177 177 177 177 177 177 177 177 177 177 177 177 177 177 177 177 177 177 177 177 177 177 177 177 177 177 177 177 177 177 177 177 177 178 226 226 178 178 178 178 178 178 229 229 229 229 263 263 178 178 178 178 226 226 178 178 178 178 229 229 263 263 229 229 178 178 226 226 178 178 178 178 178 178 178 178 178 178 226 226 226 226 226 226 226 226 

M = 164:
164 164 164 164 164 164 164 164 164 164 164 164 164 164 164 164 164 164 164 164 164 164 164 164 164 164 164 164 164 164 164 164 164 164 164 164 164 164 164 164 164 164 164 164 164 164 164 164 164 164 164 164 164 164 164 162 162 162 162 162 162 162 162 162 163 163 163 163 

M = 165:
165 165 165 165 165 165 165 165 165 165 165 165 165 165 165 165 165 165 165 165 165 165 165 165 165 165 165 165 165 165 165 165 165 165 165 165 165 165 165 165 165 165 165 165 165 165 165 165 

M = 251:
158 158 158 158 158 158 158 158 158 158 158 158 158 158 158 158 158 158 158 158 158 158 158 158 158 158 158 158 158 158 249 249 249 249 249 249 249 249 157 157 157 157 249 249 249 249 159 159 159 159 157 157 157 157 249 249 249 249 249 249 249 249 159 159 159 159 157 157 157 157 249 249 249 249 249 249 249 249 159 159 159 159 249 249 249 249 157 157 157 157 159 159 159 159 249 249 249 249 249 249 249 249 249 249 249 249 249 249 249 249 250 250 250 251 251 251 251 251 251 251 251 251 251 251 251 251 251 251 251 251 251 251 

M = 167:
168 168 168 168 168 168 167 167 167 167 167 167 167 167 167 167 167 167 167 167 167 167 167 167 167 167 167 167 167 167 167 167 167 167 167 190 190 190 190 190 190 190 190 190 190 

M = 364:
365 365 365 365 364 364 364 364 364 364 364 364 364 364 364 387 387 387 364 364 364 364 364 364 364 364 364 387 387 387 364 364 364 364 364 364 364 364 364 364 364 364 364 364 364 351 351 366 366 368 368 351 351 368 368 366 366 366 366 370 370 351 351 366 366 366 366 351 351 351 351 370 370 368 368 370 370 368 368 370 370 370 370 370 370 351 351 370 370 366 366 351 351 366 366 368 368 370 370 368 368 366 366 370 370 368 368 370 370 370 370 370 370 370 370 366 366 368 368 370 370 368 368 366 366 351 351 366 366 370 370 370 370 368 368 366 366 366 366 368 368 351 351 370 370 366 366 368 368 351 351 366 366 366 366 370 370 368 368 

M = 427:
401 401 401 401 401 401 401 401 401 401 401 401 401 401 401 401 401 401 401 401 401 401 401 401 401 401 401 401 401 401 428 428 428 428 428 428 421 421 421 421 421 421 401 401 401 401 401 401 401 401 401 401 401 401 401 401 401 401 401 401 401 401 401 401 401 401 401 401 401 401 401 401 401 401 401 401 401 401 426 426 426 426 426 426 426 426 426 426 426 426 426 426 426 426 426 426 426 426 426 426 426 426 426 426 426 426 426 426 419 419 419 419 427 427 427 427 427 427 427 427 427 427 427 427 427 427 427 427 427 427 427 427 427 427 427 427 427 427 427 427 427 427 427 427 427 427 427 427 427 427 427 427 427 427 427 419 419 419 419 427 427 427 427 427 427 427 427 427 427 427 427 427 427 427 427 419 419 419 419 427 427 427 427 425 425 425 425 425 425 447 447 447 447 447 447 422 422 422 422 423 423 447 447 422 422 447 447 447 447 447 447 447 447 447 447 422 422 423 423 422 422 447 447 379 379 447 447 423 423 447 447 447 447 422 422 447 447 447 447 422 422 447 447 379 379 422 422 

M = 138:
137 137 137 137 136 136 136 136 136 136 136 136 138 138 138 137 137 137 137 138 138 138 138 137 137 137 137 138 138 138 138 136 136 136 136 138 138 138 138 138 138 138 138 136 136 136 136 136 136 136 136 136 136 136 136 138 138 138 138 138 138 138 138 137 137 137 137 138 138 138 138 136 136 136 136 138 138 138 138 137 137 137 137 136 136 136 136 138 138 138 138 136 136 136 136 136 136 136 136 138 138 138 138 136 136 136 136 137 137 137 137 138 138 138 138 142 142 142 142 142 142 142 142 142 142 142 142 142 142 142 142 142 142 142 142 142 142 142 142 212 212 212 212 212 212 141 141 212 212 212 212 212 212 212 212 212 212 212 212 141 141 212 212 141 141 

