M = 424:
421 421 421 421 421 421 421 421 421 421 424 424 424 424 424 424 424 424 424 421 421 421 421 421 424 424 424 424 424 424 424 424 424 424 421 421 421 421 421 424 424 424 424 424 421 421 421 421 421 421 421 421 421 421 424 424 424 424 424 421 421 421 421 421 422 422 422 422 426 426 426 425 425 425 426 426 426 426 426 426 426 426 426 425 425 425 426 426 426 426 426 426 426 426 426 

M = 272:
266 266 266 266 266 266 266 268 268 268 268 268 268 268 268 268 268 268 268 268 268 268 268 268 268 268 268 268 268 268 268 268 267 267 267 267 267 267 267 267 267 267 267 267 267 267 267 267 267 267 267 267 267 267 267 267 267 267 267 267 267 267 267 267 267 267 267 267 267 267 267 267 267 267 267 267 267 267 267 267 267 267 267 267 267 267 267 267 306 306 306 305 305 305 305 305 305 272 272 272 272 272 272 272 272 272 272 272 272 272 272 305 305 305 305 305 305 272 272 272 272 272 272 272 272 272 272 272 272 272 272 272 272 272 272 272 272 272 305 305 305 305 305 305 272 272 272 305 305 305 305 305 305 272 272 272 305 305 305 273 273 273 273 273 273 275 275 275 275 273 273 275 275 275 275 275 275 273 273 273 273 275 275 275 275 273 273 273 273 273 273 275 275 273 273 273 273 273 273 273 273 273 273 273 273 

M = 370:
369 369 369 369 369 369 370 370 370 370 370 370 370 370 369 369 369 370 370 370 369 369 369 369 369 369 369 369 369 370 370 370 347 347 385 385 347 347 347 347 347 347 347 347 347 347 347 347 347 347 347 347 347 347 347 347 385 385 347 347 347 347 385 385 347 347 

M = 194:
242 242 242 242 242 242 242 242 242 242 242 242 240 240 240 240 194 194 193 193 193 193 193 193 193 193 193 193 193 193 194 194 194 194 194 194 193 193 193 194 194 194 194 194 194 194 194 194 194 194 194 194 194 194 193 193 193 194 194 194 194 194 194 246 246 241 241 246 246 246 246 241 241 241 241 241 241 246 246 246 246 246 246 

M = 440:
440 440 440 440 440 438 438 438 440 440 440 438 438 438 438 438 438 438 438 438 438 438 438 440 440 440 438 438 438 440 440 440 440 440 440 440 440 440 438 438 438 438 438 438 440 440 440 440 440 440 438 438 438 440 440 440 440 440 440 440 440 440 440 440 440 440 440 440 438 438 438 440 440 440 436 436 436 436 439 439 436 436 436 436 439 439 436 436 436 436 436 436 436 436 436 436 

M = 454:
359 359 359 359 359 359 359 359 359 359 359 359 454 454 454 454 454 454 454 454 454 454 454 454 454 454 454 454 454 454 454 454 454 454 454 454 454 454 454 454 454 454 454 454 454 454 454 454 454 454 454 454 454 454 454 454 454 454 454 454 454 454 454 454 454 454 454 454 454 454 454 454 454 454 454 358 358 358 453 453 453 453 453 453 453 453 453 453 453 453 453 453 453 453 

M = 316:
316 316 316 316 316 316 316 316 316 316 316 316 316 316 316 316 316 316 316 316 316 316 316 316 316 316 316 316 316 316 316 316 319 319 319 321 321 313 313 313 313 313 313 312 312 313 313 313 313 313 313 312 312 

M = 456:
455 455 455 455 455 456 456 456 456 456 456 456 456 456 456 456 

M = 219:
219 219 219 219 219 219 219 219 219 219 219 190 190 190 190 190 190 219 219 219 219 219 219 219 219 219 219 219 219 219 219 219 216 216 216 219 219 219 219 219 219 190 190 190 190 190 190 219 219 219 215 215 215 215 215 215 215 215 215 215 215 215 215 215 215 215 215 215 215 215 215 215 215 215 215 215 215 215 

M = 178:
265 265 265 265 265 265 265 265 180 180 180 180 180 180 180 180 180 180 180 180 180 180 180 180 180 180 180 180 180 180 180 180 180 180 180 180 180 180 180 180 180 180 180 180 146 146 146 146 146 146 146 146 146 146 146 146 146 146 146 146 146 146 146 146 179 179 179 179 179 146 146 146 146 146 146 146 146 146 146 146 146 146 146 146 179 179 179 179 179 146 146 146 146 146 146 146 146 146 146 261 261 261 261 261 261 261 261 261 261 261 261 261 261 261 261 261 261 261 261 261 261 261 261 261 261 261 261 261 261 261 261 264 264 264 145 145 145 145 145 145 264 264 264 145 145 145 264 264 264 145 145 145 258 258 258 264 264 264 264 264 264 264 264 264 145 145 145 264 264 264 145 145 145 145 145 145 145 145 145 177 177 178 228 228 178 178 178 178 178 178 177 177 178 178 177 177 177 177 178 178 178 178 178 178 228 228 230 230 183 183 178 178 178 178 178 178 178 178 178 178 230 230 183 183 178 178 178 178 259 259 177 177 228 228 177 177 148 148 

M = 363:
362 362 362 362 362 362 362 362 362 362 362 362 362 362 362 362 362 362 362 362 362 362 362 362 362 361 361 361 361 361 354 354 354 354 354 354 354 354 366 366 366 366 366 366 366 366 366 366 366 366 366 366 366 366 366 366 365 365 365 364 364 364 366 366 366 366 366 366 366 366 366 366 366 366 366 366 366 366 366 366 366 366 366 366 366 366 444 444 444 444 444 444 444 444 444 444 363 444 444 444 444 444 444 444 444 444 444 444 444 444 444 444 444 444 444 444 444 444 444 

M = 122:
120 120 120 120 120 120 120 120 122 122 122 122 122 122 122 122 122 122 122 122 122 122 122 122 122 122 122 122 122 122 122 122 122 122 122 122 122 122 122 122 

M = 124:
208 208 123 123 124 123 123 124 124 124 124 208 208 123 123 123 123 123 123 208 208 208 208 208 208 124 124 123 123 208 208 124 124 123 123 124 124 208 208 208 208 123 123 123 123 

M = 396:
400 400 400 400 400 400 400 400 400 400 400 400 400 400 400 400 400 400 400 400 326 326 326 326 326 326 327 327 327 326 326 326 428 428 428 326 326 326 326 326 326 326 326 326 428 428 428 428 428 428 428 428 428 326 326 326 428 428 428 428 428 428 428 428 428 428 428 428 428 428 428 396 396 396 396 396 396 396 396 396 396 396 396 396 396 396 396 396 396 396 396 396 396 396 396 396 396 396 396 396 396 396 396 396 396 396 396 396 

M = 412:
387 387 387 387 387 387 387 387 387 387 411 411 411 411 411 411 411 411 390 390 390 390 390 390 390 390 390 390 390 390 390 390 390 412 412 390 390 390 390 390 390 408 408 408 408 408 408 408 408 410 410 410 410 408 408 408 408 

M = 134:
134 134 134 134 134 134 134 134 134 134 134 134 134 134 134 134 134 134 134 134 134 134 134 134 134 134 131 131 131 131 131 131 135 135 131 131 131 131 131 131 

M = 403:
419 419 419 419 419 419 419 419 419 419 419 419 419 419 419 419 419 419 419 419 419 419 419 419 419 419 419 419 419 419 419 419 419 419 419 419 419 419 419 419 419 419 419 419 377 377 377 377 377 377 341 341 341 377 377 377 341 341 341 415 415 331 331 418 418 335 335 335 335 335 335 403 403 403 335 335 331 331 418 418 335 335 403 403 403 403 330 330 337 337 339 339 339 339 418 418 403 403 403 403 339 339 337 337 331 331 330 330 337 337 337 337 403 403 418 418 418 418 337 337 337 337 403 403 331 331 418 418 418 418 331 331 336 336 403 403 335 335 337 337 335 335 418 418 418 418 335 335 403 403 330 330 418 418 418 418 336 336 337 337 418 418 418 418 330 330 403 403 339 339 335 335 336 336 331 331 403 403 418 418 415 415 335 335 

M = 139:
141 141 141 141 141 141 141 141 141 141 141 141 141 141 141 141 141 141 141 141 137 137 137 137 137 137 137 137 137 137 137 137 137 137 137 136 136 136 136 139 136 136 140 140 136 136 136 136 140 140 136 136 136 136 140 140 136 136 136 136 140 140 136 136 140 140 140 140 140 140 136 136 136 136 136 136 140 140 139 139 136 136 

M = 284:
283 283 283 283 283 283 283 283 283 283 284 284 284 284 284 284 284 284 284 284 284 284 284 284 284 284 284 284 284 284 284 284 284 284 284 284 284 284 284 284 284 284 284 284 284 284 284 284 284 284 284 284 284 284 284 284 284 284 284 284 284 285 285 285 356 356 356 285 285 285 285 285 285 356 356 356 356 356 356 356 356 356 356 356 356 285 285 285 285 285 285 285 285 285 356 356 356 356 356 356 286 286 286 356 356 356 356 356 356 279 279 279 279 279 279 279 279 279 279 291 291 291 291 279 279 279 279 279 279 279 279 

M = 165:
164 164 164 164 164 164 164 164 164 164 164 164 164 164 164 164 164 164 164 164 164 164 164 164 164 164 164 164 164 164 164 164 164 164 164 164 164 164 164 164 164 164 165 165 165 165 165 165 165 165 165 165 165 165 165 165 165 165 165 165 165 165 165 165 165 165 165 165 165 165 165 165 165 165 165 165 165 165 165 165 165 165 165 165 165 165 165 165 165 163 163 163 163 163 163 163 163 159 159 159 159 249 249 249 249 249 249 249 249 249 249 249 249 249 249 249 249 249 249 249 249 249 249 249 249 248 248 248 249 249 249 249 249 249 249 249 249 162 162 162 162 

