M = 146:
146 146 146 146 146 146 146 146 146 146 146 146 146 146 146 146 146 146 146 146 146 146 146 146 146 146 146 146 146 146 146 146 146 146 146 146 146 146 146 146 146 146 146 146 146 146 146 146 146 146 146 146 146 146 146 146 146 146 146 146 146 146 146 146 146 146 146 146 146 146 146 146 146 146 146 146 146 146 146 146 146 146 146 146 146 146 146 146 146 146 145 145 145 145 145 141 141 141 141 142 142 142 142 142 142 142 142 142 212 212 212 212 212 212 212 212 212 212 212 212 

M = 147:
147 147 147 147 147 147 147 147 147 147 147 147 147 

M = 440:
440 440 440 440 440 440 440 440 440 440 440 440 440 440 440 440 440 440 440 440 440 440 440 440 440 440 440 

M = 401:
326 326 326 326 326 326 326 326 326 326 326 326 326 326 326 326 330 330 330 401 401 401 401 401 400 400 400 401 401 401 401 401 401 401 401 401 401 401 401 401 401 401 324 324 324 400 400 400 401 401 401 401 401 401 324 324 324 324 324 324 400 400 400 401 401 401 324 324 324 401 401 401 401 401 401 324 324 324 401 401 401 396 396 

M = 159:
161 161 161 159 159 159 159 159 159 159 159 159 159 159 159 159 159 159 159 159 159 159 159 159 159 159 159 159 159 159 

M = 194:
242 242 242 242 242 242 242 242 242 242 242 242 245 245 245 245 245 245 242 242 242 242 242 242 242 242 242 242 242 242 242 242 242 242 242 242 242 242 242 242 242 242 242 242 242 242 242 242 242 242 242 242 242 242 242 242 242 242 242 242 243 243 243 243 243 243 194 194 194 194 194 194 194 194 194 194 194 194 194 194 194 194 194 194 194 194 194 194 194 194 194 194 194 194 194 194 194 194 194 194 194 194 194 194 194 194 194 194 194 194 244 244 244 244 244 244 244 244 217 217 217 217 244 244 244 244 244 244 244 244 244 244 244 244 244 244 244 244 244 244 244 244 248 248 248 190 190 190 191 191 191 191 191 191 248 248 248 190 190 190 248 248 248 190 190 190 248 248 248 248 248 248 190 190 190 124 124 220 220 220 220 220 220 220 220 124 124 124 124 124 124 124 124 126 126 220 220 220 220 220 220 124 124 220 220 220 220 124 124 220 220 124 124 220 220 220 220 220 220 124 124 220 220 124 124 220 220 124 124 

M = 303:
309 309 309 309 309 309 309 309 309 309 309 309 303 303 303 303 303 303 303 303 303 303 303 303 303 303 303 303 303 301 301 301 301 301 301 301 301 

M = 316:
313 313 313 313 313 313 313 313 313 313 313 313 313 313 313 313 313 313 313 313 316 316 316 316 316 316 316 316 316 316 316 316 316 316 316 316 316 316 316 316 319 319 319 316 316 316 316 316 316 316 316 316 316 316 316 316 316 316 316 316 316 319 319 319 319 319 319 319 319 319 315 315 312 312 317 317 312 312 317 317 312 312 312 312 312 312 315 315 315 315 312 312 312 312 315 315 312 312 315 315 312 312 312 312 312 312 312 312 312 312 315 315 

M = 267:
266 266 266 266 266 266 267 267 267 267 267 267 267 267 267 267 267 267 267 267 267 267 267 267 267 267 267 267 267 267 267 267 267 267 267 267 267 267 267 267 267 267 267 267 267 267 267 267 267 267 267 267 267 267 267 267 267 267 267 267 272 272 272 272 269 269 269 269 269 269 269 269 

M = 261:
261 261 261 261 261 261 261 261 261 261 261 261 261 261 261 261 261 261 261 261 261 261 261 261 261 261 261 261 261 261 261 261 261 261 261 261 261 261 261 261 261 261 261 261 261 261 261 261 261 261 261 261 261 261 261 261 261 261 261 261 261 261 261 261 261 261 261 261 261 263 263 263 263 263 263 263 263 229 229 229 229 229 229 229 229 229 229 229 229 229 229 229 229 229 229 228 228 228 228 228 228 259 259 259 259 259 259 259 259 259 259 259 259 259 259 259 259 259 259 259 259 259 259 259 259 259 259 259 259 259 259 259 259 258 258 

M = 403:
336 336 336 335 335 335 335 335 335 403 403 336 336 336 403 403 403 403 403 403 403 403 403 336 336 336 419 419 419 403 403 403 403 403 403 403 403 403 419 419 419 419 419 419 403 403 403 419 419 419 403 403 403 403 403 403 336 336 336 419 419 419 335 335 335 419 419 419 335 335 335 403 403 403 336 336 336 336 336 336 403 403 403 403 403 403 335 335 335 419 419 419 403 403 403 336 336 336 419 419 419 335 335 335 334 334 404 404 339 339 339 339 404 404 339 339 339 339 334 334 

M = 411:
387 387 411 409 409 390 390 410 410 411 411 411 411 390 390 410 410 

M = 351:
359 359 359 359 359 359 359 359 359 359 359 359 359 359 359 359 359 359 359 359 359 359 359 359 369 369 369 369 370 370 370 370 370 370 370 370 370 370 370 370 370 370 370 370 370 370 370 370 370 370 370 370 370 370 370 370 370 370 370 370 370 370 370 370 351 423 423 351 351 454 454 454 454 351 351 351 351 351 351 454 454 454 454 423 423 351 351 351 351 454 454 454 454 454 454 454 454 454 454 351 351 351 351 351 351 454 454 454 454 454 454 454 454 351 351 454 454 351 351 351 351 454 454 454 454 

M = 178:
180 180 180 180 180 180 180 180 180 180 180 180 180 180 180 180 180 180 180 180 180 180 180 180 180 180 180 180 119 119 119 119 119 119 119 119 119 119 119 119 178 178 178 178 178 178 178 178 178 178 178 178 178 178 178 178 178 178 178 178 178 178 178 178 178 178 178 178 178 178 178 178 178 178 178 178 178 178 178 178 178 178 178 178 178 178 178 178 178 178 178 178 178 178 178 178 178 178 178 178 178 178 178 178 178 178 178 178 178 178 178 178 178 178 178 178 178 178 178 182 182 182 182 182 182 183 183 183 183 183 183 183 183 183 183 183 183 183 183 183 183 183 183 183 183 183 183 183 183 183 183 183 183 183 183 183 183 183 183 183 183 

M = 164:
164 164 164 164 164 164 164 164 164 164 164 164 164 164 164 164 164 164 164 164 164 164 164 164 164 164 164 164 164 165 165 165 165 165 165 165 165 165 165 165 165 165 165 165 162 162 162 162 162 165 165 165 165 165 165 165 165 165 165 165 165 165 165 165 165 165 165 165 165 167 167 167 167 167 167 167 167 167 167 167 167 167 167 167 167 167 167 167 167 167 167 167 167 167 167 167 167 167 167 163 163 163 163 169 169 163 163 169 169 163 163 163 163 163 163 163 163 

M = 279:
274 274 274 274 274 274 274 274 274 274 274 274 274 274 274 283 283 279 279 279 279 279 279 279 291 291 291 291 291 291 279 279 279 279 283 283 291 291 279 279 279 279 283 283 291 291 291 291 279 279 

M = 437:
438 438 438 438 438 437 437 437 437 437 437 437 437 437 

M = 362:
362 362 362 362 362 362 362 362 362 362 362 362 362 362 362 362 362 362 362 362 362 362 362 362 362 362 362 362 362 362 362 362 362 362 362 362 362 362 362 362 362 362 362 362 362 362 362 362 362 354 354 354 354 354 354 354 354 354 356 356 364 364 364 364 356 356 356 356 356 356 356 356 356 356 

M = 172:
171 171 172 172 172 172 172 171 171 171 171 171 171 172 172 172 172 172 172 172 172 171 171 171 171 171 171 171 171 172 172 172 172 172 172 172 172 172 172 172 172 

M = 376:
379 379 379 379 379 379 379 379 379 379 379 379 379 379 379 379 379 379 379 379 379 379 379 379 379 379 379 379 379 379 379 379 379 379 379 379 377 377 377 376 376 376 376 376 340 340 340 343 343 343 343 343 343 340 340 340 376 376 376 346 346 346 376 376 376 376 376 376 346 346 346 343 343 343 376 376 376 376 376 376 346 346 346 377 377 377 340 340 340 376 376 376 340 340 340 376 376 376 422 422 341 341 380 380 344 344 380 380 380 380 380 380 380 380 341 341 380 380 341 341 380 380 341 341 380 380 344 344 375 375 344 344 341 341 344 344 344 344 341 341 341 341 344 344 380 380 344 344 341 341 380 380 380 380 341 341 344 344 341 341 380 380 341 341 380 380 

