M = 146:
146 146 146 146 146 146 146 146 146 146 146 146 146 146 146 146 146 146 146 146 146 146 146 147 147 147 147 147 147 147 147 147 147 147 147 146 146 146 146 146 146 145 145 145 145 145 177 177 177 177 177 177 177 177 177 177 177 177 177 177 177 177 177 177 177 177 177 177 

M = 220:
190 190 190 190 190 190 190 190 190 190 190 190 190 190 190 190 190 190 219 219 219 219 219 217 217 217 217 193 193 193 193 193 193 193 193 193 193 193 193 193 193 193 193 217 217 217 217 217 217 217 217 217 217 217 217 193 193 193 193 217 217 217 217 220 220 220 220 220 220 220 220 220 220 220 220 220 220 220 220 220 220 220 220 220 220 220 220 220 220 220 220 220 220 220 220 220 220 220 220 220 220 216 216 216 192 192 

M = 251:
251 251 251 251 251 251 251 251 251 251 251 251 251 251 251 251 251 251 251 251 251 251 251 251 251 251 251 251 251 251 251 251 251 251 251 251 251 251 251 251 251 251 251 251 251 251 251 251 251 251 251 251 251 251 203 203 203 203 204 204 204 204 253 253 253 253 253 253 253 253 253 253 253 253 253 253 253 253 253 253 253 253 253 253 253 253 253 253 253 253 253 253 235 235 235 253 253 253 199 199 237 237 201 201 237 237 237 237 201 201 201 201 237 237 201 201 206 206 233 233 201 201 237 237 201 201 199 199 201 201 237 237 237 237 201 201 206 206 201 201 201 201 205 205 205 205 199 199 201 201 237 237 201 201 201 201 201 201 201 201 201 201 237 237 205 205 205 205 

M = 249:
249 249 249 249 249 249 249 249 249 249 249 249 249 249 249 249 249 249 249 249 249 249 249 249 249 249 249 249 249 249 249 249 249 249 249 249 249 249 249 249 249 249 249 249 249 249 249 249 249 

M = 301:
301 301 301 301 301 301 301 301 301 301 301 

M = 440:
440 440 440 440 440 440 440 440 440 440 440 440 440 440 440 440 440 440 440 440 440 440 440 440 440 440 440 440 440 440 440 440 440 440 440 440 440 440 440 440 440 440 440 440 440 440 440 440 440 440 440 440 440 440 440 440 440 440 440 440 440 440 440 440 440 440 440 440 440 440 440 440 440 440 440 440 440 440 440 440 440 440 440 440 440 440 440 440 440 440 440 440 440 440 440 440 440 440 440 440 440 440 440 438 438 438 438 438 438 438 438 438 438 438 438 438 438 438 438 438 438 438 438 438 438 438 438 438 438 438 438 

M = 261:
181 181 181 181 181 181 181 178 178 178 178 178 178 178 178 178 178 178 178 178 178 178 178 178 178 178 178 178 178 178 178 261 261 261 178 178 178 178 261 261 261 261 178 178 178 178 178 178 178 178 261 261 261 261 261 261 261 261 261 261 261 261 261 261 261 261 261 261 261 261 261 261 261 261 261 261 261 261 261 261 261 261 259 259 259 259 259 259 259 259 259 259 259 259 228 228 228 259 259 259 259 259 259 263 263 263 259 259 259 259 259 259 259 259 259 259 259 259 259 259 259 183 183 183 183 226 226 183 183 226 226 232 232 183 183 232 232 226 226 232 232 232 232 183 183 

M = 242:
242 242 242 242 242 242 242 242 242 242 242 242 242 242 242 242 242 242 242 242 242 242 242 242 242 242 242 242 242 242 242 242 242 242 242 242 242 242 242 242 242 242 242 242 242 242 242 242 242 242 242 242 242 242 242 242 242 242 242 242 242 242 242 242 242 242 242 242 242 242 242 242 242 242 242 242 242 242 242 242 242 242 242 242 242 242 242 242 242 243 243 243 243 243 243 243 243 194 194 194 194 194 194 194 194 194 194 194 194 194 194 194 194 194 194 194 194 194 194 194 194 194 194 194 194 194 194 194 194 194 194 194 240 240 240 240 240 246 246 246 246 244 244 244 245 245 245 245 245 245 245 245 245 244 244 244 245 245 245 245 245 245 245 245 245 245 245 245 245 245 245 

M = 444:
443 443 443 443 443 443 443 443 443 443 443 443 443 443 443 443 443 443 443 443 443 443 443 443 358 358 358 358 358 358 364 364 444 444 444 396 396 444 444 444 444 364 364 364 364 444 444 396 396 396 396 396 396 355 355 444 444 444 444 355 355 444 444 396 396 364 364 444 444 364 364 364 364 396 396 396 396 444 444 444 444 444 444 396 396 396 396 444 444 396 396 364 364 396 396 396 396 355 355 396 396 

M = 164:
164 164 164 164 164 164 164 164 164 164 164 164 164 164 164 164 164 164 164 164 164 164 164 164 164 164 164 164 164 164 164 164 164 164 164 164 164 164 164 164 164 164 164 164 164 164 164 164 164 164 164 164 164 164 164 164 164 164 164 164 164 164 164 164 164 164 164 164 164 164 164 164 164 164 164 164 164 164 164 164 165 165 165 165 165 165 165 165 165 165 165 165 165 165 165 165 165 165 165 165 165 165 165 165 165 165 165 165 165 165 165 165 165 165 165 165 165 165 165 165 165 165 165 165 165 165 165 165 165 165 165 165 165 165 165 165 165 165 165 165 165 165 165 165 165 165 165 165 165 165 165 165 165 165 165 165 165 165 165 165 165 165 165 165 165 165 165 165 161 161 161 161 161 161 161 167 167 167 167 162 162 162 162 167 167 167 167 167 167 167 167 167 167 167 167 167 167 167 167 167 167 167 167 167 167 167 167 167 167 167 167 167 167 167 167 162 162 162 162 162 162 162 162 162 162 162 162 167 167 167 167 162 162 162 162 167 167 167 167 167 167 167 167 167 167 167 167 167 167 167 167 163 163 163 163 163 163 163 163 163 163 163 163 163 163 163 

M = 122:
122 122 122 122 122 122 122 122 122 122 122 122 122 122 122 122 122 122 122 122 122 122 122 122 122 122 122 122 122 122 122 122 122 122 122 122 122 122 122 122 122 122 122 122 122 122 122 122 122 123 123 137 137 123 123 137 137 137 137 212 212 212 212 123 123 123 123 123 123 123 123 141 141 212 212 212 212 212 212 208 208 208 208 123 123 212 212 123 123 141 141 123 123 208 208 123 123 208 208 137 137 208 208 123 123 123 123 212 212 

M = 321:
321 321 321 329 329 329 329 321 321 321 321 321 321 321 321 325 325 325 325 321 321 321 321 321 321 321 321 325 325 325 325 329 329 329 329 321 321 321 321 321 321 321 321 321 321 321 321 325 325 325 325 329 329 329 329 321 321 321 321 329 329 329 329 321 321 321 321 321 321 321 321 321 321 321 321 322 322 322 322 

M = 267:
269 269 269 269 269 269 269 269 269 269 269 269 267 267 267 267 267 267 267 267 267 267 267 267 267 267 267 267 267 267 267 267 

M = 299:
297 297 297 297 297 297 297 299 299 299 299 299 299 299 299 299 299 299 299 299 299 299 299 299 299 299 299 299 299 299 299 299 299 299 299 299 311 311 311 311 311 311 311 311 

M = 421:
381 381 419 419 421 421 421 426 426 426 426 421 421 378 378 421 421 381 381 419 419 379 379 421 421 421 421 381 381 455 455 381 381 379 379 426 426 419 419 381 381 426 426 426 426 340 340 377 377 378 378 424 424 421 421 421 421 421 421 381 381 381 381 381 381 455 455 426 426 421 421 424 424 426 426 419 419 426 426 419 419 381 381 421 421 421 421 379 379 419 419 381 381 381 381 

M = 435:
436 436 436 436 435 435 435 435 435 435 435 435 435 

M = 292:
292 292 292 292 292 292 292 292 292 292 292 292 292 292 292 292 292 292 292 

M = 293:
293 293 293 293 293 293 293 293 293 293 293 293 293 293 293 293 293 293 293 293 293 293 293 293 293 293 293 293 293 293 293 293 293 293 293 293 293 293 293 293 293 293 293 293 293 293 293 293 293 293 293 293 293 293 293 293 293 293 293 293 293 293 293 293 293 293 293 293 293 293 293 296 296 296 296 296 296 296 296 296 296 296 296 296 296 296 296 296 296 

M = 290:
281 281 281 290 290 290 290 290 290 290 290 290 290 290 281 281 281 290 290 290 281 281 281 290 290 290 281 281 281 281 281 281 281 281 281 290 290 290 281 281 281 290 290 290 290 290 290 290 290 290 290 290 290 290 290 290 281 281 281 290 290 290 290 290 290 

M = 286:
284 284 284 284 284 284 284 284 284 398 398 286 286 286 286 286 399 399 286 286 286 286 

