M = 201:
204 204 204 204 204 202 202 202 202 202 202 202 202 207 207 207 205 205 205 205 205 205 207 207 207 205 205 205 208 208 208 206 206 206 207 207 207 205 205 205 205 205 205 208 208 208 208 208 208 206 206 206 207 207 207 207 207 207 199 199 201 226 226 201 201 201 201 201 201 201 201 203 203 201 201 201 201 226 226 201 201 201 201 201 201 199 199 199 199 201 201 199 199 201 201 201 201 201 201 201 201 201 201 

M = 146:
268 268 268 268 146 146 146 147 147 147 147 146 146 146 146 146 146 146 146 147 147 147 147 146 146 146 146 146 146 146 146 144 144 144 144 146 146 146 146 146 146 146 146 268 268 268 268 146 146 146 146 147 147 147 147 146 146 146 146 267 267 267 265 265 265 267 267 267 267 267 267 267 267 267 267 267 267 267 267 267 267 267 267 267 267 267 267 267 267 267 267 267 177 177 177 177 177 177 177 177 177 177 177 177 269 269 177 177 177 177 177 177 177 177 

M = 329:
330 330 330 329 329 329 329 329 329 329 329 329 329 329 329 329 329 329 329 329 330 330 330 330 330 330 329 329 329 330 330 330 330 330 330 327 327 334 334 334 334 334 334 327 327 327 327 334 334 334 334 

M = 337:
336 336 336 335 335 335 412 412 412 410 410 410 336 336 336 335 335 335 336 336 336 336 336 336 410 410 410 335 335 335 403 403 377 377 377 377 338 338 403 403 339 339 403 403 377 377 403 403 403 403 377 377 377 377 377 377 337 403 403 337 337 339 339 377 377 337 337 377 377 377 377 339 339 403 403 339 339 403 403 

M = 310:
310 276 276 310 310 299 299 299 299 311 311 278 278 310 310 308 308 299 299 276 276 310 310 310 310 279 279 310 310 308 308 311 311 299 299 310 310 279 279 311 311 279 279 310 310 310 310 308 308 310 310 279 279 310 310 310 310 308 308 278 278 

M = 193:
131 131 131 131 131 194 194 194 194 193 193 193 194 194 194 194 193 193 193 193 191 191 191 191 193 193 193 193 191 191 191 191 194 194 194 194 191 191 191 191 193 193 193 193 191 191 191 191 194 194 194 194 193 193 193 193 194 194 194 194 191 191 191 191 194 194 194 194 191 191 191 191 194 194 194 194 193 193 193 193 191 191 191 191 130 130 130 217 217 217 217 217 217 219 219 219 130 130 130 217 217 217 219 219 219 130 130 130 130 130 130 130 130 130 133 133 133 133 133 133 133 133 133 133 133 133 133 133 133 133 133 133 133 133 133 133 133 133 133 133 

M = 293:
293 293 293 293 293 293 293 293 293 293 293 293 293 293 293 293 293 293 293 293 293 293 293 293 293 293 293 293 293 293 293 293 293 293 293 293 293 293 293 293 293 293 293 293 293 293 293 293 293 293 293 293 293 293 293 293 293 293 293 292 292 292 292 292 292 292 292 292 292 

M = 251:
248 248 248 248 160 160 160 160 160 160 160 160 251 251 249 249 249 251 251 251 249 249 249 249 249 249 251 251 251 251 251 251 249 249 249 249 249 249 249 249 249 251 251 251 251 251 251 251 251 251 251 251 251 249 249 249 251 251 251 251 251 251 251 251 251 251 251 251 251 251 251 249 249 249 157 157 157 251 251 251 249 249 249 249 249 249 251 251 251 251 251 251 249 249 249 249 249 249 237 237 253 253 253 253 237 237 253 253 253 253 237 237 253 253 

M = 244:
244 244 244 244 244 244 244 244 244 244 244 244 244 244 245 245 245 245 245 245 245 245 245 

M = 261:
181 181 181 181 181 181 181 181 181 181 181 181 181 181 181 181 181 181 181 181 181 181 181 181 181 181 181 181 262 262 262 262 262 228 228 228 228 228 262 262 262 262 262 261 261 261 261 261 261 261 261 261 261 261 261 261 261 261 261 261 261 261 261 261 261 261 261 261 261 261 261 261 261 261 261 261 261 261 261 261 261 261 261 261 261 261 261 261 261 261 231 231 231 178 178 178 178 178 178 178 178 178 231 231 231 178 178 178 259 259 259 230 230 230 259 259 259 178 178 178 178 178 178 178 178 178 178 178 178 178 178 178 259 259 259 178 178 178 178 178 178 178 178 178 259 259 259 231 231 231 184 184 263 263 263 263 263 263 263 263 263 263 263 263 

M = 321:
317 317 317 317 317 317 322 322 322 317 317 317 320 320 320 321 324 324 321 321 321 321 325 325 321 321 324 324 321 321 324 324 318 318 321 321 321 321 324 324 321 321 321 321 325 325 324 324 324 324 324 324 324 324 324 324 321 321 324 324 324 324 318 318 321 321 324 324 325 325 324 324 321 321 

M = 196:
126 126 126 126 126 126 126 126 126 126 126 126 126 126 126 126 126 126 126 126 126 126 126 126 127 127 127 127 127 127 127 127 127 127 127 127 127 127 127 127 127 127 127 127 127 127 127 127 127 128 128 128 128 240 240 240 240 240 240 240 240 240 196 196 196 196 196 240 240 240 196 196 196 196 196 196 240 240 240 240 240 240 196 196 196 240 240 240 196 196 196 239 239 239 240 240 240 196 196 196 196 196 196 196 196 196 196 196 196 197 197 197 240 240 240 196 196 196 197 197 197 125 125 125 125 125 125 125 125 125 125 

M = 169:
169 169 169 190 190 190 190 169 169 169 169 169 169 169 169 190 190 190 190 190 190 190 190 169 169 169 169 169 169 169 169 169 169 169 169 169 169 169 169 190 190 190 190 169 169 169 169 190 190 190 190 190 190 190 190 

M = 242:
242 242 242 242 242 242 242 242 242 242 242 242 242 242 242 242 242 242 242 242 242 242 242 242 242 242 242 242 242 242 242 242 242 242 242 242 242 242 242 242 242 242 242 242 242 242 242 242 241 241 241 241 241 241 241 241 

M = 164:
164 164 164 164 164 164 164 164 164 164 164 164 164 164 164 164 164 164 164 164 164 164 164 164 164 164 164 164 164 164 164 164 164 164 164 164 164 164 164 164 164 164 164 164 164 164 164 164 164 164 164 164 164 164 164 164 164 164 164 164 164 164 164 164 164 164 164 164 164 164 164 164 164 164 164 164 164 164 164 164 164 164 164 164 164 164 164 165 165 165 165 165 165 165 165 165 165 165 165 165 165 165 165 165 165 165 165 165 165 165 165 165 165 165 165 165 165 165 165 165 165 165 165 165 165 165 165 165 165 165 165 165 165 165 165 165 165 165 165 165 165 165 165 165 165 165 165 165 165 165 165 165 165 165 165 165 165 165 165 162 162 162 163 163 163 163 163 163 163 163 163 163 163 163 163 163 163 163 163 163 162 162 162 162 162 162 162 162 162 162 162 162 162 162 162 163 163 163 156 156 156 156 156 156 156 156 

M = 167:
167 167 167 167 167 167 167 167 167 167 167 167 167 167 167 167 167 167 167 167 167 167 167 167 167 167 167 167 167 167 167 167 167 167 167 255 255 172 172 172 172 172 172 172 172 172 172 172 172 172 172 172 172 172 172 172 172 255 255 172 172 172 172 172 172 255 255 

M = 138:
123 123 123 123 136 136 136 136 123 123 123 123 122 122 122 122 124 124 124 124 124 124 124 124 122 122 122 122 123 123 123 123 122 122 122 122 122 122 122 122 122 122 122 122 124 124 124 124 122 122 122 122 136 136 136 136 136 136 136 136 122 122 122 122 124 124 124 124 136 136 136 136 122 122 122 122 136 136 136 136 123 123 123 123 122 122 122 122 123 123 123 123 124 124 124 124 141 141 141 141 141 141 141 141 141 141 141 141 141 141 141 141 141 141 141 141 141 141 141 141 141 141 141 141 141 141 141 141 141 141 141 141 141 141 141 138 138 138 138 138 138 138 138 138 138 138 138 138 138 138 138 138 138 138 138 138 138 138 138 138 138 138 138 138 138 138 138 138 

M = 433:
440 440 440 440 440 440 440 440 440 440 440 440 440 440 440 440 440 440 440 440 440 440 440 440 440 440 440 440 440 440 440 440 440 440 440 440 440 440 440 440 440 440 440 440 440 440 440 440 440 440 440 440 440 440 435 435 435 435 435 362 362 362 362 362 438 438 438 438 438 438 438 438 442 442 442 442 438 438 438 438 438 438 438 438 438 438 438 438 438 438 438 438 438 438 438 438 442 442 442 442 438 438 438 438 444 444 444 444 444 444 444 444 444 444 444 444 444 444 444 433 433 444 444 444 433 433 433 444 444 444 433 433 433 390 390 390 433 433 433 444 444 444 433 433 433 433 433 433 444 444 444 444 444 444 444 444 444 433 433 433 444 444 444 388 388 388 388 387 387 361 361 366 366 366 366 366 366 387 387 366 366 366 366 366 366 366 366 389 389 366 366 388 388 389 389 366 366 366 366 366 366 388 388 387 387 366 366 388 388 387 387 388 388 388 388 388 388 366 366 387 387 387 387 366 366 388 388 387 387 366 366 366 366 366 366 387 387 388 388 389 389 

M = 290:
280 280 280 280 280 281 281 281 281 281 281 281 281 281 281 280 280 280 280 280 281 281 281 281 281 281 281 281 281 281 280 280 280 280 280 284 284 284 284 284 284 284 284 284 284 284 284 286 286 286 291 291 290 288 288 291 291 290 290 290 290 288 288 290 290 290 290 290 290 290 290 290 290 288 288 288 288 291 291 291 291 290 290 290 290 290 290 288 288 290 290 290 290 290 290 290 290 291 291 290 290 291 291 

M = 427:
359 359 359 359 359 359 359 359 359 359 359 359 359 359 359 359 359 359 359 359 359 359 359 359 356 356 356 379 379 379 428 428 428 379 379 379 379 379 379 379 379 379 379 379 379 428 428 428 356 356 356 379 379 379 379 379 379 428 428 428 428 428 428 379 379 379 379 379 379 421 421 419 419 400 400 427 455 455 421 421 426 426 426 426 456 456 427 427 427 427 456 456 427 427 355 355 355 355 355 355 355 355 419 419 426 426 421 421 424 424 400 400 455 455 422 422 427 427 355 355 456 456 355 355 426 426 427 427 419 419 456 456 400 400 355 355 426 426 421 421 427 427 400 400 421 421 421 421 426 426 400 400 426 426 419 419 427 427 427 427 426 426 355 355 427 427 424 424 427 427 422 422 355 355 421 421 421 421 419 419 

