M = 147:
180 180 180 180 180 180 180 180 180 180 180 180 180 180 180 180 180 180 180 180 180 180 180 180 180 180 180 180 180 180 180 180 178 178 178 178 178 178 178 178 178 178 178 178 178 178 178 178 178 178 178 178 178 262 262 262 262 262 262 147 147 147 147 147 262 262 262 262 262 262 146 146 146 146 146 146 146 146 146 146 146 146 262 262 262 262 262 262 147 147 147 147 147 147 146 146 146 146 146 146 146 146 146 146 146 146 262 262 262 262 262 262 265 265 265 265 265 265 146 146 146 146 146 146 146 146 146 146 146 146 262 262 262 262 262 262 146 146 146 146 146 146 146 146 146 146 146 146 262 262 262 262 262 262 147 147 147 147 147 147 146 146 146 146 146 146 262 262 262 262 262 262 266 266 266 266 266 142 142 142 142 144 144 144 144 144 144 144 144 177 177 177 177 177 177 143 143 143 143 143 143 268 268 268 143 143 143 143 143 143 177 177 177 143 143 143 143 143 143 143 143 143 267 267 

M = 205:
205 205 205 205 205 205 205 205 205 205 205 205 205 205 205 205 205 205 205 205 205 204 204 204 204 205 205 205 205 

M = 259:
229 229 229 229 229 229 229 229 229 229 259 259 259 259 259 230 230 230 258 258 258 259 259 259 259 259 259 261 261 261 261 261 261 182 182 182 182 182 182 261 261 261 230 230 230 261 261 261 259 259 259 259 259 259 261 261 261 261 261 261 259 259 259 258 258 258 261 261 261 232 232 232 232 232 232 232 232 232 232 232 232 232 232 232 232 232 232 232 232 232 232 232 232 232 232 

M = 158:
158 158 159 159 159 159 159 159 158 158 158 159 159 159 160 160 160 158 158 158 160 160 160 158 158 158 158 158 158 158 158 158 157 157 157 157 157 157 157 157 

M = 337:
336 336 336 336 336 336 336 336 336 336 336 336 336 336 336 336 336 336 336 336 336 336 336 336 336 336 336 336 336 336 336 336 338 338 338 339 339 339 339 339 339 339 339 339 339 339 339 338 338 338 405 405 403 403 405 405 403 403 403 403 403 403 335 335 337 337 337 337 337 403 403 337 337 405 405 337 337 337 337 337 337 403 403 337 337 405 405 405 405 337 337 403 403 337 337 403 403 405 405 337 337 335 335 337 337 403 403 403 403 403 403 405 405 337 337 

M = 440:
439 439 439 439 439 439 439 439 439 439 439 439 440 440 440 440 440 440 440 440 440 440 440 436 436 436 436 440 440 440 440 434 434 434 434 434 434 434 434 441 441 441 441 440 440 440 440 434 434 434 434 440 440 440 440 440 440 440 440 440 440 440 440 438 438 438 438 438 438 438 438 440 440 440 440 440 440 440 440 440 440 440 440 441 441 441 441 440 440 440 440 

M = 454:
349 349 349 349 349 349 455 455 455 359 359 359 456 456 456 452 452 452 359 359 359 359 359 359 456 456 456 452 452 452 452 452 452 349 349 349 359 359 359 452 452 452 359 359 359 358 358 358 358 454 454 454 358 358 454 454 454 454 358 358 454 454 

M = 193:
193 193 193 193 193 193 193 193 193 193 193 193 193 193 193 193 193 193 193 193 193 193 193 193 193 193 193 193 193 193 193 193 193 193 193 193 193 193 193 193 193 194 194 194 194 194 194 194 194 194 194 194 194 194 194 194 194 194 194 194 194 194 194 194 194 194 194 194 194 193 193 193 193 193 193 193 194 194 194 194 194 194 194 194 194 194 194 194 194 194 194 194 194 194 194 194 194 194 194 194 194 194 194 194 194 194 194 194 194 194 194 191 191 191 191 191 191 134 134 134 134 134 190 190 190 190 190 190 190 190 190 190 190 190 131 131 131 131 190 190 190 190 190 190 190 190 130 130 130 130 130 130 130 130 130 130 130 130 130 130 130 130 130 130 130 130 130 130 130 130 130 130 130 216 216 216 130 130 130 130 130 130 130 130 130 130 130 130 216 216 216 192 192 218 218 192 192 

M = 444:
356 356 356 444 443 443 443 443 444 444 444 444 443 443 444 444 444 444 444 444 444 444 443 443 444 444 444 444 443 443 444 444 444 444 

M = 379:
377 377 377 377 375 375 379 377 377 379 379 379 379 375 375 377 377 380 380 379 379 380 380 380 380 377 377 379 379 375 375 380 380 375 375 380 380 377 377 377 377 375 375 377 377 380 380 377 377 375 375 379 379 380 380 379 379 375 375 377 377 377 377 379 379 379 379 375 375 379 379 379 379 377 377 380 380 379 379 379 379 379 379 379 379 380 380 380 380 377 377 377 377 375 375 379 379 379 379 380 380 379 379 380 380 375 375 379 379 

M = 244:
243 243 243 243 243 243 243 243 243 243 243 243 243 243 243 243 243 243 243 243 243 243 243 243 243 243 243 243 243 243 243 243 243 243 243 243 243 243 243 243 243 243 244 244 244 244 244 244 244 244 244 244 244 244 244 244 244 244 244 244 244 244 244 244 244 245 245 245 245 245 245 244 244 244 244 244 244 244 244 244 244 244 244 244 244 244 244 244 244 244 244 244 244 244 244 245 245 245 245 245 245 

M = 123:
119 119 119 119 119 136 136 136 136 136 136 136 136 136 136 136 136 136 136 136 136 136 136 136 136 136 136 136 136 136 136 136 136 136 136 136 136 136 136 136 136 136 136 136 136 136 136 136 136 139 139 139 139 139 139 126 126 127 127 122 122 140 140 127 127 123 126 126 126 126 123 123 122 122 122 122 126 126 123 123 122 122 135 135 135 135 122 122 127 127 122 122 127 127 127 127 123 123 126 126 135 135 126 126 123 123 135 135 141 141 126 126 122 122 141 141 135 135 126 126 122 122 135 135 126 126 123 123 127 127 126 126 126 126 127 127 122 122 135 135 122 122 123 123 140 140 127 127 122 122 140 140 140 140 141 141 127 127 127 127 141 141 126 126 140 140 123 123 122 122 122 122 123 123 135 135 126 126 127 127 123 123 123 123 127 127 

M = 342:
346 346 346 346 344 344 344 344 344 344 341 341 341 344 344 344 343 343 343 344 344 344 376 376 342 342 342 342 342 342 342 342 342 342 342 376 376 342 342 342 342 342 342 342 342 342 342 376 376 

M = 242:
242 242 242 242 242 242 242 242 242 242 242 242 242 242 242 242 242 242 242 242 242 242 242 242 242 242 242 242 242 242 242 242 242 242 242 242 242 242 242 242 242 242 242 242 242 242 242 242 242 242 242 242 242 242 242 242 242 242 242 242 242 242 240 240 240 240 240 240 240 240 240 240 240 240 240 240 240 240 240 240 241 241 241 241 241 241 241 241 241 241 241 241 241 241 241 248 248 248 248 

M = 366:
388 388 364 364 366 366 366 366 366 366 366 366 366 366 366 366 366 366 366 368 368 364 364 365 365 366 366 360 360 366 366 366 366 365 365 388 388 388 388 388 388 366 366 360 360 365 365 365 365 366 366 366 366 365 365 366 366 366 366 

M = 165:
165 165 165 165 165 165 165 165 165 165 165 165 165 165 165 165 165 165 165 165 165 165 165 165 165 165 165 165 165 165 165 165 165 165 165 165 165 165 165 165 165 165 165 165 165 165 165 165 165 165 165 165 165 165 165 165 165 165 165 165 165 165 165 165 165 165 165 165 165 165 165 165 165 165 165 165 165 165 165 164 164 164 164 164 164 164 164 164 164 164 164 164 164 164 164 164 164 164 164 164 167 167 167 167 167 167 167 167 167 167 167 167 167 167 167 167 167 167 167 167 249 249 167 167 167 167 167 167 167 167 167 167 167 167 249 249 

M = 328:
329 329 329 329 325 325 325 325 322 322 322 322 325 325 325 325 329 329 329 329 326 326 326 326 325 325 325 325 329 329 329 329 325 325 325 325 325 325 325 325 329 329 329 329 325 325 325 325 333 333 333 333 329 329 329 329 333 333 333 333 325 325 325 325 322 322 322 322 333 333 333 333 333 333 333 333 333 333 333 333 321 321 321 393 393 393 393 393 393 323 323 401 401 323 323 331 331 323 323 401 401 323 323 330 330 327 327 401 401 331 331 331 331 330 330 323 323 331 331 401 401 401 401 323 323 323 323 331 331 328 323 323 401 401 401 401 

M = 407:
411 411 411 410 410 410 407 407 408 408 408 407 407 407 407 407 407 410 410 410 415 415 415 415 415 415 415 415 415 415 415 415 415 415 

M = 293:
296 296 296 293 293 293 293 293 293 293 293 296 296 296 293 293 293 293 293 293 293 293 293 296 296 296 293 293 293 318 318 318 318 318 318 296 296 296 293 293 293 296 296 296 293 293 293 293 293 293 293 293 293 296 296 296 293 293 293 296 296 296 293 293 293 296 296 296 296 296 296 292 292 292 292 292 292 292 292 292 292 292 292 

M = 162:
161 161 161 161 161 161 162 162 162 162 162 162 162 162 162 162 162 162 162 

