M = 201:
250 250 250 250 250 250 250 250 250 250 250 250 250 250 250 250 250 250 204 204 204 204 204 204 204 204 204 204 204 204 204 204 204 204 204 204 204 204 204 204 204 204 251 251 251 251 204 204 204 204 251 251 251 251 204 204 204 204 204 204 204 204 204 204 204 204 204 204 204 204 204 204 204 204 206 206 206 205 205 205 206 206 206 206 206 206 205 205 205 206 206 206 205 205 205 206 206 206 206 206 206 205 205 205 206 206 206 203 203 203 235 235 235 235 208 208 201 208 208 235 235 235 235 235 235 237 237 235 235 201 201 237 237 208 208 201 201 235 235 208 208 208 208 235 235 201 201 201 201 235 235 237 237 235 235 201 201 235 235 235 235 235 235 208 208 201 201 235 235 237 237 208 208 235 235 208 208 201 201 208 208 201 201 235 235 201 201 201 201 235 235 201 201 201 201 201 201 235 235 235 235 201 201 201 201 201 201 237 237 

M = 123:
126 126 126 126 126 126 123 123 124 124 124 123 123 123 123 123 123 124 124 124 123 123 123 124 124 124 123 123 123 123 123 123 123 123 123 123 123 123 124 124 124 123 123 123 124 124 124 123 123 123 123 123 123 123 123 123 124 124 124 123 123 123 123 123 123 123 123 123 123 123 123 123 123 123 123 123 123 132 132 132 132 132 132 132 132 132 132 132 132 132 132 132 132 132 132 125 125 132 132 125 125 125 125 132 132 

M = 339:
341 341 341 341 341 341 341 341 341 341 339 339 339 339 339 339 339 339 339 341 341 341 341 341 339 339 339 339 339 341 341 341 341 341 341 341 341 341 341 341 341 341 341 341 341 341 341 341 341 339 339 339 339 339 341 341 341 341 341 339 339 339 339 339 341 341 341 341 341 337 337 337 337 337 337 337 337 337 337 337 337 337 337 337 337 337 337 337 337 337 337 337 337 337 337 337 337 379 379 379 379 337 337 337 337 337 337 337 337 377 377 377 377 377 377 377 377 377 338 338 338 403 403 403 403 403 403 403 403 403 403 403 403 403 403 403 403 403 403 403 403 

M = 409:
409 409 409 409 409 409 409 409 409 409 409 409 409 409 409 409 409 409 409 410 410 410 410 409 409 409 409 409 409 409 409 409 409 409 409 410 410 410 410 411 411 411 411 411 411 411 411 411 411 411 411 

M = 196:
245 245 245 245 245 245 245 245 242 242 242 242 242 242 242 127 127 127 127 127 194 194 194 194 194 127 127 127 127 127 130 130 130 130 130 130 130 130 130 130 130 130 130 130 130 127 127 127 127 127 130 130 130 130 130 130 130 130 130 130 194 194 194 194 194 194 194 194 194 194 130 130 130 130 130 194 194 194 194 194 127 127 127 127 127 194 194 194 194 194 130 130 130 130 130 194 194 194 194 194 194 194 194 194 194 197 197 197 197 197 197 197 197 197 197 197 197 197 197 197 197 197 197 197 197 197 197 197 197 196 196 196 196 196 196 196 196 196 196 196 196 196 196 196 196 196 196 196 196 196 196 196 

M = 136:
134 134 134 134 134 134 134 134 134 134 136 136 136 136 136 136 136 136 136 136 136 136 136 136 136 136 136 136 136 136 136 136 136 136 136 136 136 136 136 136 136 135 135 135 135 135 135 135 135 135 137 137 137 137 137 137 137 137 

M = 219:
219 219 219 219 219 219 219 219 218 218 218 218 218 218 218 218 218 218 218 218 219 219 219 218 218 218 219 219 219 219 219 219 219 219 219 219 219 219 219 219 219 219 219 219 219 219 219 218 218 218 218 218 218 193 193 193 193 193 193 193 193 190 190 193 193 190 190 193 193 190 190 190 190 190 190 190 190 193 193 190 190 

M = 407:
336 336 336 336 336 336 336 336 336 336 336 336 406 406 406 408 408 408 408 408 408 408 408 408 406 406 406 408 408 408 408 408 408 368 368 368 368 407 407 407 368 368 415 415 407 407 368 368 407 407 368 368 368 368 368 368 368 368 368 368 407 407 407 407 368 368 413 413 407 407 368 368 407 407 415 415 368 368 415 415 368 368 415 415 407 407 

M = 177:
180 180 180 180 180 180 180 180 180 180 180 180 180 180 180 180 180 180 145 145 145 145 145 146 146 146 146 146 146 146 146 146 146 146 146 146 146 146 146 146 146 146 146 146 146 146 146 146 146 146 146 146 146 146 146 146 146 146 146 146 146 146 146 146 146 146 146 146 145 145 145 145 145 145 145 145 145 145 179 179 179 179 177 177 182 182 182 182 182 182 177 177 177 177 177 177 182 182 182 177 177 177 177 177 177 177 177 177 182 182 182 182 182 182 177 177 177 182 182 182 177 177 177 182 182 182 177 177 177 177 177 177 177 177 177 177 177 177 182 182 182 182 182 182 182 182 182 178 178 178 178 178 178 178 178 178 178 178 178 178 178 178 178 178 178 226 226 178 178 178 178 178 178 178 178 

M = 261:
261 261 261 261 261 261 261 261 261 261 261 261 261 261 261 261 261 261 261 261 261 261 261 261 261 261 261 261 261 261 261 261 261 261 261 261 261 261 261 261 261 261 261 261 261 261 261 261 261 261 261 261 261 261 261 261 261 261 261 261 261 261 261 261 261 261 261 261 261 261 261 261 261 261 229 229 229 229 262 262 229 229 262 262 262 262 262 262 

M = 273:
276 276 276 276 276 276 283 283 283 276 276 276 276 276 276 152 152 152 152 152 152 276 276 276 283 283 283 283 283 283 152 152 152 283 283 283 276 276 276 273 284 284 273 273 272 272 273 273 279 279 273 273 272 272 272 272 272 272 273 273 273 273 151 151 151 151 151 151 273 273 273 273 151 151 279 279 273 273 151 151 279 279 272 272 279 279 279 279 272 272 151 151 272 272 273 273 272 272 272 272 272 272 279 279 273 273 272 272 284 284 272 272 273 273 151 151 151 151 273 273 273 273 272 272 151 151 151 151 279 279 279 279 273 273 284 284 151 151 279 279 273 273 273 273 272 272 151 151 

M = 326:
326 326 326 326 326 326 326 326 326 326 326 326 326 326 326 326 326 326 326 326 326 326 326 326 326 326 326 326 326 326 326 326 326 326 326 326 326 326 400 400 327 327 400 400 327 327 400 400 400 400 400 400 400 400 400 400 

M = 266:
265 265 265 265 265 265 265 265 265 265 266 266 266 266 265 265 265 265 265 266 266 266 266 266 266 266 266 266 266 266 266 266 266 266 266 266 266 266 266 265 265 265 265 265 266 266 266 266 266 266 266 266 266 266 264 264 264 264 264 264 264 264 264 264 264 264 264 264 264 264 264 264 269 269 269 270 270 270 270 270 270 270 270 270 270 270 270 

M = 232:
258 258 258 258 258 258 258 258 258 258 258 258 258 258 258 258 258 258 233 233 259 259 259 259 259 259 233 233 233 233 232 233 233 232 232 230 230 259 259 228 228 230 230 232 232 232 232 232 232 233 233 233 233 259 259 232 232 230 230 233 233 232 232 228 228 259 259 232 232 259 259 233 233 232 232 232 232 232 232 232 232 232 232 230 230 233 233 232 232 233 233 259 259 232 232 232 232 232 232 233 233 233 233 259 259 255 255 233 233 233 233 

M = 164:
164 164 164 164 164 164 164 164 164 164 164 164 164 164 164 164 164 164 164 164 164 164 164 164 164 164 164 164 164 164 164 164 164 164 164 164 164 164 164 164 164 164 164 164 164 164 164 163 163 163 163 163 163 163 163 163 163 163 163 163 163 163 163 163 163 163 163 163 163 163 163 163 167 167 167 167 167 167 167 167 167 167 167 167 167 167 167 167 167 167 167 167 167 167 167 167 167 167 167 167 167 167 167 167 167 167 167 167 167 167 167 

M = 165:
165 165 165 165 165 165 165 165 165 165 165 165 165 165 165 165 165 165 165 165 165 165 165 165 165 165 165 165 165 165 165 165 165 165 165 165 165 165 165 165 165 165 165 165 165 165 165 165 165 165 165 165 165 165 165 165 165 165 165 165 165 165 165 165 165 165 165 165 165 165 165 165 165 165 165 165 249 249 249 249 249 249 249 249 249 169 169 169 249 249 249 249 249 249 169 169 169 249 249 249 169 169 169 249 249 249 249 249 249 249 249 249 249 249 249 249 249 249 249 249 249 

M = 139:
142 142 142 142 133 133 140 140 139 139 139 139 139 133 133 133 133 139 139 139 139 133 133 133 133 140 140 139 139 139 139 133 133 133 133 140 140 139 139 139 139 140 140 140 140 133 133 140 140 133 133 133 133 140 140 140 140 139 139 133 133 140 140 140 140 139 139 140 140 139 139 139 139 133 133 

M = 329:
335 335 335 335 334 334 334 334 334 334 334 334 331 331 331 331 331 331 436 436 329 436 436 329 329 329 329 329 329 436 436 329 329 329 329 329 329 329 329 329 329 436 436 329 329 436 436 436 436 436 436 329 329 329 329 

M = 162:
157 157 157 157 157 157 157 157 156 156 162 162 162 156 156 162 162 162 162 154 154 162 162 162 162 162 162 162 162 162 162 156 156 162 162 156 156 156 156 162 162 162 162 162 162 162 162 162 162 156 156 162 162 

M = 426:
456 456 456 456 456 456 456 456 456 456 456 456 456 456 456 456 456 456 456 456 456 419 419 419 419 426 426 426 286 286 426 426 419 419 419 419 426 426 419 419 426 426 426 426 426 426 426 426 426 426 419 419 286 286 286 286 419 419 426 426 286 286 286 286 419 419 419 419 419 419 426 426 426 426 426 426 426 426 419 419 419 419 

