M = 124:
126 126 126 126 126 126 126 126 126 126 126 126 124 124 124 124 124 124 124 124 124 124 124 124 124 124 124 124 124 124 124 125 125 210 210 210 210 210 210 210 210 125 125 210 210 125 125 210 210 210 210 125 125 210 210 210 210 210 210 125 125 210 210 125 125 125 125 210 210 210 210 125 125 125 125 125 125 210 210 125 125 210 210 210 210 210 210 125 125 125 125 210 210 

M = 120:
119 119 119 119 119 120 120 120 120 119 119 119 119 119 120 120 120 120 120 120 120 120 120 120 119 119 119 119 119 119 119 119 119 119 120 120 120 120 120 119 119 119 119 119 120 120 120 120 120 120 120 120 120 120 120 120 120 120 120 120 120 120 120 120 119 119 119 119 119 120 120 120 120 120 119 119 119 119 119 120 120 120 120 120 121 121 121 121 121 121 121 121 121 

M = 440:
440 440 440 438 438 440 440 440 440 438 438 440 440 440 440 440 440 440 440 440 440 440 440 438 438 440 440 438 438 438 438 440 440 440 440 440 440 440 440 440 440 438 438 

M = 143:
142 142 142 142 142 142 142 144 144 144 144 144 144 144 142 142 142 142 142 142 142 143 143 143 143 143 143 143 143 143 143 143 

M = 157:
158 158 158 158 158 158 158 158 158 158 158 158 158 158 158 158 158 158 159 159 159 159 159 159 159 159 159 159 159 159 159 159 159 159 159 159 159 159 159 159 159 159 159 163 163 163 163 163 163 163 163 163 163 163 163 163 163 163 163 163 163 163 163 157 157 157 162 162 162 162 162 162 162 162 162 162 

M = 208:
205 205 205 205 205 205 208 208 208 208 208 208 208 199 199 199 199 208 208 208 208 208 208 208 208 208 208 208 208 208 208 208 208 208 208 208 208 207 207 207 207 207 207 226 226 226 226 226 226 207 207 207 207 207 207 

M = 196:
127 127 127 127 127 196 196 196 240 240 240 240 196 196 196 196 240 240 240 240 240 240 240 240 240 240 240 240 196 196 196 196 196 196 196 196 196 196 196 196 196 196 196 196 196 196 196 196 196 196 196 196 128 128 128 128 196 196 196 196 240 240 240 240 

M = 307:
305 305 305 305 305 305 305 305 303 303 303 303 303 303 303 303 303 303 303 303 309 309 309 309 309 309 309 309 301 301 301 297 297 297 297 297 297 301 301 301 297 297 297 297 297 297 306 306 306 306 306 306 307 312 312 312 312 307 307 307 307 312 312 312 312 

M = 245:
245 245 245 245 245 245 245 245 245 245 245 245 245 245 245 245 245 245 245 245 245 245 245 245 245 245 242 242 242 242 242 242 242 242 242 242 242 242 242 242 244 244 244 244 244 244 244 244 244 244 244 244 244 244 244 244 244 244 244 244 244 244 244 244 

M = 130:
131 131 130 130 130 130 130 130 130 130 130 130 130 130 130 130 130 130 130 131 131 130 130 131 131 130 130 130 130 130 130 130 130 130 130 130 130 

M = 215:
218 218 218 218 218 218 218 140 140 140 140 140 215 215 215 215 215 215 215 216 216 

M = 377:
377 375 375 375 375 378 378 377 377 377 377 375 375 375 375 377 377 340 340 343 343 378 378 375 375 377 377 377 377 338 338 377 377 375 375 378 378 344 344 338 338 338 338 377 377 377 377 340 340 375 375 377 377 375 375 338 338 

M = 229:
228 228 228 228 182 182 182 182 182 182 182 182 182 229 229 229 229 229 229 229 229 229 229 229 229 229 229 229 229 229 229 229 229 229 229 229 229 229 229 229 229 229 229 229 229 229 229 229 229 229 

M = 178:
147 147 147 147 147 147 265 265 265 265 265 265 265 265 265 265 265 265 265 265 265 179 179 179 181 181 181 181 181 181 181 181 181 175 175 175 175 178 178 178 175 175 175 175 178 178 175 175 178 178 178 178 175 175 178 178 178 178 175 175 178 178 175 175 178 178 175 175 175 175 178 178 178 178 178 178 175 175 175 175 175 175 175 175 175 175 175 175 175 175 175 175 

M = 194:
191 191 191 191 191 191 191 191 191 191 191 191 194 194 194 194 194 194 194 194 194 194 194 194 194 194 194 194 194 194 194 194 194 194 194 194 194 

M = 235:
235 235 235 235 235 235 235 235 235 235 235 235 235 235 235 235 235 235 235 202 202 202 202 235 235 235 235 235 235 235 235 235 235 235 235 235 235 235 235 202 202 202 202 235 235 235 235 235 235 235 235 201 201 201 201 201 201 201 201 201 201 201 201 201 201 201 201 201 201 201 201 201 201 201 201 201 201 201 253 253 253 253 253 253 253 253 253 253 253 253 253 253 

M = 268:
268 268 268 268 268 268 268 268 268 268 268 268 268 268 268 268 268 268 268 268 268 268 268 268 268 268 268 268 268 268 268 268 268 268 268 268 268 268 268 268 268 268 268 268 268 268 268 268 268 268 268 268 268 268 268 268 268 268 268 266 266 266 266 266 266 266 266 271 271 271 271 271 271 271 146 146 146 146 146 146 146 267 267 267 267 267 267 269 269 269 269 269 269 274 274 274 274 274 274 274 274 274 274 274 274 274 274 274 274 150 150 150 150 150 150 150 150 150 150 150 150 150 150 

M = 249:
248 248 248 248 248 248 248 248 248 248 248 248 248 248 248 248 248 248 248 248 248 248 248 248 248 248 248 248 248 248 248 248 248 251 251 251 251 251 251 251 251 251 251 251 251 251 251 251 251 251 251 251 251 251 251 251 251 251 251 251 251 251 251 251 251 251 251 251 251 251 251 251 251 251 251 251 251 251 251 251 251 251 251 251 251 251 251 251 251 251 251 251 251 251 251 251 249 249 249 249 249 249 249 249 249 249 249 249 249 249 249 249 249 249 249 249 249 249 249 249 249 249 249 249 249 249 249 249 249 249 249 249 249 249 249 249 249 237 237 237 237 

M = 165:
164 164 164 164 164 164 164 164 164 164 164 164 164 164 164 164 164 164 164 164 164 164 164 164 164 164 164 164 164 164 164 164 164 164 164 165 165 165 165 165 165 165 165 165 165 165 165 165 165 165 165 165 165 165 165 165 165 165 165 165 165 165 165 165 165 165 165 165 165 165 165 165 165 165 165 165 165 165 165 165 165 165 169 169 169 169 169 169 169 169 169 169 169 169 169 169 169 

M = 220:
219 219 219 219 219 219 219 219 219 219 219 219 219 219 219 219 219 219 220 220 220 220 220 220 220 220 220 220 220 220 220 220 220 220 220 220 220 220 220 

