M = 146:
265 265 265 265 265 265 265 265 265 265 265 265 265 265 265 265 265 265 146 146 146 146 146 146 146 146 146 146 146 146 146 146 146 146 146 146 146 146 146 146 146 146 146 146 146 146 146 146 146 146 146 146 146 146 146 146 146 146 146 146 146 146 146 146 146 146 146 146 146 146 146 146 146 146 146 146 146 146 146 146 146 146 146 146 146 146 146 268 268 268 268 268 268 267 267 267 267 267 267 268 268 268 268 268 268 145 145 145 145 145 145 148 148 148 303 303 303 303 303 303 303 303 303 303 303 303 303 303 

M = 251:
159 159 159 159 159 205 205 205 205 157 157 157 157 157 157 157 157 157 157 157 157 157 157 157 157 157 157 157 157 157 157 157 157 157 157 157 251 251 251 158 158 250 250 251 251 158 158 251 251 251 251 158 158 251 251 158 158 251 251 251 251 251 251 250 250 251 251 251 251 158 158 251 251 251 251 251 251 251 251 158 158 250 250 250 250 251 251 250 250 

M = 355:
356 356 359 359 360 360 361 361 360 360 359 359 355 355 355 360 360 356 356 356 356 360 360 355 355 361 361 284 284 355 355 355 355 356 356 360 360 356 356 355 355 356 356 284 284 355 355 356 356 361 361 359 359 360 360 356 356 356 356 359 359 

M = 401:
401 401 401 401 401 401 401 400 400 400 400 401 401 401 401 401 401 401 401 401 401 401 401 401 401 401 401 401 401 401 401 400 400 400 400 400 400 400 400 401 401 401 401 401 401 401 401 400 400 400 400 400 400 400 400 401 401 401 401 401 401 401 401 401 401 401 401 400 400 400 400 401 401 401 401 401 401 401 401 401 401 401 401 320 320 320 320 320 320 399 399 399 399 399 399 398 398 398 398 398 398 

M = 249:
249 249 249 249 249 249 249 249 249 249 249 249 249 249 249 249 249 249 249 249 249 249 249 249 249 249 249 249 249 249 249 249 249 249 248 248 248 248 248 249 249 249 249 249 249 249 249 249 249 249 249 249 249 249 248 248 248 248 248 249 249 249 249 249 249 249 249 249 249 249 249 249 249 249 249 249 249 249 249 

M = 337:
336 336 336 336 336 336 336 336 336 336 336 336 407 407 407 337 337 337 337 337 341 341 341 337 337 337 339 339 339 407 407 407 409 409 409 337 337 337 337 337 337 409 409 409 337 337 337 411 411 411 411 405 405 405 405 411 411 405 405 411 411 406 406 405 405 405 405 411 411 405 405 405 405 

M = 180:
180 180 180 180 180 180 180 180 180 180 180 180 180 180 180 180 180 

M = 193:
219 219 219 219 219 219 219 193 193 193 193 193 217 217 217 217 217 217 193 193 193 193 193 193 193 193 193 193 193 193 193 193 193 193 193 193 190 190 190 190 190 190 193 193 193 193 193 193 193 193 193 193 193 193 130 130 130 130 130 130 130 130 130 130 130 130 130 130 130 130 130 130 130 130 130 130 130 130 130 130 130 130 130 130 

M = 444:
445 445 435 435 297 297 445 445 444 290 290 297 297 444 444 443 443 444 444 290 290 290 290 297 297 443 443 442 442 297 297 290 290 297 297 444 444 362 362 290 290 290 290 445 445 362 362 444 444 362 362 290 290 297 297 443 443 444 444 444 444 297 297 445 445 444 444 445 445 435 435 445 445 444 444 362 362 362 362 290 290 445 445 435 435 445 445 444 444 435 435 443 443 444 444 435 435 444 444 362 362 445 445 288 288 290 290 290 290 444 444 290 290 444 444 443 443 435 435 297 297 

M = 332:
335 335 335 335 335 335 335 335 335 335 335 335 388 388 332 332 332 332 332 332 332 332 332 332 332 332 332 332 332 388 388 332 332 332 332 332 332 388 388 388 388 332 332 332 332 332 332 332 332 332 332 

M = 183:
178 178 178 178 178 178 178 178 178 178 178 178 178 178 178 178 182 182 182 182 182 228 228 228 228 228 177 177 177 177 177 177 177 177 183 183 183 183 183 183 183 183 183 183 183 183 183 183 183 183 183 183 183 183 183 183 183 

M = 122:
122 122 122 122 122 122 122 122 122 122 122 122 122 122 122 122 122 122 122 122 122 122 122 122 122 122 122 122 122 122 122 122 122 122 122 122 122 122 122 208 208 208 208 208 208 208 208 208 208 208 208 208 208 208 208 208 208 208 208 208 208 

M = 261:
261 261 261 261 261 261 261 261 261 261 261 261 261 261 261 261 261 263 263 263 263 263 263 261 261 261 261 261 261 261 261 261 261 261 261 261 261 261 261 261 261 261 261 261 261 261 261 261 261 261 261 261 261 261 261 261 261 261 261 261 261 261 261 261 261 261 261 261 261 261 261 

M = 135:
136 136 136 136 136 136 136 136 136 136 136 136 136 136 136 139 139 139 135 135 141 141 141 139 139 139 135 135 135 132 132 133 133 132 132 138 138 132 132 138 138 138 138 138 138 132 132 132 132 132 132 132 132 133 133 138 138 132 132 138 138 133 133 132 132 138 138 132 132 132 132 133 133 

M = 242:
242 242 242 242 242 242 242 242 242 242 242 242 242 242 242 242 242 242 242 242 242 242 242 242 242 242 242 242 242 242 242 242 242 242 242 242 242 242 242 242 242 242 242 242 242 242 242 242 242 

M = 403:
377 377 377 377 403 403 403 403 403 403 403 403 403 403 403 403 403 403 419 419 419 419 419 419 403 403 403 403 403 403 403 403 403 419 419 419 419 419 419 403 403 403 403 403 403 403 403 403 419 419 419 403 403 403 403 403 403 403 403 403 419 419 419 403 403 403 403 403 403 419 419 419 421 421 421 421 379 379 415 415 421 421 421 421 

M = 329:
334 334 334 334 329 329 329 329 329 329 329 329 329 329 329 329 329 329 329 329 329 329 329 329 319 319 319 329 329 329 324 324 324 324 324 324 329 329 329 329 329 329 324 324 324 329 329 329 326 326 326 326 326 326 326 326 326 326 326 326 326 326 326 326 

M = 119:
119 119 119 119 119 119 

M = 197:
127 127 127 127 127 127 127 127 127 127 127 127 127 127 127 127 127 127 127 127 196 196 196 197 197 197 197 197 197 197 197 196 196 196 196 196 196 196 196 196 196 196 196 197 197 197 196 196 196 196 196 196 196 196 196 196 196 196 197 197 197 197 197 197 196 196 196 197 197 197 197 197 197 196 196 196 197 197 197 197 197 197 197 197 197 196 196 196 196 196 196 197 197 197 197 197 197 125 125 125 125 

M = 165:
165 165 165 165 165 165 165 164 164 164 164 164 164 164 164 165 165 165 165 165 165 165 165 165 165 165 165 165 165 165 165 165 165 165 165 165 165 165 165 165 165 165 165 165 165 165 165 165 165 165 165 165 165 165 165 165 165 165 165 165 165 165 165 165 165 165 165 165 165 165 165 165 165 165 165 165 165 165 165 164 164 164 164 164 164 164 164 165 165 165 165 165 165 165 165 165 165 165 165 165 165 165 165 165 165 165 165 165 165 165 165 165 165 165 165 165 165 165 165 163 163 163 163 163 163 163 163 163 163 163 163 163 163 168 168 168 168 168 168 168 162 162 162 162 162 162 162 162 162 162 167 167 167 167 167 167 167 167 167 167 167 167 167 167 167 167 167 167 167 167 167 167 167 167 167 167 167 167 167 167 167 167 167 167 167 167 167 167 167 167 167 167 167 167 167 167 167 167 167 167 167 167 

