M = 147:
146 146 146 146 146 146 146 146 146 146 146 146 146 146 146 146 146 146 146 146 146 146 146 146 146 146 146 146 146 146 146 146 147 147 147 147 147 147 147 147 147 147 147 147 147 147 147 147 147 147 147 147 147 147 147 147 147 147 147 147 147 147 147 147 147 147 147 147 147 147 147 147 147 268 268 268 268 268 268 267 267 267 267 267 267 266 266 266 266 266 266 268 268 268 268 268 268 267 267 267 267 267 267 180 180 180 180 180 178 178 178 178 178 178 178 178 178 178 178 178 178 178 178 178 178 178 178 178 178 178 178 178 178 178 178 178 178 178 178 178 178 178 178 178 178 178 178 144 144 144 178 178 178 178 178 178 145 145 145 144 144 144 178 178 178 145 145 145 177 177 150 150 150 150 177 177 177 177 150 150 150 150 150 150 177 177 150 150 150 150 150 150 177 177 177 177 177 177 177 177 177 177 177 177 150 150 

M = 208:
121 121 121 121 208 208 208 208 208 208 208 208 226 226 226 208 208 208 208 208 208 226 226 226 208 208 208 226 226 226 208 208 208 208 208 208 208 208 208 226 226 226 124 124 209 209 203 203 124 124 124 124 124 124 124 124 205 205 205 205 203 203 209 209 124 124 124 124 126 126 209 209 205 205 124 124 207 207 206 206 204 204 124 124 209 209 207 207 

M = 336:
337 337 337 337 337 337 337 337 337 337 337 337 337 337 337 337 337 337 337 337 337 337 337 337 337 337 337 337 337 337 337 337 337 337 337 334 334 334 334 336 336 335 335 335 335 335 335 336 336 336 336 336 336 335 335 335 336 336 336 335 335 335 335 335 335 335 335 335 336 336 336 335 335 335 336 336 336 335 335 335 336 336 336 336 336 336 335 335 335 336 336 336 335 335 335 336 336 336 335 335 335 

M = 190:
191 191 191 191 190 190 190 190 190 169 169 169 217 217 217 190 190 190 190 190 190 190 190 190 190 190 190 190 190 190 190 190 190 216 216 173 173 173 173 173 173 173 173 216 216 173 173 173 173 216 216 216 216 216 216 173 173 216 216 216 216 173 173 216 216 216 216 216 216 216 216 216 216 216 216 216 216 216 216 173 173 216 216 216 216 

M = 408:
408 408 409 409 409 409 409 409 408 408 408 408 408 408 

M = 314:
286 286 286 321 321 321 315 315 315 315 315 315 316 316 316 321 321 321 321 321 321 293 293 288 288 293 293 293 293 293 293 317 317 293 293 314 297 297 317 317 297 297 297 297 293 293 314 314 293 293 314 314 293 293 314 314 314 314 317 317 293 293 311 311 314 314 293 293 314 314 293 293 314 314 293 293 293 293 297 297 314 314 314 314 314 314 293 293 314 314 293 293 288 288 314 314 314 314 

M = 407:
407 407 407 407 407 407 407 407 407 407 407 407 407 407 407 407 407 407 407 407 407 407 407 407 407 407 407 407 407 407 407 407 407 

M = 406:
406 406 406 406 406 406 406 406 406 406 406 406 406 406 372 372 415 415 415 415 

M = 261:
181 181 181 181 258 258 258 258 258 258 258 258 258 229 229 229 229 229 229 258 258 258 230 230 230 261 261 261 261 261 258 258 258 262 262 262 229 229 229 229 229 229 261 261 261 261 261 261 262 262 262 261 261 261 261 261 261 261 261 261 261 261 261 258 258 258 261 261 261 261 261 261 261 261 261 261 261 261 258 258 258 228 228 228 228 228 228 228 228 

M = 130:
130 130 130 130 130 130 130 130 130 130 130 130 130 130 130 130 130 130 130 130 130 130 130 130 130 130 130 130 130 130 130 130 130 130 130 130 130 130 130 130 130 130 130 130 130 130 130 130 130 131 131 131 196 196 197 197 196 196 197 197 196 196 196 196 196 196 196 196 197 197 197 197 197 197 196 196 196 196 197 197 196 196 197 197 197 197 196 196 197 197 197 197 197 197 197 197 197 197 

M = 340:
339 339 339 339 339 339 377 377 377 339 339 339 339 339 339 339 339 339 339 339 339 339 339 339 338 338 338 339 339 339 346 346 340 340 340 379 379 378 378 340 340 345 345 379 379 340 340 341 341 379 379 378 378 346 346 341 341 341 341 345 345 345 345 345 345 345 345 340 340 345 345 379 379 

M = 275:
273 273 273 273 273 273 273 273 273 273 273 273 273 273 273 273 273 273 273 273 273 273 273 273 305 305 305 305 273 273 273 273 273 273 273 273 273 273 273 273 273 273 273 273 305 305 305 305 305 305 305 305 273 273 273 273 272 272 272 272 272 272 274 274 274 275 303 303 306 306 280 280 280 280 303 303 303 303 275 275 303 303 279 279 275 275 303 303 275 275 306 306 306 306 303 303 303 303 280 280 283 283 303 303 303 303 303 303 275 275 283 283 283 283 280 280 306 306 279 279 283 283 303 303 306 306 280 280 

M = 401:
327 327 327 327 327 327 327 327 327 327 401 401 401 401 401 401 401 401 401 401 401 401 401 401 401 401 401 401 401 401 401 401 401 401 401 401 401 400 400 400 403 403 403 403 403 403 325 325 325 403 403 403 400 400 400 325 325 325 329 329 329 403 403 403 400 400 400 324 324 324 400 400 400 403 403 403 324 324 324 400 400 400 403 403 403 324 324 324 324 324 324 400 400 400 403 403 403 400 400 400 403 403 403 400 400 400 403 403 403 325 325 325 324 324 324 325 325 325 403 403 403 324 324 324 

M = 242:
242 242 242 242 242 242 242 242 242 242 242 242 242 242 242 242 242 242 242 242 242 242 242 242 242 242 242 242 242 242 242 242 242 242 242 242 242 242 242 242 242 242 242 242 242 242 242 242 242 242 242 242 242 242 242 242 242 242 242 242 242 242 242 242 242 242 242 242 242 242 242 242 242 242 242 242 242 242 242 242 242 242 242 242 242 242 242 242 242 242 242 242 242 242 242 242 242 242 242 242 242 242 242 242 242 242 242 242 242 243 243 243 243 243 243 243 243 243 244 244 244 244 244 244 244 244 244 244 244 244 244 244 244 244 244 244 244 244 244 244 244 244 244 244 244 244 244 244 244 244 244 244 244 244 244 244 244 244 241 241 241 241 241 241 241 241 241 241 241 241 241 241 241 241 241 241 241 241 241 241 241 241 241 241 241 241 241 241 241 241 241 241 241 241 241 241 241 241 241 241 241 241 241 241 241 241 241 241 241 241 241 241 241 241 241 241 241 241 

M = 194:
194 194 194 194 194 194 193 193 193 193 193 193 

M = 410:
410 410 410 410 410 410 410 411 411 411 

M = 435:
362 362 362 362 362 362 362 362 438 438 438 438 362 362 362 362 390 390 390 390 362 362 362 362 436 436 436 436 362 362 362 362 362 362 362 362 362 362 362 362 388 388 388 388 362 362 362 362 362 362 362 362 439 439 439 439 436 436 436 436 439 439 439 439 362 362 362 362 390 390 390 390 436 436 436 436 362 362 362 362 440 440 440 440 440 440 440 440 440 440 440 440 365 365 365 393 393 393 365 365 365 440 440 440 393 393 393 393 393 393 440 440 440 440 440 440 365 365 365 440 440 440 440 440 440 440 440 440 365 365 365 365 365 365 440 440 440 440 440 440 391 391 435 435 435 443 443 443 443 391 391 435 435 391 391 443 443 391 391 391 391 391 391 435 435 435 435 435 435 391 391 391 391 435 435 391 391 435 435 391 391 435 435 435 435 435 435 391 391 443 443 443 443 435 435 

M = 249:
249 249 249 249 249 249 249 249 249 249 249 249 249 249 249 249 249 249 249 249 249 249 249 249 249 249 249 249 249 249 249 249 249 249 249 249 249 249 249 249 249 249 249 249 249 249 249 249 249 249 249 249 249 249 249 249 249 249 249 249 249 249 249 249 249 249 249 249 249 239 239 251 251 251 251 235 235 235 235 251 251 239 239 239 239 251 251 251 251 239 239 239 239 239 239 251 251 251 251 251 251 251 251 251 251 239 239 235 235 235 235 251 251 251 251 239 239 239 239 239 239 251 251 

M = 165:
165 165 165 165 165 165 165 165 165 165 165 165 165 165 165 165 165 165 165 165 165 165 165 165 165 165 165 165 165 165 165 165 165 165 165 165 165 165 165 165 165 165 165 165 165 165 165 165 165 165 165 165 165 167 167 167 167 167 167 167 167 167 167 167 167 167 167 167 167 167 167 167 167 167 167 167 167 

M = 163:
164 164 164 164 164 164 164 164 164 164 164 164 164 164 164 164 164 164 162 162 162 162 162 162 162 162 162 162 162 162 162 162 163 163 163 163 163 163 163 163 163 163 163 

