M = 146:
146 146 146 146 146 146 146 146 146 146 146 146 146 146 146 146 146 146 146 146 146 146 146 146 266 266 266 266 266 146 146 146 146 146 146 146 146 146 146 146 146 146 146 146 146 146 146 146 146 266 266 266 266 266 146 146 146 146 146 146 146 146 146 146 146 146 146 146 146 146 146 146 146 146 146 146 146 146 146 266 266 266 266 266 144 144 144 144 144 144 144 144 144 144 268 268 268 268 268 268 268 268 268 268 268 268 145 145 145 145 265 265 269 269 265 265 265 265 265 265 147 147 267 267 147 147 269 269 265 265 269 269 264 264 147 147 120 120 265 265 269 269 269 269 265 265 265 265 179 179 179 179 269 269 265 265 269 269 265 265 265 265 269 269 269 269 147 147 265 265 265 265 265 265 

M = 201:
206 206 206 206 206 206 206 206 206 206 206 206 206 206 206 206 206 206 206 206 206 206 206 206 206 206 206 206 206 206 206 206 206 206 206 206 206 206 206 206 206 206 206 206 206 206 206 206 206 206 206 206 206 206 206 206 206 206 206 206 206 206 206 206 206 206 206 206 206 206 235 235 235 235 235 235 235 235 235 235 235 235 235 235 235 235 235 235 235 235 235 235 235 235 201 201 201 235 235 235 235 235 235 235 235 235 235 235 235 235 235 235 235 201 201 201 201 235 235 235 235 235 235 235 235 201 201 201 201 235 235 235 235 235 235 235 235 201 201 201 201 235 235 235 235 235 235 235 235 201 201 201 201 235 235 235 235 235 235 235 235 201 201 201 201 201 201 201 201 201 201 201 201 205 205 205 205 119 119 119 119 226 226 119 119 

M = 215:
142 142 142 142 142 142 142 142 142 142 218 218 218 218 218 218 218 218 218 218 218 218 218 218 218 218 215 215 215 215 215 140 140 140 215 215 215 215 215 215 215 215 215 215 215 215 215 215 215 215 215 215 215 215 215 219 219 216 216 219 219 219 219 219 219 219 219 219 219 219 219 219 219 216 216 219 219 121 121 219 219 216 216 216 216 219 219 219 219 219 219 216 216 

M = 243:
243 243 243 243 243 243 243 243 243 243 243 243 243 243 243 243 243 243 243 243 243 243 243 244 244 244 244 244 244 

M = 157:
158 158 158 158 158 158 158 158 158 158 158 158 158 158 158 158 158 158 158 158 158 158 158 158 158 158 158 158 158 158 158 158 157 157 157 157 157 157 157 157 157 157 157 157 157 157 157 157 157 157 157 157 157 157 157 157 157 157 157 157 157 157 157 157 157 157 157 157 157 157 157 157 157 157 157 157 157 157 157 157 157 157 157 157 157 163 163 163 163 163 163 

M = 302:
303 303 303 305 305 305 274 274 274 304 304 304 306 306 306 304 304 304 303 303 303 305 305 305 300 300 300 274 274 274 303 303 303 272 272 272 303 303 303 303 303 303 274 274 274 274 274 274 274 274 274 274 274 274 304 304 304 305 305 305 305 305 305 305 305 305 304 304 304 308 308 301 301 297 297 301 301 302 301 301 299 299 302 302 301 301 302 302 301 301 297 297 299 299 297 297 297 297 299 299 302 302 301 301 299 299 299 299 302 302 302 302 301 301 302 302 297 297 302 302 302 302 302 302 299 299 301 301 301 301 301 301 299 299 302 302 301 301 301 301 302 302 302 302 302 302 301 301 301 301 302 302 308 308 302 302 

M = 440:
359 359 359 359 359 359 362 362 440 440 440 438 438 440 440 438 438 439 439 443 443 362 362 362 362 440 440 362 362 440 440 442 442 441 441 440 440 362 362 443 443 440 440 438 438 440 440 438 438 440 440 362 362 362 362 440 440 439 439 362 362 440 440 438 438 440 440 440 440 440 440 440 440 440 440 443 443 

M = 190:
191 191 191 169 169 190 169 169 190 190 169 169 190 190 169 169 169 169 190 190 169 169 190 190 190 190 190 190 169 169 

M = 379:
379 379 379 379 379 379 379 379 379 379 379 379 379 379 379 379 379 379 379 379 379 379 379 379 379 379 379 379 379 379 379 379 379 379 379 379 379 379 379 379 379 379 379 379 379 379 379 379 379 379 379 379 379 379 419 419 419 419 419 419 419 419 419 419 419 419 419 419 419 419 424 424 421 421 424 424 421 421 421 421 424 424 424 424 421 421 421 421 

M = 378:
377 377 377 377 378 378 378 378 378 378 378 378 378 

M = 405:
403 403 403 403 403 403 403 403 403 403 403 403 340 340 340 340 403 403 403 403 403 403 403 403 340 340 340 340 403 403 403 403 403 403 403 403 339 339 339 339 404 404 405 405 405 339 339 405 405 339 339 405 405 404 404 404 404 405 405 405 405 405 405 339 339 405 405 339 339 405 405 339 339 405 405 405 405 

M = 197:
248 248 248 248 248 248 248 248 248 248 248 248 248 248 248 248 197 197 197 197 197 197 197 197 197 197 197 197 197 197 197 197 197 197 197 197 197 197 197 197 197 197 197 197 197 197 197 197 197 197 197 197 197 197 197 197 197 197 197 127 127 127 127 127 127 126 126 126 126 126 126 239 239 239 126 126 126 126 126 126 126 126 126 126 126 126 127 127 127 126 126 126 196 196 196 196 196 196 124 124 131 131 196 196 124 124 124 124 196 196 196 196 131 131 196 196 196 196 196 196 196 196 124 124 196 196 124 124 196 196 131 131 196 196 124 124 196 196 131 131 196 196 196 196 124 124 

M = 241:
242 242 242 242 242 242 242 242 242 242 242 242 242 242 240 240 240 240 240 240 241 241 241 241 241 241 241 241 241 241 241 241 241 241 241 241 241 241 241 241 241 241 241 241 241 241 241 241 241 241 241 241 241 241 241 194 194 194 194 194 194 

M = 401:
401 401 401 401 401 401 401 326 326 326 326 326 326 326 326 401 401 401 401 401 401 401 401 327 327 327 327 401 401 401 401 401 401 401 401 326 326 326 326 401 401 401 401 401 401 401 401 327 327 327 327 399 399 399 399 400 400 400 400 326 326 326 326 324 324 324 324 400 400 400 400 327 327 327 327 401 401 401 401 324 324 324 324 401 401 401 401 400 400 400 400 401 401 401 401 401 401 401 401 401 401 401 401 401 401 401 401 401 401 401 401 401 401 401 401 401 401 401 401 324 324 324 324 327 327 327 327 330 330 330 325 325 396 396 396 396 396 396 396 396 396 396 396 396 358 358 396 396 396 396 325 325 325 325 396 396 396 396 396 396 

M = 165:
165 165 165 165 165 165 164 164 164 164 164 164 164 165 165 165 165 165 165 165 165 165 165 165 165 165 165 165 165 165 165 165 165 165 164 164 164 164 164 164 164 165 165 165 165 165 165 165 165 165 165 165 165 165 165 165 165 165 165 165 165 165 165 165 165 165 165 165 165 165 165 165 165 165 165 165 168 168 168 168 168 168 167 167 167 167 167 167 167 167 167 167 167 167 167 167 167 167 167 167 167 167 167 167 167 167 167 167 167 167 167 167 167 167 167 167 167 167 167 167 167 167 167 167 

M = 245:
245 245 245 245 245 245 245 245 245 245 245 245 245 245 245 245 245 245 245 245 245 245 245 245 245 245 245 245 245 245 245 245 245 245 245 245 245 245 245 

M = 251:
251 251 251 251 251 251 251 251 251 251 251 251 251 251 251 251 251 251 251 251 251 251 251 251 251 251 251 251 251 251 251 251 251 251 251 251 251 251 251 251 251 251 251 251 251 251 251 251 251 251 251 251 251 251 251 251 251 251 251 251 251 251 251 251 251 251 251 251 251 251 251 251 251 251 251 251 251 251 251 251 251 251 251 251 251 251 251 251 251 251 251 251 251 251 251 251 251 251 251 251 251 251 251 251 251 251 251 249 249 249 249 249 249 249 249 249 249 249 249 249 249 249 249 249 249 249 249 249 249 249 249 249 249 249 249 249 249 249 249 249 249 249 249 249 249 249 249 249 249 249 249 249 249 249 249 249 249 249 249 249 249 249 249 249 249 249 249 249 249 249 249 249 249 249 249 249 249 249 249 249 249 249 249 249 249 249 249 237 237 237 237 237 

M = 292:
282 282 282 288 288 288 288 288 288 319 319 319 319 319 319 288 288 288 288 288 288 319 319 319 313 313 313 288 288 288 312 312 312 313 313 313 312 312 312 283 283 283 288 288 288 283 283 283 283 283 283 313 313 313 312 312 312 312 312 312 283 283 283 313 313 313 282 282 282 288 288 288 288 288 288 312 312 312 313 313 313 312 312 312 312 312 312 319 319 319 313 313 313 288 288 288 312 312 312 288 288 288 312 312 312 312 312 312 288 288 288 312 312 312 293 293 293 293 318 318 286 286 289 289 318 318 291 291 292 296 296 293 293 296 296 293 293 293 293 317 317 318 318 291 291 296 296 293 293 291 291 286 286 291 291 291 291 291 291 291 291 293 293 293 293 315 315 286 286 293 293 315 315 292 292 318 318 293 293 296 296 292 292 293 293 286 286 292 292 315 315 

M = 337:
336 336 336 336 336 336 337 337 337 337 337 337 337 337 337 337 337 335 335 335 335 335 335 335 335 337 337 

M = 232:
258 258 258 258 232 232 232 232 232 232 232 232 232 232 232 232 232 232 232 232 232 232 232 232 232 232 232 258 258 232 232 232 232 232 232 232 232 258 258 

