M = 146:
146 146 146 146 146 146 146 146 146 146 146 146 146 146 146 146 146 146 146 146 146 146 146 146 146 146 146 146 146 146 146 146 146 146 146 146 146 146 146 146 146 146 146 146 146 146 146 268 268 268 268 267 267 267 267 267 267 267 267 267 267 267 267 267 267 267 267 267 267 267 267 267 267 267 267 267 267 267 267 272 272 272 272 272 272 

M = 282:
276 276 276 284 284 284 276 276 276 282 282 282 282 282 285 285 282 282 282 282 282 282 282 282 285 285 282 282 279 279 282 282 282 282 282 282 282 282 275 275 282 282 282 282 282 282 

M = 196:
244 244 244 244 244 244 127 127 127 127 127 127 127 127 127 127 127 127 127 127 127 194 194 194 194 194 127 127 127 127 127 245 245 245 245 245 127 127 127 127 127 130 130 130 130 130 127 127 127 127 127 130 130 130 130 130 130 130 130 130 130 194 194 194 194 194 130 130 130 130 130 127 127 127 127 127 194 194 194 194 194 130 130 130 130 130 127 127 127 127 127 194 194 194 194 194 127 127 127 127 127 130 130 130 130 130 130 130 130 130 130 127 127 127 127 127 245 245 245 245 245 127 127 127 127 127 196 196 196 242 242 242 242 196 196 196 196 242 242 242 242 242 242 242 242 196 196 196 196 242 242 242 242 196 196 196 196 196 196 196 196 196 196 196 196 242 242 242 242 242 242 242 242 196 196 196 196 204 204 204 204 204 204 204 204 204 204 204 204 204 204 204 204 204 204 204 204 204 204 204 204 239 239 

M = 351:
365 365 365 365 365 365 365 365 365 362 362 362 365 365 365 368 368 352 352 370 370 369 369 456 456 456 456 369 369 370 370 369 369 370 370 351 351 351 369 369 455 455 370 370 370 370 352 352 455 455 369 369 361 361 456 456 369 369 370 370 351 351 370 370 368 368 370 370 370 370 370 370 369 369 370 370 351 351 351 351 351 351 456 456 352 352 451 451 369 369 352 352 369 369 352 352 369 369 451 451 369 369 369 369 351 351 369 369 351 351 352 352 352 352 370 370 351 351 352 352 

M = 324:
321 321 321 321 327 327 327 325 325 325 327 327 327 329 329 329 326 326 326 324 324 325 325 325 324 324 324 324 324 324 327 327 327 325 325 325 324 324 324 325 325 325 324 324 324 322 322 322 322 

M = 337:
408 408 408 336 336 336 408 408 408 411 411 411 336 336 336 337 337 408 408 408 408 408 408 337 337 337 337 337 337 337 337 337 337 337 337 337 337 337 408 408 408 336 336 336 336 336 336 408 408 408 337 337 337 408 408 408 337 337 337 341 341 412 412 341 341 340 340 340 340 412 412 340 340 412 412 341 341 338 338 340 340 341 341 341 341 412 412 340 340 338 338 341 341 341 341 

M = 440:
440 440 440 440 440 440 440 440 440 440 440 440 440 440 440 440 440 440 440 440 440 440 440 440 440 440 439 439 439 440 440 440 440 440 440 440 440 440 440 440 440 434 434 438 438 438 438 442 442 434 434 437 437 434 434 441 441 441 441 434 434 434 434 438 438 438 438 434 434 434 434 441 441 438 438 434 434 434 434 

M = 316:
317 317 317 316 316 316 316 316 317 317 317 316 316 316 316 316 316 316 316 316 316 316 316 313 313 313 316 316 316 318 318 312 312 

M = 219:
217 217 217 217 217 217 217 217 217 217 217 217 217 217 217 193 193 193 193 193 193 193 193 193 193 193 193 193 193 193 193 193 193 193 193 219 219 219 219 219 219 219 219 190 190 190 190 190 190 190 190 190 219 219 219 219 219 219 190 190 190 219 219 219 219 219 219 190 190 190 190 190 190 214 214 214 214 214 214 214 214 214 214 214 214 214 214 214 214 214 214 214 214 214 214 214 214 214 214 214 214 

M = 178:
180 180 180 180 180 180 180 178 178 178 178 178 178 178 178 178 178 178 178 178 178 178 178 178 178 178 178 178 178 178 178 178 178 178 178 178 178 178 178 178 178 177 177 177 177 177 177 177 177 177 177 177 177 177 177 177 177 177 177 177 177 184 184 184 184 184 184 184 184 184 184 184 184 

M = 288:
288 288 288 288 288 288 288 288 288 288 288 288 288 288 288 288 288 288 288 288 288 288 288 288 288 288 287 287 291 291 287 287 287 287 291 291 291 291 287 287 291 291 287 287 291 291 291 291 

M = 346:
345 345 345 377 377 377 345 345 345 421 421 421 343 343 343 347 347 347 421 421 421 421 421 421 347 347 347 375 375 375 343 343 343 343 343 343 421 421 421 343 343 343 343 343 343 345 345 345 347 347 347 377 377 377 345 345 345 347 347 347 421 421 421 345 345 345 379 379 379 346 346 346 346 346 346 346 346 346 346 346 346 346 346 346 346 346 348 348 346 346 346 346 346 346 

M = 123:
122 122 122 122 122 122 122 122 122 122 122 122 122 122 122 122 122 122 122 122 122 122 122 122 122 122 122 122 122 122 122 122 122 122 122 122 122 122 122 122 122 122 122 122 122 122 122 122 122 122 122 122 122 122 122 122 122 122 122 122 122 122 122 122 122 122 122 122 122 122 122 122 122 122 122 122 122 123 123 123 123 123 123 123 123 123 123 123 123 123 123 124 124 124 124 124 124 124 124 124 124 123 123 123 123 123 123 123 123 123 123 124 124 124 124 124 123 123 123 123 123 126 126 126 126 126 123 123 123 123 123 123 123 123 123 123 123 123 123 123 123 123 123 123 123 123 123 123 123 123 123 123 123 123 123 123 124 124 124 124 124 132 132 132 208 208 208 208 212 212 212 212 212 212 212 212 208 208 208 208 208 208 212 212 125 125 212 212 208 208 212 212 125 125 208 208 125 125 212 212 208 208 208 208 125 125 125 125 212 212 

M = 261:
263 263 263 263 263 263 263 263 263 259 259 262 262 262 262 261 231 231 231 231 230 230 259 259 261 261 232 232 261 261 261 261 261 261 259 259 231 231 203 203 261 261 259 259 231 231 261 261 262 262 259 259 203 203 203 203 259 259 230 230 259 259 203 203 262 262 261 261 262 262 261 261 259 259 261 261 261 261 262 262 261 261 232 232 259 259 261 261 231 231 259 259 231 231 231 231 

M = 136:
136 136 136 136 136 136 136 136 136 136 136 136 136 136 136 136 136 136 136 136 136 136 136 136 136 136 136 136 136 136 136 136 136 136 136 138 138 138 138 138 138 138 138 139 139 139 139 139 139 134 134 134 134 134 141 141 141 141 141 133 133 133 133 133 133 133 133 133 133 

M = 401:
419 419 419 428 428 428 419 419 419 400 400 400 428 428 428 428 428 428 400 400 400 428 428 428 419 419 419 428 428 428 396 396 396 428 428 428 428 428 428 401 403 403 430 430 401 401 403 403 398 398 401 401 403 403 430 430 401 401 401 401 403 403 401 401 401 401 403 403 401 401 430 430 430 430 401 401 401 401 430 430 430 430 403 403 430 430 430 430 401 401 401 401 401 401 430 430 403 403 401 401 430 430 401 401 430 430 401 401 430 430 403 403 

M = 299:
305 305 305 305 308 308 308 308 308 308 308 308 308 308 308 308 296 296 299 300 300 296 296 297 297 311 311 299 299 296 296 300 300 296 296 297 297 299 299 299 299 311 311 297 297 311 311 311 311 300 300 299 299 

M = 165:
164 164 164 164 164 164 164 164 164 165 165 165 165 165 165 165 165 164 164 164 165 165 165 165 165 165 164 164 164 165 165 165 165 165 165 164 164 164 164 164 164 165 165 165 165 165 165 165 165 165 164 164 164 164 164 164 165 165 165 165 165 165 164 164 164 164 164 164 

M = 167:
168 168 168 167 167 167 167 167 167 167 167 167 167 167 167 167 167 167 167 167 167 167 167 167 167 167 167 167 167 167 167 167 

M = 162:
162 162 162 162 162 162 162 162 162 162 162 162 162 162 162 162 162 162 162 162 162 162 162 162 162 162 159 159 159 159 159 159 159 159 

