M = 120:
120 120 120 120 120 120 120 120 120 119 119 119 119 119 120 120 120 120 120 119 119 119 119 119 120 120 120 120 120 122 122 122 122 122 120 120 120 120 120 124 124 124 124 124 124 124 124 124 124 124 124 210 210 210 210 210 210 210 210 210 210 210 210 210 210 210 210 210 210 

M = 167:
164 164 164 164 164 164 164 164 164 164 164 165 165 165 165 165 165 165 165 165 165 165 165 165 165 165 165 165 165 165 165 165 165 164 164 164 164 164 164 164 164 164 164 164 167 167 167 167 167 167 167 167 167 167 167 167 167 167 167 167 167 167 167 167 167 167 167 167 167 167 167 167 167 167 167 167 167 167 167 167 167 167 167 167 167 167 167 167 167 167 167 167 167 167 167 167 167 167 167 167 167 167 167 

M = 249:
249 249 249 249 249 249 249 249 249 249 249 249 249 249 249 249 249 249 249 249 249 249 249 249 249 249 249 249 249 249 249 249 249 249 249 249 249 249 249 239 239 239 239 239 239 

M = 280:
280 280 280 280 280 280 280 280 280 280 280 280 280 280 280 280 280 280 280 280 280 280 280 281 281 281 281 281 281 281 281 281 281 281 281 281 281 281 281 281 281 281 281 281 281 281 281 279 279 

M = 141:
217 217 217 217 217 217 217 217 217 217 217 217 217 217 142 142 142 142 141 141 141 141 141 141 141 141 141 141 141 141 141 141 141 141 141 141 141 141 141 141 141 141 141 141 141 141 141 141 141 141 141 141 141 141 141 141 141 141 141 141 141 141 141 141 141 143 143 143 143 143 143 212 212 212 212 143 143 143 143 143 143 137 137 143 143 143 143 143 143 143 143 143 143 143 143 143 143 212 212 143 143 212 212 143 143 

M = 443:
287 287 443 287 287 443 443 287 287 443 443 441 441 287 287 443 443 443 443 287 287 439 439 287 287 287 287 443 443 439 439 287 287 443 443 443 443 287 287 

M = 301:
299 299 299 299 299 299 299 299 299 299 299 299 299 299 299 299 299 299 299 299 299 299 299 299 299 299 299 299 299 299 301 301 301 301 301 301 301 301 301 301 301 301 301 301 301 301 301 301 301 301 301 301 301 301 301 301 301 301 301 301 301 301 301 301 301 301 301 301 301 301 301 301 301 301 301 301 301 301 301 301 301 301 301 301 301 301 301 301 301 301 301 301 301 301 301 301 301 301 301 301 301 301 301 301 301 301 301 301 301 301 301 301 301 301 302 302 302 302 

M = 206:
208 208 208 208 208 208 208 208 208 208 208 208 208 208 208 208 208 208 208 208 208 208 208 208 208 208 208 208 207 207 207 207 208 208 208 208 207 207 207 207 207 207 207 207 205 205 206 126 126 205 205 205 205 206 206 205 205 205 205 205 205 205 205 205 205 205 205 126 126 206 206 206 206 206 206 205 205 206 206 206 206 205 205 206 206 205 205 205 205 206 206 205 205 205 205 205 205 126 126 205 205 205 205 206 206 126 126 206 206 206 206 206 206 205 205 126 126 206 206 

M = 305:
305 305 305 305 305 305 305 305 305 305 305 305 305 305 305 305 305 305 305 305 305 305 305 305 305 305 305 305 305 305 305 305 305 305 303 303 303 303 303 303 303 303 303 303 303 303 303 303 303 303 303 303 303 303 303 305 305 305 305 305 305 305 305 305 305 305 305 305 305 305 305 305 305 305 305 305 305 305 305 305 305 305 305 305 305 305 305 305 305 305 307 307 307 307 307 307 307 307 307 307 312 312 312 

M = 293:
297 297 297 297 297 297 296 296 296 296 296 296 296 296 296 296 296 296 296 296 296 296 296 296 296 296 296 296 296 296 296 296 296 296 296 296 293 293 293 293 293 293 293 293 293 293 293 293 293 293 293 318 318 318 318 292 292 292 292 318 318 318 318 318 318 318 318 292 292 292 292 318 318 318 318 290 290 290 290 290 290 290 290 290 290 290 290 293 293 293 293 293 293 293 293 290 290 290 290 293 293 293 293 293 293 293 293 290 290 290 290 293 293 293 293 293 293 293 293 318 318 318 318 293 293 293 293 290 290 290 290 290 290 290 290 

M = 182:
179 179 179 179 179 178 178 178 178 178 178 178 178 178 178 178 178 178 178 178 178 182 182 182 182 182 182 182 182 226 226 226 262 262 262 226 226 226 182 182 182 182 182 182 182 182 182 262 262 262 226 226 226 226 226 226 182 182 182 226 226 226 182 182 182 226 226 226 182 182 182 182 182 182 226 226 226 226 226 226 226 226 226 226 226 226 226 226 226 182 182 182 226 226 226 182 182 182 226 226 226 182 182 182 177 177 177 177 225 225 228 228 261 261 228 228 228 228 225 225 181 181 261 261 261 261 181 181 261 261 228 228 261 261 177 177 181 181 261 261 261 261 177 177 261 261 177 177 228 228 261 261 

M = 130:
130 130 130 130 130 193 193 193 193 193 193 130 130 130 130 130 130 130 130 130 130 130 130 130 130 130 130 130 130 130 130 130 130 130 130 130 130 130 130 130 130 130 130 130 130 130 130 130 130 130 130 130 130 130 130 130 130 130 130 130 130 130 130 130 130 130 130 130 130 130 130 193 193 193 193 193 193 130 130 130 130 130 130 193 193 193 193 193 193 130 130 130 130 130 130 130 130 130 130 130 130 130 130 130 130 130 130 130 130 130 130 130 130 127 127 127 127 127 127 197 197 197 196 196 196 196 196 196 127 127 127 196 196 196 127 127 127 196 196 196 127 127 127 125 125 125 125 

M = 267:
268 268 268 268 268 268 268 147 147 147 147 147 146 146 146 146 146 146 146 146 146 146 146 146 146 146 146 146 146 146 146 146 146 146 146 146 146 263 263 263 263 263 263 263 263 263 267 267 267 267 267 267 267 267 267 267 267 264 264 264 264 267 267 267 267 267 267 267 267 267 267 267 267 267 267 267 267 

M = 242:
242 242 242 242 242 242 242 242 242 242 242 242 242 242 242 242 242 242 242 242 242 242 242 242 242 242 242 242 242 242 242 242 242 242 242 242 242 242 242 242 242 242 242 242 242 242 242 242 242 242 242 242 242 242 242 242 242 242 242 242 242 242 242 242 242 242 242 242 242 242 242 

M = 241:
194 194 194 194 194 194 194 194 194 241 241 241 241 241 241 241 241 241 241 241 241 241 241 241 241 241 241 241 241 241 241 241 241 241 241 241 241 241 241 241 241 241 241 241 241 241 241 241 241 241 241 241 241 241 241 241 241 241 241 241 241 241 241 241 241 241 241 241 241 241 241 241 241 241 241 241 241 241 241 241 

M = 251:
251 251 251 251 251 158 158 158 251 251 251 158 158 158 251 251 251 251 251 251 251 251 251 251 251 251 251 251 251 251 251 251 251 251 251 251 251 251 251 251 251 158 158 158 158 158 158 251 251 251 251 251 251 251 251 251 

M = 277:
277 277 277 277 274 274 274 274 274 277 277 277 277 277 277 277 277 277 277 277 277 277 277 277 274 274 274 274 274 274 274 274 274 274 277 277 277 277 277 277 277 277 277 277 277 277 277 277 277 277 277 277 277 277 277 277 277 277 277 277 277 277 277 277 277 277 277 277 277 277 277 277 277 277 277 277 277 277 277 277 277 277 277 277 277 277 277 277 277 274 274 274 274 274 277 277 277 277 277 277 277 277 277 277 277 277 277 277 277 278 278 278 278 272 272 272 272 272 272 272 272 272 275 275 273 273 273 273 273 273 273 273 273 273 273 273 273 273 273 273 273 273 273 273 273 273 273 273 273 273 275 275 275 275 273 273 273 273 

M = 284:
284 284 284 284 284 284 284 284 284 284 284 284 284 284 284 356 356 356 356 356 356 356 356 

M = 162:
162 162 162 162 162 162 162 162 162 162 162 162 162 162 162 162 162 162 162 162 162 162 162 162 162 162 162 162 162 163 163 163 163 163 163 163 163 163 163 163 163 157 157 

M = 170:
169 169 169 169 169 169 169 169 218 218 218 218 218 218 218 172 172 172 172 172 172 172 172 172 172 172 172 172 172 172 172 172 172 172 172 172 172 172 172 190 190 190 190 190 190 190 190 190 190 190 190 190 190 190 190 190 190 190 190 190 190 190 190 190 171 171 171 171 170 170 170 170 170 170 170 170 170 171 171 170 170 170 170 170 170 170 170 170 170 170 170 170 170 170 170 171 171 170 170 170 170 171 171 171 171 

