M = 146:
266 266 266 266 266 266 266 267 267 267 267 267 267 146 146 146 146 146 267 267 267 267 267 267 147 147 147 147 147 147 146 146 146 146 146 146 267 267 267 267 267 267 146 146 146 146 146 146 146 146 146 146 146 146 267 267 267 267 267 267 146 146 146 146 146 146 267 267 267 267 267 267 267 267 267 267 267 267 146 146 146 146 146 146 146 146 146 146 146 146 146 146 146 146 146 146 146 146 146 146 146 146 146 146 146 146 146 146 

M = 215:
218 218 218 218 218 218 218 218 218 218 218 218 218 218 218 218 219 219 219 219 219 219 219 220 220 220 220 220 220 217 217 217 217 217 217 217 217 217 217 217 217 217 217 217 217 217 217 220 220 220 220 220 220 217 217 217 217 217 217 142 142 142 142 215 215 215 215 215 215 215 215 215 215 215 215 215 215 215 215 215 215 215 215 215 215 215 141 141 137 137 141 141 141 141 141 141 

M = 401:
400 400 400 400 403 403 403 403 403 403 403 403 403 403 403 403 403 403 403 403 400 400 400 400 400 400 400 400 403 403 403 403 403 403 403 403 403 403 403 403 400 400 400 400 403 403 403 403 400 400 400 400 428 428 428 428 403 403 403 403 428 428 428 428 403 403 403 403 428 428 428 428 400 400 400 400 400 400 400 400 403 403 403 403 400 400 400 400 403 403 403 403 403 403 403 403 428 428 428 428 428 428 428 428 428 428 428 428 403 403 403 403 428 428 428 428 401 401 401 401 401 401 401 401 401 401 401 401 401 401 401 401 401 401 401 401 401 401 401 401 401 401 401 401 401 401 401 401 401 401 401 401 401 401 401 401 401 

M = 313:
284 284 284 284 284 312 312 312 312 312 284 284 284 284 284 312 312 312 312 312 312 312 312 312 312 284 284 284 284 284 313 313 313 313 313 313 313 313 313 313 313 313 313 313 313 283 283 283 315 315 315 315 315 315 

M = 301:
301 301 301 301 301 301 301 301 301 301 301 301 301 301 301 301 301 301 301 297 297 297 297 297 297 297 297 301 301 301 301 301 301 301 301 301 301 301 301 301 301 301 301 301 301 301 301 301 301 301 301 297 297 297 297 297 297 297 297 301 301 301 301 301 301 301 301 281 281 281 281 281 281 281 281 281 281 281 281 300 300 300 305 305 296 296 305 305 305 305 296 296 305 305 305 305 305 305 

M = 324:
286 286 286 286 286 319 319 319 319 319 319 319 319 319 319 326 326 326 326 326 326 324 324 324 324 324 322 322 324 324 324 324 324 324 324 324 324 324 324 324 324 324 322 322 322 322 322 322 324 324 324 324 324 324 322 322 324 324 

M = 440:
440 440 440 440 440 440 440 440 440 440 440 435 435 435 435 435 435 440 440 440 440 440 440 435 435 435 440 440 440 435 435 435 440 440 440 435 435 435 439 439 441 441 442 442 439 439 439 439 439 439 439 439 441 441 439 439 433 433 439 439 433 433 441 441 439 439 439 439 441 441 433 433 433 433 439 439 433 433 439 439 441 441 441 441 439 439 

M = 329:
329 329 329 329 329 334 334 334 329 329 329 329 329 329 329 329 329 334 334 334 329 329 329 329 329 329 

M = 242:
242 242 242 242 242 242 242 242 242 242 242 242 242 242 242 242 242 242 242 242 242 242 242 242 242 242 242 242 242 242 242 242 242 242 242 242 242 242 242 242 242 242 242 242 242 242 242 242 242 242 242 242 242 242 242 242 242 242 242 242 242 242 242 242 242 242 242 242 242 243 243 243 243 243 243 243 243 243 245 245 245 245 245 245 245 245 245 245 245 245 245 245 245 245 245 245 245 245 245 245 245 245 245 245 245 245 245 245 245 245 245 245 245 245 245 245 245 245 245 245 245 245 245 245 245 245 245 245 245 245 245 245 245 245 245 245 245 245 244 244 244 

M = 419:
377 377 377 377 377 377 377 377 377 377 377 377 421 421 421 421 377 377 377 377 377 377 377 377 421 421 421 421 379 379 379 379 377 377 377 377 419 419 419 419 419 424 424 424 424 424 424 419 419 419 419 419 419 419 419 419 419 419 419 426 426 426 419 419 419 419 419 419 419 419 419 426 426 426 419 419 419 419 419 419 419 419 419 419 419 419 425 425 425 425 380 380 425 425 380 380 380 380 380 380 380 380 380 380 380 380 380 380 380 380 425 425 380 380 380 380 380 380 380 380 

M = 164:
164 164 164 164 164 164 164 164 164 164 164 164 164 164 164 164 164 164 164 164 164 164 164 164 164 164 164 164 164 164 164 164 164 164 164 164 164 164 164 164 164 164 164 164 164 164 164 164 164 164 164 164 164 164 164 165 165 165 165 165 165 165 165 165 165 165 165 165 165 165 165 165 165 165 165 165 165 165 165 165 165 167 167 167 167 167 167 167 167 167 167 167 167 167 167 167 167 162 162 162 162 162 162 162 162 162 162 162 162 162 162 162 172 172 172 163 163 163 163 163 163 163 163 163 172 172 172 163 163 163 172 172 172 172 172 172 163 163 163 172 172 172 172 172 172 163 163 163 170 170 170 170 170 170 170 170 170 170 170 170 170 170 

M = 272:
268 268 268 268 268 272 272 272 273 273 272 272 272 272 272 272 273 273 273 273 272 272 272 272 272 272 273 273 272 272 273 273 273 273 272 272 272 272 273 273 273 273 273 273 272 272 273 273 273 273 272 272 

M = 438:
438 438 438 438 438 438 438 438 438 438 438 438 438 438 438 438 438 438 438 438 438 438 438 438 438 438 438 438 438 438 438 

M = 178:
265 265 265 265 265 265 265 265 265 265 265 265 265 265 265 265 265 265 265 265 265 265 265 265 265 265 265 265 265 265 178 178 178 178 178 178 178 178 178 178 178 178 178 178 178 178 178 178 178 178 178 178 178 178 178 178 178 178 178 178 178 178 178 178 121 121 121 121 119 119 119 119 119 119 119 119 180 180 180 180 180 180 180 180 180 180 180 180 121 121 121 121 180 180 180 180 180 180 180 180 180 180 180 180 177 177 177 177 177 177 177 177 177 177 177 177 120 120 120 177 177 177 177 177 177 177 177 177 177 177 177 120 120 120 120 120 120 120 120 120 179 179 262 262 179 179 262 262 179 179 261 261 261 261 263 263 261 261 261 261 262 262 179 179 262 262 261 261 262 262 261 261 261 261 262 262 

M = 388:
388 388 388 388 388 388 388 388 388 388 388 412 412 388 388 412 412 388 388 412 412 388 388 388 388 391 391 388 388 388 388 412 412 412 412 391 391 412 412 388 388 388 388 388 388 

M = 251:
157 157 157 250 250 250 250 159 159 250 250 251 250 250 251 251 251 251 250 250 158 158 250 250 251 251 250 250 251 251 251 251 251 251 251 251 251 251 158 158 251 251 251 251 251 251 251 251 251 251 250 250 159 159 158 158 250 250 250 250 250 250 

M = 249:
248 248 248 248 249 249 249 249 249 249 249 249 249 249 249 249 249 249 249 249 249 249 249 249 249 249 249 249 249 249 249 249 249 249 249 249 249 249 249 249 249 249 249 249 249 249 249 249 

M = 194:
194 194 194 194 194 194 194 194 194 194 194 194 194 194 194 194 194 194 194 194 194 194 194 194 194 194 194 194 194 194 194 194 194 194 194 194 194 194 194 194 194 194 194 194 194 194 194 194 194 194 194 194 194 194 194 194 194 194 194 194 194 194 194 194 194 194 194 194 194 194 194 190 190 190 190 190 190 190 190 190 190 190 190 190 190 190 190 240 240 240 240 240 240 240 240 190 190 190 190 190 190 190 190 190 190 190 190 190 190 190 190 190 190 190 190 190 190 190 190 190 190 190 190 190 190 190 190 193 193 193 193 193 193 193 193 193 193 193 193 193 193 193 193 

M = 360:
356 356 356 356 356 356 356 356 356 356 356 356 356 356 356 356 356 356 359 359 359 359 359 359 359 359 359 359 360 360 360 360 360 360 360 360 360 360 360 360 360 360 360 360 360 360 360 360 360 360 360 360 360 360 455 455 361 361 

M = 336:
335 335 335 336 336 335 335 335 336 336 336 336 336 336 339 339 339 339 339 339 

