M = 217:
217 217 217 217 217 217 217 217 217 217 217 217 217 217 217 217 217 217 217 217 217 217 217 217 217 217 217 217 217 

M = 242:
242 242 242 242 242 242 242 242 242 242 242 242 242 242 242 242 242 242 242 242 242 242 242 242 242 242 242 242 242 242 242 242 242 242 242 242 242 242 242 242 242 242 242 242 242 242 242 242 242 242 242 242 242 242 242 242 242 242 242 242 242 242 242 242 242 242 242 242 242 242 242 242 242 242 242 242 242 242 242 242 242 242 242 242 242 242 242 242 242 242 242 242 242 242 242 242 242 242 242 242 242 242 242 242 242 242 242 242 242 242 242 242 242 242 242 242 242 242 242 242 242 242 242 242 242 242 242 242 242 242 242 242 242 242 242 242 242 242 242 

M = 126:
126 126 126 126 126 126 126 126 126 126 126 126 126 126 126 126 126 126 126 126 126 126 126 126 126 126 126 126 126 126 126 126 126 126 126 127 127 127 127 127 127 127 127 127 127 127 127 127 127 127 127 206 206 206 206 127 127 127 127 127 127 127 127 199 199 199 199 199 199 

M = 194:
194 194 194 194 194 194 194 194 194 194 194 194 194 194 194 194 194 194 194 194 194 194 194 194 194 194 194 194 194 194 194 194 194 194 194 194 194 194 194 194 194 194 194 194 194 194 194 194 194 194 194 194 194 194 194 194 194 194 194 194 194 194 194 194 194 194 194 194 194 194 194 194 194 194 194 194 194 194 194 194 194 194 194 194 194 194 194 193 193 193 193 193 193 193 193 193 193 193 193 193 193 190 190 190 190 190 190 190 190 240 240 240 240 240 240 

M = 440:
437 437 437 437 437 437 438 438 438 438 438 438 438 438 438 438 438 438 438 438 438 440 440 440 440 440 436 436 436 436 436 436 440 440 436 436 440 440 440 440 440 440 440 440 442 442 439 439 440 440 440 440 440 440 436 436 440 440 436 436 440 440 440 440 440 440 442 442 

M = 305:
305 269 269 305 305 308 308 305 305 308 308 

M = 333:
334 334 334 334 391 391 333 329 329 336 336 329 329 391 391 336 336 391 391 391 391 391 391 329 329 333 333 391 391 391 391 391 391 333 333 391 391 329 329 391 391 391 391 336 336 333 333 391 391 391 391 391 391 336 336 331 331 333 333 

M = 316:
316 316 320 320 320 316 316 316 320 320 320 316 316 316 312 312 

M = 130:
130 130 130 130 130 130 130 130 130 130 130 130 130 130 130 130 130 130 130 130 130 130 130 197 197 197 197 197 197 197 197 197 197 197 197 197 197 

M = 261:
261 261 264 264 264 261 261 261 264 264 264 264 264 264 263 263 263 263 263 263 264 264 264 261 261 261 261 261 261 264 264 264 264 264 264 261 261 261 261 261 261 263 263 263 262 262 262 264 264 264 261 261 261 261 261 261 261 261 261 261 261 261 262 262 262 261 261 261 261 261 261 258 258 259 259 258 258 265 265 265 265 259 259 258 258 259 259 265 265 266 266 258 258 258 258 266 266 181 181 265 265 232 232 270 270 265 265 259 259 266 266 259 259 258 258 258 258 266 266 265 265 266 266 265 265 258 258 

M = 123:
123 123 123 123 123 123 123 123 123 123 123 124 124 124 144 144 119 119 144 144 119 119 119 119 120 120 120 120 144 144 

M = 326:
326 326 326 326 326 326 326 324 324 324 324 327 327 327 327 324 324 324 324 

M = 136:
136 136 136 136 134 134 134 134 134 136 136 136 136 136 136 136 136 136 136 136 136 136 136 136 136 136 136 136 136 137 137 137 137 135 135 135 135 135 135 135 135 135 140 140 140 135 135 135 

M = 342:
345 345 345 345 377 377 377 377 377 377 377 377 345 345 345 345 377 377 377 377 345 345 345 345 345 345 345 345 345 345 345 345 345 345 345 345 345 345 345 345 339 339 339 339 377 377 377 377 338 338 338 338 338 338 340 340 340 338 338 338 340 340 340 338 338 338 338 338 338 338 338 338 340 340 340 338 338 338 344 344 376 376 376 376 344 344 344 344 346 346 376 376 346 346 346 346 346 346 342 346 346 342 342 376 376 376 376 

M = 400:
403 403 403 403 403 403 403 403 403 400 400 400 400 400 403 403 403 400 400 400 400 400 400 403 403 403 400 400 400 400 400 400 403 403 403 403 403 403 419 419 399 399 419 419 419 419 399 399 399 399 419 419 399 399 419 419 

M = 164:
164 164 164 164 164 164 164 164 165 165 165 165 165 165 165 165 165 164 164 164 164 164 164 164 164 164 164 164 164 164 164 164 164 164 164 165 165 165 165 165 165 165 165 165 165 165 165 165 165 165 165 165 165 164 164 164 164 164 164 164 164 164 165 165 165 165 165 165 165 165 165 165 165 165 165 165 165 165 165 165 164 164 164 164 164 164 164 164 164 164 164 164 164 164 164 164 164 164 164 164 164 164 164 164 164 164 164 165 165 165 165 165 165 165 165 165 164 164 164 164 164 164 164 164 164 165 165 165 165 165 165 165 165 165 164 164 164 164 164 164 164 164 164 165 165 165 165 165 165 165 165 165 164 164 164 164 164 164 164 164 164 164 164 164 164 164 164 164 164 164 165 165 165 165 165 165 165 165 165 164 164 164 164 164 164 164 164 164 165 165 165 165 165 165 165 165 165 164 164 164 164 164 164 164 164 164 169 169 169 169 169 

M = 408:
411 411 411 411 408 408 413 413 413 408 408 408 408 408 408 406 406 406 412 412 412 413 413 413 410 410 410 410 410 410 388 388 409 409 337 337 337 337 337 337 337 337 337 337 337 337 388 388 388 388 388 388 337 337 415 415 409 409 409 409 337 337 409 409 415 415 

M = 251:
249 249 249 249 249 249 249 249 249 249 249 249 249 249 249 249 249 249 249 249 249 249 249 249 249 249 249 249 249 249 249 249 249 249 249 249 249 249 249 249 249 249 249 249 249 249 249 249 251 251 251 251 251 251 251 251 251 251 251 251 251 251 251 251 251 251 251 251 251 251 251 251 251 251 251 251 251 251 251 251 251 251 251 201 201 235 235 201 201 201 201 205 205 201 201 201 201 201 201 205 205 235 235 201 201 235 235 201 201 201 201 201 201 205 205 

M = 362:
362 362 362 362 362 362 362 362 362 362 362 362 362 362 362 362 362 362 362 362 361 361 444 444 365 365 444 444 444 444 365 365 444 444 444 444 444 444 365 365 444 444 365 365 356 356 444 444 361 361 365 365 444 444 356 356 365 365 444 444 356 356 

M = 163:
163 163 163 163 163 163 163 163 163 163 163 163 163 163 163 163 163 163 163 163 163 163 163 157 157 157 157 

