M = 124:
120 120 120 120 120 120 137 137 137 137 137 119 119 119 119 119 122 122 122 122 122 122 122 122 122 122 122 122 122 122 122 122 122 122 122 122 122 124 124 124 124 124 123 123 124 124 124 124 124 124 124 124 124 124 124 124 124 124 123 123 124 124 124 124 126 126 124 124 126 126 124 124 123 123 123 123 123 123 

M = 147:
146 146 146 146 146 146 146 146 146 146 146 146 146 146 146 146 146 146 146 146 146 146 146 146 146 146 146 146 146 146 146 146 146 146 146 144 144 144 144 144 144 147 147 147 147 147 147 147 147 147 147 147 147 147 147 147 147 147 147 147 142 142 142 142 142 147 147 147 147 147 147 147 147 147 147 147 147 147 147 147 147 147 147 147 147 178 178 178 178 178 178 178 178 262 262 262 262 262 262 262 262 262 262 262 262 177 177 143 143 143 143 177 177 143 143 177 177 177 177 177 177 143 143 177 177 143 143 177 177 143 143 143 143 143 143 177 177 177 177 177 177 143 143 143 143 177 177 177 177 143 143 143 143 

M = 318:
319 319 319 319 319 319 319 319 319 319 319 319 319 319 319 319 319 319 319 319 319 319 319 319 312 312 318 325 325 318 318 318 318 318 318 314 314 325 325 318 318 318 318 312 312 316 316 316 316 316 316 325 325 318 318 318 318 316 316 318 318 312 312 318 318 318 318 312 312 316 316 316 316 312 312 318 318 312 312 316 316 312 312 318 318 316 316 312 312 325 325 325 325 312 312 315 315 322 322 

M = 401:
400 400 400 399 399 399 400 400 400 400 400 400 400 400 400 400 400 400 399 399 399 400 400 400 400 400 400 399 399 399 327 327 329 329 401 329 329 401 401 327 327 329 329 401 401 324 324 324 324 329 329 324 324 401 401 401 401 329 329 330 330 324 324 401 401 330 330 401 401 

M = 158:
157 157 157 157 157 159 159 159 159 159 158 158 158 158 158 158 158 158 158 158 158 158 158 158 158 

M = 303:
303 303 303 305 305 274 274 274 274 303 303 303 303 305 305 303 303 303 303 303 303 274 274 274 274 303 303 303 303 303 303 303 303 303 303 274 274 274 274 274 274 303 303 274 274 305 305 303 303 305 305 274 274 

M = 447:
356 356 356 356 356 356 355 355 355 362 362 362 428 428 428 428 428 428 355 355 355 428 428 428 428 428 428 428 428 428 447 447 447 447 447 361 361 354 354 354 354 447 447 354 354 447 447 354 354 447 447 447 447 447 447 447 447 447 447 447 447 447 447 354 354 354 354 426 426 447 447 447 447 361 361 447 447 447 447 361 361 

M = 180:
180 180 180 180 180 180 180 180 180 180 180 180 180 180 180 180 180 180 180 180 180 180 180 180 180 180 180 180 180 180 180 180 180 180 182 182 182 182 182 182 182 182 

M = 258:
258 258 258 258 258 258 258 258 258 258 258 258 258 258 258 258 258 

M = 130:
193 193 193 193 193 193 193 193 193 193 193 193 193 193 193 193 193 193 194 194 194 194 194 194 194 194 217 217 217 217 217 217 217 217 217 217 217 217 217 217 217 217 217 217 217 217 217 217 217 217 130 130 130 130 130 130 130 130 130 130 130 130 130 130 130 130 130 130 130 130 130 130 130 130 130 130 130 130 130 130 130 130 130 130 130 130 130 130 130 130 130 130 130 130 135 135 135 135 134 134 134 134 135 135 135 135 139 139 139 139 139 139 139 139 134 134 134 134 136 136 136 136 136 136 136 136 136 136 136 136 136 136 136 136 136 136 215 215 215 215 215 215 215 215 215 215 215 215 215 215 

M = 196:
242 242 242 242 242 242 242 242 242 242 242 242 244 244 244 244 244 244 244 244 244 244 244 244 244 244 244 244 196 197 197 127 127 197 197 127 127 197 197 196 196 127 127 197 197 196 196 196 196 196 196 196 196 127 127 196 196 196 196 197 197 196 196 196 196 127 127 197 197 196 196 197 197 196 196 196 196 196 196 197 197 196 196 197 197 197 197 197 197 196 196 197 197 197 197 

M = 290:
288 288 291 291 290 290 290 290 290 290 290 290 290 290 290 290 290 290 290 291 291 281 281 291 291 290 290 290 290 281 281 290 290 290 290 290 290 281 281 289 289 288 288 290 290 290 290 281 281 290 290 290 290 290 290 281 281 

M = 440:
440 440 440 440 440 440 440 440 436 436 436 440 440 440 440 440 440 440 440 440 441 441 441 441 441 441 441 441 441 440 440 440 440 440 440 441 441 441 440 440 440 440 440 440 440 440 440 436 436 436 440 440 440 440 440 440 441 441 441 438 438 438 438 438 438 438 438 438 438 438 438 438 438 438 438 438 438 438 438 

M = 299:
299 299 299 299 299 297 297 297 299 299 299 297 297 297 299 299 299 297 297 297 297 297 297 299 299 299 299 299 299 279 279 279 279 279 279 

M = 421:
419 419 419 424 424 424 421 421 419 419 419 424 424 424 421 421 421 424 424 424 421 421 421 424 424 424 424 424 424 424 424 424 421 421 421 421 421 421 424 424 424 419 419 419 424 424 424 421 421 421 419 419 419 379 379 379 379 379 379 379 379 423 423 379 379 379 379 423 423 379 379 379 379 379 379 379 379 379 379 379 379 379 379 379 379 379 379 379 379 379 379 379 379 

M = 267:
268 268 268 268 267 267 267 267 267 267 267 267 267 267 267 267 267 267 267 267 267 267 267 267 267 267 267 267 267 267 267 267 267 267 267 267 267 267 267 267 267 267 267 267 267 267 267 267 267 267 267 273 273 273 273 273 273 273 273 273 273 273 273 273 273 273 273 273 273 273 273 273 273 273 273 273 273 273 273 273 273 

M = 251:
248 248 248 248 248 248 248 248 248 248 248 248 248 248 248 248 251 251 251 251 251 251 251 251 251 251 251 251 251 251 251 251 251 251 251 251 251 251 251 251 251 251 251 251 251 251 251 251 251 251 251 251 251 251 250 250 204 204 250 250 250 250 204 204 204 204 250 250 250 250 204 204 250 250 

M = 293:
293 293 293 296 296 293 293 293 293 293 293 296 296 296 296 293 293 296 296 293 293 293 293 296 296 293 293 293 293 293 293 293 293 293 293 293 293 

M = 165:
165 165 165 165 165 165 165 165 165 165 165 165 165 165 165 165 165 165 165 165 165 165 165 165 165 165 165 165 165 165 165 165 165 165 165 165 165 165 165 165 165 165 165 165 165 165 165 165 165 165 165 165 165 165 165 165 165 165 165 165 165 165 165 165 165 165 165 165 165 165 165 165 165 165 165 165 165 165 165 165 165 165 165 165 165 165 165 165 165 165 165 165 165 165 165 164 164 164 164 164 164 164 164 164 164 164 164 164 164 164 164 164 164 164 164 164 164 164 164 164 164 164 164 164 164 164 164 164 164 164 164 164 164 164 164 164 164 164 164 169 169 169 169 169 190 190 190 190 190 169 169 169 169 169 190 190 190 190 190 167 167 167 167 167 167 167 167 167 167 167 167 167 167 167 167 167 167 167 167 167 167 167 167 167 167 167 167 167 167 167 167 167 167 167 167 167 167 167 167 162 162 162 162 162 162 162 162 167 167 167 167 167 167 167 167 167 167 167 167 172 172 163 163 163 163 163 163 163 163 163 163 172 172 

M = 286:
284 284 284 284 284 286 286 286 286 286 280 280 280 283 283 283 283 283 283 286 286 286 286 286 286 283 283 283 280 280 280 286 286 286 280 280 280 286 286 286 280 280 280 286 286 286 283 283 283 283 283 283 286 286 286 286 286 286 286 286 286 286 286 286 286 286 286 286 286 286 280 280 280 286 286 286 286 286 286 286 286 286 280 280 280 285 285 285 285 285 285 285 285 

