M = 146:
146 146 146 146 146 146 146 146 146 146 146 146 146 146 146 146 146 146 146 146 146 146 146 146 146 146 146 146 146 146 146 146 146 146 146 146 146 146 146 146 146 146 146 146 146 146 146 146 146 146 146 146 146 146 146 146 146 146 146 146 146 146 146 267 267 267 267 267 267 267 267 267 267 267 267 267 267 267 267 267 267 267 267 267 267 267 267 267 267 267 267 267 267 267 267 267 267 267 267 267 267 267 267 267 267 267 267 268 268 268 268 267 267 267 267 

M = 201:
204 204 204 204 201 201 201 201 201 201 201 201 201 201 201 201 201 201 201 201 201 201 201 201 201 201 201 201 201 201 235 235 235 235 203 203 203 203 203 203 235 235 235 235 203 203 203 203 203 203 203 203 203 203 

M = 144:
144 144 144 144 144 144 145 145 145 145 145 145 142 142 142 142 142 142 145 145 145 145 145 145 

M = 196:
196 196 196 196 196 196 196 196 196 196 196 196 196 196 196 196 196 196 196 196 196 196 196 196 196 196 196 196 196 196 196 196 196 196 196 196 196 196 196 196 196 196 196 196 

M = 134:
134 134 134 134 134 134 134 134 134 134 134 134 134 134 134 134 134 134 134 134 134 134 134 134 134 134 134 134 134 134 134 134 134 134 134 134 134 134 134 134 134 134 134 134 134 134 134 134 134 134 134 134 134 134 134 134 134 134 134 134 134 134 134 134 132 132 132 132 132 132 132 132 132 132 132 132 132 132 132 132 132 132 132 132 132 132 

M = 208:
208 208 208 208 208 208 208 208 208 208 208 208 208 208 208 208 208 208 208 208 208 208 208 208 208 208 208 208 208 207 207 

M = 197:
127 127 127 127 127 127 127 127 127 127 127 127 127 127 127 127 127 127 248 248 248 248 248 248 197 197 197 197 197 197 197 197 197 197 197 197 197 197 197 197 197 197 197 197 197 197 197 197 197 

M = 303:
305 305 305 305 305 305 305 305 305 305 305 305 305 305 305 305 305 305 305 305 305 305 305 305 305 272 272 272 272 272 272 272 272 272 272 272 272 272 272 272 272 272 272 272 272 272 272 272 272 303 303 303 303 303 303 303 303 303 303 303 303 303 303 303 303 303 303 303 303 303 303 303 303 303 303 303 303 303 303 303 303 303 303 303 303 303 303 303 303 303 303 303 303 274 274 306 306 297 297 300 300 297 297 274 274 300 300 297 297 300 300 297 297 308 308 300 300 297 297 300 300 274 274 297 297 274 274 300 300 300 300 274 274 300 300 309 309 274 274 300 300 297 297 297 297 300 300 300 300 300 300 300 300 274 274 306 306 274 274 274 274 306 306 274 274 300 300 297 297 306 306 274 274 274 274 274 274 

M = 193:
193 193 193 193 193 193 193 193 193 193 193 193 193 193 193 193 193 193 193 193 193 193 193 193 193 193 193 219 219 219 194 194 194 219 219 219 219 219 219 194 194 194 219 219 219 194 194 194 219 219 219 219 219 219 194 194 194 194 194 194 194 194 194 194 194 194 194 194 194 219 219 219 194 194 194 194 194 194 219 219 219 194 194 194 194 194 194 191 191 191 194 194 194 

M = 380:
345 345 345 377 377 377 377 377 377 345 345 345 377 377 377 377 377 377 377 377 377 377 377 377 376 376 372 372 372 372 380 372 372 379 379 380 380 379 379 380 380 346 346 379 379 346 346 378 378 380 380 380 380 380 380 372 372 346 346 372 372 379 379 379 379 376 376 423 423 346 346 379 379 372 372 380 380 346 346 423 423 379 379 379 379 372 372 372 372 372 372 379 379 379 379 422 422 380 380 380 380 376 376 379 379 

M = 178:
265 265 265 265 265 262 262 262 262 178 178 178 178 178 178 178 178 178 178 178 178 178 178 261 261 261 178 178 178 178 178 178 263 263 263 178 178 178 178 178 178 178 178 178 261 261 261 178 178 178 178 178 178 177 177 177 177 177 177 177 177 177 177 177 177 177 177 177 177 177 177 177 177 177 177 177 177 

M = 122:
120 120 120 120 120 120 120 120 120 122 122 122 122 122 122 122 122 122 122 122 122 122 122 122 122 122 122 122 122 122 122 122 122 122 122 122 122 122 122 122 122 122 122 122 122 122 122 122 122 122 122 122 122 122 122 122 122 122 122 122 122 122 122 122 122 122 122 122 122 122 122 122 122 122 122 122 122 122 122 122 122 122 122 122 122 122 122 122 122 122 122 122 122 123 123 123 123 124 124 124 124 123 123 123 123 123 123 123 123 123 123 123 123 124 124 124 124 124 124 124 124 123 123 123 123 123 123 123 123 123 123 123 123 124 124 124 124 123 123 123 123 123 123 123 123 123 123 123 123 123 123 123 123 124 124 124 124 123 123 123 123 123 123 123 123 123 123 123 123 123 123 123 123 

M = 242:
242 242 242 242 242 242 242 242 242 242 242 242 242 244 244 244 244 244 244 244 242 242 242 242 242 242 242 242 242 242 242 242 242 242 242 242 242 242 242 242 242 242 242 242 242 242 242 242 242 242 242 242 242 242 242 242 242 242 242 242 242 242 242 242 242 242 242 242 242 242 242 242 242 242 242 242 242 242 242 242 242 242 242 242 242 242 242 242 242 242 241 241 241 241 241 241 241 241 241 241 241 241 241 241 241 241 241 241 241 241 241 241 241 241 241 241 

M = 366:
388 388 388 388 388 388 388 388 388 388 388 388 388 388 388 412 412 412 412 412 412 412 412 412 412 412 412 412 412 412 412 412 412 412 412 412 412 412 412 366 366 366 368 368 366 366 366 366 366 366 366 366 368 368 366 366 366 366 368 368 366 366 368 368 366 366 368 368 368 368 366 366 368 368 368 368 366 366 368 368 365 365 365 365 366 366 366 366 366 366 366 366 

M = 165:
165 165 165 164 164 164 164 165 165 165 165 165 165 165 165 165 165 165 165 165 165 165 165 165 165 165 165 165 165 165 165 164 164 164 164 165 165 165 165 164 164 164 164 165 165 165 165 165 165 165 165 165 165 165 165 164 164 164 164 165 165 165 165 164 164 164 164 164 164 164 164 165 165 165 165 165 165 165 165 167 167 167 167 167 167 162 162 162 167 167 167 167 167 167 167 167 167 167 167 167 167 167 167 167 167 167 167 167 167 167 167 167 162 162 162 167 167 167 167 167 167 167 167 167 167 167 167 167 167 167 167 167 167 167 167 167 163 163 163 163 163 163 

M = 139:
136 136 136 136 136 136 136 136 136 136 136 136 136 136 136 136 136 136 136 136 136 136 136 136 136 136 136 136 136 136 217 217 217 217 141 141 141 141 141 141 141 141 141 141 141 141 141 141 141 141 141 141 141 141 141 141 141 141 141 141 141 141 139 139 139 140 140 140 140 139 139 140 140 139 139 139 139 140 140 139 139 

M = 251:
250 250 250 250 250 250 250 250 250 250 250 250 250 250 250 250 250 250 250 250 250 250 250 250 250 251 251 251 251 251 251 251 237 237 237 237 251 251 251 251 237 237 237 237 237 237 237 237 251 251 251 251 251 251 251 251 237 237 237 237 251 251 251 251 237 237 237 237 251 251 251 251 251 251 251 251 159 159 159 159 159 159 159 159 159 159 161 161 

M = 337:
339 339 339 339 339 339 336 336 336 336 336 336 336 336 336 336 410 410 410 410 410 408 408 408 408 337 337 337 340 340 340 340 337 337 337 337 337 337 337 337 337 337 337 337 337 337 337 337 337 337 337 337 408 408 408 408 337 337 337 337 340 340 340 340 408 408 408 408 408 408 408 408 408 408 408 408 337 337 337 337 407 407 407 406 406 406 407 407 407 407 407 407 338 338 338 406 406 406 407 407 407 407 407 407 338 338 338 407 407 407 407 407 407 335 335 405 405 405 405 405 405 405 405 405 405 405 405 335 335 405 405 405 405 405 405 405 405 405 405 405 405 

M = 435:
390 390 390 390 390 390 390 390 390 390 390 390 390 390 390 390 390 390 390 390 390 390 390 390 390 390 390 436 436 436 390 390 390 390 390 390 436 436 436 390 390 390 440 440 440 440 439 439 438 438 440 440 440 440 438 438 438 438 438 438 439 439 440 440 440 440 435 440 440 440 440 438 438 435 435 438 438 435 435 439 439 438 438 435 435 440 440 438 438 438 438 440 440 438 438 439 439 440 440 439 439 439 439 435 435 

M = 182:
180 180 180 180 180 180 180 180 180 180 180 180 180 180 180 180 180 180 180 180 180 180 180 180 180 180 180 180 180 180 180 180 181 181 181 181 181 181 182 182 182 182 182 182 182 182 182 182 182 182 182 182 182 182 182 182 182 228 228 228 228 228 182 182 182 182 182 184 184 184 229 229 229 184 184 184 184 184 184 184 184 184 184 184 184 184 184 184 

