M = 201:
206 206 206 201 201 201 201 201 201 201 201 204 204 204 204 204 204 201 201 201 201 201 201 204 204 204 205 205 205 205 205 205 201 201 201 205 205 205 201 201 201 204 204 204 206 206 206 204 204 204 201 201 201 201 201 201 205 205 205 205 205 205 201 201 201 201 201 201 205 205 205 201 201 201 201 201 201 201 201 201 206 206 206 201 201 201 206 206 206 201 201 201 204 204 204 206 206 206 201 201 201 205 205 205 204 204 204 228 228 203 203 228 228 203 203 

M = 235:
235 235 235 235 235 235 235 235 235 235 235 235 235 235 235 235 235 235 235 235 235 235 235 235 235 

M = 198:
124 124 124 199 199 199 124 124 124 124 124 124 210 210 210 126 126 126 124 124 124 124 124 124 210 210 210 126 126 126 199 199 199 197 197 239 239 127 127 198 127 127 237 237 127 127 198 198 197 197 197 197 237 237 237 237 198 198 198 198 127 127 127 127 198 198 127 127 125 125 198 198 198 198 237 237 197 197 237 237 198 198 197 197 127 127 127 127 198 198 127 127 198 198 197 197 197 197 127 127 198 198 198 198 198 198 198 198 237 237 197 197 127 127 197 197 

M = 335:
336 336 336 336 336 336 336 336 336 336 336 336 336 336 336 336 336 336 335 335 335 335 335 333 333 333 333 335 335 333 333 333 333 333 333 331 331 333 333 333 333 335 335 335 335 335 335 335 335 333 333 333 333 334 334 333 333 335 335 333 333 333 333 335 335 

M = 158:
159 159 159 159 159 159 159 159 158 158 158 158 158 158 158 158 158 158 158 251 251 251 158 158 158 158 158 158 251 251 251 157 157 157 157 157 157 157 157 157 158 158 158 157 157 157 

M = 454:
455 455 356 356 454 454 454 454 454 454 454 356 356 454 454 454 454 454 454 454 454 454 454 454 454 454 454 454 454 356 356 454 454 454 454 

M = 306:
308 308 308 308 308 308 308 308 308 308 308 308 308 308 308 308 306 306 306 306 306 305 305 305 272 272 272 306 306 306 306 306 306 272 272 272 306 306 306 306 306 306 306 306 306 305 305 305 306 306 306 306 306 306 275 275 275 275 304 304 304 304 275 275 274 274 300 300 275 275 276 276 275 275 276 276 274 274 304 304 275 275 276 276 274 274 

M = 421:
421 421 421 421 421 421 421 421 425 425 424 424 425 425 347 347 425 425 

M = 130:
130 130 130 130 130 130 130 130 130 130 130 130 130 130 130 130 130 130 130 130 133 133 133 130 130 130 133 133 133 133 133 133 130 130 130 130 130 130 130 130 130 130 130 130 130 130 130 133 133 133 196 196 196 196 129 129 196 196 196 196 129 129 196 196 196 196 196 196 196 196 196 196 196 196 196 196 196 196 196 196 196 196 129 129 196 196 196 196 196 196 

M = 410:
412 412 411 411 411 411 412 412 412 412 410 410 410 412 412 410 410 410 410 410 410 410 410 411 411 410 410 

M = 396:
400 400 400 400 400 400 400 400 400 400 400 400 400 400 400 400 400 400 400 400 396 396 396 396 396 401 401 401 396 396 396 396 396 396 401 401 401 401 401 401 401 401 401 428 428 428 396 396 396 428 428 428 428 428 428 401 401 401 428 428 428 396 396 396 428 428 428 401 401 401 401 401 401 396 396 396 401 401 401 428 428 428 396 396 396 396 396 396 401 401 401 428 428 428 396 396 396 401 401 401 401 401 401 401 401 401 396 396 396 396 396 396 401 401 401 

M = 324:
323 323 323 323 327 327 327 324 324 324 324 324 324 324 324 327 327 327 327 327 327 324 324 324 324 324 324 324 324 324 324 324 324 324 324 324 324 324 324 324 324 324 324 324 324 324 324 324 324 324 324 327 327 327 324 324 324 324 324 324 326 326 326 326 326 326 326 326 319 319 326 326 326 326 326 326 319 319 326 326 319 319 322 322 322 322 

M = 312:
312 312 312 312 312 312 312 312 312 312 312 312 312 312 312 312 312 312 312 312 312 312 312 312 313 313 313 313 313 313 313 313 313 313 313 313 313 313 313 313 313 313 311 311 311 311 314 314 311 311 316 316 311 311 311 311 311 311 311 311 311 311 311 311 

M = 177:
180 180 180 180 180 180 180 147 147 147 147 147 147 146 146 146 146 146 146 146 146 146 146 146 146 146 146 146 146 146 146 146 146 146 146 146 146 146 146 146 146 146 146 262 262 262 262 262 262 146 146 146 146 146 146 178 178 178 178 178 178 178 178 178 178 178 178 178 178 178 267 267 267 267 267 178 178 178 178 178 178 178 178 178 178 267 267 267 267 267 178 178 178 178 178 178 178 178 178 178 182 182 182 182 182 182 182 182 182 182 178 178 178 178 178 178 178 178 178 178 267 267 267 267 267 267 267 267 267 267 178 178 178 178 178 178 178 178 178 178 120 120 120 120 120 224 224 224 224 258 258 258 258 177 177 177 224 224 224 224 258 258 258 258 224 224 224 224 177 177 177 177 258 258 258 258 224 224 224 224 258 258 258 258 263 263 263 263 224 224 224 224 224 224 224 224 224 224 224 224 224 224 224 224 258 258 258 258 224 224 224 224 224 224 224 224 263 263 263 263 224 224 224 224 224 224 224 224 258 258 258 258 224 224 224 224 148 148 148 229 229 229 271 271 271 271 183 183 183 183 226 226 261 261 183 183 226 226 150 150 183 183 183 183 271 271 150 150 150 150 271 271 150 150 150 150 271 271 271 271 261 261 183 183 271 271 261 261 226 226 150 150 261 261 226 226 261 261 261 261 183 183 261 261 150 150 150 150 183 183 150 150 183 183 226 226 150 150 183 183 261 261 261 261 183 183 261 261 150 150 150 150 150 150 183 183 183 183 261 261 226 226 

M = 403:
403 403 403 403 403 403 403 403 403 403 403 403 403 403 403 339 339 339 339 403 403 339 339 403 403 403 403 403 403 403 403 406 406 403 403 403 403 403 403 403 403 403 403 403 403 339 339 

M = 139:
136 136 136 136 136 136 136 136 136 136 136 136 136 136 136 136 139 139 139 136 136 136 136 141 141 141 141 136 136 136 136 141 141 141 141 136 136 136 136 141 141 141 141 136 136 136 136 136 136 136 136 141 141 141 141 139 139 139 139 136 136 136 136 141 141 141 141 136 136 136 136 141 141 141 141 218 218 218 140 140 140 122 122 122 122 122 122 122 122 122 122 122 122 218 218 218 140 140 140 122 122 122 122 122 122 122 122 122 122 122 122 122 122 122 122 122 122 140 140 140 122 122 122 140 140 140 140 140 140 122 122 122 122 122 122 122 122 122 215 215 135 135 135 135 215 215 215 215 215 215 215 215 

M = 291:
291 291 291 291 291 286 286 286 291 291 291 291 291 291 291 291 291 291 291 291 291 291 291 291 291 291 291 291 291 291 291 291 291 291 291 291 291 291 291 291 291 291 291 291 291 291 291 286 286 286 291 291 291 282 282 288 288 284 284 318 318 282 282 287 287 287 287 288 288 287 287 284 284 288 288 318 318 287 287 287 287 287 287 279 279 287 287 283 283 287 287 287 287 283 283 288 288 287 287 318 318 318 318 283 283 283 283 287 287 287 287 284 284 287 287 284 284 287 287 287 287 283 283 287 287 288 288 287 287 

M = 194:
242 242 242 242 242 242 242 242 242 242 242 242 242 242 242 242 242 242 242 242 242 242 242 242 242 242 242 242 242 242 242 242 242 242 242 193 193 193 193 193 193 193 193 193 193 193 193 193 193 193 193 193 193 193 193 193 193 193 193 193 193 193 193 193 193 193 193 193 193 193 193 193 193 193 193 193 193 193 193 193 193 193 193 193 193 194 194 194 240 240 240 240 194 194 194 194 194 194 194 194 194 194 194 194 194 194 194 194 194 194 194 194 194 194 194 194 194 194 194 194 240 240 240 240 190 190 190 190 190 190 190 190 190 190 190 190 190 190 190 190 190 190 220 220 220 220 

M = 165:
165 165 165 165 165 165 165 165 165 165 165 165 165 165 165 165 165 165 165 165 165 165 165 165 165 165 165 165 165 165 165 165 165 165 165 

M = 163:
164 164 164 164 164 164 164 164 164 164 164 164 164 164 164 164 164 164 164 164 164 164 164 164 164 164 164 164 164 164 164 164 164 164 164 164 164 164 164 164 163 163 163 163 163 163 163 163 163 163 163 163 163 163 163 163 163 163 163 163 249 249 162 162 162 162 249 249 249 249 249 249 249 249 249 249 162 162 162 162 162 162 249 249 249 249 162 162 162 162 249 249 249 249 162 162 249 249 162 162 249 249 162 162 249 249 162 162 162 162 249 249 249 249 249 249 249 249 

