M = 201:
201 201 201 201 201 201 201 201 201 201 201 201 201 228 228 228 228 201 201 201 201 201 201 201 201 201 201 201 201 201 201 201 201 

M = 167:
167 167 167 167 167 167 167 167 167 167 167 167 167 167 167 167 167 167 167 167 167 167 167 162 162 162 162 167 167 167 167 167 167 167 167 167 167 167 167 167 167 167 167 167 167 167 167 162 162 162 162 167 167 167 167 167 167 167 167 167 167 167 167 

M = 204:
204 204 204 204 204 204 204 204 204 204 204 204 204 204 204 

M = 159:
161 161 161 161 159 159 159 159 159 159 159 159 159 159 159 159 159 159 159 159 159 158 158 158 158 455 455 158 158 158 158 158 158 455 455 158 158 

M = 119:
119 120 120 119 119 119 119 119 119 119 119 120 120 119 119 120 120 119 119 120 120 119 119 119 119 119 119 

M = 440:
438 438 438 438 438 438 438 438 362 362 362 439 439 439 440 440 440 440 440 439 439 439 440 440 440 362 362 362 439 439 439 439 439 439 362 362 362 439 439 439 440 440 440 440 440 440 362 362 362 362 362 362 362 362 362 440 440 440 439 439 439 440 440 440 440 440 440 440 440 440 440 440 440 440 440 440 439 439 439 362 362 362 439 439 439 439 439 439 440 440 440 439 439 439 362 362 362 362 362 362 440 440 440 440 440 440 362 362 362 440 440 440 440 440 440 439 439 439 441 441 

M = 190:
217 217 217 217 217 217 190 190 190 190 190 190 190 190 190 190 190 190 190 190 190 190 190 190 190 190 190 190 190 190 190 190 190 190 190 190 190 190 190 190 190 190 190 190 190 190 190 190 190 190 

M = 193:
194 194 194 194 194 194 194 194 194 194 194 194 194 194 194 194 194 194 216 216 216 193 193 193 193 193 193 193 193 193 193 193 193 193 193 193 193 193 193 193 193 193 193 193 193 193 193 216 216 216 131 131 130 130 130 130 130 130 130 130 130 130 130 130 130 130 130 130 

M = 305:
303 303 303 305 305 305 305 305 305 305 305 305 305 305 305 305 305 305 305 305 305 305 305 305 305 305 305 305 305 305 305 305 305 305 305 305 

M = 262:
263 263 262 262 262 180 180 263 263 263 263 262 262 180 180 263 263 263 263 263 263 182 182 180 180 180 180 180 180 262 262 180 180 180 180 262 262 262 262 262 262 180 180 262 262 180 180 262 262 262 262 180 180 263 263 263 263 

M = 273:
273 273 273 270 270 273 273 270 270 273 273 276 276 273 273 273 273 273 273 273 273 273 273 272 272 273 273 270 270 273 273 

M = 241:
242 242 242 242 242 242 242 242 242 242 242 242 242 241 241 241 241 241 241 241 241 241 241 241 241 241 240 240 240 240 240 240 240 246 246 246 246 246 

M = 297:
297 297 297 297 297 297 297 297 297 297 297 301 301 301 301 297 297 297 297 297 297 297 297 297 297 297 297 297 297 297 297 297 297 297 297 297 297 297 297 297 297 297 297 297 297 297 297 297 297 297 297 297 297 297 297 297 297 297 297 297 297 297 297 297 297 297 297 297 297 297 297 297 297 297 297 296 296 296 296 296 296 299 299 299 299 299 299 296 296 296 296 296 296 299 299 299 

M = 265:
268 268 268 265 265 265 265 265 265 265 265 265 265 265 268 268 268 268 268 268 265 265 265 264 264 264 146 146 146 265 265 265 268 268 268 146 146 146 265 265 265 147 147 147 147 145 145 269 269 147 147 269 269 

M = 235:
235 235 235 235 235 235 235 235 235 235 235 235 235 235 235 235 235 235 235 235 235 235 235 235 235 235 235 235 235 235 235 235 235 235 235 

M = 165:
165 165 165 165 165 165 165 165 165 165 165 165 165 165 165 165 165 165 165 165 165 165 165 165 165 165 165 165 165 165 165 165 165 165 165 165 165 165 165 165 165 165 165 165 165 165 165 165 165 165 165 165 165 165 165 165 165 165 165 165 165 165 165 165 164 164 164 164 164 164 164 164 164 164 164 164 164 164 164 164 164 164 164 164 164 164 164 164 163 163 163 163 163 163 163 163 163 

M = 251:
251 237 237 249 249 251 251 251 251 251 251 251 251 249 249 249 249 251 251 249 249 237 237 251 251 251 251 251 251 249 249 251 251 249 249 251 251 249 249 251 251 251 251 249 249 251 251 251 251 237 237 249 249 

M = 126:
126 126 126 126 126 126 126 126 126 126 126 126 126 126 126 126 126 126 126 126 126 126 126 126 126 

M = 284:
280 280 280 281 281 281 280 280 280 280 280 280 359 359 359 280 280 280 356 356 356 280 280 280 280 280 280 281 281 281 280 280 280 281 281 281 355 355 355 356 356 356 280 280 280 355 355 355 356 356 356 280 280 280 280 280 280 285 285 354 354 354 354 354 354 285 285 354 354 354 354 285 285 285 285 284 

M = 171:
171 171 171 171 171 

