M = 146:
265 265 265 265 265 265 265 265 146 146 146 146 146 146 146 146 146 146 146 146 146 146 146 146 146 146 146 146 146 146 146 265 265 265 265 265 265 265 265 147 147 147 147 147 147 147 147 146 146 146 146 146 146 146 146 146 146 146 146 146 146 146 146 146 146 146 146 146 146 146 146 146 146 146 146 146 146 146 146 146 146 146 146 146 146 146 146 146 146 146 146 146 146 146 146 146 146 146 146 146 146 146 146 147 147 147 147 147 147 147 147 146 146 146 146 146 146 146 146 266 266 266 266 266 266 266 177 177 177 177 267 267 148 148 267 267 271 271 267 267 271 271 267 267 271 271 267 267 267 267 269 269 271 271 271 271 271 271 

M = 347:
344 344 344 344 347 347 347 347 347 347 347 344 344 344 344 346 346 346 346 346 346 346 346 346 346 346 346 346 346 346 346 346 346 346 346 347 347 347 347 346 346 346 346 344 344 344 344 346 346 346 346 344 344 344 344 344 344 344 344 346 346 346 346 347 347 347 347 344 344 344 344 347 347 347 347 346 346 346 346 347 347 347 347 346 346 346 346 347 347 347 347 347 347 347 347 344 344 344 344 364 364 364 345 345 345 349 349 349 455 455 455 349 349 349 421 421 421 451 451 451 421 421 421 424 424 424 424 424 424 364 364 364 451 451 451 349 349 349 451 451 451 451 451 451 451 451 451 451 451 451 348 348 452 452 348 348 380 380 370 370 456 456 369 369 452 452 370 370 368 368 380 380 380 380 380 380 370 370 369 369 370 370 380 380 369 369 370 370 380 380 369 369 380 380 370 370 380 380 370 370 452 452 375 375 369 369 423 423 370 370 370 370 370 370 370 370 369 369 370 370 369 369 348 348 452 452 380 380 348 348 369 369 380 380 380 380 456 456 380 380 370 370 370 370 380 380 348 348 

M = 215:
142 142 142 142 142 142 142 142 142 142 142 142 142 142 142 142 142 142 142 142 142 142 142 142 142 142 142 142 142 142 142 142 142 142 142 142 217 217 217 217 217 217 217 217 217 217 217 217 217 217 217 217 217 217 217 217 140 140 140 140 140 217 217 217 217 217 215 215 215 215 215 215 215 215 215 215 215 215 215 215 215 215 215 215 215 215 215 215 215 215 215 215 215 215 215 215 215 215 215 215 215 

M = 205:
205 205 205 205 205 205 205 205 205 205 205 205 205 205 205 205 205 205 205 205 205 205 205 205 205 205 206 206 206 206 226 226 206 206 206 206 206 206 226 226 206 206 206 206 226 226 206 206 206 206 206 206 206 206 206 206 

M = 411:
411 411 411 411 411 411 411 411 410 410 410 410 410 410 410 410 410 410 410 410 411 411 411 410 410 410 387 387 387 387 365 365 365 365 387 387 365 365 387 387 

M = 303:
310 310 310 303 303 303 303 303 303 303 303 310 310 310 303 303 303 310 310 310 303 303 303 303 303 303 303 303 303 312 312 312 303 303 303 303 303 303 303 303 303 310 310 310 303 303 303 303 303 303 310 310 310 312 312 312 310 310 310 303 303 303 310 310 310 303 303 303 310 310 310 310 310 310 310 310 310 310 310 310 303 303 303 305 305 305 310 310 310 303 303 303 310 310 310 310 310 310 303 303 303 273 273 274 274 274 274 273 273 273 273 273 273 274 274 273 273 274 274 273 273 274 274 274 274 304 304 273 273 274 274 273 273 274 274 273 273 273 273 308 308 306 306 273 273 274 274 274 274 273 273 306 306 273 273 274 274 273 273 308 308 306 306 273 273 306 306 273 273 274 274 306 306 274 274 

M = 440:
440 440 440 440 440 440 440 440 440 440 440 440 440 440 440 440 440 440 440 438 438 440 440 438 438 440 440 438 438 440 440 440 440 440 440 440 440 440 440 440 440 440 440 438 438 

M = 122:
122 122 122 122 122 122 122 122 122 122 122 122 122 122 122 122 122 122 122 122 122 122 122 122 122 122 122 122 122 122 122 122 122 122 122 122 122 122 122 122 122 122 122 122 122 122 122 122 122 122 122 122 122 122 122 122 122 122 122 122 122 122 122 122 122 122 122 122 122 122 122 122 122 122 122 122 122 122 122 122 122 122 122 122 122 122 122 122 122 123 123 123 123 123 123 123 123 123 123 123 123 123 123 123 210 210 210 210 210 210 224 224 124 124 210 210 224 224 224 224 124 124 210 210 124 124 212 212 124 124 224 224 210 210 212 212 124 124 224 224 224 224 224 224 224 224 224 224 212 212 212 212 212 212 212 212 212 212 124 124 212 212 210 210 124 124 224 224 124 124 212 212 210 210 212 212 210 210 210 210 224 224 224 224 224 224 210 210 210 210 224 224 224 224 224 224 210 210 

M = 219:
218 218 218 218 218 219 219 219 219 219 219 219 219 219 219 219 219 219 219 219 219 219 219 219 219 219 219 219 219 219 219 219 219 219 219 219 219 219 219 219 219 219 219 219 219 219 191 191 191 191 191 191 

M = 405:
341 341 341 341 341 341 341 341 341 341 341 341 341 341 341 379 379 379 379 379 377 377 377 377 339 339 339 339 339 339 339 339 339 339 339 339 377 377 377 377 377 377 377 377 377 377 377 377 377 377 377 377 377 377 377 377 415 415 415 406 406 406 405 405 406 406 406 415 415 415 376 376 376 405 405 405 405 405 405 405 405 405 406 406 406 405 405 405 405 405 405 376 376 376 405 405 405 415 415 415 405 405 405 415 415 415 405 405 405 405 405 405 405 405 405 415 415 415 405 405 405 419 419 403 403 334 334 403 403 419 419 403 403 403 403 336 336 419 419 336 336 403 403 403 403 334 334 336 336 334 334 419 419 336 336 419 419 403 403 403 403 336 336 419 419 419 419 419 419 403 403 419 419 419 419 403 403 334 334 334 334 403 403 419 419 336 336 334 334 419 419 419 419 419 419 419 419 403 403 419 419 336 336 336 336 403 403 342 342 334 334 403 403 336 336 334 334 403 403 336 336 419 419 

M = 130:
127 127 127 193 193 193 193 193 193 127 127 127 193 193 193 127 127 127 193 193 193 127 127 127 193 193 193 193 193 193 193 193 193 133 133 130 130 130 132 132 133 133 133 133 133 133 133 133 130 130 130 130 130 130 133 133 130 130 133 133 130 130 130 130 130 130 130 130 130 130 133 133 133 133 133 133 133 133 130 130 133 133 

M = 261:
180 180 180 180 180 180 180 180 229 229 229 229 229 229 229 229 229 229 229 229 229 229 229 229 229 229 182 182 182 182 182 261 261 261 261 261 261 261 261 261 263 263 263 263 263 182 182 182 182 182 261 261 261 261 261 261 261 261 261 261 261 261 261 261 261 261 261 261 261 261 261 261 261 261 261 261 261 261 261 261 261 261 261 261 261 261 261 261 261 261 261 261 261 261 261 178 178 178 178 178 178 178 178 178 178 178 178 178 178 178 178 228 228 228 228 178 178 178 178 178 178 178 178 178 178 178 178 178 178 178 178 178 178 178 178 178 178 178 178 178 178 178 178 178 178 178 178 259 259 258 258 184 184 259 259 184 184 259 259 259 259 152 152 184 184 259 259 258 258 184 184 258 258 184 184 152 152 184 184 257 257 259 259 259 259 259 259 259 259 152 152 259 259 259 259 259 259 259 259 259 259 259 259 259 259 

M = 136:
136 136 136 136 136 136 136 136 136 136 136 139 139 139 139 139 139 136 136 136 136 136 136 136 136 136 136 136 136 136 136 136 136 136 136 136 136 136 136 136 136 136 136 136 136 136 136 136 136 136 136 136 136 136 136 136 136 136 136 134 134 134 134 135 135 135 135 134 134 134 134 135 135 135 135 138 138 138 138 

M = 324:
400 400 400 400 400 400 400 400 400 400 400 400 400 400 400 324 321 321 326 326 326 326 327 327 321 321 319 319 321 321 326 326 321 321 327 327 324 324 326 326 321 321 326 326 399 399 326 326 324 324 326 326 399 399 324 324 319 319 324 324 324 324 321 321 326 326 316 316 324 324 321 321 326 326 319 319 321 321 324 324 324 324 321 321 

M = 242:
247 247 247 242 242 247 247 247 242 242 242 242 242 242 242 242 242 242 242 242 242 242 242 242 242 242 242 242 242 242 242 242 242 242 242 242 242 242 242 242 242 247 247 247 242 242 242 247 247 247 242 242 242 242 242 242 242 242 242 

M = 199:
126 126 126 126 199 197 197 199 199 199 199 197 197 

M = 251:
159 159 159 159 159 159 159 159 158 158 158 158 158 158 158 158 251 251 157 157 157 157 157 157 251 251 251 157 157 157 251 251 251 157 157 157 251 251 251 251 251 251 157 157 157 157 157 157 251 251 251 157 157 157 251 251 251 251 251 251 160 160 160 157 157 157 251 251 251 251 251 251 157 157 157 251 251 251 251 251 251 251 251 251 249 249 249 249 249 249 249 249 249 249 235 235 249 249 249 249 235 235 249 249 249 249 249 249 249 249 235 235 249 249 249 249 249 249 249 249 249 249 

M = 285:
283 283 283 283 283 283 283 283 283 283 283 283 283 283 283 283 283 283 283 283 283 283 283 283 285 285 285 285 285 285 285 285 285 285 285 313 313 313 285 285 285 313 313 313 313 313 313 279 279 279 313 313 313 285 285 285 285 285 285 285 285 285 279 279 279 285 285 285 285 285 285 313 313 313 285 285 285 313 313 313 279 279 279 282 282 282 282 288 288 358 358 359 359 356 356 280 280 358 358 359 359 288 288 290 290 356 356 358 358 290 290 288 288 290 290 280 280 280 280 290 290 358 358 356 356 282 282 290 290 282 282 280 280 359 359 358 358 288 288 291 291 282 282 282 282 280 280 288 288 359 359 291 291 288 288 282 282 280 280 356 356 290 290 282 282 280 280 356 356 291 291 290 290 358 358 428 428 282 282 282 282 290 290 282 282 290 290 358 358 280 280 290 290 358 358 288 288 291 291 291 291 356 356 290 290 280 280 290 290 356 356 356 356 282 282 280 280 282 282 288 288 282 282 282 282 290 290 290 290 282 282 291 291 290 290 288 288 356 356 356 356 290 290 282 282 291 291 280 280 

M = 165:
164 164 164 164 164 164 164 164 164 164 164 164 164 164 164 164 168 168 168 168 168 168 168 168 168 165 163 163 163 163 165 165 165 165 165 165 165 165 165 165 165 165 163 163 165 165 165 165 165 165 165 165 165 165 165 165 165 165 165 165 163 163 163 163 163 163 165 165 165 165 163 163 

M = 408:
408 408 408 408 408 408 408 408 408 408 408 408 408 408 408 408 408 408 408 408 408 408 408 408 408 408 408 408 408 408 408 408 408 408 408 408 408 408 408 408 408 408 408 408 413 413 409 409 409 409 409 409 385 385 409 409 385 385 413 413 385 385 409 409 409 409 385 385 409 409 385 385 409 409 409 409 409 409 409 409 385 385 

