M = 201:
206 206 206 206 204 204 204 204 204 204 204 204 204 204 204 204 201 208 208 235 235 208 208 208 208 201 201 208 208 201 201 208 208 235 235 201 201 201 201 235 235 201 201 201 201 208 208 201 201 201 201 208 208 208 208 201 201 201 201 201 201 201 201 208 208 208 208 201 201 208 208 

M = 347:
452 452 452 349 349 349 451 451 451 451 451 451 456 456 456 347 347 347 347 347 347 347 347 452 452 452 347 347 347 347 347 347 347 347 347 451 451 451 347 347 347 451 451 451 451 451 451 345 345 344 344 450 450 348 348 450 450 344 344 348 348 370 370 370 370 450 450 370 370 453 453 370 370 370 370 450 450 345 345 345 345 370 370 346 346 345 345 344 344 370 370 453 453 346 346 344 344 370 370 370 370 343 343 346 346 370 370 344 344 370 370 344 344 348 348 346 346 345 345 346 346 346 346 450 450 343 343 370 370 370 370 453 453 344 344 450 450 370 370 345 345 

M = 268:
146 146 146 146 146 146 146 146 146 146 146 146 146 146 146 146 146 146 146 146 274 274 274 274 146 146 146 146 274 274 274 274 146 146 146 146 146 146 146 146 146 146 146 146 146 146 146 146 146 146 146 146 274 274 274 274 146 146 146 146 146 146 146 146 146 146 146 146 146 146 146 146 303 303 303 303 303 303 266 266 266 303 303 303 303 303 303 303 303 303 269 269 269 269 269 269 266 266 266 303 303 303 266 266 266 268 305 305 273 273 273 273 270 270 272 272 273 273 277 277 273 273 268 268 305 305 305 305 272 272 268 268 275 275 273 273 273 273 272 272 277 277 273 273 268 268 273 273 277 277 268 268 270 270 272 272 272 272 270 270 277 277 273 273 272 272 268 268 273 273 273 273 273 273 273 273 277 277 272 272 305 305 277 277 305 305 270 270 277 277 305 305 305 305 305 305 273 273 

M = 437:
438 438 438 438 438 438 438 438 438 437 437 437 437 437 437 437 437 437 437 437 

M = 194:
194 194 194 194 194 194 194 194 194 194 194 194 194 194 194 194 194 194 194 194 194 194 194 194 194 194 194 194 194 194 194 194 194 194 194 194 194 194 194 194 194 194 194 194 194 194 194 194 194 194 194 194 194 194 194 194 194 194 194 194 194 194 194 194 194 194 194 194 194 193 193 193 193 193 193 193 193 193 193 193 193 193 193 193 193 193 193 193 193 193 193 193 193 193 193 193 193 196 196 196 196 196 196 196 196 240 240 240 240 196 196 240 240 240 240 196 196 196 196 240 240 196 196 

M = 441:
441 440 440 440 440 325 325 440 440 325 325 441 441 441 441 325 325 325 325 325 325 440 440 325 325 442 442 441 441 442 442 441 441 440 440 325 325 441 441 440 440 441 441 441 441 440 440 440 440 440 440 442 442 442 442 325 325 440 440 440 440 441 441 440 440 441 441 325 325 440 440 440 440 440 440 441 441 440 440 442 442 442 442 

M = 242:
242 242 242 242 242 242 242 242 242 242 242 242 242 242 242 242 242 242 242 242 242 242 242 242 242 242 242 242 242 242 242 243 243 243 243 243 243 243 243 243 243 243 243 243 243 243 243 243 243 243 243 243 

M = 122:
120 120 120 120 120 120 120 120 119 119 119 119 119 119 119 123 123 123 123 123 124 124 124 124 124 123 123 123 123 123 124 124 124 124 124 123 123 123 123 123 122 122 122 122 122 122 122 122 122 124 124 124 124 124 124 124 124 124 124 122 122 122 122 122 124 124 124 124 124 122 122 122 122 122 123 123 123 123 123 122 122 122 122 122 123 123 123 123 123 122 122 122 122 122 123 123 123 123 123 123 123 123 123 123 122 122 122 122 122 124 124 124 124 124 122 122 122 122 122 123 123 123 123 123 122 122 122 122 122 122 122 122 122 122 122 122 122 122 122 122 122 122 122 122 122 122 122 122 122 124 124 124 124 124 122 122 122 122 122 123 123 123 123 123 122 122 122 122 122 123 123 123 123 123 123 123 123 123 123 123 123 123 123 123 224 224 210 210 210 210 210 210 210 210 224 224 224 224 224 224 224 224 224 224 224 224 210 210 224 224 224 224 210 210 224 224 210 210 210 210 210 210 224 224 210 210 224 224 224 224 224 224 210 210 224 224 210 210 210 210 

M = 219:
219 219 219 219 219 219 219 219 219 219 219 219 219 219 219 219 219 219 219 219 219 219 219 219 219 219 219 219 219 219 219 219 219 219 219 191 191 191 191 191 191 217 217 217 217 217 190 190 190 190 190 216 216 216 216 216 216 216 216 216 216 216 216 216 216 216 171 171 171 171 220 220 171 171 220 220 171 171 220 220 171 171 171 171 171 171 171 171 171 171 220 220 220 220 220 220 

M = 362:
359 359 359 359 362 362 358 358 358 362 362 362 362 362 362 362 362 362 362 362 362 362 362 362 362 362 362 362 362 362 358 358 358 358 358 358 362 362 362 362 362 362 364 364 364 364 365 365 365 365 365 365 364 364 364 364 364 364 364 364 364 364 364 364 364 364 364 364 364 364 364 364 364 364 

M = 261:
263 263 263 263 261 261 261 261 261 261 261 261 261 261 261 261 261 261 261 261 261 261 261 261 261 261 261 261 261 261 262 262 229 229 229 229 262 262 262 262 229 229 229 229 262 262 229 229 229 229 262 262 229 229 229 229 229 229 262 262 262 262 262 262 262 262 262 262 262 262 

M = 259:
258 258 259 258 258 259 259 258 258 259 259 259 259 259 259 259 259 258 258 258 258 259 259 259 259 259 259 259 259 258 258 259 259 259 259 258 258 

M = 178:
180 180 180 180 180 180 180 180 180 180 180 180 180 180 180 180 180 180 180 180 180 180 180 180 180 180 180 180 180 180 182 182 182 182 265 265 265 265 177 177 177 177 177 177 177 177 265 265 265 265 265 265 265 265 177 177 177 177 265 265 265 265 181 181 181 181 265 265 265 265 177 177 177 177 177 177 177 177 265 265 265 265 178 178 178 178 178 178 178 178 178 178 178 178 178 178 178 178 178 178 178 178 178 178 178 178 178 178 178 178 178 178 178 178 178 178 178 178 178 178 178 178 178 178 178 178 178 178 178 

M = 436:
436 436 436 436 436 436 436 439 439 436 436 439 439 436 436 436 436 439 439 439 439 439 439 436 436 436 436 439 439 

M = 420:
422 422 422 375 375 375 422 422 422 422 422 422 420 425 425 420 420 420 420 420 420 380 380 420 420 420 420 420 420 420 420 420 420 380 380 420 420 380 380 420 420 420 420 420 420 378 378 420 420 425 425 420 420 420 420 420 420 

M = 127:
126 126 126 126 126 197 197 197 197 197 126 126 126 126 126 127 127 127 131 131 131 131 127 127 127 127 127 127 127 127 127 127 127 127 127 127 127 127 127 127 127 127 127 127 127 127 131 131 131 131 127 127 127 127 128 128 128 128 127 127 127 127 132 132 132 132 132 132 132 132 132 132 132 132 132 132 

M = 251:
251 251 251 251 251 251 251 251 251 251 251 251 251 251 251 251 251 251 251 251 251 251 251 251 251 251 251 251 251 251 251 251 251 251 251 251 251 251 251 251 251 251 251 251 251 251 251 251 251 251 251 251 251 251 251 251 251 251 251 251 251 251 251 251 251 251 251 251 251 251 251 251 251 251 237 237 237 237 248 248 248 248 250 250 250 250 159 159 159 159 159 159 159 159 250 250 250 250 248 248 248 248 250 250 250 250 248 248 248 248 250 250 250 250 159 159 159 159 248 248 248 248 161 161 161 161 248 248 248 248 159 159 159 159 159 159 159 159 250 250 250 250 250 250 250 250 248 248 248 248 248 248 248 248 248 248 248 248 250 250 250 250 250 250 250 250 157 157 157 157 157 157 157 157 157 157 157 157 157 157 157 157 157 157 157 157 157 157 157 157 157 157 157 157 157 157 157 157 157 157 157 157 157 157 157 253 253 253 253 253 253 253 253 253 253 253 253 253 253 253 253 253 253 

M = 292:
299 299 299 278 278 278 278 278 278 297 297 297 297 297 297 299 299 299 278 278 278 299 299 299 297 297 297 299 299 299 278 278 278 278 278 278 278 278 278 299 299 299 322 322 301 301 321 321 322 322 293 293 293 293 293 293 321 321 289 289 301 301 292 321 321 289 289 322 322 322 322 292 292 319 319 319 319 321 321 319 319 290 290 322 322 319 319 293 293 290 290 321 321 319 319 290 290 293 293 293 293 301 301 301 301 322 322 293 293 283 283 292 292 293 293 319 319 290 290 322 322 322 322 293 293 283 283 321 321 293 293 290 290 293 293 283 283 322 322 293 293 293 293 293 293 322 322 322 322 301 301 290 290 301 301 321 321 293 293 293 293 293 293 283 283 290 290 290 290 293 293 319 319 322 322 322 322 290 290 322 322 321 321 321 321 

M = 165:
165 165 165 165 165 165 165 164 164 164 164 164 164 164 164 165 165 165 165 165 165 165 165 165 165 165 165 165 165 165 165 165 165 165 165 165 165 165 165 165 165 165 165 165 165 165 165 165 165 165 165 165 165 165 165 165 165 165 165 165 165 165 165 165 165 165 165 165 165 165 165 165 165 165 165 165 165 165 165 165 165 165 165 165 165 165 165 165 165 165 165 165 165 165 165 165 165 165 165 165 165 165 165 165 165 165 165 165 165 165 165 165 165 165 165 165 165 165 165 167 167 167 167 167 167 167 167 167 167 167 167 167 167 167 167 167 167 167 167 167 167 167 167 167 167 167 167 167 167 167 167 167 167 167 167 167 167 167 167 167 167 167 167 167 167 167 167 162 162 162 162 162 162 162 162 162 172 172 172 172 163 163 172 172 163 163 172 172 163 163 170 170 172 172 170 170 170 170 163 163 163 163 163 163 172 172 172 172 

M = 138:
136 136 136 136 136 136 136 136 136 136 136 136 136 136 136 136 136 136 136 136 136 136 136 136 136 136 136 136 136 136 134 134 134 134 139 139 139 138 138 138 138 138 141 141 138 138 138 138 141 141 138 138 141 141 141 141 138 138 141 141 141 141 138 138 138 138 138 138 141 141 141 141 138 138 138 138 141 141 

