M = 268:
268 268 268 268 268 268 268 268 147 147 147 268 268 268 268 268 268 268 268 268 268 268 268 268 268 268 146 146 146 268 268 268 268 268 268 268 268 268 268 268 268 266 266 266 268 268 268 266 266 266 268 268 268 268 268 268 266 266 266 146 146 146 267 267 277 277 267 267 267 267 267 267 277 277 267 267 277 277 277 277 267 267 267 267 267 267 267 267 267 267 267 267 267 267 277 277 

M = 329:
329 329 334 334 334 329 329 329 329 329 329 329 329 329 329 329 329 334 334 334 329 329 329 335 335 326 326 326 326 326 326 335 335 326 326 326 326 335 335 326 326 335 335 

M = 249:
248 248 248 248 249 249 249 249 249 249 249 249 249 249 249 249 249 249 249 249 249 249 249 249 249 249 249 249 249 249 249 249 249 249 249 249 249 249 249 249 249 249 249 249 249 249 249 249 249 249 249 250 250 250 250 250 250 250 250 250 250 

M = 159:
456 456 456 159 159 456 456 456 159 159 159 159 159 159 159 159 159 159 159 159 456 456 456 159 159 159 159 159 159 159 159 159 456 456 456 456 456 456 456 456 456 

M = 158:
158 158 158 158 158 158 158 158 158 158 158 158 158 158 158 158 158 158 158 158 158 158 158 158 158 

M = 190:
190 190 190 190 190 190 190 190 190 169 169 169 169 169 169 169 169 169 169 190 190 190 190 190 190 190 190 190 190 190 190 190 190 190 190 190 190 190 190 190 190 190 190 190 190 190 190 190 190 190 190 190 190 190 217 217 217 217 171 171 171 218 218 218 171 171 171 171 171 171 172 172 172 172 172 172 172 172 172 170 170 170 170 220 220 220 220 220 220 220 220 170 170 170 170 170 170 220 220 220 220 220 220 220 220 220 220 170 170 170 170 220 220 170 170 170 170 170 170 

M = 193:
194 194 194 194 194 134 134 134 134 134 194 194 194 194 194 194 194 194 194 194 134 134 134 134 134 193 193 193 193 193 193 193 193 193 193 193 193 193 193 193 193 193 193 193 216 216 216 216 216 216 216 216 216 130 130 130 130 130 130 130 130 130 130 130 130 128 128 130 130 130 130 130 130 

M = 444:
362 362 362 362 362 358 358 358 358 358 358 358 358 454 454 454 360 360 360 444 444 444 444 444 444 444 444 454 454 454 444 444 444 454 454 454 360 360 360 444 444 444 444 444 444 454 454 454 444 444 444 444 444 444 356 356 356 356 356 356 444 444 444 454 454 454 454 454 454 454 454 454 454 454 454 444 444 444 444 444 444 454 454 454 444 444 444 454 454 454 444 444 444 455 455 455 444 444 444 454 454 454 356 356 356 454 454 454 444 444 444 365 365 365 365 365 365 365 365 365 365 

M = 407:
339 339 339 339 339 339 336 336 336 407 407 336 336 336 339 339 339 407 407 407 407 407 407 336 336 336 339 339 339 406 406 406 385 385 385 415 415 415 407 407 407 385 385 385 407 407 407 385 385 385 407 407 407 406 406 406 415 415 415 407 407 407 407 407 407 336 336 336 407 407 407 407 407 407 407 407 407 415 415 415 336 336 336 336 336 336 339 339 339 415 415 415 339 339 339 339 339 339 415 415 415 407 407 407 336 336 336 385 385 385 407 407 407 368 368 410 410 408 408 410 410 408 408 408 408 412 412 408 408 368 368 408 408 410 410 368 368 368 368 368 368 408 408 368 368 408 408 408 408 408 408 368 368 408 408 410 410 408 408 410 410 408 408 408 408 410 410 410 410 

M = 262:
261 261 261 262 262 180 180 180 262 262 262 180 180 180 261 261 261 261 261 261 261 261 261 263 263 263 180 180 180 180 180 180 261 261 261 261 261 261 180 180 180 262 262 262 180 180 180 261 261 261 262 262 262 262 262 262 261 261 261 261 261 261 261 261 261 261 261 261 263 263 263 178 178 178 178 178 178 178 178 178 178 178 178 178 178 178 178 178 178 

M = 122:
141 141 141 122 140 140 121 121 122 122 140 140 212 212 122 122 140 140 140 140 122 122 122 122 213 213 122 122 140 140 122 122 212 212 122 122 140 140 122 122 212 212 122 122 122 122 140 140 122 122 121 121 140 140 140 140 120 120 212 212 140 140 140 140 122 122 122 122 120 120 212 212 122 122 122 122 

M = 246:
245 245 245 245 245 245 245 245 245 245 246 246 246 246 246 246 246 246 246 246 246 241 241 241 241 241 241 241 241 241 241 241 241 241 241 

M = 403:
403 403 403 403 403 403 403 403 403 403 403 403 403 403 403 403 403 403 403 403 403 403 403 403 403 403 403 403 403 403 403 403 403 403 403 403 403 

M = 438:
438 437 437 438 438 438 438 438 438 438 438 438 438 438 438 437 437 438 438 437 437 438 438 438 438 

M = 439:
439 439 439 439 439 439 439 439 439 439 439 439 439 439 439 439 439 439 439 439 439 439 439 439 439 439 439 439 439 440 440 440 439 439 439 439 439 439 439 439 439 436 436 436 436 436 436 436 436 436 436 436 436 436 436 436 436 436 436 436 436 436 436 436 436 436 436 

M = 164:
164 164 164 164 164 164 164 164 164 164 164 164 164 164 164 164 164 164 164 164 164 164 164 164 164 164 164 164 164 164 164 164 164 164 164 164 164 164 164 164 164 164 164 164 164 164 164 162 162 162 162 162 162 162 162 162 162 162 162 162 162 162 162 162 162 167 167 167 167 167 167 167 167 167 167 167 167 167 167 167 167 167 167 167 167 167 167 167 167 167 167 167 167 167 167 167 167 167 167 167 167 167 167 167 167 167 167 167 167 167 167 167 167 167 167 163 163 163 163 163 163 163 163 163 163 163 163 163 163 163 163 163 163 163 163 167 167 167 167 167 167 167 167 167 167 163 163 163 163 163 

M = 165:
165 165 165 165 165 165 165 165 165 165 165 165 165 165 165 165 165 165 165 165 165 165 165 165 165 165 165 165 165 165 165 165 165 165 165 165 165 165 165 165 165 165 165 165 165 165 165 165 165 165 165 165 165 165 165 165 165 165 165 165 165 165 165 165 165 168 168 168 168 168 168 168 168 168 

M = 224:
224 224 224 224 224 224 224 224 224 224 224 224 224 224 224 224 224 224 224 224 224 224 224 224 224 224 224 224 224 224 224 

M = 375:
341 341 341 341 341 341 341 341 341 341 341 341 341 341 341 341 341 341 341 341 341 341 341 341 341 341 341 341 341 341 341 341 341 341 341 341 377 377 377 377 377 377 344 344 344 344 345 345 375 375 375 344 344 375 375 379 379 344 344 375 375 344 344 375 375 344 344 379 379 379 379 343 343 346 346 346 346 379 379 375 375 379 379 375 375 346 346 345 345 379 379 344 344 346 346 375 375 375 375 344 344 344 344 344 344 343 343 344 344 344 344 346 346 344 344 343 343 379 379 344 344 345 345 344 344 344 344 346 346 380 380 375 375 375 375 

M = 292:
297 297 297 297 293 293 293 293 300 300 300 300 300 300 296 296 318 318 301 301 318 318 321 321 292 299 299 318 318 321 321 318 318 292 292 292 292 296 296 296 296 321 321 321 321 296 296 299 299 296 296 299 299 318 318 278 278 318 318 318 318 289 289 318 318 278 278 296 296 318 318 278 278 292 292 296 296 322 322 318 318 299 299 289 289 289 289 318 318 289 289 296 296 296 296 321 321 322 322 321 321 278 278 292 292 318 318 289 289 289 289 

