M = 146:
147 147 147 147 146 146 146 146 146 146 146 146 146 146 146 146 146 146 146 146 146 146 146 146 146 146 146 146 146 146 146 146 146 307 307 265 265 272 272 265 265 300 300 300 300 272 272 300 300 265 265 308 308 300 300 270 270 307 307 272 272 265 265 265 265 307 307 304 304 265 265 307 307 265 265 300 300 

M = 380:
379 379 379 379 379 379 379 379 379 379 379 379 379 379 379 423 423 423 423 423 423 380 423 423 423 423 423 423 423 423 423 423 380 380 423 423 380 380 380 380 380 380 380 380 

M = 214:
136 136 136 136 136 136 217 217 217 217 217 139 139 139 139 139 139 139 139 139 140 140 140 140 140 140 133 133 190 190 218 218 190 190 218 218 190 190 214 214 214 214 214 142 142 190 190 214 214 214 214 190 190 190 190 190 190 214 214 214 214 133 133 214 214 190 190 214 214 214 214 214 214 142 142 214 214 190 190 214 214 133 133 190 190 214 214 

M = 339:
339 339 339 339 339 339 339 339 339 339 339 339 339 339 339 339 339 339 339 339 339 339 339 339 339 339 339 339 339 339 339 339 339 339 339 339 339 339 339 340 340 340 340 

M = 204:
205 205 205 205 205 205 205 205 205 204 204 204 204 204 204 204 204 204 204 204 204 204 204 204 204 204 

M = 157:
161 161 161 158 158 158 158 158 158 161 161 161 161 161 161 160 160 160 158 158 158 158 158 158 160 160 160 161 161 161 161 161 161 161 161 161 158 158 158 158 158 158 158 158 158 161 161 161 161 161 161 157 157 157 157 157 157 157 157 157 157 157 157 157 157 157 157 157 157 157 157 157 157 157 157 157 157 157 157 157 157 157 157 157 157 157 157 157 

M = 249:
250 250 250 250 250 249 249 249 249 249 249 249 249 249 249 249 199 199 199 249 249 249 248 248 248 249 249 249 249 249 249 249 249 249 249 249 249 249 249 249 249 249 249 249 249 249 249 249 249 249 249 249 249 249 249 249 249 249 249 249 249 251 251 251 251 237 237 251 251 251 251 237 237 251 251 251 251 251 251 251 251 251 251 251 251 251 251 251 251 237 237 251 251 237 237 251 251 251 251 251 251 251 251 

M = 334:
335 335 335 335 335 329 329 329 329 329 329 329 329 329 329 329 329 329 329 329 329 329 329 329 329 335 335 335 335 335 335 335 335 335 335 333 333 333 333 334 334 334 334 334 334 334 334 334 334 334 334 334 334 334 334 334 334 334 333 333 333 333 334 334 334 334 434 434 434 434 441 441 434 434 434 434 434 434 434 434 434 434 434 434 

M = 337:
336 336 336 336 336 336 336 336 336 336 336 336 336 336 336 336 336 336 337 337 337 337 337 337 337 337 337 337 337 337 337 337 337 337 337 337 337 337 337 337 337 337 337 337 337 337 337 337 337 337 337 337 337 337 337 337 337 337 337 337 337 337 337 337 337 337 337 337 337 337 337 337 338 338 338 338 407 407 407 407 407 407 

M = 130:
193 193 193 193 193 193 193 193 193 193 193 193 193 193 193 193 193 193 193 193 193 193 193 193 193 193 193 193 193 193 193 193 193 193 193 134 134 134 134 134 134 130 130 130 130 130 130 130 130 130 130 130 130 130 130 130 130 130 130 130 130 130 130 130 130 130 130 130 130 130 130 130 130 130 130 130 194 194 194 194 194 194 194 194 194 194 127 127 127 127 127 127 127 127 127 127 127 127 197 197 197 196 196 196 196 196 196 196 196 196 197 197 197 196 196 196 197 197 197 196 196 196 196 196 196 196 196 196 196 196 196 191 191 191 126 126 126 196 196 196 196 196 196 197 197 197 196 196 196 197 197 197 

M = 120:
120 120 120 120 120 120 120 120 120 120 120 119 119 119 119 120 120 120 120 120 120 120 120 120 120 120 120 119 119 119 119 121 121 121 121 121 121 124 124 123 123 124 124 124 124 124 124 123 123 124 124 124 124 124 124 123 123 123 123 123 123 123 123 123 123 124 124 124 124 

M = 183:
180 180 180 180 179 179 179 228 228 228 228 228 228 179 179 179 181 181 181 178 178 178 181 181 181 181 181 181 183 183 183 262 262 229 229 262 262 229 229 262 262 183 183 229 229 229 229 229 229 183 183 182 182 183 183 183 183 262 262 229 229 182 182 229 229 262 262 263 263 262 262 262 262 229 229 263 263 229 229 182 182 229 229 229 229 183 183 183 183 262 262 262 262 262 262 262 262 262 262 183 183 262 262 229 229 229 229 263 263 

M = 346:
346 346 346 346 346 346 346 346 346 346 346 346 346 346 346 346 346 346 346 346 346 346 346 346 346 346 345 345 345 345 345 345 345 345 

M = 259:
261 261 261 261 261 261 259 259 259 259 259 258 258 258 258 259 259 258 258 259 259 258 258 259 259 232 232 258 258 233 233 231 231 259 259 259 259 259 259 259 259 258 258 232 232 259 259 259 259 259 259 258 258 259 259 259 259 258 258 259 259 259 259 231 231 

M = 403:
403 403 403 403 403 403 403 403 403 403 403 403 403 403 403 403 403 403 403 403 404 404 404 404 404 404 404 404 

M = 412:
412 412 412 412 412 412 412 412 390 390 390 412 412 412 412 412 412 412 412 412 390 390 390 411 411 411 411 436 436 411 411 411 411 

M = 242:
244 244 244 244 244 244 244 244 244 244 244 244 244 244 241 241 241 241 241 241 241 241 241 241 241 241 241 241 241 241 241 241 242 242 242 242 242 242 242 242 242 242 242 242 242 242 242 242 242 241 241 241 241 241 241 242 242 242 242 242 242 242 242 242 242 242 242 242 242 242 242 242 242 242 242 242 242 242 242 242 242 242 242 242 242 242 242 242 242 242 242 241 241 241 241 241 241 241 241 241 241 241 241 241 241 241 241 241 241 241 241 241 241 241 241 242 242 242 242 242 242 241 241 241 241 241 241 242 242 242 242 242 242 

M = 164:
164 164 164 164 164 164 164 164 164 164 164 165 165 165 165 165 165 165 165 165 165 165 165 164 164 164 164 164 164 164 164 164 164 164 164 165 165 165 165 164 164 164 164 164 164 164 164 165 165 165 165 165 165 165 165 165 165 165 165 164 164 164 164 164 164 164 164 164 164 164 164 164 164 164 164 165 165 165 165 164 164 164 164 163 163 163 162 162 162 163 163 163 163 163 163 163 163 163 162 162 162 163 163 163 162 162 162 162 162 162 163 163 163 163 163 163 162 162 162 162 162 162 163 163 163 169 169 167 167 167 167 169 169 169 169 

M = 375:
377 377 377 377 377 377 377 377 377 377 377 377 377 377 377 377 375 375 375 375 375 375 375 375 375 375 375 343 343 343 378 378 378 375 375 375 343 343 343 375 375 375 344 344 344 375 375 375 378 378 378 344 344 344 343 343 343 343 343 343 343 343 343 375 375 375 375 375 375 343 343 343 376 376 376 376 376 376 

M = 358:
359 359 359 356 356 358 358 358 358 358 358 358 358 358 358 358 357 357 358 358 360 360 358 358 358 358 360 360 

