M = 146:
265 265 265 265 147 147 147 147 265 265 265 265 146 146 146 147 147 147 147 146 146 146 146 146 146 146 146 265 265 265 265 265 265 265 265 146 146 146 146 146 146 146 146 144 144 144 144 146 146 146 146 146 146 146 146 146 146 146 146 144 144 144 144 265 265 265 265 147 147 147 147 265 265 265 265 146 146 146 146 265 265 265 265 144 144 144 144 269 269 269 269 269 269 272 272 272 272 270 270 272 272 

M = 339:
339 339 339 339 339 339 339 339 339 339 339 339 339 339 339 341 341 341 341 341 341 341 341 339 339 339 339 339 339 339 339 339 339 339 339 339 339 339 339 

M = 157:
159 159 159 159 161 161 161 158 158 158 158 158 158 161 161 161 158 158 158 161 161 161 158 158 158 158 158 158 158 158 158 161 161 161 158 158 158 160 160 160 158 158 158 161 161 161 161 161 161 158 158 158 158 158 158 160 160 160 158 158 158 161 161 161 161 161 161 158 158 158 157 157 157 157 157 157 157 157 157 157 157 157 157 157 157 157 157 157 157 157 157 157 157 157 157 157 157 157 157 157 157 157 157 157 157 

M = 259:
259 259 259 258 258 258 258 259 259 258 258 259 259 259 259 231 231 258 258 259 259 259 259 232 232 259 259 258 258 233 233 259 259 231 231 259 259 259 259 259 259 258 258 259 259 259 259 258 258 259 259 259 259 258 258 259 259 231 231 

M = 375:
377 377 377 377 378 378 378 378 378 378 378 378 377 377 377 377 377 377 377 377 377 377 377 377 375 375 375 375 375 375 375 375 346 346 346 343 343 343 346 346 346 375 375 375 343 343 343 346 346 346 344 344 344 346 346 346 375 375 375 346 346 346 344 344 344 375 375 375 346 346 346 344 344 344 346 346 346 343 343 343 343 343 343 343 343 343 344 344 344 346 346 346 375 375 375 344 344 344 375 375 375 346 346 346 375 375 375 343 343 343 344 344 344 345 345 374 374 345 345 374 374 374 374 

M = 337:
335 335 335 335 338 338 338 338 336 336 336 336 335 335 335 335 335 335 335 335 336 336 336 336 338 338 338 338 334 334 334 330 330 330 337 333 333 337 337 337 337 337 337 337 337 337 337 333 333 337 337 337 337 337 337 337 337 337 337 337 337 337 337 337 337 337 337 337 337 

M = 440:
440 440 440 440 440 438 438 438 440 440 440 440 440 440 438 438 438 438 438 438 438 438 438 438 438 438 440 440 440 440 440 440 440 440 440 438 438 438 438 438 438 438 438 438 440 440 440 435 435 435 435 441 441 435 435 435 435 361 361 441 441 435 435 442 442 441 441 435 435 441 441 361 361 435 435 442 442 361 361 435 435 361 361 361 361 441 441 435 435 435 435 442 442 442 442 435 435 435 435 435 435 439 439 435 435 435 435 361 361 361 361 435 435 

M = 193:
193 193 193 193 193 193 193 193 193 193 193 193 193 193 193 193 193 193 193 193 193 193 193 193 193 193 193 193 193 130 130 130 130 130 130 130 130 130 130 130 130 130 130 130 130 130 130 130 130 130 130 130 130 130 130 130 130 130 130 130 130 130 130 130 194 194 194 194 194 194 194 194 217 217 217 217 191 191 191 190 190 218 218 218 218 190 190 190 190 190 190 190 190 190 190 190 190 190 190 190 190 190 190 

M = 380:
379 379 379 379 379 379 379 379 379 379 379 379 379 379 379 379 423 423 380 380 380 423 423 380 380 380 380 380 380 380 380 423 423 423 423 380 380 380 380 423 423 380 380 423 423 380 380 380 380 380 380 423 423 380 380 380 380 380 380 380 380 380 380 380 380 

M = 261:
180 180 180 180 180 178 178 178 178 228 228 228 228 228 228 181 181 181 261 261 181 181 181 263 263 263 261 261 261 181 181 181 263 263 263 181 181 181 261 261 261 181 181 181 228 228 228 261 261 261 261 261 261 261 261 261 261 261 261 261 261 261 183 183 183 183 262 262 229 229 262 262 229 229 262 262 183 183 229 229 229 229 229 229 183 183 182 182 183 183 262 262 229 229 183 183 229 229 262 262 262 262 262 262 229 229 229 229 182 182 229 229 229 229 183 183 183 183 262 262 262 262 262 262 262 262 262 262 183 183 262 262 229 229 229 229 229 229 

M = 123:
120 120 120 120 120 120 120 120 121 121 121 121 120 120 120 120 119 119 119 119 123 123 123 123 123 123 123 123 123 123 123 123 123 123 123 123 123 123 123 123 123 123 123 124 124 122 122 124 124 124 124 124 124 124 124 124 124 124 124 124 124 122 122 124 124 124 124 124 124 

M = 403:
403 403 329 329 329 403 403 403 329 329 329 329 329 329 329 329 329 403 403 403 403 403 403 403 403 403 403 403 403 403 403 403 404 404 404 404 404 404 331 331 404 404 

M = 136:
136 136 136 136 136 136 136 136 136 136 136 136 136 136 136 136 136 136 136 136 136 136 136 136 136 136 136 136 136 136 136 136 136 136 136 136 136 136 136 136 136 135 135 135 135 135 135 135 135 135 135 135 135 135 135 135 135 135 135 135 135 135 135 135 135 135 135 135 135 135 135 135 135 135 135 135 135 135 135 135 135 

M = 242:
244 244 244 244 244 244 244 244 244 244 244 244 244 244 244 244 244 244 244 244 244 241 241 241 241 241 241 241 241 241 241 241 241 241 241 241 241 241 241 241 241 241 241 241 241 241 241 241 241 241 241 242 242 242 242 242 242 242 242 242 242 242 242 242 242 242 242 242 242 242 242 242 242 242 242 242 242 242 242 242 242 242 242 242 242 242 242 242 242 242 246 246 246 

M = 164:
164 164 164 164 164 164 164 164 164 165 165 165 165 165 165 165 165 165 165 164 164 164 164 164 165 165 165 165 165 164 164 164 164 164 165 165 165 165 165 165 165 165 165 165 165 165 165 165 165 165 165 165 165 165 164 164 164 164 164 164 164 164 164 164 164 164 164 164 164 165 165 165 165 165 164 164 164 164 164 162 162 162 163 163 163 162 162 162 163 163 163 162 162 162 163 163 163 162 162 162 162 162 162 162 162 162 162 162 162 162 162 162 163 163 163 162 162 162 162 162 162 163 163 163 169 169 169 169 169 169 

M = 138:
139 139 139 139 139 139 139 139 141 141 141 141 141 141 141 141 138 138 138 138 138 138 138 138 138 138 138 138 138 138 138 138 138 138 138 138 

M = 249:
250 250 250 250 250 250 250 250 250 250 250 250 250 250 250 250 249 249 249 249 249 249 249 249 249 249 249 249 249 249 248 248 248 249 249 249 249 249 249 249 249 249 249 249 249 249 249 249 249 249 249 249 249 249 249 249 249 249 249 249 249 249 249 249 249 249 249 249 249 251 251 251 251 251 251 251 251 251 251 251 251 251 251 251 251 251 251 251 251 251 251 251 251 251 251 251 251 251 251 251 251 251 251 

M = 197:
127 127 127 127 127 127 127 127 127 127 127 127 127 127 127 127 126 126 126 126 126 126 126 126 126 126 126 126 126 126 126 196 196 197 196 196 196 196 196 196 197 197 197 197 196 196 196 196 196 196 196 196 197 197 197 197 196 196 197 197 197 197 196 196 197 197 197 197 197 197 196 196 197 197 196 196 197 197 196 196 197 197 196 196 197 197 196 196 197 197 197 197 196 196 196 196 197 197 197 197 196 196 197 197 

M = 290:
358 358 358 358 358 358 307 307 290 293 293 293 293 290 290 355 355 293 293 290 290 280 280 290 290 355 355 290 290 443 443 293 293 290 290 443 443 293 293 443 443 355 355 290 290 307 307 293 293 293 293 443 443 290 290 308 308 293 293 280 280 307 307 443 443 355 355 307 307 290 290 290 290 290 290 

M = 408:
408 408 408 408 408 369 369 369 369 369 369 408 408 369 369 408 408 408 408 408 408 369 369 408 408 408 408 408 408 408 408 410 410 408 408 408 408 408 408 408 408 369 369 408 408 369 369 

