M = 146:
146 146 146 146 146 146 146 146 146 146 146 146 146 146 144 144 144 146 146 146 146 146 146 144 144 144 147 147 147 146 146 146 269 269 270 270 269 269 

M = 380:
377 377 377 377 379 379 379 379 378 378 378 378 377 377 377 377 379 379 379 379 378 378 378 378 377 377 377 377 379 379 379 379 376 376 419 419 380 380 380 419 419 380 380 380 380 380 380 380 380 380 380 380 380 380 380 419 419 380 380 376 376 380 380 419 419 419 419 380 380 380 380 380 380 380 380 419 419 376 376 419 419 

M = 214:
136 136 136 136 136 136 136 136 136 136 134 134 134 134 134 136 136 136 136 136 136 136 136 136 136 136 136 136 136 136 136 136 136 136 136 136 136 136 136 136 135 135 135 135 135 135 135 135 135 135 135 135 135 135 135 135 135 135 135 135 139 139 139 139 139 139 139 139 141 141 141 141 141 141 190 190 133 133 190 190 218 218 218 218 218 218 190 190 214 190 190 138 138 190 190 214 214 190 190 214 214 138 138 138 138 214 214 190 190 138 138 190 190 217 217 214 214 214 214 133 133 214 214 138 138 190 190 214 214 138 138 214 214 138 138 214 214 190 190 214 214 214 214 214 214 133 133 218 218 190 190 214 214 

M = 157:
250 250 250 250 165 165 165 165 165 165 165 165 165 165 165 165 165 165 165 165 165 165 165 165 165 165 165 165 165 165 165 165 165 165 165 165 164 164 164 164 164 164 164 164 164 164 164 164 161 161 158 158 163 163 249 249 249 249 161 161 157 158 158 249 249 163 163 163 163 157 157 168 168 249 249 157 157 157 157 249 249 157 157 157 157 163 163 157 157 249 249 249 249 163 163 161 161 249 249 157 157 160 160 157 157 157 157 157 157 157 157 158 158 249 249 163 163 160 160 157 157 157 157 249 249 249 249 157 157 157 157 163 163 249 249 157 157 158 158 249 249 158 158 157 157 249 249 158 158 249 249 157 157 158 158 249 249 163 163 249 249 

M = 262:
265 265 265 265 265 265 265 265 265 261 261 261 263 263 263 261 261 261 263 263 263 265 265 265 261 261 261 261 261 261 261 261 261 261 261 261 261 261 261 265 265 265 265 265 265 261 261 261 265 265 265 262 262 262 262 262 262 262 262 262 262 262 262 262 262 262 262 262 262 262 262 262 262 262 262 262 

M = 337:
335 335 335 335 338 338 338 338 339 339 339 339 339 339 339 339 339 339 339 339 339 339 339 339 340 340 340 340 341 341 341 341 341 341 341 341 336 336 336 336 335 335 335 335 339 339 339 339 336 336 336 336 338 338 338 338 339 339 339 339 339 339 339 339 339 339 339 339 339 339 339 339 403 403 403 403 403 403 403 403 403 403 403 403 403 403 403 403 403 403 403 403 403 337 404 404 337 337 337 337 337 337 337 337 337 337 337 337 404 404 337 337 404 404 337 337 337 337 337 337 337 337 337 337 337 337 337 337 404 404 337 337 

M = 196:
193 193 193 193 193 193 193 193 193 193 193 193 130 130 130 130 130 130 130 130 130 130 130 130 130 130 130 130 130 130 130 130 130 130 130 130 130 130 130 130 130 130 196 197 197 197 197 196 196 196 196 197 197 197 197 196 196 196 196 197 197 196 196 197 197 196 196 197 197 196 196 197 197 196 196 197 197 197 197 196 196 196 196 197 197 196 196 196 196 196 196 197 197 197 197 196 196 197 197 197 197 197 197 196 196 196 196 197 197 197 197 196 196 197 197 

M = 120:
120 120 120 120 120 120 120 120 120 121 121 121 121 121 120 120 120 120 120 119 119 119 119 119 

M = 183:
180 180 180 180 180 179 179 179 179 178 178 178 178 229 229 229 229 229 229 228 228 228 228 228 228 181 181 181 181 181 181 229 229 229 181 181 181 181 181 181 228 228 228 183 183 183 183 183 182 182 183 183 183 183 182 182 182 182 183 183 183 183 183 183 183 183 

M = 346:
346 346 346 346 346 346 346 346 346 346 346 344 344 344 346 346 346 344 344 344 346 346 346 343 343 343 346 346 346 343 343 343 346 346 346 343 343 343 346 346 346 347 347 345 345 345 345 347 347 

M = 259:
259 259 259 259 259 258 258 258 258 259 259 258 258 259 259 258 258 259 259 259 259 259 259 232 232 258 258 233 233 231 231 259 259 259 259 259 259 259 259 258 258 259 259 259 259 259 259 258 258 259 259 258 258 259 259 258 258 231 231 

M = 241:
242 242 242 242 242 242 242 242 242 242 242 242 242 242 242 242 242 242 242 242 242 244 244 244 244 244 244 244 242 242 242 242 242 242 242 242 242 242 242 242 242 242 241 241 241 241 241 241 241 241 241 241 241 241 241 241 241 241 241 241 241 241 241 241 241 241 241 241 241 241 241 241 241 241 241 241 241 241 241 241 241 241 241 241 241 241 241 241 241 241 241 241 241 241 241 245 245 245 245 245 245 245 245 245 245 194 194 194 194 194 194 194 194 191 191 191 240 240 240 240 240 240 191 191 191 246 246 

M = 351:
359 359 359 359 359 356 356 362 362 349 349 349 349 370 370 358 358 362 362 368 368 366 366 351 351 351 451 451 362 362 370 370 370 370 370 370 451 451 362 362 358 358 455 455 370 370 451 451 351 351 364 364 349 349 364 364 368 368 370 370 370 370 370 370 370 370 370 370 370 370 368 368 358 358 370 370 351 351 368 368 364 364 362 362 370 370 370 370 364 364 349 349 451 451 455 455 370 370 351 351 349 349 351 351 362 362 362 362 

M = 299:
307 307 299 299 299 299 299 296 296 296 296 296 296 296 296 299 299 299 299 299 299 307 307 296 296 299 299 296 296 299 299 296 296 307 307 299 299 307 307 296 296 299 299 296 296 296 296 299 299 

M = 127:
131 131 131 131 131 131 127 127 127 127 127 127 127 127 127 127 127 199 199 199 126 126 126 

M = 124:
124 123 123 124 124 124 124 124 124 123 123 124 124 208 208 124 124 208 208 124 124 208 208 124 124 123 123 123 123 208 208 123 123 208 208 208 208 123 123 123 123 123 123 124 124 124 124 

M = 423:
423 423 423 423 423 423 423 423 423 423 423 423 423 423 423 423 423 

M = 329:
329 329 329 329 329 329 329 329 329 329 329 329 329 329 329 334 334 334 330 330 330 439 439 438 438 438 438 438 438 438 438 438 438 333 333 439 439 438 438 438 438 333 333 439 439 438 438 438 438 438 438 331 331 327 327 439 439 439 439 327 327 

M = 311:
311 315 315 312 312 311 311 314 314 315 315 315 315 311 311 311 311 311 311 312 312 314 314 315 315 315 315 312 312 

M = 408:
408 408 408 408 408 408 408 408 408 408 408 408 408 408 408 408 408 390 390 408 408 408 408 408 408 410 410 390 390 408 408 408 408 408 408 408 408 

