M = 201:
201 201 201 205 205 201 201 201 201 201 201 201 201 205 205 201 201 201 201 201 201 205 205 201 201 201 201 201 201 205 205 205 205 205 205 201 201 201 201 201 201 201 201 201 201 205 205 205 205 205 205 

M = 379:
377 377 377 377 377 377 378 378 378 378 378 379 379 379 379 379 379 379 379 379 379 379 379 379 379 379 379 379 379 379 378 378 378 378 378 379 379 379 379 379 419 419 419 419 419 419 419 419 419 419 419 419 419 419 419 419 419 419 419 419 419 419 419 419 419 419 419 419 419 419 419 419 419 419 419 419 422 422 422 380 380 380 380 380 380 380 380 380 380 380 380 380 380 380 380 380 380 

M = 440:
359 359 359 440 440 440 440 440 440 440 440 440 440 440 438 438 440 440 440 440 362 362 440 440 438 438 440 440 440 440 440 440 440 440 440 440 440 440 

M = 335:
335 335 335 335 336 336 336 336 336 336 336 336 336 336 335 335 335 335 335 335 335 335 335 335 336 336 336 336 336 336 336 336 336 336 337 337 337 337 337 337 337 337 337 337 337 337 337 337 337 337 334 334 334 334 334 334 334 334 334 334 334 334 329 329 333 333 329 329 407 407 407 407 407 407 407 407 329 329 407 407 329 329 333 333 404 404 407 407 407 407 407 407 407 407 407 407 333 333 407 407 329 329 329 329 407 407 404 404 333 333 407 407 407 407 407 407 329 329 407 407 407 407 333 333 407 407 333 333 329 329 404 404 333 333 407 407 

M = 196:
242 242 242 242 242 242 242 242 242 242 242 242 242 242 242 242 242 242 242 242 242 242 194 194 194 194 194 194 194 194 194 194 194 194 194 194 194 194 194 194 194 194 194 194 194 194 194 194 194 194 194 194 194 194 194 194 194 194 194 194 194 194 194 194 194 194 194 194 194 194 241 241 241 241 241 241 241 241 241 241 241 241 241 241 241 241 241 241 240 240 240 240 240 130 130 130 130 130 130 130 130 130 130 130 130 130 130 130 130 130 130 130 130 130 130 130 130 130 130 130 130 130 130 130 130 130 130 130 130 196 196 196 196 196 196 196 196 197 197 197 196 196 196 196 196 196 239 239 239 196 196 196 239 239 239 196 196 196 197 197 197 196 196 196 239 239 239 197 197 197 196 196 196 239 239 239 196 196 196 239 239 239 196 196 196 196 196 196 196 196 196 239 239 239 239 239 239 196 196 196 196 196 196 196 196 196 239 239 239 239 239 239 196 196 196 239 239 239 196 196 196 

M = 190:
190 190 190 190 190 190 190 190 190 190 190 190 190 190 190 190 190 190 190 190 190 190 190 190 190 190 190 190 190 190 190 190 190 190 190 190 190 190 190 217 217 217 217 217 217 217 220 220 220 220 220 220 220 220 220 220 220 220 220 220 220 220 220 220 220 220 220 220 220 220 220 220 220 220 220 220 220 220 220 

M = 306:
283 283 283 269 269 269 279 279 279 269 269 269 283 283 283 273 273 306 313 313 273 273 284 284 273 273 275 275 272 272 299 299 311 311 299 299 311 311 306 306 275 275 273 273 306 306 273 273 275 275 311 311 306 306 306 306 311 311 311 311 272 272 306 306 284 284 306 306 272 272 312 312 299 299 312 312 311 311 311 311 284 284 273 273 275 275 284 284 311 311 311 311 311 311 273 273 273 273 275 275 275 275 284 284 311 311 305 305 306 306 311 311 273 273 305 305 273 273 305 305 316 316 306 306 306 306 311 311 306 306 275 275 306 306 312 312 305 305 312 312 306 306 306 306 

M = 133:
193 193 193 193 193 193 193 193 193 193 193 193 134 134 134 134 134 134 193 193 193 193 193 193 134 134 134 134 134 134 193 193 193 193 193 193 134 134 134 134 134 134 134 134 134 134 134 134 132 132 132 132 132 132 132 132 132 132 132 132 132 132 132 132 132 132 132 132 132 133 133 133 133 133 133 133 133 133 133 133 133 133 133 133 133 133 133 133 133 133 133 133 

M = 122:
121 121 121 121 121 121 122 119 119 122 122 122 122 119 119 119 119 122 122 122 122 119 119 122 122 122 122 119 119 122 122 119 119 119 119 122 122 122 122 122 122 122 122 119 119 122 122 122 122 119 119 122 122 122 122 119 119 122 122 119 119 

M = 123:
124 124 123 124 124 123 123 124 124 123 123 123 123 124 124 124 124 124 124 124 124 123 123 123 123 123 123 123 123 123 123 124 124 123 123 124 124 123 123 124 124 124 124 123 123 123 123 123 123 123 123 123 123 123 123 

M = 261:
264 264 264 264 264 264 261 261 261 261 261 264 264 264 261 261 261 261 261 261 264 264 264 264 264 264 261 261 261 261 261 261 261 261 261 261 261 261 261 261 261 261 261 261 261 261 261 261 261 261 261 261 261 264 264 264 259 259 229 229 229 229 230 230 230 230 262 262 230 230 259 259 259 259 229 229 229 229 262 262 262 262 259 259 259 259 259 259 259 259 259 259 229 229 

M = 136:
136 136 136 136 136 136 136 136 136 136 136 136 136 136 136 136 136 136 136 136 136 136 136 136 136 136 136 136 136 136 136 136 136 136 136 136 136 136 139 139 139 139 138 138 135 135 138 138 139 139 138 138 135 135 138 138 138 138 138 138 138 138 138 138 138 138 138 138 139 139 135 135 139 139 138 138 138 138 135 135 

M = 401:
401 401 401 401 401 401 401 401 401 401 401 401 401 401 401 401 401 401 401 401 401 401 401 401 401 401 401 401 401 401 401 401 401 401 401 401 401 401 401 401 401 401 401 401 401 401 401 401 401 400 400 400 400 403 403 403 403 403 403 403 403 400 400 400 400 403 403 403 403 400 400 400 400 400 400 400 400 403 403 403 403 403 403 403 403 400 400 400 400 400 400 400 400 400 400 400 400 403 403 403 403 400 400 400 400 400 400 400 400 403 403 403 403 319 319 319 397 397 418 418 418 418 418 418 397 397 418 418 418 418 397 397 418 418 418 418 324 324 418 418 322 322 397 397 397 397 418 418 324 324 286 286 418 418 418 418 418 418 324 324 324 324 397 397 397 397 418 418 418 418 286 286 418 418 397 397 418 418 397 397 286 286 324 324 397 397 324 324 

M = 178:
268 268 268 268 268 268 268 268 266 266 266 266 266 266 266 266 265 265 265 265 265 265 146 146 146 146 146 146 265 265 265 180 180 180 180 180 180 146 146 146 180 180 180 180 180 180 180 180 180 180 180 180 146 146 146 146 146 146 265 265 265 265 265 265 146 146 146 180 180 180 265 265 265 180 180 180 180 180 180 146 146 146 146 146 146 180 180 180 265 265 265 180 180 180 178 178 178 178 178 178 178 271 271 178 178 178 178 267 267 178 178 271 271 178 178 271 271 271 271 178 178 178 178 178 178 178 178 271 271 271 271 178 178 

M = 164:
164 164 164 164 164 164 164 164 164 164 164 164 164 164 164 164 164 164 164 164 164 164 164 164 164 164 164 164 164 164 164 164 164 164 164 164 164 164 164 164 164 164 164 164 164 164 164 164 164 164 164 164 164 164 164 164 164 164 164 164 164 164 164 164 164 164 164 164 164 164 164 164 164 164 164 164 164 164 164 164 164 164 164 164 164 164 164 164 164 164 164 164 164 164 164 164 164 164 164 164 164 164 164 164 164 164 164 164 164 167 167 167 167 167 167 167 167 167 167 167 167 167 167 167 167 167 167 167 167 167 167 167 167 167 167 167 167 167 167 163 163 163 163 163 167 167 167 167 167 167 167 167 167 167 167 167 167 167 167 167 167 167 167 167 167 167 167 167 167 167 167 167 167 167 167 167 167 167 167 167 167 167 167 167 167 167 167 167 167 163 163 163 163 163 161 161 161 161 162 162 162 162 162 162 162 162 161 161 161 161 358 358 358 358 358 358 358 358 358 358 358 358 358 358 358 358 358 358 358 358 358 358 358 358 358 358 

M = 235:
235 235 235 235 235 235 235 235 235 235 235 235 235 235 235 235 235 235 235 235 235 235 235 

M = 127:
126 126 126 126 127 127 127 127 127 127 127 127 127 127 127 127 127 127 127 127 127 

M = 251:
251 251 251 251 251 251 251 251 251 251 251 251 251 251 251 251 251 251 251 251 251 251 251 251 251 251 251 251 251 251 251 251 251 251 251 251 251 251 251 251 251 251 251 251 251 251 251 251 251 251 251 251 251 251 250 250 250 250 250 250 250 250 250 249 249 237 237 237 237 249 249 249 249 249 249 237 237 249 249 249 249 249 249 237 237 249 249 249 249 

M = 375:
376 376 376 376 376 376 344 344 344 343 343 343 376 376 376 374 374 375 455 455 374 374 375 375 375 375 375 375 375 375 375 375 375 375 346 346 375 375 375 375 373 373 374 374 455 455 375 375 373 373 375 375 374 374 346 346 375 375 455 455 346 346 346 346 375 375 375 375 346 346 375 375 375 375 346 346 346 346 374 374 455 455 375 375 374 374 455 455 375 375 375 375 

M = 165:
165 165 165 165 165 165 165 165 165 165 165 165 165 165 165 165 165 165 165 165 165 165 165 165 165 165 165 165 165 165 165 165 165 165 165 165 165 165 165 165 165 165 165 165 165 165 165 165 165 165 165 165 165 165 165 165 165 165 165 165 165 165 165 165 165 165 165 165 165 165 165 165 165 165 165 165 165 165 165 165 165 165 165 165 165 165 165 165 165 165 165 165 165 165 165 165 165 165 

