M = 146:
180 180 180 180 180 178 178 178 178 178 178 178 178 178 178 178 178 178 178 178 178 178 178 178 178 178 178 178 178 178 178 178 178 178 178 178 178 178 178 178 178 268 268 268 146 146 268 268 268 146 146 146 146 146 146 146 146 146 146 146 146 147 147 147 261 261 261 146 146 146 268 268 268 261 261 261 146 146 146 146 146 146 146 146 146 146 146 146 268 268 268 146 146 146 146 146 146 261 261 261 268 268 268 261 261 261 146 146 146 146 146 146 146 146 146 261 261 261 261 261 261 144 144 267 267 267 267 267 267 144 144 267 267 267 267 267 267 144 144 145 145 267 267 144 144 144 144 267 267 144 144 144 144 144 144 

M = 205:
204 204 204 204 206 206 206 206 204 204 204 204 204 204 204 204 204 204 204 204 204 204 204 204 206 206 206 206 204 204 204 204 206 206 206 206 206 206 206 206 206 206 206 206 206 206 206 206 206 206 206 206 204 204 204 204 206 206 206 206 206 206 206 206 206 206 206 206 206 206 206 206 204 204 204 204 206 206 206 206 206 206 206 206 204 204 204 204 204 204 204 204 205 205 203 203 203 205 205 205 203 203 203 205 205 205 229 229 229 235 235 235 205 205 205 235 235 235 182 182 182 205 205 205 205 205 205 205 205 205 205 205 205 203 203 203 229 229 229 182 182 182 235 235 235 229 229 229 205 205 205 205 205 205 182 182 182 205 205 205 205 205 205 205 205 205 205 205 205 205 205 205 205 205 205 235 235 235 205 205 205 205 205 205 228 228 201 201 228 228 201 201 228 228 228 228 228 228 201 201 201 201 201 201 201 201 228 228 201 201 228 228 228 228 228 228 201 201 228 228 201 201 201 201 201 201 201 201 228 228 202 202 228 228 201 201 201 201 201 201 201 201 201 201 228 228 

M = 140:
136 136 136 136 136 136 136 136 136 136 136 136 217 217 217 217 217 217 136 136 136 136 136 136 136 136 136 136 136 136 140 140 140 140 140 140 140 140 140 140 140 140 140 140 140 140 140 140 140 140 140 140 140 140 140 140 140 140 140 140 140 140 140 140 140 140 140 140 140 140 140 220 220 220 220 139 139 220 220 220 220 220 220 220 220 216 216 220 220 220 220 220 220 220 220 216 216 220 220 220 220 220 220 220 220 216 216 

M = 141:
141 141 141 141 141 141 141 141 141 141 141 141 141 141 141 138 138 138 138 138 138 138 138 138 138 138 138 142 142 142 142 142 142 143 143 142 142 

M = 301:
301 301 301 301 301 301 301 300 300 300 300 301 301 301 301 301 301 301 301 301 301 301 301 301 301 301 301 301 301 301 301 301 301 301 301 300 300 300 300 301 301 301 301 301 301 301 301 301 301 301 301 301 301 301 301 301 301 301 301 

M = 197:
197 197 197 197 197 197 197 197 197 197 197 197 197 197 197 197 197 197 197 197 197 197 197 197 197 197 197 197 197 197 197 197 197 197 197 197 197 197 197 197 197 197 197 197 197 197 197 197 197 197 197 

M = 440:
440 440 440 440 440 440 440 440 440 440 440 440 440 440 440 440 440 440 440 440 440 440 440 438 438 438 438 438 438 359 359 359 359 359 359 440 440 440 440 440 440 440 440 440 440 440 440 440 440 440 440 440 440 438 438 438 438 438 438 440 440 440 440 440 440 440 440 440 440 440 440 440 440 440 440 440 440 440 440 440 440 440 440 362 362 362 362 362 362 362 362 444 444 444 444 444 444 444 444 444 444 444 444 435 435 435 444 444 444 444 444 444 444 444 444 444 444 444 444 444 444 435 435 435 444 444 444 444 444 444 444 444 444 444 444 444 444 444 444 444 444 444 435 435 435 444 444 444 444 444 444 335 335 335 335 335 335 361 361 336 336 331 331 335 335 336 336 336 336 331 331 361 361 377 377 335 335 335 335 331 331 335 335 336 336 336 336 410 410 336 336 410 410 361 361 330 330 331 331 335 335 335 335 

M = 172:
172 172 172 172 172 172 172 172 172 172 172 172 172 172 172 172 172 172 172 172 172 172 172 172 172 172 172 172 172 172 172 172 172 172 172 172 172 172 

M = 245:
245 245 245 245 245 245 245 245 245 245 

M = 122:
119 119 119 119 119 119 123 123 123 123 123 123 123 123 124 124 124 124 124 124 124 124 124 124 124 124 124 124 124 124 123 123 123 123 124 124 124 124 123 123 123 123 120 120 120 120 120 120 120 120 120 122 122 122 122 122 122 122 122 122 122 122 122 122 122 122 122 122 122 122 122 122 122 122 122 122 122 122 122 122 

M = 240:
240 240 240 240 240 239 239 239 239 239 239 

M = 243:
243 243 243 243 243 243 243 243 243 243 243 243 244 244 244 244 244 244 244 244 

M = 242:
242 242 242 242 242 242 242 242 242 242 242 242 242 242 242 242 242 242 242 242 242 242 242 242 242 242 242 242 242 242 242 242 242 242 242 242 242 242 242 242 242 242 242 242 242 242 242 242 242 242 242 242 242 242 242 242 242 242 242 242 242 242 242 242 242 242 242 242 242 242 242 242 242 242 242 242 242 242 242 242 242 242 242 242 242 242 242 242 242 242 242 242 242 242 242 242 242 242 

M = 194:
190 190 190 190 190 190 190 190 190 190 190 190 190 190 190 190 190 190 194 194 194 194 194 194 194 194 194 194 194 194 194 194 194 194 194 194 194 194 194 194 194 194 194 194 194 194 194 194 194 194 194 194 194 194 194 194 194 194 194 194 194 194 194 194 194 194 194 194 194 194 194 194 194 194 194 194 194 194 194 194 194 194 194 194 194 194 194 194 194 194 194 194 194 194 194 194 194 193 193 193 193 193 193 193 193 193 193 193 193 193 193 193 193 193 193 192 192 

M = 297:
297 297 297 297 297 297 297 297 297 297 297 297 297 297 297 297 297 297 297 297 297 297 297 297 297 297 297 297 297 297 297 296 296 296 296 296 296 296 296 296 296 296 296 299 299 311 311 311 311 299 299 299 299 299 299 299 299 311 311 299 299 311 311 311 311 311 311 299 299 299 299 

M = 127:
127 127 127 127 127 127 127 127 127 127 127 127 127 127 127 127 127 127 127 132 132 132 132 132 132 132 132 132 132 132 132 132 132 132 132 132 132 

M = 167:
167 167 167 167 167 167 167 167 167 167 167 167 167 167 167 167 167 167 167 167 167 167 167 167 167 167 167 167 167 167 167 167 167 167 167 167 167 167 167 167 167 167 167 167 167 167 167 167 167 167 167 167 167 167 167 167 167 167 167 167 167 167 167 167 167 167 167 167 167 167 167 167 167 167 167 167 167 167 167 167 167 167 167 167 167 167 167 358 358 358 358 358 358 358 358 358 162 162 162 162 162 162 358 358 358 170 170 

M = 249:
158 158 158 158 158 158 250 250 250 250 250 250 251 251 251 251 251 251 251 251 251 251 251 251 251 251 251 251 251 251 251 251 251 251 251 251 251 251 251 251 251 251 249 249 249 249 249 249 249 249 249 249 249 249 249 249 249 249 249 249 249 249 249 249 249 249 249 249 249 249 249 249 249 249 249 249 249 249 249 249 249 249 249 249 249 249 249 249 249 249 249 249 249 249 249 249 249 249 249 249 249 249 249 249 249 237 237 237 

M = 293:
356 356 356 356 356 356 356 356 356 356 356 356 356 356 356 356 356 356 356 356 356 356 356 356 356 293 293 293 293 293 293 293 293 293 293 293 293 293 293 293 293 293 293 293 293 293 293 293 293 293 293 293 293 293 293 293 293 293 293 293 293 293 293 293 293 293 293 293 293 293 293 293 293 293 293 293 293 293 293 293 293 293 293 293 293 293 293 293 281 281 281 281 281 281 281 281 281 281 281 281 281 281 281 281 281 281 281 281 281 284 284 292 292 292 292 284 284 292 292 292 292 284 284 

M = 165:
164 164 164 164 164 164 164 164 164 164 164 165 165 165 165 165 165 165 165 165 165 164 164 164 164 164 164 164 164 164 164 164 165 165 165 165 165 165 165 165 165 165 165 165 165 165 165 165 165 165 165 165 165 165 165 165 165 165 165 165 165 165 165 165 165 164 164 164 164 164 164 164 164 164 164 164 165 165 165 165 165 165 165 165 165 165 165 164 164 164 164 164 164 164 164 164 164 164 165 165 165 165 165 165 165 165 165 165 165 165 165 165 165 165 165 165 165 165 165 165 165 165 165 165 165 165 165 165 165 165 165 163 163 163 163 163 163 163 163 163 163 163 163 

