M = 201:
206 206 235 235 201 204 204 206 206 124 124 204 204 204 204 201 201 204 204 201 201 201 201 201 201 201 201 204 204 235 235 206 206 206 206 235 235 201 201 206 206 201 201 235 235 201 201 206 206 206 206 201 201 204 204 206 206 201 201 201 201 201 201 204 204 201 201 206 206 124 124 

M = 251:
249 249 249 249 249 249 249 249 249 249 249 249 249 249 249 249 249 249 249 249 249 249 249 249 249 249 249 249 251 251 251 251 251 251 251 251 251 251 251 251 251 251 251 251 251 251 251 251 251 251 251 251 251 251 251 251 251 251 251 251 251 251 251 251 251 251 251 251 251 237 237 237 237 237 237 237 237 237 237 237 237 237 237 237 237 237 237 237 237 

M = 360:
356 356 356 356 356 356 356 356 356 360 349 349 349 349 451 451 360 360 354 354 451 451 360 360 349 349 451 451 

M = 141:
144 144 144 144 142 142 142 142 145 145 145 139 139 143 143 139 139 143 143 212 212 141 212 212 140 140 136 136 141 141 143 143 141 141 141 141 136 136 141 141 136 136 212 212 143 143 141 141 140 140 143 143 212 212 140 140 216 216 136 136 141 141 141 141 139 139 143 143 141 141 212 212 139 139 139 139 139 139 216 216 143 143 143 143 141 141 212 212 141 141 141 141 216 216 143 143 141 141 

M = 194:
194 194 194 194 194 194 194 194 194 194 194 194 194 194 194 194 194 194 194 194 194 194 194 194 194 194 194 193 193 193 193 193 193 193 193 193 193 193 193 193 193 193 193 193 193 

M = 440:
438 438 438 438 438 439 439 439 442 442 442 439 439 439 442 442 442 439 439 439 442 442 442 437 437 440 440 440 440 440 441 441 440 440 440 440 440 440 440 440 437 437 440 440 440 440 441 441 440 440 

M = 190:
190 190 190 191 191 191 191 190 190 190 190 219 219 219 219 190 190 190 190 190 190 190 190 217 217 217 217 217 217 

M = 444:
443 443 443 443 443 443 443 443 443 444 444 444 444 444 444 444 444 444 444 444 444 444 

M = 406:
345 345 345 345 408 408 336 336 406 407 407 336 336 407 407 336 336 337 337 337 337 336 336 407 407 411 411 407 407 345 345 409 409 337 337 408 408 337 337 411 411 337 337 406 406 337 337 408 408 337 337 339 339 413 413 345 345 345 345 345 345 345 345 345 345 336 336 336 336 337 337 408 408 339 339 337 337 406 406 

M = 272:
267 267 267 305 305 305 272 270 270 272 272 272 272 269 269 272 272 270 270 

M = 241:
244 244 244 244 244 244 241 241 241 240 240 241 241 240 240 241 241 241 241 241 241 241 241 239 239 241 241 241 241 241 241 241 241 241 241 241 241 241 241 241 241 239 239 241 241 239 239 240 240 239 239 239 239 

M = 162:
159 159 159 159 159 159 162 162 162 162 162 162 162 162 162 162 162 163 163 163 163 163 163 163 163 163 163 

M = 262:
265 265 265 265 265 265 265 265 265 265 266 266 266 266 266 265 265 265 265 265 262 262 262 262 262 262 262 262 262 262 262 262 262 262 262 262 262 177 177 263 263 177 177 182 182 177 177 177 177 177 177 263 263 182 182 184 184 263 263 177 177 263 263 182 182 182 182 263 263 182 182 182 182 182 182 182 182 177 177 263 263 

M = 165:
165 165 165 165 165 165 165 165 165 165 165 165 165 165 165 165 165 165 165 165 165 165 165 165 165 165 165 165 165 165 165 165 165 165 165 165 165 165 165 165 165 165 165 165 

M = 281:
284 284 284 281 281 281 281 281 281 281 281 281 281 281 281 281 281 281 281 281 281 281 281 281 281 281 281 281 281 281 281 281 

M = 297:
300 300 300 300 300 300 300 300 297 297 297 297 297 297 297 297 297 297 297 297 297 297 299 299 299 299 299 299 297 297 297 297 297 297 297 297 297 297 297 297 297 297 297 299 299 299 299 299 299 299 299 299 301 301 301 301 301 301 301 301 301 301 301 301 301 301 301 301 301 301 301 301 301 301 

M = 167:
167 167 167 167 167 167 167 167 167 167 167 167 167 167 167 167 167 167 167 167 167 167 167 167 167 167 

M = 362:
362 362 362 362 362 365 365 365 362 362 362 362 362 362 362 362 362 362 362 362 362 362 362 362 362 362 362 362 362 362 362 362 368 368 368 368 368 368 368 368 

M = 293:
293 293 293 293 293 293 293 318 318 318 318 293 293 293 293 293 293 314 314 293 293 293 293 293 293 293 293 318 318 293 293 293 293 293 293 318 318 

M = 290:
290 290 290 290 290 290 290 285 285 290 290 290 290 290 290 322 322 322 322 285 285 290 290 289 289 290 290 290 290 290 290 322 322 322 322 

