M = 201:
204 204 204 204 204 204 235 235 235 235 201 201 201 201 201 201 201 235 235 235 235 201 201 201 201 201 201 201 201 201 201 201 201 201 201 201 201 201 201 201 201 201 201 201 201 201 201 201 201 201 201 201 201 201 201 201 201 201 201 201 201 201 201 201 201 235 235 235 235 201 201 201 201 201 201 201 201 201 201 201 201 

M = 146:
146 146 146 146 146 146 146 146 146 146 146 146 146 146 146 146 146 146 146 146 146 146 146 146 146 146 146 146 146 146 146 144 144 144 144 144 144 144 144 146 146 146 146 146 146 146 146 146 146 146 146 146 146 146 146 147 147 147 147 147 147 147 266 266 266 266 266 266 266 145 145 145 145 145 145 145 145 145 267 267 267 145 145 145 145 145 145 145 145 145 145 145 145 145 145 145 145 145 145 

M = 196:
196 196 196 196 196 196 196 196 196 196 196 196 196 196 196 196 196 196 196 196 196 196 196 196 196 196 196 196 196 196 196 196 196 196 196 196 196 196 196 196 196 196 196 196 196 196 196 196 196 196 196 196 196 196 196 196 196 196 196 196 196 196 196 196 196 240 240 240 240 

M = 210:
124 124 124 124 210 210 210 124 124 124 124 124 124 124 124 210 210 210 210 124 124 124 124 124 124 124 124 210 210 210 210 210 210 210 210 124 124 124 124 224 224 123 123 224 224 224 224 224 224 224 224 123 123 123 123 224 224 123 123 224 224 224 224 224 224 123 123 224 224 224 224 224 224 224 224 123 123 224 224 123 123 123 123 224 224 123 123 224 224 123 123 

M = 206:
205 205 205 205 205 205 205 205 205 205 205 205 205 205 206 206 206 206 206 206 206 206 206 206 206 206 206 206 206 206 206 206 206 206 206 206 206 207 207 207 207 207 207 207 207 207 207 207 207 207 207 207 207 207 207 

M = 134:
134 135 135 134 134 134 134 135 135 134 134 135 135 134 134 135 135 134 134 134 134 

M = 208:
126 126 126 126 126 126 126 126 126 126 208 208 208 208 208 208 208 208 208 208 208 208 208 208 208 208 208 208 208 208 208 208 208 208 208 208 208 208 208 208 208 208 208 208 208 208 208 208 208 208 208 208 208 208 208 208 208 208 208 208 208 208 208 226 226 226 226 

M = 197:
197 197 197 197 197 197 197 197 127 127 127 127 127 127 127 127 127 127 127 127 127 127 239 239 239 239 239 239 239 238 238 238 238 238 238 

M = 303:
303 303 303 303 303 303 303 303 303 303 303 303 303 303 303 303 303 303 303 303 303 303 303 303 303 303 303 303 303 303 303 303 303 303 303 303 303 303 303 303 303 303 303 303 303 303 303 305 305 305 305 305 305 305 305 303 303 303 303 303 303 303 303 302 302 307 307 302 302 302 302 307 307 302 302 302 302 302 302 302 302 

M = 261:
261 261 261 261 261 261 261 261 261 261 261 261 261 261 261 261 261 261 261 261 261 261 261 

M = 218:
217 217 217 219 219 219 219 219 219 218 218 218 218 218 219 219 218 218 219 219 218 218 191 191 

M = 120:
121 121 121 121 121 120 120 120 120 120 120 120 120 120 119 119 119 119 119 119 119 119 119 119 119 119 119 119 119 120 120 120 120 120 120 120 120 120 120 122 122 122 122 

M = 178:
182 182 182 182 180 180 180 180 177 177 177 177 177 177 177 177 177 181 181 181 181 181 181 177 177 177 179 179 179 181 181 181 179 179 179 178 178 178 178 178 178 178 178 178 178 178 178 178 178 178 

M = 272:
268 268 268 268 268 268 268 268 268 272 272 272 272 272 272 272 272 272 272 272 272 272 272 272 272 272 272 272 272 272 272 272 272 272 272 272 274 274 274 274 274 274 274 274 274 274 274 274 275 275 275 275 275 275 277 277 277 277 277 277 277 277 277 277 277 277 277 277 277 277 277 277 277 277 277 277 277 277 277 277 

M = 130:
130 130 130 130 130 130 130 130 130 130 130 130 130 130 130 130 130 130 130 130 130 130 130 130 130 130 130 130 130 130 130 130 130 130 130 130 130 130 130 130 130 130 130 130 130 130 130 194 194 194 194 194 194 194 194 194 194 194 194 194 194 194 194 194 194 194 194 194 194 194 194 194 194 194 194 

M = 242:
245 245 245 245 245 245 245 245 245 245 245 242 242 242 242 242 242 242 242 242 242 242 242 242 242 242 242 242 242 242 242 242 242 242 242 242 242 242 242 242 242 242 242 242 242 

M = 297:
297 299 299 301 301 316 316 301 301 300 300 313 313 297 297 297 297 297 297 316 316 297 297 313 313 313 313 297 297 313 313 299 299 297 297 297 297 313 313 301 301 300 300 313 313 297 297 297 297 313 313 297 297 297 297 313 313 297 297 299 299 316 316 297 297 299 299 297 297 313 313 301 301 313 313 301 301 316 316 313 313 301 301 313 313 297 297 297 297 297 297 299 299 313 313 

M = 139:
142 142 142 142 142 142 142 142 142 142 142 142 142 142 142 142 140 140 140 140 140 140 140 140 140 140 140 140 140 140 140 140 140 140 140 140 140 140 140 140 140 139 139 139 139 139 139 139 139 139 139 139 136 136 137 137 136 136 136 136 137 137 136 136 136 136 136 136 136 136 137 137 136 136 136 136 136 136 136 136 136 136 

M = 249:
248 248 248 248 248 248 248 248 248 248 248 248 248 237 237 237 237 237 237 237 237 251 251 251 251 251 251 251 251 249 249 249 249 249 249 249 249 249 249 249 249 249 249 249 249 249 249 249 249 249 249 249 157 157 157 157 249 249 249 249 249 249 249 249 157 157 157 157 249 249 249 249 249 249 249 249 249 249 249 249 

M = 165:
165 165 165 165 164 164 164 164 164 165 165 165 165 165 165 165 165 165 165 165 165 165 165 165 165 165 165 165 165 165 165 165 165 165 165 165 165 165 165 165 165 165 165 165 164 164 164 164 164 165 165 165 165 165 165 165 165 165 165 165 165 165 165 165 165 165 165 165 165 165 165 165 165 165 165 165 165 165 165 165 165 165 165 165 163 163 163 163 162 162 162 162 167 167 167 167 167 167 167 167 167 167 167 167 167 167 167 167 167 167 167 167 162 162 162 162 163 163 163 163 162 162 162 162 167 167 167 167 167 167 167 167 169 169 169 

