M = 322:
319 319 319 322 322 322 322 322 322 322 322 322 322 322 322 322 322 322 322 322 

M = 440:
440 440 440 440 440 440 440 438 438 438 438 438 438 438 438 438 438 438 438 438 438 438 438 440 440 440 440 438 438 438 438 440 440 440 440 440 440 440 440 440 440 440 440 440 440 440 440 438 438 438 438 438 438 438 438 440 440 440 440 440 440 440 440 440 440 440 440 435 435 435 435 435 435 435 435 435 435 435 435 442 442 444 444 436 436 436 436 436 436 436 436 441 441 442 442 436 436 442 442 444 444 436 436 442 442 436 436 436 436 436 436 444 444 436 436 444 444 436 436 436 436 442 442 444 444 442 442 436 436 442 442 444 444 436 436 436 436 444 444 436 436 436 436 444 444 436 436 442 442 444 444 

M = 172:
172 172 172 172 172 172 172 172 172 172 172 172 172 172 172 172 172 172 172 172 172 172 172 172 172 

M = 143:
143 143 143 144 144 144 144 143 143 143 143 143 143 143 143 143 143 143 143 143 143 143 143 143 143 143 143 142 142 142 142 143 143 143 143 143 143 143 143 143 143 143 143 145 145 145 145 143 143 143 143 143 143 143 143 143 143 143 143 143 143 143 143 142 142 142 142 143 143 143 143 145 145 145 145 

M = 312:
312 312 312 312 312 

M = 134:
136 136 136 136 136 136 134 134 134 134 134 134 134 134 134 134 134 136 136 136 134 134 134 136 136 136 134 134 134 134 134 134 136 136 136 134 134 134 134 134 134 134 134 134 134 134 134 137 137 137 137 137 137 137 137 137 137 137 137 137 137 

M = 305:
305 305 305 305 305 305 305 

M = 242:
242 242 242 242 242 242 242 242 242 242 242 242 242 242 242 242 242 242 242 242 194 194 194 194 194 194 240 240 240 240 240 240 245 245 245 245 245 245 245 245 

M = 316:
316 316 316 316 316 316 316 316 316 316 316 316 316 316 316 316 316 316 316 315 315 316 316 316 316 315 315 316 316 316 316 316 316 315 315 

M = 263:
262 262 262 262 262 262 262 262 262 262 262 262 262 262 262 263 263 263 263 263 263 263 263 263 263 263 263 263 263 263 263 263 263 263 263 263 263 263 263 263 263 263 263 263 263 263 263 263 263 263 263 263 263 263 263 263 263 263 261 261 261 261 261 261 261 261 261 261 261 261 261 261 261 261 261 261 264 264 

M = 178:
180 180 180 180 180 180 180 180 180 180 180 180 146 146 146 146 146 229 229 229 229 179 179 179 179 177 177 177 177 177 177 177 177 177 177 177 177 177 177 177 178 182 182 178 178 178 178 178 178 182 182 178 178 182 182 184 184 178 178 178 178 178 178 178 178 178 178 182 182 178 178 178 178 182 182 182 182 178 178 178 178 178 178 182 182 182 182 182 182 

M = 190:
191 191 191 191 191 191 191 218 218 218 218 218 218 218 218 218 218 218 218 218 218 218 218 218 218 218 218 218 218 218 218 193 193 193 193 193 193 193 193 219 219 219 219 190 190 190 190 190 190 190 190 190 190 190 190 190 190 190 190 190 190 190 190 190 190 190 190 190 190 

M = 324:
323 323 323 323 323 323 323 323 323 323 323 323 326 326 326 326 326 326 327 327 327 326 326 326 327 327 327 327 327 327 335 335 324 324 324 324 324 324 324 324 324 324 324 324 324 324 324 324 324 324 324 324 324 324 324 324 324 324 324 335 335 335 335 324 324 324 324 324 324 324 324 

M = 400:
400 400 400 400 400 400 400 400 400 400 400 401 401 401 401 401 401 400 400 400 400 400 400 400 400 400 400 400 400 400 400 400 400 400 400 400 400 400 401 401 401 400 400 400 401 401 401 400 400 400 400 400 400 400 400 400 401 401 401 336 336 336 336 399 399 403 403 403 403 338 338 336 336 403 403 399 399 403 403 403 403 399 399 336 336 399 399 399 399 336 336 399 399 336 336 403 403 399 399 

M = 164:
164 164 164 164 164 164 164 164 164 164 164 164 164 164 164 164 164 164 164 164 164 164 164 164 164 164 164 164 164 164 164 164 164 164 164 164 164 164 164 164 164 164 164 164 164 164 164 164 164 164 164 164 164 164 164 165 165 165 165 165 165 165 165 165 165 165 165 165 165 165 165 165 165 165 165 165 165 162 162 162 162 162 162 162 162 162 162 162 162 162 162 162 162 162 162 162 162 162 162 162 162 167 167 167 167 167 167 167 167 167 167 167 167 167 167 167 167 167 167 167 167 167 167 167 167 167 167 167 167 167 167 167 167 167 167 167 167 167 167 167 167 167 167 167 167 163 163 163 163 163 163 163 163 163 163 163 163 163 163 163 163 163 163 163 163 163 163 163 163 

M = 349:
349 349 349 349 349 349 349 349 349 349 349 349 349 349 349 349 349 349 349 349 347 347 347 349 349 349 452 452 452 351 351 454 454 454 454 454 454 348 348 454 454 351 351 454 454 454 454 351 351 454 454 454 454 351 351 454 454 

M = 251:
251 249 249 251 251 251 251 251 251 157 157 249 249 158 158 249 249 250 250 251 251 157 157 251 251 251 251 157 157 251 251 249 249 157 157 157 157 251 251 249 249 251 251 249 249 157 157 249 249 250 250 249 249 251 251 249 249 

M = 119:
119 119 120 120 120 119 119 119 120 120 120 120 120 120 119 119 119 120 120 120 119 119 119 119 119 119 120 120 120 119 119 119 119 119 119 119 119 119 119 119 119 120 120 120 119 119 119 119 119 119 

M = 293:
281 281 281 281 281 281 281 281 281 281 293 292 292 292 292 299 299 293 293 299 299 293 293 299 299 293 293 292 292 299 299 293 293 293 293 299 299 293 293 299 299 293 293 285 285 299 299 293 293 299 299 289 289 

M = 368:
368 368 368 368 368 368 368 369 369 369 369 369 369 369 369 368 368 368 368 369 369 369 369 369 369 369 369 369 369 369 369 369 369 369 369 363 363 363 363 363 363 363 363 363 363 363 363 363 363 363 363 363 363 363 363 363 363 363 363 363 363 363 363 363 363 363 363 363 363 363 363 363 363 363 411 411 341 341 411 411 411 411 366 366 339 339 339 339 339 339 341 341 412 412 341 341 341 341 411 411 411 411 411 411 411 411 388 388 339 339 341 341 339 339 411 411 411 411 341 341 339 339 341 341 341 341 

