M = 293:
318 318 318 318 318 318 318 318 318 318 318 318 296 296 296 318 318 318 297 297 297 297 297 297 318 318 318 318 318 318 297 297 297 318 318 318 293 293 293 293 293 293 293 322 322 293 293 293 293 293 293 281 281 293 293 293 293 281 281 293 293 293 293 293 293 293 293 281 281 281 281 281 281 293 293 293 293 281 281 

M = 217:
216 216 216 216 217 217 217 217 217 217 217 217 217 217 217 217 217 217 217 217 217 217 217 140 140 217 217 217 217 217 217 

M = 435:
440 440 440 440 440 440 437 437 437 440 440 440 438 438 438 438 438 438 438 438 438 438 438 438 440 440 440 437 437 437 440 440 440 440 440 440 440 440 440 440 440 440 438 438 438 440 440 440 440 440 440 440 440 440 437 437 437 438 438 438 438 438 438 442 442 442 438 438 438 440 440 440 440 440 440 442 442 442 434 434 362 362 412 412 434 434 363 363 435 390 390 363 363 435 435 363 363 443 443 362 362 362 362 363 363 363 363 435 435 434 434 435 435 434 434 362 362 363 363 435 435 443 443 363 363 390 390 435 435 435 435 435 435 435 435 362 362 435 435 434 434 412 412 434 434 443 443 363 363 362 362 390 390 362 362 390 390 435 435 435 435 434 434 363 363 434 434 443 443 363 363 362 362 443 443 435 435 

M = 194:
194 194 194 194 194 194 194 194 194 194 194 194 194 194 194 194 194 194 194 194 194 194 194 194 194 194 194 194 194 194 194 194 194 194 190 190 133 133 133 133 133 133 133 133 133 133 190 190 

M = 196:
240 240 240 240 240 130 130 130 130 130 130 130 130 130 130 130 130 130 130 130 130 130 130 130 130 130 130 130 130 239 239 239 196 196 196 196 196 196 196 196 196 196 196 196 196 196 196 196 196 196 196 196 196 196 196 196 196 196 196 196 196 196 196 

M = 122:
120 120 120 120 120 120 122 122 120 120 120 212 212 212 122 122 122 141 141 141 122 122 122 141 141 141 120 120 120 141 141 141 120 120 120 212 212 212 122 122 122 212 212 212 212 212 212 122 122 122 122 122 122 212 212 212 120 120 120 141 141 141 122 122 122 141 141 141 120 120 120 120 120 120 122 122 122 212 212 212 136 136 136 136 213 213 213 213 213 213 

M = 307:
303 303 303 303 303 303 303 303 303 303 303 303 303 303 303 303 303 303 307 307 307 307 307 307 307 312 312 307 307 307 307 307 307 307 307 308 308 311 311 307 307 307 307 307 307 311 311 307 307 307 307 

M = 379:
379 379 379 379 379 379 379 379 379 379 379 379 379 379 379 379 379 379 379 379 379 379 379 379 379 379 379 379 379 379 379 379 379 379 379 379 379 379 379 379 379 379 379 379 379 379 379 419 419 419 419 419 419 419 419 419 419 419 419 419 419 419 419 

M = 378:
377 377 377 377 377 377 377 377 377 377 377 377 378 378 378 378 378 378 378 378 378 378 378 378 378 

M = 272:
274 274 272 272 272 274 274 274 274 272 272 272 272 274 274 272 272 

M = 259:
259 259 259 259 259 259 259 259 259 259 259 259 259 259 259 259 259 259 259 259 259 259 259 259 259 259 259 259 259 259 259 259 259 259 259 259 259 259 230 230 230 258 258 258 258 258 258 258 258 258 258 258 258 258 258 258 258 258 258 258 258 258 258 258 258 231 231 258 258 258 258 

M = 261:
261 261 261 261 261 261 261 261 261 261 261 261 261 261 261 261 261 261 261 261 261 261 261 262 262 262 261 261 261 261 261 261 261 261 261 261 261 261 261 261 261 261 261 261 262 262 262 264 264 228 228 228 228 264 264 229 229 229 229 228 228 228 228 228 228 228 228 228 228 

M = 342:
339 339 339 376 376 345 345 342 342 342 344 344 342 342 342 342 342 342 345 345 341 341 342 342 341 341 345 345 342 342 344 344 376 376 344 344 342 342 342 342 341 341 343 343 342 342 343 343 342 342 345 345 345 345 342 342 341 341 342 342 342 342 376 376 344 344 

M = 242:
244 244 244 244 244 244 244 244 244 244 244 242 242 242 242 242 242 242 242 242 242 242 242 242 242 242 242 242 242 242 243 243 243 243 243 243 243 243 243 243 243 243 243 243 243 243 243 243 243 243 243 243 243 243 243 243 243 243 243 243 242 242 242 242 242 242 242 242 242 242 242 242 242 242 242 242 242 242 242 242 242 242 242 242 242 242 242 242 242 242 242 242 242 242 242 242 242 242 242 242 241 241 241 241 241 241 241 241 241 241 241 241 241 241 241 241 241 241 241 241 241 241 241 241 241 241 241 241 241 241 241 241 241 241 241 241 241 241 241 241 241 241 

M = 164:
164 164 164 164 164 164 164 164 164 164 164 164 164 164 164 164 164 164 164 164 164 164 164 163 163 163 163 163 163 163 163 163 163 163 163 162 162 162 162 162 162 455 455 167 167 167 167 167 167 167 167 167 167 167 167 167 167 167 167 167 167 167 167 167 167 167 167 456 456 455 455 167 167 167 167 

M = 403:
400 400 400 400 400 400 400 400 403 403 329 329 329 334 334 334 403 403 403 403 403 403 403 403 403 403 403 403 334 334 334 334 334 334 403 403 403 403 403 403 403 403 403 334 334 334 403 403 403 329 329 329 403 403 403 403 403 403 403 403 403 334 334 334 403 403 403 334 334 334 403 403 403 329 329 329 403 403 403 403 403 403 329 329 329 406 406 401 401 401 401 401 401 338 338 333 333 406 406 336 336 336 336 401 401 336 336 335 335 336 336 401 401 401 401 326 326 401 401 401 401 406 406 401 401 336 336 326 326 336 336 333 333 401 401 401 401 406 406 333 333 406 406 333 333 401 401 401 401 336 336 401 401 336 336 333 333 333 333 401 401 406 406 401 401 336 336 

M = 251:
249 249 249 249 249 249 249 249 249 249 249 249 249 249 249 249 249 249 158 158 158 158 158 158 249 249 249 249 249 249 249 249 249 249 249 249 249 249 249 249 249 249 251 251 251 251 251 251 251 251 251 251 251 251 251 251 251 251 251 251 251 251 251 251 251 251 251 251 251 251 251 251 251 251 251 251 251 251 251 251 251 251 251 251 251 251 251 251 251 203 203 203 160 160 160 203 203 203 160 160 160 203 203 203 203 203 203 160 160 160 235 235 235 235 237 237 235 235 235 235 235 235 235 235 235 235 235 235 205 205 235 235 235 235 235 235 235 235 237 237 235 235 235 235 235 235 235 235 235 235 205 205 235 235 235 235 237 237 205 205 

M = 268:
268 268 268 268 268 268 268 268 268 268 268 268 268 268 268 268 268 268 268 268 268 268 268 268 268 268 268 268 268 268 268 268 268 268 268 268 268 268 268 268 268 268 268 268 268 268 268 268 268 268 268 268 268 268 268 268 268 268 268 268 268 268 268 268 268 268 268 268 268 146 146 146 146 146 146 146 146 266 266 266 266 146 146 146 146 

M = 178:
265 265 265 265 145 145 145 145 180 180 180 180 180 180 180 180 178 178 178 178 178 178 178 178 178 178 178 178 178 178 178 178 178 178 178 178 178 178 178 181 181 181 178 178 178 178 178 178 181 181 181 178 178 178 178 178 178 179 179 179 178 178 178 226 226 182 182 226 226 226 226 226 226 226 226 182 182 

M = 165:
165 165 165 165 165 165 165 165 165 165 165 165 165 165 165 165 165 165 165 165 165 165 165 165 165 165 165 165 165 165 165 165 165 165 165 165 165 165 165 165 165 165 165 165 165 165 165 165 165 165 165 165 165 165 165 165 165 165 165 165 165 165 169 169 169 171 171 171 171 171 171 171 171 171 171 171 171 

