M = 146:
147 147 147 147 146 146 146 147 147 147 147 147 147 147 147 147 147 147 147 147 147 147 147 146 146 146 146 146 146 146 146 146 146 146 146 146 146 146 146 146 146 146 146 146 146 146 146 146 146 146 146 147 147 147 147 146 146 146 146 144 144 144 144 144 144 148 148 145 145 145 145 148 148 148 148 145 145 

M = 215:
190 190 190 190 190 190 190 190 190 190 219 219 219 219 219 190 190 190 190 190 190 190 190 190 190 218 218 218 218 193 193 193 193 193 193 193 193 193 193 193 193 193 193 193 193 193 193 193 193 193 193 193 193 193 193 193 193 193 193 193 193 193 139 139 136 136 139 139 215 139 139 215 215 215 215 220 220 220 220 136 136 139 139 220 220 215 215 139 139 220 220 215 215 136 136 139 139 139 139 215 215 215 215 220 220 139 139 139 139 139 139 140 140 136 136 220 220 136 136 220 220 139 139 139 139 215 215 220 220 136 136 220 220 140 140 215 215 139 139 215 215 220 220 140 140 220 220 136 136 220 220 139 139 136 136 215 215 139 139 215 215 220 220 139 139 139 139 220 220 139 139 136 136 215 215 215 215 

M = 205:
205 205 205 205 205 205 205 205 205 205 205 206 206 206 205 205 205 205 205 205 205 205 205 205 205 205 205 205 205 205 205 205 205 205 205 206 206 206 206 206 206 206 206 206 206 206 206 205 205 205 205 205 205 

M = 204:
204 204 204 204 204 204 204 204 204 204 204 204 204 204 204 204 204 204 204 204 204 204 204 204 204 204 204 204 204 204 204 204 204 204 204 204 204 204 204 204 204 204 204 204 

M = 370:
372 372 372 411 411 411 347 347 347 370 370 372 372 372 368 368 368 370 370 370 370 370 370 372 372 372 370 370 370 372 372 372 370 370 370 372 372 372 346 346 346 346 346 346 347 347 347 370 370 370 372 372 372 346 346 346 370 370 370 410 410 410 372 372 372 372 372 372 346 346 346 370 370 370 372 372 372 346 346 346 372 372 372 372 372 372 347 347 347 347 347 347 347 347 347 370 370 370 347 347 347 347 347 347 370 370 370 347 347 347 351 351 351 351 367 367 369 369 369 369 351 351 367 367 369 369 351 351 367 367 367 367 369 369 367 367 369 369 351 351 367 367 367 367 367 367 367 367 367 367 

M = 362:
362 362 362 362 362 362 362 362 362 362 362 362 362 362 362 362 362 362 362 362 362 362 362 439 439 439 439 362 362 362 362 362 362 362 362 362 362 362 362 362 362 362 362 441 441 441 441 441 441 441 441 441 441 441 441 441 441 441 441 441 441 440 440 440 441 441 441 364 364 364 441 441 441 441 441 441 441 441 441 438 438 438 441 441 441 441 441 441 438 438 438 352 352 444 444 444 444 444 444 352 352 444 444 444 444 352 352 444 444 365 365 444 444 352 352 444 444 352 352 444 444 352 352 365 365 444 444 352 352 365 365 352 352 352 352 444 444 444 444 352 352 

M = 427:
398 398 398 398 421 421 421 421 421 421 419 419 419 419 419 419 419 419 419 419 419 419 419 419 419 421 421 421 421 421 421 421 421 421 419 419 419 419 419 419 428 428 428 421 421 421 421 421 421 428 428 428 419 419 419 419 419 419 419 419 419 421 421 421 419 419 419 419 419 419 427 427 427 427 427 427 427 427 427 427 427 427 427 427 427 424 424 424 424 424 424 427 427 424 424 427 427 427 427 424 424 427 427 424 424 427 427 427 427 427 427 427 427 424 424 427 427 

M = 331:
326 326 326 326 326 326 326 326 326 326 326 326 326 326 326 326 338 338 338 338 335 335 335 335 335 335 401 401 401 403 403 403 335 335 335 331 331 403 403 403 401 401 401 335 335 335 324 324 324 400 400 400 331 331 331 324 324 324 335 335 335 335 335 335 403 403 403 335 335 335 327 327 327 401 401 401 324 324 324 335 335 335 335 335 335 331 331 331 324 324 324 324 324 324 335 335 335 336 336 322 322 322 322 336 336 337 337 336 336 337 337 336 336 337 337 336 336 336 336 337 337 322 322 322 322 325 325 337 337 322 322 337 337 337 337 337 337 337 337 337 337 336 336 322 322 322 322 322 322 336 336 337 337 322 322 322 322 336 336 337 337 336 336 322 322 337 337 322 322 337 337 322 322 336 336 322 322 322 322 337 337 337 337 

M = 342:
377 377 377 377 377 377 377 377 377 377 377 377 377 377 377 379 379 379 344 344 344 339 339 339 379 379 379 379 379 379 341 341 341 341 341 341 379 379 379 379 379 379 379 379 379 344 344 344 344 344 344 341 341 341 341 341 341 341 341 341 341 341 341 341 341 341 344 344 344 339 339 339 379 379 379 344 344 344 379 379 379 341 341 341 379 379 379 408 408 408 408 408 408 342 408 408 343 343 408 408 375 375 342 342 408 408 408 408 408 408 408 408 408 408 

M = 261:
262 262 262 262 262 262 262 262 262 262 262 262 262 262 262 262 262 262 262 262 261 261 261 261 261 261 261 261 261 261 261 261 261 261 261 261 261 261 261 261 261 261 261 261 261 261 261 261 261 261 261 261 261 261 261 261 261 261 261 261 261 261 261 261 229 229 229 229 229 229 

M = 125:
130 130 130 130 130 130 130 130 130 130 130 130 130 130 130 130 130 130 126 126 126 126 126 127 127 127 127 127 127 127 127 125 121 121 196 196 196 196 196 196 119 119 196 196 125 125 120 120 196 196 196 196 125 125 120 120 119 119 120 120 196 196 196 196 196 196 125 125 196 196 121 121 125 125 125 125 125 125 125 125 125 125 196 196 196 196 

M = 265:
265 265 265 265 265 265 265 265 265 265 265 265 265 265 265 265 265 265 265 265 265 265 265 265 265 265 265 265 265 265 265 265 265 265 265 265 265 265 265 266 266 266 266 266 266 266 266 266 266 266 266 266 266 266 266 266 266 266 266 266 266 266 266 266 266 266 266 

M = 178:
178 178 178 178 178 178 178 178 178 178 178 178 178 178 178 178 178 178 178 178 178 178 178 178 178 178 178 178 178 178 178 178 178 178 178 178 178 178 178 178 178 178 178 178 178 178 178 178 178 178 178 178 178 178 178 178 178 178 178 181 181 181 181 183 183 183 183 177 177 183 183 177 177 177 177 183 183 183 183 177 177 177 177 183 183 183 183 183 183 177 177 183 183 183 183 177 177 183 183 183 183 183 183 177 177 183 183 183 183 177 177 177 177 183 183 183 183 183 183 

M = 296:
300 300 300 300 300 297 297 297 297 297 296 296 296 296 296 296 296 293 293 293 301 301 301 293 293 293 316 316 316 293 293 293 316 316 316 293 293 293 299 299 299 293 293 293 293 293 293 299 299 299 316 316 316 293 293 293 293 293 293 312 312 312 293 293 293 293 293 293 308 308 308 301 301 301 301 301 301 293 293 293 293 293 293 278 278 318 318 317 317 318 318 304 304 311 311 318 318 318 318 278 278 317 317 311 311 318 318 317 317 318 318 311 311 318 318 318 318 278 278 311 311 318 318 318 318 311 311 311 311 311 311 311 311 306 306 318 318 311 311 278 278 318 318 

M = 165:
242 242 242 242 242 242 242 242 242 242 242 242 242 242 242 242 242 242 242 242 242 242 242 242 242 242 242 242 242 242 242 242 242 242 242 242 242 242 242 242 242 242 242 242 242 242 242 242 242 242 242 242 242 242 242 242 245 245 245 245 245 245 194 194 194 194 194 194 194 194 194 194 194 194 194 194 194 194 194 194 194 194 194 194 194 194 194 194 194 194 194 194 194 194 194 194 194 194 194 194 194 194 194 194 164 164 164 164 164 165 165 165 165 164 164 164 164 164 165 165 165 165 165 165 165 165 165 165 165 165 165 165 165 165 165 165 165 165 165 165 165 165 165 165 165 165 165 165 165 165 165 165 165 165 165 165 165 165 165 165 165 165 165 165 165 165 165 165 165 165 165 165 165 165 165 165 165 165 165 165 165 165 165 163 163 163 163 163 163 163 163 163 163 163 163 163 163 163 163 163 163 163 163 163 163 163 163 167 167 166 166 167 167 167 167 166 166 166 166 166 166 167 167 167 167 166 166 167 167 167 167 166 166 167 167 167 167 166 166 166 166 167 167 166 166 166 166 167 167 167 167 167 167 167 167 166 166 166 166 167 167 167 167 167 167 166 166 166 166 166 166 166 166 

M = 251:
248 248 248 248 248 248 158 158 158 158 251 251 251 250 250 250 250 251 251 251 251 158 158 158 158 251 251 251 251 158 158 158 158 158 158 158 158 251 251 251 251 251 251 251 251 250 250 250 250 251 251 251 251 158 158 158 158 251 251 251 251 251 251 251 251 158 158 158 158 251 251 251 251 158 158 158 158 251 251 251 251 251 251 251 251 158 158 158 158 251 251 251 251 251 251 251 251 251 251 251 251 158 158 158 158 250 250 250 250 251 251 251 251 250 250 250 250 161 161 161 160 160 

M = 268:
268 268 268 305 305 305 305 268 268 268 268 268 268 268 268 268 268 268 268 268 268 268 268 267 267 267 267 268 268 268 268 268 268 268 268 268 268 268 268 305 305 305 305 268 268 268 268 268 268 268 268 268 268 268 268 305 305 305 305 305 305 305 305 305 305 305 305 268 268 268 268 

M = 285:
284 284 284 284 284 284 284 284 284 284 284 284 284 284 284 284 284 284 284 284 285 285 285 285 285 286 286 286 285 285 285 281 281 281 285 285 285 286 286 286 281 281 281 281 281 281 285 285 285 285 285 285 281 281 281 281 281 281 285 285 285 281 281 281 281 281 281 285 285 285 281 281 281 285 285 285 285 285 285 285 285 285 281 281 281 281 281 281 282 282 290 290 321 321 321 321 288 288 291 291 283 283 282 282 321 321 290 290 321 321 291 291 321 321 291 291 288 288 290 290 290 290 282 282 288 288 282 282 290 290 290 290 321 321 290 290 282 282 290 290 287 287 282 282 290 290 282 282 283 283 282 282 290 290 283 283 288 288 291 291 282 282 291 291 282 282 283 283 321 321 287 287 283 283 288 288 288 288 288 288 282 282 282 282 290 290 290 290 291 291 290 290 283 283 282 282 321 321 291 291 291 291 282 282 321 321 

M = 232:
258 258 258 258 258 258 228 228 228 258 258 258 258 258 258 233 233 259 259 232 232 232 232 232 233 233 232 232 233 233 232 232 232 232 232 232 233 233 259 259 232 232 233 233 259 259 233 233 232 232 232 232 259 259 232 232 259 259 233 233 232 232 233 233 233 233 232 232 232 232 232 232 232 232 232 232 259 259 233 233 

M = 358:
359 359 359 359 359 359 359 359 359 359 359 359 359 359 359 356 356 356 354 354 354 354 354 354 354 354 354 354 354 354 354 354 354 357 357 357 357 357 357 356 356 356 357 357 357 357 357 357 356 356 356 354 354 354 356 356 356 354 354 354 356 356 356 354 354 354 357 357 357 358 452 452 358 358 451 451 358 358 451 451 451 451 358 358 358 358 358 358 358 358 358 358 358 358 451 451 358 358 358 358 451 451 358 358 451 451 451 451 451 451 

