M = 201:
251 251 251 251 251 251 251 251 237 237 237 237 251 251 251 251 251 251 251 251 204 204 204 204 251 251 251 251 237 237 237 237 201 201 201 201 201 201 201 201 201 201 201 204 204 204 204 251 251 251 251 251 251 251 251 206 206 206 206 206 206 206 206 201 201 201 201 201 201 201 201 251 251 251 251 251 251 251 251 201 201 201 201 206 206 206 206 206 206 206 206 237 237 237 237 237 237 237 237 205 205 205 205 205 205 203 203 203 205 205 205 202 202 

M = 123:
136 136 136 136 136 136 136 136 136 136 136 136 136 136 136 136 122 122 122 122 136 136 136 136 122 122 122 122 136 136 136 136 123 123 123 123 123 123 123 123 124 124 124 124 124 124 135 135 135 135 135 135 135 135 135 135 135 135 124 124 124 124 124 124 135 135 135 210 210 125 125 210 210 210 210 125 125 125 125 

M = 440:
362 362 362 362 362 362 362 362 362 362 362 362 362 362 362 440 440 440 440 440 440 440 440 440 440 440 440 440 440 440 440 440 440 440 440 440 440 440 440 440 440 440 440 440 440 440 440 440 

M = 438:
438 438 438 438 438 438 438 438 437 437 437 436 436 436 436 436 436 436 436 

M = 177:
143 143 143 143 143 143 143 143 143 143 143 143 177 177 177 177 177 177 177 177 177 177 177 177 177 177 177 177 177 177 177 177 177 177 177 177 177 177 177 177 177 177 177 177 177 148 148 177 177 

M = 208:
126 126 126 126 126 126 126 126 126 126 126 126 208 208 208 208 208 208 208 208 208 208 208 208 208 208 208 208 208 208 208 208 207 207 207 207 

M = 337:
337 337 337 337 337 337 337 337 337 337 337 337 337 337 337 337 337 337 337 339 339 339 341 341 341 341 341 341 339 339 339 338 338 338 338 338 338 403 403 403 403 403 403 403 403 403 403 403 403 403 403 403 403 

M = 336:
336 336 336 336 336 336 336 336 336 336 336 336 336 336 336 336 336 336 336 335 335 335 330 330 334 334 330 330 334 334 334 334 

M = 242:
244 244 244 244 244 244 244 244 241 241 241 241 241 241 241 241 241 241 241 241 241 241 241 241 241 241 241 241 241 243 243 243 243 243 243 243 242 242 242 242 242 242 242 242 242 242 242 242 242 242 242 242 242 242 242 242 242 242 242 242 242 242 242 242 242 240 240 240 240 240 247 247 247 247 

M = 130:
193 193 193 193 193 193 194 194 194 194 194 194 193 193 193 193 193 193 194 194 194 194 194 194 194 194 194 194 194 194 194 194 194 194 194 194 127 127 127 127 127 127 127 127 127 127 130 130 130 130 130 130 130 130 130 130 130 130 130 130 130 130 130 130 130 130 130 130 130 130 130 130 130 130 130 130 130 130 196 196 196 196 196 196 196 196 196 196 196 196 196 196 196 196 196 196 196 196 196 196 196 196 196 196 

M = 164:
164 164 164 164 164 164 164 164 164 164 164 164 164 164 164 164 164 164 164 164 164 164 164 164 164 164 164 164 164 164 164 164 164 164 164 164 164 164 164 164 164 164 164 164 164 164 164 164 164 164 164 164 164 164 164 164 164 164 164 164 164 164 158 158 158 159 159 159 167 167 167 167 167 167 158 158 158 161 161 161 158 158 158 162 162 162 162 162 162 162 162 162 162 162 162 160 160 

M = 261:
262 262 262 262 261 261 261 261 261 229 229 229 229 229 229 229 229 229 229 229 229 229 229 229 229 229 229 229 229 229 229 229 229 261 261 261 261 261 261 229 229 229 229 229 229 229 229 229 261 261 261 261 261 261 261 261 261 261 261 261 261 261 261 261 261 261 261 261 261 261 261 261 261 261 261 

M = 259:
259 258 258 259 259 258 258 258 258 259 259 230 230 259 259 232 232 232 232 258 258 259 259 259 259 259 259 259 259 230 230 258 258 232 232 258 258 259 259 258 258 258 258 259 259 259 259 259 259 258 258 259 259 

M = 267:
269 269 269 269 269 269 269 267 267 267 267 267 267 267 267 267 267 267 267 267 267 267 267 267 267 267 267 267 267 267 267 267 267 267 267 267 267 267 267 267 267 267 267 267 267 267 267 267 147 147 147 147 147 147 147 147 147 147 274 274 274 274 264 264 

M = 411:
410 410 410 410 410 410 410 410 411 411 411 411 411 411 411 411 368 368 

M = 412:
408 408 408 408 409 409 409 409 408 408 408 408 390 390 390 412 412 412 412 412 412 412 412 412 412 412 412 412 412 412 412 412 412 412 412 365 365 385 385 365 365 385 385 

M = 178:
178 178 178 178 178 178 178 178 178 178 178 178 178 178 178 178 178 178 178 178 178 178 178 182 182 182 182 179 179 182 182 

M = 281:
303 303 303 303 303 303 303 303 303 303 303 303 284 284 284 283 283 283 300 300 300 300 300 300 284 284 284 300 300 300 284 284 284 284 284 284 300 300 300 300 300 300 300 300 300 300 300 300 283 283 283 300 300 300 300 300 300 283 283 283 284 284 284 356 356 356 300 300 300 356 356 356 284 284 284 300 300 300 284 284 284 284 284 284 284 284 284 356 356 356 300 300 300 356 356 356 284 284 284 284 284 284 283 283 283 313 313 278 278 319 319 319 319 278 278 312 312 281 317 317 313 313 317 317 319 319 277 277 281 281 281 281 281 281 313 313 278 278 313 313 313 313 277 277 313 313 281 281 281 281 281 281 281 281 281 281 312 312 277 277 281 281 317 317 313 313 281 281 281 281 313 313 317 317 319 319 317 317 313 313 277 277 281 281 319 319 278 278 278 278 312 312 281 281 281 281 317 317 281 281 

M = 419:
379 379 379 379 379 379 378 378 378 379 379 379 379 379 379 419 419 419 419 419 400 400 399 399 419 419 399 399 399 399 419 419 400 400 399 399 400 400 400 400 419 419 345 345 399 399 419 419 419 419 400 400 399 399 400 400 419 419 399 399 345 345 345 345 399 399 419 419 

M = 220:
218 218 218 218 218 218 218 218 218 217 217 217 217 217 217 217 217 215 215 215 215 215 142 142 142 142 142 215 215 215 215 215 142 142 142 142 142 220 220 220 220 220 220 220 220 220 220 220 220 220 220 220 220 220 220 220 220 220 220 220 220 220 220 220 140 140 140 140 220 220 220 220 220 220 220 220 220 220 220 220 220 220 220 220 171 171 171 171 171 171 171 171 171 172 172 172 172 172 172 171 171 171 171 171 171 141 141 141 

