178 180 
178 266 
178 182 
147 178 
178 261 
146 178 
150 178 
178 229 
180 182 
147 180 
438 440 
439 440 
440 441 
436 440 
440 443 
438 439 
438 441 
436 438 
147 266 
146 266 
266 268 
182 261 
182 229 
326 329 
119 120 
120 123 
120 208 
144 147 
146 147 
147 268 
147 150 
439 441 
436 439 
290 317 
290 318 
290 293 
290 443 
290 296 
283 290 
284 290 
281 290 
317 318 
293 317 
296 317 
119 123 
258 259 
259 261 
229 259 
258 261 
150 258 
123 136 
293 318 
296 318 
293 296 
293 300 
281 293 
142 144 
144 146 
229 261 
436 441 
441 443 
123 208 
142 146 
362 443 
146 268 
146 150 
150 268 
296 300 
281 296 
283 284 
281 283 
281 284 
