164 165 
162 164 
164 167 
161 164 
164 249 
165 190 
165 194 
162 165 
165 167 
165 248 
165 249 
147 265 
146 265 
178 265 
265 267 
265 266 
262 265 
177 265 
148 265 
194 245 
244 245 
245 248 
190 194 
190 219 
190 218 
190 193 
190 217 
167 190 
172 190 
146 147 
147 178 
147 267 
147 266 
147 262 
147 177 
147 148 
146 178 
146 267 
146 266 
146 177 
146 148 
194 219 
193 194 
194 244 
178 181 
181 262 
177 181 
181 182 
218 219 
193 219 
217 219 
178 267 
178 266 
178 262 
177 178 
178 182 
148 178 
193 218 
217 218 
266 267 
262 267 
177 267 
267 274 
148 267 
262 266 
148 266 
280 281 
281 293 
281 290 
281 284 
356 359 
284 356 
162 167 
161 162 
162 251 
167 172 
161 167 
172 274 
177 262 
259 262 
182 262 
148 262 
274 280 
280 284 
290 293 
248 250 
248 251 
248 249 
438 440 
439 440 
434 440 
440 441 
436 440 
438 439 
434 438 
438 441 
436 438 
177 182 
148 177 
274 303 
303 305 
301 303 
434 439 
439 441 
436 439 
284 290 
274 301 
161 251 
250 251 
249 250 
249 251 
301 305 
325 326 
326 329 
434 441 
434 436 
325 441 
325 329 
436 441 
