M = 401 432 
393 440 | 345 370 | 347 349 | 439 440 | 339 342 | 412 414 | 392 440 | 372 419 | 435 443 | 346 370 | 440 443 | 346 370 | 440 443 | 346 370 | 342 346 | 435 443 | 339 407 | 355 362 | 370 450 | 345 346 | 393 440 | 351 453 | 404 408 | 341 375 | 396 443 | 346 370 | 339 342 | 393 440 | 388 434 | 401 403 | 

M = 152 167 
164 165 | 146 267 | 242 243 | 145 267 | 182 231 | 196 242 | 162 164 | 149 262 | 150 267 | 196 242 | 165 190 | 146 267 | 146 267 | 196 242 | 242 244 | 146 267 | 147 267 | 243 245 | 152 259 | 242 245 | 193 242 | 146 267 | 146 267 | 193 242 | 196 242 | 146 267 | 128 194 | 194 242 | 228 259 | 146 267 | 194 242 | 

FREQUENCIES
267: 11
242: 11
146: 8
440: 7
346: 6
370: 6
443: 5
196: 4
339: 3
194: 3
393: 3
342: 3
401: 3
152: 2
193: 2
259: 2
345: 2
245: 2
243: 2
164: 2
165: 2
435: 2
432: 2
150: 1
450: 1
190: 1
392: 1
396: 1
231: 1
407: 1
453: 1
228: 1
182: 1
347: 1
403: 1
341: 1
128: 1
362: 1
349: 1
388: 1
408: 1
147: 1
145: 1
351: 1
149: 1
262: 1
167: 1
162: 1
244: 1
375: 1
404: 1
414: 1
355: 1
412: 1
439: 1
434: 1
372: 1
419: 1
