D102m2.txt,0, | 171 190 220 | 278 299 303 | 175 178 267 | ,Score: 0

D106m3.txt,0, | 128 132 194 | 178 261 265 | 336 403 406 | ,Score: 0

D107m0.txt,0, | 296 311 318 | 196 245 248 | 123 127 208 | ,Score: 0

D110m2.txt,0, | 122 124 138 | 419 421 427 | 275 280 283 | ,Score: 0

D202m2.txt,0, | 325 331 401 | 157 165 249 | 297 299 314 | ,Score: 0

D203m5.txt,0, | 344 346 375 | 165 190 194 | 346 349 370 | ,Score: 0

D204m0.txt,0, | 157 235 237 | 130 194 220 | 157 163 167 | ,Score: 0

D206m2.txt,0, | 194 242 244 | 285 290 443 | 165 190 194 | ,Score: 0

D210m8.txt,0, | 122 135 141 | 157 164 249 | 146 178 266 | ,Score: 0

D214m3.txt,0, | 178 181 261 | 147 262 266 | 388 391 412 | ,Score: 0

D215m7.txt,0, | 145 146 178 | 178 182 261 | 123 127 208 | ,Score: 0

D216m1.txt,0, | 157 235 250 | 293 299 313 | 142 144 146 | ,Score: 0

D217m3.txt,0, | 291 313 316 | 281 290 296 | 146 178 266 | ,Score: 0

D218m7.txt,0, | 196 242 248 | 190 193 219 | 124 127 135 | ,Score: 0

D221m4.txt,0, | 165 167 190 | 123 134 139 | 196 245 248 | ,Score: 0

D222m6.txt,0, | 274 278 302 | 436 438 441 | 299 302 309 | ,Score: 0

D228m5.txt,0, | 163 165 167 | 145 177 265 | 157 164 249 | ,Score: 0

D229m1.txt,0, | 266 268 271 | 237 240 249 | 146 265 268 | ,Score: 0

D231m7.txt,0, | 165 191 194 | 158 249 251 | 147 179 262 | ,Score: 0

D239m5.txt,0, | 179 261 265 | 281 293 297 | 165 190 194 | ,Score: 0

D301m9.txt,0, | 146 178 267 | 165 167 190 | 194 243 246 | ,Score: 0

D302m1.txt,0, | 179 261 265 | 146 178 265 | 163 165 249 | ,Score: 0

D304m4.txt,0, | 272 274 278 | 232 258 261 | 278 297 301 | ,Score: 0

D305m1.txt,0, | 385 388 412 | 391 438 440 | 147 178 263 | ,Score: 0

D306m2.txt,0, | 145 178 267 | 165 190 194 | 123 135 139 | ,Score: 0

D307m2.txt,0, | 146 178 267 | 128 193 241 | 267 270 273 | ,Score: 0

D308m5.txt,0, | 239 249 251 | 299 302 311 | 123 127 208 | ,Score: 0

D310m9.txt,0, | 194 196 245 | 123 124 127 | 123 134 139 | ,Score: 0

D311m8.txt,0, | 158 163 251 | 272 278 303 | 197 241 249 | ,Score: 0

D312m9.txt,0, | 279 301 306 | 194 196 244 | 157 164 249 | ,Score: 0

D313m5.txt,0, | 146 178 267 | 388 411 415 | 388 408 411 | ,Score: 0

D314m8.txt,0, | 146 150 178 | 281 290 297 | 241 248 249 | ,Score: 0

D315m6.txt,0, | 130 190 194 | 193 239 242 | 163 249 251 | ,Score: 0

D317m4.txt,0, | 290 296 318 | 177 182 262 | 324 331 401 | ,Score: 0

D318m3.txt,0, | 124 127 135 | 165 190 194 | 164 165 249 | ,Score: 0

D319m6.txt,0, | 147 179 262 | 165 190 194 | 146 178 266 | ,Score: 0

D320m3.txt,0, | 201 237 251 | 157 165 249 | 122 123 132 | ,Score: 0

D321m1.txt,0, | 157 235 250 | 312 316 319 | 123 127 135 | ,Score: 0

D322m0.txt,0, | 274 278 301 | 165 190 240 | 163 249 251 | ,Score: 0

D323m1.txt,0, | 336 339 408 | 123 127 208 | 390 408 412 | ,Score: 0

D324m6.txt,0, | 193 196 242 | 158 161 251 | 235 249 250 | ,Score: 0

D325m0.txt,0, | 292 299 311 | 163 165 249 | 123 127 135 | ,Score: 0

D326m0.txt,0, | 119 122 124 | 178 262 267 | 163 249 251 | ,Score: 0

D327m7.txt,0, | 146 178 264 | 337 341 405 | 165 190 194 | ,Score: 0

D328m3.txt,0, | 388 408 411 | 165 190 194 | 336 339 408 | ,Score: 0

D329m7.txt,0, | 194 241 246 | 165 190 194 | 161 164 167 | ,Score: 0

D330m1.txt,0, | 146 178 267 | 201 237 251 | 169 194 220 | ,Score: 0

D331m0.txt,0, | 157 162 165 | 128 131 193 | 146 178 266 | ,Score: 0

D332m4.txt,0, | 299 301 303 | 177 182 261 | 134 193 219 | ,Score: 0

D333m4.txt,0, | 122 132 135 | 157 164 249 | 190 193 240 | ,Score: 0

D403m6.txt,0, | 339 341 406 | 163 165 169 | 336 339 407 | ,Score: 0

D407m5.txt,0, | 330 336 403 | 178 262 266 | 165 190 194 | ,Score: 0

D408m8.txt,0, | 147 178 266 | 436 438 441 | 167 172 190 | ,Score: 0

D409m5.txt,0, | 396 403 419 | 421 423 426 | 146 178 266 | ,Score: 0

D410m1.txt,0, | 123 126 208 | 165 190 194 | 178 262 267 | ,Score: 0

D413m2.txt,0, | 167 172 190 | 194 243 245 | 158 235 250 | ,Score: 0

D414m2.txt,0, | 267 269 274 | 177 262 267 | 165 190 194 | ,Score: 0

D415m4.txt,0, | 164 165 249 | 130 190 219 | 161 163 251 | ,Score: 0

D420m0.txt,0, | 165 240 249 | 157 163 250 | 194 240 243 | ,Score: 0

D421m7.txt,0, | 201 233 235 | 196 237 248 | 196 242 244 | ,Score: 0

D428m7.txt,0, | 190 194 219 | 163 165 167 | 143 146 177 | ,Score: 0

D430m7.txt,0, | 163 164 167 | 128 131 134 | 188 215 220 | ,Score: 0

D431m9.txt,0, | 193 240 242 | 178 262 267 | 125 135 212 | ,Score: 0

D438m9.txt,0, | 146 177 179 | 157 165 249 | 434 440 443 | ,Score: 0

D450m5.txt,0, | 201 237 251 | 123 127 208 | 193 197 241 | ,Score: 0

D453m0.txt,0, | 194 196 242 | 158 249 251 | 146 265 271 | ,Score: 0

D459m2.txt,0, | 147 265 268 | 354 356 428 | 165 190 194 | ,Score: 0

D462m1.txt,0, | 193 241 242 | 326 329 334 | 147 262 265 | ,Score: 0

D463m0.txt,0, | 267 268 274 | 165 190 240 | 197 241 249 | ,Score: 0

D464m0.txt,0, | 157 164 167 | 120 122 208 | 165 190 194 | ,Score: 0

