M = 206 235 237 
206 205 235 | 206 205 203 | 206 205 208 | 206 235 203 | 205 235 203 | 251 158 235 | 251 158 237 | 251 235 237 | 251 237 248 | 127 128 197 | 128 237 197 | 158 235 237 | 237 248 197 | 

M = 267 148 178 
274 267 269 | 146 267 266 | 146 267 269 | 146 267 175 | 146 267 148 | 146 267 178 | 146 266 269 | 146 266 148 | 146 266 178 | 146 269 148 | 146 175 148 | 146 175 178 | 146 148 178 | 146 148 179 | 146 178 179 | 267 266 269 | 267 266 148 | 267 266 178 | 267 269 148 | 267 175 148 | 267 175 178 | 266 269 148 | 266 148 178 | 171 175 172 | 175 148 178 | 180 178 182 | 180 178 179 | 180 182 179 | 148 178 179 | 178 182 179 | 

M = 303 299 278 
274 303 301 | 274 303 278 | 274 303 302 | 274 301 277 | 274 301 278 | 274 301 302 | 274 277 278 | 274 277 172 | 274 277 302 | 274 278 302 | 303 301 305 | 303 301 299 | 303 301 278 | 303 301 302 | 303 305 299 | 303 305 302 | 303 299 302 | 303 278 302 | 301 305 299 | 301 305 302 | 301 296 299 | 301 296 302 | 301 299 278 | 301 299 302 | 301 277 278 | 301 277 302 | 301 278 302 | 305 299 311 | 305 299 302 | 305 311 302 | 293 296 299 | 293 296 290 | 293 296 281 | 293 290 281 | 296 299 311 | 296 299 302 | 296 311 302 | 296 290 281 | 299 278 302 | 299 311 302 | 440 438 439 | 277 278 302 | 277 278 284 | 277 278 281 | 277 284 281 | 278 284 281 | 290 284 281 | 

M = 137 123 213 
141 139 220 | 141 139 137 | 141 139 213 | 141 220 213 | 141 122 137 | 141 122 213 | 141 137 213 | 171 190 220 | 171 190 219 | 171 190 172 | 171 220 219 | 127 128 124 | 127 208 123 | 127 208 124 | 127 123 124 | 190 220 219 | 139 220 219 | 139 220 213 | 139 219 213 | 139 137 123 | 139 137 213 | 139 123 213 | 220 219 213 | 122 208 123 | 122 208 124 | 122 137 123 | 122 137 213 | 122 123 124 | 122 123 213 | 208 123 124 | 

