D102m2.txt,29, | 139 141 220 | 274 301 303 | 203 205 206 | ,Score: 50.3498

D106m3.txt,22, | 193 194 242 | 146 265 269 | 329 331 336 | ,Score: 27.1261

D107m0.txt,24, | 335 336 339 | 242 245 248 | 122 123 124 | ,Score: 40.6161

D110m2.txt,26, | 119 123 124 | 359 360 364 | 282 283 286 | ,Score: 25.2861

D202m2.txt,22, | 377 379 380 | 241 242 248 | 297 299 314 | ,Score: 36.7521

D203m5.txt,20, | 344 345 346 | 193 194 242 | 438 439 440 | ,Score: 24.1125

D204m0.txt,27, | 199 249 251 | 144 146 147 | 165 167 190 | ,Score: 68.9291

D206m2.txt,25, | 193 194 242 | 289 319 322 | 179 181 261 | ,Score: 54.4131

D210m8.txt,24, | 135 136 141 | 164 165 249 | 316 319 322 | ,Score: 32.6012

D214m3.txt,23, | 242 243 244 | 146 265 266 | 345 346 370 | ,Score: 34.8575

D215m7.txt,24, | 293 296 300 | 177 178 182 | 242 245 248 | ,Score: 26.0601

D216m1.txt,26, | 242 245 248 | 326 329 334 | 267 268 273 | ,Score: 24.5268

D217m3.txt,26, | 288 293 313 | 157 164 165 | 147 178 180 | ,Score: 31.725

D218m7.txt,28, | 161 164 167 | 130 134 219 | 147 262 263 | ,Score: 38.3209

D221m4.txt,26, | 146 264 266 | 123 124 127 | 242 243 244 | ,Score: 36.1721

D222m6.txt,22, | 242 243 245 | 336 339 408 | 299 303 309 | ,Score: 25.8375

D228m5.txt,25, | 130 194 219 | 177 261 265 | 341 377 379 | ,Score: 20.8301

D229m1.txt,26, | 265 266 268 | 165 248 249 | 120 124 208 | ,Score: 58.7059

D231m7.txt,26, | 391 438 440 | 165 248 249 | 178 181 261 | ,Score: 36.3319

D239m5.txt,27, | 178 180 181 | 439 440 441 | 242 243 244 | ,Score: 50.3151

D301m9.txt,23, | 146 178 265 | 336 337 403 | 242 243 246 | ,Score: 26.6638

D302m1.txt,19, | 178 261 265 | 146 178 265 | 164 165 167 | ,Score: 41.2353

D304m4.txt,20, | 267 272 274 | 237 249 251 | 281 293 297 | ,Score: 20.3963

D305m1.txt,20, | 385 408 412 | 281 284 290 | 147 178 180 | ,Score: 23.5265

D306m2.txt,30, | 146 266 268 | 196 237 239 | 139 218 219 | ,Score: 28.7833

D307m2.txt,26, | 146 147 268 | 194 241 243 | 356 359 361 | ,Score: 29.4482

D308m5.txt,28, | 242 245 248 | 301 303 305 | 126 206 208 | ,Score: 69.3935

D310m9.txt,21, | 336 337 408 | 177 178 180 | 130 134 219 | ,Score: 14.6833

D311m8.txt,25, | 165 248 249 | 299 303 305 | 242 245 248 | ,Score: 49.154

D312m9.txt,26, | 279 303 306 | 194 196 242 | 164 165 249 | ,Score: 38.0773

D313m5.txt,18, | 146 266 267 | 345 346 370 | 388 408 410 | ,Score: 20.9652

D314m8.txt,26, | 147 178 180 | 290 317 318 | 242 245 248 | ,Score: 27.208

D315m6.txt,24, | 178 182 261 | 193 239 242 | 438 439 440 | ,Score: 27.6028

D317m4.txt,22, | 290 292 293 | 177 178 180 | 336 339 403 | ,Score: 30.215

D318m3.txt,22, | 124 126 127 | 193 194 242 | 408 410 411 | ,Score: 31.7142

D319m6.txt,20, | 147 178 180 | 243 244 245 | 146 147 268 | ,Score: 33.9605

D320m3.txt,27, | 206 235 237 | 241 242 245 | 146 266 268 | ,Score: 24.3909

D321m1.txt,29, | 158 163 251 | 312 316 319 | 123 134 136 | ,Score: 45.6735

D322m0.txt,24, | 146 266 268 | 165 167 190 | 206 235 237 | ,Score: 39.321

D323m1.txt,17, | 336 337 339 | 120 123 208 | 407 410 412 | ,Score: 23.0363

D324m6.txt,22, | 193 194 242 | 345 346 347 | 204 235 237 | ,Score: 23.5049

D325m0.txt,26, | 293 297 300 | 196 242 245 | 146 265 268 | ,Score: 45.4049

D326m0.txt,26, | 119 120 122 | 284 286 288 | 242 245 248 | ,Score: 29.5488

D327m7.txt,28, | 146 178 264 | 341 376 405 | 242 243 244 | ,Score: 37.1603

D328m3.txt,17, | 408 409 410 | 165 190 194 | 336 337 409 | ,Score: 40.3936

D329m7.txt,20, | 194 242 246 | 165 190 194 | 146 265 268 | ,Score: 50.4698

D330m1.txt,25, | 146 266 268 | 157 235 251 | 242 243 244 | ,Score: 54.0239

D331m0.txt,24, | 159 162 251 | 128 131 194 | 177 261 265 | ,Score: 18.712

D332m4.txt,22, | 318 319 322 | 146 147 266 | 165 190 194 | ,Score: 28.798

D333m4.txt,24, | 146 147 178 | 329 330 334 | 194 242 244 | ,Score: 44.1705

D403m6.txt,17, | 339 341 415 | 164 165 168 | 336 339 407 | ,Score: 32.9002

D407m5.txt,26, | 336 339 403 | 146 265 266 | 193 194 242 | ,Score: 39.0043

D408m8.txt,27, | 146 265 266 | 281 290 293 | 165 248 249 | ,Score: 42.806

D409m5.txt,21, | 335 336 403 | 421 423 426 | 193 194 242 | ,Score: 38.6119

D410m1.txt,28, | 135 136 140 | 194 242 243 | 146 178 265 | ,Score: 50.3497

D413m2.txt,23, | 293 297 300 | 242 243 245 | 119 123 124 | ,Score: 48.1248

D414m2.txt,25, | 146 267 268 | 146 264 267 | 164 165 249 | ,Score: 50.2695

D415m4.txt,23, | 165 167 190 | 146 178 267 | 158 249 251 | ,Score: 38.733

D420m0.txt,11, | 165 248 249 | 157 165 249 | 194 243 244 | ,Score: 32.4054

D421m7.txt,27, | 299 305 311 | 127 130 197 | 242 245 248 | ,Score: 47.3598

D428m7.txt,23, | 165 190 191 | 163 164 165 | 177 180 262 | ,Score: 42.3239

D430m7.txt,25, | 164 165 167 | 130 131 134 | 146 175 178 | ,Score: 40.0503

D431m9.txt,26, | 241 242 244 | 312 317 318 | 142 143 146 | ,Score: 35.8458

D438m9.txt,29, | 119 120 122 | 164 165 167 | 434 440 443 | ,Score: 58.4806

D450m5.txt,26, | 158 249 251 | 123 127 134 | 299 303 305 | ,Score: 42.6633

D453m0.txt,18, | 242 243 245 | 158 250 251 | 146 265 270 | ,Score: 29.5502

D459m2.txt,25, | 146 147 265 | 341 344 379 | 242 245 248 | ,Score: 32.0544

D462m1.txt,25, | 242 243 244 | 336 339 403 | 144 146 147 | ,Score: 36.9632

D463m0.txt,26, | 316 319 323 | 165 248 249 | 119 120 124 | ,Score: 27.541

D464m0.txt,26, | 336 407 408 | 119 122 123 | 194 242 244 | ,Score: 29.5441

