127mGLU: 02,04,06,07,08,09,10,11,16,17,18,22,26|13|6.47
248mALA: 01,03,04,06,08,11,14,16,17,22,26,27|12|5.4361
206mALA: 01,02,03,06,07,08,14,16,17,18,26|11|6.3273
204mGLU: 01,02,03,04,07,14,16,17,18,26,27|11|3.6206
206mGLY: 01,02,03,06,07,08,14,16,17,18,26|11|6.6032
206mVAL: 01,02,03,06,07,08,14,16,17,18,26|11|5.5519
206mGLU: 01,02,03,06,07,08,14,16,17,18,26|11|7.9712
206mASN: 01,02,03,06,07,08,14,16,17,18,26|11|3.8205
245mGLU: 02,03,04,06,08,11,12,16,26,27|10|8.9675
245mSER: 02,03,04,06,08,11,12,16,26,27|10|5.1694
245mASN: 02,03,04,06,08,11,12,16,26,27|10|5.7117
245mGLY: 02,03,04,06,08,11,12,16,26,27|10|7.3364
245mHIS: 02,03,04,06,08,11,12,16,26,27|10|5.5092
245mTHR: 02,03,04,06,08,11,12,16,26,27|10|7.725
205mGLU: 01,03,07,08,10,14,16,17,18,26|10|8.5317
201mSER: 01,02,03,07,14,16,18,26,27|9|2.5356
201mGLY: 01,02,03,07,14,16,18,26,27|9|3.9623
201mASP: 01,02,03,07,14,16,18,26,27|9|5.0229
201mTHR: 01,02,03,07,14,16,18,26,27|9|3.8437
201mGLN: 01,02,03,07,14,16,18,26,27|9|3.5234
201mGLU: 01,02,03,07,14,16,18,26,27|9|5.5947
201mASN: 01,02,03,07,14,16,18,26,27|9|2.3587
201mVAL: 01,02,03,07,14,16,18,26,27|9|3.884
197mASN: 03,06,08,11,16,17,18,22|8|3.3692
124mVAL: 07,08,09,10,16,17,18,22|8|1.5543
251mGLY: 01,03,04,07,14,16,26,27|8|5.2459
197mGLU: 03,06,08,11,16,17,18,22|8|4.6076
197mHIS: 03,06,08,11,16,17,18,22|8|3.7324
251mALA: 01,03,04,07,14,16,26,27|8|4.6196
158mASN: 01,03,04,07,14,16,19,27|8|4.2557
124mTHR: 07,08,09,10,16,17,18,22|8|1.8454
251mTHR: 01,03,04,07,14,16,26,27|8|5.3763
158mGLU: 01,03,04,07,14,16,19,27|8|9.2801
124mGLU: 07,08,09,10,16,17,18,22|8|3.1653
251mLEU: 01,03,04,07,14,16,26,27|8|5.043
124mLEU: 07,08,09,10,16,17,18,22|8|1.3051
197mMET: 03,06,08,11,16,17,18,22|8|4.1755
251mMET: 01,03,04,07,14,16,26,27|8|3.1367
158mGLY: 01,03,04,07,14,16,19,27|8|6.7085
251mGLU: 01,03,04,07,14,16,26,27|8|7.1806
197mGLY: 03,06,08,11,16,17,18,22|8|3.9627
251mSER: 01,03,04,07,14,16,26,27|8|3.0579
244mGLU: 02,04,06,08,09,11,12,26|8|3.9306
251mVAL: 01,03,04,07,14,16,26,27|8|3.8923
197mSER: 03,06,08,11,16,17,18,22|8|2.9569
158mTHR: 01,03,04,07,14,16,19,27|8|7.179
251mASP: 01,03,04,07,14,16,26,27|8|6.2458
251mTRP: 01,03,04,07,14,16,26,27|8|2.7548
251mGLN: 01,03,04,07,14,16,26,27|8|4.6402
158mSER: 01,03,04,07,14,16,19,27|8|4.5288
197mGLN: 03,06,08,11,16,17,18,22|8|3.7551
197mTHR: 03,06,08,11,16,17,18,22|8|4.1081
237mGLU: 02,03,07,16,18,26,27|7|2.2646
119mTHR: 08,09,10,16,17,18,22|7|2.3021
119mGLU: 08,09,10,16,17,18,22|7|4.2676
134mGLY: 02,08,09,11,12,22,26|7|2.2426
130mGLN: 02,06,09,11,12,18|6|3.9592
130mGLU: 02,06,09,11,12,18|6|5.1708
130mTYR: 02,06,09,11,12,18|6|2.11
123mGLU: 08,09,10,11,18,22|6|4.0418
130mCYS: 02,06,09,11,12,18|6|5.0058
159mGLU: 01,03,04,14,19,27|6|1.7705
130mPRO: 02,06,09,11,12,18|6|4.0794
130mLEU: 02,06,09,11,12,18|6|4.7731
130mGLY: 02,06,09,11,12,18|6|4.2321
130mVAL: 02,06,09,11,12,18|6|4.1681
130mASN: 02,06,09,11,12,18|6|3.1118
130mALA: 02,06,09,11,12,18|6|4.2548
123mGLY: 08,09,10,11,18,22|6|2.9402
130mSER: 02,06,09,11,12,18|6|3.0331
130mASP: 02,06,09,11,12,18|6|4.9238
123mASP: 08,09,10,11,18,22|6|3.3989
130mILE: 02,06,09,11,12,18|6|3.6556
130mPHE: 02,06,09,11,12,18|6|4.3815
130mTRP: 02,06,09,11,12,18|6|3.7116
130mHIS: 02,06,09,11,12,18|6|2.2584
130mTHR: 02,06,09,11,12,18|6|4.0518
130mMET: 02,06,09,11,12,18|6|2.6183
235mPHE: 01,04,07,14,27|5|3.5784
235mGLU: 01,04,07,14,27|5|4.1663
136mALA: 09,10,11,18,22|5|1.9096
235mALA: 01,04,07,14,27|5|3.7268
235mVAL: 01,04,07,14,27|5|3.1838
235mTRP: 01,04,07,14,27|5|2.9741
235mCYS: 01,04,07,14,27|5|5.4013
235mHIS: 01,04,07,14,27|5|1.5044
235mGLY: 01,04,07,14,27|5|3.2964
235mILE: 01,04,07,14,27|5|3.1469
136mGLU: 09,10,11,18,22|5|2.9459
235mPRO: 01,04,07,14,27|5|3.3521
235mASP: 01,04,07,14,27|5|4.2507
235mGLN: 01,04,07,14,27|5|3.3221
136mASP: 09,10,11,18,22|5|1.0986
136mTHR: 09,10,11,18,22|5|2.5151
235mLEU: 01,04,07,14,27|5|4.1631
235mTHR: 01,04,07,14,27|5|3.3479
235mMET: 01,04,07,14,27|5|2.2354
235mASN: 01,04,07,14,27|5|1.8299
235mSER: 01,04,07,14,27|5|1.9762
136mILE: 09,10,11,18,22|5|1.1113
196mGLN: 02,06,09,11|4|2.4256
203mGLU: 01,07,14,27|4|1.2151
196mALA: 02,06,09,11|4|2.2073
157mGLY: 01,03,14,27|4|1.6708
157mALA: 01,03,14,27|4|1.4748
196mGLU: 02,06,09,11|4|3.4799
243mGLY: 03,06,12,27|4|1.0036
196mVAL: 02,06,09,11|4|2.3657
157mSER: 01,03,14,27|4|1.0473
196mPHE: 02,06,09,11|4|2.1038
157mLEU: 01,03,14,27|4|1.4842
196mMET: 02,06,09,11|4|1.4943
196mSER: 02,06,09,11|4|1.8864
196mASN: 02,06,09,11|4|2.1852
196mTHR: 02,06,09,11|4|2.6319
157mHIS: 01,03,14,27|4|1.0301
196mCYS: 02,06,09,11|4|3.0392
157mGLU: 01,03,14,27|4|1.4603
157mGLN: 01,03,14,27|4|1.1719
208mCYS: 08,10,17,18|4|3.1797
196mASP: 02,06,09,11|4|3.2278
157mTHR: 01,03,14,27|4|1.1913
208mLEU: 08,10,17,18|4|1.2685
196mILE: 02,06,09,11|4|1.9298
196mLEU: 02,06,09,11|4|2.3318
208mTHR: 08,10,17,18|4|1.151
196mGLY: 02,06,09,11|4|2.5113
196mHIS: 02,06,09,11|4|1.2765
196mPRO: 02,06,09,11|4|2.3877
120mASP: 10,17,18,22|4|1.1278
196mTRP: 02,06,09,11|4|1.8064
208mGLU: 08,10,17,18|4|1.7689
120mGLU: 10,17,18,22|4|1.7602
196mTYR: 02,06,09,11|4|1.0908
268mILE: 13,20,24|3|2.5771
268mGLU: 13,20,24|3|4.323
241mASP: 09,11,12|3|1.5565
268mMET: 13,20,24|3|2.7196
268mASN: 13,20,24|3|2.4826
241mGLY: 09,11,12|3|1.2442
232mHIS: 01,14,19|3|1.2998
268mALA: 13,20,24|3|3.2672
232mLEU: 01,14,19|3|2.9067
232mILE: 01,14,19|3|2.2236
233mCYS: 01,14,19|3|1.9873
232mGLN: 01,14,19|3|2.3918
268mPHE: 13,20,24|3|2.7122
241mCYS: 09,11,12|3|1.6811
268mGLN: 13,20,24|3|3.4136
266mASN: 13,20,24|3|1.984
232mCYS: 01,14,19|3|3.7589
232mVAL: 01,14,19|3|2.1452
268mLEU: 13,20,24|3|3.761
266mSER: 13,20,24|3|1.8985
266mGLU: 13,20,24|3|3.5234
241mALA: 09,11,12|3|1.3461
268mVAL: 13,20,24|3|3.3455
268mSER: 13,20,24|3|2.7037
232mASN: 01,14,19|3|1.3389
266mVAL: 13,20,24|3|1.2154
232mASP: 01,14,19|3|2.846
232mGLU: 01,14,19|3|2.9735
232mPHE: 01,14,19|3|2.3503
268mTRP: 13,20,24|3|2.8766
268mGLY: 13,20,24|3|3.7603
232mALA: 01,14,19|3|2.6384
266mTHR: 13,20,24|3|2.8462
232mPRO: 01,14,19|3|2.0752
268mASP: 13,20,24|3|3.8015
232mTRP: 01,14,19|3|2.0852
241mGLU: 09,11,12|3|1.0911
268mTHR: 13,20,24|3|3.4697
232mGLY: 01,14,19|3|2.4016
266mGLN: 13,20,24|3|1.5002
232mTHR: 01,14,19|3|2.4941
232mMET: 01,14,19|3|1.8429
266mGLY: 13,20,24|3|2.3978
241mLEU: 09,11,12|3|1.3099
232mSER: 01,14,19|3|1.5025
263mGLU: 19,20,24|3|2.1447
266mHIS: 13,20,24|3|1.1667
268mHIS: 13,20,24|3|2.5111
182mPRO: 10,20|2|1.0266
441mVAL: 21,23|2|1.1765
301mASP: 21,23|2|1.399
305mTHR: 13,24|2|2.0367
182mLEU: 10,20|2|1.0047
297mTHR: 21,23|2|2.3522
293mHIS: 21,23|2|1.7908
293mGLN: 21,23|2|1.4548
296mGLU: 21,23|2|1.6879
258mTHR: 19,24|2|1.5707
297mGLN: 21,23|2|2.1696
156mPRO: 01,19|2|1.2121
293mGLY: 21,23|2|2.1888
311mASP: 21,23|2|1.572
261mILE: 19,20|2|1.1543
156mTHR: 01,19|2|1.3725
301mTHR: 21,23|2|1.462
440mLEU: 21,23|2|1.0895
293mGLU: 21,23|2|1.5343
156mLEU: 01,19|2|1.0244
440mLYS: 21,23|2|1.0426
311mGLY: 21,23|2|1.4377
306mGLY: 13,24|2|1.0158
301mMET: 21,23|2|1.1374
182mASP: 10,20|2|1.8906
301mCYS: 21,23|2|2.083
122mLEU: 10,22|2|1.2137
297mASN: 21,23|2|1.4694
182mTHR: 10,20|2|1.2324
297mTRP: 21,23|2|1.9791
146mCYS: 13,20|2|1.6005
439mSER: 21,23|2|1.2759
297mSER: 21,23|2|1.2128
305mCYS: 13,24|2|1.5181
297mGLU: 21,23|2|2.6193
146mGLY: 13,20|2|1.7354
156mGLY: 01,19|2|1.0701
440mSER: 21,23|2|1.2066
293mASN: 21,23|2|1.5758
297mILE: 21,23|2|2.0469
305mILE: 13,24|2|1.5259
258mGLU: 19,24|2|1.6887
301mPHE: 21,23|2|1.5182
261mHIS: 19,20|2|1.6116
297mMET: 21,23|2|1.9834
441mALA: 21,23|2|1.4757
182mGLU: 10,20|2|1.6843
181mASP: 10,20|2|1.3001
146mASN: 13,20|2|1.2963
146mTHR: 13,20|2|2.317
441mGLY: 21,23|2|1.441
261mALA: 19,20|2|1.4936
441mLYS: 21,23|2|1.2162
181mGLU: 10,20|2|1.5168
156mGLN: 01,19|2|1.3121
261mMET: 19,20|2|1.5345
293mMET: 21,23|2|1.5262
303mGLU: 13,21|2|1.0998
261mGLY: 19,20|2|1.863
441mHIS: 21,23|2|1.2025
301mLEU: 21,23|2|1.505
293mLEU: 21,23|2|1.4605
297mHIS: 21,23|2|1.2448
297mPRO: 21,23|2|1.8303
440mALA: 21,23|2|1.4862
122mMET: 10,22|2|1.0409
440mGLY: 21,23|2|1.4328
297mVAL: 21,23|2|2.1176
297mGLY: 21,23|2|1.6967
182mCYS: 10,20|2|2.4286
181mCYS: 10,20|2|2.2841
297mALA: 21,23|2|1.8114
156mGLU: 01,19|2|1.8362
182mALA: 10,20|2|1.1197
441mSER: 21,23|2|1.0474
261mASP: 19,20|2|1.4699
440mILE: 21,23|2|1.2009
181mTHR: 10,20|2|1.0245
122mVAL: 10,22|2|1.0614
156mVAL: 01,19|2|1.1334
299mGLU: 21,23|2|1.4124
156mCYS: 01,19|2|1.9201
293mTHR: 21,23|2|1.7262
261mLEU: 19,20|2|1.3852
296mASP: 21,23|2|1.2916
261mVAL: 19,20|2|1.5142
182mGLY: 10,20|2|1.1255
293mALA: 21,23|2|1.6421
182mGLN: 10,20|2|1.146
301mPRO: 21,23|2|1.3384
122mGLU: 10,22|2|1.419
146mGLU: 13,20|2|3.1062
122mGLN: 10,22|2|1.1179
308mGLU: 13,21|2|1.1501
306mTHR: 13,24|2|1.0494
122mTHR: 10,22|2|1.2474
301mALA: 21,23|2|1.19
311mGLU: 21,23|2|2.2617
301mILE: 21,23|2|1.3636
261mGLU: 19,20|2|2.3764
293mSER: 21,23|2|1.3885
305mPHE: 13,24|2|1.0813
283mCYS: 19,24|2|1.268
261mGLN: 19,20|2|1.5874
306mGLU: 13,24|2|1.0462
439mLYS: 21,23|2|1.6438
261mSER: 19,20|2|1.8539
440mVAL: 21,23|2|1.1022
273mGLU: 19,24|2|1.2266
261mTHR: 19,20|2|2.0021
261mTRP: 19,20|2|1.2048
261mASN: 19,20|2|1.68
305mSER: 13,24|2|1.05
301mGLU: 21,23|2|1.653
301mGLN: 21,23|2|1.3558
439mALA: 21,23|2|1.8376
297mLEU: 21,23|2|2.34
306mASN: 13,24|2|1.3041
311mTHR: 21,23|2|1.5093
440mHIS: 21,23|2|1.0427
297mASP: 21,23|2|2.054
305mASN: 13,24|2|1.3295
297mCYS: 21,23|2|2.887
293mILE: 21,23|2|1.0304
293mVAL: 21,23|2|1.6391
297mPHE: 21,23|2|2.2245
305mLEU: 13,24|2|1.2024
305mGLY: 13,24|2|1.4808
439mGLY: 21,23|2|1.2849
122mPHE: 10,22|2|1.0916
305mVAL: 13,24|2|1.6792
305mGLU: 13,24|2|2.5467
301mTRP: 21,23|2|1.2548
146mASP: 13,20|2|2.0876
156mASP: 01,19|2|1.7593
301mVAL: 21,23|2|1.3648
273mASP: 19,24|2|1.2028
305mALA: 13,24|2|1.8801
296mGLY: 21,23|2|1.0017
307mTHR: 21|1|1.0446
319mASP: 23|1|1.037
307mCYS: 21|1|1.4361
259mASN: 19|1|1.2597
341mPRO: 25|1|1.1611
307mPHE: 21|1|1.0255
424mALA: 25|1|1.19
424mTRP: 25|1|1.2548
229mCYS: 20|1|1.2374
307mGLY: 21|1|1.1132
424mCYS: 25|1|2.083
424mPRO: 25|1|1.3384
319mTHR: 23|1|1.3627
341mILE: 25|1|1.3651
341mPHE: 25|1|1.4654
341mGLY: 25|1|1.2112
341mTHR: 25|1|1.6212
424mMET: 25|1|1.1374
424mVAL: 25|1|1.3648
424mTHR: 25|1|1.462
307mALA: 21|1|1.1811
341mALA: 25|1|1.2164
257mGLU: 19|1|1.0146
403mGLU: 25|1|1.1588
226mCYS: 10|1|1.4158
424mILE: 25|1|1.3636
424mLEU: 25|1|1.505
424mGLU: 25|1|1.653
341mCYS: 25|1|1.8455
341mGLN: 25|1|1.4917
307mVAL: 21|1|1.0361
400mGLU: 25|1|1.2601
341mASN: 25|1|1.0466
424mASP: 25|1|1.399
341mVAL: 25|1|1.4352
259mTHR: 19|1|1.3247
341mASP: 25|1|1.3545
307mGLU: 21|1|1.4474
319mGLU: 23|1|1.4803
341mLEU: 25|1|1.5875
143mCYS: 13|1|1.4299
341mMET: 25|1|1.4147
307mASP: 21|1|1.2664
341mTRP: 25|1|1.3517
341mGLU: 25|1|1.7928
424mGLN: 25|1|1.3558
403mASP: 25|1|1.0061
307mLEU: 21|1|1.3825
424mPHE: 25|1|1.5182
