M = 267 273 274 
293 296 299 | 146 266 267 | 146 265 269 | 329 331 336 | 335 336 339 | 279 282 283 | 324 326 331 | 146 265 268 | 344 345 346 | 146 147 179 | 323 324 329 | 146 178 179 | 316 319 322 | 146 265 266 | 345 346 370 | 146 178 179 | 438 439 440 | 326 329 334 | 267 268 273 | 288 293 313 | 146 178 265 | 147 262 263 | 146 264 266 | 299 303 309 | 336 339 408 | 177 261 265 | 341 377 379 | 265 266 268 | 181 261 262 | 178 261 262 | 178 180 181 | 296 297 300 | 336 337 403 | 146 178 265 | 146 178 265 | 179 261 265 | 267 272 274 | 277 281 284 | 385 408 412 | 281 284 290 | 147 178 180 | 146 266 268 | 146 147 268 | 143 146 147 | 301 303 305 | 177 178 180 | 336 337 408 | 292 319 322 | 146 267 268 | 282 293 313 | 146 178 266 | 146 266 267 | 388 410 411 | 345 346 370 | 147 178 180 | 290 317 318 | 232 259 261 | 290 292 293 | 177 178 180 | 336 339 403 | 261 263 264 | 147 178 180 | 146 147 268 | 146 266 268 | 312 316 319 | 146 266 268 | 341 377 378 | 407 410 412 | 336 337 339 | 258 259 261 | 345 346 347 | 146 265 268 | 297 300 311 | 284 286 288 | 119 120 122 | 146 178 264 | 341 376 405 | 336 337 409 | 408 409 410 | 146 266 268 | 177 261 265 | 318 319 322 | 146 147 266 | 329 330 334 | 146 147 178 | 339 341 415 | 147 266 268 | 336 339 403 | 146 265 266 | 146 265 266 | 281 290 293 | 401 403 419 | 146 265 268 | 341 343 377 | 338 339 341 | 293 297 300 | 146 267 268 | 299 305 311 | 177 180 262 | 265 266 268 | 178 181 261 | 434 440 443 | 119 120 122 | 299 303 305 | 146 265 270 | 341 344 379 | 296 300 308 | 336 339 403 | 144 146 147 | 336 407 408 | 

M = 196 242 248 
203 205 206 | 242 245 248 | 122 123 124 | 119 123 124 | 201 204 206 | 194 196 242 | 194 242 245 | 242 243 244 | 242 245 248 | 242 245 248 | 127 196 197 | 242 243 244 | 194 242 245 | 201 205 208 | 165 248 249 | 194 242 244 | 242 243 244 | 242 243 246 | 194 242 244 | 196 237 239 | 194 241 242 | 126 206 208 | 165 248 249 | 242 245 248 | 242 245 248 | 123 136 139 | 123 127 134 | 243 244 245 | 157 158 251 | 132 193 197 | 194 196 242 | 204 205 206 | 194 243 245 | 120 123 208 | 196 242 245 | 242 245 248 | 242 243 244 | 201 235 251 | 242 243 244 | 128 131 194 | 194 242 244 | 165 248 249 | 119 123 124 | 242 243 245 | 242 245 248 | 123 127 208 | 242 243 244 | 158 249 251 | 123 127 134 | 242 243 245 | 158 250 251 | 242 245 248 | 242 243 244 | 119 122 123 | 194 242 244 | 

M = 165 190 194 
193 194 242 | 359 360 364 | 193 194 242 | 157 165 249 | 135 136 141 | 164 165 249 | 157 164 165 | 161 164 167 | 130 134 219 | 134 135 136 | 164 165 167 | 130 134 219 | 162 164 165 | 163 164 165 | 193 196 242 | 159 162 251 | 164 165 168 | 193 194 242 | 193 194 242 | 193 196 242 | 164 165 249 | 165 167 168 | 190 191 218 | 163 164 165 | 205 206 228 | 164 165 167 | 

FREQUENCIES
242: 35
146: 31
194: 20
165: 19
265: 16
178: 16
266: 15
268: 15
245: 15
244: 12
243: 12
248: 12
147: 12
336: 11
164: 10
123: 9
261: 9
196: 8
339: 8
341: 7
267: 7
193: 7
249: 7
180: 7
293: 6
190: 6
134: 5
403: 5
408: 5
119: 5
206: 5
177: 5
251: 5
127: 4
345: 4
346: 4
262: 4
122: 4
299: 4
319: 4
300: 4
290: 4
337: 4
179: 4
167: 4
329: 4
205: 4
208: 4
136: 3
281: 3
284: 3
264: 3
410: 3
296: 3
377: 3
303: 3
305: 3
181: 3
297: 3
157: 3
158: 3
322: 3
201: 3
120: 3
124: 3
219: 2
130: 2
135: 2
344: 2
282: 2
409: 2
263: 2
379: 2
412: 2
370: 2
292: 2
318: 2
313: 2
197: 2
273: 2
274: 2
440: 2
334: 2
331: 2
259: 2
407: 2
288: 2
311: 2
316: 2
168: 2
162: 2
163: 2
326: 2
324: 2
204: 2
126: 1
218: 1
132: 1
131: 1
139: 1
347: 1
401: 1
343: 1
283: 1
128: 1
269: 1
378: 1
411: 1
376: 1
317: 1
270: 1
272: 1
277: 1
279: 1
143: 1
415: 1
443: 1
312: 1
364: 1
360: 1
308: 1
309: 1
301: 1
246: 1
241: 1
385: 1
388: 1
419: 1
438: 1
439: 1
434: 1
338: 1
335: 1
330: 1
144: 1
258: 1
250: 1
405: 1
191: 1
228: 1
161: 1
286: 1
159: 1
239: 1
235: 1
237: 1
232: 1
323: 1
203: 1
141: 1
359: 1
