D102m2.txt,0, | 206 235 237 | 278 299 303 | 175 178 267 | ,Score: 0

D106m3.txt,0, | 128 132 194 | 178 261 265 | 157 164 249 | ,Score: 0

D107m0.txt,0, | 296 311 318 | 197 248 250 | 122 124 135 | ,Score: 0

D110m2.txt,0, | 122 124 138 | 283 286 288 | 275 280 283 | ,Score: 0

D202m2.txt,0, | 325 331 401 | 157 163 250 | 191 194 242 | ,Score: 0

D203m5.txt,0, | 165 167 190 | 130 194 219 | 345 347 370 | ,Score: 0

D204m0.txt,0, | 199 235 251 | 157 163 167 | 193 197 241 | ,Score: 0

D206mR.txt,0, | 131 194 241 | 283 288 291 | 165 190 240 | ,Score: 0

D210m8.txt,0, | 122 135 141 | 157 164 249 | 146 178 266 | ,Score: 0

D214m3.txt,0, | 178 261 265 | 388 391 412 | 181 229 261 | ,Score: 0

D215m7.txt,0, | 178 182 261 | 123 127 208 | 145 146 268 | ,Score: 0

D216m1.txt,0, | 157 235 250 | 293 299 313 | 142 144 146 | ,Score: 0

D217m3.txt,0, | 282 290 296 | 178 261 265 | 147 266 268 | ,Score: 0

D218m7.txt,0, | 147 178 262 | 229 259 262 | 130 194 220 | ,Score: 0

D221m4.txt,0, | 193 196 242 | 130 190 193 | 196 245 248 | ,Score: 0

D222m6.txt,0, | 275 302 306 | 278 299 306 | 436 438 441 | ,Score: 0

D228m5.txt,0, | 123 127 134 | 157 164 249 | 336 339 408 | ,Score: 0

D229m1.txt,0, | 157 235 237 | 146 265 268 | 165 191 240 | ,Score: 0

D231m7.txt,0, | 147 179 262 | 164 165 249 | 178 229 262 | ,Score: 0

D239m5.txt,0, | 179 261 265 | 165 190 194 | 146 178 266 | ,Score: 0

D301m9.txt,0, | 324 400 401 | 146 178 265 | 165 190 194 | ,Score: 0

D302m1.txt,0, | 178 261 265 | 163 165 249 | 179 262 265 | ,Score: 0

D304m4.txt,0, | 274 278 303 | 278 281 297 | 232 258 261 | ,Score: 0

D305m1.txt,0, | 385 388 412 | 391 438 440 | 147 178 263 | ,Score: 0

D306m2.txt,0, | 165 168 191 | 145 178 267 | 130 191 241 | ,Score: 0

D307m2.txt,0, | 146 178 267 | 128 193 241 | 143 146 177 | ,Score: 0

D308m5.txt,0, | 126 196 197 | 299 302 311 | 163 249 251 | ,Score: 0

D310m9.txt,0, | 123 127 134 | 123 134 139 | 165 190 194 | ,Score: 0

D311m8.txt,0, | 281 292 297 | 157 165 249 | 146 268 271 | ,Score: 0

D312m9.txt,0, | 282 286 293 | 279 301 306 | 157 165 249 | ,Score: 0

D313m5.txt,0, | 146 178 267 | 388 408 411 | 408 412 415 | ,Score: 0

D314m8.txt,0, | 146 150 178 | 281 290 297 | 241 248 249 | ,Score: 0

D315m6.txt,0, | 232 259 261 | 165 194 239 | 163 249 251 | ,Score: 0

D317m4.txt,0, | 290 296 318 | 177 182 262 | 324 331 401 | ,Score: 0

D318m3.txt,0, | 261 263 264 | 165 190 194 | 123 127 135 | ,Score: 0

D319m6.txt,0, | 179 262 265 | 165 190 194 | 146 178 266 | ,Score: 0

D320m3.txt,0, | 157 235 249 | 123 132 139 | 146 178 266 | ,Score: 0

D321m1.txt,0, | 157 237 250 | 157 164 167 | 203 232 235 | ,Score: 0

D322m0.txt,0, | 165 190 240 | 158 235 249 | 194 240 244 | ,Score: 0

D323m1.txt,0, | 390 408 412 | 123 127 208 | 336 339 408 | ,Score: 0

D324m6.txt,0, | 178 261 265 | 337 339 408 | 196 237 249 | ,Score: 0

D325m0.txt,0, | 292 299 311 | 163 165 249 | 297 300 311 | ,Score: 0

D326m0.txt,0, | 267 272 274 | 177 261 265 | 163 249 251 | ,Score: 0

D327m7.txt,0, | 146 178 264 | 337 341 405 | 165 190 194 | ,Score: 0

D328m3.txt,0, | 337 339 408 | 165 190 194 | 388 408 411 | ,Score: 0

D330m1.txt,0, | 146 178 267 | 125 127 135 | 165 190 194 | ,Score: 0

D331m0.txt,0, | 157 162 251 | 128 131 193 | 146 178 266 | ,Score: 0

D332m4.txt,0, | 299 301 303 | 177 182 261 | 134 193 219 | ,Score: 0

D333m4.txt,0, | 132 193 194 | 157 164 249 | 147 262 267 | ,Score: 0

D403m6.txt,0, | 163 165 169 | 336 339 406 | 147 262 266 | ,Score: 0

D407m5.txt,0, | 331 336 403 | 178 262 266 | 165 190 194 | ,Score: 0

D408m8.txt,0, | 147 178 266 | 436 438 441 | 167 172 190 | ,Score: 0

D409m5.txt,0, | 396 403 419 | 165 190 194 | 147 265 268 | ,Score: 0

D410mR.txt,0, | 341 344 378 | 335 339 403 | 126 196 199 | ,Score: 0

D413m2.txt,0, | 203 206 235 | 194 243 245 | 163 249 251 | ,Score: 0

D414m2.txt,0, | 163 165 249 | 168 172 190 | 177 262 267 | ,Score: 0

D421m7.txt,0, | 196 242 248 | 201 233 235 | 120 123 208 | ,Score: 0

D428m7.txt,0, | 191 193 219 | 143 146 177 | 165 191 240 | ,Score: 0

D430mR.txt,0, | 194 241 244 | 146 265 268 | 178 262 265 | ,Score: 0

D431m9.txt,0, | 193 196 242 | 143 146 177 | 163 249 251 | ,Score: 0

D438m9.txt,0, | 157 165 249 | 434 440 443 | 147 177 179 | ,Score: 0

D450m5.txt,0, | 299 305 308 | 196 237 249 | 123 127 208 | ,Score: 0

D453m0.txt,0, | 194 196 242 | 158 249 251 | 146 265 271 | ,Score: 0

D459m2.txt,0, | 354 356 428 | 281 293 297 | 144 146 147 | ,Score: 0

D462m1.txt,0, | 193 241 242 | 326 329 334 | 147 262 265 | ,Score: 0

D464m0.txt,0, | 157 164 167 | 120 122 208 | 165 190 194 | ,Score: 0

