M = 336 339 403 
335 336 339 | 324 326 331 | 344 345 346 | 345 346 370 | 320 325 327 | 379 418 419 | 336 337 403 | 342 343 377 | 331 333 337 | 387 407 412 | 343 345 346 | 359 451 454 | 388 410 411 | 400 401 419 | 336 408 409 | 377 378 379 | 337 339 341 | 400 401 403 | 337 405 408 | 408 409 410 | 400 401 419 | 329 335 336 | 359 360 362 | 329 334 336 | 330 335 403 | 339 341 415 | 336 339 408 | 346 349 369 | 379 419 421 | 338 339 403 | 349 451 452 | 378 379 419 | 325 326 329 | 336 407 408 | 

M = 293 296 300 
274 301 303 | 290 293 296 | 293 296 297 | 311 316 317 | 357 358 359 | 357 359 360 | 288 293 313 | 283 284 286 | 299 303 309 | 438 440 442 | 439 440 441 | 275 303 305 | 435 438 440 | 288 316 318 | 290 293 296 | 281 290 293 | 436 438 441 | 438 439 440 | 287 321 324 | 286 290 293 | 312 316 319 | 293 296 299 | 299 300 301 | 296 299 301 | 297 302 311 | 284 286 288 | 301 303 305 | 438 440 442 | 283 284 290 | 435 438 440 | 312 317 318 | 293 296 299 | 434 438 440 | 438 440 441 | 293 297 300 | 354 357 359 | 

M = 124 208 226 
178 180 182 | 125 126 206 | 119 120 123 | 205 206 235 | 265 268 271 | 232 259 261 | 119 121 123 | 265 267 268 | 267 273 274 | 123 127 208 | 126 127 196 | 178 181 261 | 145 265 268 | 190 194 219 | 122 123 208 | 178 179 182 | 157 159 251 | 178 180 182 | 178 261 265 | 259 261 262 | 135 136 141 | 127 130 134 | 145 265 267 | 126 127 130 | 134 135 136 | 162 163 167 | 157 158 159 | 158 249 251 | 158 159 251 | 191 194 240 | 248 249 251 | 181 261 262 | 178 262 263 | 178 180 181 | 178 261 265 | 136 140 215 | 178 229 261 | 126 127 197 | 229 259 261 | 178 261 263 | 217 218 220 | 177 261 262 | 123 134 136 | 167 172 190 | 158 159 162 | 190 193 194 | 157 162 167 | 267 268 272 | 178 182 261 | 178 182 261 | 203 205 206 | 122 123 208 | 177 178 180 | 258 259 261 | 123 135 136 | 134 136 140 | 178 180 262 | 157 249 251 | 249 250 251 | 158 249 251 | 158 250 251 | 123 134 136 | 193 194 219 | 121 122 124 | 119 120 122 | 178 261 264 | 180 182 262 | 205 206 235 | 178 182 261 | 158 159 162 | 193 194 219 | 178 180 262 | 122 123 135 | 178 262 267 | 178 180 262 | 178 261 265 | 178 181 182 | 178 261 265 | 163 249 251 | 249 250 251 | 158 250 251 | 178 261 264 | 264 267 268 | 178 180 262 | 143 145 177 | 178 181 261 | 267 273 274 | 119 120 122 | 157 158 159 | 157 158 251 | 158 159 251 | 265 270 271 | 190 194 219 | 166 167 190 | 261 262 265 | 119 122 123 | 180 182 262 | 

FREQUENCIES
178: 25
261: 20
251: 13
293: 12
336: 12
262: 12
158: 11
265: 10
123: 10
339: 10
180: 10
403: 9
296: 9
182: 9
440: 8
438: 8
136: 7
267: 7
249: 7
159: 7
122: 7
194: 6
157: 6
134: 5
127: 5
268: 5
299: 5
419: 5
290: 5
119: 5
300: 5
181: 5
190: 5
408: 5
359: 5
219: 4
135: 4
346: 4
126: 4
379: 4
206: 4
301: 4
303: 4
337: 4
259: 4
250: 4
167: 4
162: 4
208: 4
264: 3
288: 3
284: 3
286: 3
120: 3
297: 3
316: 3
193: 3
274: 3
441: 3
335: 3
177: 3
345: 3
401: 3
400: 3
329: 3
145: 3
205: 3
357: 3
130: 2
341: 2
343: 2
283: 2
121: 2
378: 2
410: 2
318: 2
311: 2
317: 2
271: 2
273: 2
442: 2
360: 2
305: 2
377: 2
439: 2
435: 2
451: 2
331: 2
407: 2
312: 2
229: 2
163: 2
349: 2
409: 2
235: 2
326: 2
324: 2
325: 2
140: 2
263: 2
124: 2
217: 1
215: 1
452: 1
218: 1
344: 1
342: 1
281: 1
220: 1
287: 1
454: 1
369: 1
125: 1
411: 1
412: 1
418: 1
319: 1
313: 1
196: 1
270: 1
272: 1
275: 1
415: 1
421: 1
362: 1
302: 1
309: 1
240: 1
370: 1
388: 1
248: 1
436: 1
434: 1
338: 1
330: 1
333: 1
258: 1
179: 1
172: 1
387: 1
405: 1
197: 1
191: 1
226: 1
166: 1
232: 1
320: 1
321: 1
327: 1
203: 1
143: 1
141: 1
334: 1
354: 1
358: 1
