D102m2.txt,0, | 201 208 226 | 278 281 297 | 124 127 208 | ,Score: 0

D106m3.txt,0, | 120 123 124 | 263 265 270 | 406 412 415 | ,Score: 0

D107m0.txt,0, | 296 311 318 | 203 206 235 | 124 127 135 | ,Score: 0

D110m2.txt,0, | ,Score: 0

D202m2.txt,0, | 401 403 419 | 201 233 253 | 123 127 208 | ,Score: 0

D203m5.txt,0, | 290 293 296 | 344 346 375 | 346 349 370 | ,Score: 0

D204m0.txt,0, | 171 190 219 | 297 302 307 | 127 199 210 | ,Score: 0

D206mR.txt,0, | 291 292 320 | 124 128 135 | 178 262 265 | ,Score: 0

D210m8.txt,0, | 296 314 317 | 317 321 324 | 177 262 267 | ,Score: 0

D214m3.txt,0, | 190 194 219 | ,Score: 0

D215m7.txt,0, | 201 208 226 | 177 181 261 | 178 181 226 | ,Score: 0

D216m1.txt,0, | 357 358 360 | 157 249 251 | 357 359 360 | ,Score: 0

D217m3.txt,0, | 291 296 318 | 178 180 182 | 182 229 262 | ,Score: 0

D218m7.txt,0, | 229 259 262 | 124 127 135 | 127 130 135 | ,Score: 0

D221m4.txt,0, | 229 259 261 | 123 127 134 | 280 283 286 | ,Score: 0

D222m6.txt,0, | 275 302 306 | 229 259 261 | 434 436 441 | ,Score: 0

D228m5.txt,0, | 158 163 250 | 157 159 163 | 158 249 251 | ,Score: 0

D229m1.txt,0, | 158 163 251 | 169 191 240 | 158 249 251 | ,Score: 0

D231m7.txt,0, | 179 181 261 | 178 263 267 | 391 438 442 | ,Score: 0

D239m5.txt,0, | 179 261 265 | 365 368 388 | 355 359 362 | ,Score: 0

D301m9.txt,0, | 401 403 419 | 120 121 124 | 136 140 215 | ,Score: 0

D302m1.txt,0, | 341 342 345 | 179 262 265 | 229 259 262 | ,Score: 0

D304m4.txt,0, | 272 275 303 | 232 255 259 | 178 182 261 | ,Score: 0

D305m1.txt,0, | 178 261 264 | 366 391 412 | 398 401 419 | ,Score: 0

D306m2.txt,0, | ,Score: 0

D307m2.txt,0, | 145 178 267 | 178 229 261 | 270 273 276 | ,Score: 0

D308m5.txt,0, | ,Score: 0

D310m9.txt,0, | 347 351 368 | 123 134 139 | 438 439 441 | ,Score: 0

D311m8.txt,0, | 293 297 314 | 167 172 190 | 278 281 294 | ,Score: 0

D312m9.txt,0, | 158 161 251 | 158 249 251 | 157 161 167 | ,Score: 0

D313m5.txt,0, | 120 122 123 | 408 411 415 | 388 411 415 | ,Score: 0

D314m8.txt,0, | 441 443 444 | 281 292 295 | 436 438 440 | ,Score: 0

D315m6.txt,0, | 232 259 261 | 203 205 206 | 233 258 259 | ,Score: 0

D317m4.txt,0, | 123 126 208 | 177 182 262 | 287 293 321 | ,Score: 0

D318m3.txt,0, | 336 340 403 | 261 264 265 | 124 127 135 | ,Score: 0

D319m6.txt,0, | 134 136 140 | 179 182 262 | 393 440 441 | ,Score: 0

D320m3.txt,0, | 157 158 250 | 249 250 251 | 158 249 251 | ,Score: 0

D321m1.txt,0, | 157 235 250 | 201 203 233 | 312 317 319 | ,Score: 0

D322m0.txt,0, | 293 296 299 | 278 298 300 | 296 298 300 | ,Score: 0

D323m1.txt,0, | 193 194 219 | ,Score: 0

D324m6.txt,0, | ,Score: 0

D325m0.txt,0, | 436 439 442 | 299 303 308 | 123 127 135 | ,Score: 0

D326m0.txt,0, | 283 286 288 | 337 341 405 | 177 261 265 | ,Score: 0

D327m7.txt,0, | 125 132 197 | 336 403 405 | 336 405 408 | ,Score: 0

D328m3.txt,0, | 139 140 218 | 407 410 412 | 400 418 419 | ,Score: 0

D330m1.txt,0, | 125 130 197 | 336 339 403 | 140 142 144 | ,Score: 0

D331m0.txt,0, | 158 159 161 | 359 360 362 | 161 162 167 | ,Score: 0

D332m4.txt,0, | 296 300 307 | 393 436 441 | 177 182 261 | ,Score: 0

D333m4.txt,0, | 330 335 403 | 124 127 135 | 135 141 211 | ,Score: 0

D403m6.txt,0, | 289 293 321 | 341 406 415 | 336 339 407 | ,Score: 0

D407m5.txt,0, | 331 336 403 | 178 181 261 | 346 349 369 | ,Score: 0

D408m8.txt,0, | 434 439 442 | 177 182 262 | 152 274 277 | ,Score: 0

D409m5.txt,0, | 396 403 419 | 178 265 267 | 379 419 421 | ,Score: 0

D410mR.txt,0, | ,Score: 0

D413m2.txt,0, | 158 163 250 | 158 249 251 | 158 250 251 | ,Score: 0

D414m2.txt,0, | 177 261 264 | 178 264 267 | 268 273 274 | ,Score: 0

D421m7.txt,0, | ,Score: 0

D428m7.txt,0, | 324 327 400 | 177 182 262 | 143 145 177 | ,Score: 0

D430mR.txt,0, | 343 377 379 | 178 261 265 | 342 344 377 | ,Score: 0

D431m9.txt,0, | 228 259 262 | 136 140 212 | 140 143 213 | ,Score: 0

D438m9.txt,0, | 293 296 299 | 290 293 297 | 178 182 262 | ,Score: 0

D450m5.txt,0, | 157 158 159 | 157 158 251 | 158 159 251 | ,Score: 0

D453m0.txt,0, | 265 270 271 | 438 441 442 | 293 297 300 | ,Score: 0

D459m2.txt,0, | 354 356 359 | 130 190 219 | 166 167 190 | ,Score: 0

D462m1.txt,0, | 337 403 406 | 296 314 318 | 329 334 336 | ,Score: 0

D464m0.txt,0, | 122 141 143 | 228 259 262 | 178 182 262 | ,Score: 0

