M = 335 403 405 
388 391 412 | 337 339 341 | 375 380 419 | 324 325 401 | 345 346 370 | 344 345 346 | 333 390 434 | 333 334 407 | 366 387 388 | 333 392 434 | 400 403 419 | 364 368 370 | 331 400 403 | 366 388 412 | 365 368 369 | 387 388 408 | 400 401 419 | 345 346 370 | 329 334 336 | 336 339 403 | 400 401 419 | 408 409 410 | 336 339 403 | 326 329 334 | 335 336 403 | 339 341 415 | 336 339 408 | 336 339 403 | 348 349 451 | 401 403 419 | 338 339 403 | 396 401 403 | 363 368 387 | 399 400 401 | 336 337 338 | 335 336 339 | 342 346 372 | 342 344 375 | 

M = 290 293 297 
293 296 299 | 293 296 297 | 290 293 296 | 360 362 364 | 319 325 326 | 357 358 359 | 312 316 319 | 283 284 286 | 274 301 303 | 299 303 309 | 315 318 320 | 356 357 359 | 441 443 444 | 290 443 444 | 356 358 359 | 275 303 305 | 312 313 317 | 312 316 319 | 296 299 311 | 296 299 301 | 296 299 300 | 299 303 305 | 310 312 316 | 359 360 362 | 301 303 305 | 277 283 284 | 354 362 444 | 354 355 444 | 293 296 318 | 

M = 167 172 190 
267 269 274 | 203 205 206 | 265 268 271 | 123 124 126 | 229 259 261 | 265 267 268 | 145 265 268 | 190 194 219 | 205 206 208 | 145 177 179 | 122 123 208 | 248 249 251 | 157 249 251 | 261 262 265 | 259 261 262 | 119 122 123 | 123 134 136 | 126 127 130 | 139 140 142 | 134 135 136 | 162 163 167 | 158 159 162 | 163 249 251 | 157 163 167 | 240 248 249 | 248 249 251 | 139 141 142 | 229 261 262 | 179 261 265 | 229 259 261 | 134 136 137 | 123 134 136 | 169 190 194 | 169 190 218 | 190 217 218 | 158 159 162 | 190 194 240 | 119 122 123 | 267 268 272 | 182 229 261 | 232 259 261 | 127 196 197 | 267 268 273 | 177 182 261 | 217 218 219 | 134 136 140 | 179 182 261 | 157 158 249 | 158 249 251 | 158 250 251 | 158 250 251 | 123 134 136 | 194 241 244 | 193 194 241 | 193 194 219 | 121 122 124 | 201 251 253 | 119 120 122 | 126 127 208 | 258 259 261 | 123 125 127 | 265 267 268 | 136 139 140 | 140 141 144 | 205 206 235 | 193 216 219 | 158 159 162 | 177 182 261 | 122 123 135 | 262 263 267 | 267 268 271 | 261 262 265 | 261 262 265 | 158 235 251 | 261 264 265 | 136 137 140 | 157 158 249 | 158 249 251 | 158 249 252 | 163 167 252 | 264 267 268 | 177 262 263 | 182 228 229 | 119 120 122 | 182 229 262 | 157 159 251 | 158 159 251 | 157 158 251 | 265 270 271 | 182 184 261 | 261 262 265 | 119 122 123 | 140 141 144 | 

FREQUENCIES
261: 17
251: 13
158: 13
265: 11
403: 10
123: 10
249: 10
262: 9
136: 8
268: 8
339: 8
336: 8
122: 8
267: 8
296: 7
182: 7
134: 6
401: 6
299: 6
194: 6
190: 6
229: 6
157: 6
140: 6
400: 5
419: 5
119: 5
303: 5
293: 5
259: 5
159: 5
219: 4
346: 4
127: 4
444: 4
388: 4
177: 4
312: 4
167: 4
162: 4
163: 4
359: 4
218: 3
139: 3
345: 3
126: 3
370: 3
290: 3
319: 3
271: 3
205: 3
141: 3
368: 3
362: 3
301: 3
305: 3
387: 3
248: 3
335: 3
334: 3
333: 3
179: 3
193: 3
316: 3
408: 3
206: 3
208: 3
217: 2
264: 2
137: 2
135: 2
341: 2
283: 2
284: 2
120: 2
124: 2
412: 2
375: 2
318: 2
274: 2
366: 2
364: 2
360: 2
443: 2
241: 2
240: 2
434: 2
252: 2
338: 2
337: 2
144: 2
250: 2
344: 2
342: 2
169: 2
297: 2
235: 2
326: 2
325: 2
329: 2
145: 2
142: 2
263: 2
357: 2
356: 2
354: 2
358: 2
216: 1
130: 1
407: 1
348: 1
409: 1
286: 1
125: 1
269: 1
415: 1
410: 1
372: 1
313: 1
197: 1
196: 1
317: 1
315: 1
270: 1
391: 1
390: 1
275: 1
277: 1
399: 1
300: 1
369: 1
365: 1
363: 1
309: 1
441: 1
380: 1
244: 1
331: 1
258: 1
253: 1
172: 1
405: 1
184: 1
311: 1
310: 1
228: 1
392: 1
272: 1
349: 1
273: 1
396: 1
232: 1
320: 1
324: 1
201: 1
203: 1
121: 1
451: 1
355: 1
