D102m2.txt,0, | 298 299 303 | 125 206 208 | 281 293 297 | ,Score: 0

D106m3.txt,0, | 293 296 297 | 290 293 297 | 388 391 412 | ,Score: 0

D107m0.txt,0, | 336 339 403 | 120 123 210 | 123 127 208 | ,Score: 0

D110m2.txt,0, | ,Score: 0

D202m2.txt,0, | 346 375 381 | 124 126 207 | 401 403 419 | ,Score: 0

D203m5.txt,0, | 346 349 370 | 344 346 375 | 261 263 265 | ,Score: 0

D204m0.txt,0, | 333 390 434 | 333 390 407 | 281 293 297 | ,Score: 0

D206mR.txt,0, | 351 360 364 | 364 368 387 | 388 393 434 | ,Score: 0

D210m8.txt,0, | 401 403 419 | 288 316 322 | 177 262 267 | ,Score: 0

D214m3.txt,0, | 190 194 219 | ,Score: 0

D215m7.txt,0, | 201 206 235 | 122 141 143 | 124 208 226 | ,Score: 0

D216m1.txt,0, | 248 249 251 | 159 163 251 | 357 359 360 | ,Score: 0

D217m3.txt,0, | 282 288 313 | 364 368 370 | 201 205 228 | ,Score: 0

D218m7.txt,0, | 229 259 262 | 123 126 208 | 123 127 135 | ,Score: 0

D221m4.txt,0, | 126 130 197 | 134 140 219 | 273 277 280 | ,Score: 0

D222m6.txt,0, | 229 259 261 | 275 301 303 | 300 303 306 | ,Score: 0

D228m5.txt,0, | 158 163 250 | 157 158 162 | 163 249 251 | ,Score: 0

D229m1.txt,0, | 163 167 169 | 169 191 240 | 158 163 251 | ,Score: 0

D231m7.txt,0, | 126 128 130 | 148 260 263 | 316 319 323 | ,Score: 0

D239m5.txt,0, | 179 261 265 | 400 403 419 | 331 401 403 | ,Score: 0

D301m9.txt,0, | 441 443 444 | 290 443 444 | 356 358 359 | ,Score: 0

D302m1.txt,0, | ,Score: 0

D304m4.txt,0, | 274 278 303 | 183 259 261 | 120 122 124 | ,Score: 0

D305m1.txt,0, | 366 388 412 | ,Score: 0

D306m2.txt,0, | ,Score: 0

D307m2.txt,0, | 365 368 369 | ,Score: 0

D308m5.txt,0, | ,Score: 0

D310m9.txt,0, | 365 369 387 | 347 351 369 | 123 134 139 | ,Score: 0

D311m8.txt,0, | 169 190 194 | 169 190 218 | 190 217 218 | ,Score: 0

D312m9.txt,0, | 190 193 216 | 159 162 251 | 190 194 240 | ,Score: 0

D313m5.txt,0, | 120 122 123 | 268 272 275 | 408 411 415 | ,Score: 0

D314m8.txt,0, | 143 144 175 | 400 403 419 | 329 334 336 | ,Score: 0

D315m6.txt,0, | 203 232 233 | 197 239 248 | 267 271 274 | ,Score: 0

D317m4.txt,0, | 123 126 208 | 140 217 219 | 336 403 406 | ,Score: 0

D318m3.txt,0, | ,Score: 0

D319m6.txt,0, | 134 136 140 | 335 339 403 | 179 262 265 | ,Score: 0

D320m3.txt,0, | 157 158 249 | 158 249 251 | 158 250 251 | ,Score: 0

D321m1.txt,0, | 157 235 250 | 201 203 233 | 282 313 317 | ,Score: 0

D322m0.txt,0, | 297 299 311 | 278 297 300 | 293 296 299 | ,Score: 0

D323m1.txt,0, | 194 241 244 | 193 194 241 | 193 194 219 | ,Score: 0

D324m6.txt,0, | ,Score: 0

D325m0.txt,0, | 123 132 136 | 126 132 197 | 299 303 308 | ,Score: 0

D326m0.txt,0, | 119 123 124 | 267 272 274 | 124 126 199 | ,Score: 0

D327m7.txt,0, | 256 258 261 | 125 132 197 | 336 403 405 | ,Score: 0

D328m3.txt,0, | 337 403 407 | 388 410 412 | 388 408 411 | ,Score: 0

D330m1.txt,0, | 337 403 407 | 139 141 220 | 124 128 135 | ,Score: 0

D331m0.txt,0, | 359 360 362 | 193 216 219 | 158 159 162 | ,Score: 0

D332m4.txt,0, | 322 326 329 | 297 300 307 | 183 230 261 | ,Score: 0

D333m4.txt,0, | 124 135 138 | 330 336 403 | 127 132 211 | ,Score: 0

D403m6.txt,0, | 339 407 415 | 336 406 408 | 336 403 406 | ,Score: 0

D407m5.txt,0, | 229 259 262 | 335 339 403 | 331 400 403 | ,Score: 0

D408m8.txt,0, | 177 261 265 | 148 175 261 | 208 210 226 | ,Score: 0

D409m5.txt,0, | 267 269 273 | 396 403 419 | 134 137 140 | ,Score: 0

D410mR.txt,0, | 157 158 249 | ,Score: 0

D413m2.txt,0, | 158 163 250 | 158 250 252 | 163 249 251 | ,Score: 0

D414m2.txt,0, | 267 269 274 | 336 339 403 | 401 403 418 | ,Score: 0

D421m7.txt,0, | ,Score: 0

D428m7.txt,0, | 350 368 371 | 327 396 402 | 228 259 262 | ,Score: 0

D430mR.txt,0, | 354 362 444 | 354 355 444 | 293 296 318 | ,Score: 0

D431m9.txt,0, | ,Score: 0

D438m9.txt,0, | 182 228 229 | 177 182 262 | 182 229 262 | ,Score: 0

D450m5.txt,0, | 157 159 251 | 158 159 251 | 157 158 251 | ,Score: 0

D453m0.txt,0, | 265 270 271 | 336 337 338 | 182 184 261 | ,Score: 0

D459m2.txt,0, | ,Score: 0

D462m1.txt,0, | 122 123 135 | 335 337 403 | 400 403 419 | ,Score: 0

D464m0.txt,0, | 122 141 143 | 228 259 262 | 141 143 144 | ,Score: 0

