M = 290 443 444 
290 296 297 | 290 293 296 | 324 325 401 | 390 391 434 | 333 390 434 | 290 293 297 | 360 361 364 | 366 387 388 | 333 392 434 | 283 284 288 | 324 325 401 | 357 358 359 | 357 358 360 | 312 316 319 | 283 284 286 | 299 301 306 | 315 318 320 | 441 443 444 | 356 358 359 | 365 368 369 | 312 316 319 | 296 299 301 | 296 299 300 | 298 299 300 | 299 302 308 | 359 360 362 | 277 283 284 | 399 401 428 | 363 368 387 | 324 399 401 | 355 362 444 | 293 296 318 | 354 362 444 | 

M = 167 172 190 
203 205 206 | 267 269 274 | 122 141 211 | 205 206 235 | 120 123 124 | 229 259 261 | 126 127 208 | 135 136 141 | 190 194 219 | 179 182 226 | 122 141 143 | 205 206 235 | 157 249 251 | 119 120 121 | 182 229 261 | 261 262 263 | 123 134 136 | 158 250 251 | 139 140 142 | 134 135 136 | 273 274 278 | 162 163 167 | 157 163 251 | 158 159 163 | 248 249 251 | 240 248 249 | 191 217 218 | 139 141 142 | 261 262 263 | 229 259 261 | 119 120 121 | 136 141 215 | 267 272 274 | 229 259 261 | 134 136 137 | 231 259 261 | 123 134 136 | 169 190 194 | 169 190 218 | 190 217 218 | 158 159 162 | 190 194 240 | 142 143 144 | 122 123 124 | 258 259 261 | 119 120 123 | 267 271 273 | 127 196 197 | 232 259 261 | 122 123 208 | 182 183 261 | 217 218 219 | 134 136 140 | 140 142 215 | 182 261 262 | 249 250 251 | 157 158 249 | 158 249 251 | 158 250 251 | 123 134 136 | 194 241 244 | 193 194 241 | 193 194 219 | 201 251 253 | 121 122 124 | 123 126 208 | 262 264 267 | 123 125 127 | 136 139 140 | 119 120 124 | 205 206 235 | 193 216 219 | 158 159 162 | 230 259 262 | 137 139 142 | 119 120 121 | 122 123 135 | 262 263 267 | 229 259 261 | 177 182 262 | 158 235 251 | 182 183 261 | 157 158 249 | 163 167 252 | 159 251 252 | 248 249 251 | 267 273 274 | 177 261 264 | 177 262 263 | 119 120 122 | 182 228 229 | 157 158 159 | 158 159 251 | 157 158 251 | 270 271 272 | 182 184 261 | 182 261 262 | 119 122 123 | 182 228 262 | 

M = 335 337 405 
388 391 412 | 337 339 341 | 375 380 419 | 344 345 346 | 345 346 370 | 364 368 370 | 366 388 412 | 343 345 346 | 345 346 370 | 326 329 334 | 398 401 419 | 341 342 376 | 408 409 410 | 418 419 421 | 334 335 336 | 334 335 337 | 339 341 406 | 336 339 408 | 407 408 410 | 346 349 369 | 335 336 339 | 335 336 339 | 338 339 342 | 421 424 426 | 336 337 338 | 342 346 372 | 334 335 336 | 342 344 375 | 

FREQUENCIES
261: 16
251: 13
158: 12
123: 11
182: 10
262: 10
136: 9
122: 8
249: 8
259: 8
120: 7
119: 7
134: 6
346: 6
194: 6
190: 6
339: 6
335: 6
336: 6
229: 6
157: 6
159: 6
267: 6
401: 5
299: 5
296: 5
142: 5
141: 5
218: 4
219: 4
139: 4
121: 4
124: 4
290: 4
274: 4
206: 4
444: 4
334: 4
337: 4
345: 4
342: 4
163: 4
235: 4
205: 4
140: 4
263: 4
217: 3
135: 3
341: 3
283: 3
284: 3
127: 3
370: 3
419: 3
273: 3
368: 3
362: 3
360: 3
388: 3
248: 3
293: 3
434: 3
177: 3
250: 3
193: 3
167: 3
162: 3
408: 3
324: 3
208: 3
359: 3
358: 3
215: 2
264: 2
137: 2
344: 2
126: 2
410: 2
412: 2
375: 2
319: 2
318: 2
391: 2
399: 2
300: 2
369: 2
366: 2
364: 2
443: 2
301: 2
421: 2
241: 2
240: 2
387: 2
252: 2
338: 2
333: 2
183: 2
312: 2
316: 2
169: 2
228: 2
271: 2
272: 2
390: 2
297: 2
325: 2
143: 2
357: 2
216: 1
211: 1
428: 1
288: 1
343: 1
409: 1
286: 1
125: 1
269: 1
363: 1
426: 1
376: 1
197: 1
196: 1
191: 1
315: 1
270: 1
392: 1
277: 1
278: 1
398: 1
365: 1
302: 1
361: 1
308: 1
406: 1
298: 1
441: 1
306: 1
380: 1
244: 1
372: 1
418: 1
144: 1
258: 1
179: 1
253: 1
172: 1
407: 1
405: 1
184: 1
226: 1
424: 1
349: 1
230: 1
231: 1
232: 1
320: 1
326: 1
329: 1
201: 1
203: 1
356: 1
355: 1
354: 1
