D102m2.txt,0, | 201 208 226 | 294 298 311 | 124 127 211 | ,Score: 0

D106m3.txt,0, | 290 296 297 | 290 293 297 | 388 391 412 | ,Score: 0

D107m0.txt,0, | 126 130 197 | 123 126 208 | 120 123 210 | ,Score: 0

D110m2.txt,0, | ,Score: 0

D202m2.txt,0, | 401 418 419 | 124 126 207 | 346 375 381 | ,Score: 0

D203m5.txt,0, | 229 259 261 | 344 346 375 | 346 349 370 | ,Score: 0

D204m0.txt,0, | 390 434 436 | 333 390 407 | 281 293 297 | ,Score: 0

D206mR.txt,0, | 351 360 364 | 361 364 366 | 388 393 434 | ,Score: 0

D210m8.txt,0, | 288 313 318 | 288 318 325 | 177 262 267 | ,Score: 0

D214m3.txt,0, | 190 194 219 | ,Score: 0

D215m7.txt,0, | 206 208 226 | 123 127 208 | 201 235 251 | ,Score: 0

D216m1.txt,0, | 357 358 359 | 157 163 249 | 357 359 360 | ,Score: 0

D217m3.txt,0, | 282 288 313 | 288 313 316 | 201 205 228 | ,Score: 0

D218m7.txt,0, | 229 259 261 | 229 259 262 | 124 127 135 | ,Score: 0

D221m4.txt,0, | 229 259 261 | 280 283 286 | 134 140 219 | ,Score: 0

D222m6.txt,0, | 229 259 261 | 278 300 306 | 300 301 306 | ,Score: 0

D228m5.txt,0, | 158 163 250 | 157 163 251 | 158 159 163 | ,Score: 0

D229m1.txt,0, | 158 163 251 | 169 191 240 | 169 191 218 | ,Score: 0

D231m7.txt,0, | 148 260 263 | 183 259 262 | 316 319 323 | ,Score: 0

D239m5.txt,0, | 229 259 261 | 119 120 121 | 136 141 215 | ,Score: 0

D301m9.txt,0, | 441 443 444 | 290 443 444 | 356 358 359 | ,Score: 0

D302m1.txt,0, | ,Score: 0

D304m4.txt,0, | 272 274 278 | 183 259 261 | 120 122 124 | ,Score: 0

D305m1.txt,0, | 366 388 412 | ,Score: 0

D306m2.txt,0, | ,Score: 0

D307m2.txt,0, | 365 368 369 | ,Score: 0

D308m5.txt,0, | ,Score: 0

D310m9.txt,0, | 231 232 261 | 123 134 139 | 351 366 369 | ,Score: 0

D311m8.txt,0, | 169 190 194 | 169 190 218 | 190 217 218 | ,Score: 0

D312m9.txt,0, | 190 193 216 | 159 162 251 | 190 193 240 | ,Score: 0

D313m5.txt,0, | 120 122 123 | 122 123 124 | 408 411 415 | ,Score: 0

D314m8.txt,0, | 229 259 261 | 120 122 208 | 329 334 336 | ,Score: 0

D315m6.txt,0, | 267 271 274 | 201 203 233 | 232 258 261 | ,Score: 0

D317m4.txt,0, | 123 126 208 | 183 259 262 | 140 217 219 | ,Score: 0

D318m3.txt,0, | ,Score: 0

D319m6.txt,0, | 134 136 140 | 140 142 215 | 179 182 261 | ,Score: 0

D320m3.txt,0, | 249 250 251 | 157 158 249 | 157 249 251 | ,Score: 0

D321m1.txt,0, | 157 235 250 | 204 206 235 | 282 313 317 | ,Score: 0

D322m0.txt,0, | 278 297 300 | 296 299 311 | 298 299 300 | ,Score: 0

D323m1.txt,0, | 194 241 244 | 193 194 241 | 193 194 219 | ,Score: 0

D324m6.txt,0, | ,Score: 0

D325m0.txt,0, | 197 237 248 | 299 302 308 | 123 127 135 | ,Score: 0

D326m0.txt,0, | 120 123 124 | 336 405 408 | 126 199 210 | ,Score: 0

D327m7.txt,0, | 125 132 197 | 336 405 408 | 341 376 405 | ,Score: 0

D328m3.txt,0, | 139 217 218 | 407 410 412 | 347 349 369 | ,Score: 0

D330m1.txt,0, | 139 141 220 | 124 128 135 | 197 241 248 | ,Score: 0

D331m0.txt,0, | 359 360 362 | 193 216 219 | 158 159 162 | ,Score: 0

D332m4.txt,0, | 230 258 261 | 123 137 139 | 119 121 123 | ,Score: 0

D333m4.txt,0, | 124 127 135 | 157 237 249 | 135 141 211 | ,Score: 0

D403m6.txt,0, | 341 344 375 | 336 406 408 | 408 410 411 | ,Score: 0

D407m5.txt,0, | 182 229 261 | 344 346 375 | 336 339 408 | ,Score: 0

D408m8.txt,0, | 177 182 262 | 148 175 261 | 124 208 226 | ,Score: 0

D409m5.txt,0, | 399 401 428 | 134 137 140 | 396 401 419 | ,Score: 0

D410mR.txt,0, | 157 158 249 | ,Score: 0

D413m2.txt,0, | 158 163 251 | 158 251 252 | 158 249 251 | ,Score: 0

D414m2.txt,0, | 267 269 274 | 177 261 264 | 334 336 337 | ,Score: 0

D421m7.txt,0, | ,Score: 0

D428m7.txt,0, | 350 368 371 | 288 324 396 | 228 259 262 | ,Score: 0

D430mR.txt,0, | 355 362 444 | 293 296 318 | 354 362 444 | ,Score: 0

D431m9.txt,0, | ,Score: 0

D438m9.txt,0, | 120 122 208 | 182 228 229 | 182 229 262 | ,Score: 0

D450m5.txt,0, | 157 158 159 | 158 159 251 | 157 159 251 | ,Score: 0

D453m0.txt,0, | 270 271 272 | 182 184 261 | 336 337 338 | ,Score: 0

D459m2.txt,0, | ,Score: 0

D462m1.txt,0, | 122 123 135 | 336 339 406 | 329 334 336 | ,Score: 0

D464m0.txt,0, | 228 259 261 | 122 141 143 | 182 228 261 | ,Score: 0

