D102m2.txt,21, | 203 205 206 | 267 269 274 | 122 141 211 | ,Score: 39.5107

D106m3.txt,6, | 290 296 297 | 290 293 296 | 388 391 412 | ,Score: 17.3149

D107m0.txt,17, | 337 339 341 | 205 206 235 | 120 123 124 | ,Score: 41.7379

D110m2.txt,0, | ,Score: 0

D202m2.txt,12, | 324 325 401 | 229 259 261 | 375 380 419 | ,Score: 22.3404

D203m5.txt,10, | 126 127 208 | 344 345 346 | 345 346 370 | ,Score: 20.1229

D204m0.txt,2, | 390 391 434 | 333 390 434 | 290 293 297 | ,Score: 16.5246

D206mR.txt,4, | 360 361 364 | 366 387 388 | 333 392 434 | ,Score: 21.9348

D210m8.txt,13, | 283 284 288 | 324 325 401 | 135 136 141 | ,Score: 19.7085

D214m3.txt,7, | 190 194 219 | ,Score: 5.8904

D215m7.txt,17, | 179 182 226 | 122 141 143 | 205 206 235 | ,Score: 25.8602

D216m1.txt,4, | 357 358 359 | 157 249 251 | 357 358 360 | ,Score: 23.3489

D217m3.txt,14, | 364 368 370 | 312 316 319 | 119 120 121 | ,Score: 21.5199

D218m7.txt,16, | 182 229 261 | 261 262 263 | 123 134 136 | ,Score: 33.5562

D221m4.txt,16, | 158 250 251 | 283 284 286 | 139 140 142 | ,Score: 22.9834

D222m6.txt,15, | 134 135 136 | 273 274 278 | 299 301 306 | ,Score: 22.6511

D228m5.txt,7, | 162 163 167 | 157 163 251 | 158 159 163 | ,Score: 19.3513

D229m1.txt,7, | 248 249 251 | 240 248 249 | 191 217 218 | ,Score: 31.872

D231m7.txt,13, | 139 141 142 | 261 262 263 | 315 318 320 | ,Score: 23.1819

D239m5.txt,13, | 229 259 261 | 119 120 121 | 136 141 215 | ,Score: 19.0876

D301m9.txt,3, | 441 443 444 | 290 443 444 | 356 358 359 | ,Score: 13.728

D302m1.txt,0, | ,Score: 0

D304m4.txt,14, | 267 272 274 | 229 259 261 | 134 136 137 | ,Score: 19.6469

D305m1.txt,3, | 366 388 412 | ,Score: 3.6837

D306m2.txt,0, | ,Score: 0

D307m2.txt,1, | 365 368 369 | ,Score: 4.3172

D308m5.txt,0, | ,Score: 0

D310m9.txt,19, | 231 259 261 | 123 134 136 | 343 345 346 | ,Score: 24.5584

D311m8.txt,1, | 169 190 194 | 169 190 218 | 190 217 218 | ,Score: 12.562

D312m9.txt,8, | 167 172 190 | 158 159 162 | 190 194 240 | ,Score: 19.2644

D313m5.txt,12, | 142 143 144 | 122 123 124 | 345 346 370 | ,Score: 16.4841

D314m8.txt,13, | 258 259 261 | 119 120 123 | 326 329 334 | ,Score: 17.8564

D315m6.txt,12, | 267 271 273 | 127 196 197 | 232 259 261 | ,Score: 19.9719

D317m4.txt,12, | 122 123 208 | 182 183 261 | 217 218 219 | ,Score: 25.0998

D318m3.txt,0, | ,Score: 0

D319m6.txt,11, | 134 136 140 | 140 142 215 | 182 261 262 | ,Score: 14.8936

D320m3.txt,5, | 249 250 251 | 157 158 249 | 158 249 251 | ,Score: 18.8097

D321m1.txt,19, | 158 250 251 | 123 134 136 | 312 316 319 | ,Score: 36.9749

D322m0.txt,2, | 296 299 301 | 296 299 300 | 298 299 300 | ,Score: 20.3526

D323m1.txt,5, | 194 241 244 | 193 194 241 | 193 194 219 | ,Score: 16.5443

D324m6.txt,0, | ,Score: 0

D325m0.txt,13, | 201 251 253 | 299 302 308 | 121 122 124 | ,Score: 19.5346

D326m0.txt,18, | 123 126 208 | 398 401 419 | 262 264 267 | ,Score: 20.7334

D327m7.txt,9, | 123 125 127 | 335 337 405 | 341 342 376 | ,Score: 16.4282

D328m3.txt,10, | 136 139 140 | 408 409 410 | 418 419 421 | ,Score: 24.2795

D330m1.txt,12, | 334 335 336 | 119 120 124 | 205 206 235 | ,Score: 22.5206

D331m0.txt,6, | 359 360 362 | 193 216 219 | 158 159 162 | ,Score: 13.7782

D332m4.txt,11, | 230 259 262 | 137 139 142 | 119 120 121 | ,Score: 20.5761

D333m4.txt,16, | 122 123 135 | 334 335 337 | 262 263 267 | ,Score: 18.7822

D403m6.txt,5, | 339 341 406 | 336 339 408 | 407 408 410 | ,Score: 19.9452

D407m5.txt,11, | 229 259 261 | 346 349 369 | 335 336 339 | ,Score: 19.36

D408m8.txt,12, | 177 182 262 | 277 283 284 | 158 235 251 | ,Score: 20.8729

D409m5.txt,15, | 399 401 428 | 182 183 261 | 335 336 339 | ,Score: 22.6166

D410mR.txt,2, | 157 158 249 | ,Score: 4.7366

D413m2.txt,7, | 163 167 252 | 159 251 252 | 248 249 251 | ,Score: 19.2324

D414m2.txt,13, | 267 273 274 | 177 261 264 | 338 339 342 | ,Score: 18.61

D421m7.txt,0, | ,Score: 0

D428m7.txt,15, | 363 368 387 | 324 399 401 | 177 262 263 | ,Score: 33.2137

D430mR.txt,3, | 355 362 444 | 293 296 318 | 354 362 444 | ,Score: 12.9113

D431m9.txt,0, | ,Score: 0

D438m9.txt,8, | 119 120 122 | 182 228 229 | 421 424 426 | ,Score: 20.5969

D450m5.txt,2, | 157 158 159 | 158 159 251 | 157 158 251 | ,Score: 13.6033

D453m0.txt,11, | 270 271 272 | 182 184 261 | 336 337 338 | ,Score: 19.7993

D459m2.txt,0, | ,Score: 0

D462m1.txt,12, | 182 261 262 | 342 346 372 | 334 335 336 | ,Score: 25.1209

D464m0.txt,16, | 342 344 375 | 119 122 123 | 182 228 262 | ,Score: 22.1331

