401 402 419 
401 418 419 
397 401 419 
401 402 418 
401 402 430 
397 401 402 
397 401 418 
401 430 432 
397 401 432 
397 401 430 
402 418 419 
402 419 420 
381 402 419 
397 402 419 
376 418 419 
376 380 419 
376 419 420 
376 381 419 
418 419 421 
380 418 419 
418 419 420 
381 418 419 
418 419 427 
397 418 419 
380 419 421 
419 420 421 
381 419 421 
419 421 427 
380 419 420 
380 381 419 
381 419 420 
419 420 427 
397 419 420 
381 397 419 
397 419 427 
341 343 376 
341 342 376 
341 345 376 
341 342 343 
341 343 345 
341 342 345 
402 418 420 
381 402 418 
397 402 418 
381 402 420 
397 402 420 
381 397 402 
397 402 430 
391 392 414 
342 343 376 
343 345 376 
343 376 380 
343 376 381 
376 380 418 
376 418 420 
376 381 418 
342 345 376 
342 376 380 
342 376 381 
345 376 380 
345 376 381 
376 380 420 
376 380 381 
376 381 420 
342 343 345 
342 343 380 
342 343 381 
343 345 380 
343 345 381 
343 380 381 
380 418 421 
418 420 421 
381 418 421 
418 421 427 
380 418 420 
380 381 418 
381 418 420 
418 420 427 
397 418 420 
381 397 418 
397 418 427 
380 420 421 
380 381 421 
381 420 421 
420 421 427 
342 345 380 
342 345 381 
342 380 381 
392 432 434 
391 432 434 
392 434 436 
391 434 436 
391 392 434 
391 392 432 
392 430 432 
397 430 432 
345 380 381 
391 392 436 
380 381 420 
381 397 420 
397 420 427 
349 351 370 
349 370 451 
351 370 451 
397 427 430 
349 351 369 
349 351 451 
351 360 451 
