244mTHR: 00,04,05,10,11,15,16,17,20,25,26|11|6.3936
242mCYS: 00,04,05,10,11,15,16,20,22,26|10|10.9248
243mTHR: 00,04,05,10,11,15,16,20,22,26|10|6.3509
165mTHR: 00,04,05,10,11,15,16,17,20,22|10|7.668
165mASN: 00,04,05,10,11,15,16,17,20,22|10|6.442
165mSER: 00,04,05,10,11,15,16,17,20,22|10|6.0216
243mGLU: 00,04,05,10,11,15,16,20,22,26|10|6.4943
242mGLU: 00,04,05,10,11,15,16,20,22,26|10|8.6806
165mGLN: 00,04,05,10,11,15,16,17,20,22|10|4.0002
165mGLY: 00,04,05,10,11,15,16,17,20,22|10|7.0452
164mTHR: 00,04,05,11,15,16,17,20,22|9|6.9147
164mGLU: 00,04,05,11,15,16,17,20,22|9|7.1767
164mCYS: 00,04,05,11,15,16,17,20,22|9|11.835
194mGLU: 04,10,11,15,16,17,20,25|8|4.366
241mALA: 04,10,15,16,17,20,25|7|2.2514
241mGLY: 04,10,15,16,17,20,25|7|2.0025
241mGLN: 04,10,15,16,17,20,25|7|2.4446
268mVAL: 02,09,14,18,23,27,29|7|4.2613
241mTHR: 04,10,15,16,17,20,25|7|3.0126
241mSER: 04,10,15,16,17,20,25|7|2.3774
241mGLU: 04,10,15,16,17,20,25|7|2.9282
180mLYS: 02,09,13,14,18,29|6|4.2817
146mTHR: 02,09,14,18,27,29|6|2.1456
146mGLU: 02,09,14,18,27,29|6|2.7743
130mGLN: 10,17,20,25,26|5|2.7108
130mGLU: 10,17,20,25,26|5|3.8034
265mCYS: 02,09,18,23,27|5|3.8369
130mALA: 10,17,20,25,26|5|3.1435
130mASN: 10,17,20,25,26|5|1.9294
130mHIS: 10,17,20,25,26|5|1.5679
130mILE: 10,17,20,25,26|5|2.6541
130mASP: 10,17,20,25,26|5|3.2947
130mTHR: 10,17,20,25,26|5|3.2111
130mVAL: 10,17,20,25,26|5|2.5447
130mSER: 10,17,20,25,26|5|2.2402
266mTHR: 02,09,18,23,27|5|4.0674
130mLEU: 10,17,20,25,26|5|2.911
130mTRP: 10,17,20,25,26|5|2.219
130mGLY: 10,17,20,25,26|5|2.6145
120mTHR: 09,13,14,29|4|1.3412
251mTHR: 07,15,20,22|4|3.2296
120mALA: 09,13,14,29|4|3.708
251mALA: 07,15,20,22|4|2.8074
251mSER: 07,15,20,22|4|1.6696
181mTHR: 09,13,18,29|4|1.8828
251mASP: 07,15,20,22|4|2.8231
251mGLY: 07,15,20,22|4|2.2395
261mALA: 02,18,23,27|4|4.4595
251mLEU: 07,15,20,22|4|2.094
120mGLY: 09,13,14,29|4|2.395
261mGLY: 02,18,23,27|4|2.7567
251mGLU: 07,15,20,22|4|3.5722
261mCYS: 02,18,23,27|4|5.6572
181mGLU: 09,13,18,29|4|1.9884
261mASP: 02,18,23,27|4|3.6248
251mTRP: 07,15,20,22|4|1.6837
261mPRO: 02,18,23,27|4|1.5457
262mTHR: 02,09,18,27|4|1.8242
251mILE: 07,15,20,22|4|2.4088
261mGLU: 02,18,23,27|4|2.2101
120mASP: 09,13,14,29|4|3.0465
261mGLN: 02,18,23,27|4|1.6097
261mSER: 02,18,23,27|4|2.3386
251mGLN: 07,15,20,22|4|2.0761
261mTHR: 02,18,23,27|4|2.1631
261mILE: 02,18,23,27|4|1.7398
120mGLU: 09,13,14,29|4|1.6767
261mLYS: 02,18,23,27|4|2.3355
262mLYS: 02,09,18,27|4|2.1672
440mGLU: 01,21,24|3|3.4172
440mLYS: 01,21,24|3|4.0924
178mVAL: 09,14,18|3|1.9548
419mASP: 03,08,12|3|1.8221
258mGLY: 02,23,27|3|1.6749
419mCYS: 03,08,12|3|1.4775
440mTHR: 01,21,24|3|3.7103
178mSER: 09,14,18|3|2.0264
293mLEU: 04,21,24|3|1.1414
293mGLY: 04,21,24|3|1.0745
377mTHR: 03,12,19|3|3.1803
264mTHR: 02,23,27|3|1.6319
438mTHR: 01,21,24|3|2.4157
122mASP: 09,13,14|3|1.6934
438mGLU: 01,21,24|3|1.9728
249mLYS: 15,20,22|3|1.2938
377mCYS: 03,12,19|3|2.7456
438mASP: 01,21,24|3|2.3804
379mCYS: 03,12,19|3|5.0246
379mSER: 03,12,19|3|1.67
178mGLN: 09,14,18|3|1.2966
329mALA: 01,12,24|3|1.3255
122mTHR: 09,13,14|3|1.5193
379mASN: 03,12,19|3|2.1758
178mARG: 09,14,18|3|1.1285
440mASN: 01,21,24|3|3.2926
167mGLU: 04,15,17|3|1.488
158mCYS: 07,20,22|3|1.8501
293mGLU: 04,21,24|3|1.7053
167mLYS: 04,15,17|3|2.097
318mASP: 06,21,24|3|1.4607
122mGLY: 09,13,14|3|1.3847
167mPRO: 04,15,17|3|1.7532
258mLYS: 02,23,27|3|1.434
264mGLU: 02,23,27|3|1.5345
293mASP: 04,21,24|3|1.6555
178mTHR: 09,14,18|3|2.4898
167mALA: 04,15,17|3|3.2052
178mGLU: 09,14,18|3|2.0053
379mASP: 03,12,19|3|3.3667
167mTHR: 04,15,17|3|1.7926
379mTHR: 03,12,19|3|3.6938
419mTHR: 03,08,12|3|1.1782
440mASP: 01,21,24|3|4.0935
379mPHE: 03,12,19|3|3.6771
249mSER: 15,20,22|3|1.4229
440mALA: 01,21,24|3|1.748
167mILE: 04,15,17|3|1.6043
178mLYS: 09,14,18|3|2.8209
379mILE: 03,12,19|3|3.3162
377mGLU: 03,12,19|3|3.0997
379mLEU: 03,12,19|3|3.5449
390mTHR: 01,24,28|3|1.2543
190mCYS: 04,16,17|3|1.5313
318mALA: 06,21,24|3|1.0991
379mGLY: 03,12,19|3|2.2806
122mCYS: 09,13,14|3|1.5822
440mILE: 01,21,24|3|1.2612
167mASP: 04,15,17|3|2.1076
249mTHR: 15,20,22|3|1.0712
379mGLN: 03,12,19|3|3.1761
440mGLY: 01,21,24|3|2.8355
440mSER: 01,21,24|3|2.8874
293mTHR: 04,21,24|3|1.3409
178mALA: 09,14,18|3|2.4688
178mILE: 09,14,18|3|1.27
293mSER: 04,21,24|3|1.0648
167mCYS: 04,15,17|3|4.1731
440mCYS: 01,21,24|3|2.5502
293mALA: 04,21,24|3|1.6086
122mGLU: 09,13,14|3|1.635
438mALA: 01,21,24|3|1.6888
178mPRO: 09,14,18|3|1.4912
249mASP: 15,20,22|3|1.4447
122mGLN: 09,13,14|3|1.0482
379mMET: 03,12,19|3|2.4784
249mGLY: 15,20,22|3|1.395
438mGLY: 01,21,24|3|1.1854
379mTRP: 03,12,19|3|2.9172
178mASN: 09,14,18|3|2.4216
258mASP: 02,23,27|3|2.0668
249mALA: 15,20,22|3|1.684
318mGLU: 06,21,24|3|1.2877
390mGLU: 01,24,28|3|1.6063
440mPRO: 01,21,24|3|2.5503
167mGLY: 04,15,17|3|1.9535
379mVAL: 03,12,19|3|3.2791
440mGLN: 01,21,24|3|2.5163
379mALA: 03,12,19|3|2.9114
178mGLY: 09,14,18|3|2.1858
379mGLU: 03,12,19|3|4.3315
419mGLU: 03,08,12|3|1.5551
379mPRO: 03,12,19|3|3.1526
