439 440 
438 439 
434 439 
391 439 
435 439 
400 403 
400 401 
400 419 
400 430 
438 440 
432 440 
393 440 
434 440 
391 440 
435 440 
432 445 
444 445 
430 445 
445 447 
403 405 
401 403 
403 419 
403 406 
375 378 
378 419 
342 378 
434 438 
391 438 
435 438 
393 432 
432 444 
401 432 
432 434 
430 432 
391 432 
432 435 
393 444 
393 401 
393 434 
393 430 
391 393 
393 435 
388 393 
434 444 
430 444 
444 447 
345 375 
342 345 
345 370 
405 406 
342 405 
401 419 
401 430 
391 434 
434 435 
388 434 
375 419 
342 375 
419 421 
419 424 
421 423 
421 424 
421 426 
430 447 
342 406 
406 411 
391 435 
388 391 
452 456 
426 452 
388 435 
388 410 
388 411 
410 411 
423 424 
423 426 
424 426 
426 447 
