120mGLY: 06,13,16,20,21,26,27,28|8|2.8687
180mGLU: 05,06,08,13,16,20,21,28|8|4.1957
119mGLU: 06,13,16,20,21,26,27,28|8|6.0615
262mGLU: 05,06,08,12,13,16,28|7|2.6594
146mTHR: 06,08,12,13,16,27,28|7|4.7371
181mGLU: 05,06,08,13,20,21,28|7|2.9184
147mGLY: 05,06,08,12,13,16,28|7|1.9376
146mHIS: 06,08,12,13,16,27,28|7|4.6248
146mLEU: 06,08,12,13,16,27,28|7|2.1816
146mGLU: 06,08,12,13,16,27,28|7|6.0148
262mGLY: 05,06,08,12,13,16,28|7|2.0955
146mALA: 06,08,12,13,16,27,28|7|3.1405
142mGLY: 06,09,13,16,17,27,28|7|3.5318
146mASP: 06,08,12,13,16,27,28|7|3.2282
263mGLU: 05,06,08,12,13,16,28|7|2.1111
136mVAL: 17,21,23,24,26,27|6|2.669
136mALA: 17,21,23,24,26,27|6|4.173
229mGLY: 05,06,08,12,13,28|6|1.2265
134mGLU: 17,21,23,24,26,27|6|2.3068
126mGLY: 19,20,21,24,26,27|6|2.1673
134mALA: 17,21,23,24,26,27|6|1.2494
134mLEU: 17,21,23,24,26,27|6|1.4179
134mTHR: 17,21,23,24,26,27|6|1.9845
141mALA: 09,13,16,17,27,28|6|1.4546
178mVAL: 08,12,13,16,28|5|1.125
127mTHR: 20,21,24,26,27|5|2.1858
182mLEU: 05,06,20,21,28|5|1.4246
258mGLY: 04,05,08,12,18|5|1.6519
258mTHR: 04,05,08,12,18|5|2.0701
127mGLY: 20,21,24,26,27|5|1.9459
178mSER: 08,12,13,16,28|5|2.1284
178mLYS: 08,12,13,16,28|5|2.445
178mGLY: 08,12,13,16,28|5|2.3556
182mTHR: 05,06,20,21,28|5|2.3036
124mSER: 20,21,24,26,27|5|1.669
244mGLY: 11,15,19,23,24|5|1.9243
124mGLU: 20,21,24,26,27|5|2.5188
190mGLU: 09,15,17,18,23|5|1.0806
178mLEU: 08,12,13,16,28|5|1.3309
127mASN: 20,21,24,26,27|5|1.2537
258mGLU: 04,05,08,12,18|5|2.0555
182mGLU: 05,06,20,21,28|5|3.0937
127mGLU: 20,21,24,26,27|5|2.4049
244mTHR: 11,15,19,23,24|5|2.3681
178mMET: 08,12,13,16,28|5|1.3169
264mGLU: 05,08,12,16,28|5|1.7058
178mGLU: 08,12,13,16,28|5|2.8454
178mASP: 08,12,13,16,28|5|1.9555
250mALA: 02,11,19,20,26|5|1.136
178mTYR: 08,12,13,16,28|5|1.7292
178mCYS: 08,12,13,16,28|5|1.9445
178mALA: 08,12,13,16,28|5|2.6374
124mALA: 20,21,24,26,27|5|1.8326
182mALA: 05,06,20,21,28|5|1.2208
178mTHR: 08,12,13,16,28|5|2.6148
244mGLU: 11,15,19,23,24|5|3.4249
127mSER: 20,21,24,26,27|5|1.8232
127mHIS: 20,21,24,26,27|5|1.528
124mGLY: 20,21,24,26,27|5|2.4348
250mGLU: 02,11,19,20,26|5|2.1326
258mSER: 04,05,08,12,18|5|1.1261
124mTHR: 20,21,24,26,27|5|2.294
196mGLN: 11,20,24,26|4|1.2562
123mLYS: 21,24,26,27|4|3.0949
219mCYS: 09,15,17,23|4|1.7513
149mMET: 04,12,16,18|4|2.4075
194mTHR: 09,15,17,23|4|1.5538
196mALA: 11,20,24,26|4|1.1507
193mGLU: 09,15,17,23|4|1.7084
193mHIS: 09,15,17,23|4|1.9815
123mGLN: 21,24,26,27|4|1.8317
173mLYS: 04,09,12,18|4|1.3675
242mLEU: 15,17,19,23|4|1.1679
267mVAL: 04,08,12,18|4|1.9694
123mGLU: 21,24,26,27|4|4.9819
208mGLY: 06,20,21,26|4|2.9837
196mGLU: 11,20,24,26|4|1.7709
243mGLY: 11,15,19,23|4|1.6663
193mASN: 09,15,17,23|4|1.0747
196mVAL: 11,20,24,26|4|1.2309
242mGLN: 15,17,19,23|4|1.5467
204mGLU: 02,19,20,21|4|1.4114
217mALA: 09,17,18,23|4|2.6447
150mPHE: 04,12,16,18|4|1.0309
173mTHR: 04,09,12,18|4|1.8188
193mSER: 09,15,17,23|4|2.3011
150mTHR: 04,12,16,18|4|2.6963
196mGLY: 11,20,24,26|4|1.5945
150mTYR: 04,12,16,18|4|1.1073
173mGLU: 04,09,12,18|4|1.8024
267mTHR: 04,08,12,18|4|3.9056
242mSER: 15,17,19,23|4|2.4596
173mMET: 04,09,12,18|4|1.6159
173mSER: 04,09,12,18|4|1.7462
267mGLU: 04,08,12,18|4|4.9962
150mGLU: 04,12,16,18|4|2.6437
150mMET: 04,12,16,18|4|3.3722
149mGLY: 04,12,16,18|4|2.4771
196mSER: 11,20,24,26|4|1.3728
149mVAL: 04,12,16,18|4|1.305
267mILE: 04,08,12,18|4|1.5645
242mGLY: 15,17,19,23|4|2.8081
173mALA: 04,09,12,18|4|1.4634
217mASP: 09,17,18,23|4|1.8467
193mGLY: 09,15,17,23|4|2.8816
149mLYS: 04,12,16,18|4|1.1013
150mASP: 04,12,16,18|4|1.145
194mHIS: 09,15,17,23|4|2.4693
196mMET: 11,20,24,26|4|1.6916
219mGLU: 09,15,17,23|4|1.8659
150mASN: 04,12,16,18|4|2.7584
123mGLY: 21,24,26,27|4|4.5253
123mASN: 21,24,26,27|4|3.0404
196mASN: 11,20,24,26|4|1.2371
208mASP: 06,20,21,26|4|1.7323
196mTHR: 11,20,24,26|4|1.6504
194mSER: 09,15,17,23|4|2.2271
242mALA: 15,17,19,23|4|2.0302
194mGLU: 09,15,17,23|4|1.8964
193mTHR: 09,15,17,23|4|1.078
242mMET: 15,17,19,23|4|1.1571
149mALA: 04,12,16,18|4|1.4586
194mGLY: 09,15,17,23|4|2.3598
208mCYS: 06,20,21,26|4|1.9935
149mTHR: 04,12,16,18|4|2.1513
267mASN: 04,08,12,18|4|2.108
242mGLU: 15,17,19,23|4|3.0841
123mSER: 21,24,26,27|4|3.9827
242mASP: 15,17,19,23|4|1.7019
217mTHR: 09,17,18,23|4|1.8444
150mHIS: 04,12,16,18|4|3.7532
150mLEU: 04,12,16,18|4|2.1714
194mVAL: 09,15,17,23|4|1.0537
173mASP: 04,09,12,18|4|1.1053
242mTHR: 15,17,19,23|4|3.2895
150mILE: 04,12,16,18|4|1.4125
217mGLU: 09,17,18,23|4|3.385
194mMET: 09,15,17,23|4|2.0188
242mILE: 15,17,19,23|4|1.4413
123mTHR: 21,24,26,27|4|4.1176
196mLEU: 11,20,24,26|4|1.4538
149mLEU: 04,12,16,18|4|1.7271
208mTHR: 06,20,21,26|4|3.1905
140mGLU: 09,17,23,27|4|1.686
150mSER: 04,12,16,18|4|3.0273
242mHIS: 15,17,19,23|4|1.9899
123mMET: 21,24,26,27|4|2.8962
149mHIS: 04,12,16,18|4|2.6685
123mILE: 21,24,26,27|4|1.9124
208mALA: 06,20,21,26|4|2.5738
123mVAL: 21,24,26,27|4|2.4637
267mLEU: 04,08,12,18|4|1.6872
219mGLY: 09,15,17,23|4|1.3837
242mLYS: 15,17,19,23|4|2.767
193mMET: 09,15,17,23|4|1.8084
150mALA: 04,12,16,18|4|1.8014
218mCYS: 09,17,18,23|4|2.1987
208mGLU: 06,20,21,26|4|3.5905
150mVAL: 04,12,16,18|4|1.9702
194mALA: 09,15,17,23|4|1.1682
267mCYS: 04,08,12,18|4|3.6301
149mGLN: 04,12,16,18|4|1.1979
150mGLY: 04,12,16,18|4|3.2099
149mGLU: 04,12,16,18|4|2.2845
242mASN: 15,17,19,23|4|2.5687
150mLYS: 04,12,16,18|4|1.5503
123mLEU: 21,24,26,27|4|2.9509
173mASN: 04,09,12,18|4|1.6313
123mHIS: 21,24,26,27|4|3.6546
173mGLY: 04,09,12,18|4|1.9451
149mASN: 04,12,16,18|4|1.7106
123mASP: 21,24,26,27|4|2.3004
196mHIS: 11,20,24,26|4|1.5716
267mGLN: 04,08,12,18|4|1.0094
205mCYS: 19,20,21,26|4|2.6631
123mALA: 21,24,26,27|4|3.2218
194mLEU: 09,15,17,23|4|1.1578
150mGLN: 04,12,16,18|4|2.262
149mSER: 04,12,16,18|4|2.3523
168mGLU: 09,15,18,23|4|1.3053
259mPHE: 05,08,12|3|1.1007
197mASN: 19,20,26|3|1.2289
259mGLY: 05,08,12|3|2.9497
259mASN: 05,08,12|3|2.2224
259mALA: 05,08,12|3|2.145
197mGLU: 19,20,26|3|1.6403
259mSER: 05,08,12|3|2.8531
156mLEU: 02,04,18|3|1.0694
137mGLU: 21,26,27|3|1.7853
152mTHR: 04,12,18|3|1.7934
259mLEU: 05,08,12|3|2.3574
156mGLY: 02,04,18|3|1.2375
165mMET: 09,15,23|3|1.3876
259mASP: 05,08,12|3|1.3102
201mGLY: 19,20,26|3|1.0543
122mSER: 13,26,28|3|1.1264
261mHIS: 08,12,28|3|1.4601
122mASN: 13,26,28|3|1.0824
197mTHR: 19,20,26|3|1.5586
122mGLY: 13,26,28|3|1.2392
172mGLU: 04,09,18|3|1.3357
261mALA: 08,12,28|3|2.6948
152mGLU: 04,12,18|3|1.6762
261mMET: 08,12,28|3|1.5432
165mASN: 09,15,23|3|1.0824
201mTHR: 19,20,26|3|1.492
261mGLY: 08,12,28|3|2.4359
156mALA: 02,04,18|3|1.0154
257mGLU: 02,04,18|3|1.3424
165mHIS: 09,15,23|3|1.6228
165mSER: 09,15,23|3|1.1264
201mGLU: 19,20,26|3|1.3274
261mPHE: 08,12,28|3|1.2396
251mGLU: 02,19,20|3|1.3532
261mCYS: 08,12,28|3|3.3011
122mMET: 13,26,28|3|1.3876
152mASN: 04,12,18|3|1.0974
197mLEU: 19,20,26|3|1.2086
172mLEU: 04,09,18|3|1.0047
156mGLU: 02,04,18|3|1.3074
261mASP: 08,12,28|3|1.1706
259mHIS: 05,08,12|3|3.0452
261mLEU: 08,12,28|3|2.2399
197mHIS: 19,20,26|3|1.8336
261mVAL: 08,12,28|3|1.9498
259mTYR: 05,08,12|3|1.5987
197mMET: 19,20,26|3|1.836
165mGLY: 09,15,23|3|1.2392
259mILE: 05,08,12|3|1.3767
197mSER: 19,20,26|3|1.3866
259mTHR: 05,08,12|3|2.7049
257mTHR: 02,04,18|3|1.2324
261mGLU: 08,12,28|3|2.12
259mGLN: 05,08,12|3|1.7748
259mGLU: 05,08,12|3|2.8575
261mSER: 08,12,28|3|1.9602
261mTHR: 08,12,28|3|1.1919
201mASN: 19,20,26|3|1.1722
197mGLN: 19,20,26|3|1.1178
137mTHR: 21,26,27|3|1.0419
122mHIS: 13,26,28|3|1.6228
261mILE: 08,12,28|3|1.912
259mVAL: 05,08,12|3|1.9474
172mTHR: 04,09,18|3|1.1126
197mGLY: 19,20,26|3|1.6647
259mLYS: 05,08,12|3|1.8141
261mLYS: 08,12,28|3|1.2886
259mMET: 05,08,12|3|2.843
235mPHE: 02,19|2|1.3156
235mGLU: 02,19|2|1.9076
139mTHR: 17,27|2|1.0745
235mALA: 02,19|2|1.2827
235mVAL: 02,19|2|1.3623
139mGLU: 17,27|2|1.0763
235mCYS: 02,19|2|1.8767
164mMET: 15,18|2|1.3204
235mILE: 02,19|2|1.2168
235mASP: 02,19|2|1.2607
235mGLN: 02,19|2|1.2521
235mLEU: 02,19|2|1.6311
235mTHR: 02,19|2|1.6528
235mMET: 02,19|2|1.2955
164mGLY: 15,18|2|1.172
235mGLY: 02,19|2|1.1894
164mHIS: 15,18|2|1.5556
164mASN: 15,18|2|1.0152
164mSER: 15,18|2|1.0592
241mCYS: 23|1|1.0271
