M = 146 178 267 
146 266 267 | 146 265 269 | 119 123 124 | 146 265 268 | 144 146 147 | 146 178 179 | 146 147 266 | 146 265 266 | 293 296 300 | 177 178 182 | 267 268 273 | 147 178 180 | 147 262 263 | 146 264 266 | 232 259 261 | 299 303 309 | 265 266 268 | 178 181 261 | 178 180 181 | 146 178 265 | 178 261 265 | 178 229 261 | 278 281 284 | 147 178 180 | 146 266 268 | 146 147 268 | 146 266 268 | 297 299 311 | 299 303 305 | 146 178 266 | 146 266 267 | 147 178 180 | 232 259 261 | 177 178 180 | 261 263 264 | 146 147 268 | 146 266 268 | 146 266 268 | 120 123 208 | 293 297 300 | 146 265 268 | 119 120 122 | 146 178 264 | 146 266 268 | 177 261 265 | 146 147 266 | 146 147 178 | 147 266 268 | 146 265 266 | 146 265 266 | 146 265 268 | 146 147 265 | 293 297 300 | 146 267 268 | 299 305 311 | 177 180 262 | 178 181 261 | 267 273 274 | 205 206 228 | 119 120 122 | 299 303 305 | 146 265 270 | 296 300 308 | 119 122 123 | 

M = 401 403 419 
293 296 299 | 329 331 336 | 335 336 339 | 359 360 364 | 282 283 286 | 377 379 380 | 438 439 440 | 344 345 346 | 323 324 329 | 319 322 326 | 345 346 370 | 326 329 334 | 288 293 313 | 337 339 341 | 326 331 334 | 391 438 440 | 439 440 441 | 336 337 403 | 385 408 412 | 281 284 290 | 356 359 361 | 336 337 408 | 282 293 313 | 388 410 411 | 345 346 370 | 290 317 318 | 336 339 403 | 290 292 293 | 286 290 293 | 312 316 319 | 311 312 313 | 390 407 412 | 336 337 339 | 345 346 347 | 284 286 288 | 341 376 405 | 336 337 409 | 408 409 410 | 318 319 322 | 339 341 415 | 336 339 403 | 281 290 293 | 341 343 377 | 323 326 327 | 434 440 443 | 341 344 379 | 312 318 319 | 336 339 403 | 336 407 408 | 

M = 196 242 248 
203 205 206 | 193 194 242 | 242 245 248 | 122 123 124 | 241 242 248 | 193 194 242 | 157 165 249 | 194 196 242 | 194 242 245 | 165 239 249 | 242 243 244 | 242 245 248 | 242 245 248 | 157 164 165 | 130 134 219 | 161 164 167 | 123 124 127 | 242 243 244 | 242 243 245 | 194 242 245 | 165 240 248 | 201 205 208 | 194 242 244 | 242 243 244 | 242 243 246 | 190 217 220 | 164 165 167 | 194 242 244 | 139 218 219 | 196 237 239 | 194 241 243 | 196 237 248 | 130 134 219 | 165 247 248 | 242 245 248 | 242 245 248 | 123 136 139 | 164 165 167 | 163 164 165 | 123 127 134 | 243 244 245 | 157 158 251 | 132 193 197 | 158 163 250 | 165 167 190 | 206 235 237 | 193 194 242 | 204 235 237 | 196 242 245 | 242 245 248 | 242 243 244 | 165 190 194 | 157 235 251 | 242 243 244 | 159 162 251 | 128 131 194 | 165 190 194 | 123 127 135 | 157 164 165 | 164 165 168 | 193 194 242 | 165 248 249 | 193 194 242 | 193 196 242 | 242 244 245 | 205 206 235 | 164 165 249 | 165 167 168 | 127 130 197 | 242 245 248 | 165 167 190 | 242 243 244 | 158 249 251 | 165 190 194 | 164 165 167 | 158 249 251 | 123 127 134 | 242 243 245 | 158 250 251 | 242 245 248 | 193 241 242 | 194 242 244 | 

FREQUENCIES
242: 34
146: 29
165: 19
266: 16
194: 16
178: 16
245: 15
268: 14
248: 14
265: 13
147: 12
244: 11
243: 11
336: 10
123: 9
293: 9
164: 9
193: 8
261: 8
339: 7
167: 7
267: 6
299: 6
196: 6
249: 6
251: 6
180: 6
190: 6
127: 5
403: 5
341: 5
290: 5
337: 5
157: 5
158: 5
134: 4
345: 4
346: 4
122: 4
319: 4
119: 4
300: 4
440: 4
177: 4
408: 4
235: 4
237: 4
326: 4
205: 4
206: 4
219: 3
130: 3
281: 3
284: 3
286: 3
264: 3
296: 3
318: 3
313: 3
311: 3
312: 3
303: 3
305: 3
241: 3
181: 3
297: 3
329: 3
120: 3
124: 3
139: 2
344: 2
282: 2
409: 2
263: 2
262: 2
379: 2
410: 2
412: 2
370: 2
377: 2
273: 2
438: 2
439: 2
334: 2
331: 2
259: 2
250: 2
407: 2
288: 2
197: 2
163: 2
168: 2
239: 2
232: 2
322: 2
323: 2
208: 2
359: 2
217: 1
218: 1
132: 1
131: 1
136: 1
135: 1
347: 1
401: 1
343: 1
283: 1
128: 1
269: 1
415: 1
411: 1
292: 1
376: 1
317: 1
203: 1
270: 1
391: 1
274: 1
278: 1
443: 1
364: 1
360: 1
361: 1
308: 1
309: 1
441: 1
247: 1
246: 1
240: 1
388: 1
380: 1
419: 1
434: 1
385: 1
335: 1
179: 1
405: 1
182: 1
229: 1
228: 1
161: 1
162: 1
220: 1
390: 1
159: 1
327: 1
324: 1
201: 1
144: 1
204: 1
316: 1
356: 1
