D102m2.txt,0, | 206 235 237 | 278 299 303 | 175 178 267 | ,Score: 0

D106m3.txt,0, | 128 132 194 | 178 261 265 | 336 403 406 | ,Score: 0

D107m0.txt,0, | 191 196 242 | 123 127 208 | 201 235 251 | ,Score: 0

D110m2.txt,0, | 122 124 138 | 419 421 427 | 275 280 283 | ,Score: 0

D202m2.txt,0, | 331 335 402 | 325 327 401 | 157 165 249 | ,Score: 0

D203m5.txt,0, | 345 347 370 | 194 242 243 | 165 190 194 | ,Score: 0

D204m0.txt,0, | 160 163 251 | 193 197 241 | 171 190 219 | ,Score: 0

D206mR.txt,0, | 146 178 267 | 283 288 291 | 165 194 247 | ,Score: 0

D210m8.txt,0, | 157 164 249 | 145 265 268 | 146 178 266 | ,Score: 0

D214m3.txt,0, | 178 181 261 | 147 262 265 | 388 391 412 | ,Score: 0

D215m7.txt,0, | 145 146 178 | 123 127 208 | 178 181 226 | ,Score: 0

D216m1.txt,0, | 157 235 250 | 293 299 313 | 142 144 146 | ,Score: 0

D217m3.txt,0, | 282 293 296 | 281 290 296 | 146 178 266 | ,Score: 0

D218m7.txt,0, | 147 178 262 | 134 193 219 | 126 130 196 | ,Score: 0

D221m4.txt,0, | 165 167 190 | 123 134 139 | 196 245 248 | ,Score: 0

D222m6.txt,0, | 274 278 302 | 196 242 248 | 293 299 300 | ,Score: 0

D228m5.txt,0, | 337 339 408 | 157 164 249 | 336 337 409 | ,Score: 0

D229m1.txt,0, | 191 196 242 | 146 265 268 | 157 235 237 | ,Score: 0

D231m7.txt,0, | 164 165 249 | 391 438 440 | 147 179 262 | ,Score: 0

D239m5.txt,0, | 179 261 265 | 281 293 297 | 165 190 194 | ,Score: 0

D301m9.txt,0, | 165 167 190 | 146 178 265 | 194 243 246 | ,Score: 0

D302m1.txt,0, | 190 194 219 | 179 261 265 | 163 249 253 | ,Score: 0

D304m4.txt,0, | 272 275 303 | 197 237 249 | 278 281 297 | ,Score: 0

D305m1.txt,0, | 385 388 412 | 391 438 440 | 147 178 263 | ,Score: 0

D306m2.txt,0, | 145 178 267 | 123 135 139 | 165 190 194 | ,Score: 0

D307m2.txt,0, | 146 178 267 | 128 193 241 | 267 270 273 | ,Score: 0

D308m5.txt,0, | 299 303 307 | 297 300 311 | 196 237 249 | ,Score: 0

D310m9.txt,0, | 123 127 134 | 194 196 245 | 136 139 141 | ,Score: 0

D311m8.txt,0, | 272 278 303 | 157 164 249 | 197 241 248 | ,Score: 0

D312m9.txt,0, | 282 286 293 | 279 301 306 | 157 165 249 | ,Score: 0

D313m5.txt,0, | 146 178 267 | 388 408 411 | 408 412 415 | ,Score: 0

D314m8.txt,0, | 146 150 178 | 241 248 249 | 281 290 297 | ,Score: 0

D315m6.txt,0, | 193 239 242 | 237 239 251 | 163 164 249 | ,Score: 0

D317m4.txt,0, | 287 318 324 | 177 182 262 | 290 292 297 | ,Score: 0

D318m3.txt,0, | 123 124 127 | 165 190 194 | 123 127 135 | ,Score: 0

D319m6.txt,0, | 194 242 244 | 438 439 441 | 146 178 266 | ,Score: 0

D320m3.txt,0, | 157 235 249 | 123 132 139 | 146 178 266 | ,Score: 0

D321m1.txt,0, | 157 235 250 | 312 316 319 | 311 312 313 | ,Score: 0

D322m0.txt,0, | 274 278 301 | 165 190 240 | 163 249 251 | ,Score: 0

D323m1.txt,0, | 390 407 412 | 123 127 208 | 336 339 408 | ,Score: 0

D324m6.txt,0, | 193 196 242 | 337 339 408 | 158 235 250 | ,Score: 0

D325m0.txt,0, | 292 299 311 | 163 165 249 | 123 127 135 | ,Score: 0

D326m0.txt,0, | 267 272 274 | 177 261 265 | 163 249 251 | ,Score: 0

D327m7.txt,0, | 337 341 405 | 178 264 267 | 165 190 194 | ,Score: 0

D328m3.txt,0, | 336 339 408 | 165 190 194 | 388 408 411 | ,Score: 0

D330m1.txt,0, | 146 178 267 | 201 237 251 | 169 194 220 | ,Score: 0

D331m0.txt,0, | 157 162 165 | 123 127 131 | 146 178 266 | ,Score: 0

D332m4.txt,0, | 299 301 303 | 177 182 261 | 146 178 266 | ,Score: 0

D333m4.txt,0, | 123 127 134 | 165 240 249 | 147 262 267 | ,Score: 0

D403m6.txt,0, | 163 165 168 | 336 339 406 | 168 171 190 | ,Score: 0

D407m5.txt,0, | 331 336 403 | 178 262 266 | 165 190 194 | ,Score: 0

D408m8.txt,0, | 436 438 441 | 147 178 266 | 165 190 194 | ,Score: 0

D409m5.txt,0, | 396 403 419 | 165 190 194 | 147 265 268 | ,Score: 0

D410mR.txt,0, | 130 191 241 | 340 343 377 | 126 196 199 | ,Score: 0

D413m2.txt,0, | 132 194 197 | 158 235 249 | 281 293 297 | ,Score: 0

D414m2.txt,0, | 163 165 249 | 168 172 190 | 177 262 267 | ,Score: 0

D421m7.txt,0, | 123 127 134 | 196 242 248 | 201 233 235 | ,Score: 0

D428m7.txt,0, | 162 164 167 | 143 146 177 | 165 191 240 | ,Score: 0

D430mR.txt,0, | 194 242 244 | 178 262 265 | 165 190 194 | ,Score: 0

D431m9.txt,0, | 193 196 242 | 143 146 177 | 163 249 251 | ,Score: 0

D438m9.txt,0, | 146 177 179 | 157 165 249 | 434 440 443 | ,Score: 0

D450m5.txt,0, | 201 237 251 | 299 303 308 | 193 197 241 | ,Score: 0

D453m0.txt,0, | 194 196 242 | 158 249 251 | 146 265 271 | ,Score: 0

D459m2.txt,0, | 341 344 379 | 281 293 297 | 144 146 147 | ,Score: 0

D462m1.txt,0, | 322 326 329 | 163 165 249 | 333 337 403 | ,Score: 0

D464m0.txt,0, | 157 164 167 | 120 122 208 | 165 190 194 | ,Score: 0

