M = 146 178 267 
146 266 267 | 146 266 268 | 146 147 268 | 146 178 179 | 178 179 182 | 147 178 180 | 145 146 147 | 259 261 263 | 146 264 266 | 274 301 303 | 299 303 309 | 146 147 178 | 181 261 262 | 181 229 261 | 178 179 180 | 178 265 266 | 229 259 261 | 275 303 305 | 146 266 268 | 182 229 261 | 146 266 268 | 301 303 305 | 146 266 267 | 146 147 178 | 146 178 266 | 146 267 268 | 232 259 261 | 145 146 178 | 178 180 262 | 146 147 178 | 258 259 261 | 278 300 301 | 146 266 268 | 146 265 268 | 178 265 266 | 146 178 264 | 146 266 268 | 140 141 144 | 146 147 266 | 147 262 267 | 146 265 266 | 178 181 182 | 262 265 266 | 146 265 266 | 178 182 261 | 146 265 268 | 178 261 262 | 146 267 268 | 146 264 267 | 142 143 145 | 146 147 178 | 147 178 179 | 299 303 305 | 270 271 272 | 178 180 184 | 146 265 271 | 142 144 146 | 261 262 265 | 147 180 262 | 

M = 401 403 419 
436 438 440 | 290 293 297 | 290 293 296 | 335 336 339 | 377 379 380 | 379 380 421 | 400 401 403 | 344 345 346 | 345 346 370 | 400 403 419 | 357 358 359 | 283 284 291 | 438 439 440 | 438 439 440 | 296 315 318 | 345 346 370 | 336 339 403 | 400 401 419 | 312 316 319 | 341 377 378 | 400 401 419 | 341 376 405 | 336 337 409 | 408 409 410 | 315 318 319 | 376 377 379 | 339 341 415 | 406 407 415 | 331 336 403 | 335 336 339 | 327 400 401 | 335 336 339 | 

M = 125 127 197 
203 205 206 | 139 217 218 | 203 205 206 | 164 165 168 | 126 127 130 | 124 126 127 | 140 217 219 | 135 136 141 | 242 243 244 | 194 243 244 | 194 242 243 | 206 208 226 | 242 245 248 | 201 235 251 | 127 130 134 | 123 126 127 | 242 243 244 | 134 135 136 | 163 164 165 | 159 163 251 | 194 242 245 | 248 249 251 | 165 248 249 | 242 245 248 | 119 120 121 | 126 127 197 | 196 241 244 | 201 206 208 | 123 127 134 | 123 124 127 | 123 134 136 | 119 120 122 | 164 165 167 | 165 190 194 | 242 243 244 | 119 120 122 | 119 120 123 | 203 205 206 | 122 123 208 | 157 158 251 | 201 205 206 | 241 242 245 | 158 250 251 | 194 242 244 | 134 193 219 | 193 194 242 | 194 196 242 | 196 242 244 | 242 243 244 | 164 165 249 | 124 126 127 | 126 127 208 | 205 206 235 | 119 120 124 | 126 127 131 | 164 165 167 | 194 242 243 | 119 120 121 | 123 127 135 | 164 165 168 | 130 193 241 | 241 242 244 | 193 194 219 | 158 249 251 | 242 243 245 | 164 165 249 | 123 124 127 | 158 235 251 | 127 130 197 | 162 164 165 | 119 120 122 | 157 237 251 | 119 122 123 | 242 245 248 | 158 250 251 | 194 242 245 | 119 122 123 | 123 127 208 | 

FREQUENCIES
146: 29
178: 20
242: 18
127: 15
266: 15
123: 11
147: 11
261: 10
268: 10
194: 10
165: 10
265: 9
119: 9
244: 9
251: 9
243: 8
164: 8
120: 7
262: 7
267: 7
126: 7
206: 7
245: 7
403: 6
401: 6
336: 6
122: 6
134: 5
400: 5
419: 5
303: 5
249: 5
248: 5
339: 5
180: 5
158: 5
205: 5
208: 5
124: 5
130: 4
241: 4
259: 4
179: 4
182: 4
193: 4
219: 3
136: 3
135: 3
345: 3
346: 3
341: 3
264: 3
379: 3
377: 3
201: 3
197: 3
196: 3
440: 3
301: 3
305: 3
438: 3
335: 3
181: 3
229: 3
235: 3
203: 3
145: 3
217: 2
409: 2
299: 2
296: 2
370: 2
319: 2
318: 2
315: 2
271: 2
142: 2
415: 2
380: 2
293: 2
290: 2
439: 2
376: 2
144: 2
250: 2
168: 2
167: 2
163: 2
157: 2
140: 2
141: 2
121: 2
218: 1
131: 1
139: 1
312: 1
344: 1
283: 1
284: 1
408: 1
378: 1
410: 1
291: 1
190: 1
270: 1
272: 1
274: 1
275: 1
278: 1
421: 1
309: 1
300: 1
436: 1
337: 1
331: 1
258: 1
407: 1
406: 1
405: 1
184: 1
297: 1
316: 1
226: 1
162: 1
159: 1
237: 1
232: 1
327: 1
143: 1
125: 1
263: 1
357: 1
359: 1
358: 1
