D102m2.txt,0, | 203 206 235 | 123 127 208 | 267 269 274 | ,Score: 0

D106m3.txt,0, | 290 296 297 | 290 293 297 | 290 293 296 | ,Score: 0

D107m0.txt,0, | 146 265 268 | 335 336 339 | 124 127 135 | ,Score: 0

D110m2.txt,0, | 165 168 191 | 126 127 130 | 124 126 127 | ,Score: 0

D202m2.txt,0, | 379 380 419 | 379 419 421 | 327 335 402 | ,Score: 0

D203m5.txt,0, | 190 194 219 | 344 346 375 | 346 349 370 | ,Score: 0

D204m0.txt,0, | ,Score: 0

D206mR.txt,0, | ,Score: 0

D210m8.txt,0, | 144 147 177 | 400 403 419 | 146 178 266 | ,Score: 0

D214m3.txt,0, | 194 242 244 | 194 243 244 | 194 242 243 | ,Score: 0

D215m7.txt,0, | 122 124 208 | 145 146 178 | 178 182 261 | ,Score: 0

D216m1.txt,0, | 248 249 250 | 157 235 250 | 157 164 249 | ,Score: 0

D217m3.txt,0, | 282 288 313 | 147 178 266 | 330 401 403 | ,Score: 0

D218m7.txt,0, | 147 178 262 | 229 259 262 | 124 127 208 | ,Score: 0

D221m4.txt,0, | 123 127 134 | 134 139 219 | 146 264 266 | ,Score: 0

D222m6.txt,0, | 232 259 261 | 275 301 303 | 300 303 306 | ,Score: 0

D228m5.txt,0, | 157 164 167 | 157 163 250 | 157 164 249 | ,Score: 0

D229m1.txt,0, | 237 240 248 | 157 164 249 | 240 245 248 | ,Score: 0

D231m7.txt,0, | 147 178 262 | 179 181 262 | 181 229 262 | ,Score: 0

D239m5.txt,0, | 179 261 265 | 178 179 261 | 178 179 265 | ,Score: 0

D301m9.txt,0, | ,Score: 0

D302m1.txt,0, | ,Score: 0

D304m4.txt,0, | 120 121 122 | 229 259 262 | 272 275 303 | ,Score: 0

D305m1.txt,0, | 281 290 293 | 438 439 440 | ,Score: 0

D306m2.txt,0, | 145 178 267 | 262 264 267 | 134 135 140 | ,Score: 0

D307m2.txt,0, | ,Score: 0

D308m5.txt,0, | 299 303 307 | 237 239 251 | 124 127 135 | ,Score: 0

D310m9.txt,0, | 146 178 267 | 122 124 138 | 134 138 216 | ,Score: 0

D311m8.txt,0, | 293 296 315 | 278 299 303 | 146 268 271 | ,Score: 0

D312m9.txt,0, | 162 164 167 | 190 193 240 | 194 240 243 | ,Score: 0

D313m5.txt,0, | 146 178 267 | 119 120 122 | 408 411 415 | ,Score: 0

D314m8.txt,0, | 178 182 261 | 146 150 178 | 147 266 268 | ,Score: 0

D315m6.txt,0, | 146 178 267 | 232 259 261 | 203 232 233 | ,Score: 0

D317m4.txt,0, | 146 178 266 | 177 182 262 | 324 331 401 | ,Score: 0

D318m3.txt,0, | ,Score: 0

D319m6.txt,0, | 179 182 262 | 147 265 268 | 147 178 265 | ,Score: 0

D320m3.txt,0, | 157 235 251 | 206 235 237 | 197 241 249 | ,Score: 0

D321m1.txt,0, | 157 235 250 | 312 316 319 | 232 258 261 | ,Score: 0

D322m0.txt,0, | 278 297 300 | 146 266 268 | 297 300 311 | ,Score: 0

D323m1.txt,0, | 194 242 244 | 134 193 219 | 193 194 242 | ,Score: 0

D324m6.txt,0, | 193 196 242 | 196 242 244 | 242 243 244 | ,Score: 0

D325m0.txt,0, | 126 132 196 | 123 126 132 | 121 122 123 | ,Score: 0

D326m0.txt,0, | 119 122 124 | 178 261 265 | 146 265 268 | ,Score: 0

D327m7.txt,0, | 178 261 264 | 337 341 405 | 178 264 267 | ,Score: 0

D328m3.txt,0, | 262 265 267 | 336 339 408 | 388 408 411 | ,Score: 0

D330m1.txt,0, | 146 178 267 | 136 140 141 | 140 141 144 | ,Score: 0

D331m0.txt,0, | 127 131 135 | 161 164 167 | 193 194 242 | ,Score: 0

D332m4.txt,0, | 315 318 322 | 177 182 261 | 146 178 266 | ,Score: 0

D333m4.txt,0, | 146 178 267 | 376 377 379 | 147 262 267 | ,Score: 0

D403m6.txt,0, | 336 339 406 | 165 190 194 | 406 407 415 | ,Score: 0

D407m5.txt,0, | 331 336 403 | 178 262 266 | 336 339 408 | ,Score: 0

D408m8.txt,0, | 147 178 262 | 148 262 266 | 147 178 266 | ,Score: 0

D409m5.txt,0, | 178 261 265 | 396 403 419 | 147 265 268 | ,Score: 0

D410mR.txt,0, | 130 194 219 | 194 241 245 | 193 194 219 | ,Score: 0

D413m2.txt,0, | 158 163 250 | 194 243 245 | 164 165 249 | ,Score: 0

D414m2.txt,0, | 178 229 261 | 267 269 273 | 177 262 267 | ,Score: 0

D421m7.txt,0, | 120 124 208 | 203 206 235 | 127 132 196 | ,Score: 0

D428m7.txt,0, | 177 180 262 | 143 146 177 | 142 143 145 | ,Score: 0

D430mR.txt,0, | ,Score: 0

D431m9.txt,0, | ,Score: 0

D438m9.txt,0, | 120 122 208 | 146 178 179 | 147 178 179 | ,Score: 0

D450m5.txt,0, | 201 237 251 | 299 303 308 | 123 127 208 | ,Score: 0

D453m0.txt,0, | 265 270 271 | 178 180 184 | 146 265 271 | ,Score: 0

D459m2.txt,0, | 242 245 248 | 248 250 251 | 194 242 245 | ,Score: 0

D462m1.txt,0, | 335 339 403 | 146 147 265 | 147 262 265 | ,Score: 0

D464m0.txt,0, | 120 122 208 | 142 144 146 | 119 120 123 | ,Score: 0

