D102m2.txt,21, | 203 205 206 | 139 217 218 | 146 266 267 | ,Score: 44.9434

D106m3.txt,6, | 436 438 440 | 290 293 297 | 290 293 296 | ,Score: 28.4236

D107m0.txt,19, | 146 266 268 | 335 336 339 | 203 205 206 | ,Score: 38.3664

D110m2.txt,11, | 164 165 168 | 126 127 130 | 124 126 127 | ,Score: 21.4777

D202m2.txt,6, | 377 379 380 | 379 380 421 | 400 401 403 | ,Score: 35.1366

D203m5.txt,13, | 140 217 219 | 344 345 346 | 345 346 370 | ,Score: 20.7296

D204m0.txt,0, | ,Score: 0

D206mR.txt,0, | ,Score: 0

D210m8.txt,14, | 135 136 141 | 400 403 419 | 146 147 268 | ,Score: 32.122

D214m3.txt,8, | 242 243 244 | 194 243 244 | 194 242 243 | ,Score: 40.7984

D215m7.txt,18, | 206 208 226 | 146 178 179 | 178 179 182 | ,Score: 37.7636

D216m1.txt,8, | 242 245 248 | 201 235 251 | 357 358 359 | ,Score: 31.2908

D217m3.txt,16, | 283 284 291 | 147 178 180 | 401 403 419 | ,Score: 27.287

D218m7.txt,16, | 145 146 147 | 259 261 263 | 127 130 134 | ,Score: 30.5637

D221m4.txt,18, | 123 126 127 | 242 243 244 | 146 264 266 | ,Score: 25.4761

D222m6.txt,15, | 134 135 136 | 274 301 303 | 299 303 309 | ,Score: 33.5041

D228m5.txt,12, | 163 164 165 | 159 163 251 | 194 242 245 | ,Score: 30.6194

D229m1.txt,12, | 248 249 251 | 165 248 249 | 242 245 248 | ,Score: 70.2081

D231m7.txt,9, | 146 147 178 | 181 261 262 | 181 229 261 | ,Score: 38.6533

D239m5.txt,12, | 119 120 121 | 178 179 180 | 178 265 266 | ,Score: 56.1198

D301m9.txt,0, | ,Score: 0

D302m1.txt,0, | ,Score: 0

D304m4.txt,16, | 126 127 197 | 229 259 261 | 275 303 305 | ,Score: 25.1605

D305m1.txt,5, | 438 439 440 | 438 439 440 | ,Score: 19.2242

D306m2.txt,18, | 146 266 268 | 182 229 261 | 196 241 244 | ,Score: 30.9336

D307m2.txt,0, | ,Score: 0

D308m5.txt,19, | 146 266 268 | 201 206 208 | 123 127 134 | ,Score: 44.7782

D310m9.txt,15, | 146 178 267 | 123 124 127 | 123 134 136 | ,Score: 43.8405

D311m8.txt,13, | 296 315 318 | 301 303 305 | 119 120 122 | ,Score: 45.9786

D312m9.txt,13, | 164 165 167 | 165 190 194 | 242 243 244 | ,Score: 42.6864

D313m5.txt,15, | 146 266 267 | 119 120 122 | 345 346 370 | ,Score: 17.9283

D314m8.txt,9, | 119 120 123 | 146 147 178 | 146 178 266 | ,Score: 22.5415

D315m6.txt,11, | 146 267 268 | 232 259 261 | 203 205 206 | ,Score: 26.1693

D317m4.txt,15, | 145 146 178 | 122 123 208 | 336 339 403 | ,Score: 25.8153

D318m3.txt,0, | ,Score: 0

D319m6.txt,13, | 178 180 262 | 400 401 419 | 146 147 178 | ,Score: 24.6631

D320m3.txt,17, | 157 158 251 | 201 205 206 | 241 242 245 | ,Score: 36.2057

D321m1.txt,17, | 158 250 251 | 312 316 319 | 258 259 261 | ,Score: 39.1473

D322m0.txt,13, | 278 300 301 | 146 266 268 | 341 377 378 | ,Score: 29.8876

D323m1.txt,9, | 194 242 244 | 134 193 219 | 193 194 242 | ,Score: 27.4982

D324m6.txt,8, | 194 196 242 | 196 242 244 | 242 243 244 | ,Score: 27.9664

D325m0.txt,16, | 164 165 249 | 124 126 127 | 146 265 268 | ,Score: 39.1775

D326m0.txt,18, | 126 127 208 | 178 265 266 | 400 401 419 | ,Score: 27.4589

D327m7.txt,18, | 125 127 197 | 341 376 405 | 146 178 264 | ,Score: 25.0045

D328m3.txt,12, | 146 266 268 | 336 337 409 | 408 409 410 | ,Score: 31.5331

D330m1.txt,12, | 205 206 235 | 119 120 124 | 140 141 144 | ,Score: 23.3997

D331m0.txt,11, | 126 127 131 | 164 165 167 | 194 242 243 | ,Score: 30.4046

D332m4.txt,15, | 315 318 319 | 119 120 121 | 146 147 266 | ,Score: 27.6191

D333m4.txt,16, | 123 127 135 | 376 377 379 | 147 262 267 | ,Score: 25.3666

D403m6.txt,9, | 339 341 415 | 164 165 168 | 406 407 415 | ,Score: 22.4174

D407m5.txt,11, | 331 336 403 | 146 265 266 | 335 336 339 | ,Score: 29.7506

D408m8.txt,10, | 178 181 182 | 262 265 266 | 146 265 266 | ,Score: 48.2903

D409m5.txt,15, | 178 182 261 | 401 403 419 | 146 265 268 | ,Score: 32.8764

D410mR.txt,8, | 130 193 241 | 241 242 244 | 193 194 219 | ,Score: 33.0327

D413m2.txt,10, | 158 249 251 | 242 243 245 | 164 165 249 | ,Score: 50.7794

D414m2.txt,11, | 178 261 262 | 146 267 268 | 146 264 267 | ,Score: 31.0634

D421m7.txt,12, | 123 124 127 | 158 235 251 | 127 130 197 | ,Score: 32.773

D428m7.txt,14, | 162 164 165 | 327 400 401 | 142 143 145 | ,Score: 28.733

D430mR.txt,0, | ,Score: 0

D431m9.txt,0, | ,Score: 0

D438m9.txt,7, | 119 120 122 | 146 147 178 | 147 178 179 | ,Score: 30.3908

D450m5.txt,18, | 157 237 251 | 299 303 305 | 119 122 123 | ,Score: 34.7175

D453m0.txt,11, | 270 271 272 | 178 180 184 | 146 265 271 | ,Score: 26.9351

D459m2.txt,8, | 242 245 248 | 158 250 251 | 194 242 245 | ,Score: 28.1829

D462m1.txt,13, | 335 336 339 | 142 144 146 | 261 262 265 | ,Score: 31.3116

D464m0.txt,13, | 119 122 123 | 147 180 262 | 123 127 208 | ,Score: 33.8431

