M = 165 248 249 
125 126 206 | 164 165 168 | 204 205 206 | 126 127 130 | 193 194 242 | 237 248 249 | 123 126 127 | 242 243 244 | 164 165 167 | 201 235 251 | 242 245 248 | 201 235 251 | 242 243 244 | 123 126 127 | 194 242 245 | 162 163 164 | 163 164 165 | 158 159 251 | 242 245 248 | 126 127 208 | 196 241 242 | 126 206 208 | 123 127 134 | 130 194 197 | 164 165 167 | 194 242 243 | 162 164 165 | 203 205 206 | 123 126 127 | 157 235 251 | 157 158 251 | 196 242 245 | 158 250 251 | 235 250 251 | 194 242 244 | 193 196 242 | 164 165 167 | 157 249 250 | 194 196 242 | 164 165 249 | 164 165 249 | 124 126 127 | 126 127 208 | 205 206 235 | 194 242 243 | 164 165 167 | 123 126 127 | 123 127 135 | 164 165 168 | 241 242 244 | 241 242 245 | 194 242 244 | 164 165 249 | 242 243 245 | 158 249 251 | 201 235 251 | 203 233 235 | 127 130 197 | 164 165 169 | 156 237 251 | 242 245 248 | 158 250 251 | 194 242 245 | 

M = 330 401 403 
391 438 440 | 290 293 297 | 290 293 296 | 337 339 341 | 324 326 331 | 344 345 346 | 281 293 297 | 389 434 435 | 434 438 440 | 388 434 435 | 400 403 419 | 357 358 359 | 312 316 319 | 283 284 291 | 315 318 320 | 440 441 443 | 438 440 441 | 438 439 440 | 362 364 366 | 281 290 293 | 435 438 440 | 343 345 346 | 345 346 370 | 336 339 403 | 400 401 419 | 312 316 319 | 341 377 379 | 400 401 419 | 400 401 403 | 341 342 405 | 345 347 370 | 336 337 409 | 336 339 403 | 326 329 334 | 330 335 403 | 339 341 415 | 336 339 403 | 336 339 403 | 346 348 349 | 281 283 284 | 341 377 379 | 338 339 403 | 399 400 401 | 435 438 440 | 435 438 441 | 435 440 441 | 335 336 339 | 334 335 336 | 342 344 375 | 

M = 146 178 266 
178 180 182 | 274 301 303 | 120 123 208 | 178 261 265 | 119 121 123 | 232 233 259 | 146 265 267 | 145 147 268 | 146 178 179 | 122 123 208 | 147 178 180 | 259 261 262 | 119 122 123 | 123 134 136 | 146 264 265 | 229 232 261 | 299 303 309 | 134 135 136 | 181 261 262 | 146 147 178 | 178 180 181 | 136 141 215 | 275 278 283 | 178 229 261 | 146 266 268 | 182 229 261 | 301 303 305 | 146 266 268 | 177 178 180 | 301 303 305 | 119 120 122 | 146 266 267 | 119 122 123 | 146 147 178 | 119 120 123 | 146 267 268 | 232 258 259 | 122 123 208 | 145 146 178 | 146 147 266 | 123 134 136 | 268 273 274 | 146 265 268 | 146 178 265 | 146 178 264 | 146 266 268 | 140 141 144 | 147 180 262 | 301 303 305 | 146 147 178 | 146 265 266 | 178 181 182 | 146 265 266 | 261 264 265 | 136 137 140 | 146 264 267 | 146 266 268 | 145 146 178 | 146 147 178 | 178 181 229 | 119 120 122 | 119 122 123 | 299 303 305 | 178 180 184 | 270 271 272 | 146 265 271 | 144 146 147 | 136 140 141 | 119 122 123 | 

FREQUENCIES
146: 25
242: 19
178: 19
123: 17
164: 13
165: 13
127: 11
251: 11
126: 10
403: 9
265: 9
194: 9
147: 9
266: 9
268: 8
119: 8
440: 8
245: 8
339: 8
122: 8
261: 7
249: 7
438: 7
336: 7
235: 7
136: 6
303: 6
435: 6
180: 6
208: 6
341: 5
401: 5
400: 5
244: 5
243: 5
248: 5
158: 5
206: 5
134: 4
345: 4
346: 4
120: 4
267: 4
264: 4
196: 4
301: 4
441: 4
305: 4
293: 4
250: 4
181: 4
229: 4
167: 4
130: 3
281: 3
283: 3
419: 3
290: 3
141: 3
241: 3
434: 3
335: 3
259: 3
182: 3
157: 3
232: 3
201: 3
145: 3
205: 3
140: 3
262: 3
135: 2
344: 2
284: 2
379: 2
299: 2
297: 2
319: 2
197: 2
316: 2
193: 2
271: 2
274: 2
377: 2
334: 2
337: 2
330: 2
144: 2
312: 2
342: 2
370: 2
168: 2
162: 2
163: 2
237: 2
233: 2
326: 2
203: 2
215: 1
137: 1
169: 1
347: 1
348: 1
409: 1
121: 1
125: 1
415: 1
296: 1
375: 1
291: 1
318: 1
270: 1
391: 1
273: 1
275: 1
278: 1
399: 1
366: 1
364: 1
362: 1
309: 1
443: 1
388: 1
389: 1
439: 1
338: 1
331: 1
258: 1
179: 1
177: 1
405: 1
184: 1
343: 1
315: 1
272: 1
349: 1
156: 1
159: 1
320: 1
324: 1
329: 1
204: 1
357: 1
124: 1
359: 1
358: 1
