D102m2.txt,0, | 201 208 226 | 274 301 303 | 123 127 208 | ,Score: 0

D106m3.txt,0, | 391 436 440 | 290 293 297 | 290 293 296 | ,Score: 0

D107m0.txt,0, | 336 339 403 | 122 124 135 | 127 208 210 | ,Score: 0

D110m2.txt,0, | 165 168 191 | 204 205 206 | 123 124 127 | ,Score: 0

D202m2.txt,0, | 401 403 419 | 124 126 207 | 158 251 253 | ,Score: 0

D203m5.txt,0, | 263 265 267 | 345 347 370 | 165 190 194 | ,Score: 0

D204m0.txt,0, | 281 293 297 | ,Score: 0

D206mR.txt,0, | 389 434 435 | 434 438 440 | 388 389 435 | ,Score: 0

D210m8.txt,0, | 288 317 324 | 148 262 266 | 144 147 177 | ,Score: 0

D214m3.txt,0, | 123 126 127 | 194 241 243 | 165 190 194 | ,Score: 0

D215m7.txt,0, | 178 182 261 | 123 127 208 | 201 235 251 | ,Score: 0

D216m1.txt,0, | 157 164 167 | 165 248 249 | 157 235 250 | ,Score: 0

D217m3.txt,0, | 312 316 319 | 147 178 266 | 282 288 313 | ,Score: 0

D218m7.txt,0, | 178 229 261 | 123 127 208 | 123 127 135 | ,Score: 0

D221m4.txt,0, | 229 259 261 | 191 196 242 | 134 140 219 | ,Score: 0

D222m6.txt,0, | 229 259 261 | 278 300 306 | 268 274 275 | ,Score: 0

D228m5.txt,0, | 157 164 249 | 157 162 163 | 157 163 165 | ,Score: 0

D229m1.txt,0, | 158 235 251 | 191 240 242 | 157 164 249 | ,Score: 0

D231m7.txt,0, | 179 261 263 | 316 319 323 | 147 178 263 | ,Score: 0

D239m5.txt,0, | 179 181 261 | 146 178 265 | 136 141 215 | ,Score: 0

D301m9.txt,0, | 435 440 443 | 435 437 440 | 437 438 439 | ,Score: 0

D302m1.txt,0, | ,Score: 0

D304m4.txt,0, | 272 275 303 | 183 259 261 | 168 171 191 | ,Score: 0

D305m1.txt,0, | 366 388 412 | 290 443 444 | 435 440 443 | ,Score: 0

D306m2.txt,0, | 145 178 267 | 182 229 262 | 127 130 135 | ,Score: 0

D307m2.txt,0, | ,Score: 0

D308m5.txt,0, | 126 130 197 | 299 302 307 | 262 265 267 | ,Score: 0

D310m9.txt,0, | 347 351 369 | 134 138 216 | 123 127 208 | ,Score: 0

D311m8.txt,0, | 293 299 314 | 293 314 318 | 146 268 271 | ,Score: 0

D312m9.txt,0, | 127 130 196 | 190 193 240 | 240 245 248 | ,Score: 0

D313m5.txt,0, | 146 178 267 | 120 122 123 | 408 411 415 | ,Score: 0

D314m8.txt,0, | 143 146 147 | 150 178 267 | 120 123 208 | ,Score: 0

D315m6.txt,0, | 203 232 233 | 232 258 261 | 232 258 259 | ,Score: 0

D317m4.txt,0, | 177 182 262 | 331 401 403 | 146 178 266 | ,Score: 0

D318m3.txt,0, | ,Score: 0

D319m6.txt,0, | 146 178 265 | 147 265 268 | 179 182 262 | ,Score: 0

D320m3.txt,0, | 201 237 251 | 157 164 249 | 193 197 241 | ,Score: 0

D321m1.txt,0, | 157 235 250 | 201 203 233 | 282 313 317 | ,Score: 0

D322m0.txt,0, | 171 190 218 | 278 297 299 | 330 401 403 | ,Score: 0

D323m1.txt,0, | 194 196 242 | 193 196 242 | 164 165 167 | ,Score: 0

D324m6.txt,0, | 157 237 250 | 193 196 242 | 157 164 249 | ,Score: 0

D325m0.txt,0, | 299 303 308 | 196 237 249 | 123 127 135 | ,Score: 0

D326m0.txt,0, | 267 272 274 | 178 261 265 | 124 127 199 | ,Score: 0

D327m7.txt,0, | 125 132 197 | 336 403 405 | 341 376 405 | ,Score: 0

D328m3.txt,0, | 337 339 407 | 337 408 409 | 388 408 411 | ,Score: 0

D330m1.txt,0, | 146 178 267 | 125 130 197 | 139 141 220 | ,Score: 0

D331m0.txt,0, | 193 196 242 | 159 162 251 | 123 127 135 | ,Score: 0

D332m4.txt,0, | 315 318 322 | 177 182 261 | 297 300 307 | ,Score: 0

D333m4.txt,0, | 341 343 376 | 123 127 208 | 135 141 211 | ,Score: 0

D403m6.txt,0, | 339 341 406 | 336 403 406 | 169 191 220 | ,Score: 0

D407m5.txt,0, | 331 336 403 | 178 181 261 | 345 346 348 | ,Score: 0

D408m8.txt,0, | 147 178 267 | 177 182 261 | 147 262 266 | ,Score: 0

D409m5.txt,0, | 178 261 265 | 396 403 419 | 147 265 268 | ,Score: 0

D410mR.txt,0, | 242 244 246 | 242 245 246 | 194 241 245 | ,Score: 0

D413m2.txt,0, | 164 165 249 | 194 243 245 | 201 235 251 | ,Score: 0

D414m2.txt,0, | 267 269 274 | 177 262 267 | 178 261 264 | ,Score: 0

D421m7.txt,0, | 203 206 235 | 156 233 235 | 122 124 132 | ,Score: 0

D428m7.txt,0, | 324 399 401 | 177 182 262 | 143 146 177 | ,Score: 0

D430mR.txt,0, | 435 438 440 | 435 438 441 | 435 440 441 | ,Score: 0

D431m9.txt,0, | ,Score: 0

D438m9.txt,0, | 147 178 262 | 181 229 262 | 178 182 262 | ,Score: 0

D450m5.txt,0, | 201 205 208 | 157 235 237 | 299 303 308 | ,Score: 0

D453m0.txt,0, | 146 178 265 | 146 270 271 | 146 265 270 | ,Score: 0

D459m2.txt,0, | 242 245 248 | 248 250 251 | 194 242 245 | ,Score: 0

D462m1.txt,0, | 336 339 403 | 329 334 336 | 147 262 266 | ,Score: 0

D464m0.txt,0, | 178 261 265 | 142 143 146 | 120 123 208 | ,Score: 0

