M = 146 178 267 
274 301 303 | 122 141 211 | 146 266 268 | 146 147 178 | 146 265 267 | 145 147 268 | 232 259 261 | 146 178 179 | 205 206 228 | 147 178 180 | 182 229 262 | 145 146 265 | 229 232 261 | 299 303 309 | 181 229 262 | 139 141 142 | 178 180 181 | 146 266 268 | 146 266 268 | 301 303 305 | 146 266 267 | 119 120 123 | 175 178 261 | 232 259 261 | 146 267 268 | 177 178 180 | 146 178 266 | 268 273 274 | 146 265 268 | 146 178 265 | 146 178 264 | 146 266 268 | 137 139 142 | 230 259 262 | 146 147 178 | 266 267 268 | 146 265 266 | 258 259 261 | 178 181 182 | 265 268 269 | 268 269 273 | 146 266 268 | 119 123 124 | 177 180 262 | 146 147 178 | 119 120 122 | 299 303 305 | 119 122 123 | 178 261 265 | 180 182 184 | 146 265 270 | 119 122 123 | 144 146 147 | 147 180 262 | 119 122 123 | 

M = 196 242 248 
203 205 206 | 205 206 235 | 164 165 168 | 164 165 249 | 126 127 130 | 204 206 207 | 193 194 242 | 237 248 249 | 194 242 243 | 123 126 127 | 242 243 244 | 197 248 250 | 201 235 251 | 242 245 248 | 201 204 235 | 123 134 136 | 126 127 130 | 134 135 136 | 164 165 167 | 163 164 165 | 194 242 245 | 165 248 249 | 242 245 248 | 158 159 251 | 136 141 215 | 164 165 168 | 164 165 167 | 124 127 135 | 126 206 208 | 123 127 134 | 164 165 167 | 130 193 194 | 194 242 243 | 127 196 197 | 122 123 208 | 123 134 136 | 201 205 206 | 157 158 251 | 196 242 245 | 158 250 251 | 123 134 136 | 194 242 244 | 193 194 242 | 194 196 242 | 130 194 219 | 164 165 249 | 124 126 127 | 164 165 249 | 126 127 208 | 125 127 197 | 205 206 235 | 164 165 167 | 132 193 194 | 164 165 168 | 158 250 251 | 136 137 140 | 196 241 242 | 193 241 242 | 241 242 244 | 201 235 251 | 242 243 245 | 164 165 249 | 201 235 251 | 196 197 248 | 156 237 251 | 194 242 245 | 158 250 251 | 164 165 167 | 

M = 396 401 403 
290 293 296 | 391 438 440 | 388 391 412 | 337 339 341 | 324 326 331 | 344 345 346 | 333 390 434 | 281 290 293 | 434 438 440 | 392 434 440 | 387 388 392 | 360 362 364 | 400 403 419 | 283 284 288 | 400 401 419 | 279 282 297 | 315 318 320 | 331 400 403 | 440 441 443 | 356 358 359 | 438 440 441 | 438 440 441 | 438 440 441 | 339 341 376 | 435 440 443 | 435 438 440 | 362 364 366 | 281 291 297 | 343 345 346 | 327 330 334 | 341 343 377 | 358 451 454 | 408 410 411 | 281 283 284 | 336 339 403 | 437 438 440 | 400 401 419 | 312 316 319 | 379 419 421 | 329 330 401 | 341 377 379 | 400 401 419 | 341 342 379 | 400 401 419 | 408 409 410 | 335 336 407 | 334 336 407 | 359 360 362 | 315 318 319 | 335 336 403 | 341 344 377 | 336 339 403 | 281 283 284 | 341 377 379 | 363 368 387 | 324 400 401 | 318 319 322 | 293 296 318 | 435 438 440 | 421 424 426 | 335 336 339 | 342 344 375 | 

FREQUENCIES
146: 22
242: 17
178: 15
165: 14
164: 13
268: 12
123: 11
194: 11
440: 11
266: 9
127: 9
251: 9
265: 8
438: 8
341: 7
401: 7
400: 7
248: 7
147: 7
206: 7
126: 6
136: 6
403: 6
336: 6
122: 6
267: 6
419: 6
196: 6
119: 6
245: 6
249: 6
180: 6
235: 6
261: 6
134: 5
262: 5
193: 5
339: 5
167: 5
158: 5
201: 5
205: 5
130: 4
281: 4
379: 4
318: 4
197: 4
441: 4
303: 4
243: 4
377: 4
259: 4
250: 4
344: 3
283: 3
284: 3
319: 3
141: 3
362: 3
244: 3
241: 3
293: 3
434: 3
435: 3
335: 3
182: 3
181: 3
168: 3
229: 3
232: 3
208: 3
124: 3
137: 2
135: 2
139: 2
346: 2
408: 2
120: 2
269: 2
410: 2
299: 2
296: 2
297: 2
290: 2
392: 2
391: 2
274: 2
364: 2
360: 2
443: 2
301: 2
305: 2
388: 2
334: 2
387: 2
331: 2
330: 2
177: 2
407: 2
345: 2
342: 2
343: 2
142: 2
315: 2
273: 2
237: 2
324: 2
145: 2
204: 2
421: 2
359: 2
358: 2
215: 1
211: 1
264: 1
219: 1
132: 1
288: 1
282: 1
409: 1
454: 1
424: 1
411: 1
412: 1
375: 1
376: 1
316: 1
270: 1
390: 1
396: 1
279: 1
175: 1
140: 1
368: 1
366: 1
363: 1
426: 1
309: 1
437: 1
337: 1
333: 1
144: 1
258: 1
179: 1
184: 1
312: 1
228: 1
163: 1
157: 1
156: 1
159: 1
230: 1
322: 1
320: 1
326: 1
327: 1
329: 1
203: 1
207: 1
125: 1
291: 1
451: 1
356: 1
