D102m2.txt,0, | 201 208 226 | 294 298 311 | 124 127 211 | ,Score: 0

D106m3.txt,0, | 290 293 297 | 391 436 440 | 388 391 412 | ,Score: 0

D107m0.txt,0, | 336 339 403 | 123 127 208 | 146 265 271 | ,Score: 0

D110m2.txt,0, | 165 168 191 | 164 165 249 | 123 124 127 | ,Score: 0

D202m2.txt,0, | 401 403 419 | 201 233 253 | 123 127 208 | ,Score: 0

D203m5.txt,0, | 263 265 267 | 345 347 370 | 165 190 194 | ,Score: 0

D204m0.txt,0, | 333 390 407 | 281 293 297 | 391 436 438 | ,Score: 0

D206mR.txt,0, | 389 393 435 | 366 388 392 | 351 360 364 | ,Score: 0

D210m8.txt,0, | 288 317 324 | 148 262 266 | 157 237 249 | ,Score: 0

D214m3.txt,0, | 194 241 244 | 165 190 194 | 242 243 244 | ,Score: 0

D215m7.txt,0, | 201 208 226 | 178 182 261 | 143 146 177 | ,Score: 0

D216m1.txt,0, | 157 235 250 | 157 164 249 | 201 204 235 | ,Score: 0

D217m3.txt,0, | 282 288 313 | 201 205 228 | 146 178 266 | ,Score: 0

D218m7.txt,0, | 400 401 419 | 146 150 178 | 124 127 135 | ,Score: 0

D221m4.txt,0, | 282 283 286 | 130 190 219 | 126 130 196 | ,Score: 0

D222m6.txt,0, | 229 259 261 | 182 229 261 | 275 301 306 | ,Score: 0

D228m5.txt,0, | 157 163 167 | 157 163 165 | 163 249 251 | ,Score: 0

D229m1.txt,0, | 165 240 249 | 191 240 242 | 157 235 251 | ,Score: 0

D231m7.txt,0, | 183 260 263 | 147 179 262 | 316 319 323 | ,Score: 0

D239m5.txt,0, | 179 261 265 | 146 178 265 | 401 403 419 | ,Score: 0

D301m9.txt,0, | 435 441 443 | 354 357 359 | 435 438 440 | ,Score: 0

D302m1.txt,0, | 438 440 441 | 164 165 167 | ,Score: 0

D304m4.txt,0, | 274 278 303 | 183 259 261 | 168 171 191 | ,Score: 0

D305m1.txt,0, | 435 440 443 | 435 438 440 | 362 443 444 | ,Score: 0

D306m2.txt,0, | 145 178 267 | 130 196 241 | 135 139 212 | ,Score: 0

D307m2.txt,0, | ,Score: 0

D308m5.txt,0, | 201 208 226 | 281 291 297 | 299 302 307 | ,Score: 0

D310m9.txt,0, | 231 232 261 | 123 134 139 | 351 366 369 | ,Score: 0

D311m8.txt,0, | 281 292 297 | 284 286 290 | 341 343 378 | ,Score: 0

D312m9.txt,0, | 193 197 240 | 130 194 197 | 194 240 243 | ,Score: 0

D313m5.txt,0, | 146 178 267 | 408 411 415 | 408 410 411 | ,Score: 0

D314m8.txt,0, | 120 122 208 | 258 259 261 | 147 150 267 | ,Score: 0

D315m6.txt,0, | 203 232 233 | 197 239 248 | 267 271 274 | ,Score: 0

D317m4.txt,0, | 123 126 208 | 336 403 406 | 177 182 261 | ,Score: 0

D318m3.txt,0, | 437 438 440 | ,Score: 0

D319m6.txt,0, | 134 136 140 | 146 265 268 | 147 179 262 | ,Score: 0

D320m3.txt,0, | 201 205 208 | 158 235 251 | 196 241 249 | ,Score: 0

D321m1.txt,0, | 157 235 237 | 282 313 317 | 421 424 426 | ,Score: 0

D322m0.txt,0, | 329 333 401 | 278 280 298 | 333 335 403 | ,Score: 0

D323m1.txt,0, | 123 127 134 | 193 196 242 | 193 194 242 | ,Score: 0

D324m6.txt,0, | 193 196 242 | 134 193 219 | 157 164 249 | ,Score: 0

D325m0.txt,0, | 296 302 308 | 126 132 197 | 194 196 244 | ,Score: 0

D326m0.txt,0, | 178 262 267 | 124 127 199 | 336 405 408 | ,Score: 0

D327m7.txt,0, | 178 261 264 | 125 132 197 | 336 403 405 | ,Score: 0

D328m3.txt,0, | 337 403 407 | 146 265 268 | 388 408 411 | ,Score: 0

D330m1.txt,0, | 336 407 409 | 335 337 403 | 124 128 135 | ,Score: 0

D331m0.txt,0, | 359 360 362 | 159 162 251 | 126 131 196 | ,Score: 0

D332m4.txt,0, | 293 299 315 | 177 182 261 | 183 230 261 | ,Score: 0

D333m4.txt,0, | 124 132 138 | 197 237 249 | 330 336 403 | ,Score: 0

D403m6.txt,0, | 146 178 267 | 169 191 220 | 339 408 415 | ,Score: 0

D407m5.txt,0, | 335 339 403 | 181 229 262 | 146 178 266 | ,Score: 0

D408m8.txt,0, | 177 261 265 | 178 181 226 | 148 175 267 | ,Score: 0

D409m5.txt,0, | 396 403 419 | 267 269 273 | 146 178 266 | ,Score: 0

D410mR.txt,0, | 196 241 249 | 193 196 242 | 196 241 245 | ,Score: 0

D413m2.txt,0, | 204 206 235 | 194 243 245 | 164 249 252 | ,Score: 0

D414m2.txt,0, | 336 339 403 | 268 273 274 | 177 262 267 | ,Score: 0

D421m7.txt,0, | 203 232 235 | 123 127 208 | 120 123 208 | ,Score: 0

D428m7.txt,0, | 327 400 402 | 288 324 396 | 177 182 261 | ,Score: 0

D430mR.txt,0, | 318 319 322 | 293 296 318 | 354 362 444 | ,Score: 0

D431m9.txt,0, | ,Score: 0

D438m9.txt,0, | 147 178 262 | 178 182 229 | 421 424 426 | ,Score: 0

D450m5.txt,0, | 156 233 235 | 299 303 308 | 123 127 208 | ,Score: 0

D453m0.txt,0, | 178 184 261 | 178 180 184 | 146 265 271 | ,Score: 0

D459m2.txt,0, | 194 242 245 | 248 250 251 | 164 165 167 | ,Score: 0

D462m1.txt,0, | 335 337 403 | 182 229 262 | 142 144 146 | ,Score: 0

D464m0.txt,0, | 146 178 267 | 122 141 143 | 228 259 262 | ,Score: 0

