M = 146 178 267 
274 301 303 | 146 266 267 | 146 266 268 | 145 147 268 | 146 178 179 | 232 259 261 | 205 206 228 | 147 178 180 | 259 261 262 | 119 122 123 | 146 265 266 | 229 232 261 | 299 303 309 | 139 141 142 | 181 261 262 | 178 180 181 | 146 266 268 | 146 266 268 | 301 303 305 | 296 297 301 | 146 266 267 | 147 178 180 | 146 267 268 | 177 178 180 | 178 180 262 | 268 273 274 | 146 265 268 | 119 120 122 | 146 178 264 | 146 266 268 | 146 147 266 | 146 147 178 | 146 265 266 | 146 265 266 | 178 182 226 | 261 264 265 | 146 267 268 | 146 266 268 | 177 180 262 | 119 120 122 | 146 147 178 | 299 303 305 | 180 182 184 | 146 265 270 | 144 146 147 | 147 180 262 | 119 122 123 | 

M = 396 401 403 
388 391 412 | 391 438 440 | 290 293 296 | 337 339 341 | 324 326 331 | 438 439 440 | 344 345 346 | 434 438 440 | 333 334 407 | 281 290 293 | 392 434 440 | 368 387 388 | 333 392 434 | 400 403 419 | 357 358 359 | 283 284 288 | 279 282 297 | 315 318 320 | 331 400 403 | 285 290 444 | 356 358 359 | 438 440 441 | 438 440 441 | 438 440 441 | 339 341 376 | 435 438 440 | 281 290 293 | 362 364 366 | 281 291 297 | 343 345 346 | 330 336 403 | 345 346 370 | 326 329 334 | 283 284 286 | 346 347 370 | 400 401 403 | 437 438 440 | 400 401 419 | 312 316 319 | 341 377 379 | 310 312 316 | 337 339 341 | 341 342 379 | 408 409 410 | 400 401 419 | 335 336 407 | 334 336 407 | 315 318 319 | 335 336 403 | 451 454 456 | 341 344 377 | 336 339 403 | 348 349 451 | 281 283 284 | 341 377 379 | 338 339 403 | 399 400 401 | 354 355 444 | 435 438 440 | 354 362 444 | 421 424 426 | 336 337 338 | 342 377 379 | 334 335 336 | 342 344 375 | 

M = 194 197 241 
203 205 206 | 205 206 235 | 164 165 168 | 204 205 206 | 126 127 130 | 204 206 207 | 140 217 219 | 237 248 249 | 164 165 167 | 242 243 244 | 197 248 250 | 242 245 248 | 201 235 251 | 123 134 136 | 126 127 130 | 134 135 136 | 159 163 251 | 162 163 164 | 194 242 245 | 248 249 251 | 165 248 249 | 242 245 248 | 136 141 215 | 164 165 168 | 164 165 167 | 124 127 135 | 126 206 208 | 123 127 134 | 242 243 244 | 164 165 167 | 162 164 165 | 162 164 167 | 162 164 165 | 201 205 206 | 134 136 140 | 157 158 251 | 193 196 197 | 157 235 251 | 235 250 251 | 204 205 206 | 235 250 251 | 123 134 136 | 193 194 242 | 194 242 244 | 194 196 242 | 130 194 219 | 164 165 249 | 164 165 249 | 124 126 127 | 125 127 197 | 205 206 235 | 131 193 194 | 164 165 167 | 194 242 243 | 136 137 139 | 130 132 193 | 190 191 220 | 136 137 140 | 196 241 242 | 196 242 244 | 241 242 244 | 242 243 245 | 242 245 248 | 164 165 249 | 123 124 127 | 158 235 251 | 164 165 169 | 156 235 251 | 123 124 127 | 158 250 251 | 130 193 194 | 194 242 245 | 

FREQUENCIES
146: 23
242: 15
164: 14
178: 13
165: 13
266: 11
268: 10
194: 10
440: 10
251: 10
438: 9
206: 9
403: 8
127: 8
180: 8
235: 8
147: 8
136: 7
341: 7
336: 7
123: 7
267: 7
248: 7
205: 7
265: 6
400: 6
245: 6
249: 6
130: 5
134: 5
401: 5
262: 5
261: 5
244: 5
339: 5
193: 5
167: 5
346: 4
281: 4
126: 4
379: 4
290: 4
197: 4
196: 4
119: 4
303: 4
243: 4
377: 4
334: 4
250: 4
162: 4
122: 4
124: 4
407: 3
283: 3
284: 3
297: 3
419: 3
301: 3
441: 3
444: 3
241: 3
293: 3
434: 3
335: 3
337: 3
344: 3
345: 3
342: 3
158: 3
204: 3
140: 3
264: 2
219: 2
137: 2
135: 2
139: 2
120: 2
299: 2
296: 2
201: 2
319: 2
318: 2
316: 2
315: 2
392: 2
391: 2
274: 2
141: 2
362: 2
305: 2
388: 2
435: 2
338: 2
331: 2
333: 2
259: 2
177: 2
182: 2
181: 2
312: 2
370: 2
168: 2
163: 2
157: 2
232: 2
326: 2
451: 2
354: 2
359: 2
358: 2
217: 1
215: 1
132: 1
131: 1
169: 1
288: 1
347: 1
282: 1
285: 1
409: 1
286: 1
454: 1
410: 1
412: 1
375: 1
376: 1
191: 1
270: 1
273: 1
396: 1
279: 1
399: 1
207: 1
226: 1
368: 1
366: 1
364: 1
424: 1
426: 1
309: 1
387: 1
439: 1
437: 1
330: 1
144: 1
179: 1
184: 1
310: 1
343: 1
142: 1
190: 1
229: 1
228: 1
220: 1
348: 1
349: 1
408: 1
156: 1
159: 1
237: 1
456: 1
320: 1
324: 1
329: 1
203: 1
145: 1
208: 1
125: 1
291: 1
357: 1
356: 1
355: 1
421: 1
