D102m2.txt,0, | 125 206 208 | 294 298 311 | 175 178 267 | ,Score: 0

D106m3.txt,0, | 388 391 412 | 391 436 440 | 290 293 297 | ,Score: 0

D107m0.txt,0, | 336 339 403 | 123 127 208 | 146 178 266 | ,Score: 0

D110m2.txt,0, | 165 168 191 | 204 205 206 | 123 124 127 | ,Score: 0

D202m2.txt,0, | 401 403 419 | 232 233 253 | 123 127 208 | ,Score: 0

D203m5.txt,0, | 438 439 440 | 345 347 370 | 165 190 194 | ,Score: 0

D204m0.txt,0, | 333 390 434 | 333 390 407 | 281 293 297 | ,Score: 0

D206mR.txt,0, | 388 392 435 | 351 361 366 | 333 389 392 | ,Score: 0

D210m8.txt,0, | 288 317 324 | 148 262 266 | 157 237 249 | ,Score: 0

D214m3.txt,0, | 165 190 194 | 194 197 241 | 242 243 244 | ,Score: 0

D215m7.txt,0, | 201 208 226 | 145 146 178 | 178 182 261 | ,Score: 0

D216m1.txt,0, | 157 164 167 | 165 248 249 | 157 235 250 | ,Score: 0

D217m3.txt,0, | 282 288 313 | 201 205 228 | 146 178 266 | ,Score: 0

D218m7.txt,0, | 146 150 178 | 123 127 208 | 123 127 135 | ,Score: 0

D221m4.txt,0, | 229 259 261 | 134 140 219 | 126 130 196 | ,Score: 0

D222m6.txt,0, | 229 259 261 | 268 274 275 | 278 300 306 | ,Score: 0

D228m5.txt,0, | 157 235 250 | 157 159 163 | 157 164 249 | ,Score: 0

D229m1.txt,0, | 158 163 251 | 165 191 240 | 240 245 248 | ,Score: 0

D231m7.txt,0, | 126 128 130 | 148 179 261 | 316 319 323 | ,Score: 0

D239m5.txt,0, | 179 261 265 | 401 403 419 | 146 178 265 | ,Score: 0

D301m9.txt,0, | 285 290 443 | 354 357 359 | 435 438 441 | ,Score: 0

D302m1.txt,0, | 438 440 441 | 164 165 167 | ,Score: 0

D304m4.txt,0, | 274 278 303 | 183 259 261 | 124 127 208 | ,Score: 0

D305m1.txt,0, | 435 440 443 | 281 290 293 | 362 443 444 | ,Score: 0

D306m2.txt,0, | 145 178 267 | 130 196 241 | 135 139 212 | ,Score: 0

D307m2.txt,0, | ,Score: 0

D308m5.txt,0, | 126 130 197 | 297 302 307 | 178 262 267 | ,Score: 0

D310m9.txt,0, | 123 134 139 | 351 366 369 | 123 127 208 | ,Score: 0

D311m8.txt,0, | 267 272 274 | 330 336 403 | 290 297 314 | ,Score: 0

D312m9.txt,0, | 194 240 243 | 190 193 240 | 196 245 248 | ,Score: 0

D313m5.txt,0, | 146 178 267 | 408 411 415 | 120 122 124 | ,Score: 0

D314m8.txt,0, | 150 267 274 | 143 147 175 | 178 182 261 | ,Score: 0

D315m6.txt,0, | 267 271 273 | 201 203 233 | 283 284 286 | ,Score: 0

D317m4.txt,0, | 336 403 406 | 177 182 261 | 324 331 401 | ,Score: 0

D318m3.txt,0, | 437 438 440 | ,Score: 0

D319m6.txt,0, | 134 136 140 | 179 182 262 | 146 178 266 | ,Score: 0

D320m3.txt,0, | 157 164 249 | 130 193 197 | 196 237 249 | ,Score: 0

D321m1.txt,0, | 156 233 235 | 201 204 237 | 201 204 206 | ,Score: 0

D322m0.txt,0, | 278 280 298 | 299 301 306 | 330 401 403 | ,Score: 0

D323m1.txt,0, | 123 127 134 | 193 196 242 | 196 241 244 | ,Score: 0

D324m6.txt,0, | 193 196 242 | 134 193 219 | 157 164 249 | ,Score: 0

D325m0.txt,0, | 296 302 308 | 196 237 249 | 123 127 135 | ,Score: 0

D326m0.txt,0, | 398 400 419 | 177 261 265 | 336 339 408 | ,Score: 0

D327m7.txt,0, | 178 261 264 | 125 132 197 | 336 403 405 | ,Score: 0

D328m3.txt,0, | 146 265 268 | 407 410 412 | 400 403 418 | ,Score: 0

D330m1.txt,0, | 336 407 409 | 335 337 403 | 124 128 135 | ,Score: 0

D331m0.txt,0, | 193 216 219 | 159 162 251 | 126 131 196 | ,Score: 0

D332m4.txt,0, | 293 299 315 | 177 182 261 | 121 123 137 | ,Score: 0

D333m4.txt,0, | 330 336 403 | 124 132 138 | 147 262 267 | ,Score: 0

D403m6.txt,0, | 165 170 191 | 407 411 415 | 336 339 407 | ,Score: 0

D407m5.txt,0, | 178 261 265 | 335 339 403 | 331 400 403 | ,Score: 0

D408m8.txt,0, | 147 175 178 | 147 178 266 | 177 261 265 | ,Score: 0

D409m5.txt,0, | 178 261 265 | 396 403 419 | 146 265 268 | ,Score: 0

D410mR.txt,0, | 196 241 249 | 193 196 242 | 194 242 245 | ,Score: 0

D413m2.txt,0, | 194 242 244 | 194 244 245 | 164 249 252 | ,Score: 0

D414m2.txt,0, | 401 403 418 | 336 339 403 | 177 262 267 | ,Score: 0

D421m7.txt,0, | 201 205 208 | 196 241 248 | 232 258 261 | ,Score: 0

D428m7.txt,0, | 327 396 402 | 177 182 261 | 165 190 194 | ,Score: 0

D430mR.txt,0, | 354 355 444 | 435 438 441 | 354 362 444 | ,Score: 0

D431m9.txt,0, | ,Score: 0

D438m9.txt,0, | 178 182 229 | 147 178 262 | 421 424 426 | ,Score: 0

D450m5.txt,0, | 156 233 235 | 123 139 212 | 123 127 208 | ,Score: 0

D453m0.txt,0, | 178 182 261 | 146 270 271 | 146 265 271 | ,Score: 0

D459m2.txt,0, | 248 250 251 | 130 193 194 | 194 242 245 | ,Score: 0

D462m1.txt,0, | 336 339 403 | 147 262 265 | 329 334 336 | ,Score: 0

D464m0.txt,0, | 146 178 267 | 122 141 143 | 228 259 262 | ,Score: 0

