M = 196 242 248 
203 205 206 | 123 126 127 | 164 165 168 | 126 127 130 | 140 217 219 | 237 248 249 | 194 242 243 | 123 126 127 | 242 243 244 | 201 235 251 | 122 123 208 | 242 245 248 | 201 235 251 | 123 134 136 | 158 250 251 | 139 217 218 | 134 135 136 | 163 249 251 | 194 242 245 | 159 163 251 | 191 240 242 | 242 245 248 | 158 159 251 | 136 141 215 | 164 165 168 | 164 165 167 | 124 127 135 | 126 206 208 | 123 127 134 | 164 165 167 | 242 243 244 | 240 242 243 | 162 164 165 | 127 196 197 | 122 123 208 | 123 134 136 | 157 158 251 | 197 237 249 | 196 242 245 | 123 134 136 | 158 250 251 | 123 134 136 | 241 242 248 | 194 242 244 | 194 196 242 | 164 165 249 | 196 242 244 | 132 194 196 | 126 127 208 | 205 206 235 | 164 165 167 | 130 132 193 | 164 165 168 | 158 250 251 | 216 217 218 | 136 137 140 | 194 241 242 | 241 242 244 | 164 165 249 | 158 249 251 | 242 243 245 | 164 165 249 | 201 235 251 | 127 130 197 | 205 206 208 | 156 237 251 | 194 242 245 | 158 250 251 | 164 165 167 | 

M = 396 401 403 
290 293 296 | 436 438 440 | 391 438 440 | 337 339 341 | 377 379 380 | 324 325 401 | 438 439 440 | 344 345 346 | 434 438 440 | 290 293 297 | 281 290 293 | 333 392 434 | 366 387 388 | 392 434 440 | 400 403 419 | 357 358 359 | 283 284 288 | 400 401 419 | 315 318 320 | 331 400 403 | 440 441 443 | 356 358 359 | 438 440 441 | 438 440 441 | 438 440 441 | 339 341 376 | 435 438 440 | 281 290 293 | 362 364 366 | 281 291 297 | 343 345 346 | 330 336 403 | 345 346 370 | 326 329 334 | 336 339 403 | 437 438 440 | 400 401 419 | 312 316 319 | 341 377 379 | 296 300 311 | 377 378 379 | 400 401 419 | 400 401 403 | 341 342 405 | 400 401 419 | 408 409 410 | 336 339 403 | 359 360 362 | 357 359 454 | 293 299 315 | 335 336 403 | 341 344 377 | 336 339 403 | 341 377 379 | 324 400 401 | 363 368 387 | 354 355 362 | 435 438 440 | 354 362 444 | 421 424 426 | 336 337 338 | 335 336 339 | 342 344 375 | 

M = 146 178 266 
274 301 303 | 122 141 211 | 120 123 208 | 178 261 265 | 229 259 261 | 145 147 268 | 146 178 179 | 205 206 228 | 147 178 180 | 182 229 262 | 146 264 265 | 229 232 261 | 299 303 309 | 139 141 142 | 181 261 262 | 178 180 181 | 178 180 182 | 146 266 268 | 146 266 268 | 177 178 180 | 119 120 122 | 301 303 305 | 119 122 123 | 147 178 180 | 232 259 261 | 146 267 268 | 177 178 180 | 142 143 146 | 146 266 268 | 146 265 268 | 146 178 265 | 146 178 264 | 146 266 268 | 146 266 268 | 147 180 262 | 146 147 178 | 266 267 268 | 146 265 266 | 178 181 182 | 258 259 261 | 264 265 268 | 146 267 268 | 146 266 268 | 177 180 262 | 119 120 122 | 178 181 182 | 299 303 305 | 119 122 124 | 180 182 184 | 146 265 270 | 119 122 123 | 144 146 147 | 147 180 262 | 119 122 123 | 

FREQUENCIES
146: 19
242: 18
178: 14
123: 13
251: 13
268: 12
440: 12
164: 11
165: 11
438: 10
180: 10
403: 9
122: 9
266: 9
401: 8
400: 8
127: 8
265: 7
136: 7
336: 7
194: 7
249: 7
158: 7
147: 7
134: 6
341: 6
196: 6
119: 6
245: 6
339: 6
208: 6
261: 6
262: 5
126: 5
419: 5
377: 5
244: 5
243: 5
248: 5
293: 5
182: 5
206: 5
379: 4
362: 4
441: 4
303: 4
290: 4
250: 4
181: 4
167: 4
235: 4
205: 4
359: 4
217: 3
264: 3
130: 3
344: 3
346: 3
281: 3
120: 3
299: 3
201: 3
197: 3
141: 3
241: 3
434: 3
259: 3
177: 3
345: 3
168: 3
229: 3
237: 3
267: 3
218: 2
132: 2
135: 2
139: 2
124: 2
296: 2
297: 2
315: 2
392: 2
142: 2
366: 2
301: 2
305: 2
240: 2
387: 2
435: 2
335: 2
337: 2
342: 2
163: 2
159: 2
232: 2
324: 2
140: 2
357: 2
354: 2
358: 2
216: 1
215: 1
211: 1
219: 1
137: 1
288: 1
283: 1
284: 1
409: 1
408: 1
454: 1
424: 1
378: 1
410: 1
375: 1
376: 1
319: 1
318: 1
191: 1
316: 1
270: 1
391: 1
274: 1
396: 1
300: 1
368: 1
364: 1
363: 1
360: 1
426: 1
309: 1
443: 1
444: 1
388: 1
380: 1
439: 1
436: 1
437: 1
338: 1
334: 1
331: 1
330: 1
333: 1
144: 1
258: 1
179: 1
405: 1
184: 1
312: 1
311: 1
370: 1
343: 1
193: 1
228: 1
162: 1
157: 1
156: 1
320: 1
326: 1
325: 1
329: 1
203: 1
145: 1
143: 1
291: 1
356: 1
355: 1
421: 1
