D102m2.txt,0, | 201 208 226 | 294 298 311 | 124 127 211 | ,Score: 0

D106m3.txt,0, | 290 293 297 | 436 438 440 | 391 436 438 | ,Score: 0

D107m0.txt,0, | 336 339 403 | 122 124 135 | 127 208 210 | ,Score: 0

D110m2.txt,0, | 123 124 126 | 165 168 191 | 126 127 130 | ,Score: 0

D202m2.txt,0, | 380 418 421 | 124 126 207 | 324 331 401 | ,Score: 0

D203m5.txt,0, | 438 439 440 | 345 347 370 | 165 190 194 | ,Score: 0

D204m0.txt,0, | 333 390 434 | 290 296 318 | 281 290 297 | ,Score: 0

D206mR.txt,0, | 334 389 393 | 351 361 366 | 388 392 435 | ,Score: 0

D210m8.txt,0, | 145 148 267 | 288 317 324 | 177 262 265 | ,Score: 0

D214m3.txt,0, | 194 241 243 | 165 190 194 | 242 243 244 | ,Score: 0

D215m7.txt,0, | 197 248 250 | 178 182 261 | 123 127 208 | ,Score: 0

D216m1.txt,0, | 165 248 249 | 157 235 250 | 157 164 249 | ,Score: 0

D217m3.txt,0, | 282 288 313 | 201 205 228 | 146 178 266 | ,Score: 0

D218m7.txt,0, | 229 259 262 | 146 150 178 | 124 127 135 | ,Score: 0

D221m4.txt,0, | 229 259 261 | 130 134 219 | 145 265 267 | ,Score: 0

D222m6.txt,0, | 229 259 261 | 268 274 275 | 278 300 306 | ,Score: 0

D228m5.txt,0, | 157 235 250 | 163 165 249 | 159 163 251 | ,Score: 0

D229m1.txt,0, | 169 194 219 | 165 240 249 | 157 235 251 | ,Score: 0

D231m7.txt,0, | 148 260 263 | 178 181 261 | 316 319 323 | ,Score: 0

D239m5.txt,0, | 179 261 265 | 401 403 419 | 146 178 265 | ,Score: 0

D301m9.txt,0, | 435 440 443 | 354 357 359 | 435 437 440 | ,Score: 0

D302m1.txt,0, | 438 440 441 | 164 165 167 | ,Score: 0

D304m4.txt,0, | 267 273 274 | 120 124 208 | 168 171 191 | ,Score: 0

D305m1.txt,0, | 435 440 443 | 281 290 293 | 362 443 444 | ,Score: 0

D306m2.txt,0, | 145 178 267 | 130 196 241 | 135 139 212 | ,Score: 0

D307m2.txt,0, | ,Score: 0

D308m5.txt,0, | 126 130 197 | 297 302 307 | 178 262 267 | ,Score: 0

D310m9.txt,0, | 351 366 369 | 134 138 216 | 123 127 208 | ,Score: 0

D311m8.txt,0, | 267 271 274 | 293 299 314 | 281 286 293 | ,Score: 0

D312m9.txt,0, | 130 190 194 | 194 243 245 | 194 240 243 | ,Score: 0

D313m5.txt,0, | 268 272 275 | 120 122 124 | 142 144 146 | ,Score: 0

D314m8.txt,0, | 401 403 419 | 143 147 175 | 150 178 267 | ,Score: 0

D315m6.txt,0, | 232 259 261 | 267 271 274 | 201 203 233 | ,Score: 0

D317m4.txt,0, | 123 126 208 | 177 182 261 | 336 403 406 | ,Score: 0

D318m3.txt,0, | 437 438 440 | ,Score: 0

D319m6.txt,0, | 123 127 134 | 140 143 215 | 146 178 266 | ,Score: 0

D320m3.txt,0, | 157 235 251 | 206 235 237 | 130 197 241 | ,Score: 0

D321m1.txt,0, | 123 127 134 | 157 235 250 | 282 313 317 | ,Score: 0

D322m0.txt,0, | 274 279 301 | 330 401 403 | 298 306 313 | ,Score: 0

D323m1.txt,0, | 123 127 134 | 196 241 248 | 193 196 242 | ,Score: 0

D324m6.txt,0, | 193 196 242 | 157 164 249 | 196 242 244 | ,Score: 0

D325m0.txt,0, | 126 132 197 | 299 303 308 | 341 375 378 | ,Score: 0

D326m0.txt,0, | 178 262 267 | 124 127 199 | 336 405 408 | ,Score: 0

D327m7.txt,0, | 125 132 197 | 336 403 405 | 341 376 405 | ,Score: 0

D328m3.txt,0, | 337 403 407 | 146 265 268 | 388 408 411 | ,Score: 0

D330m1.txt,0, | 146 178 267 | 337 403 407 | 124 128 135 | ,Score: 0

D331m0.txt,0, | 359 360 362 | 159 162 251 | 126 131 196 | ,Score: 0

D332m4.txt,0, | 322 326 329 | 297 300 307 | 177 182 261 | ,Score: 0

D333m4.txt,0, | 330 336 403 | 132 193 197 | 135 141 211 | ,Score: 0

D403m6.txt,0, | 147 178 267 | 169 191 220 | 339 408 415 | ,Score: 0

D407m5.txt,0, | 335 339 403 | 181 229 262 | 146 178 266 | ,Score: 0

D408m8.txt,0, | 147 175 178 | 208 210 226 | 148 262 266 | ,Score: 0

D409m5.txt,0, | 265 268 269 | 396 403 419 | 146 178 266 | ,Score: 0

D410mR.txt,0, | 196 241 249 | 194 196 245 | 157 164 249 | ,Score: 0

D413m2.txt,0, | 201 251 252 | 194 243 245 | 164 249 252 | ,Score: 0

D414m2.txt,0, | 267 269 274 | 336 339 403 | 177 262 267 | ,Score: 0

D421m7.txt,0, | 130 197 241 | 203 232 235 | 120 123 208 | ,Score: 0

D428m7.txt,0, | 288 324 396 | 177 182 261 | 400 403 418 | ,Score: 0

D430mR.txt,0, | 354 355 362 | 435 438 441 | 354 362 444 | ,Score: 0

D431m9.txt,0, | ,Score: 0

D438m9.txt,0, | 146 177 179 | 181 229 262 | 178 182 262 | ,Score: 0

D450m5.txt,0, | 157 235 237 | 299 303 308 | 232 258 261 | ,Score: 0

D453m0.txt,0, | 336 337 338 | 178 182 261 | 146 265 271 | ,Score: 0

D459m2.txt,0, | 194 242 245 | 248 250 251 | 164 165 167 | ,Score: 0

D462m1.txt,0, | 122 123 135 | 147 262 265 | 335 337 403 | ,Score: 0

D464m0.txt,0, | 146 178 267 | 122 141 143 | 228 259 262 | ,Score: 0

