M = 146 178 267 
274 301 303 | 122 141 211 | 123 136 139 | 146 147 178 | 146 265 267 | 145 147 268 | 146 178 179 | 232 259 261 | 147 265 268 | 205 206 228 | 182 229 262 | 123 134 136 | 146 265 266 | 229 232 261 | 299 303 309 | 134 135 136 | 139 141 142 | 261 262 263 | 178 180 181 | 146 266 268 | 146 266 268 | 301 303 305 | 119 120 122 | 119 122 123 | 146 266 267 | 147 178 180 | 146 267 268 | 267 268 273 | 122 123 208 | 177 178 180 | 123 134 136 | 146 147 268 | 123 134 136 | 146 266 268 | 296 300 311 | 123 134 136 | 146 265 268 | 177 182 261 | 146 178 264 | 146 266 268 | 146 266 268 | 147 178 266 | 136 137 139 | 146 147 178 | 266 267 268 | 146 265 266 | 146 265 266 | 178 181 182 | 136 137 140 | 146 265 269 | 146 267 268 | 146 266 268 | 177 180 262 | 146 147 178 | 119 120 122 | 181 182 229 | 178 181 261 | 299 303 305 | 180 182 184 | 146 265 270 | 119 122 123 | 144 146 147 | 147 180 262 | 119 122 123 | 

M = 165 248 249 
203 205 206 | 205 206 235 | 164 165 168 | 204 205 206 | 126 127 130 | 204 206 207 | 193 194 242 | 237 248 249 | 242 243 244 | 241 242 243 | 123 126 127 | 197 248 250 | 201 235 251 | 242 245 248 | 126 127 130 | 164 165 167 | 163 164 165 | 194 242 245 | 248 249 251 | 242 245 248 | 164 167 168 | 164 165 168 | 164 165 167 | 124 127 135 | 126 206 208 | 123 127 134 | 194 242 243 | 162 164 165 | 242 243 244 | 162 164 165 | 201 205 206 | 157 158 251 | 157 164 165 | 193 196 197 | 158 250 251 | 241 242 244 | 194 242 244 | 194 196 242 | 249 250 251 | 164 165 249 | 164 165 249 | 124 126 127 | 193 194 197 | 205 206 235 | 164 165 167 | 196 242 248 | 130 132 193 | 164 165 168 | 196 241 242 | 193 241 242 | 241 242 244 | 158 249 251 | 242 243 245 | 164 165 249 | 201 235 251 | 127 130 197 | 205 206 208 | 164 165 169 | 206 235 237 | 164 165 167 | 158 250 251 | 194 242 245 | 

M = 396 401 403 
290 293 296 | 391 438 440 | 293 296 297 | 337 339 341 | 324 326 331 | 344 345 346 | 333 390 434 | 281 290 293 | 434 438 440 | 333 392 434 | 333 389 392 | 392 434 440 | 400 403 419 | 357 358 359 | 283 284 288 | 400 401 419 | 279 282 297 | 315 318 320 | 331 400 403 | 356 357 359 | 356 358 359 | 438 440 441 | 438 440 441 | 438 440 441 | 339 341 376 | 435 438 440 | 281 290 293 | 362 364 366 | 281 291 297 | 343 345 346 | 330 336 403 | 345 346 370 | 326 329 334 | 336 339 403 | 437 438 440 | 400 401 419 | 312 316 319 | 341 377 379 | 400 401 419 | 400 401 403 | 341 342 405 | 400 401 419 | 408 409 410 | 336 339 403 | 359 360 362 | 293 299 315 | 335 336 403 | 341 344 377 | 336 339 403 | 346 349 369 | 281 283 284 | 341 377 379 | 399 400 401 | 435 438 440 | 293 296 318 | 354 362 444 | 336 337 338 | 335 336 339 | 342 344 375 | 

FREQUENCIES
146: 25
242: 17
164: 16
165: 16
268: 14
178: 13
266: 12
123: 11
147: 10
206: 10
403: 9
440: 9
136: 8
400: 8
267: 8
265: 8
249: 8
438: 8
251: 8
401: 7
122: 7
127: 7
194: 7
248: 7
336: 7
205: 7
134: 6
341: 6
293: 6
339: 6
180: 6
126: 5
419: 5
193: 5
119: 5
245: 5
244: 5
241: 5
243: 5
182: 5
167: 5
235: 5
261: 5
130: 4
346: 4
281: 4
262: 4
296: 4
197: 4
196: 4
303: 4
434: 4
250: 4
181: 4
168: 4
158: 4
359: 4
139: 3
344: 3
299: 3
297: 3
290: 3
392: 3
362: 3
441: 3
377: 3
333: 3
177: 3
345: 3
229: 3
201: 3
208: 3
137: 2
135: 2
283: 2
284: 2
379: 2
318: 2
141: 2
301: 2
305: 2
435: 2
335: 2
337: 2
331: 2
342: 2
315: 2
162: 2
157: 2
237: 2
232: 2
326: 2
204: 2
120: 2
357: 2
356: 2
124: 2
358: 2
211: 1
264: 1
132: 1
169: 1
288: 1
282: 1
409: 1
408: 1
263: 1
269: 1
410: 1
375: 1
376: 1
319: 1
316: 1
270: 1
391: 1
390: 1
274: 1
396: 1
279: 1
399: 1
140: 1
369: 1
366: 1
364: 1
360: 1
309: 1
300: 1
444: 1
389: 1
437: 1
338: 1
334: 1
330: 1
144: 1
259: 1
179: 1
405: 1
184: 1
312: 1
311: 1
370: 1
343: 1
142: 1
228: 1
163: 1
349: 1
273: 1
320: 1
324: 1
329: 1
203: 1
145: 1
207: 1
291: 1
354: 1
