D102m2.txt,0, | 201 208 226 | 294 298 311 | 124 127 211 | ,Score: 0

D106m3.txt,0, | 290 293 297 | 391 436 440 | 293 296 297 | ,Score: 0

D107m0.txt,0, | 122 135 141 | 146 265 271 | 123 127 208 | ,Score: 0

D110m2.txt,0, | 165 168 191 | 204 205 206 | 123 124 127 | ,Score: 0

D202m2.txt,0, | 401 403 419 | 201 233 253 | 123 127 208 | ,Score: 0

D203m5.txt,0, | 263 265 267 | 345 347 370 | 165 190 194 | ,Score: 0

D204m0.txt,0, | 333 390 407 | 281 293 297 | 391 436 438 | ,Score: 0

D206mR.txt,0, | 325 333 393 | 334 389 392 | 366 388 391 | ,Score: 0

D210m8.txt,0, | 145 148 267 | 288 317 324 | 177 262 265 | ,Score: 0

D214m3.txt,0, | 194 241 244 | 241 242 243 | 165 190 194 | ,Score: 0

D215m7.txt,0, | 177 181 226 | 178 181 261 | 201 235 251 | ,Score: 0

D216m1.txt,0, | 201 235 251 | 157 164 249 | 357 359 360 | ,Score: 0

D217m3.txt,0, | 282 288 313 | 147 265 270 | 182 228 262 | ,Score: 0

D218m7.txt,0, | 229 259 262 | 146 150 178 | 124 127 135 | ,Score: 0

D221m4.txt,0, | 130 134 219 | 261 264 265 | 230 232 258 | ,Score: 0

D222m6.txt,0, | 229 259 261 | 278 300 306 | 268 274 275 | ,Score: 0

D228m5.txt,0, | 157 163 167 | 157 163 165 | 163 249 251 | ,Score: 0

D229m1.txt,0, | 157 235 249 | 194 240 245 | 165 191 240 | ,Score: 0

D231m7.txt,0, | 178 260 264 | 126 128 130 | 148 260 263 | ,Score: 0

D239m5.txt,0, | 179 261 265 | 331 400 403 | 400 403 419 | ,Score: 0

D301m9.txt,0, | 354 356 359 | 435 438 441 | 164 165 168 | ,Score: 0

D302m1.txt,0, | 438 440 441 | 164 165 167 | ,Score: 0

D304m4.txt,0, | 274 278 303 | 168 171 191 | 183 259 261 | ,Score: 0

D305m1.txt,0, | 435 440 443 | 281 290 293 | 362 443 444 | ,Score: 0

D306m2.txt,0, | 145 178 267 | 130 196 241 | 135 139 212 | ,Score: 0

D307m2.txt,0, | ,Score: 0

D308m5.txt,0, | 126 130 197 | 297 302 307 | 178 262 267 | ,Score: 0

D310m9.txt,0, | 231 232 261 | 123 134 139 | 351 366 369 | ,Score: 0

D311m8.txt,0, | 293 299 314 | 267 271 274 | 281 286 293 | ,Score: 0

D312m9.txt,0, | 193 240 242 | 196 245 248 | 194 243 245 | ,Score: 0

D313m5.txt,0, | 120 122 123 | 146 178 267 | 408 411 415 | ,Score: 0

D314m8.txt,0, | 150 267 274 | 143 147 175 | 147 178 267 | ,Score: 0

D315m6.txt,0, | 146 178 267 | 267 271 274 | 201 203 233 | ,Score: 0

D317m4.txt,0, | 123 126 208 | 177 182 261 | 336 403 406 | ,Score: 0

D318m3.txt,0, | 437 438 440 | ,Score: 0

D319m6.txt,0, | 179 261 265 | 134 136 140 | 146 178 266 | ,Score: 0

D320m3.txt,0, | 201 237 251 | 196 241 249 | 130 197 241 | ,Score: 0

D321m1.txt,0, | 157 235 250 | 204 206 235 | 282 313 317 | ,Score: 0

D322m0.txt,0, | 274 279 301 | 330 401 403 | 298 306 313 | ,Score: 0

D323m1.txt,0, | 123 127 134 | 196 242 248 | 193 196 242 | ,Score: 0

D324m6.txt,0, | 193 196 242 | 196 237 249 | 157 164 249 | ,Score: 0

D325m0.txt,0, | 296 302 308 | 196 237 249 | 123 127 135 | ,Score: 0

D326m0.txt,0, | 267 272 274 | 124 127 199 | 228 259 262 | ,Score: 0

D327m7.txt,0, | 336 403 405 | 125 132 197 | 342 376 405 | ,Score: 0

D328m3.txt,0, | 337 403 407 | 146 265 268 | 388 408 411 | ,Score: 0

D330m1.txt,0, | 337 403 407 | 124 128 135 | 197 241 248 | ,Score: 0

D331m0.txt,0, | 359 360 362 | 159 162 251 | 126 131 196 | ,Score: 0

D332m4.txt,0, | 293 299 315 | 183 230 262 | 177 182 261 | ,Score: 0

D333m4.txt,0, | 330 336 403 | 124 127 135 | 138 142 211 | ,Score: 0

D403m6.txt,0, | 147 178 267 | 169 191 220 | 339 408 415 | ,Score: 0

D407m5.txt,0, | 331 336 403 | 178 261 265 | 345 346 375 | ,Score: 0

D408m8.txt,0, | 175 178 226 | 147 178 266 | 178 182 261 | ,Score: 0

D409m5.txt,0, | 146 178 265 | 396 403 419 | 146 265 268 | ,Score: 0

D410mR.txt,0, | 196 241 249 | 193 196 241 | 196 241 245 | ,Score: 0

D413m2.txt,0, | 201 251 252 | 194 243 245 | 164 249 252 | ,Score: 0

D414m2.txt,0, | 336 339 403 | 235 249 251 | 177 262 267 | ,Score: 0

D421m7.txt,0, | 127 132 196 | 203 232 235 | 120 123 208 | ,Score: 0

D428m7.txt,0, | 228 232 261 | 177 182 261 | 327 396 402 | ,Score: 0

D430mR.txt,0, | 435 438 440 | 293 296 318 | 354 362 444 | ,Score: 0

D431m9.txt,0, | ,Score: 0

D438m9.txt,0, | 178 182 229 | 179 181 262 | 181 182 228 | ,Score: 0

D450m5.txt,0, | 156 233 235 | 201 204 237 | 123 139 212 | ,Score: 0

D453m0.txt,0, | 270 271 272 | 178 182 261 | 146 265 271 | ,Score: 0

D459m2.txt,0, | 164 165 167 | 248 250 251 | 194 242 245 | ,Score: 0

D462m1.txt,0, | 122 123 135 | 147 262 265 | 335 337 403 | ,Score: 0

D464m0.txt,0, | 146 178 267 | 122 141 143 | 228 259 262 | ,Score: 0

