M = 146 178 267 
274 301 303 | 146 266 268 | 229 259 261 | 146 265 267 | 145 147 268 | 146 178 179 | 147 265 268 | 259 261 262 | 146 265 266 | 229 232 261 | 299 303 309 | 181 261 262 | 178 180 181 | 146 266 268 | 146 266 268 | 301 303 305 | 296 297 301 | 146 266 267 | 147 178 180 | 146 267 268 | 177 178 180 | 147 180 262 | 268 273 274 | 146 265 268 | 146 178 264 | 146 266 268 | 146 266 268 | 146 147 266 | 146 147 178 | 266 267 268 | 146 265 266 | 178 181 182 | 146 265 266 | 146 264 265 | 146 267 268 | 146 266 268 | 177 180 262 | 228 229 262 | 299 303 305 | 180 182 184 | 146 265 270 | 144 146 147 | 147 180 262 | 

M = 396 401 403 
391 438 440 | 293 296 297 | 290 293 296 | 337 339 341 | 377 379 380 | 324 325 401 | 344 345 346 | 333 390 434 | 281 290 293 | 434 438 440 | 392 434 440 | 387 388 392 | 360 362 364 | 400 403 419 | 357 358 359 | 283 284 288 | 279 282 297 | 315 318 320 | 400 401 419 | 356 358 359 | 438 440 441 | 438 440 441 | 438 440 441 | 339 341 376 | 435 438 440 | 438 439 440 | 362 364 366 | 281 291 297 | 400 401 419 | 343 345 346 | 330 336 403 | 345 346 370 | 326 329 334 | 283 284 286 | 336 339 403 | 437 438 440 | 400 401 419 | 312 316 319 | 329 330 401 | 341 377 379 | 310 312 316 | 341 342 379 | 400 401 419 | 408 409 410 | 336 339 403 | 315 318 319 | 335 336 403 | 341 344 377 | 336 339 403 | 281 283 284 | 341 377 379 | 399 400 401 | 354 355 444 | 435 438 440 | 354 362 444 | 421 424 426 | 336 337 338 | 342 377 379 | 334 335 336 | 342 344 375 | 

M = 126 130 196 
158 235 251 | 122 141 211 | 205 206 235 | 164 165 168 | 204 205 206 | 126 127 130 | 193 194 242 | 237 248 249 | 194 242 243 | 123 126 127 | 242 243 244 | 201 235 251 | 122 123 208 | 201 235 251 | 242 245 248 | 205 206 228 | 127 130 134 | 135 136 141 | 126 127 130 | 134 135 136 | 163 164 165 | 159 163 251 | 194 242 245 | 164 165 169 | 165 248 249 | 242 245 248 | 139 141 142 | 136 141 215 | 164 167 168 | 164 165 168 | 164 165 167 | 124 127 135 | 126 206 208 | 123 134 136 | 242 243 244 | 162 164 165 | 164 165 167 | 119 122 123 | 162 164 165 | 201 205 206 | 122 123 208 | 134 136 140 | 157 235 251 | 196 242 245 | 157 158 251 | 123 134 136 | 158 250 251 | 123 134 136 | 241 242 248 | 194 242 244 | 194 196 242 | 164 165 249 | 164 165 249 | 124 126 127 | 119 120 122 | 158 161 251 | 125 127 197 | 205 206 235 | 194 242 243 | 164 165 167 | 123 126 127 | 136 137 139 | 130 132 193 | 190 191 220 | 158 250 251 | 136 137 140 | 196 242 244 | 193 241 242 | 241 242 244 | 158 249 251 | 242 243 245 | 164 165 249 | 201 235 251 | 158 235 251 | 127 130 197 | 164 165 169 | 119 120 122 | 156 237 251 | 119 122 123 | 242 245 248 | 158 250 251 | 194 242 245 | 119 122 123 | 

FREQUENCIES
146: 22
242: 18
251: 14
164: 14
165: 14
268: 13
266: 12
123: 10
440: 10
136: 9
127: 9
438: 9
401: 8
122: 8
265: 8
178: 8
158: 8
235: 8
147: 8
126: 7
403: 7
336: 7
194: 7
245: 7
180: 7
130: 6
134: 6
341: 6
400: 6
262: 6
267: 6
206: 6
249: 6
248: 6
379: 5
419: 5
377: 5
119: 5
244: 5
243: 5
339: 5
205: 5
297: 4
196: 4
303: 4
167: 4
201: 4
141: 4
261: 4
135: 3
344: 3
346: 3
281: 3
283: 3
284: 3
296: 3
193: 3
362: 3
301: 3
441: 3
241: 3
293: 3
434: 3
250: 3
345: 3
181: 3
342: 3
168: 3
229: 3
208: 3
264: 2
137: 2
139: 2
120: 2
299: 2
319: 2
318: 2
197: 2
316: 2
392: 2
274: 2
364: 2
305: 2
444: 2
290: 2
435: 2
335: 2
334: 2
337: 2
330: 2
259: 2
177: 2
182: 2
312: 2
315: 2
169: 2
228: 2
162: 2
163: 2
157: 2
237: 2
329: 2
140: 2
354: 2
124: 2
359: 2
358: 2
215: 1
211: 1
132: 1
288: 1
282: 1
409: 1
286: 1
410: 1
375: 1
376: 1
191: 1
270: 1
391: 1
390: 1
396: 1
279: 1
399: 1
366: 1
424: 1
360: 1
426: 1
309: 1
380: 1
388: 1
439: 1
437: 1
338: 1
387: 1
333: 1
179: 1
184: 1
310: 1
370: 1
343: 1
142: 1
190: 1
161: 1
220: 1
273: 1
408: 1
156: 1
159: 1
232: 1
320: 1
326: 1
324: 1
325: 1
144: 1
145: 1
204: 1
125: 1
291: 1
357: 1
356: 1
355: 1
421: 1
