D102m2.txt,0, | 239 248 251 | 125 206 208 | 294 298 311 | ,Score: 0

D106m3.txt,0, | 391 436 440 | 293 296 297 | 290 293 296 | ,Score: 0

D107m0.txt,0, | 336 339 403 | 123 127 208 | 146 178 266 | ,Score: 0

D110m2.txt,0, | 165 168 191 | 204 205 206 | 123 124 127 | ,Score: 0

D202m2.txt,0, | 380 418 421 | 124 126 207 | 324 331 401 | ,Score: 0

D203m5.txt,0, | 263 265 267 | 345 347 370 | 165 190 194 | ,Score: 0

D204m0.txt,0, | 333 390 407 | 281 293 297 | 391 436 438 | ,Score: 0

D206mR.txt,0, | 389 393 435 | 366 388 392 | 351 360 364 | ,Score: 0

D210m8.txt,0, | 288 317 324 | 147 262 266 | 147 177 262 | ,Score: 0

D214m3.txt,0, | 194 241 243 | 165 190 194 | 242 243 244 | ,Score: 0

D215m7.txt,0, | 178 182 261 | 235 249 251 | 123 127 208 | ,Score: 0

D216m1.txt,0, | 157 164 167 | 157 235 250 | 157 164 249 | ,Score: 0

D217m3.txt,0, | 182 228 262 | 282 288 313 | 147 265 270 | ,Score: 0

D218m7.txt,0, | 146 150 178 | 127 130 196 | 124 127 135 | ,Score: 0

D221m4.txt,0, | 229 259 261 | 196 245 248 | 134 140 219 | ,Score: 0

D222m6.txt,0, | 229 259 261 | 278 300 306 | 268 274 275 | ,Score: 0

D228m5.txt,0, | 163 165 167 | 157 235 250 | 157 164 249 | ,Score: 0

D229m1.txt,0, | 169 194 219 | 158 163 251 | 240 245 248 | ,Score: 0

D231m7.txt,0, | 126 128 130 | 148 179 261 | 316 319 323 | ,Score: 0

D239m5.txt,0, | 178 179 181 | 179 261 265 | 146 178 266 | ,Score: 0

D301m9.txt,0, | 354 356 359 | 435 438 441 | 164 165 168 | ,Score: 0

D302m1.txt,0, | 438 440 441 | 164 165 167 | ,Score: 0

D304m4.txt,0, | 274 278 303 | 168 171 191 | 183 259 261 | ,Score: 0

D305m1.txt,0, | 435 440 443 | 438 439 440 | 290 443 444 | ,Score: 0

D306m2.txt,0, | 145 178 267 | 130 196 241 | 135 139 212 | ,Score: 0

D307m2.txt,0, | ,Score: 0

D308m5.txt,0, | 126 130 197 | 297 302 307 | 178 262 267 | ,Score: 0

D310m9.txt,0, | 351 366 369 | 123 134 139 | 345 347 370 | ,Score: 0

D311m8.txt,0, | 267 272 274 | 330 336 403 | 290 297 314 | ,Score: 0

D312m9.txt,0, | 193 196 242 | 159 162 251 | 165 190 194 | ,Score: 0

D313m5.txt,0, | 120 122 123 | 146 178 267 | 408 411 415 | ,Score: 0

D314m8.txt,0, | 146 178 267 | 143 147 175 | 400 403 419 | ,Score: 0

D315m6.txt,0, | 267 271 273 | 201 203 233 | 283 284 286 | ,Score: 0

D317m4.txt,0, | 123 126 208 | 336 403 406 | 177 182 261 | ,Score: 0

D318m3.txt,0, | 437 438 440 | ,Score: 0

D319m6.txt,0, | 134 136 140 | 147 265 268 | 179 262 265 | ,Score: 0

D320m3.txt,0, | 201 237 251 | 130 197 241 | 157 164 249 | ,Score: 0

D321m1.txt,0, | 123 127 134 | 157 235 250 | 282 313 317 | ,Score: 0

D322m0.txt,0, | 278 280 298 | 327 333 402 | 342 346 375 | ,Score: 0

D323m1.txt,0, | 123 127 134 | 196 241 248 | 193 196 242 | ,Score: 0

D324m6.txt,0, | 127 130 134 | 193 196 242 | 157 164 249 | ,Score: 0

D325m0.txt,0, | 296 302 308 | 196 237 249 | 123 127 135 | ,Score: 0

D326m0.txt,0, | 119 123 124 | 178 262 267 | 124 127 199 | ,Score: 0

D327m7.txt,0, | 178 261 264 | 125 132 197 | 336 403 405 | ,Score: 0

D328m3.txt,0, | 337 403 407 | 146 265 268 | 388 408 411 | ,Score: 0

D330m1.txt,0, | 146 178 267 | 337 403 407 | 124 128 135 | ,Score: 0

D331m0.txt,0, | 193 196 242 | 159 162 251 | 123 127 135 | ,Score: 0

D332m4.txt,0, | 293 299 315 | 177 182 261 | 121 123 137 | ,Score: 0

D333m4.txt,0, | 126 130 211 | 330 336 403 | 135 141 211 | ,Score: 0

D403m6.txt,0, | 190 191 215 | 165 170 191 | 339 408 415 | ,Score: 0

D407m5.txt,0, | 335 339 403 | 181 229 262 | 146 178 266 | ,Score: 0

D408m8.txt,0, | 177 182 262 | 147 178 266 | 152 274 277 | ,Score: 0

D409m5.txt,0, | 134 137 140 | 146 178 265 | 267 269 273 | ,Score: 0

D410mR.txt,0, | 196 241 249 | 193 196 241 | 194 242 245 | ,Score: 0

D413m2.txt,0, | 158 235 251 | 194 243 245 | 164 249 252 | ,Score: 0

D414m2.txt,0, | 267 269 274 | 336 339 403 | 177 262 267 | ,Score: 0

D421m7.txt,0, | 204 206 235 | 232 258 261 | 123 127 208 | ,Score: 0

D428m7.txt,0, | 228 232 261 | 177 182 261 | 327 396 402 | ,Score: 0

D430mR.txt,0, | 354 355 444 | 435 438 441 | 354 362 444 | ,Score: 0

D431m9.txt,0, | ,Score: 0

D438m9.txt,0, | 146 178 179 | 182 228 262 | 228 229 262 | ,Score: 0

D450m5.txt,0, | 157 237 253 | 201 233 235 | 299 303 308 | ,Score: 0

D453m0.txt,0, | 336 337 338 | 178 182 261 | 146 265 271 | ,Score: 0

D459m2.txt,0, | 242 245 248 | 248 250 251 | 194 242 245 | ,Score: 0

D462m1.txt,0, | 336 339 403 | 147 262 265 | 329 334 336 | ,Score: 0

D464m0.txt,0, | 146 178 267 | 122 141 143 | 228 259 262 | ,Score: 0

