M = 206 208 226 
146 266 267 | 203 205 206 | 205 206 235 | 123 136 139 | 164 165 168 | 123 126 127 | 130 191 219 | 229 259 261 | 146 265 267 | 193 194 242 | 145 147 268 | 237 248 249 | 123 126 127 | 242 243 244 | 164 165 167 | 146 178 179 | 178 179 182 | 242 245 248 | 201 235 251 | 205 206 228 | 147 265 268 | 182 229 262 | 123 134 136 | 126 127 130 | 146 265 266 | 229 232 261 | 134 135 136 | 159 163 251 | 194 242 245 | 163 164 165 | 248 249 251 | 242 245 248 | 165 248 249 | 178 181 261 | 136 141 215 | 178 180 181 | 146 178 267 | 164 165 168 | 146 266 268 | 164 165 167 | 124 127 135 | 126 206 208 | 146 266 268 | 123 127 134 | 146 178 267 | 119 120 122 | 164 165 167 | 242 243 244 | 162 164 165 | 119 122 123 | 146 178 266 | 119 120 123 | 146 147 178 | 232 259 261 | 146 267 268 | 127 196 197 | 122 123 208 | 177 178 180 | 123 134 136 | 146 178 266 | 157 158 251 | 196 242 245 | 201 205 206 | 158 250 251 | 122 123 124 | 268 273 274 | 193 194 242 | 194 242 244 | 196 241 242 | 157 249 250 | 194 196 242 | 164 165 249 | 146 265 268 | 164 165 249 | 124 126 127 | 119 120 122 | 158 161 251 | 146 178 264 | 125 127 197 | 146 266 268 | 146 266 268 | 205 206 235 | 194 242 243 | 164 165 167 | 123 126 127 | 147 180 262 | 136 137 139 | 130 132 193 | 146 147 178 | 190 191 220 | 158 250 251 | 178 180 262 | 152 258 259 | 178 181 182 | 146 265 268 | 196 241 242 | 193 241 242 | 241 242 244 | 158 249 251 | 204 206 235 | 242 243 245 | 201 235 251 | 146 267 268 | 158 235 251 | 146 266 268 | 127 130 197 | 177 180 262 | 119 120 122 | 178 179 262 | 156 237 251 | 119 122 123 | 180 182 184 | 146 265 270 | 164 165 167 | 158 250 251 | 194 242 245 | 144 146 147 | 147 180 262 | 119 122 123 | 

M = 400 403 419 
299 305 311 | 337 339 341 | 324 325 401 | 377 379 380 | 344 345 346 | 281 290 293 | 357 358 359 | 283 284 288 | 400 401 419 | 279 282 297 | 399 400 428 | 315 318 320 | 331 400 403 | 285 290 444 | 356 358 359 | 339 341 376 | 281 290 293 | 343 345 346 | 301 303 305 | 330 336 403 | 345 346 370 | 281 283 284 | 336 339 403 | 400 401 419 | 312 316 319 | 341 377 379 | 329 330 401 | 310 312 316 | 341 342 379 | 400 401 419 | 336 339 403 | 335 336 403 | 451 454 456 | 336 339 403 | 336 339 403 | 281 283 284 | 336 339 403 | 379 419 421 | 396 401 403 | 399 400 401 | 421 424 426 | 299 303 305 | 336 337 338 | 335 336 339 | 342 377 379 | 342 344 375 | 

M = 391 438 440 
293 296 297 | 290 293 296 | 333 390 434 | 434 438 440 | 333 392 434 | 366 387 388 | 392 434 440 | 299 303 309 | 438 440 441 | 438 440 441 | 438 440 441 | 362 364 366 | 435 438 440 | 281 291 297 | 437 438 440 | 408 409 410 | 293 299 315 | 363 368 387 | 293 296 318 | 435 438 440 | 354 362 444 | 

FREQUENCIES
146: 22
242: 17
178: 15
123: 13
268: 12
165: 12
251: 12
164: 11
403: 10
127: 10
336: 9
266: 9
440: 9
438: 8
339: 8
206: 8
122: 8
401: 7
400: 7
194: 7
119: 7
249: 7
180: 7
158: 7
147: 7
265: 6
136: 6
262: 6
267: 6
126: 6
245: 6
293: 6
235: 6
281: 5
379: 5
419: 5
196: 5
248: 5
167: 5
205: 5
130: 4
134: 4
341: 4
120: 4
261: 4
299: 4
193: 4
244: 4
241: 4
243: 4
290: 4
434: 4
250: 4
182: 4
346: 3
283: 3
284: 3
296: 3
297: 3
377: 3
303: 3
441: 3
305: 3
259: 3
179: 3
345: 3
181: 3
197: 3
342: 3
229: 3
201: 3
208: 3
124: 3
135: 2
139: 2
344: 2
318: 2
191: 2
316: 2
392: 2
399: 2
366: 2
362: 2
444: 2
435: 2
335: 2
337: 2
387: 2
330: 2
333: 2
177: 2
312: 2
168: 2
315: 2
163: 2
157: 2
237: 2
232: 2
421: 2
359: 2
358: 2
215: 1
264: 1
219: 1
132: 1
137: 1
288: 1
282: 1
285: 1
409: 1
408: 1
454: 1
424: 1
410: 1
375: 1
376: 1
319: 1
311: 1
270: 1
391: 1
390: 1
274: 1
396: 1
279: 1
141: 1
428: 1
368: 1
364: 1
363: 1
426: 1
309: 1
301: 1
380: 1
388: 1
437: 1
338: 1
451: 1
331: 1
144: 1
258: 1
184: 1
310: 1
370: 1
343: 1
190: 1
228: 1
226: 1
161: 1
162: 1
220: 1
273: 1
152: 1
156: 1
159: 1
456: 1
320: 1
324: 1
325: 1
329: 1
203: 1
145: 1
204: 1
125: 1
291: 1
357: 1
356: 1
354: 1
