D102m2.txt,0, | 294 298 301 | 125 206 208 | 294 297 311 | ,Score: 0

D106m3.txt,0, | 391 436 440 | 293 296 297 | 290 293 296 | ,Score: 0

D107m0.txt,0, | 126 130 197 | 122 124 135 | 146 265 271 | ,Score: 0

D110m2.txt,0, | 165 168 191 | 123 126 127 | 130 191 219 | ,Score: 0

D202m2.txt,0, | 327 335 402 | 124 126 207 | 380 418 421 | ,Score: 0

D203m5.txt,0, | 263 265 267 | 345 347 370 | 165 190 194 | ,Score: 0

D204m0.txt,0, | 333 390 407 | 281 293 297 | 391 436 438 | ,Score: 0

D206mR.txt,0, | 334 389 393 | 351 361 366 | 388 392 435 | ,Score: 0

D210m8.txt,0, | 288 317 324 | 148 262 266 | 144 147 177 | ,Score: 0

D214m3.txt,0, | 123 126 127 | 194 241 243 | 165 190 194 | ,Score: 0

D215m7.txt,0, | 177 181 261 | 123 127 208 | 178 181 226 | ,Score: 0

D216m1.txt,0, | 196 242 248 | 157 164 249 | 357 359 360 | ,Score: 0

D217m3.txt,0, | 182 228 262 | 282 288 313 | 147 265 270 | ,Score: 0

D218m7.txt,0, | 229 259 262 | 146 150 178 | 124 127 135 | ,Score: 0

D221m4.txt,0, | 130 134 219 | 396 400 419 | 229 259 261 | ,Score: 0

D222m6.txt,0, | 229 259 261 | 182 229 261 | 275 301 306 | ,Score: 0

D228m5.txt,0, | 157 235 250 | 157 165 249 | 157 162 164 | ,Score: 0

D229m1.txt,0, | 157 235 249 | 194 240 245 | 165 191 240 | ,Score: 0

D231m7.txt,0, | 148 179 261 | 399 401 428 | 316 319 323 | ,Score: 0

D239m5.txt,0, | 179 261 265 | 401 403 419 | 178 180 181 | ,Score: 0

D301m9.txt,0, | 285 290 443 | 354 357 358 | 435 438 441 | ,Score: 0

D302m1.txt,0, | 438 440 441 | 164 165 167 | ,Score: 0

D304m4.txt,0, | 274 278 303 | 183 259 261 | 124 127 208 | ,Score: 0

D305m1.txt,0, | 366 388 412 | 290 443 444 | 435 440 443 | ,Score: 0

D306m2.txt,0, | 145 178 267 | 130 196 241 | 135 139 212 | ,Score: 0

D307m2.txt,0, | ,Score: 0

D308m5.txt,0, | 126 130 197 | 178 262 267 | 297 302 307 | ,Score: 0

D310m9.txt,0, | 123 134 139 | 351 366 369 | 123 127 208 | ,Score: 0

D311m8.txt,0, | 267 272 274 | 293 299 314 | 281 286 293 | ,Score: 0

D312m9.txt,0, | 193 197 240 | 194 240 243 | 240 245 248 | ,Score: 0

D313m5.txt,0, | 120 122 123 | 142 143 146 | 268 272 275 | ,Score: 0

D314m8.txt,0, | 120 122 208 | 143 147 175 | 400 403 419 | ,Score: 0

D315m6.txt,0, | 232 259 261 | 267 271 274 | 201 203 205 | ,Score: 0

D317m4.txt,0, | 123 126 208 | 336 403 406 | 177 182 261 | ,Score: 0

D318m3.txt,0, | 437 438 440 | ,Score: 0

D319m6.txt,0, | 134 136 140 | 146 265 268 | 147 179 262 | ,Score: 0

D320m3.txt,0, | 158 235 251 | 196 241 249 | 201 206 208 | ,Score: 0

D321m1.txt,0, | 157 235 237 | 201 203 233 | 282 313 317 | ,Score: 0

D322m0.txt,0, | 332 401 403 | 329 333 401 | 278 280 298 | ,Score: 0

D323m1.txt,0, | 193 196 242 | 196 241 244 | 196 241 242 | ,Score: 0

D324m6.txt,0, | 157 237 250 | 193 196 242 | 157 164 249 | ,Score: 0

D325m0.txt,0, | 296 302 308 | 196 237 249 | 123 127 135 | ,Score: 0

D326m0.txt,0, | 119 123 124 | 178 262 267 | 124 127 199 | ,Score: 0

D327m7.txt,0, | 178 261 264 | 125 132 197 | 336 403 405 | ,Score: 0

D328m3.txt,0, | 337 403 407 | 146 265 268 | 388 408 411 | ,Score: 0

D330m1.txt,0, | 146 178 267 | 337 403 407 | 124 128 135 | ,Score: 0

D331m0.txt,0, | 193 196 242 | 159 162 251 | 123 127 135 | ,Score: 0

D332m4.txt,0, | 293 299 315 | 183 230 262 | 147 177 262 | ,Score: 0

D333m4.txt,0, | 124 127 132 | 330 336 403 | 135 141 211 | ,Score: 0

D403m6.txt,0, | 341 344 377 | 165 170 191 | 339 408 415 | ,Score: 0

D407m5.txt,0, | 178 261 265 | 178 181 261 | 335 339 403 | ,Score: 0

D408m8.txt,0, | 277 281 284 | 148 262 266 | 177 182 261 | ,Score: 0

D409m5.txt,0, | 396 403 419 | 379 419 421 | 146 178 266 | ,Score: 0

D410mR.txt,0, | 196 241 249 | 193 196 242 | 196 241 245 | ,Score: 0

D413m2.txt,0, | 158 235 251 | 204 206 235 | 165 248 252 | ,Score: 0

D414m2.txt,0, | 140 212 220 | 336 339 403 | 177 262 267 | ,Score: 0

D421m7.txt,0, | 204 206 235 | 232 258 261 | 123 127 208 | ,Score: 0

D428m7.txt,0, | 350 368 371 | 177 182 261 | 327 396 402 | ,Score: 0

D430mR.txt,0, | 293 296 318 | 435 438 441 | 354 362 444 | ,Score: 0

D431m9.txt,0, | ,Score: 0

D438m9.txt,0, | 146 178 179 | 181 229 262 | 178 229 262 | ,Score: 0

D450m5.txt,0, | 201 233 253 | 123 139 212 | 299 303 308 | ,Score: 0

D453m0.txt,0, | 336 337 338 | 178 182 261 | 146 265 271 | ,Score: 0

D459m2.txt,0, | 164 165 167 | 248 250 251 | 194 242 245 | ,Score: 0

D462m1.txt,0, | 335 339 406 | 147 262 265 | 336 403 406 | ,Score: 0

D464m0.txt,0, | 146 178 267 | 122 141 143 | 228 259 262 | ,Score: 0

