M = 273 279 
281 296 | 175 267 | 178 261 | 329 336 | 296 318 | 280 286 | 325 401 | 261 265 | 345 370 | 267 274 | 283 288 | 281 296 | 401 419 | 368 388 | 147 178 | 146 178 | 286 293 | 142 146 | 440 442 | 291 316 | 147 262 | 274 302 | 436 441 | 337 409 | 143 147 | 267 274 | 391 438 | 178 261 | 179 261 | 281 296 | 178 229 | 147 265 | 265 269 | 179 261 | 232 261 | 275 281 | 277 301 | 388 435 | 281 293 | 146 178 | 262 267 | 146 178 | 172 273 | 299 303 | 271 277 | 279 303 | 178 267 | 412 415 | 290 443 | 146 178 | 290 297 | 145 178 | 293 321 | 286 293 | 147 179 | 178 266 | 278 284 | 337 408 | 145 267 | 259 262 | 345 347 | 293 299 | 182 262 | 267 274 | 178 267 | 337 341 | 337 408 | 262 267 | 142 146 | 178 266 | 296 301 | 178 261 | 262 267 | 339 408 | 146 178 | 335 403 | 178 267 | 281 290 | 178 267 | 401 419 | 338 341 | 281 297 | 268 274 | 262 267 | 293 299 | 327 401 | 177 262 | 178 266 | 264 266 | 267 274 | 178 182 | 146 178 | 299 305 | 146 271 | 289 441 | 281 296 | 372 419 | 322 329 | 333 337 | 336 408 | 

M = 132 194 
126 196 | 165 191 | 124 138 | 191 242 | 190 194 | 127 197 | 131 241 | 165 190 | 194 243 | 123 208 | 165 194 | 130 219 | 123 139 | 193 242 | 126 130 | 165 194 | 165 194 | 165 190 | 169 194 | 123 139 | 128 194 | 196 245 | 165 190 | 123 139 | 196 244 | 120 123 | 193 239 | 165 194 | 124 135 | 123 136 | 193 242 | 132 197 | 134 219 | 190 240 | 127 196 | 123 126 | 165 194 | 165 194 | 190 194 | 128 193 | 134 219 | 165 190 | 165 190 | 126 196 | 165 190 | 130 241 | 165 191 | 165 194 | 125 212 | 165 194 | 165 190 | 165 190 | 122 141 | 

M = 164 249 
206 237 | 201 251 | 163 251 | 196 237 | 167 172 | 235 249 | 167 172 | 165 248 | 165 248 | 157 167 | 237 240 | 165 249 | 201 251 | 196 249 | 157 167 | 241 249 | 163 251 | 241 249 | 163 251 | 165 240 | 201 251 | 157 167 | 201 251 | 163 251 | 196 249 | 163 249 | 201 251 | 162 251 | 162 168 | 171 190 | 165 248 | 197 249 | 235 249 | 201 251 | 201 208 | 196 249 | 196 249 | 157 165 | 

FREQUENCIES
165: 24
178: 20
194: 16
249: 14
267: 14
190: 12
251: 11
196: 10
146: 9
281: 8
262: 8
261: 7
123: 7
201: 7
296: 6
293: 6
274: 6
337: 5
167: 5
163: 5
147: 5
126: 4
132: 4
401: 4
266: 4
299: 4
193: 4
241: 4
408: 4
157: 4
219: 3
130: 3
139: 3
286: 3
265: 3
290: 3
197: 3
191: 3
240: 3
242: 3
248: 3
419: 3
179: 3
172: 3
164: 3
237: 3
134: 2
341: 2
124: 2
127: 2
128: 2
271: 2
273: 2
277: 2
279: 2
303: 2
301: 2
441: 2
388: 2
336: 2
345: 2
182: 2
297: 2
162: 2
235: 2
329: 2
145: 2
142: 2
208: 2
212: 1
264: 1
131: 1
136: 1
135: 1
138: 1
289: 1
288: 1
347: 1
403: 1
280: 1
283: 1
284: 1
409: 1
120: 1
269: 1
268: 1
415: 1
412: 1
370: 1
372: 1
291: 1
318: 1
391: 1
275: 1
278: 1
141: 1
368: 1
442: 1
302: 1
443: 1
440: 1
305: 1
245: 1
244: 1
243: 1
438: 1
436: 1
435: 1
339: 1
338: 1
335: 1
333: 1
259: 1
177: 1
175: 1
171: 1
316: 1
168: 1
169: 1
229: 1
239: 1
232: 1
322: 1
321: 1
327: 1
325: 1
143: 1
206: 1
122: 1
125: 1
