D102m2.txt,0, | 206 237 | 281 296 | 175 267 | ,Score: 0

D106m3.txt,0, | 132 194 | 178 261 | 329 336 | ,Score: 0

D107m0.txt,0, | 126 196 | 296 318 | 201 251 | ,Score: 0

D110m2.txt,0, | 165 191 | 124 138 | 280 286 | ,Score: 0

D202m2.txt,0, | 163 251 | 325 401 | 191 242 | ,Score: 0

D203m5.txt,0, | 190 194 | 261 265 | 345 370 | ,Score: 0

D204m0.txt,0, | 267 274 | 196 237 | 127 197 | ,Score: 0

D206mR.txt,0, | 131 241 | 283 288 | 167 172 | ,Score: 0

D210m8.txt,0, | 165 190 | 281 296 | 401 419 | ,Score: 0

D214m3.txt,0, | 194 243 | 368 388 | 147 178 | ,Score: 0

D215m7.txt,0, | 123 208 | 165 194 | 146 178 | ,Score: 0

D216m1.txt,0, | 286 293 | 235 249 | 142 146 | ,Score: 0

D217m3.txt,0, | 440 442 | 291 316 | 167 172 | ,Score: 0

D218m7.txt,0, | 165 248 | 147 262 | 130 219 | ,Score: 0

D221m4.txt,0, | 165 248 | 123 139 | 273 279 | ,Score: 0

D222m6.txt,0, | 274 302 | 193 242 | 436 441 | ,Score: 0

D228m5.txt,0, | 126 130 | 157 167 | 337 409 | ,Score: 0

D229m1.txt,0, | 143 147 | 267 274 | 237 240 | ,Score: 0

D231m7.txt,0, | 391 438 | 165 249 | 178 261 | ,Score: 0

D239m5.txt,0, | 179 261 | 165 194 | 281 296 | ,Score: 0

D301m9.txt,0, | 178 229 | 147 265 | 165 194 | ,Score: 0

D302m1.txt,0, | 165 190 | 265 269 | 179 261 | ,Score: 0

D304m4.txt,0, | 232 261 | 275 281 | 277 301 | ,Score: 0

D305m1.txt,0, | 388 435 | 281 293 | 146 178 | ,Score: 0

D306m2.txt,0, | 169 194 | 123 139 | 262 267 | ,Score: 0

D307m2.txt,0, | 128 194 | 146 178 | 172 273 | ,Score: 0

D308m5.txt,0, | 299 303 | 201 251 | 196 249 | ,Score: 0

D310m9.txt,0, | 196 245 | 165 190 | 123 139 | ,Score: 0

D311m8.txt,0, | 157 167 | 241 249 | 271 277 | ,Score: 0

D312m9.txt,0, | 163 251 | 196 244 | 279 303 | ,Score: 0

D313m5.txt,0, | 178 267 | 412 415 | 120 123 | ,Score: 0

D314m8.txt,0, | 241 249 | 290 443 | 146 178 | ,Score: 0

D315m6.txt,0, | 163 251 | 290 297 | 193 239 | ,Score: 0

D317m4.txt,0, | 165 240 | 145 178 | 293 321 | ,Score: 0

D318m3.txt,0, | 165 194 | 124 135 | 123 136 | ,Score: 0

D319m6.txt,0, | 193 242 | 286 293 | 147 179 | ,Score: 0

D320m3.txt,0, | 132 197 | 201 251 | 178 266 | ,Score: 0

D321m1.txt,0, | 157 167 | 201 251 | 134 219 | ,Score: 0

D322m0.txt,0, | 163 251 | 278 284 | 190 240 | ,Score: 0

D323m1.txt,0, | 337 408 | 127 196 | 145 267 | ,Score: 0

D324m6.txt,0, | 196 249 | 259 262 | 345 347 | ,Score: 0

D325m0.txt,0, | 293 299 | 123 126 | 164 249 | ,Score: 0

D326m0.txt,0, | 163 249 | 182 262 | 267 274 | ,Score: 0

D327m7.txt,0, | 178 267 | 337 341 | 165 194 | ,Score: 0

D328m3.txt,0, | 337 408 | 165 194 | 262 267 | ,Score: 0

D330m1.txt,0, | 190 194 | 201 251 | 142 146 | ,Score: 0

D331m0.txt,0, | 162 251 | 128 193 | 178 266 | ,Score: 0

D332m4.txt,0, | 296 301 | 134 219 | 178 261 | ,Score: 0

D333m4.txt,0, | 132 194 | 262 267 | 164 249 | ,Score: 0

D403m6.txt,0, | 162 168 | 171 190 | 165 248 | ,Score: 0

D407m5.txt,0, | 339 408 | 146 178 | 335 403 | ,Score: 0

D408m8.txt,0, | 178 267 | 281 290 | 165 190 | ,Score: 0

D409m5.txt,0, | 178 267 | 165 190 | 401 419 | ,Score: 0

D410mR.txt,0, | 126 196 | 338 341 | 197 249 | ,Score: 0

D413m2.txt,0, | 281 297 | 132 194 | 235 249 | ,Score: 0

D414m2.txt,0, | 165 190 | 268 274 | 262 267 | ,Score: 0

D421m7.txt,0, | 201 251 | 293 299 | 130 241 | ,Score: 0

D428m7.txt,0, | 327 401 | 177 262 | 165 191 | ,Score: 0

D430mR.txt,0, | 178 266 | 165 194 | 264 266 | ,Score: 0

D431m9.txt,0, | 125 212 | 267 274 | 165 194 | ,Score: 0

D438m9.txt,0, | 178 182 | 146 178 | 164 249 | ,Score: 0

D450m5.txt,0, | 201 208 | 299 305 | 196 249 | ,Score: 0

D453m0.txt,0, | 146 271 | 196 249 | 289 441 | ,Score: 0

D459m2.txt,0, | 165 190 | 281 296 | 372 419 | ,Score: 0

D462m1.txt,0, | 165 190 | 322 329 | 333 337 | ,Score: 0

D464m0.txt,0, | 122 141 | 336 408 | 157 165 | ,Score: 0

