M = 178 267 
278 299 | 178 261 | 122 208 | 261 265 | 267 274 | 147 178 | 147 268 | 178 180 | 123 208 | 178 182 | 143 146 | 178 266 | 259 262 | 146 178 | 274 302 | 178 261 | 179 261 | 178 266 | 147 178 | 178 261 | 262 267 | 147 263 | 262 267 | 267 274 | 146 178 | 299 303 | 267 274 | 142 146 | 146 178 | 232 261 | 145 178 | 147 178 | 119 120 | 262 267 | 120 124 | 178 261 | 262 267 | 178 261 | 142 146 | 262 267 | 147 262 | 178 266 | 178 182 | 177 267 | 265 268 | 274 303 | 262 267 | 268 273 | 120 124 | 177 262 | 178 266 | 258 261 | 143 177 | 274 303 | 120 208 | 147 179 | 123 208 | 299 305 | 265 271 | 142 146 | 262 265 | 122 141 | 

M = 325 333 
329 336 | 296 318 | 327 402 | 345 370 | 291 320 | 291 316 | 401 419 | 436 441 | 391 438 | 324 401 | 336 403 | 334 336 | 385 412 | 391 439 | 400 419 | 293 299 | 281 292 | 412 415 | 345 370 | 281 293 | 439 441 | 326 331 | 293 321 | 340 403 | 313 319 | 293 299 | 337 341 | 337 408 | 409 412 | 296 301 | 341 406 | 406 415 | 331 336 | 434 439 | 401 419 | 327 401 | 282 313 | 436 440 | 289 441 | 336 408 | 

M = 165 194 
206 237 | 132 139 | 126 196 | 165 248 | 168 191 | 164 168 | 241 248 | 190 217 | 194 219 | 168 190 | 191 219 | 131 194 | 123 134 | 242 243 | 194 243 | 242 248 | 157 250 | 164 249 | 130 190 | 123 139 | 242 248 | 130 190 | 193 242 | 194 243 | 163 250 | 158 163 | 157 249 | 157 165 | 240 245 | 194 243 | 193 242 | 136 137 | 168 190 | 194 243 | 130 219 | 239 241 | 130 241 | 196 237 | 126 130 | 123 139 | 172 190 | 163 249 | 157 250 | 194 243 | 206 237 | 130 190 | 123 127 | 130 135 | 169 191 | 158 250 | 164 167 | 157 164 | 232 235 | 124 135 | 165 190 | 278 284 | 206 237 | 164 167 | 165 167 | 242 243 | 194 243 | 165 249 | 194 219 | 196 245 | 123 126 | 126 208 | 135 141 | 196 237 | 159 162 | 193 242 | 161 164 | 126 132 | 123 136 | 193 242 | 164 165 | 165 249 | 164 249 | 194 245 | 158 249 | 164 249 | 196 242 | 201 251 | 169 191 | 242 243 | 196 237 | 169 194 | 194 243 | 164 169 | 139 142 | 127 208 | 

FREQUENCIES
178: 23
267: 14
194: 13
262: 10
243: 10
242: 10
164: 10
261: 9
123: 8
190: 8
249: 8
165: 8
130: 7
146: 7
147: 7
196: 6
274: 6
237: 6
208: 6
126: 5
299: 5
336: 5
157: 5
219: 4
139: 4
401: 4
266: 4
265: 4
293: 4
191: 4
193: 4
248: 4
250: 4
168: 4
169: 4
142: 4
120: 4
135: 3
268: 3
412: 3
441: 3
303: 3
245: 3
241: 3
419: 3
439: 3
177: 3
167: 3
163: 3
158: 3
206: 3
124: 3
132: 2
136: 2
345: 2
403: 2
281: 2
408: 2
122: 2
127: 2
415: 2
296: 2
370: 2
291: 2
313: 2
391: 2
278: 2
141: 2
436: 2
337: 2
331: 2
179: 2
406: 2
182: 2
341: 2
232: 2
327: 2
143: 2
217: 1
131: 1
137: 1
134: 1
289: 1
402: 1
400: 1
282: 1
284: 1
409: 1
263: 1
292: 1
201: 1
319: 1
318: 1
271: 1
273: 1
119: 1
302: 1
440: 1
301: 1
305: 1
385: 1
438: 1
434: 1
240: 1
334: 1
333: 1
258: 1
259: 1
251: 1
172: 1
180: 1
340: 1
316: 1
161: 1
162: 1
159: 1
239: 1
235: 1
320: 1
321: 1
326: 1
324: 1
325: 1
329: 1
145: 1
