D102m2.txt,0, | 178 267 | 206 237 | 278 299 | ,Score: 0

D106m3.txt,0, | 132 139 | 329 336 | 178 261 | ,Score: 0

D107m0.txt,0, | 126 196 | 296 318 | 122 208 | ,Score: 0

D110m2.txt,0, | 165 248 | 168 191 | 164 168 | ,Score: 0

D202m2.txt,0, | 241 248 | 190 217 | 327 402 | ,Score: 0

D203m5.txt,0, | 261 265 | 345 370 | 194 219 | ,Score: 0

D204m0.txt,0, | 168 190 | 191 219 | 267 274 | ,Score: 0

D206mR.txt,0, | 291 320 | 131 194 | 147 178 | ,Score: 0

D210m8.txt,0, | 123 134 | 147 268 | 178 180 | ,Score: 0

D214m3.txt,0, | 242 243 | 194 243 | 165 194 | ,Score: 0

D215m7.txt,0, | 123 208 | 178 182 | 143 146 | ,Score: 0

D216m1.txt,0, | 242 248 | 157 250 | 164 249 | ,Score: 0

D217m3.txt,0, | 291 316 | 401 419 | 178 266 | ,Score: 0

D218m7.txt,0, | 259 262 | 146 178 | 130 190 | ,Score: 0

D221m4.txt,0, | 123 139 | 242 248 | 130 190 | ,Score: 0

D222m6.txt,0, | 274 302 | 193 242 | 436 441 | ,Score: 0

D228m5.txt,0, | 194 243 | 163 250 | 158 163 | ,Score: 0

D229m1.txt,0, | 157 249 | 157 165 | 240 245 | ,Score: 0

D231m7.txt,0, | 391 438 | 194 243 | 178 261 | ,Score: 0

D239m5.txt,0, | 179 261 | 193 242 | 178 266 | ,Score: 0

D301m9.txt,0, | 324 401 | 336 403 | 147 178 | ,Score: 0

D302m1.txt,0, | 136 137 | 334 336 | 178 261 | ,Score: 0

D304m4.txt,0, | 168 190 | 194 243 | 262 267 | ,Score: 0

D305m1.txt,0, | 385 412 | 391 439 | 147 263 | ,Score: 0

D306m2.txt,0, | 130 219 | 239 241 | 262 267 | ,Score: 0

D307m2.txt,0, | 267 274 | 130 241 | 146 178 | ,Score: 0

D308m5.txt,0, | 299 303 | 267 274 | 196 237 | ,Score: 0

D310m9.txt,0, | 126 130 | 123 139 | 400 419 | ,Score: 0

D311m8.txt,0, | 293 299 | 172 190 | 281 292 | ,Score: 0

D312m9.txt,0, | 163 249 | 157 250 | 194 243 | ,Score: 0

D313m5.txt,0, | 412 415 | 345 370 | 142 146 | ,Score: 0

D314m8.txt,0, | 281 293 | 439 441 | 146 178 | ,Score: 0

D315m6.txt,0, | 206 237 | 232 261 | 130 190 | ,Score: 0

D317m4.txt,0, | 145 178 | 326 331 | 293 321 | ,Score: 0

D318m3.txt,0, | 123 127 | 340 403 | 130 135 | ,Score: 0

D319m6.txt,0, | 169 191 | 147 178 | 119 120 | ,Score: 0

D320m3.txt,0, | 158 250 | 164 167 | 157 164 | ,Score: 0

D321m1.txt,0, | 232 235 | 124 135 | 313 319 | ,Score: 0

D322m0.txt,0, | 165 190 | 278 284 | 206 237 | ,Score: 0

D323m1.txt,0, | 164 167 | 165 167 | 242 243 | ,Score: 0

D324m6.txt,0, | 194 243 | 165 249 | 194 219 | ,Score: 0

D325m0.txt,0, | 196 245 | 293 299 | 123 126 | ,Score: 0

D326m0.txt,0, | 126 208 | 262 267 | 120 124 | ,Score: 0

D327m7.txt,0, | 178 267 | 337 341 | 178 261 | ,Score: 0

D328m3.txt,0, | 337 408 | 262 267 | 409 412 | ,Score: 0

D330m1.txt,0, | 178 267 | 135 141 | 196 237 | ,Score: 0

D331m0.txt,0, | 159 162 | 193 242 | 161 164 | ,Score: 0

D332m4.txt,0, | 296 301 | 178 261 | 142 146 | ,Score: 0

D333m4.txt,0, | 126 132 | 262 267 | 123 136 | ,Score: 0

D403m6.txt,0, | 341 406 | 147 262 | 406 415 | ,Score: 0

D407m5.txt,0, | 178 266 | 193 242 | 331 336 | ,Score: 0

D408m8.txt,0, | 434 439 | 178 182 | 177 267 | ,Score: 0

D409m5.txt,0, | 178 267 | 265 268 | 401 419 | ,Score: 0

D410mR.txt,0, | 164 165 | 165 249 | 164 249 | ,Score: 0

D413m2.txt,0, | 194 245 | 158 249 | 164 249 | ,Score: 0

D414m2.txt,0, | 274 303 | 262 267 | 268 273 | ,Score: 0

D421m7.txt,0, | 196 242 | 201 251 | 120 124 | ,Score: 0

D428m7.txt,0, | 177 262 | 327 401 | 169 191 | ,Score: 0

D430mR.txt,0, | 242 243 | 178 266 | 258 261 | ,Score: 0

D431m9.txt,0, | 282 313 | 143 177 | 274 303 | ,Score: 0

D438m9.txt,0, | 120 208 | 436 440 | 147 179 | ,Score: 0

D450m5.txt,0, | 123 208 | 299 305 | 196 237 | ,Score: 0

D453m0.txt,0, | 265 271 | 289 441 | 142 146 | ,Score: 0

D459m2.txt,0, | 169 194 | 194 243 | 164 169 | ,Score: 0

D462m1.txt,0, | 325 333 | 262 265 | 139 142 | ,Score: 0

D464m0.txt,0, | 122 141 | 336 408 | 127 208 | ,Score: 0

