M = 178 267 
278 299 | 265 269 | 177 261 | 265 268 | 267 274 | 144 147 | 274 303 | 147 178 | 146 178 | 145 178 | 178 266 | 147 262 | 273 280 | 274 302 | 119 121 | 147 262 | 179 261 | 178 266 | 147 265 | 178 261 | 179 262 | 265 269 | 258 261 | 120 122 | 262 267 | 147 263 | 262 267 | 267 274 | 178 261 | 146 178 | 299 303 | 267 274 | 146 271 | 120 122 | 146 178 | 232 261 | 145 178 | 145 268 | 178 179 | 147 268 | 232 235 | 268 274 | 182 262 | 262 266 | 146 267 | 178 261 | 262 267 | 147 262 | 178 266 | 178 182 | 148 266 | 265 268 | 268 274 | 262 267 | 143 146 | 120 124 | 177 262 | 143 145 | 265 268 | 146 268 | 181 262 | 178 226 | 275 282 | 120 208 | 178 182 | 146 178 | 299 305 | 265 271 | 142 146 | 146 265 | 147 262 | 

M = 325 333 
403 406 | 296 318 | 335 339 | 331 402 | 379 421 | 325 441 | 345 370 | 288 324 | 401 419 | 357 359 | 439 442 | 291 316 | 339 408 | 436 441 | 391 438 | 441 444 | 401 403 | 336 339 | 385 412 | 391 439 | 400 419 | 292 299 | 281 293 | 412 415 | 440 443 | 281 293 | 293 321 | 340 403 | 286 293 | 313 319 | 330 401 | 293 299 | 284 288 | 337 341 | 376 405 | 337 408 | 296 301 | 376 379 | 341 406 | 336 406 | 331 336 | 434 439 | 401 419 | 327 401 | 289 441 | 336 408 | 

M = 130 239 
206 237 | 127 208 | 165 248 | 191 242 | 158 249 | 193 242 | 127 135 | 123 136 | 242 243 | 194 243 | 164 167 | 123 208 | 206 235 | 157 249 | 157 164 | 124 127 | 130 135 | 123 134 | 248 251 | 158 161 | 194 243 | 157 164 | 163 249 | 245 248 | 169 240 | 123 139 | 196 237 | 196 237 | 123 127 | 122 138 | 165 190 | 242 248 | 157 164 | 203 206 | 123 127 | 130 135 | 165 248 | 164 167 | 164 249 | 124 135 | 235 249 | 242 243 | 165 167 | 243 244 | 242 243 | 194 243 | 165 194 | 126 196 | 122 135 | 201 251 | 136 141 | 165 247 | 193 242 | 194 242 | 122 137 | 124 135 | 193 218 | 164 165 | 165 249 | 164 249 | 194 245 | 164 167 | 164 249 | 196 245 | 201 251 | 135 213 | 123 127 | 201 251 | 164 169 | 194 243 | 190 217 | 127 134 | 122 141 | 

FREQUENCIES
178: 23
267: 14
262: 13
164: 11
146: 10
147: 9
265: 8
268: 8
243: 8
242: 8
249: 8
165: 8
135: 7
123: 7
127: 7
194: 7
274: 7
261: 7
122: 6
401: 5
266: 5
299: 5
248: 5
293: 5
120: 4
196: 4
441: 4
336: 4
251: 4
167: 4
157: 4
145: 4
124: 4
130: 3
403: 3
408: 3
419: 3
201: 3
193: 3
406: 3
245: 3
439: 3
339: 3
179: 3
182: 3
235: 3
237: 3
206: 3
208: 3
136: 2
134: 2
288: 2
281: 2
269: 2
379: 2
412: 2
296: 2
271: 2
391: 2
141: 2
303: 2
376: 2
337: 2
331: 2
177: 2
341: 2
190: 2
169: 2
158: 2
232: 2
325: 2
143: 2
217: 1
126: 1
218: 1
137: 1
139: 1
138: 1
213: 1
289: 1
405: 1
402: 1
400: 1
280: 1
282: 1
284: 1
415: 1
370: 1
292: 1
291: 1
319: 1
318: 1
313: 1
191: 1
316: 1
273: 1
275: 1
278: 1
119: 1
226: 1
301: 1
421: 1
440: 1
443: 1
442: 1
302: 1
305: 1
444: 1
244: 1
247: 1
240: 1
438: 1
436: 1
434: 1
385: 1
335: 1
330: 1
333: 1
258: 1
203: 1
345: 1
181: 1
340: 1
161: 1
163: 1
286: 1
239: 1
321: 1
327: 1
324: 1
144: 1
142: 1
148: 1
263: 1
121: 1
357: 1
359: 1
