D102m2.txt,0, | 178 267 | 206 237 | 278 299 | ,Score: 0

D106m3.txt,0, | 265 269 | 403 406 | 177 261 | ,Score: 0

D107m0.txt,0, | 296 318 | 127 208 | 335 339 | ,Score: 0

D110m2.txt,0, | 165 248 | 191 242 | 158 249 | ,Score: 0

D202m2.txt,0, | 331 402 | 379 421 | 325 441 | ,Score: 0

D203m5.txt,0, | 265 268 | 193 242 | 345 370 | ,Score: 0

D204m0.txt,0, | 267 274 | 144 147 | 274 303 | ,Score: 0

D206mR.txt,0, | 127 135 | 288 324 | 147 178 | ,Score: 0

D210m8.txt,0, | 401 419 | 146 178 | 123 136 | ,Score: 0

D214m3.txt,0, | 242 243 | 194 243 | 164 167 | ,Score: 0

D215m7.txt,0, | 145 178 | 123 208 | 206 235 | ,Score: 0

D216m1.txt,0, | 157 249 | 157 164 | 357 359 | ,Score: 0

D217m3.txt,0, | 178 266 | 439 442 | 291 316 | ,Score: 0

D218m7.txt,0, | 124 127 | 147 262 | 130 135 | ,Score: 0

D221m4.txt,0, | 123 134 | 273 280 | 248 251 | ,Score: 0

D222m6.txt,0, | 274 302 | 339 408 | 436 441 | ,Score: 0

D228m5.txt,0, | 158 161 | 194 243 | 157 164 | ,Score: 0

D229m1.txt,0, | 163 249 | 245 248 | 169 240 | ,Score: 0

D231m7.txt,0, | 391 438 | 119 121 | 147 262 | ,Score: 0

D239m5.txt,0, | 441 444 | 179 261 | 178 266 | ,Score: 0

D301m9.txt,0, | 401 403 | 147 265 | 178 261 | ,Score: 0

D302m1.txt,0, | 179 262 | 265 269 | 258 261 | ,Score: 0

D304m4.txt,0, | 336 339 | 120 122 | 262 267 | ,Score: 0

D305m1.txt,0, | 385 412 | 391 439 | 147 263 | ,Score: 0

D306m2.txt,0, | 123 139 | 196 237 | 262 267 | ,Score: 0

D307m2.txt,0, | 267 274 | 178 261 | 146 178 | ,Score: 0

D308m5.txt,0, | 299 303 | 267 274 | 196 237 | ,Score: 0

D310m9.txt,0, | 123 127 | 400 419 | 122 138 | ,Score: 0

D311m8.txt,0, | 146 271 | 292 299 | 281 293 | ,Score: 0

D312m9.txt,0, | 165 190 | 242 248 | 157 164 | ,Score: 0

D313m5.txt,0, | 178 267 | 412 415 | 120 122 | ,Score: 0

D314m8.txt,0, | 440 443 | 281 293 | 146 178 | ,Score: 0

D315m6.txt,0, | 203 206 | 232 261 | 130 239 | ,Score: 0

D317m4.txt,0, | 145 178 | 145 268 | 293 321 | ,Score: 0

D318m3.txt,0, | 123 127 | 340 403 | 130 135 | ,Score: 0

D319m6.txt,0, | 178 179 | 286 293 | 147 268 | ,Score: 0

D320m3.txt,0, | 165 248 | 164 167 | 164 249 | ,Score: 0

D321m1.txt,0, | 232 235 | 124 135 | 313 319 | ,Score: 0

D322m0.txt,0, | 330 401 | 268 274 | 235 249 | ,Score: 0

D323m1.txt,0, | 242 243 | 165 167 | 243 244 | ,Score: 0

D324m6.txt,0, | 242 243 | 194 243 | 165 194 | ,Score: 0

D325m0.txt,0, | 126 196 | 293 299 | 122 135 | ,Score: 0

D326m0.txt,0, | 178 267 | 284 288 | 182 262 | ,Score: 0

D327m7.txt,0, | 178 267 | 337 341 | 376 405 | ,Score: 0

D328m3.txt,0, | 337 408 | 262 266 | 146 267 | ,Score: 0

D330m1.txt,0, | 178 267 | 201 251 | 136 141 | ,Score: 0

D331m0.txt,0, | 165 247 | 193 242 | 194 242 | ,Score: 0

D332m4.txt,0, | 296 301 | 122 137 | 178 261 | ,Score: 0

D333m4.txt,0, | 376 379 | 124 135 | 262 267 | ,Score: 0

D403m6.txt,0, | 341 406 | 336 406 | 147 262 | ,Score: 0

D407m5.txt,0, | 178 266 | 331 336 | 193 218 | ,Score: 0

D408m8.txt,0, | 434 439 | 178 182 | 148 266 | ,Score: 0

D409m5.txt,0, | 265 268 | 178 267 | 401 419 | ,Score: 0

D410mR.txt,0, | 164 165 | 165 249 | 164 249 | ,Score: 0

D413m2.txt,0, | 194 245 | 164 167 | 164 249 | ,Score: 0

D414m2.txt,0, | 268 274 | 262 267 | 143 146 | ,Score: 0

D421m7.txt,0, | 196 245 | 201 251 | 120 124 | ,Score: 0

D428m7.txt,0, | 327 401 | 177 262 | 143 145 | ,Score: 0

D430mR.txt,0, | 265 268 | 146 268 | 181 262 | ,Score: 0

D431m9.txt,0, | 178 226 | 135 213 | 275 282 | ,Score: 0

D438m9.txt,0, | 120 208 | 178 182 | 146 178 | ,Score: 0

D450m5.txt,0, | 123 127 | 201 251 | 299 305 | ,Score: 0

D453m0.txt,0, | 265 271 | 289 441 | 142 146 | ,Score: 0

D459m2.txt,0, | 164 169 | 194 243 | 190 217 | ,Score: 0

D462m1.txt,0, | 146 265 | 325 333 | 127 134 | ,Score: 0

D464m0.txt,0, | 122 141 | 336 408 | 147 262 | ,Score: 0

