M = 178 267 
146 178 | 178 261 | 122 208 | 261 265 | 144 147 | 274 303 | 146 267 | 144 147 | 146 178 | 145 178 | 123 208 | 178 182 | 178 266 | 147 262 | 273 280 | 274 302 | 146 179 | 178 261 | 120 121 | 178 261 | 120 121 | 146 267 | 179 262 | 262 265 | 258 261 | 120 122 | 262 267 | 147 263 | 147 178 | 262 267 | 267 274 | 145 267 | 146 178 | 146 271 | 278 303 | 120 123 | 146 267 | 146 178 | 147 150 | 203 232 | 145 178 | 145 268 | 261 263 | 147 179 | 268 274 | 182 262 | 262 267 | 140 144 | 178 261 | 262 267 | 178 226 | 262 266 | 146 266 | 178 266 | 178 180 | 268 274 | 177 261 | 120 124 | 177 262 | 262 266 | 181 262 | 178 262 | 228 262 | 143 177 | 120 208 | 178 182 | 146 178 | 201 208 | 146 271 | 144 147 | 122 141 | 147 268 | 

M = 165 194 
206 237 | 123 139 | 126 196 | 242 248 | 158 249 | 165 249 | 193 242 | 123 136 | 242 243 | 194 243 | 157 164 | 196 244 | 124 135 | 123 139 | 196 248 | 194 243 | 157 164 | 165 249 | 157 164 | 240 245 | 123 139 | 196 237 | 126 196 | 239 251 | 123 127 | 123 138 | 157 249 | 194 243 | 161 164 | 130 239 | 126 130 | 193 218 | 242 248 | 158 249 | 164 249 | 232 235 | 124 135 | 235 249 | 242 243 | 165 167 | 164 167 | 194 243 | 242 244 | 123 127 | 127 134 | 201 251 | 165 247 | 193 242 | 161 164 | 122 137 | 124 135 | 164 165 | 165 249 | 164 249 | 165 190 | 194 245 | 164 249 | 196 245 | 201 251 | 190 194 | 164 169 | 242 244 | 

M = 290 443 
274 301 | 329 336 | 296 318 | 325 331 | 401 428 | 379 419 | 345 370 | 327 400 | 291 320 | 401 419 | 357 359 | 359 360 | 291 316 | 401 419 | 339 408 | 436 441 | 391 438 | 441 444 | 336 339 | 388 435 | 299 303 | 281 293 | 412 415 | 293 321 | 340 403 | 286 293 | 313 319 | 330 401 | 303 308 | 293 299 | 284 288 | 337 341 | 337 408 | 409 412 | 296 301 | 341 406 | 339 403 | 331 336 | 325 441 | 439 441 | 401 419 | 327 400 | 349 369 | 275 282 | 299 303 | 305 308 | 438 441 | 293 300 | 333 337 | 319 326 | 

FREQUENCIES
178: 28
267: 18
262: 14
146: 12
164: 11
165: 11
194: 10
249: 10
123: 9
147: 9
242: 8
261: 8
120: 6
196: 6
274: 6
243: 6
401: 5
266: 5
293: 5
441: 5
303: 5
122: 4
268: 4
419: 4
157: 4
144: 4
145: 4
208: 4
124: 4
126: 3
135: 3
139: 3
127: 3
299: 3
201: 3
193: 3
245: 3
244: 3
248: 3
339: 3
337: 3
336: 3
179: 3
177: 3
251: 3
182: 3
130: 2
341: 2
400: 2
408: 2
121: 2
265: 2
412: 2
296: 2
291: 2
319: 2
271: 2
308: 2
301: 2
438: 2
331: 2
403: 2
190: 2
167: 2
161: 2
158: 2
239: 2
235: 2
237: 2
232: 2
327: 2
325: 2
263: 2
359: 2
218: 1
137: 1
136: 1
134: 1
138: 1
300: 1
345: 1
340: 1
281: 1
280: 1
282: 1
284: 1
409: 1
379: 1
415: 1
370: 1
290: 1
318: 1
313: 1
316: 1
391: 1
273: 1
275: 1
278: 1
141: 1
226: 1
428: 1
369: 1
302: 1
360: 1
406: 1
443: 1
305: 1
444: 1
247: 1
240: 1
388: 1
439: 1
436: 1
435: 1
330: 1
333: 1
258: 1
203: 1
288: 1
180: 1
181: 1
169: 1
228: 1
349: 1
286: 1
150: 1
320: 1
321: 1
326: 1
329: 1
143: 1
140: 1
206: 1
357: 1
