D102m2.txt,0, | 206 237 | 123 139 | 274 301 | ,Score: 0

D106m3.txt,0, | 146 178 | 329 336 | 178 261 | ,Score: 0

D107m0.txt,0, | 126 196 | 296 318 | 122 208 | ,Score: 0

D110m2.txt,0, | 242 248 | 158 249 | 165 249 | ,Score: 0

D202m2.txt,0, | 325 331 | 401 428 | 379 419 | ,Score: 0

D203m5.txt,0, | 261 265 | 193 242 | 345 370 | ,Score: 0

D204m0.txt,0, | 144 147 | 274 303 | 146 267 | ,Score: 0

D206mR.txt,0, | 327 400 | 144 147 | 291 320 | ,Score: 0

D210m8.txt,0, | 401 419 | 146 178 | 123 136 | ,Score: 0

D214m3.txt,0, | 242 243 | 194 243 | 165 194 | ,Score: 0

D215m7.txt,0, | 145 178 | 123 208 | 178 182 | ,Score: 0

D216m1.txt,0, | 357 359 | 157 164 | 359 360 | ,Score: 0

D217m3.txt,0, | 291 316 | 401 419 | 178 266 | ,Score: 0

D218m7.txt,0, | 196 244 | 124 135 | 147 262 | ,Score: 0

D221m4.txt,0, | 123 139 | 273 280 | 196 248 | ,Score: 0

D222m6.txt,0, | 274 302 | 339 408 | 436 441 | ,Score: 0

D228m5.txt,0, | 194 243 | 165 194 | 157 164 | ,Score: 0

D229m1.txt,0, | 165 249 | 157 164 | 240 245 | ,Score: 0

D231m7.txt,0, | 146 179 | 391 438 | 178 261 | ,Score: 0

D239m5.txt,0, | 120 121 | 441 444 | 178 261 | ,Score: 0

D301m9.txt,0, | 178 267 | 120 121 | 146 267 | ,Score: 0

D302m1.txt,0, | 179 262 | 262 265 | 258 261 | ,Score: 0

D304m4.txt,0, | 336 339 | 120 122 | 262 267 | ,Score: 0

D305m1.txt,0, | 388 435 | 147 263 | 147 178 | ,Score: 0

D306m2.txt,0, | 123 139 | 196 237 | 262 267 | ,Score: 0

D307m2.txt,0, | 267 274 | 145 267 | 146 178 | ,Score: 0

D308m5.txt,0, | 126 196 | 299 303 | 239 251 | ,Score: 0

D310m9.txt,0, | 178 267 | 123 127 | 123 138 | ,Score: 0

D311m8.txt,0, | 146 271 | 278 303 | 281 293 | ,Score: 0

D312m9.txt,0, | 157 249 | 194 243 | 161 164 | ,Score: 0

D313m5.txt,0, | 412 415 | 120 123 | 146 267 | ,Score: 0

D314m8.txt,0, | 290 443 | 146 178 | 147 150 | ,Score: 0

D315m6.txt,0, | 178 267 | 203 232 | 130 239 | ,Score: 0

D317m4.txt,0, | 145 178 | 145 268 | 293 321 | ,Score: 0

D318m3.txt,0, | 126 130 | 261 263 | 340 403 | ,Score: 0

D319m6.txt,0, | 286 293 | 147 179 | 193 218 | ,Score: 0

D320m3.txt,0, | 242 248 | 158 249 | 164 249 | ,Score: 0

D321m1.txt,0, | 232 235 | 313 319 | 124 135 | ,Score: 0

D322m0.txt,0, | 330 401 | 268 274 | 235 249 | ,Score: 0

D323m1.txt,0, | 242 243 | 165 167 | 164 167 | ,Score: 0

D324m6.txt,0, | 194 243 | 165 194 | 242 244 | ,Score: 0

D325m0.txt,0, | 303 308 | 123 127 | 293 299 | ,Score: 0

D326m0.txt,0, | 182 262 | 178 267 | 284 288 | ,Score: 0

D327m7.txt,0, | 178 267 | 337 341 | 127 134 | ,Score: 0

D328m3.txt,0, | 337 408 | 262 267 | 409 412 | ,Score: 0

D330m1.txt,0, | 178 267 | 201 251 | 140 144 | ,Score: 0

D331m0.txt,0, | 165 247 | 193 242 | 161 164 | ,Score: 0

D332m4.txt,0, | 296 301 | 122 137 | 178 261 | ,Score: 0

D333m4.txt,0, | 124 135 | 262 267 | 178 226 | ,Score: 0

D403m6.txt,0, | 262 266 | 146 266 | 341 406 | ,Score: 0

D407m5.txt,0, | 339 403 | 331 336 | 178 266 | ,Score: 0

D408m8.txt,0, | 178 267 | 325 441 | 439 441 | ,Score: 0

D409m5.txt,0, | 178 267 | 178 180 | 401 419 | ,Score: 0

D410mR.txt,0, | 164 165 | 165 249 | 164 249 | ,Score: 0

D413m2.txt,0, | 165 190 | 194 245 | 164 249 | ,Score: 0

D414m2.txt,0, | 178 267 | 268 274 | 177 261 | ,Score: 0

D421m7.txt,0, | 196 245 | 201 251 | 120 124 | ,Score: 0

D428m7.txt,0, | 177 262 | 327 400 | 349 369 | ,Score: 0

D430mR.txt,0, | 262 266 | 181 262 | 178 262 | ,Score: 0

D431m9.txt,0, | 228 262 | 143 177 | 275 282 | ,Score: 0

D438m9.txt,0, | 120 208 | 178 182 | 146 178 | ,Score: 0

D450m5.txt,0, | 201 208 | 299 303 | 305 308 | ,Score: 0

D453m0.txt,0, | 146 271 | 438 441 | 293 300 | ,Score: 0

D459m2.txt,0, | 190 194 | 164 169 | 165 194 | ,Score: 0

D462m1.txt,0, | 333 337 | 319 326 | 144 147 | ,Score: 0

D464m0.txt,0, | 122 141 | 147 268 | 242 244 | ,Score: 0

