123 127 
126 127 
127 135 
124 127 
127 197 
127 196 
127 130 
127 208 
123 126 
123 135 
123 136 
123 124 
122 123 
123 208 
124 126 
126 206 
126 197 
126 196 
126 130 
126 208 
135 136 
124 135 
122 135 
130 135 
135 141 
136 141 
122 124 
124 208 
122 208 
122 141 
205 206 
206 208 
203 206 
201 206 
196 197 
130 197 
197 248 
197 250 
205 208 
203 205 
201 205 
130 196 
196 245 
196 248 
196 244 
146 178 
146 265 
146 268 
146 266 
178 180 
178 265 
178 266 
265 268 
265 266 
266 268 
201 208 
201 203 
335 336 
335 339 
339 341 
318 322 
296 318 
293 318 
318 325 
311 318 
318 319 
336 339 
439 441 
245 248 
244 245 
325 441 
322 326 
322 325 
319 322 
296 297 
293 297 
297 311 
297 300 
297 307 
325 326 
319 326 
293 296 
296 311 
296 300 
296 307 
248 251 
248 250 
293 300 
319 325 
300 311 
307 311 
300 307 
201 251 
250 251 
