146 268 
265 268 
144 146 
146 265 
146 178 
121 122 
121 123 
140 144 
293 297 
297 300 
292 297 
297 299 
297 311 
126 206 
205 206 
201 206 
204 206 
178 180 
178 265 
248 250 
248 251 
197 248 
245 248 
196 248 
242 248 
299 305 
303 305 
305 311 
305 308 
126 127 
123 127 
127 197 
127 196 
293 300 
292 293 
293 299 
299 300 
300 303 
300 311 
300 308 
122 123 
123 126 
126 197 
126 196 
436 438 
438 439 
438 440 
292 299 
292 311 
436 439 
436 440 
439 440 
201 205 
204 205 
250 251 
197 250 
299 303 
299 311 
299 308 
123 136 
303 308 
136 140 
201 251 
201 204 
196 197 
196 245 
242 245 
243 245 
308 311 
196 242 
140 217 
242 243 
