193 194 
193 241 
191 193 
193 242 
131 193 
190 193 
133 193 
128 193 
179 262 
178 179 
179 181 
146 179 
147 179 
179 265 
178 262 
181 262 
147 262 
259 262 
262 265 
262 267 
194 244 
241 244 
242 244 
243 244 
131 136 
123 136 
133 136 
136 141 
178 181 
146 178 
147 178 
178 265 
178 267 
126 127 
127 131 
123 127 
127 133 
127 128 
122 123 
122 141 
194 241 
191 194 
169 194 
194 242 
194 243 
131 194 
190 194 
133 194 
128 194 
284 288 
288 323 
288 291 
286 288 
283 288 
288 320 
288 324 
288 317 
284 291 
284 286 
283 284 
279 284 
280 284 
281 284 
191 241 
241 242 
241 243 
131 241 
128 241 
126 131 
123 126 
126 128 
320 323 
323 324 
323 327 
323 329 
317 323 
323 330 
169 191 
191 242 
190 191 
133 191 
191 217 
291 297 
286 291 
283 291 
291 320 
279 291 
291 310 
291 317 
280 291 
281 291 
169 190 
279 297 
297 310 
297 311 
281 297 
146 147 
144 146 
146 268 
146 265 
146 267 
144 147 
147 268 
147 265 
147 267 
242 243 
283 286 
286 428 
280 286 
281 286 
279 283 
280 283 
281 283 
400 419 
324 400 
327 400 
400 428 
419 421 
141 144 
123 131 
131 133 
128 131 
320 324 
320 327 
317 320 
123 133 
324 327 
324 329 
317 324 
324 330 
279 310 
279 280 
279 281 
327 329 
327 330 
265 268 
267 268 
265 267 
133 190 
190 217 
133 141 
128 133 
329 330 
310 317 
310 311 
311 317 
280 281 
