243 244 
242 244 
244 245 
196 244 
127 134 
124 127 
123 127 
127 130 
127 196 
127 197 
134 136 
134 219 
134 139 
123 134 
130 134 
134 140 
134 193 
123 124 
122 124 
242 243 
243 245 
242 245 
191 242 
196 242 
193 242 
242 248 
197 250 
250 251 
248 250 
158 250 
136 139 
123 136 
136 140 
217 218 
190 218 
169 218 
218 219 
191 218 
139 218 
140 218 
193 218 
190 217 
217 219 
191 217 
139 217 
140 217 
169 190 
190 219 
190 191 
165 190 
130 190 
190 193 
196 245 
245 248 
169 219 
169 191 
165 169 
191 219 
139 219 
130 219 
140 219 
193 219 
165 191 
130 191 
191 196 
191 193 
123 139 
139 140 
139 142 
122 123 
165 248 
130 196 
130 197 
130 193 
140 142 
279 283 
283 286 
196 197 
193 196 
196 248 
193 197 
197 248 
248 251 
158 251 
258 259 
230 258 
273 279 
279 297 
286 396 
182 230 
146 264 
264 266 
142 146 
146 266 
145 146 
142 145 
230 259 
