146 267 
146 147 
146 268 
146 178 
146 177 
146 270 
143 146 
145 146 
147 267 
267 268 
178 267 
267 273 
262 267 
267 274 
177 267 
267 270 
145 267 
147 268 
147 178 
147 180 
147 262 
147 177 
147 270 
143 147 
145 147 
268 273 
268 274 
268 270 
145 268 
178 180 
178 262 
177 178 
178 261 
145 178 
180 262 
177 180 
273 274 
273 276 
270 273 
243 244 
242 244 
194 244 
241 244 
127 128 
128 194 
128 193 
128 241 
128 197 
128 130 
242 243 
194 243 
241 243 
218 220 
217 218 
193 218 
194 242 
193 242 
241 242 
177 262 
261 262 
258 261 
274 303 
303 305 
127 197 
127 130 
194 220 
217 220 
193 220 
130 220 
193 194 
194 241 
194 197 
130 194 
193 241 
193 197 
130 193 
274 276 
270 274 
197 241 
130 241 
130 197 
177 261 
143 177 
145 177 
119 120 
270 276 
143 145 
