127mTHR: 02,03,14,18,20,28|6|3.2669
127mGLY: 02,03,14,18,20,28|6|2.347
136mLYS: 02,03,14,20,23,28|6|4.2142
127mASN: 02,03,14,18,20,28|6|2.3175
261mHIS: 05,15,16,19,22,24|6|3.0345
136mGLU: 02,03,14,20,23,28|6|5.1499
127mGLU: 02,03,14,18,20,28|6|3.4021
261mVAL: 05,15,16,19,22,24|6|1.2172
261mALA: 05,15,16,19,22,24|6|2.6656
261mMET: 05,15,16,19,22,24|6|2.9425
261mGLY: 05,15,16,19,22,24|6|4.0282
136mASP: 02,03,14,20,23,28|6|3.5498
136mTHR: 02,03,14,20,23,28|6|5.2478
136mASN: 02,03,14,20,23,28|6|5.867
136mSER: 02,03,14,20,23,28|6|4.6822
127mSER: 02,03,14,18,20,28|6|1.9453
261mGLU: 05,15,16,19,22,24|6|3.6529
136mGLY: 02,03,14,20,23,28|6|5.8155
261mSER: 05,15,16,19,22,24|6|3.6962
261mTHR: 05,15,16,19,22,24|6|3.6017
261mASN: 05,15,16,19,22,24|6|3.5995
136mHIS: 02,03,14,20,23,28|6|4.688
261mLYS: 05,15,16,19,22,24|6|2.3472
146mCYS: 01,16,19,22,23|5|3.8671
248mGLY: 10,12,14,18,20|5|2.9122
205mGLN: 02,12,15,20,24|5|2.449
205mSER: 02,12,15,20,24|5|2.118
205mHIS: 02,12,15,20,24|5|1.8264
248mHIS: 10,12,14,18,20|5|2.1743
146mTHR: 01,16,19,22,23|5|3.6225
248mALA: 10,12,14,18,20|5|2.3309
205mGLY: 02,12,15,20,24|5|2.927
248mASN: 10,12,14,18,20|5|2.0798
248mGLN: 10,12,14,18,20|5|2.3234
146mGLN: 01,16,19,22,23|5|2.1551
146mGLU: 01,16,19,22,23|5|5.1313
205mALA: 02,12,15,20,24|5|3.7433
205mMET: 02,12,15,20,24|5|2.3615
205mTHR: 02,12,15,20,24|5|2.8595
248mGLU: 10,12,14,18,20|5|4.1896
248mTHR: 10,12,14,18,20|5|3.4195
248mSER: 10,12,14,18,20|5|2.5018
146mASP: 01,16,19,22,23|5|3.8165
205mGLU: 02,12,15,20,24|5|3.7114
440mGLU: 06,07,25,27|4|3.2933
440mLYS: 06,07,25,27|4|2.8985
206mALA: 02,12,14,20|4|2.842
293mCYS: 06,07,25,27|4|4.3519
440mTHR: 06,07,25,27|4|3.1156
182mGLU: 01,05,16,19|4|1.7928
293mPRO: 06,07,25,27|4|1.8444
178mSER: 01,16,22,24|4|1.4038
293mGLY: 06,07,25,27|4|1.9394
178mLYS: 01,16,22,24|4|1.2925
438mTHR: 06,07,25,27|4|1.3236
158mSER: 10,12,15,18|4|1.2025
159mASN: 10,12,15,18|4|1.2439
218mGLU: 03,13,23,25|4|1.8079
438mGLU: 06,07,25,27|4|1.7449
178mGLY: 01,16,22,24|4|1.7071
182mTHR: 01,05,16,19|4|1.7556
164mGLU: 06,10,18,27|4|3.3444
159mGLU: 10,12,15,18|4|1.8064
232mASN: 05,12,15,24|4|1.5711
267mGLU: 01,16,22,23|4|1.448
440mMET: 06,07,25,27|4|1.9643
158mTHR: 10,12,15,18|4|1.2339
159mTHR: 10,12,15,18|4|1.403
232mGLU: 05,12,15,24|4|2.3119
206mTRP: 02,12,14,20|4|1.6552
293mGLU: 06,07,25,27|4|2.779
293mASP: 06,07,25,27|4|2.9076
178mGLU: 01,16,22,24|4|1.3209
293mMET: 06,07,25,27|4|1.1311
178mASP: 01,16,22,24|4|1.2999
237mGLU: 12,14,18,20|4|1.3826
206mILE: 02,12,14,20|4|1.9585
206mMET: 02,12,14,20|4|2.0342
206mGLY: 02,12,14,20|4|2.5721
297mALA: 06,07,25,27|4|1.1332
206mHIS: 02,12,14,20|4|1.6699
206mVAL: 02,12,14,20|4|1.6943
178mMET: 01,16,22,24|4|1.1412
178mTHR: 01,16,22,24|4|1.4129
440mGLY: 06,07,25,27|4|3.0954
440mSER: 06,07,25,27|4|2.6184
293mTHR: 06,07,25,27|4|2.4805
237mASP: 12,14,18,20|4|1.1512
182mGLY: 01,05,16,19|4|1.5566
293mALA: 06,07,25,27|4|2.8383
440mALA: 06,07,25,27|4|2.8661
438mALA: 06,07,25,27|4|1.0649
206mLEU: 02,12,14,20|4|2.5488
158mALA: 10,12,15,18|4|1.6547
206mGLN: 02,12,14,20|4|2.3048
232mALA: 05,12,15,24|4|1.1824
178mHIS: 01,16,22,24|4|1.0422
293mSER: 06,07,25,27|4|1.2531
178mALA: 01,16,22,24|4|1.6029
206mGLU: 02,12,14,20|4|3.007
232mGLY: 05,12,15,24|4|1.6637
206mSER: 02,12,14,20|4|1.8747
440mHIS: 06,07,25,27|4|1.9545
206mTHR: 02,12,14,20|4|2.6255
158mGLY: 10,12,15,18|4|1.4324
293mILE: 06,07,25,27|4|2.0475
206mASN: 02,12,14,20|4|1.1448
440mASP: 06,07,25,27|4|2.8249
232mTHR: 05,12,15,24|4|2.0797
232mMET: 05,12,15,24|4|1.4172
232mSER: 05,12,15,24|4|1.2669
182mASN: 01,05,16,19|4|1.1684
356mCYS: 06,15,27|3|2.4175
197mASN: 14,20,28|3|1.3932
203mGLU: 12,15,24|3|1.0486
259mGLY: 05,15,24|3|2.1596
197mSER: 14,20,28|3|1.8166
251mILE: 10,12,18|3|1.4496
197mMET: 14,20,28|3|1.6508
259mASN: 05,15,24|3|2.2465
439mGLU: 07,25,27|3|1.8068
251mGLY: 10,12,18|3|2.4112
259mALA: 05,15,24|3|1.8618
290mGLN: 06,07,27|3|2.0046
197mLEU: 14,20,28|3|1.8364
259mSER: 05,15,24|3|2.3424
123mLYS: 02,14,20|3|1.5417
356mGLY: 06,15,27|3|1.3721
242mGLN: 10,13,18|3|1.1531
268mALA: 01,22,23|3|1.9463
251mSER: 10,12,18|3|2.0917
290mLEU: 06,07,27|3|2.2284
290mPRO: 06,07,27|3|1.9785
290mPHE: 06,07,27|3|2.2482
242mSER: 10,13,18|3|1.8555
139mGLY: 03,23,28|3|1.0213
290mGLY: 06,07,27|3|1.4274
242mCYS: 10,13,18|3|1.1627
290mASN: 06,07,27|3|1.2393
290mTHR: 06,07,27|3|2.1639
130mGLY: 03,13,28|3|1.0101
242mGLY: 10,13,18|3|2.2583
290mALA: 06,07,27|3|1.7559
251mASP: 10,12,18|3|2.4585
290mTRP: 06,07,27|3|1.8531
123mTHR: 02,14,20|3|2.0063
130mALA: 03,13,28|3|1.3791
197mTHR: 14,20,28|3|2.2506
290mMET: 06,07,27|3|1.677
123mASN: 02,14,20|3|1.4803
239mLEU: 12,14,20|3|1.0199
439mTHR: 07,25,27|3|1.2759
356mASP: 06,15,27|3|2.0992
233mTHR: 12,15,24|3|1.2437
242mALA: 10,13,18|3|2.0745
356mALA: 06,15,27|3|2.1463
251mMET: 10,12,18|3|1.0572
251mHIS: 10,12,18|3|1.2213
251mGLU: 10,12,18|3|2.5397
197mVAL: 14,20,28|3|1.9734
251mLEU: 10,12,18|3|1.9312
242mMET: 10,13,18|3|1.5221
242mVAL: 10,13,18|3|1.26
251mLYS: 10,12,18|3|1.1636
356mGLU: 06,15,27|3|1.4716
290mASP: 06,07,27|3|2.0694
197mGLU: 14,20,28|3|2.7564
242mGLU: 10,13,18|3|2.4334
130mASP: 03,13,28|3|1.1081
242mASP: 10,13,18|3|2.3784
251mTHR: 10,12,18|3|2.0982
356mTHR: 06,15,27|3|1.3206
197mHIS: 14,20,28|3|1.515
290mILE: 06,07,27|3|2.0163
239mALA: 12,14,20|3|1.1545
242mILE: 10,13,18|3|1.0247
197mTRP: 14,20,28|3|1.4224
268mCYS: 01,22,23|3|2.3846
259mTHR: 05,15,24|3|2.7842
268mASP: 01,22,23|3|1.5147
259mGLU: 05,15,24|3|3.2062
251mGLN: 10,12,18|3|1.3576
251mALA: 10,12,18|3|3.0991
239mASP: 12,14,20|3|1.4438
290mVAL: 06,07,27|3|2.0181
197mGLN: 14,20,28|3|2.0188
439mALA: 07,25,27|3|1.384
259mASP: 05,15,24|3|2.1783
239mGLU: 12,14,20|3|1.4384
251mCYS: 10,12,18|3|2.8903
197mILE: 14,20,28|3|1.449
197mGLY: 14,20,28|3|2.0198
259mLYS: 05,15,24|3|1.5009
239mCYS: 12,14,20|3|2.1183
290mGLU: 06,07,27|3|2.4504
242mTHR: 10,13,18|3|2.3659
290mCYS: 06,07,27|3|3.0954
197mALA: 14,20,28|3|1.9696
299mCYS: 07,25|2|1.3694
196mGLN: 14,20|2|1.0267
283mILE: 08,15|2|2.0881
345mGLY: 00,29|2|1.3312
273mGLY: 05,15|2|1.4986
258mGLY: 05,15|2|1.0086
283mHIS: 08,15|2|1.3633
273mTRP: 05,15|2|1.35
341mTHR: 00,29|2|1.9216
299mTHR: 07,25|2|1.3405
283mLEU: 08,15|2|2.4232
283mGLY: 08,15|2|1.9809
341mHIS: 00,29|2|1.4181
311mGLY: 07,25|2|1.223
196mVAL: 14,20|2|1.0695
299mALA: 07,25|2|1.4639
273mPHE: 05,15|2|1.5168
284mILE: 06,15|2|1.4435
299mGLY: 07,25|2|1.2824
273mMET: 05,15|2|1.3028
341mGLN: 00,29|2|1.6908
284mPHE: 06,15|2|1.3311
341mGLY: 00,29|2|1.53
311mLEU: 07,25|2|1.655
273mILE: 05,15|2|1.522
283mMET: 08,15|2|1.9628
456mGLU: 15,29|2|1.1705
283mVAL: 08,15|2|2.3515
196mTHR: 14,20|2|1.1193
341mALA: 00,29|2|1.7039
341mASP: 00,29|2|2.1792
345mGLU: 00,29|2|1.1608
273mTHR: 05,15|2|2.199
379mTHR: 08,29|2|1.0494
284mGLY: 06,15|2|1.2862
284mALA: 06,15|2|1.425
283mTRP: 08,15|2|1.966
273mALA: 05,15|2|1.4566
299mGLU: 07,25|2|1.5104
283mASN: 08,15|2|1.5422
196mASP: 14,20|2|1.3678
273mCYS: 05,15|2|1.5832
283mSER: 08,15|2|1.5755
345mHIS: 00,29|2|1.0335
311mALA: 07,25|2|1.6562
273mLEU: 05,15|2|1.5758
283mGLU: 08,15|2|3.0312
284mTHR: 06,15|2|1.2181
196mALA: 14,20|2|1.1116
162mLYS: 10,27|2|1.3324
345mMET: 00,29|2|1.0157
456mGLY: 15,29|2|1.0176
273mASN: 05,15|2|1.7122
379mMET: 08,29|2|1.1233
162mGLU: 10,27|2|1.7848
311mGLU: 07,25|2|1.8705
345mSER: 00,29|2|1.2234
284mMET: 06,15|2|1.2046
273mSER: 05,15|2|1.4362
196mGLU: 14,20|2|1.3916
273mGLN: 05,15|2|1.5418
162mTHR: 10,27|2|1.4423
283mGLN: 08,15|2|2.3652
258mASP: 05,15|2|1.2639
345mASN: 00,29|2|1.5411
273mGLU: 05,15|2|2.6716
345mTHR: 00,29|2|1.2028
284mLEU: 06,15|2|1.5697
162mASN: 10,27|2|1.1856
284mGLU: 06,15|2|1.6247
284mVAL: 06,15|2|1.4298
341mLEU: 00,29|2|1.651
311mTHR: 07,25|2|1.5443
284mASP: 06,15|2|1.1742
258mGLU: 05,15|2|1.3793
273mVAL: 05,15|2|1.5808
341mMET: 00,29|2|1.6401
283mTHR: 08,15|2|2.5873
284mGLN: 06,15|2|1.0904
341mTRP: 00,29|2|1.2782
341mGLU: 00,29|2|2.3905
283mALA: 08,15|2|2.1748
273mASP: 05,15|2|1.3894
379mGLU: 08,29|2|1.1061
341mSER: 00,29|2|1.3876
284mCYS: 06,15|2|2.3067
