146mGLY: 04,15,16,17,18,22,24,26,28|9|6.815
147mLYS: 04,15,16,17,18,22,24,26,28|9|6.1012
146mLYS: 04,15,16,17,18,22,24,26,28|9|6.6473
147mGLY: 04,15,16,17,18,22,24,26,28|9|5.6818
147mCYS: 04,15,16,17,18,22,24,26,28|9|9.6966
146mGLU: 04,15,16,17,18,22,24,26,28|9|7.0838
146mCYS: 04,15,16,17,18,22,24,26,28|9|9.0446
146mALA: 04,15,16,17,18,22,24,26,28|9|8.9339
147mALA: 04,15,16,17,18,22,24,26,28|9|7.9671
146mASP: 04,15,16,17,18,22,24,26,28|9|7.101
179mGLU: 04,15,16,18,22,24,26,28|8|2.1031
179mCYS: 04,15,16,18,22,24,26,28|8|4.8728
179mGLY: 04,15,16,18,22,24,26,28|8|2.5122
267mTHR: 01,02,04,15,16,18,22|7|3.9555
267mGLU: 01,02,04,15,16,18,22|7|5.7261
149mGLY: 01,02,04,16,18,22,24|7|4.2643
149mASP: 01,02,04,16,18,22,24|7|5.4296
149mCYS: 01,02,04,16,18,22,24|7|6.2236
149mALA: 01,02,04,16,18,22,24|7|3.9315
149mTHR: 01,02,04,16,18,22,24|7|4.5381
266mALA: 01,02,04,15,16,18,22|7|2.7621
149mGLN: 01,02,04,16,18,22,24|7|3.2058
149mGLU: 01,02,04,16,18,22,24|7|5.1286
149mSER: 01,02,04,16,18,22,24|7|2.6244
178mSER: 04,15,16,18,22,24|6|2.7221
178mLYS: 04,15,16,18,22,24|6|4.3526
178mGLY: 04,15,16,18,22,24|6|3.5828
178mARG: 04,15,16,18,22,24|6|2.2232
178mGLU: 04,15,16,18,22,24|6|2.6073
178mASP: 04,15,16,18,22,24|6|3.9251
178mCYS: 04,15,16,18,22,24|6|4.6919
178mHIS: 04,15,16,18,22,24|6|1.5117
243mTHR: 00,06,19,21,25|5|2.0044
243mALA: 00,06,19,21,25|5|4.9187
243mGLU: 00,06,19,21,25|5|2.991
196mASP: 00,06,19,21,27|5|2.4361
244mGLU: 00,06,19,21,25|5|4.26
127mTHR: 06,19,21,27|4|1.5519
127mCYS: 06,19,21,27|4|4.4117
127mGLY: 06,19,21,27|4|2.8333
197mGLU: 06,19,21,27|4|1.9639
197mGLY: 06,19,21,27|4|1.6059
150mTHR: 02,16,22,28|4|1.0683
127mALA: 06,19,21,27|4|4.1794
150mGLU: 02,16,22,28|4|1.4523
127mLEU: 06,19,21,27|4|1.7145
136mGLU: 06,17,25,27|4|1.5076
150mASP: 02,16,22,28|4|1.436
127mGLU: 06,19,21,27|4|2.4238
261mALA: 01,02,04,15|4|2.05
261mGLY: 01,02,04,15|4|1.6724
136mASP: 06,17,25,27|4|1.2467
136mTHR: 06,17,25,27|4|1.6796
150mCYS: 02,16,22,28|4|1.646
261mASP: 01,02,04,15|4|1.9564
127mSER: 06,19,21,27|4|2.0382
127mILE: 06,19,21,27|4|2.4405
261mGLU: 01,02,04,15|4|1.5367
261mSER: 01,02,04,15|4|1.1188
261mTHR: 01,02,04,15|4|1.0211
261mCYS: 01,02,04,15|4|3.3173
259mGLY: 01,02,15|3|2.4476
130mGLU: 06,19,27|3|1.2272
193mGLU: 00,06,25|3|1.2155
259mALA: 01,02,15|3|2.3884
259mSER: 01,02,15|3|1.2162
122mASP: 17,22,27|3|1.3435
137mGLU: 06,17,27|3|1.5343
193mCYS: 00,06,25|3|1.5056
262mALA: 04,15,18|3|2.2093
122mSER: 17,22,27|3|1.0138
193mGLY: 00,06,25|3|1.1686
193mLYS: 00,06,25|3|1.4716
245mALA: 19,21,27|3|1.0033
148mALA: 18,22,24|3|1.1088
232mCYS: 01,02,29|3|1.6609
122mGLY: 17,22,27|3|1.1361
242mCYS: 00,19,25|3|3.7085
182mCYS: 04,15,24|3|1.5674
182mALA: 04,15,24|3|1.2299
130mASP: 06,19,27|3|1.5236
182mGLY: 04,15,24|3|1.0745
262mCYS: 04,15,18|3|2.3261
122mGLU: 17,22,27|3|1.2475
148mCYS: 18,22,24|3|1.7127
262mGLY: 04,15,18|3|1.333
141mASP: 16,17,26|3|1.3015
259mGLU: 01,02,15|3|1.2137
194mGLY: 00,06,25|3|1.1411
193mASP: 00,06,25|3|1.2858
259mASP: 01,02,15|3|3.0502
194mALA: 00,06,25|3|1.0989
259mLYS: 01,02,15|3|1.9114
173mGLY: 02,22,28|3|1.0604
262mLYS: 04,15,18|3|1.1434
123mLYS: 17,27|2|1.1364
206mALA: 26,27|2|1.19
206mCYS: 26,27|2|2.083
123mGLU: 17,27|2|1.0309
206mASP: 26,27|2|1.399
191mALA: 00,25|2|1.2894
257mASP: 02,29|2|1.0729
206mTRP: 26,27|2|1.2548
123mGLY: 17,27|2|1.3149
206mPHE: 26,27|2|1.5182
123mSER: 17,27|2|1.185
206mPRO: 26,27|2|1.3384
206mVAL: 26,27|2|1.3648
206mLEU: 26,27|2|1.505
206mGLN: 26,27|2|1.3558
123mCYS: 17,27|2|1.1963
258mASP: 02,29|2|1.0209
206mGLU: 26,27|2|1.653
206mTHR: 26,27|2|1.462
123mASP: 17,27|2|1.5538
206mILE: 26,27|2|1.3636
206mMET: 26,27|2|1.1374
123mALA: 17,27|2|1.2154
