439mTHR: 00,02,07,09,10,11,18,22,23,27|10|4.7524
439mLYS: 00,02,07,09,10,11,18,22,23,27|10|5.9999
400mGLU: 03,05,06,12,21,23,24,25,26|9|3.0768
440mGLU: 00,02,03,07,09,10,11,27|8|9.9168
445mTHR: 02,03,09,18,20,21,22,23|8|6.1461
440mLYS: 00,02,03,07,09,10,11,27|8|9.3158
445mLYS: 02,03,09,18,20,21,22,23|8|5.564
440mTHR: 00,02,03,07,09,10,11,27|8|11.7161
445mSER: 02,03,09,18,20,21,22,23|8|4.4062
403mLEU: 01,06,08,12,23,24,25,26|8|5.2773
403mVAL: 01,06,08,12,23,24,25,26|8|4.5226
403mALA: 01,06,08,12,23,24,25,26|8|4.3296
403mLYS: 01,06,08,12,23,24,25,26|8|1.6702
403mGLN: 01,06,08,12,23,24,25,26|8|6.4731
440mSER: 00,02,03,07,09,10,11,27|8|6.0658
440mPRO: 00,02,03,07,09,10,11,27|8|6.7932
403mHIS: 01,06,08,12,23,24,25,26|8|4.9026
440mASP: 00,02,03,07,09,10,11,27|8|10.1273
440mALA: 00,02,03,07,09,10,11,27|8|7.5497
403mGLU: 01,06,08,12,23,24,25,26|8|6.452
440mILE: 00,02,03,07,09,10,11,27|8|6.1076
403mASN: 01,06,08,12,23,24,25,26|8|4.7287
440mGLY: 00,02,03,07,09,10,11,27|8|7.6885
403mSER: 01,06,08,12,23,24,25,26|8|6.1437
339mASN: 01,06,08,12,13,16,24,26|8|1.8677
445mCYS: 02,03,09,18,20,21,22,23|8|7.4868
403mTHR: 01,06,08,12,23,24,25,26|8|5.9532
339mTHR: 01,06,08,12,13,16,24,26|8|5.1613
403mASP: 01,06,08,12,23,24,25,26|8|4.1234
339mLYS: 01,06,08,12,13,16,24,26|8|4.5125
403mTRP: 01,06,08,12,23,24,25,26|8|3.677
440mGLN: 00,02,03,07,09,10,11,27|8|6.54
403mGLY: 01,06,08,12,23,24,25,26|8|5.1249
378mTHR: 01,04,08,12,19,24,25,26|8|3.744
438mTHR: 00,02,07,09,10,11,27|7|6.9706
438mGLU: 00,02,07,09,10,11,27|7|5.2524
438mASN: 00,02,07,09,10,11,27|7|3.9202
432mASP: 02,09,11,20,21,22,23|7|4.5996
393mSER: 07,10,18,20,21,22,23|7|2.2633
444mGLN: 02,03,09,10,18,20,22|7|1.9486
432mGLY: 02,09,11,20,21,22,23|7|3.5479
345mASP: 01,04,08,12,13,17,19|7|3.5031
444mSER: 02,03,09,10,18,20,22|7|2.1605
444mCYS: 02,03,09,10,18,20,22|7|3.2408
438mSER: 00,02,07,09,10,11,27|7|4.3804
444mTHR: 02,03,09,10,18,20,22|7|3.002
405mTHR: 01,06,12,13,16,17,24|7|1.2638
444mGLY: 02,03,09,10,18,20,22|7|2.1525
401mGLN: 03,06,21,23,24,26|6|5.1181
401mTHR: 03,06,21,23,24,26|6|5.2354
434mGLN: 02,07,10,18,22,23|6|3.3498
375mLYS: 04,08,12,19,24,25|6|6.2806
375mASN: 04,08,12,19,24,25|6|6.2842
401mGLY: 03,06,21,23,24,26|6|4.5782
375mASP: 04,08,12,19,24,25|6|7.5604
375mGLN: 04,08,12,19,24,25|6|5.3769
375mGLU: 04,08,12,19,24,25|6|7.1601
401mASP: 03,06,21,23,24,26|6|4.4956
401mASN: 03,06,21,23,24,26|6|4.3157
375mILE: 04,08,12,19,24,25|6|3.6017
375mVAL: 04,08,12,19,24,25|6|2.7373
375mSER: 04,08,12,19,24,25|6|5.6402
434mSER: 02,07,10,18,22,23|6|3.4721
401mTRP: 03,06,21,23,24,26|6|3.588
375mALA: 04,08,12,19,24,25|6|4.2951
401mGLU: 03,06,21,23,24,26|6|6.3236
401mALA: 03,06,21,23,24,26|6|3.6552
401mLYS: 03,06,21,23,24,26|6|1.6123
401mSER: 03,06,21,23,24,26|6|4.9762
401mHIS: 03,06,21,23,24,26|6|4.4676
375mTHR: 04,08,12,19,24,25|6|6.8645
434mGLU: 02,07,10,18,22,23|6|3.5554
375mGLY: 04,08,12,19,24,25|6|5.8473
419mTHR: 05,06,12,25,26|5|1.2361
421mLYS: 05,12,14,24,25|5|3.0875
430mTHR: 11,18,20,22,23|5|1.778
430mSER: 11,18,20,22,23|5|1.8156
421mTHR: 05,12,14,24,25|5|5.0263
419mGLU: 05,06,12,25,26|5|2.1899
430mASN: 11,18,20,22,23|5|1.8683
406mGLU: 06,13,16,17|4|1.5053
391mASP: 02,09,17,27|4|1.3646
342mTRP: 01,06,17,19|4|1.3289
452mLYS: 05,14,15,25|4|2.2379
342mGLY: 01,06,17,19|4|2.1703
342mILE: 01,06,17,19|4|1.4919
342mTHR: 01,06,17,19|4|3.1768
391mGLY: 02,09,17,27|4|1.1454
435mCYS: 00,02,09,17|4|4.1578
342mCYS: 01,06,17,19|4|2.1863
342mGLU: 01,06,17,19|4|3.4555
391mLEU: 02,09,17,27|4|1.4466
391mGLU: 02,09,17,27|4|1.5197
342mASP: 01,06,17,19|4|2.975
342mALA: 01,06,17,19|4|1.3377
391mGLN: 02,09,17,27|4|1.2044
342mASN: 01,06,17,19|4|2.7426
342mPRO: 01,06,17,19|4|2.0908
388mASP: 09,16,17,27|4|1.1187
435mTHR: 00,02,09,17|4|2.2334
391mILE: 02,09,17,27|4|1.1776
391mALA: 02,09,17,27|4|1.4024
342mVAL: 01,06,17,19|4|1.4361
410mTHR: 00,13,16,17|4|2.8058
435mASP: 00,02,09,17|4|3.3331
391mMET: 02,09,17,27|4|1.0519
410mGLU: 00,13,16,17|4|2.1316
391mTHR: 02,09,17,27|4|1.3599
342mGLN: 01,06,17,19|4|2.9917
342mSER: 01,06,17,19|4|2.5062
410mALA: 00,13,16,17|4|1.3913
410mASP: 00,13,16,17|4|1.6399
435mGLU: 00,02,09,17|4|2.3492
423mGLU: 05,14,25|3|2.9264
411mCYS: 13,16,17|3|1.2727
423mCYS: 05,14,25|3|2.1824
423mASP: 05,14,25|3|1.4178
424mTHR: 05,14,25|3|1.2782
423mALA: 05,14,25|3|1.4359
456mGLU: 05,14,15|3|1.7837
426mALA: 05,14,20|3|1.5878
423mTHR: 05,14,25|3|3.5992
411mTHR: 13,16,17|3|1.0973
424mGLU: 05,14,25|3|1.4884
424mASP: 05,14,25|3|1.3464
426mASP: 05,14,20|3|1.0359
456mTHR: 05,14,15|3|1.655
369mPRO: 15,17|2|1.1058
370mASP: 15,17|2|1.0388
369mCYS: 15,17|2|1.1592
369mASN: 15,17|2|1.4897
369mALA: 15,17|2|1.9041
369mGLY: 15,17|2|1.5483
369mTHR: 15,17|2|1.5301
369mLYS: 15,17|2|2.3647
447mCYS: 15,20|2|1.6199
