266mALA: 03,06,07,14,17,18,22,28,29|9|1.6381
267mILE: 06,07,14,15,17,18,22,28,29|9|3.0265
267mALA: 06,07,14,15,17,18,22,28,29|9|10.1749
267mHIS: 06,07,14,15,17,18,22,28,29|9|5.864
265mGLU: 02,03,06,07,14,17,18,28,29|9|3.8046
267mLYS: 06,07,14,15,17,18,22,28,29|9|6.5715
267mGLY: 06,07,14,15,17,18,22,28,29|9|8.6366
266mGLU: 03,06,07,14,17,18,22,28,29|9|2.3498
150mGLU: 03,06,07,16,18,22,28|7|4.7616
150mMET: 03,06,07,16,18,22,28|7|4.4297
150mALA: 03,06,07,16,18,22,28|7|4.1285
150mASP: 03,06,07,16,18,22,28|7|2.6374
150mVAL: 03,06,07,16,18,22,28|7|3.2437
150mILE: 03,06,07,16,18,22,28|7|2.2369
150mLYS: 03,06,07,16,18,22,28|7|3.3028
150mHIS: 03,06,07,16,18,22,28|7|5.343
150mASN: 03,06,07,16,18,22,28|7|3.1305
150mGLY: 03,06,07,16,18,22,28|7|4.937
150mLEU: 03,06,07,16,18,22,28|7|3.6042
150mPHE: 03,06,07,16,18,22,28|7|1.6735
150mGLN: 03,06,07,16,18,22,28|7|2.5375
150mTHR: 03,06,07,16,18,22,28|7|4.0465
150mSER: 03,06,07,16,18,22,28|7|4.5606
229mMET: 02,14,15,17,18,29|6|2.0001
262mSER: 02,03,14,17,18,29|6|1.6095
149mGLY: 03,06,07,18,22,28|6|3.6746
149mTHR: 03,06,07,18,22,28|6|2.7574
149mGLN: 03,06,07,18,22,28|6|1.1556
149mASP: 03,06,07,18,22,28|6|2.3407
229mGLY: 02,14,15,17,18,29|6|2.2313
149mGLU: 03,06,07,18,22,28|6|4.0004
149mMET: 03,06,07,18,22,28|6|2.4368
262mHIS: 02,03,14,17,18,29|6|1.7025
229mSER: 02,14,15,17,18,29|6|2.4175
262mGLY: 02,03,14,17,18,29|6|1.9254
149mHIS: 03,06,07,18,22,28|6|3.3385
149mASN: 03,06,07,18,22,28|6|1.8364
149mSER: 03,06,07,18,22,28|6|3.6633
149mLYS: 03,06,07,18,22,28|6|2.4772
229mHIS: 02,14,15,17,18,29|6|2.3009
173mSER: 06,07,16,22,28|5|4.0552
147mSER: 02,03,17,18,22|5|1.7587
173mASP: 06,07,16,22,28|5|2.3103
258mGLY: 06,07,14,15,28|5|1.5776
258mGLU: 06,07,14,15,28|5|2.4988
258mTHR: 06,07,14,15,28|5|1.7974
178mMET: 02,03,14,18,29|5|1.0112
178mTHR: 02,03,14,18,29|5|1.0467
178mSER: 02,03,14,18,29|5|1.1169
173mLYS: 06,07,16,22,28|5|2.7768
258mMET: 06,07,14,15,28|5|1.4902
173mHIS: 06,07,16,22,28|5|4.5096
147mMET: 02,03,17,18,22|5|1.2144
178mGLY: 02,03,14,18,29|5|1.0178
147mHIS: 02,03,17,18,22|5|1.9068
178mGLU: 02,03,14,18,29|5|1.378
147mGLY: 02,03,17,18,22|5|2.0397
173mGLY: 06,07,16,22,28|5|4.1172
178mHIS: 02,03,14,18,29|5|1.1487
257mGLU: 06,07,14,15,28|5|1.4961
152mHIS: 06,07,16,22,28|5|2.4693
173mGLU: 06,07,16,22,28|5|4.221
258mSER: 06,07,14,15,28|5|1.8322
258mHIS: 06,07,14,15,28|5|1.6476
259mLEU: 14,15,28,29|4|1.4496
259mGLU: 14,15,28,29|4|2.1176
146mLYS: 03,17,18,22|4|4.7652
146mVAL: 03,17,18,22|4|4.218
146mMET: 03,17,18,22|4|5.3688
146mARG: 03,17,18,22|4|1.2472
259mASP: 14,15,28,29|4|1.5794
146mHIS: 03,17,18,22|4|6.1793
259mHIS: 14,15,28,29|4|2.3248
146mALA: 03,17,18,22|4|6.1961
146mILE: 03,17,18,22|4|3.0626
146mASN: 03,17,18,22|4|4.4065
146mLEU: 03,17,18,22|4|5.0071
259mALA: 14,15,28,29|4|1.6704
146mTYR: 03,17,18,22|4|2.7393
259mGLY: 14,15,28,29|4|1.7428
259mSER: 14,15,28,29|4|1.9382
146mPHE: 03,17,18,22|4|2.0322
146mGLN: 03,17,18,22|4|3.5521
259mLYS: 14,15,28,29|4|1.2368
259mTHR: 14,15,28,29|4|1.749
146mGLU: 03,17,18,22|4|6.6907
259mMET: 14,15,28,29|4|2.045
146mASP: 03,17,18,22|4|3.5864
154mHIS: 06,07,15,28|4|1.1095
146mSER: 03,17,18,22|4|6.5034
259mGLN: 14,15,28,29|4|1.0364
146mTHR: 03,17,18,22|4|6.2711
146mGLY: 03,17,18,22|4|6.6711
232mHIS: 06,14,15|3|1.0448
142mMET: 03,22|2|1.2105
142mHIS: 03,22|2|1.5148
142mVAL: 03,22|2|1.1374
142mGLY: 03,22|2|1.5424
142mALA: 03,22|2|1.3178
142mASN: 03,22|2|1.2345
142mSER: 03,22|2|1.2344
182mHIS: 02,29|2|1.3444
142mLYS: 03,22|2|1.1742
142mTHR: 03,22|2|1.3362
153mHIS: 07,28|2|1.1667
182mMET: 02,29|2|1.1092
