388mALA: 20,22|2|1.014
362mASN: 20,22|2|1.3028
440mSER: 20,22|2|1.0257
365mALA: 20,22|2|1.664
438mLYS: 20,22|2|1.3939
351mALA: 20,22|2|1.2331
362mPRO: 20,22|2|1.002
362mTHR: 20,22|2|1.4669
440mGLY: 20,22|2|1.1811
362mGLU: 20,22|2|1.5044
440mHIS: 20,22|2|1.1299
438mTHR: 20,22|2|1.472
362mSER: 20,22|2|1.2307
362mGLY: 20,22|2|1.5907
369mASN: 20,22|2|1.7091
437mHIS: 20,22|2|1.2136
369mALA: 20,22|2|1.2545
369mGLY: 20,22|2|1.4354
438mGLU: 20,22|2|2.0745
390mALA: 10,20|2|1.281
351mLYS: 20,22|2|1.3549
438mSER: 20,22|2|1.4319
369mPRO: 20,22|2|1.0908
438mALA: 20,22|2|1.3663
362mILE: 20,22|2|1.1893
362mLYS: 20,22|2|2.0989
369mTHR: 20,22|2|1.25
362mALA: 20,22|2|1.8259
438mHIS: 20,22|2|1.9084
362mASP: 20,22|2|1.628
369mLYS: 20,22|2|1.8657
438mGLY: 20,22|2|1.6281
362mCYS: 20,22|2|2.1964
401mGLN: 10|1|1.0456
401mMET: 10|1|1.2192
401mTHR: 10|1|1.1453
364mALA: 20|1|1.494
441mGLY: 10|1|1.1388
441mSER: 10|1|1.026
441mHIS: 10|1|1.5224
389mALA: 10|1|1.1051
403mCYS: 10|1|1.0318
401mGLU: 10|1|1.202
401mLEU: 10|1|1.0134
389mLYS: 10|1|1.0407
407mASP: 10|1|1.2296
364mLYS: 20|1|1.221
339mCYS: 10|1|1.2702
401mHIS: 10|1|1.071
401mGLY: 10|1|1.0618
441mMET: 10|1|1.2872
432mHIS: 10|1|1.0083
