265mLYS: 00,10,13,17,26,29|6|3.1553
265mALA: 00,10,13,17,26,29|6|2.5126
265mGLU: 00,10,13,17,26,29|6|4.1596
126mGLY: 16,19,20,21,24,28|6|2.3678
126mSER: 16,19,20,21,24,28|6|1.9198
265mTHR: 00,10,13,17,26,29|6|3.8011
265mSER: 00,10,13,17,26,29|6|2.2895
265mGLY: 00,10,13,17,26,29|6|2.3422
267mVAL: 00,17,23,26,29|5|2.3009
180mLYS: 10,13,17,21,26|5|2.7507
229mGLY: 00,10,13,17,26|5|1.671
142mSER: 10,11,21,23,27|5|2.0636
146mPHE: 10,17,21,23,27|5|1.0163
267mTHR: 00,17,23,26,29|5|6.0323
146mGLY: 10,17,21,23,27|5|2.7088
146mLYS: 10,17,21,23,27|5|1.6983
267mILE: 00,17,23,26,29|5|1.736
267mHIS: 00,17,23,26,29|5|2.6526
146mASN: 10,17,21,23,27|5|2.3673
146mTHR: 10,17,21,23,27|5|2.5963
180mGLY: 10,13,17,21,26|5|3.0026
264mGLU: 00,13,17,23,29|5|1.9672
142mGLU: 10,11,21,23,27|5|2.178
267mLYS: 00,17,23,26,29|5|5.9121
266mGLU: 00,17,23,26,29|5|1.1662
180mALA: 10,13,17,21,26|5|2.9075
146mHIS: 10,17,21,23,27|5|2.7415
267mASN: 00,17,23,26,29|5|4.4545
267mALA: 00,17,23,26,29|5|4.3182
146mILE: 10,17,21,23,27|5|1.3164
267mSER: 00,17,23,26,29|5|4.5189
146mLEU: 10,17,21,23,27|5|1.9804
146mTYR: 10,17,21,23,27|5|1.1161
180mGLU: 10,13,17,21,26|5|4.2513
146mGLN: 10,17,21,23,27|5|1.6852
146mGLU: 10,17,21,23,27|5|2.8259
267mGLY: 00,17,23,26,29|5|4.8258
180mTHR: 10,13,17,21,26|5|3.7477
146mSER: 10,17,21,23,27|5|2.7463
146mALA: 10,17,21,23,27|5|1.8993
267mLEU: 00,17,23,26,29|5|1.8612
146mVAL: 10,17,21,23,27|5|1.7716
146mMET: 10,17,21,23,27|5|2.4813
142mGLY: 10,11,21,23,27|5|2.1145
142mTHR: 10,11,21,23,27|5|1.4665
180mSER: 10,13,17,21,26|5|3.015
146mASP: 10,17,21,23,27|5|1.1574
267mGLN: 00,17,23,26,29|5|1.1654
258mASN: 00,23,26,29|4|1.1188
149mMET: 00,23,27,29|4|1.3687
258mGLY: 00,23,26,29|4|1.9581
131mASN: 11,16,24,28|4|1.1806
237mGLY: 05,16,19,20|4|1.718
258mTHR: 00,23,26,29|4|2.7973
251mGLY: 05,16,19,20|4|1.7092
136mALA: 11,21,24,28|4|2.5008
250mSER: 05,16,19,20|4|1.789
127mGLY: 16,19,24,28|4|1.3965
237mALA: 05,16,19,20|4|1.2937
262mGLU: 10,13,17,26|4|2.7379
251mALA: 05,16,19,20|4|1.5673
124mASN: 19,21,24,28|4|1.021
131mHIS: 11,16,24,28|4|1.5079
152mLYS: 00,23,27,29|4|1.0458
237mCYS: 05,16,19,20|4|1.2896
152mTHR: 00,23,27,29|4|1.5736
251mTHR: 05,16,19,20|4|2.8043
124mSER: 19,21,24,28|4|1.8804
232mHIS: 00,05,20,29|4|1.3412
251mASN: 05,16,19,20|4|1.5166
124mGLU: 19,21,24,28|4|2.1171
250mLYS: 05,16,19,20|4|1.0993
232mASN: 00,05,20,29|4|1.3296
127mASN: 16,19,24,28|4|1.4971
149mGLY: 00,23,27,29|4|1.6704
258mGLU: 00,23,26,29|4|2.8789
204mLYS: 05,16,19,20|4|3.7128
250mGLY: 05,16,19,20|4|1.7124
152mGLU: 00,23,27,29|4|1.9417
261mGLY: 10,13,17,26|4|1.1829
237mGLU: 05,16,19,20|4|2.6993
251mGLU: 05,16,19,20|4|3.2219
149mALA: 00,23,27,29|4|1.2885
251mSER: 05,16,19,20|4|1.4779
124mALA: 19,21,24,28|4|1.2251
251mLYS: 05,16,19,20|4|2.4858
232mGLU: 00,05,20,29|4|1.2368
149mTHR: 00,23,27,29|4|1.7199
262mTHR: 10,13,17,26|4|2.0287
127mHIS: 16,19,24,28|4|1.2206
124mGLY: 19,21,24,28|4|1.8252
237mLYS: 05,16,19,20|4|2.7637
122mGLU: 10,21,24,28|4|1.1438
152mGLY: 00,23,27,29|4|1.1518
149mLEU: 00,23,27,29|4|1.2574
131mGLY: 11,16,24,28|4|1.403
149mHIS: 00,23,27,29|4|1.5113
149mVAL: 00,23,27,29|4|1.0728
261mGLU: 10,13,17,26|4|2.0398
261mTHR: 10,13,17,26|4|2.0476
204mCYS: 05,16,19,20|4|3.4608
232mGLY: 00,05,20,29|4|1.1474
204mALA: 05,16,19,20|4|4.5008
237mTYR: 05,16,19,20|4|1.2255
250mTHR: 05,16,19,20|4|1.5842
232mTHR: 00,05,20,29|4|1.0328
149mGLU: 00,23,27,29|4|1.9883
237mSER: 05,16,19,20|4|1.3192
237mTHR: 05,16,19,20|4|2.9666
232mSER: 00,05,20,29|4|1.276
261mLYS: 10,13,17,26|4|1.481
149mASN: 00,23,27,29|4|1.4073
250mGLU: 05,16,19,20|4|2.6215
258mSER: 00,23,26,29|4|1.6807
124mTHR: 19,21,24,28|4|1.6753
149mSER: 00,23,27,29|4|1.7643
149mLYS: 00,23,27,29|4|1.1403
123mLYS: 21,24,28|3|2.6799
259mGLY: 00,17,26|3|1.9646
219mASN: 11,27,28|3|1.1528
259mASN: 00,17,26|3|1.7834
217mHIS: 11,23,27|3|1.4312
178mSER: 10,13,17|3|1.3188
178mLYS: 10,13,17|3|1.4473
123mGLU: 21,24,28|3|3.018
208mGLY: 13,19,24|3|3.0427
123mTHR: 21,24,28|3|2.9208
208mASN: 13,19,24|3|2.7328
134mGLU: 11,24,28|3|1.0728
178mGLY: 10,13,17|3|1.3449
208mVAL: 13,19,24|3|2.0684
217mALA: 11,23,27|3|1.6848
217mGLY: 11,23,27|3|2.7493
135mALA: 21,24,28|3|1.3142
140mGLY: 11,23,28|3|1.2238
123mCYS: 21,24,28|3|2.2441
219mTHR: 11,27,28|3|1.4103
205mHIS: 13,19,20|3|1.1991
217mASN: 11,23,27|3|1.8303
135mTHR: 21,24,28|3|1.006
205mGLY: 13,19,20|3|1.067
208mASP: 13,19,24|3|1.4354
178mGLU: 10,13,17|3|1.8961
208mILE: 13,19,24|3|1.5779
178mTHR: 10,13,17|3|1.8296
217mTHR: 11,23,27|3|2.6016
208mLEU: 13,19,24|3|2.309
123mASP: 21,24,28|3|1.3139
208mTYR: 13,19,24|3|1.3403
208mHIS: 13,19,24|3|2.7566
208mTHR: 13,19,24|3|3.1693
140mGLU: 11,23,28|3|1.6564
259mTHR: 00,17,26|3|2.4217
178mASN: 10,13,17|3|1.38
140mSER: 11,23,28|3|1.2961
208mALA: 13,19,24|3|2.4046
259mGLU: 00,17,26|3|2.552
208mLYS: 13,19,24|3|2.2009
208mSER: 13,19,24|3|3.2439
208mGLU: 13,19,24|3|3.6423
208mMET: 13,19,24|3|2.4996
208mGLN: 13,19,24|3|1.7348
182mHIS: 13,19,26|3|1.0448
259mLYS: 00,17,26|3|1.8486
208mPHE: 13,19,24|3|1.2507
135mGLU: 21,24,28|3|1.8048
217mLYS: 11,23,27|3|2.2403
208mTRP: 13,19,24|3|1.0065
123mALA: 21,24,28|3|1.8886
219mLYS: 11,27,28|3|1.566
171mGLU: 23,27|2|1.6907
173mCYS: 23,27|2|1.3982
193mGLU: 11,28|2|1.1329
173mTHR: 23,27|2|2.3968
173mLYS: 23,27|2|2.1683
150mTHR: 23,27|2|1.6365
173mSER: 23,27|2|1.4209
171mGLY: 23,27|2|1.0151
150mGLU: 23,27|2|2.0151
173mALA: 23,27|2|1.5749
173mGLU: 23,27|2|2.2364
171mTHR: 23,27|2|1.8837
248mHIS: 05,16|2|1.1626
150mASP: 23,27|2|1.1584
171mLYS: 23,27|2|1.8651
150mCYS: 23,27|2|1.6655
150mLEU: 23,27|2|1.4598
173mASP: 23,27|2|1.1354
150mSER: 23,27|2|1.6144
171mASN: 23,27|2|1.0018
150mALA: 23,27|2|1.9527
150mGLY: 23,27|2|1.5671
153mHIS: 23,29|2|1.1667
150mLYS: 23,27|2|1.4838
173mASN: 23,27|2|1.1084
171mCYS: 23,27|2|1.0303
173mGLY: 23,27|2|1.8323
159mALA: 05|1|1.176
183mHIS: 26|1|1.0268
190mGLU: 27|1|1.1251
159mLYS: 05|1|1.0852
168mGLU: 27|1|1.057
