M = 241 249 
205 206 | 193 242 | 245 248 | 242 243 | 242 248 | 193 242 | 199 251 | 194 242 | 242 245 | 165 249 | 164 165 | 165 248 | 242 245 | 157 164 | 130 134 | 161 164 | 242 243 | 124 127 | 242 245 | 201 208 | 165 248 | 194 242 | 243 244 | 242 246 | 164 165 | 242 244 | 193 242 | 196 237 | 139 218 | 241 243 | 126 206 | 165 248 | 196 242 | 242 248 | 242 248 | 161 164 | 242 245 | 123 136 | 164 165 | 193 242 | 243 245 | 157 158 | 123 136 | 196 242 | 164 249 | 242 248 | 126 130 | 196 242 | 164 165 | 126 208 | 242 244 | 165 194 | 235 251 | 190 217 | 123 136 | 165 248 | 194 245 | 157 164 | 123 127 | 164 165 | 194 242 | 165 248 | 193 242 | 241 242 | 244 245 | 157 158 | 127 130 | 164 165 | 134 136 | 242 244 | 242 244 | 164 165 | 123 127 | 158 249 | 242 245 | 242 245 | 242 244 | 123 127 | 164 165 | 

M = 329 336 
293 299 | 336 339 | 284 286 | 324 326 | 344 345 | 324 329 | 377 379 | 346 370 | 322 326 | 326 334 | 293 313 | 339 341 | 293 318 | 341 379 | 439 440 | 336 403 | 341 377 | 330 336 | 391 440 | 356 359 | 336 408 | 388 410 | 290 317 | 336 403 | 293 300 | 408 411 | 286 293 | 312 319 | 283 284 | 341 377 | 336 339 | 345 346 | 439 440 | 341 376 | 336 408 | 318 322 | 439 440 | 339 341 | 336 408 | 281 293 | 400 403 | 341 343 | 438 440 | 379 419 | 312 318 | 434 440 | 438 440 | 324 326 | 318 319 | 

M = 146 178 
146 267 | 146 269 | 122 123 | 119 123 | 229 259 | 146 265 | 144 146 | 147 262 | 136 141 | 146 265 | 268 273 | 147 180 | 147 262 | 146 264 | 303 309 | 177 261 | 265 268 | 119 121 | 181 262 | 178 180 | 146 265 | 146 265 | 267 272 | 178 180 | 266 268 | 146 147 | 301 305 | 299 305 | 120 122 | 279 303 | 146 266 | 178 180 | 232 261 | 177 180 | 261 264 | 146 268 | 266 268 | 266 268 | 142 146 | 261 265 | 146 268 | 266 272 | 146 264 | 146 266 | 120 124 | 261 265 | 146 266 | 146 265 | 146 266 | 146 265 | 146 265 | 143 146 | 277 281 | 305 311 | 180 262 | 266 268 | 142 146 | 119 120 | 301 305 | 146 270 | 147 262 | 261 265 | 180 262 | 

FREQUENCIES
242: 30
146: 28
165: 15
164: 13
265: 11
245: 10
248: 10
266: 9
336: 9
123: 8
268: 8
178: 8
341: 7
440: 7
244: 7
180: 7
262: 6
293: 6
261: 6
136: 5
127: 5
194: 5
193: 5
243: 5
147: 5
318: 4
196: 4
305: 4
249: 4
339: 4
408: 4
157: 4
326: 4
126: 3
264: 3
130: 3
403: 3
120: 3
379: 3
377: 3
119: 3
241: 3
439: 3
158: 3
324: 3
134: 2
345: 2
346: 2
281: 2
284: 2
286: 2
122: 2
267: 2
299: 2
319: 2
206: 2
303: 2
301: 2
438: 2
177: 2
251: 2
312: 2
142: 2
161: 2
272: 2
322: 2
329: 2
208: 2
124: 2
217: 1
218: 1
139: 1
344: 1
400: 1
283: 1
269: 1
410: 1
411: 1
370: 1
376: 1
199: 1
313: 1
311: 1
317: 1
190: 1
270: 1
391: 1
273: 1
277: 1
279: 1
309: 1
300: 1
246: 1
388: 1
419: 1
290: 1
434: 1
334: 1
330: 1
259: 1
181: 1
343: 1
229: 1
235: 1
237: 1
232: 1
201: 1
144: 1
205: 1
143: 1
141: 1
121: 1
356: 1
359: 1
