D102m2.txt,0, | 206 237 | 171 175 | 281 296 | ,Score: 0

D106m3.txt,0, | 290 297 | 403 406 | 132 194 | ,Score: 0

D107m0.txt,0, | 123 127 | 296 318 | 235 249 | ,Score: 0

D110m2.txt,0, | 165 249 | 124 138 | 280 286 | ,Score: 0

D202m2.txt,0, | 163 251 | 191 242 | 325 401 | ,Score: 0

D203m5.txt,0, | 190 194 | 261 265 | 345 370 | ,Score: 0

D204m0.txt,0, | 157 237 | 267 274 | 194 220 | ,Score: 0

D206mR.txt,0, | 324 329 | 169 240 | 280 291 | ,Score: 0

D210m8.txt,0, | 144 147 | 401 419 | 239 251 | ,Score: 0

D214m3.txt,0, | 194 243 | 368 388 | 147 178 | ,Score: 0

D215m7.txt,0, | 293 297 | 124 226 | 165 194 | ,Score: 0

D216m1.txt,0, | 296 301 | 358 360 | 235 249 | ,Score: 0

D217m3.txt,0, | 178 266 | 165 194 | 282 288 | ,Score: 0

D218m7.txt,0, | 126 130 | 139 220 | 196 249 | ,Score: 0

D221m4.txt,0, | 165 248 | 123 139 | 273 279 | ,Score: 0

D222m6.txt,0, | 274 302 | 339 408 | 436 441 | ,Score: 0

D228m5.txt,0, | 337 409 | 197 249 | 145 265 | ,Score: 0

D229m1.txt,0, | 143 147 | 201 251 | 169 240 | ,Score: 0

D231m7.txt,0, | 120 121 | 147 262 | 164 249 | ,Score: 0

D239m5.txt,0, | 179 261 | 165 194 | 281 296 | ,Score: 0

D301m9.txt,0, | 147 178 | 165 194 | 324 401 | ,Score: 0

D302m1.txt,0, | 165 190 | 146 178 | 258 261 | ,Score: 0

D304m4.txt,0, | 296 301 | 232 261 | 275 281 | ,Score: 0

D305m1.txt,0, | 388 435 | 147 263 | 164 249 | ,Score: 0

D306m2.txt,0, | 169 194 | 123 139 | 262 267 | ,Score: 0

D307m2.txt,0, | 128 194 | 267 274 | 146 178 | ,Score: 0

D308m5.txt,0, | 126 196 | 299 303 | 157 237 | ,Score: 0

D310m9.txt,0, | 194 245 | 123 139 | 130 190 | ,Score: 0

D311m8.txt,0, | 241 248 | 272 278 | 163 251 | ,Score: 0

D312m9.txt,0, | 157 167 | 196 244 | 279 303 | ,Score: 0

D313m5.txt,0, | 178 267 | 412 415 | 165 194 | ,Score: 0

D314m8.txt,0, | 241 249 | 290 443 | 146 178 | ,Score: 0

D315m6.txt,0, | 232 261 | 193 239 | 164 249 | ,Score: 0

D317m4.txt,0, | 324 331 | 146 177 | 292 297 | ,Score: 0

D318m3.txt,0, | 261 263 | 164 169 | 130 135 | ,Score: 0

D319m6.txt,0, | 193 242 | 286 293 | 147 179 | ,Score: 0

D320m3.txt,0, | 157 237 | 123 139 | 178 266 | ,Score: 0

D321m1.txt,0, | 312 319 | 156 237 | 286 428 | ,Score: 0

D322m0.txt,0, | 293 299 | 143 146 | 237 240 | ,Score: 0

D323m1.txt,0, | 337 408 | 127 196 | 145 267 | ,Score: 0

D324m6.txt,0, | 196 249 | 259 262 | 345 347 | ,Score: 0

D325m0.txt,0, | 299 303 | 196 249 | 436 439 | ,Score: 0

D326m0.txt,0, | 164 249 | 262 267 | 120 124 | ,Score: 0

D327m7.txt,0, | 178 267 | 194 242 | 167 190 | ,Score: 0

D328m3.txt,0, | 337 408 | 165 194 | 262 267 | ,Score: 0

D330m1.txt,0, | 201 251 | 124 135 | 194 220 | ,Score: 0

D331m0.txt,0, | 123 127 | 178 266 | 165 194 | ,Score: 0

D332m4.txt,0, | 296 301 | 134 219 | 178 261 | ,Score: 0

D333m4.txt,0, | 165 194 | 262 267 | 124 135 | ,Score: 0

D403m6.txt,0, | 165 190 | 360 454 | 341 406 | ,Score: 0

D407m5.txt,0, | 178 266 | 165 194 | 331 336 | ,Score: 0

D408m8.txt,0, | 178 267 | 281 290 | 165 190 | ,Score: 0

D409m5.txt,0, | 178 267 | 165 190 | 401 419 | ,Score: 0

D410mR.txt,0, | 124 199 | 130 241 | 338 341 | ,Score: 0

D413m2.txt,0, | 281 297 | 167 172 | 197 250 | ,Score: 0

D414m2.txt,0, | 165 194 | 262 267 | 167 171 | ,Score: 0

D421m7.txt,0, | 201 251 | 293 299 | 130 241 | ,Score: 0

D428m7.txt,0, | 177 262 | 165 191 | 142 145 | ,Score: 0

D430mR.txt,0, | 178 266 | 379 419 | 241 249 | ,Score: 0

D431m9.txt,0, | 178 267 | 213 219 | 241 249 | ,Score: 0

D438m9.txt,0, | 434 444 | 241 249 | 147 179 | ,Score: 0

D450m5.txt,0, | 201 208 | 299 305 | 196 249 | ,Score: 0

D453m0.txt,0, | 146 271 | 194 243 | 164 249 | ,Score: 0

D459m2.txt,0, | 147 268 | 354 428 | 165 194 | ,Score: 0

D462m1.txt,0, | 164 249 | 262 265 | 142 146 | ,Score: 0

D464m0.txt,0, | 120 123 | 157 165 | 142 146 | ,Score: 0

