M = 290 297 
301 303 | 290 293 | 439 440 | 288 293 | 296 297 | 296 297 | 357 358 | 293 313 | 279 297 | 303 309 | 293 318 | 438 440 | 318 320 | 322 326 | 439 440 | 293 296 | 435 440 | 284 285 | 301 305 | 316 318 | 299 305 | 284 290 | 290 293 | 293 300 | 286 293 | 312 319 | 293 300 | 293 297 | 438 440 | 318 322 | 438 439 | 281 293 | 305 311 | 323 324 | 312 318 | 434 440 | 299 305 | 438 440 | 354 357 | 354 362 | 437 440 | 

M = 403 407 
336 339 | 336 339 | 377 379 | 344 345 | 388 409 | 377 379 | 339 341 | 336 403 | 342 377 | 331 337 | 387 407 | 330 403 | 388 410 | 326 329 | 400 403 | 408 411 | 400 401 | 341 379 | 336 408 | 326 329 | 330 403 | 339 341 | 346 369 | 336 408 | 341 379 | 400 403 | 363 368 | 379 419 | 336 339 | 336 408 | 

M = 167 190 
178 182 | 125 206 | 146 269 | 123 126 | 146 265 | 164 165 | 130 191 | 158 159 | 229 259 | 193 219 | 146 265 | 144 146 | 250 251 | 178 181 | 136 141 | 194 244 | 164 165 | 165 194 | 126 206 | 146 178 | 164 249 | 164 165 | 164 165 | 261 265 | 126 130 | 259 262 | 136 141 | 126 127 | 146 266 | 194 245 | 164 165 | 164 249 | 245 248 | 164 165 | 248 249 | 181 262 | 178 266 | 123 136 | 261 265 | 146 265 | 164 165 | 267 272 | 127 208 | 146 178 | 196 241 | 145 178 | 201 228 | 146 270 | 126 206 | 165 248 | 123 136 | 146 178 | 165 248 | 165 194 | 190 216 | 164 165 | 146 266 | 161 164 | 178 182 | 232 261 | 123 136 | 177 182 | 123 136 | 123 134 | 146 268 | 244 245 | 157 251 | 157 165 | 158 251 | 134 136 | 235 237 | 266 268 | 164 165 | 194 244 | 193 219 | 194 196 | 165 248 | 164 165 | 146 265 | 196 249 | 146 265 | 126 208 | 146 264 | 139 219 | 182 262 | 206 235 | 146 268 | 217 219 | 164 165 | 165 248 | 146 266 | 123 126 | 132 193 | 146 178 | 164 165 | 146 265 | 146 266 | 248 251 | 136 140 | 264 265 | 241 244 | 130 193 | 164 165 | 194 245 | 249 251 | 164 165 | 165 249 | 146 267 | 127 130 | 232 261 | 177 262 | 266 268 | 244 245 | 146 149 | 165 248 | 119 120 | 123 127 | 158 251 | 146 270 | 158 251 | 194 245 | 142 146 | 119 123 | 259 262 | 

FREQUENCIES
146: 24
165: 23
164: 17
293: 11
123: 9
265: 9
178: 9
136: 8
194: 8
440: 8
248: 8
126: 7
336: 7
251: 7
266: 7
403: 6
245: 6
249: 6
262: 5
379: 5
297: 5
318: 5
244: 5
339: 5
219: 4
130: 4
341: 4
408: 4
261: 4
127: 4
268: 4
193: 4
206: 4
305: 4
290: 4
438: 4
182: 4
158: 4
400: 3
296: 3
377: 3
196: 3
439: 3
259: 3
326: 3
264: 2
134: 2
284: 2
267: 2
299: 2
190: 2
270: 2
119: 2
303: 2
300: 2
301: 2
241: 2
388: 2
330: 2
177: 2
407: 2
181: 2
312: 2
157: 2
235: 2
232: 2
322: 2
329: 2
141: 2
208: 2
357: 2
354: 2
216: 1
217: 1
132: 1
139: 1
344: 1
288: 1
346: 1
342: 1
281: 1
285: 1
409: 1
120: 1
125: 1
269: 1
410: 1
411: 1
319: 1
313: 1
311: 1
191: 1
272: 1
279: 1
368: 1
369: 1
362: 1
363: 1
309: 1
387: 1
419: 1
437: 1
434: 1
435: 1
337: 1
331: 1
250: 1
345: 1
401: 1
316: 1
229: 1
228: 1
167: 1
161: 1
286: 1
159: 1
237: 1
323: 1
320: 1
324: 1
201: 1
144: 1
145: 1
142: 1
140: 1
149: 1
358: 1
