D102m2.txt,0, | 201 226 | 196 237 | 278 299 | ,Score: 0

D106m3.txt,0, | 388 415 | 150 177 | 290 296 | ,Score: 0

D107m0.txt,0, | 126 206 | 329 336 | 296 307 | ,Score: 0

D110m2.txt,0, | 165 248 | 165 191 | 158 249 | ,Score: 0

D202m2.txt,0, | 201 208 | 402 419 | 325 441 | ,Score: 0

D203m5.txt,0, | 165 190 | 345 370 | 263 267 | ,Score: 0

D204m0.txt,0, | 274 302 | 199 210 | 157 249 | ,Score: 0

D206mR.txt,0, | 324 329 | 291 296 | 124 128 | ,Score: 0

D210m8.txt,0, | 314 321 | 401 419 | 177 267 | ,Score: 0

D214m3.txt,0, | 190 194 | 165 167 | 165 190 | ,Score: 0

D215m7.txt,0, | 165 168 | 123 126 | 178 226 | ,Score: 0

D216m1.txt,0, | 157 251 | 357 360 | 157 164 | ,Score: 0

D217m3.txt,0, | 164 167 | 178 266 | 291 316 | ,Score: 0

D218m7.txt,0, | 126 196 | 259 262 | 124 135 | ,Score: 0

D221m4.txt,0, | 282 286 | 193 197 | 261 265 | ,Score: 0

D222m6.txt,0, | 274 302 | 339 408 | 325 441 | ,Score: 0

D228m5.txt,0, | 130 219 | 164 167 | 163 250 | ,Score: 0

D229m1.txt,0, | 191 240 | 157 165 | 158 249 | ,Score: 0

D231m7.txt,0, | 179 261 | 366 391 | 318 323 | ,Score: 0

D239m5.txt,0, | 281 296 | 368 388 | 178 261 | ,Score: 0

D301m9.txt,0, | 440 443 | 123 127 | 261 265 | ,Score: 0

D302m1.txt,0, | 259 262 | 326 334 | 342 346 | ,Score: 0

D304m4.txt,0, | 168 191 | 175 273 | 121 124 | ,Score: 0

D305m1.txt,0, | 259 263 | 388 435 | 331 400 | ,Score: 0

D306m2.txt,0, | 125 135 | 145 267 | 228 262 | ,Score: 0

D307m2.txt,0, | 407 412 | 177 267 | 403 407 | ,Score: 0

D308m5.txt,0, | 267 274 | 124 135 | 239 251 | ,Score: 0

D310m9.txt,0, | 123 139 | 231 261 | 401 419 | ,Score: 0

D311m8.txt,0, | 341 378 | 278 294 | 206 237 | ,Score: 0

D312m9.txt,0, | 190 193 | 190 217 | 157 164 | ,Score: 0

D313m5.txt,0, | 388 408 | 143 146 | 161 164 | ,Score: 0

D314m8.txt,0, | 440 443 | 292 295 | 150 178 | ,Score: 0

D315m6.txt,0, | 290 297 | 232 261 | 127 197 | ,Score: 0

D317m4.txt,0, | 440 443 | 145 178 | 293 321 | ,Score: 0

D318m3.txt,0, | 338 342 | 119 124 | 336 409 | ,Score: 0

D319m6.txt,0, | 134 140 | 178 266 | 393 441 | ,Score: 0

D320m3.txt,0, | 244 245 | 157 250 | 164 249 | ,Score: 0

D321m1.txt,0, | 157 235 | 311 317 | 123 135 | ,Score: 0

D322m0.txt,0, | 201 251 | 171 220 | 292 298 | ,Score: 0

D323m1.txt,0, | 165 248 | 165 194 | 194 219 | ,Score: 0

D324m6.txt,0, | 193 196 | 196 249 | 165 194 | ,Score: 0

D325m0.txt,0, | 123 127 | 292 299 | 196 249 | ,Score: 0

D326m0.txt,0, | 400 419 | 262 267 | 124 199 | ,Score: 0

D327m7.txt,0, | 438 440 | 376 405 | 125 196 | ,Score: 0

D328m3.txt,0, | 337 408 | 139 218 | 262 267 | ,Score: 0

D330m1.txt,0, | 201 208 | 135 141 | 335 403 | ,Score: 0

D331m0.txt,0, | 193 216 | 161 164 | 248 251 | ,Score: 0

D332m4.txt,0, | 293 299 | 178 261 | 123 136 | ,Score: 0

D333m4.txt,0, | 333 403 | 132 138 | 124 226 | ,Score: 0

D403m6.txt,0, | 165 190 | 289 296 | 341 406 | ,Score: 0

D407m5.txt,0, | 346 369 | 178 261 | 335 403 | ,Score: 0

D408m8.txt,0, | 178 267 | 290 442 | 197 250 | ,Score: 0

D409m5.txt,0, | 136 140 | 178 267 | 401 419 | ,Score: 0

D410mR.txt,0, | 241 249 | 193 219 | 165 191 | ,Score: 0

D413m2.txt,0, | 194 245 | 201 251 | 164 249 | ,Score: 0

D414m2.txt,0, | 212 220 | 268 274 | 262 267 | ,Score: 0

D421m7.txt,0, | 124 127 | 299 306 | 201 233 | ,Score: 0

D428m7.txt,0, | 349 454 | 177 261 | 324 401 | ,Score: 0

D430mR.txt,0, | 403 419 | 262 266 | 194 244 | ,Score: 0

D431m9.txt,0, | 231 261 | 139 212 | 275 282 | ,Score: 0

D438m9.txt,0, | 440 443 | 178 182 | 293 300 | ,Score: 0

D450m5.txt,0, | 299 303 | 123 208 | 237 253 | ,Score: 0

D453m0.txt,0, | 146 271 | 289 441 | 247 250 | ,Score: 0

D459m2.txt,0, | 281 297 | 293 297 | 166 190 | ,Score: 0

D462m1.txt,0, | 333 337 | 388 411 | 297 314 | ,Score: 0

D464m0.txt,0, | 335 407 | 122 208 | 142 146 | ,Score: 0

