M = 325 401 
438 440 | 339 376 | 336 339 | 400 403 | 439 440 | 344 347 | 321 322 | 288 292 | 388 409 | 296 318 | 357 358 | 312 319 | 438 440 | 283 286 | 339 341 | 318 320 | 438 440 | 440 441 | 326 331 | 336 403 | 341 343 | 281 296 | 330 336 | 284 290 | 385 412 | 438 439 | 403 407 | 316 318 | 336 408 | 296 313 | 388 410 | 284 290 | 326 334 | 436 440 | 403 407 | 292 299 | 338 342 | 283 290 | 326 334 | 312 319 | 341 378 | 436 440 | 439 440 | 286 288 | 339 341 | 403 405 | 409 410 | 419 421 | 326 334 | 318 322 | 330 403 | 438 439 | 339 341 | 346 369 | 336 408 | 283 290 | 400 403 | 401 403 | 316 323 | 363 368 | 390 435 | 312 318 | 434 440 | 438 440 | 312 318 | 336 339 | 336 408 | 

M = 165 194 
164 165 | 130 191 | 158 159 | 140 219 | 165 248 | 248 249 | 164 165 | 190 219 | 194 244 | 249 251 | 164 165 | 134 136 | 134 140 | 194 245 | 235 251 | 164 165 | 248 249 | 164 165 | 245 248 | 127 208 | 139 217 | 196 237 | 165 248 | 123 136 | 165 248 | 164 165 | 162 165 | 161 164 | 123 136 | 123 136 | 157 251 | 157 165 | 135 136 | 158 250 | 194 244 | 193 219 | 164 165 | 194 196 | 164 165 | 123 127 | 164 165 | 217 219 | 159 251 | 123 126 | 164 165 | 248 251 | 136 140 | 164 165 | 241 244 | 130 193 | 249 251 | 164 165 | 190 217 | 165 249 | 127 130 | 244 245 | 197 237 | 158 251 | 139 219 | 158 251 | 123 134 | 158 251 | 

M = 177 267 
301 303 | 178 267 | 205 206 | 178 179 | 122 123 | 203 206 | 229 259 | 119 210 | 267 273 | 178 181 | 145 268 | 126 206 | 145 178 | 262 266 | 259 262 | 119 123 | 206 228 | 232 258 | 299 303 | 181 262 | 178 266 | 178 261 | 120 124 | 178 261 | 267 272 | 178 261 | 266 268 | 126 206 | 301 305 | 267 268 | 266 267 | 178 182 | 232 261 | 177 182 | 258 261 | 119 123 | 122 143 | 268 274 | 121 123 | 300 308 | 119 120 | 178 264 | 266 268 | 303 304 | 206 235 | 266 268 | 122 123 | 178 267 | 178 261 | 178 181 | 178 261 | 264 268 | 305 311 | 205 206 | 177 262 | 266 268 | 206 228 | 267 273 | 257 258 | 119 122 | 119 123 | 299 305 | 271 272 | 119 123 | 

FREQUENCIES
165: 21
178: 14
123: 13
164: 13
440: 10
251: 9
403: 8
267: 8
268: 8
206: 8
266: 7
194: 7
119: 7
248: 7
336: 7
261: 7
136: 6
318: 6
438: 6
339: 6
219: 5
341: 5
249: 5
158: 5
262: 4
122: 4
290: 4
244: 4
439: 4
312: 4
326: 4
217: 3
130: 3
134: 3
283: 3
126: 3
127: 3
299: 3
296: 3
303: 3
305: 3
245: 3
334: 3
258: 3
177: 3
181: 3
408: 3
140: 3
264: 2
139: 2
288: 2
401: 2
400: 2
284: 2
409: 2
286: 2
120: 2
410: 2
292: 2
319: 2
196: 2
190: 2
193: 2
272: 2
273: 2
301: 2
388: 2
436: 2
330: 2
259: 2
407: 2
182: 2
316: 2
228: 2
157: 2
159: 2
235: 2
237: 2
232: 2
322: 2
145: 2
205: 2
210: 1
135: 1
344: 1
405: 1
347: 1
281: 1
378: 1
412: 1
419: 1
376: 1
313: 1
311: 1
191: 1
271: 1
274: 1
368: 1
369: 1
421: 1
363: 1
308: 1
300: 1
441: 1
304: 1
241: 1
385: 1
434: 1
435: 1
338: 1
331: 1
179: 1
250: 1
257: 1
346: 1
197: 1
342: 1
343: 1
229: 1
161: 1
162: 1
390: 1
323: 1
320: 1
321: 1
325: 1
203: 1
143: 1
208: 1
121: 1
357: 1
124: 1
358: 1
