D102m2.txt,0, | 277 298 | 125 211 | 202 237 | ,Score: 0

D106m3.txt,0, | 150 177 | 406 412 | 343 346 | ,Score: 0

D107m0.txt,0, | 123 127 | 322 329 | 201 251 | ,Score: 0

D110m2.txt,0, | 165 248 | 165 191 | 158 249 | ,Score: 0

D202m2.txt,0, | 201 208 | 381 402 | 325 441 | ,Score: 0

D203m5.txt,0, | 346 370 | 345 375 | 167 190 | ,Score: 0

D204m0.txt,0, | 162 251 | 199 210 | 143 177 | ,Score: 0

D206mR.txt,0, | 283 292 | 328 392 | 124 128 | ,Score: 0

D210m8.txt,0, | 206 237 | 148 262 | 317 324 | ,Score: 0

D214m3.txt,0, | 165 190 | 190 219 | 190 194 | ,Score: 0

D215m7.txt,0, | 123 208 | 177 182 | 164 249 | ,Score: 0

D216m1.txt,0, | 358 360 | 235 251 | 157 164 | ,Score: 0

D217m3.txt,0, | 312 318 | 290 444 | 201 228 | ,Score: 0

D218m7.txt,0, | 127 135 | 259 262 | 122 208 | ,Score: 0

D221m4.txt,0, | 228 259 | 193 197 | 286 396 | ,Score: 0

D222m6.txt,0, | 228 259 | 325 441 | 274 302 | ,Score: 0

D228m5.txt,0, | 130 219 | 235 251 | 157 164 | ,Score: 0

D229m1.txt,0, | 157 249 | 165 191 | 240 245 | ,Score: 0

D231m7.txt,0, | 320 327 | 366 391 | 178 261 | ,Score: 0

D239m5.txt,0, | 352 368 | 331 400 | 179 261 | ,Score: 0

D301m9.txt,0, | 435 443 | 258 261 | 123 136 | ,Score: 0

D302m1.txt,0, | 338 342 | 234 259 | 325 441 | ,Score: 0

D304m4.txt,0, | 172 274 | 183 259 | 339 376 | ,Score: 0

D305m1.txt,0, | 259 263 | 400 427 | 391 412 | ,Score: 0

D306m2.txt,0, | 124 138 | 262 267 | 196 237 | ,Score: 0

D307m2.txt,0, | 337 407 | 175 273 | 337 403 | ,Score: 0

D308m5.txt,0, | 124 226 | 296 302 | 239 251 | ,Score: 0

D310m9.txt,0, | 288 318 | 347 368 | 124 138 | ,Score: 0

D311m8.txt,0, | 206 237 | 169 172 | 281 292 | ,Score: 0

D312m9.txt,0, | 157 167 | 190 193 | 161 167 | ,Score: 0

D313m5.txt,0, | 388 435 | 122 143 | 370 451 | ,Score: 0

D314m8.txt,0, | 172 175 | 290 314 | 295 318 | ,Score: 0

D315m6.txt,0, | 201 237 | 286 290 | 258 261 | ,Score: 0

D317m4.txt,0, | 324 331 | 127 210 | 290 443 | ,Score: 0

D318m3.txt,0, | 261 264 | 336 403 | 124 135 | ,Score: 0

D319m6.txt,0, | 123 127 | 273 279 | 393 401 | ,Score: 0

D320m3.txt,0, | 157 250 | 157 164 | 165 249 | ,Score: 0

D321m1.txt,0, | 157 237 | 311 317 | 233 258 | ,Score: 0

D322m0.txt,0, | 342 346 | 329 401 | 167 171 | ,Score: 0

D323m1.txt,0, | 193 241 | 193 219 | 165 194 | ,Score: 0

D324m6.txt,0, | 130 219 | 196 249 | 164 249 | ,Score: 0

D325m0.txt,0, | 126 196 | 329 401 | 302 311 | ,Score: 0

D326m0.txt,0, | 286 398 | 337 341 | 199 210 | ,Score: 0

D327m7.txt,0, | 132 197 | 337 403 | 258 261 | ,Score: 0

D328m3.txt,0, | 337 408 | 345 370 | 140 218 | ,Score: 0

D330m1.txt,0, | 334 337 | 318 325 | 125 196 | ,Score: 0

D331m0.txt,0, | 162 165 | 193 216 | 161 251 | ,Score: 0

D332m4.txt,0, | 334 337 | 123 134 | 262 266 | ,Score: 0

D333m4.txt,0, | 132 197 | 329 336 | 262 267 | ,Score: 0

D403m6.txt,0, | 165 190 | 289 444 | 406 411 | ,Score: 0

D407m5.txt,0, | 178 229 | 345 370 | 335 403 | ,Score: 0

D408m8.txt,0, | 440 443 | 148 261 | 126 197 | ,Score: 0

D409m5.txt,0, | 136 140 | 396 403 | 267 273 | ,Score: 0

D410mR.txt,0, | 157 249 | 196 241 | 130 219 | ,Score: 0

D413m2.txt,0, | 201 251 | 164 249 | 167 190 | ,Score: 0

D414m2.txt,0, | 401 403 | 267 274 | 143 177 | ,Score: 0

D421m7.txt,0, | 233 257 | 196 237 | 122 208 | ,Score: 0

D428m7.txt,0, | 177 260 | 290 442 | 327 402 | ,Score: 0

D430mR.txt,0, | 375 419 | 178 266 | 165 194 | ,Score: 0

D431m9.txt,0, | 207 235 | 143 175 | 231 257 | ,Score: 0

D438m9.txt,0, | 181 228 | 178 182 | 290 296 | ,Score: 0

D450m5.txt,0, | 196 245 | 123 139 | 233 257 | ,Score: 0

D453m0.txt,0, | 184 261 | 438 441 | 270 272 | ,Score: 0

D459m2.txt,0, | 139 218 | 166 251 | 194 219 | ,Score: 0

D462m1.txt,0, | 318 325 | 406 412 | 206 226 | ,Score: 0

D464m0.txt,0, | 122 141 | 244 246 | 259 262 | ,Score: 0

