M = 400 403 
299 303 | 388 412 | 290 444 | 391 436 | 339 341 | 324 325 | 380 421 | 344 345 | 333 434 | 333 407 | 387 392 | 333 392 | 325 333 | 303 305 | 401 428 | 400 419 | 283 286 | 309 315 | 318 320 | 336 407 | 321 326 | 290 444 | 357 358 | 325 441 | 330 336 | 281 290 | 366 388 | 362 366 | 368 369 | 303 305 | 336 408 | 288 316 | 330 403 | 303 305 | 410 411 | 337 341 | 283 284 | 341 345 | 339 403 | 390 437 | 390 437 | 319 326 | 312 319 | 330 401 | 305 311 | 400 401 | 403 405 | 409 410 | 400 419 | 336 403 | 318 322 | 330 403 | 339 403 | 336 408 | 281 283 | 336 403 | 419 421 | 401 403 | 339 403 | 301 305 | 400 401 | 363 368 | 435 441 | 318 322 | 362 444 | 424 426 | 303 305 | 357 358 | 305 308 | 336 339 | 342 375 | 

M = 123 134 
122 123 | 130 191 | 136 140 | 145 178 | 145 178 | 119 121 | 134 136 | 126 130 | 140 142 | 134 136 | 130 219 | 194 240 | 139 142 | 127 208 | 145 178 | 196 241 | 123 136 | 119 123 | 123 136 | 134 140 | 135 136 | 122 123 | 193 219 | 194 196 | 121 123 | 126 208 | 123 127 | 141 144 | 217 219 | 137 142 | 135 141 | 193 197 | 130 193 | 190 217 | 127 130 | 119 120 | 196 197 | 123 127 | 193 218 | 122 123 | 

M = 232 235 
178 267 | 205 206 | 203 206 | 164 165 | 165 191 | 229 259 | 164 249 | 164 167 | 248 249 | 164 165 | 164 167 | 165 194 | 248 251 | 157 249 | 164 165 | 165 249 | 206 228 | 182 262 | 301 303 | 164 249 | 164 165 | 165 248 | 164 165 | 181 262 | 178 181 | 164 167 | 164 165 | 164 167 | 178 261 | 196 237 | 206 226 | 165 248 | 165 248 | 165 194 | 164 165 | 159 162 | 267 272 | 178 182 | 182 261 | 177 182 | 168 190 | 178 261 | 157 251 | 157 165 | 158 250 | 235 237 | 273 274 | 165 248 | 165 194 | 196 248 | 164 165 | 165 249 | 177 261 | 178 264 | 182 262 | 206 235 | 164 165 | 159 251 | 230 262 | 178 229 | 164 165 | 178 267 | 178 261 | 158 251 | 178 181 | 248 251 | 182 261 | 164 165 | 249 251 | 165 248 | 178 264 | 177 262 | 158 251 | 158 251 | 184 261 | 271 272 | 158 251 | 262 267 | 

FREQUENCIES
165: 23
164: 17
178: 14
403: 10
123: 10
248: 9
251: 9
305: 7
249: 7
336: 7
261: 7
136: 6
303: 6
182: 6
262: 6
130: 5
401: 5
400: 5
194: 5
196: 5
339: 5
158: 5
206: 5
134: 4
267: 4
127: 4
330: 4
333: 4
193: 4
167: 4
219: 3
341: 3
283: 3
122: 3
419: 3
290: 3
318: 3
119: 3
444: 3
177: 3
181: 3
157: 3
235: 3
325: 3
145: 3
142: 3
140: 3
217: 2
264: 2
135: 2
407: 2
345: 2
281: 2
366: 2
126: 2
410: 2
319: 2
191: 2
392: 2
390: 2
141: 2
368: 2
421: 2
362: 2
301: 2
441: 2
388: 2
437: 2
197: 2
190: 2
229: 2
272: 2
408: 2
159: 2
237: 2
322: 2
326: 2
208: 2
121: 2
357: 2
358: 2
218: 1
137: 1
139: 1
405: 1
284: 1
409: 1
286: 1
120: 1
424: 1
411: 1
412: 1
299: 1
375: 1
311: 1
316: 1
315: 1
391: 1
274: 1
205: 1
226: 1
428: 1
369: 1
363: 1
426: 1
308: 1
309: 1
380: 1
241: 1
240: 1
387: 1
436: 1
434: 1
435: 1
337: 1
144: 1
259: 1
250: 1
344: 1
288: 1
184: 1
312: 1
342: 1
168: 1
228: 1
162: 1
271: 1
273: 1
230: 1
232: 1
320: 1
321: 1
324: 1
203: 1
