D102m2.txt,0, | 298 303 | 178 267 | 125 206 | ,Score: 0

D106m3.txt,0, | 388 412 | 322 329 | 391 412 | ,Score: 0

D107m0.txt,0, | 400 403 | 123 127 | 201 251 | ,Score: 0

D110m2.txt,0, | 130 191 | 165 249 | 165 191 | ,Score: 0

D202m2.txt,0, | 201 208 | 327 402 | 346 381 | ,Score: 0

D203m5.txt,0, | 346 349 | 140 219 | 165 249 | ,Score: 0

D204m0.txt,0, | 333 391 | 333 407 | 281 296 | ,Score: 0

D206mR.txt,0, | 364 387 | 333 391 | 325 393 | ,Score: 0

D210m8.txt,0, | 177 262 | 237 249 | 317 324 | ,Score: 0

D214m3.txt,0, | 165 190 | 165 167 | 165 194 | ,Score: 0

D215m7.txt,0, | 400 401 | 124 226 | 201 251 | ,Score: 0

D216m1.txt,0, | 159 251 | 157 164 | 164 249 | ,Score: 0

D217m3.txt,0, | 182 262 | 282 288 | 205 235 | ,Score: 0

D218m7.txt,0, | 123 127 | 232 261 | 178 262 | ,Score: 0

D221m4.txt,0, | 126 196 | 139 219 | 257 259 | ,Score: 0

D222m6.txt,0, | 228 259 | 292 299 | 274 303 | ,Score: 0

D228m5.txt,0, | 157 251 | 134 219 | 163 165 | ,Score: 0

D229m1.txt,0, | 157 249 | 163 169 | 191 218 | ,Score: 0

D231m7.txt,0, | 126 130 | 320 327 | 178 261 | ,Score: 0

D239m5.txt,0, | 179 261 | 331 401 | 292 321 | ,Score: 0

D301m9.txt,0, | 435 443 | 354 358 | 164 168 | ,Score: 0

D302m1.txt,0, | 164 165 | 165 167 | 325 441 | ,Score: 0

D304m4.txt,0, | 172 274 | 183 259 | 121 124 | ,Score: 0

D305m1.txt,0, | 281 290 | 388 435 | 362 443 | ,Score: 0

D306m2.txt,0, | 239 251 | 145 212 | 125 196 | ,Score: 0

D307m2.txt,0, | 368 369 | ,Score: 0

D308m5.txt,0, | 182 262 | 299 303 | 197 249 | ,Score: 0

D310m9.txt,0, | 341 345 | 369 387 | 124 138 | ,Score: 0

D311m8.txt,0, | 206 237 | 283 292 | 271 277 | ,Score: 0

D312m9.txt,0, | 190 194 | 162 165 | 158 162 | ,Score: 0

D313m5.txt,0, | 411 415 | 120 123 | 143 144 | ,Score: 0

D314m8.txt,0, | 336 403 | 326 334 | 143 175 | ,Score: 0

D315m6.txt,0, | 201 237 | 346 349 | 267 273 | ,Score: 0

D317m4.txt,0, | 403 406 | 178 261 | 123 136 | ,Score: 0

D318m3.txt,0, | 390 437 | 390 412 | ,Score: 0

D319m6.txt,0, | 400 403 | 134 140 | 179 261 | ,Score: 0

D320m3.txt,0, | 157 250 | 157 164 | 135 136 | ,Score: 0

D321m1.txt,0, | 282 313 | 157 237 | 201 233 | ,Score: 0

D322m0.txt,0, | 332 402 | 196 237 | 279 299 | ,Score: 0

D323m1.txt,0, | 165 248 | 165 194 | 194 219 | ,Score: 0

D324m6.txt,0, | 130 219 | 235 249 | 165 249 | ,Score: 0

D325m0.txt,0, | 123 127 | 292 299 | 201 251 | ,Score: 0

D326m0.txt,0, | 336 405 | 124 199 | 262 267 | ,Score: 0

D327m7.txt,0, | 132 197 | 337 403 | 258 261 | ,Score: 0

D328m3.txt,0, | 337 408 | 400 418 | 139 218 | ,Score: 0

D330m1.txt,0, | 123 139 | 201 251 | 337 403 | ,Score: 0

D331m0.txt,0, | 162 165 | 193 216 | 161 251 | ,Score: 0

D332m4.txt,0, | 334 337 | 122 137 | 258 261 | ,Score: 0

D333m4.txt,0, | 132 138 | 199 249 | 335 403 | ,Score: 0

D403m6.txt,0, | 406 411 | 163 169 | 191 215 | ,Score: 0

D407m5.txt,0, | 335 403 | 182 261 | 193 218 | ,Score: 0

D408m8.txt,0, | 177 226 | 277 284 | 239 251 | ,Score: 0

D409m5.txt,0, | 396 403 | 137 142 | 421 426 | ,Score: 0

D410mR.txt,0, | 157 165 | 194 196 | 193 219 | ,Score: 0

D413m2.txt,0, | 201 251 | 159 252 | 165 252 | ,Score: 0

D414m2.txt,0, | 324 401 | 337 403 | 177 267 | ,Score: 0

D421m7.txt,0, | 201 208 | 196 237 | 258 261 | ,Score: 0

D428m7.txt,0, | 177 260 | 324 396 | 371 418 | ,Score: 0

D430mR.txt,0, | 441 444 | 318 322 | 354 362 | ,Score: 0

D431m9.txt,0, | ,Score: 0

D438m9.txt,0, | 120 208 | 196 197 | 178 182 | ,Score: 0

D450m5.txt,0, | 299 303 | 232 253 | 123 208 | ,Score: 0

D453m0.txt,0, | 158 250 | 184 261 | 270 272 | ,Score: 0

D459m2.txt,0, | 354 357 | 139 218 | 165 194 | ,Score: 0

D462m1.txt,0, | 206 226 | 319 326 | 337 403 | ,Score: 0

D464m0.txt,0, | 178 226 | 141 144 | 324 401 | ,Score: 0

