164mGLU: 01,02,03,06,07,08,09,14,18,22,25,27|12|10.4276
242mSER: 01,02,03,06,08,09,12,14,15,22,25|11|5.815
242mGLY: 01,02,03,06,08,09,12,14,15,22,25|11|5.8648
242mGLU: 01,02,03,06,08,09,12,14,15,22,25|11|7.9603
242mLEU: 01,02,03,06,08,09,12,14,15,22,25|11|3.4868
165mALA: 01,02,03,06,08,09,14,18,22,25,27|11|3.701
242mHIS: 01,02,03,06,08,09,12,14,15,22,25|11|4.3579
242mTHR: 01,02,03,06,08,09,12,14,15,22,25|11|6.9587
250mSER: 01,05,08,12,14,15,16,19,20|9|3.9516
152mLYS: 00,03,07,18,22,23,25,27,29|9|2.0798
152mTHR: 00,03,07,18,22,23,25,27,29|9|3.3715
250mLYS: 01,05,08,12,14,15,16,19,20|9|2.6311
167mGLU: 01,03,07,08,14,18,22,25,27|9|3.8012
250mGLY: 01,05,08,12,14,15,16,19,20|9|4.0728
152mGLU: 00,03,07,18,22,23,25,27,29|9|3.9337
248mGLY: 01,02,05,08,09,12,14,15,16|9|2.9477
152mGLY: 00,03,07,18,22,23,25,27,29|9|2.5202
250mTHR: 01,05,08,12,14,15,16,19,20|9|3.7247
250mGLU: 01,05,08,12,14,15,16,19,20|9|4.6867
190mSER: 01,03,07,09,18,22,25,27|8|2.3517
190mASN: 01,03,07,09,18,22,25,27|8|1.7196
126mGLY: 12,15,16,19,20,21,24,28|8|2.8244
126mSER: 12,15,16,19,20,21,24,28|8|2.4459
190mTHR: 01,03,07,09,18,22,25,27|8|2.5071
162mTHR: 01,02,03,07,08,14,18,22|8|5.3535
190mGLY: 01,03,07,09,18,22,25,27|8|2.2666
194mTHR: 01,03,04,06,09,22,25|7|3.6216
193mGLU: 01,04,06,09,11,25,28|7|1.8612
251mGLY: 05,08,12,14,16,19,20|7|2.8734
193mHIS: 01,04,06,09,11,25,28|7|1.8365
251mALA: 05,08,12,14,16,19,20|7|2.5069
193mSER: 01,04,06,09,11,25,28|7|1.7546
251mTHR: 05,08,12,14,16,19,20|7|3.7623
244mGLY: 01,04,06,09,12,15,28|7|1.3034
251mASN: 05,08,12,14,16,19,20|7|2.3729
193mGLY: 01,04,06,09,11,25,28|7|1.7721
194mHIS: 01,03,04,06,09,22,25|7|2.9456
194mSER: 01,03,04,06,09,22,25|7|3.3136
194mGLU: 01,03,04,06,09,22,25|7|3.8983
251mGLU: 05,08,12,14,16,19,20|7|3.771
193mTHR: 01,04,06,09,11,25,28|7|1.5234
251mSER: 05,08,12,14,16,19,20|7|2.3341
251mLYS: 05,08,12,14,16,19,20|7|3.2818
194mVAL: 01,03,04,06,09,22,25|7|1.3647
194mMET: 01,03,04,06,09,22,25|7|2.2565
194mLYS: 01,03,04,06,09,22,25|7|2.1821
244mALA: 01,04,06,09,12,15,28|7|2.0741
194mGLY: 01,03,04,06,09,22,25|7|3.3304
193mMET: 01,04,06,09,11,25,28|7|1.4611
194mALA: 01,03,04,06,09,22,25|7|1.922
172mTHR: 03,07,18,22,23,25,27|7|1.4628
194mLEU: 01,03,04,06,09,22,25|7|1.6918
173mTHR: 03,07,22,23,25,27|6|6.5053
219mASN: 01,09,11,25,27,28|6|2.9588
127mGLY: 12,15,16,19,24,28|6|1.8137
265mLYS: 00,10,13,17,26,29|6|3.1553
173mLYS: 03,07,22,23,25,27|6|5.0353
267mVAL: 00,07,17,23,26,29|6|2.3869
219mSER: 01,09,11,25,27,28|6|2.6788
237mALA: 05,12,15,16,19,20|6|1.6061
265mALA: 00,10,13,17,26,29|6|2.5126
159mASN: 02,05,08,12,14,18|6|4.2878
267mGLY: 00,07,17,23,26,29|6|5.5209
173mTYR: 03,07,22,23,25,27|6|2.4977
159mGLU: 02,05,08,12,14,18|6|4.2791
173mGLN: 03,07,22,23,25,27|6|2.6043
173mGLU: 03,07,22,23,25,27|6|6.4808
267mTHR: 00,07,17,23,26,29|6|6.768
173mSER: 03,07,22,23,25,27|6|5.2054
127mASN: 12,15,16,19,24,28|6|1.7575
173mHIS: 03,07,22,23,25,27|6|4.3892
267mILE: 00,07,17,23,26,29|6|1.8689
173mALA: 03,07,22,23,25,27|6|4.219
159mTHR: 02,05,08,12,14,18|6|5.0801
219mTHR: 01,09,11,25,27,28|6|3.1312
173mILE: 03,07,22,23,25,27|6|2.3893
267mHIS: 00,07,17,23,26,29|6|3.1803
219mGLU: 01,09,11,25,27,28|6|2.8076
265mGLU: 00,10,13,17,26,29|6|4.1596
173mLEU: 03,07,22,23,25,27|6|3.2208
267mLYS: 00,07,17,23,26,29|6|6.672
159mGLY: 02,05,08,12,14,18|6|4.6806
265mTHR: 00,10,13,17,26,29|6|3.8011
267mASN: 00,07,17,23,26,29|6|5.1065
267mALA: 00,07,17,23,26,29|6|5.0863
159mLYS: 02,05,08,12,14,18|6|4.4526
267mSER: 00,07,17,23,26,29|6|5.1812
127mSER: 12,15,16,19,24,28|6|1.1975
127mHIS: 12,15,16,19,24,28|6|2.0214
173mASP: 03,07,22,23,25,27|6|2.8349
265mSER: 00,10,13,17,26,29|6|2.2895
237mLYS: 05,12,15,16,19,20|6|3.0117
219mLYS: 01,09,11,25,27,28|6|2.1021
159mALA: 02,05,08,12,14,18|6|4.2159
267mLEU: 00,07,17,23,26,29|6|1.8723
219mGLY: 01,09,11,25,27,28|6|2.9634
159mSER: 02,05,08,12,14,18|6|4.0847
173mASN: 03,07,22,23,25,27|6|4.5153
173mGLY: 03,07,22,23,25,27|6|5.7543
265mGLY: 00,10,13,17,26,29|6|2.3422
267mGLN: 00,07,17,23,26,29|6|1.4381
171mGLU: 03,07,18,23,27|5|2.0866
258mASN: 00,07,23,26,29|5|1.8217
149mMET: 00,07,23,27,29|5|1.511
258mGLY: 00,07,23,26,29|5|2.7946
258mTHR: 00,07,23,26,29|5|3.4589
153mTHR: 03,22,23,25,29|5|1.272
153mASN: 03,22,23,25,29|5|1.5228
180mLYS: 10,13,17,21,26|5|2.7507
229mGLY: 00,10,13,17,26|5|1.671
153mGLY: 03,22,23,25,29|5|1.758
130mLYS: 04,06,11,15,28|5|1.5849
142mSER: 10,11,21,23,27|5|2.0636
146mPHE: 10,17,21,23,27|5|1.0163
171mSER: 03,07,18,23,27|5|1.2538
232mHIS: 00,05,07,20,29|5|1.6773
232mASN: 00,05,07,20,29|5|1.5306
171mGLY: 03,07,18,23,27|5|1.5756
146mLYS: 10,17,21,23,27|5|1.6983
149mGLY: 00,07,23,27,29|5|1.9101
149mVAL: 00,07,23,27,29|5|1.2614
130mGLY: 04,06,11,15,28|5|1.7792
258mGLU: 00,07,23,26,29|5|4.2573
171mTHR: 03,07,18,23,27|5|2.2546
149mLYS: 00,07,23,27,29|5|1.4018
130mASN: 04,06,11,15,28|5|1.514
130mALA: 04,06,11,15,28|5|1.2119
146mASN: 10,17,21,23,27|5|2.3673
146mTHR: 10,17,21,23,27|5|2.5963
180mGLY: 10,13,17,21,26|5|3.0026
153mGLU: 03,22,23,25,29|5|1.1556
142mGLU: 10,11,21,23,27|5|2.178
153mSER: 03,22,23,25,29|5|1.5888
264mGLU: 00,13,17,23,29|5|1.9672
266mGLU: 00,17,23,26,29|5|1.1662
153mMET: 03,22,23,25,29|5|1.9806
146mGLY: 10,17,21,23,27|5|2.7088
258mHIS: 00,07,23,26,29|5|1.7756
149mALA: 00,07,23,27,29|5|1.6163
232mGLU: 00,05,07,20,29|5|1.3766
149mTHR: 00,07,23,27,29|5|2.013
180mALA: 10,13,17,21,26|5|2.9075
146mHIS: 10,17,21,23,27|5|2.7415
146mASP: 10,17,21,23,27|5|1.1574
146mILE: 10,17,21,23,27|5|1.3164
146mTYR: 10,17,21,23,27|5|1.1161
180mGLU: 10,13,17,21,26|5|4.2513
146mGLN: 10,17,21,23,27|5|1.6852
146mGLU: 10,17,21,23,27|5|2.8259
149mLEU: 00,07,23,27,29|5|1.5625
180mTHR: 10,13,17,21,26|5|3.7477
149mHIS: 00,07,23,27,29|5|1.623
146mSER: 10,17,21,23,27|5|2.7463
146mLEU: 10,17,21,23,27|5|1.9804
146mALA: 10,17,21,23,27|5|1.8993
146mMET: 10,17,21,23,27|5|2.4813
146mVAL: 10,17,21,23,27|5|1.7716
153mGLN: 03,22,23,25,29|5|1.1322
232mGLY: 00,05,07,20,29|5|1.3876
142mGLY: 10,11,21,23,27|5|2.1145
204mCYS: 05,12,16,19,20|5|3.8028
153mHIS: 03,22,23,25,29|5|2.3334
232mTHR: 00,05,07,20,29|5|1.192
232mMET: 00,05,07,20,29|5|1.2109
149mGLU: 00,07,23,27,29|5|2.3646
232mSER: 00,05,07,20,29|5|1.488
142mTHR: 10,11,21,23,27|5|1.4665
180mSER: 10,13,17,21,26|5|3.015
130mTHR: 04,06,11,15,28|5|1.8996
149mASN: 00,07,23,27,29|5|1.4699
258mSER: 00,07,23,26,29|5|2.7007
149mSER: 00,07,23,27,29|5|2.0188
262mGLU: 10,13,17,26|4|2.7379
124mASN: 19,21,24,28|4|1.021
150mTHR: 07,23,25,27|4|3.826
124mSER: 19,21,24,28|4|1.8804
150mTYR: 07,23,25,27|4|1.9874
124mGLU: 19,21,24,28|4|2.1171
150mGLU: 07,23,25,27|4|4.1747
150mMET: 07,23,25,27|4|1.9893
150mASP: 07,23,25,27|4|2.0487
150mASN: 07,23,25,27|4|2.2784
136mALA: 11,21,24,28|4|2.5008
261mGLY: 10,13,17,26|4|1.1829
150mCYS: 07,23,25,27|4|2.2376
124mALA: 19,21,24,28|4|1.2251
217mTHR: 11,23,25,27|4|2.6502
150mHIS: 07,23,25,27|4|2.4134
150mLEU: 07,23,25,27|4|2.6038
262mTHR: 10,13,17,26|4|2.0287
124mGLY: 19,21,24,28|4|1.8252
150mILE: 07,23,25,27|4|1.6581
122mGLU: 10,21,24,28|4|1.1438
150mSER: 07,23,25,27|4|3.3441
261mGLU: 10,13,17,26|4|2.0398
261mTHR: 10,13,17,26|4|2.0476
150mALA: 07,23,25,27|4|3.2767
150mVAL: 07,23,25,27|4|1.6281
150mGLY: 07,23,25,27|4|3.4852
150mLYS: 07,23,25,27|4|3.139
261mLYS: 10,13,17,26|4|1.481
124mTHR: 19,21,24,28|4|1.6753
150mGLN: 07,23,25,27|4|1.4129
256mHIS: 00,07,29|3|1.1667
123mLYS: 21,24,28|3|2.6799
259mGLY: 00,17,26|3|1.9646
208mTYR: 13,19,24|3|1.3403
259mASN: 00,17,26|3|1.7834
178mSER: 10,13,17|3|1.3188
208mGLN: 13,19,24|3|1.7348
178mLYS: 10,13,17|3|1.4473
123mGLU: 21,24,28|3|3.018
208mGLY: 13,19,24|3|3.0427
196mGLU: 04,15,16|3|1.4194
249mHIS: 01,08,15|3|1.4288
208mASN: 13,19,24|3|2.7328
178mGLY: 10,13,17|3|1.3449
249mMET: 01,08,15|3|1.2242
208mTHR: 13,19,24|3|3.1693
135mALA: 21,24,28|3|1.3142
140mGLY: 11,23,28|3|1.2238
208mVAL: 13,19,24|3|2.0684
123mCYS: 21,24,28|3|2.2441
205mHIS: 13,19,20|3|1.1991
135mTHR: 21,24,28|3|1.006
196mSER: 04,15,16|3|1.245
205mGLY: 13,19,20|3|1.067
249mSER: 01,08,15|3|1.0752
178mGLU: 10,13,17|3|1.8961
196mTHR: 04,15,16|3|1.2148
208mILE: 13,19,24|3|1.5779
208mPHE: 13,19,24|3|1.2507
196mASN: 04,15,16|3|1.0909
178mTHR: 10,13,17|3|1.8296
208mLEU: 13,19,24|3|2.309
123mTHR: 21,24,28|3|2.9208
208mHIS: 13,19,24|3|2.7566
196mGLY: 04,15,16|3|1.1377
140mGLU: 11,23,28|3|1.6564
259mTHR: 00,17,26|3|2.4217
208mLYS: 13,19,24|3|2.2009
249mGLY: 01,08,15|3|1.1732
196mHIS: 04,15,16|3|1.0107
178mASN: 10,13,17|3|1.38
140mSER: 11,23,28|3|1.2961
208mALA: 13,19,24|3|2.4046
259mGLU: 00,17,26|3|2.552
208mSER: 13,19,24|3|3.2439
208mGLU: 13,19,24|3|3.6423
208mMET: 13,19,24|3|2.4996
182mHIS: 13,19,26|3|1.0448
259mLYS: 00,17,26|3|1.8486
208mASP: 13,19,24|3|1.4354
135mGLU: 21,24,28|3|1.8048
123mASP: 21,24,28|3|1.3139
208mTRP: 13,19,24|3|1.0065
123mALA: 21,24,28|3|1.8886
