193 194 242 
193 241 242 
193 196 242 
194 241 242 
194 196 242 
196 241 242 
144 146 177 
144 146 149 
144 146 175 
146 150 267 
146 150 177 
146 150 178 
146 149 150 
146 150 175 
146 265 267 
146 177 267 
146 178 267 
146 149 267 
146 175 267 
146 177 265 
146 178 265 
146 149 265 
146 177 178 
146 149 177 
146 175 177 
146 149 178 
146 175 178 
146 149 175 
162 164 165 
164 165 167 
164 165 249 
156 164 165 
163 164 165 
162 164 167 
156 162 164 
162 163 164 
156 164 167 
163 164 167 
156 164 249 
163 164 249 
156 163 164 
144 149 177 
144 175 177 
140 141 144 
144 149 175 
158 159 251 
159 162 251 
156 159 251 
159 163 251 
158 159 162 
156 158 159 
158 159 163 
156 159 162 
159 162 163 
156 159 163 
165 190 194 
162 165 167 
156 162 165 
162 163 165 
165 167 190 
156 165 167 
163 165 167 
156 165 249 
163 165 249 
156 163 165 
158 250 251 
249 250 251 
156 250 251 
163 250 251 
158 162 251 
158 249 251 
156 158 251 
158 163 251 
156 162 251 
162 163 251 
156 249 251 
163 249 251 
156 163 251 
131 193 194 
193 194 220 
193 194 241 
190 193 194 
130 193 194 
193 194 196 
131 193 241 
130 131 193 
131 193 196 
190 193 220 
130 193 220 
193 215 220 
193 216 220 
130 193 241 
193 196 241 
130 190 193 
190 193 215 
190 193 216 
130 193 196 
193 215 216 
229 259 261 
178 229 261 
158 249 250 
156 158 250 
158 163 250 
156 249 250 
163 249 250 
156 163 250 
150 177 267 
150 178 267 
149 150 267 
150 175 267 
150 171 173 
149 150 173 
150 173 175 
150 177 178 
149 150 177 
150 175 177 
150 171 175 
149 150 178 
150 175 178 
149 150 175 
131 194 241 
130 131 194 
131 194 196 
190 194 220 
130 194 220 
130 194 241 
194 196 241 
130 190 194 
130 194 196 
177 265 267 
178 265 267 
149 265 267 
177 178 267 
149 177 267 
175 177 267 
149 178 267 
175 178 267 
149 175 267 
156 158 162 
158 162 163 
156 158 249 
158 163 249 
156 158 163 
177 261 265 
178 261 265 
149 261 265 
258 259 261 
177 178 261 
149 177 261 
175 177 261 
149 178 261 
175 178 261 
149 175 261 
167 171 173 
171 173 175 
149 173 175 
177 178 265 
149 177 265 
149 178 265 
156 162 167 
162 163 167 
156 162 163 
149 177 178 
175 177 178 
149 175 177 
136 141 215 
136 141 216 
136 140 141 
136 215 216 
136 140 215 
136 140 216 
127 130 131 
127 131 196 
130 131 241 
131 196 241 
130 131 196 
141 215 220 
141 216 220 
140 141 220 
141 215 216 
140 141 215 
140 141 216 
171 190 220 
167 171 190 
149 175 178 
130 190 220 
190 215 220 
190 216 220 
215 216 220 
140 215 220 
140 216 220 
127 130 196 
156 163 167 
196 241 249 
156 163 249 
130 196 241 
190 215 216 
140 215 216 
