126 127 130 
124 126 127 
123 126 127 
126 127 208 
126 127 196 
126 130 196 
123 124 126 
124 126 208 
123 126 208 
237 250 251 
127 130 196 
127 130 135 
123 124 127 
124 127 208 
124 127 135 
123 127 208 
123 127 135 
178 180 262 
180 182 262 
178 180 182 
229 261 262 
229 259 262 
178 229 262 
182 229 262 
229 232 261 
229 232 259 
229 259 261 
178 229 261 
182 229 261 
178 182 229 
149 264 266 
262 264 266 
178 264 266 
149 262 264 
149 261 264 
149 178 264 
149 150 264 
261 262 264 
178 262 264 
178 261 264 
150 178 264 
149 262 266 
149 178 266 
178 262 266 
152 232 258 
152 258 259 
150 152 258 
152 153 258 
232 258 261 
232 258 259 
153 232 258 
258 259 261 
153 258 259 
150 153 258 
149 261 262 
149 178 262 
149 152 173 
149 150 152 
149 178 261 
149 150 178 
149 150 173 
123 135 136 
135 136 140 
259 261 262 
178 261 262 
182 261 262 
178 182 262 
130 193 219 
130 193 196 
122 123 124 
122 124 208 
122 124 135 
123 124 208 
123 124 135 
152 232 259 
152 153 232 
152 153 259 
152 171 173 
150 152 171 
152 153 171 
150 152 173 
152 153 173 
150 152 153 
232 259 261 
153 232 259 
178 182 261 
122 123 208 
122 123 135 
140 217 219 
150 171 173 
153 171 173 
150 153 171 
150 153 173 
