345mGLY: 04,06,08|3|2.0989
411mGLU: 04,06,14|3|1.453
347mGLY: 04,08,10|3|1.518
411mCYS: 04,06,14|3|2.065
411mALA: 04,06,14|3|2.2617
411mSER: 04,06,14|3|1.4894
339mALA: 06,08,12|3|2.2716
339mGLN: 06,08,12|3|1.8438
339mSER: 06,08,12|3|3.2424
370mASP: 04,10,11|3|1.0829
379mGLY: 08,10,12|3|1.0755
346mGLY: 04,08,10|3|1.3383
370mGLU: 04,10,11|3|1.1591
339mGLY: 06,08,12|3|3.0267
411mLYS: 04,06,14|3|1.2855
346mSER: 04,08,10|3|1.2273
345mGLU: 04,06,08|3|1.9744
408mALA: 04,06,08|3|2.742
346mGLU: 04,08,10|3|1.3042
370mGLY: 04,10,11|3|1.1873
370mASN: 04,10,11|3|1.0272
339mASN: 06,08,12|3|2.123
339mASP: 06,08,12|3|2.5757
339mHIS: 06,08,12|3|3.7256
339mLEU: 06,08,12|3|2.068
345mSER: 04,06,08|3|1.6079
345mASN: 04,06,08|3|2.2021
345mTHR: 04,06,08|3|2.3367
339mTHR: 06,08,12|3|3.1056
370mLYS: 04,10,11|3|1.0193
339mLYS: 06,08,12|3|1.9783
411mLEU: 04,06,14|3|1.1171
411mGLY: 04,06,14|3|1.5774
339mVAL: 06,08,12|3|1.275
339mGLU: 06,08,12|3|3.6908
339mMET: 06,08,12|3|2.7257
411mASP: 04,06,14|3|1.4083
398mASP: 10,12|2|1.1246
391mASP: 06,14|2|1.0024
419mASP: 10,12|2|1.4699
421mCYS: 10,12|2|3.5709
421mALA: 10,12|2|2.6293
421mILE: 10,12|2|1.3996
421mPRO: 10,12|2|2.006
348mCYS: 04,10|2|1.3315
419mSER: 10,12|2|1.2095
421mGLU: 10,12|2|2.3985
343mGLY: 04,08|2|1.3103
348mALA: 04,10|2|1.1253
424mALA: 10,12|2|1.0143
343mLYS: 04,08|2|1.5928
424mCYS: 10,12|2|1.7616
421mARG: 10,12|2|1.2574
400mASP: 10,12|2|1.3968
419mLYS: 10,12|2|1.1887
344mCYS: 04,08|2|1.3349
421mGLY: 10,12|2|2.9357
400mCYS: 10,12|2|1.0918
421mASN: 10,12|2|2.3719
419mALA: 10,12|2|1.2639
421mSER: 10,12|2|1.8443
343mCYS: 04,08|2|2.8575
421mLYS: 10,12|2|3.6342
343mALA: 04,08|2|2.8165
419mGLY: 10,12|2|1.7992
421mASP: 10,12|2|3.4946
377mALA: 08,12|2|1.1383
421mTHR: 10,12|2|2.6062
419mGLU: 10,12|2|1.1174
388mLYS: 14|1|1.1486
388mHIS: 14|1|1.0057
359mALA: 11|1|1.4388
365mCYS: 14|1|1.3033
358mGLY: 11|1|1.003
412mALA: 14|1|1.0882
358mALA: 11|1|1.7296
357mALA: 11|1|1.4356
388mLEU: 14|1|1.135
388mGLU: 14|1|1.1292
388mCYS: 14|1|1.84
388mGLY: 14|1|1.2918
388mSER: 14|1|1.2009
358mCYS: 11|1|1.0724
388mASP: 14|1|1.3154
401mALA: 12|1|1.5332
438mALA: 14|1|1.1805
412mLYS: 14|1|1.1154
412mCYS: 14|1|1.6521
358mLYS: 11|1|1.324
359mCYS: 11|1|1.7383
401mLYS: 12|1|1.1939
351mASP: 11|1|1.1271
388mALA: 14|1|1.8548
