411mASP: 02,09,12,15,21,25,26|7|3.6309
370mASP: 09,12,15,24,26,27|6|2.4499
347mCYS: 09,12,24,25,26,27|6|4.3647
370mGLU: 09,12,15,24,26,27|6|2.4883
370mCYS: 09,12,15,24,26,27|6|6.3769
370mLYS: 09,12,15,24,26,27|6|2.4955
370mALA: 09,12,15,24,26,27|6|3.6745
401mTHR: 04,07,18,21,29|5|3.4118
401mGLN: 04,07,18,21,29|5|1.6342
362mGLY: 02,05,09,15,24|5|3.448
387mGLU: 02,09,15,24,26|5|1.0878
364mLYS: 02,09,15,24,26|5|1.278
401mGLY: 04,07,18,21,29|5|4.4583
419mCYS: 03,04,07,18,29|5|6.3685
400mASN: 03,04,07,18,29|5|2.2829
362mALA: 02,05,09,15,24|5|4.1365
362mASN: 02,05,09,15,24|5|1.9602
419mALA: 03,04,07,18,29|5|1.9082
401mASP: 04,07,18,21,29|5|2.8548
369mGLY: 02,09,15,24,26|5|1.4229
401mASN: 04,07,18,21,29|5|3.5041
400mGLY: 03,04,07,18,29|5|3.3812
400mASP: 03,04,07,18,29|5|3.731
362mLYS: 02,05,09,15,24|5|3.6142
419mLYS: 03,04,07,18,29|5|2.2547
400mTHR: 03,04,07,18,29|5|2.8108
369mGLU: 02,09,15,24,26|5|2.4153
400mCYS: 03,04,07,18,29|5|5.3287
401mGLU: 04,07,18,21,29|5|4.5149
362mSER: 02,05,09,15,24|5|1.6257
401mCYS: 04,07,18,21,29|5|4.9907
400mGLU: 03,04,07,18,29|5|4.5106
401mALA: 04,07,18,21,29|5|3.4851
365mLYS: 02,09,15,24,26|5|1.7317
400mALA: 03,04,07,18,29|5|2.7198
401mLYS: 04,07,18,21,29|5|4.391
401mSER: 04,07,18,21,29|5|3.3767
362mTHR: 02,05,09,15,24|5|3.1094
387mGLY: 02,09,15,24,26|5|1.4835
401mILE: 04,07,18,21,29|5|2.397
362mASP: 02,05,09,15,24|5|4.214
419mGLU: 03,04,07,18,29|5|1.5112
361mHIS: 02,05,15,24|4|1.128
377mTHR: 04,07,18,29|4|1.356
456mASN: 03,11,15,24|4|1.133
403mALA: 04,07,18,29|4|5.5624
339mALA: 04,07,18,29|4|3.0187
403mLYS: 04,07,18,29|4|3.3166
403mGLN: 04,07,18,29|4|1.9779
410mGLY: 12,21,25,26|4|1.5901
403mHIS: 04,07,18,29|4|2.3718
403mCYS: 04,07,18,29|4|6.709
345mASP: 12,25,26,27|4|3.4289
343mLYS: 04,12,26,27|4|1.4242
361mALA: 02,05,15,24|4|2.8609
377mASP: 04,07,18,29|4|3.0125
372mGLU: 12,25,26,27|4|1.2554
345mGLU: 12,25,26,27|4|3.7002
361mCYS: 02,05,15,24|4|7.8415
403mGLU: 04,07,18,29|4|4.9135
377mGLU: 04,07,18,29|4|1.6854
376mGLU: 04,07,18,29|4|1.3592
343mGLU: 04,12,26,27|4|1.5202
403mASN: 04,07,18,29|4|2.1144
388mGLY: 02,09,15,24|4|1.7002
403mSER: 04,07,18,29|4|3.6109
339mASP: 04,07,18,29|4|4.1153
388mASP: 02,09,15,24|4|3.0886
351mCYS: 02,15,24,26|4|4.7765
403mTHR: 04,07,18,29|4|3.2077
345mTHR: 12,25,26,27|4|3.0586
339mTHR: 04,07,18,29|4|2.6366
377mGLY: 04,07,18,29|4|1.8109
410mTHR: 12,21,25,26|4|2.3037
403mVAL: 04,07,18,29|4|2.9361
376mASP: 04,07,18,29|4|1.7373
377mALA: 04,07,18,29|4|2.0688
361mGLY: 02,05,15,24|4|1.1076
339mCYS: 04,07,18,29|4|3.6522
403mGLY: 04,07,18,29|4|4.6291
339mGLU: 04,07,18,29|4|4.0632
403mASP: 04,07,18,29|4|5.5358
343mASP: 04,12,26,27|4|1.4819
410mASP: 12,21,25,26|4|2.4495
440mGLU: 02,05,09|3|2.6696
440mLYS: 02,05,09|3|2.0301
444mLYS: 05,09,11|3|2.8744
440mTHR: 02,05,09|3|2.3663
366mALA: 09,15,26|3|1.5282
366mILE: 09,15,26|3|1.0507
421mCYS: 03,07,18|3|1.5806
366mCYS: 09,15,26|3|2.3418
366mSER: 09,15,26|3|1.2988
366mLYS: 09,15,26|3|1.9992
366mGLU: 09,15,26|3|1.603
348mCYS: 12,24,27|3|4.0242
346mASP: 12,26,27|3|1.9934
366mPRO: 09,15,26|3|1.1866
440mSER: 02,05,09|3|1.2373
444mPRO: 05,09,11|3|1.6342
421mGLU: 03,07,18|3|3.0217
346mGLY: 12,26,27|3|1.0578
440mASN: 02,05,09|3|2.4285
445mGLU: 05,11,18|3|1.8301
444mGLN: 05,09,11|3|1.2643
444mGLU: 05,09,11|3|3.0472
348mGLU: 12,24,27|3|1.1528
366mASP: 09,15,26|3|1.9605
444mASN: 05,09,11|3|2.2745
444mSER: 05,09,11|3|1.3371
444mCYS: 05,09,11|3|3.7622
440mASP: 02,05,09|3|1.8219
407mCYS: 07,21,25|3|2.0794
366mGLY: 09,15,26|3|1.8364
421mGLY: 03,07,18|3|2.0061
346mGLU: 12,26,27|3|1.9262
440mGLY: 02,05,09|3|1.3748
346mCYS: 12,26,27|3|4.3183
444mTHR: 05,09,11|3|2.2183
346mTHR: 12,26,27|3|1.5194
421mSER: 03,07,18|3|1.4151
421mLYS: 03,07,18|3|3.2036
445mASP: 05,11,18|3|1.7558
346mLYS: 12,26,27|3|1.6733
412mLYS: 02,21,25|3|1.1228
444mGLY: 05,09,11|3|2.154
348mLYS: 12,24,27|3|1.4086
444mASP: 05,09,11|3|2.9427
421mASP: 03,07,18|3|2.4323
354mCYS: 02,05,11|3|3.5994
366mTHR: 09,15,26|3|1.3284
437mLYS: 02,09,21|3|1.1178
418mCYS: 04,07|2|1.9972
363mPRO: 05,09|2|1.1813
367mCYS: 09,26|2|1.335
356mGLY: 05,11|2|2.1711
375mCYS: 04,27|2|1.0597
423mCYS: 03,27|2|1.5759
435mILE: 02,09|2|1.3633
367mLYS: 09,26|2|1.4536
435mPRO: 02,09|2|1.2226
363mCYS: 05,09|2|2.1725
375mGLU: 04,27|2|1.0915
426mTHR: 03,18|2|1.4618
435mASN: 02,09|2|1.5082
418mGLU: 04,07|2|1.1577
418mASP: 04,07|2|1.4078
367mASP: 09,26|2|1.5952
435mCYS: 02,09|2|1.9602
367mGLU: 09,26|2|1.2255
426mCYS: 03,18|2|3.5492
363mLYS: 05,09|2|1.5876
356mASP: 05,11|2|3.1041
356mALA: 05,11|2|1.2074
426mALA: 03,18|2|1.4584
363mTHR: 05,09|2|1.231
426mPRO: 03,18|2|1.2878
426mLYS: 03,18|2|2.0981
418mLYS: 04,07|2|1.111
363mGLU: 05,09|2|1.1917
352mCYS: 02,15|2|2.354
426mGLU: 03,18|2|1.7647
367mTHR: 09,26|2|1.1859
406mASP: 25,26|2|1.2896
356mGLU: 05,11|2|3.6364
344mCYS: 12,27|2|3.1911
435mGLY: 02,09|2|1.4395
356mTHR: 05,11|2|3.1882
435mLYS: 02,09|2|2.6133
446mCYS: 05,11|2|1.536
356mCYS: 05,11|2|3.2497
435mTHR: 02,09|2|1.7316
367mGLY: 09,26|2|1.2158
406mCYS: 25,26|2|2.6334
356mPRO: 05,11|2|1.8416
356mSER: 05,11|2|1.1591
438mLYS: 02,09|2|1.4212
363mASN: 05,09|2|1.0196
426mASN: 03,18|2|1.1572
355mGLU: 05,11|2|1.255
435mASP: 02,09|2|1.0719
356mASN: 05,11|2|2.6254
426mASP: 03,18|2|1.4903
435mALA: 02,09|2|1.139
356mGLN: 05,11|2|1.2517
375mASP: 04,27|2|1.7289
396mGLU: 07,18|2|1.1282
363mASP: 05,09|2|1.1741
375mGLY: 04,27|2|1.1306
435mGLU: 02,09|2|1.6979
356mLYS: 05,11|2|2.9723
350mGLU: 24|1|1.1798
434mTHR: 21|1|1.0676
392mCYS: 21|1|1.9496
371mCYS: 24|1|2.7522
391mLYS: 09|1|1.0497
350mASP: 24|1|1.3258
434mLYS: 21|1|1.1564
391mCYS: 09|1|1.0467
414mCYS: 21|1|2.9628
431mCYS: 05|1|1.177
432mCYS: 07|1|1.0491
350mPRO: 24|1|1.0316
350mLYS: 24|1|1.4528
395mCYS: 21|1|1.5093
350mCYS: 24|1|3.551
389mCYS: 21|1|2.1731
434mASP: 21|1|1.0359
350mALA: 24|1|1.486
350mVAL: 24|1|1.197
434mASN: 21|1|1.1549
434mGLU: 21|1|1.2792
