346mGLY: 04,05,08,11,19,20,21,27,28|9|3.025
346mGLU: 04,05,08,11,19,20,21,27,28|9|3.1477
345mGLY: 04,07,08,19,20,26,27,28|8|7.6998
345mSER: 04,07,08,19,20,26,27,28|8|5.4978
339mALA: 02,04,09,13,16,19,20|7|5.3489
339mSER: 02,04,09,13,16,19,20|7|4.7741
339mHIS: 02,04,09,13,16,19,20|7|3.8466
339mGLY: 02,04,09,13,16,19,20|7|6.2215
339mASP: 02,04,09,13,16,19,20|7|5.6599
339mLYS: 02,04,09,13,16,19,20|7|5.8601
339mGLU: 02,04,09,13,16,19,20|7|7.1265
342mGLY: 04,07,08,27,28|5|3.1229
400mASN: 02,13,15,21,25|5|2.4057
342mTHR: 04,07,08,27,28|5|2.7426
400mGLY: 02,13,15,21,25|5|3.1277
405mGLY: 02,13,16,20,27|5|1.8882
342mGLU: 04,07,08,27,28|5|3.0637
400mGLU: 02,13,15,21,25|5|2.8924
405mGLU: 02,13,16,20,27|5|1.7812
405mTHR: 02,13,16,20,27|5|1.5077
405mASN: 02,13,16,20,27|5|1.5555
342mSER: 04,07,08,27,28|5|2.2297
401mTHR: 02,13,16,25|4|1.7778
419mASP: 13,15,21,25|4|2.6998
419mCYS: 13,15,21,25|4|3.3921
423mGLU: 05,08,11,21|4|1.1378
403mALA: 02,13,16,25|4|3.3846
401mGLY: 02,13,16,25|4|2.8485
403mLYS: 02,13,16,25|4|3.0839
401mASP: 02,13,16,25|4|3.9795
401mASN: 02,13,16,25|4|1.7211
403mCYS: 02,13,16,25|4|3.9589
403mGLU: 02,13,16,25|4|3.1641
419mLYS: 13,15,21,25|4|2.4527
419mSER: 13,15,21,25|4|2.2954
401mGLU: 02,13,16,25|4|2.4852
403mSER: 02,13,16,25|4|2.7183
419mALA: 13,15,21,25|4|3.1978
401mSER: 02,13,16,25|4|1.5912
401mALA: 02,13,16,25|4|2.141
419mGLY: 13,15,21,25|4|3.2429
401mCYS: 02,13,16,25|4|3.4487
455mGLY: 05,08,11,21|4|1.3498
401mLYS: 02,13,16,25|4|3.048
403mGLY: 02,13,16,25|4|3.8761
403mASP: 02,13,16,25|4|4.6557
419mGLU: 13,15,21,25|4|2.0342
441mHIS: 10,15,25|3|1.903
438mTHR: 10,12,18|3|2.4656
435mHIS: 03,10,12|3|1.0865
438mGLU: 10,12,18|3|2.1121
404mGLY: 02,13,16|3|1.7856
441mMET: 10,15,25|3|1.609
362mALA: 10,12,18|3|2.2324
438mASP: 10,12,18|3|1.6127
441mGLY: 10,15,25|3|1.4235
362mLYS: 10,12,18|3|3.2658
441mTHR: 10,15,25|3|1.0185
421mGLY: 15,21,25|3|1.1779
441mSER: 10,15,25|3|1.2825
362mSER: 10,12,18|3|2.1301
362mHIS: 10,12,18|3|1.2719
443mHIS: 10,15,25|3|1.5575
438mGLY: 10,12,18|3|1.1444
441mASN: 10,15,25|3|1.2275
440mGLU: 10,12|2|1.3064
440mLYS: 10,12|2|1.291
366mHIS: 12,18|2|1.0733
440mTHR: 10,12|2|1.724
366mASN: 12,18|2|1.1737
366mSER: 12,18|2|1.0863
366mLYS: 12,18|2|1.2214
440mASN: 10,12|2|1.4285
402mASP: 13,16|2|1.0606
366mGLY: 12,18|2|1.1192
402mALA: 13,16|2|1.4124
402mCYS: 13,16|2|1.815
440mGLY: 10,12|2|1.2052
391mHIS: 03,12|2|1.2845
391mMET: 03,12|2|1.0182
391mTHR: 03,12|2|1.0526
380mCYS: 08,21|2|1.7765
366mTHR: 12,18|2|1.2123
356mCYS: 10|1|1.4426
418mASP: 15|1|1.0111
