435 438 440 
434 435 440 
391 435 440 
392 435 440 
433 435 440 
434 438 440 
391 438 440 
433 438 440 
391 434 440 
392 434 440 
433 434 440 
391 392 440 
391 433 440 
392 433 440 
362 364 366 
361 362 364 
354 362 364 
351 362 364 
362 364 367 
362 363 364 
352 362 364 
362 364 446 
361 362 366 
351 362 366 
362 366 367 
362 363 366 
362 366 433 
352 362 366 
354 361 362 
361 362 444 
351 361 362 
361 362 367 
361 362 363 
361 362 445 
352 361 362 
361 362 446 
355 361 362 
354 362 444 
351 354 362 
354 362 363 
354 362 445 
352 354 362 
354 362 446 
354 355 362 
362 363 444 
362 444 445 
362 433 444 
352 362 444 
362 444 446 
355 362 444 
351 362 367 
351 362 363 
351 352 362 
351 362 446 
362 363 367 
352 362 367 
362 363 445 
362 363 433 
352 362 363 
362 363 446 
355 362 363 
362 433 445 
352 362 445 
362 445 446 
355 362 445 
352 362 446 
352 355 362 
355 362 446 
388 410 412 
388 410 414 
388 389 410 
410 412 414 
389 410 412 
389 410 414 
400 401 419 
401 402 419 
401 418 419 
396 401 419 
400 401 402 
400 401 418 
395 400 401 
396 400 401 
401 402 418 
395 401 402 
396 401 402 
395 401 418 
396 401 418 
395 396 401 
351 364 370 
364 367 370 
352 364 370 
364 366 369 
351 364 369 
364 367 369 
352 364 369 
361 364 366 
351 364 366 
364 366 367 
363 364 366 
352 364 366 
354 361 364 
351 361 364 
361 364 367 
361 363 364 
352 361 364 
361 364 446 
351 354 364 
354 363 364 
352 354 364 
354 364 446 
351 364 367 
351 363 364 
351 352 364 
351 364 446 
363 364 367 
352 364 367 
352 363 364 
363 364 446 
352 364 446 
345 347 370 
347 370 372 
347 351 370 
347 348 370 
346 347 370 
345 370 372 
345 348 370 
345 346 370 
351 370 372 
367 370 372 
348 370 372 
346 370 372 
351 367 370 
348 351 370 
351 352 370 
352 367 370 
346 348 370 
347 369 372 
347 351 369 
347 348 369 
346 347 369 
345 347 372 
345 347 348 
345 346 347 
344 345 347 
347 351 372 
347 348 372 
346 347 372 
344 347 372 
347 348 351 
346 347 348 
344 346 347 
388 434 435 
388 391 435 
388 392 435 
388 433 435 
388 389 435 
434 435 438 
391 435 438 
433 435 438 
391 434 435 
392 434 435 
433 434 435 
389 434 435 
391 392 435 
391 433 435 
389 391 435 
392 433 435 
389 392 435 
389 433 435 
351 366 369 
366 367 369 
352 366 369 
351 369 372 
367 369 372 
348 369 372 
346 369 372 
351 367 369 
348 351 369 
351 352 369 
352 367 369 
346 348 369 
366 388 412 
388 391 412 
388 392 412 
388 412 414 
388 389 412 
366 388 391 
366 388 392 
366 367 388 
366 388 414 
363 366 388 
366 388 433 
366 388 389 
388 391 434 
388 392 434 
388 433 434 
388 389 434 
388 391 392 
388 391 414 
363 388 391 
388 391 433 
388 389 391 
367 388 392 
388 392 414 
363 388 392 
388 392 433 
388 389 392 
367 388 414 
363 367 388 
367 388 389 
388 389 414 
363 388 433 
363 388 389 
388 389 433 
366 391 412 
366 392 412 
366 412 414 
366 389 412 
391 392 412 
391 412 414 
389 391 412 
392 412 414 
389 392 412 
389 412 414 
351 361 366 
361 366 367 
361 363 366 
352 361 366 
366 391 392 
366 391 414 
363 366 391 
366 391 433 
366 389 391 
351 366 367 
351 363 366 
351 352 366 
366 367 392 
366 392 414 
363 366 392 
366 392 433 
366 389 392 
366 367 414 
363 366 367 
366 367 389 
352 366 367 
366 389 414 
363 366 433 
363 366 389 
352 363 366 
366 389 433 
391 434 438 
433 434 438 
391 433 438 
400 402 419 
400 418 419 
396 400 419 
372 418 419 
372 375 419 
376 418 419 
375 376 419 
418 419 421 
402 418 419 
396 402 419 
375 418 419 
396 418 419 
400 402 418 
395 400 402 
396 400 402 
395 400 418 
396 400 418 
395 396 400 
354 361 444 
351 354 361 
354 361 363 
354 361 445 
354 356 361 
352 354 361 
354 361 446 
354 355 361 
361 363 444 
361 444 445 
356 361 444 
352 361 444 
361 444 446 
355 361 444 
351 361 367 
351 361 363 
351 352 361 
351 361 446 
361 363 367 
352 361 367 
361 363 445 
352 361 363 
361 363 446 
355 361 363 
356 361 445 
352 361 445 
361 445 446 
355 361 445 
352 356 361 
356 361 446 
355 356 361 
352 361 446 
352 355 361 
355 361 446 
354 363 444 
354 444 445 
354 356 444 
352 354 444 
354 444 446 
354 355 444 
351 354 363 
351 354 426 
351 352 354 
351 354 446 
354 363 445 
352 354 363 
354 363 446 
354 355 363 
354 356 445 
352 354 445 
354 445 446 
354 355 445 
352 354 356 
354 356 446 
354 355 356 
352 354 426 
354 426 446 
354 355 426 
352 354 446 
352 354 355 
354 355 446 
392 434 444 
433 434 444 
363 392 444 
392 433 444 
392 395 444 
392 396 444 
363 444 445 
363 433 444 
363 395 444 
352 363 444 
363 444 446 
355 363 444 
433 444 445 
356 444 445 
395 444 445 
352 444 445 
444 445 446 
355 444 445 
396 444 445 
395 433 444 
396 433 444 
352 356 444 
356 444 446 
355 356 444 
395 444 446 
395 396 444 
352 444 446 
352 355 444 
355 444 446 
396 444 446 
343 376 377 
343 375 377 
343 344 377 
375 376 377 
344 376 377 
344 375 377 
391 392 434 
391 433 434 
389 391 434 
392 433 434 
389 392 434 
389 433 434 
391 392 414 
363 391 392 
391 392 433 
389 391 392 
391 392 395 
389 391 414 
391 395 414 
363 391 433 
363 389 391 
363 391 395 
389 391 433 
391 395 433 
389 391 395 
343 345 372 
343 345 376 
343 345 346 
343 345 375 
343 344 345 
345 348 372 
345 346 372 
345 372 375 
344 345 372 
345 375 376 
344 345 376 
345 346 348 
345 346 375 
344 345 346 
344 345 375 
343 346 372 
343 372 375 
343 344 372 
343 375 376 
343 344 376 
343 346 375 
343 344 346 
343 344 375 
351 367 372 
348 351 372 
346 348 372 
346 372 375 
344 346 372 
372 375 418 
344 372 375 
375 376 418 
344 375 376 
351 363 367 
351 352 367 
351 352 363 
351 363 446 
351 352 426 
351 426 446 
351 352 446 
367 392 414 
363 367 392 
367 389 392 
389 392 414 
392 395 414 
363 392 433 
363 389 392 
363 392 395 
389 392 433 
392 395 433 
392 396 433 
389 392 395 
392 395 396 
367 389 414 
363 367 389 
352 363 367 
395 402 414 
389 395 414 
363 433 445 
363 395 445 
352 363 445 
363 445 446 
355 363 445 
363 389 433 
363 395 433 
363 389 395 
363 395 446 
352 363 446 
352 355 363 
355 363 446 
421 423 426 
344 346 375 
395 433 445 
396 433 445 
352 356 445 
356 445 446 
355 356 445 
395 445 446 
395 396 445 
352 445 446 
352 355 445 
355 445 446 
396 445 446 
389 395 433 
395 396 433 
395 402 418 
396 402 418 
395 396 402 
395 396 418 
352 356 446 
352 355 356 
355 356 446 
352 426 446 
352 355 426 
355 426 446 
395 396 446 
352 355 446 
