146 150 267 
147 150 267 
149 150 267 
146 147 267 
146 149 267 
147 149 267 
146 147 150 
146 149 150 
150 171 173 
149 150 173 
147 149 150 
146 147 149 
143 146 147 
144 146 147 
144 146 149 
143 144 146 
123 134 136 
134 136 140 
123 127 134 
134 193 219 
134 140 219 
171 219 220 
171 220 222 
171 219 222 
258 259 261 
136 140 141 
126 127 196 
123 126 127 
126 127 208 
123 127 208 
196 244 245 
217 219 220 
140 217 220 
140 217 219 
144 147 149 
143 144 147 
141 143 144 
143 144 222 
140 143 144 
141 143 222 
140 141 143 
140 143 222 
141 144 222 
140 141 144 
140 144 222 
123 126 208 
193 219 220 
219 220 222 
140 219 220 
141 220 222 
140 141 220 
140 220 222 
140 219 222 
140 141 222 
120 123 208 
