389 390 408 
345 346 370 
346 347 370 
346 370 372 
345 346 347 
345 346 372 
345 346 380 
346 347 372 
346 372 380 
345 347 370 
345 370 372 
347 370 450 
347 351 370 
347 370 372 
351 370 450 
370 372 450 
351 370 372 
351 364 370 
450 453 454 
351 450 453 
426 450 453 
351 453 454 
426 453 454 
351 426 453 
345 347 372 
345 372 380 
347 351 450 
347 372 450 
347 351 372 
351 450 454 
426 450 454 
351 372 450 
351 426 450 
426 428 450 
351 426 454 
351 364 366 
390 391 436 
389 390 436 
366 390 391 
366 389 390 
389 390 391 
391 436 440 
389 391 436 
366 389 391 
