M = 165 190 194 
274 301 303 | 131 193 194 | 123 124 126 | 283 284 286 | 241 242 248 | 193 194 242 | 194 196 242 | 194 242 245 | 165 239 249 | 345 346 370 | 146 178 179 | 242 245 248 | 282 291 297 | 130 134 219 | 242 244 245 | 299 303 309 | 194 242 245 | 165 248 249 | 194 242 244 | 178 180 181 | 146 178 265 | 164 165 167 | 164 165 249 | 164 165 249 | 194 196 242 | 196 237 248 | 123 134 136 | 299 303 305 | 196 242 248 | 388 410 411 | 162 164 165 | 193 239 242 | 177 178 180 | 193 194 242 | 243 244 245 | 157 158 237 | 158 163 250 | 163 164 249 | 120 123 208 | 193 196 242 | 196 242 245 | 242 245 248 | 242 243 244 | 242 243 244 | 128 131 194 | 146 147 266 | 146 147 178 | 164 165 168 | 193 194 242 | 165 248 249 | 193 194 242 | 193 196 242 | 242 244 245 | 164 165 249 | 241 245 248 | 163 164 165 | 242 243 244 | 241 242 244 | 164 165 167 | 196 242 244 | 146 265 270 | 242 245 248 | 193 241 242 | 194 242 244 | 

FREQUENCIES
242: 27
194: 14
165: 13
245: 10
244: 10
193: 9
164: 9
248: 9
196: 8
249: 7
178: 5
146: 5
243: 4
241: 4
303: 3
123: 3
163: 3
265: 2
147: 2
134: 2
190: 2
131: 2
239: 2
237: 2
180: 2
158: 2
167: 2
299: 2
157: 1
219: 1
270: 1
388: 1
130: 1
274: 1
179: 1
177: 1
250: 1
345: 1
346: 1
181: 1
297: 1
128: 1
283: 1
282: 1
284: 1
286: 1
309: 1
370: 1
301: 1
136: 1
305: 1
266: 1
126: 1
168: 1
162: 1
120: 1
208: 1
410: 1
411: 1
124: 1
291: 1
