D102m2.txt,17, | 274 301 303 | ,Score: 21.4377

D106m3.txt,9, | 131 193 194 | ,Score: 6.1894

D107m0.txt,13, | 123 124 126 | ,Score: 21.0616

D110m2.txt,9, | 283 284 286 | ,Score: 9.387

D202m2.txt,12, | 241 242 248 | ,Score: 14.7114

D203m5.txt,12, | 193 194 242 | ,Score: 7.5268

D204m0.txt,21, | 194 196 242 | ,Score: 22.4716

D206mR.txt,11, | 194 242 245 | ,Score: 17.4784

D210m8.txt,14, | 165 239 249 | ,Score: 11.1708

D214m3.txt,9, | 345 346 370 | ,Score: 9.1118

D215m7.txt,14, | 146 178 179 | ,Score: 18.265

D216m1.txt,9, | 242 245 248 | ,Score: 9.4158

D217m3.txt,14, | 282 291 297 | ,Score: 6.6159

D218m7.txt,13, | 130 134 219 | ,Score: 17.6775

D221m4.txt,16, | 242 244 245 | ,Score: 13.4372

D222m6.txt,14, | 299 303 309 | ,Score: 11.2595

D228m5.txt,12, | 194 242 245 | ,Score: 8.6612

D229m1.txt,13, | 165 248 249 | ,Score: 22.8945

D231m7.txt,12, | 194 242 244 | ,Score: 18.7687

D239m5.txt,11, | 178 180 181 | ,Score: 31.0108

D301m9.txt,9, | 146 178 265 | ,Score: 12.9731

D302m1.txt,11, | 164 165 167 | ,Score: 19.655

D304m4.txt,11, | 164 165 249 | ,Score: 16.8581

D305m1.txt,8, | 164 165 249 | ,Score: 17.0724

D306m2.txt,15, | 194 196 242 | ,Score: 14.3086

D307m2.txt,14, | 165 190 194 | ,Score: 10.4001

D308m5.txt,18, | 196 237 248 | ,Score: 16.4349

D310m9.txt,11, | 123 134 136 | ,Score: 15.202

D311m8.txt,16, | 299 303 305 | ,Score: 15.8222

D312m9.txt,18, | 196 242 248 | ,Score: 12.1294

D313m5.txt,8, | 388 410 411 | ,Score: 9.5255

D314m8.txt,12, | 162 164 165 | ,Score: 15.6836

D315m6.txt,13, | 193 239 242 | ,Score: 12.4163

D317m4.txt,10, | 177 178 180 | ,Score: 12.6531

D318m3.txt,13, | 193 194 242 | ,Score: 19.7816

D319m6.txt,11, | 243 244 245 | ,Score: 14.922

D320m3.txt,16, | 157 158 237 | ,Score: 15.7042

D321m1.txt,18, | 158 163 250 | ,Score: 17.3945

D322m0.txt,15, | 163 164 249 | ,Score: 13.9237

D323m1.txt,10, | 120 123 208 | ,Score: 11.1716

D324m6.txt,10, | 193 196 242 | ,Score: 9.2999

D325m0.txt,13, | 196 242 245 | ,Score: 13.9879

D326m0.txt,11, | 242 245 248 | ,Score: 7.4817

D327m7.txt,13, | 242 243 244 | ,Score: 18.7475

D328m3.txt,10, | 165 190 194 | ,Score: 18.1761

D330m1.txt,15, | 242 243 244 | ,Score: 21.1321

D331m0.txt,11, | 128 131 194 | ,Score: 6.0453

D332m4.txt,9, | 146 147 266 | ,Score: 14.1365

D333m4.txt,10, | 146 147 178 | ,Score: 20.2814

D403m6.txt,12, | 164 165 168 | ,Score: 17.8427

D407m5.txt,15, | 193 194 242 | ,Score: 17.4437

D408m8.txt,14, | 165 248 249 | ,Score: 12.812

D409m5.txt,13, | 193 194 242 | ,Score: 25.5996

D410mR.txt,14, | 193 196 242 | ,Score: 16.902

D413m2.txt,14, | 242 244 245 | ,Score: 20.4252

D414m2.txt,14, | 164 165 249 | ,Score: 25.5674

D421m7.txt,18, | 241 245 248 | ,Score: 19.8502

D428m7.txt,15, | 163 164 165 | ,Score: 15.543

D430mR.txt,12, | 242 243 244 | ,Score: 23.8127

D431m9.txt,11, | 241 242 244 | ,Score: 16.0032

D438m9.txt,19, | 164 165 167 | ,Score: 37.1424

D450m5.txt,13, | 196 242 244 | ,Score: 12.4532

D453m0.txt,10, | 146 265 270 | ,Score: 11.0065

D459m2.txt,12, | 242 245 248 | ,Score: 11.0359

D462m1.txt,12, | 193 241 242 | ,Score: 10.1632

D464m0.txt,12, | 194 242 244 | ,Score: 11.2898

