M = 146 178 267 
274 301 303 | 146 150 269 | 122 123 124 | 165 248 249 | 324 326 331 | 140 217 219 | 164 165 249 | 320 325 327 | 145 147 268 | 164 165 167 | 146 178 179 | 164 165 249 | 288 293 313 | 147 262 263 | 131 193 197 | 299 303 309 | 130 194 219 | 165 248 249 | 178 181 261 | 178 180 181 | 146 178 265 | 146 265 269 | 147 178 180 | 146 266 268 | 146 147 268 | 126 206 208 | 123 134 136 | 299 303 305 | 165 190 194 | 388 410 411 | 283 284 290 | 232 259 261 | 177 178 180 | 336 408 409 | 146 147 268 | 196 241 245 | 158 250 251 | 268 273 274 | 193 194 219 | 130 194 196 | 146 265 268 | 146 178 265 | 146 178 264 | 336 408 409 | 205 206 235 | 193 194 197 | 146 147 266 | 146 147 178 | 341 344 377 | 146 265 266 | 178 181 261 | 146 264 265 | 197 241 249 | 164 165 249 | 146 267 268 | 127 130 197 | 177 180 262 | 178 181 261 | 146 149 267 | 119 120 122 | 123 124 127 | 146 265 270 | 130 190 194 | 336 339 403 | 119 122 123 | 

FREQUENCIES
146: 18
178: 12
147: 7
265: 7
165: 7
268: 7
194: 6
249: 6
197: 4
130: 4
180: 4
181: 4
123: 4
164: 4
261: 4
193: 3
219: 3
336: 3
303: 3
122: 3
266: 3
267: 3
190: 2
274: 2
119: 2
196: 2
409: 2
408: 2
206: 2
262: 2
124: 2
264: 2
269: 2
248: 2
127: 2
177: 2
241: 2
299: 2
150: 1
235: 1
339: 1
126: 1
217: 1
313: 1
134: 1
331: 1
270: 1
388: 1
131: 1
136: 1
179: 1
309: 1
205: 1
250: 1
251: 1
232: 1
167: 1
158: 1
344: 1
288: 1
320: 1
326: 1
327: 1
324: 1
325: 1
403: 1
283: 1
284: 1
145: 1
273: 1
140: 1
120: 1
301: 1
341: 1
305: 1
149: 1
263: 1
245: 1
377: 1
208: 1
259: 1
410: 1
411: 1
293: 1
290: 1
