M = 150 177 178 
274 301 303 | 122 123 124 | 165 248 249 | 324 326 331 | 140 217 219 | 164 165 249 | 320 325 327 | 145 265 268 | 164 165 167 | 145 178 179 | 164 165 249 | 288 293 313 | 259 261 262 | 131 193 197 | 299 303 309 | 130 194 219 | 165 248 249 | 178 181 261 | 178 180 181 | 178 261 265 | 178 261 265 | 178 262 267 | 364 366 385 | 145 178 267 | 145 267 268 | 126 206 208 | 123 134 136 | 299 303 305 | 165 190 194 | 388 410 411 | 283 284 290 | 232 259 261 | 177 178 180 | 336 408 409 | 283 286 290 | 196 241 245 | 158 250 251 | 268 273 274 | 193 194 219 | 130 194 196 | 297 302 311 | 178 265 267 | 178 261 264 | 336 408 409 | 205 206 235 | 193 194 197 | 178 180 262 | 178 262 267 | 341 344 377 | 178 261 265 | 178 181 261 | 261 264 265 | 197 241 249 | 164 165 249 | 264 267 268 | 127 130 197 | 177 180 262 | 178 181 261 | 177 262 267 | 119 120 122 | 123 124 127 | 265 270 271 | 130 190 194 | 336 339 403 | 119 122 123 | 

FREQUENCIES
178: 16
261: 10
265: 7
165: 7
267: 7
262: 6
194: 6
249: 6
130: 4
123: 4
268: 4
197: 4
177: 4
180: 4
181: 4
164: 4
145: 4
219: 3
122: 3
264: 3
193: 3
303: 3
336: 3
127: 2
283: 2
409: 2
408: 2
124: 2
299: 2
196: 2
190: 2
274: 2
119: 2
241: 2
248: 2
290: 2
259: 2
206: 2
217: 1
131: 1
136: 1
134: 1
344: 1
288: 1
403: 1
341: 1
284: 1
120: 1
126: 1
410: 1
411: 1
297: 1
293: 1
377: 1
313: 1
270: 1
271: 1
273: 1
366: 1
364: 1
309: 1
301: 1
302: 1
305: 1
245: 1
385: 1
388: 1
339: 1
331: 1
179: 1
250: 1
251: 1
311: 1
167: 1
286: 1
150: 1
158: 1
235: 1
232: 1
320: 1
326: 1
327: 1
324: 1
325: 1
205: 1
140: 1
208: 1
