D102m2.txt,16, | 274 301 303 | ,Score: 20.9179

D106m3.txt,7, | 329 331 336 | ,Score: 9.2969

D107m0.txt,12, | 122 123 124 | ,Score: 15.7171

D110m2.txt,8, | 165 248 249 | ,Score: 8.1903

D202m2.txt,8, | 324 326 331 | ,Score: 9.3354

D203m5.txt,8, | 140 217 219 | ,Score: 4.8998

D204m0.txt,9, | 164 165 249 | ,Score: 11.702

D206mR.txt,7, | 320 325 327 | ,Score: 9.3868

D210m8.txt,7, | 145 265 268 | ,Score: 5.2432

D214m3.txt,7, | 164 165 167 | ,Score: 12.7259

D215m7.txt,12, | 177 179 182 | ,Score: 8.9547

D216m1.txt,5, | 164 165 249 | ,Score: 11.273

D217m3.txt,12, | 288 293 313 | ,Score: 6.3081

D218m7.txt,10, | 259 261 262 | ,Score: 11.1807

D221m4.txt,8, | 131 193 197 | ,Score: 6.3461

D222m6.txt,14, | 299 303 309 | ,Score: 11.2595

D228m5.txt,10, | 130 194 219 | ,Score: 5.6148

D229m1.txt,10, | 165 248 249 | ,Score: 19.2037

D231m7.txt,8, | 179 261 262 | ,Score: 11.0177

D239m5.txt,11, | 179 261 265 | ,Score: 8.5522

D301m9.txt,6, | 120 124 208 | ,Score: 4.7586

D302m1.txt,7, | 261 262 265 | ,Score: 10.228

D304m4.txt,9, | 267 272 274 | ,Score: 6.453

D305m1.txt,8, | 364 366 385 | ,Score: 3.8044

D306m2.txt,11, | 264 267 268 | ,Score: 7.7218

D307m2.txt,9, | 145 267 268 | ,Score: 6.6561

D308m5.txt,9, | 126 206 208 | ,Score: 17.5493

D310m9.txt,10, | 123 134 136 | ,Score: 14.8528

D311m8.txt,16, | 299 303 305 | ,Score: 15.8222

D312m9.txt,13, | 165 190 194 | ,Score: 14.0009

D313m5.txt,8, | 388 410 411 | ,Score: 9.5255

D314m8.txt,10, | 283 284 290 | ,Score: 8.7763

D315m6.txt,7, | 232 259 261 | ,Score: 9.5463

D317m4.txt,10, | 177 182 261 | ,Score: 10.5556

D318m3.txt,6, | 336 408 409 | ,Score: 4.3743

D319m6.txt,8, | 283 286 290 | ,Score: 5.0378

D320m3.txt,12, | 196 241 245 | ,Score: 5.968

D321m1.txt,12, | 158 250 251 | ,Score: 19.9268

D322m0.txt,9, | 268 273 274 | ,Score: 10.8243

D323m1.txt,5, | 193 194 219 | ,Score: 6.5553

D324m6.txt,7, | 130 194 196 | ,Score: 7.8507

D325m0.txt,7, | 297 302 311 | ,Score: 10.0569

D326m0.txt,10, | 264 265 268 | ,Score: 7.8628

D327m7.txt,5, | 341 342 379 | ,Score: 5.7297

D328m3.txt,7, | 336 408 409 | ,Score: 7.7607

D330m1.txt,9, | 205 206 235 | ,Score: 10.4716

D331m0.txt,7, | 193 194 197 | ,Score: 4.0959

D332m4.txt,8, | 177 182 262 | ,Score: 4.3858

D333m4.txt,8, | 262 263 267 | ,Score: 5.5365

D403m6.txt,5, | 341 344 377 | ,Score: 8.034

D407m5.txt,5, | 336 339 403 | ,Score: 9.6006

D408m8.txt,10, | 261 262 265 | ,Score: 8.6911

D409m5.txt,8, | 261 264 265 | ,Score: 11.834

D410mR.txt,12, | 197 241 249 | ,Score: 9.4521

D413m2.txt,10, | 164 165 249 | ,Score: 28.7923

D414m2.txt,10, | 264 267 268 | ,Score: 7.5401

D421m7.txt,11, | 127 130 197 | ,Score: 13.1954

D428m7.txt,7, | 177 262 263 | ,Score: 13.2805

D430mR.txt,7, | 264 265 268 | ,Score: 9.7301

D431m9.txt,11, | 177 262 267 | ,Score: 6.3906

D438m9.txt,7, | 119 120 122 | ,Score: 10.0025

D450m5.txt,12, | 123 124 127 | ,Score: 12.7657

D453m0.txt,10, | 265 270 271 | ,Score: 8.1672

D459m2.txt,9, | 130 190 194 | ,Score: 6.2151

D462m1.txt,7, | 336 339 403 | ,Score: 11.957

D464m0.txt,9, | 119 122 123 | ,Score: 11.833

