265mALA: 02,03,12,15,17,19,29|7|3.1722
265mGLU: 02,03,12,15,17,19,29|7|5.1301
265mSER: 02,03,12,15,17,19,29|7|3.9915
265mGLY: 02,03,12,15,17,19,29|7|3.2157
180mLYS: 02,03,11,15,17,29|6|2.7698
428mGLU: 01,13,16,21,22,25|6|2.0429
180mGLY: 02,03,11,15,17,29|6|1.3869
266mGLU: 02,03,12,15,17,19|6|3.3345
400mTHR: 01,13,16,21,22,25|6|1.9318
428mSER: 01,13,16,21,22,25|6|1.8425
400mGLU: 01,13,16,21,22,25|6|2.413
266mTHR: 02,03,12,15,17,19|6|3.0235
180mTHR: 02,03,11,15,17,29|6|4.6112
399mGLU: 01,13,16,21,22,25|6|2.4814
266mALA: 02,03,12,15,17,19|6|3.4742
428mLYS: 01,13,16,21,22,25|6|1.4859
399mASN: 01,13,16,21,22,25|6|2.5636
266mLEU: 02,03,12,15,17,19|6|2.4314
266mGLY: 02,03,12,15,17,19|6|2.2894
428mGLY: 01,13,16,21,22,25|6|1.4595
180mASN: 02,03,11,15,17,29|6|4.2462
421mTHR: 01,13,16,21,22,25|6|1.7083
180mGLU: 02,03,11,15,17,29|6|3.2405
335mTHR: 01,07,09,21,22|5|1.6155
335mASN: 01,07,09,21,22|5|1.5769
178mSER: 02,03,15,17,29|5|1.8953
178mLYS: 02,03,15,17,29|5|1.3369
268mGLU: 02,03,12,17,19|5|4.0292
268mALA: 02,03,12,17,19|5|2.1981
267mTHR: 03,12,15,17,19|5|1.698
313mGLU: 01,13,16,21,22|5|1.6943
146mGLY: 02,03,12,15,17|5|4.3906
267mGLU: 03,12,15,17,19|5|1.7688
261mTRP: 02,03,17,19,29|5|1.2593
146mLYS: 02,03,12,15,17|5|3.2516
320mTHR: 01,13,16,21,22|5|2.84
146mASN: 02,03,12,15,17|5|3.5964
146mTHR: 02,03,12,15,17|5|4.3597
313mCYS: 01,13,16,21,22|5|3.2939
261mALA: 02,03,17,19,29|5|4.7519
178mGLU: 02,03,15,17,29|5|1.9095
261mGLY: 02,03,17,19,29|5|4.069
379mTHR: 01,13,21,22,25|5|2.797
261mCYS: 02,03,17,19,29|5|2.7317
379mLEU: 01,13,21,22,25|5|2.6794
261mASP: 02,03,17,19,29|5|3.5419
178mTHR: 02,03,15,17,29|5|1.647
146mASP: 02,03,12,15,17|5|2.6606
261mPRO: 02,03,17,19,29|5|1.1379
267mALA: 03,12,15,17,19|5|1.2407
146mILE: 02,03,12,15,17|5|1.6699
261mVAL: 02,03,17,19,29|5|3.5183
146mGLU: 02,03,12,15,17|5|6.2712
146mSER: 02,03,12,15,17|5|3.8428
261mGLU: 02,03,17,19,29|5|5.0792
178mASN: 02,03,15,17,29|5|1.6859
261mGLN: 02,03,17,19,29|5|2.0548
178mALA: 02,03,15,17,29|5|1.2401
146mLEU: 02,03,12,15,17|5|1.9224
261mSER: 02,03,17,19,29|5|4.7401
146mALA: 02,03,12,15,17|5|3.1094
261mTHR: 02,03,17,19,29|5|4.1537
268mTHR: 02,03,12,17,19|5|2.6027
146mVAL: 02,03,12,15,17|5|2.3791
261mASN: 02,03,17,19,29|5|3.9751
261mILE: 02,03,17,19,29|5|3.2711
147mGLU: 02,03,12,15,17|5|1.326
379mALA: 01,13,21,22,25|5|2.1294
261mLYS: 02,03,17,19,29|5|4.1456
379mGLU: 01,13,21,22,25|5|3.3581
401mGLN: 01,13,16,22|4|1.9641
403mPHE: 01,07,21,22|4|1.3133
401mTHR: 01,13,16,22|4|3.0293
419mASP: 01,21,22,25|4|1.1678
264mSER: 02,16,17,19|4|1.2615
182mGLU: 03,11,15,29|4|1.5755
403mLEU: 01,07,21,22|4|2.0002
283mGLY: 01,13,16,21|4|2.3971
396mLYS: 01,13,16,22|4|1.5951
264mTHR: 02,16,17,19|4|1.6247
403mALA: 01,07,21,22|4|1.8738
401mGLY: 01,13,16,22|4|2.3822
403mLYS: 01,07,21,22|4|1.1306
403mGLN: 01,07,21,22|4|1.5236
419mALA: 01,21,22,25|4|1.719
401mASP: 01,13,16,22|4|1.5319
426mTHR: 01,13,16,25|4|2.0409
401mASN: 01,13,16,22|4|2.8391
403mHIS: 01,07,21,22|4|1.8045
419mVAL: 01,21,22,25|4|1.5389
423mASN: 13,16,21,25|4|1.415
264mGLU: 02,16,17,19|4|1.4087
426mALA: 01,13,16,25|4|1.4567
419mTHR: 01,21,22,25|4|2.3877
426mSER: 01,13,16,25|4|1.8088
426mLYS: 01,13,16,25|4|1.8522
403mGLU: 01,07,21,22|4|2.8051
377mGLU: 01,07,21,22|4|1.6322
401mTRP: 01,13,16,22|4|1.7281
403mASN: 01,07,21,22|4|1.8204
401mGLU: 01,13,16,22|4|3.1463
423mTHR: 13,16,21,25|4|1.2365
403mSER: 01,07,21,22|4|2.0882
403mILE: 01,07,21,22|4|1.4275
401mSER: 01,13,16,22|4|2.2671
396mVAL: 01,13,16,22|4|1.0498
401mALA: 01,13,16,22|4|1.5861
419mGLN: 01,21,22,25|4|1.1458
396mALA: 01,13,16,22|4|1.2105
419mPHE: 01,21,22,25|4|1.1065
419mGLY: 01,21,22,25|4|1.7938
264mASN: 02,16,17,19|4|1.4471
419mILE: 01,21,22,25|4|1.1449
403mTHR: 01,07,21,22|4|2.4412
283mCYS: 01,13,16,21|4|4.9034
419mMET: 01,21,22,25|4|1.5611
396mTHR: 01,13,16,22|4|1.8307
426mASN: 01,13,16,25|4|1.7387
403mVAL: 01,07,21,22|4|1.7455
396mASN: 01,13,16,22|4|1.7246
269mGLU: 02,12,16,19|4|1.0247
401mVAL: 01,13,16,22|4|1.497
403mMET: 01,07,21,22|4|1.9277
396mSER: 01,13,16,22|4|1.5415
403mGLY: 01,07,21,22|4|2.1462
401mHIS: 01,13,16,22|4|1.9432
396mGLU: 01,13,16,22|4|1.9164
283mALA: 01,13,16,21|4|2.2946
401mILE: 01,13,16,22|4|1.6862
419mLEU: 01,21,22,25|4|1.9802
403mASP: 01,07,21,22|4|1.3782
419mGLU: 01,21,22,25|4|2.9303
137mASN: 11,12,27|3|1.2984
279mASP: 01,13,16|3|1.6906
137mGLU: 11,12,27|3|2.192
336mASN: 07,09,21|3|2.7148
336mSER: 07,09,21|3|2.3383
336mGLU: 07,09,21|3|3.4275
279mGLY: 01,13,16|3|1.4231
336mTHR: 07,09,21|3|2.9952
336mGLY: 07,09,21|3|2.4659
137mTHR: 11,12,27|3|1.4246
279mCYS: 01,13,16|3|1.2548
279mLYS: 01,13,16|3|1.4637
