127mGLU: 02,04,06,07,08,09,10,11,16,17,18,22,26|13|6.47
206mALA: 01,02,06,07,08,14,16,17,18,26|10|5.1373
248mALA: 01,04,06,08,11,14,16,17,22,26|10|5.0469
206mGLY: 01,02,06,07,08,14,16,17,18,26|10|5.6322
206mVAL: 01,02,06,07,08,14,16,17,18,26|10|4.1871
206mGLU: 01,02,06,07,08,14,16,17,18,26|10|6.3182
206mASN: 01,02,06,07,08,14,16,17,18,26|10|2.9749
204mGLU: 01,02,04,07,14,16,17,18,26|9|3.0165
205mGLU: 01,07,08,10,14,16,17,18,26|9|6.7389
124mVAL: 07,08,09,10,16,17,18,22|8|1.5543
245mGLU: 02,04,06,08,11,12,16,26|8|6.8084
245mSER: 02,04,06,08,11,12,16,26|8|4.1501
124mTHR: 07,08,09,10,16,17,18,22|8|1.8454
245mASN: 02,04,06,08,11,12,16,26|8|4.5969
124mGLU: 07,08,09,10,16,17,18,22|8|3.1653
124mLEU: 07,08,09,10,16,17,18,22|8|1.3051
244mGLU: 02,04,06,08,09,11,12,26|8|3.9306
245mGLY: 02,04,06,08,11,12,16,26|8|5.7159
245mHIS: 02,04,06,08,11,12,16,26|8|4.6656
245mTHR: 02,04,06,08,11,12,16,26|8|5.981
197mASN: 06,08,11,16,17,18,22|7|2.9672
197mGLU: 06,08,11,16,17,18,22|7|4.328
197mHIS: 06,08,11,16,17,18,22|7|3.0602
201mSER: 01,02,07,14,16,18,26|7|2.1999
201mGLY: 01,02,07,14,16,18,26|7|3.1709
197mMET: 06,08,11,16,17,18,22|7|3.6209
201mASP: 01,02,07,14,16,18,26|7|3.5895
201mTHR: 01,02,07,14,16,18,26|7|2.3158
197mGLY: 06,08,11,16,17,18,22|7|3.4823
197mSER: 06,08,11,16,17,18,22|7|2.5329
119mTHR: 08,09,10,16,17,18,22|7|2.3021
201mGLN: 01,02,07,14,16,18,26|7|2.1548
201mGLU: 01,02,07,14,16,18,26|7|3.7803
119mGLU: 08,09,10,16,17,18,22|7|4.2676
201mASN: 01,02,07,14,16,18,26|7|1.7554
197mGLN: 06,08,11,16,17,18,22|7|3.4833
201mVAL: 01,02,07,14,16,18,26|7|2.5019
134mGLY: 02,08,09,11,12,22,26|7|2.2426
197mTHR: 06,08,11,16,17,18,22|7|3.7897
130mGLN: 02,06,09,11,12,18|6|3.9592
130mGLU: 02,06,09,11,12,18|6|5.1708
251mGLY: 01,04,07,14,16,26|6|3.7591
130mTYR: 02,06,09,11,12,18|6|2.11
123mGLU: 08,09,10,11,18,22|6|4.0418
251mASN: 01,04,07,14,16,26|6|2.633
251mALA: 01,04,07,14,16,26|6|3.1802
158mASN: 01,04,07,14,16,19|6|3.9577
130mCYS: 02,06,09,11,12,18|6|5.0058
251mTHR: 01,04,07,14,16,26|6|4.0967
158mGLU: 01,04,07,14,16,19|6|7.1905
130mPRO: 02,06,09,11,12,18|6|4.0794
251mLEU: 01,04,07,14,16,26|6|3.6747
130mLEU: 02,06,09,11,12,18|6|4.7731
130mGLY: 02,06,09,11,12,18|6|4.2321
130mVAL: 02,06,09,11,12,18|6|4.1681
130mASN: 02,06,09,11,12,18|6|3.1118
130mALA: 02,06,09,11,12,18|6|4.2548
123mGLY: 08,09,10,11,18,22|6|2.9402
130mSER: 02,06,09,11,12,18|6|3.0331
251mMET: 01,04,07,14,16,26|6|2.8431
158mGLY: 01,04,07,14,16,19|6|5.3035
251mHIS: 01,04,07,14,16,26|6|2.1219
251mGLU: 01,04,07,14,16,26|6|5.1418
251mSER: 01,04,07,14,16,26|6|2.4479
130mASP: 02,06,09,11,12,18|6|4.9238
251mVAL: 01,04,07,14,16,26|6|3.0706
123mASP: 08,09,10,11,18,22|6|3.3989
130mILE: 02,06,09,11,12,18|6|3.6556
158mTHR: 01,04,07,14,16,19|6|6.0901
130mPHE: 02,06,09,11,12,18|6|4.3815
251mASP: 01,04,07,14,16,26|6|4.0547
251mTRP: 01,04,07,14,16,26|6|2.599
251mGLN: 01,04,07,14,16,26|6|3.6119
158mSER: 01,04,07,14,16,19|6|3.6213
130mTRP: 02,06,09,11,12,18|6|3.7116
130mHIS: 02,06,09,11,12,18|6|2.2584
130mTHR: 02,06,09,11,12,18|6|4.0518
130mMET: 02,06,09,11,12,18|6|2.6183
136mALA: 09,10,11,18,22|5|1.9096
136mGLU: 09,10,11,18,22|5|2.9459
136mASP: 09,10,11,18,22|5|1.0986
136mTHR: 09,10,11,18,22|5|2.5151
237mGLU: 02,07,16,18,26|5|1.0474
136mILE: 09,10,11,18,22|5|1.1113
235mPHE: 01,04,07,14|4|3.1097
196mGLN: 02,06,09,11|4|2.4256
268mILE: 13,20,24,28|4|3.1926
235mGLU: 01,04,07,14|4|3.4917
196mALA: 02,06,09,11|4|2.2073
235mALA: 01,04,07,14|4|2.8246
268mGLU: 13,20,24,28|4|4.9976
268mMET: 13,20,24,28|4|3.0467
235mVAL: 01,04,07,14|4|2.9004
235mTRP: 01,04,07,14|4|2.599
196mGLU: 02,06,09,11|4|3.4799
235mCYS: 01,04,07,14|4|3.8513
235mHIS: 01,04,07,14|4|1.3843
196mVAL: 02,06,09,11|4|2.3657
268mASN: 13,20,24,28|4|2.5057
268mALA: 13,20,24,28|4|4.1694
159mGLU: 01,04,14,19|4|1.3413
196mPHE: 02,06,09,11|4|2.1038
235mTYR: 01,04,07,14|4|1.1941
235mGLY: 01,04,07,14|4|2.7555
159mTHR: 01,04,14,19|4|2.0116
235mILE: 01,04,07,14|4|2.5314
235mPRO: 01,04,07,14|4|2.8684
196mMET: 02,06,09,11|4|1.4943
268mPHE: 13,20,24,28|4|3.1809
268mGLN: 13,20,24,28|4|3.9254
196mSER: 02,06,09,11|4|1.8864
235mASP: 01,04,07,14|4|3.4199
268mLEU: 13,20,24,28|4|4.4938
235mGLN: 01,04,07,14|4|2.8103
196mASN: 02,06,09,11|4|2.1852
196mTHR: 02,06,09,11|4|2.6319
235mLEU: 01,04,07,14|4|3.4303
196mCYS: 02,06,09,11|4|3.0392
268mVAL: 13,20,24,28|4|3.6289
268mSER: 13,20,24,28|4|2.9749
235mTHR: 01,04,07,14|4|2.757
208mCYS: 08,10,17,18|4|3.1797
196mASP: 02,06,09,11|4|3.2278
208mLEU: 08,10,17,18|4|1.2685
235mMET: 01,04,07,14|4|1.9083
268mTRP: 13,20,24,28|4|3.2517
268mGLY: 13,20,24,28|4|4.3012
196mILE: 02,06,09,11|4|1.9298
196mLEU: 02,06,09,11|4|2.3318
208mTHR: 08,10,17,18|4|1.151
196mGLY: 02,06,09,11|4|2.5113
268mASP: 13,20,24,28|4|4.6323
235mASN: 01,04,07,14|4|1.8068
196mHIS: 02,06,09,11|4|1.2765
196mPRO: 02,06,09,11|4|2.3877
120mASP: 10,17,18,22|4|1.1278
235mSER: 01,04,07,14|4|1.705
196mTRP: 02,06,09,11|4|1.8064
268mTHR: 13,20,24,28|4|4.0606
208mGLU: 08,10,17,18|4|1.7689
120mGLU: 10,17,18,22|4|1.7602
268mHIS: 13,20,24,28|4|2.6312
196mTYR: 02,06,09,11|4|1.0908
203mGLU: 01,07,14|3|1.0814
305mTHR: 13,24,28|3|2.7677
241mASP: 09,11,12|3|1.5565
241mGLY: 09,11,12|3|1.2442
232mHIS: 01,14,19|3|1.2998
232mLEU: 01,14,19|3|2.9067
232mILE: 01,14,19|3|2.2236
305mMET: 13,24,28|3|1.1249
305mCYS: 13,24,28|3|2.5596
305mGLN: 13,24,28|3|1.4992
233mCYS: 01,14,19|3|1.9873
305mPRO: 13,24,28|3|1.0454
232mGLN: 01,14,19|3|2.3918
305mILE: 13,24,28|3|2.2077
241mCYS: 09,11,12|3|1.6811
266mASN: 13,20,24|3|1.984
232mCYS: 01,14,19|3|3.7589
232mVAL: 01,14,19|3|2.1452
266mSER: 13,20,24|3|1.8985
266mGLU: 13,20,24|3|3.5234
241mALA: 09,11,12|3|1.3461
232mASN: 01,14,19|3|1.3389
266mVAL: 13,20,24|3|1.2154
232mASP: 01,14,19|3|2.846
232mGLU: 01,14,19|3|2.9735
232mPHE: 01,14,19|3|2.3503
305mASP: 13,24,28|3|1.1449
232mALA: 01,14,19|3|2.6384
266mTHR: 13,20,24|3|2.8462
232mPRO: 01,14,19|3|2.0752
305mPHE: 13,24,28|3|1.8404
232mTRP: 01,14,19|3|2.0852
241mGLU: 09,11,12|3|1.0911
305mSER: 13,24,28|3|1.3836
232mGLY: 01,14,19|3|2.4016
305mASN: 13,24,28|3|1.7523
266mGLN: 13,20,24|3|1.5002
232mTHR: 01,14,19|3|2.4941
232mMET: 01,14,19|3|1.8429
266mGLY: 13,20,24|3|2.3978
241mLEU: 09,11,12|3|1.3099
305mLEU: 13,24,28|3|1.9549
305mGLY: 13,24,28|3|1.9663
232mSER: 01,14,19|3|1.5025
305mVAL: 13,24,28|3|2.3616
305mGLU: 13,24,28|3|3.3732
263mGLU: 19,20,24|3|2.1447
266mHIS: 13,20,24|3|1.1667
305mALA: 13,24,28|3|2.4751
