M = 324 326 331 
329 331 336 | 283 284 286 | 344 345 346 | 323 324 329 | 345 346 370 | 326 329 334 | 282 291 297 | 299 303 309 | 341 377 379 | 385 388 408 | 301 303 305 | 299 303 305 | 279 303 306 | 388 410 411 | 287 321 324 | 408 410 411 | 312 316 319 | 336 337 339 | 341 376 405 | 336 408 409 | 336 339 403 | 281 290 293 | 341 343 377 | 293 297 300 | 301 303 305 | 301 303 305 | 341 344 379 | 336 339 403 | 

M = 165 190 194 
274 301 303 | 203 205 206 | 146 265 269 | 242 245 248 | 122 123 124 | 119 123 124 | 241 242 248 | 193 194 242 | 146 147 267 | 194 196 242 | 194 242 245 | 165 239 249 | 145 147 268 | 242 243 244 | 146 178 179 | 242 245 248 | 242 245 248 | 147 178 180 | 147 262 263 | 130 134 219 | 146 264 266 | 242 244 245 | 242 243 245 | 194 242 245 | 165 248 249 | 265 266 268 | 178 181 261 | 194 242 244 | 178 180 181 | 146 178 265 | 242 243 246 | 146 265 269 | 164 165 167 | 146 178 267 | 164 165 249 | 164 165 249 | 194 196 242 | 146 266 268 | 146 147 268 | 196 237 248 | 146 178 267 | 196 242 244 | 157 163 164 | 196 242 248 | 146 266 267 | 146 147 178 | 162 164 165 | 193 239 242 | 178 182 261 | 177 178 180 | 193 194 242 | 243 244 245 | 146 147 268 | 157 158 235 | 123 136 139 | 158 163 250 | 163 164 249 | 146 266 268 | 120 123 208 | 258 259 261 | 193 196 242 | 146 265 268 | 196 242 245 | 146 178 265 | 242 245 248 | 242 243 244 | 205 206 235 | 190 217 220 | 194 242 243 | 120 123 124 | 217 218 219 | 147 180 262 | 194 242 244 | 146 147 178 | 164 165 168 | 147 266 268 | 193 194 242 | 146 265 266 | 146 264 265 | 193 194 242 | 193 196 242 | 242 244 245 | 164 165 249 | 146 267 268 | 196 237 248 | 177 180 262 | 163 164 165 | 242 243 244 | 178 181 261 | 241 242 244 | 146 264 267 | 164 165 167 | 119 120 122 | 158 237 249 | 242 243 245 | 146 265 270 | 242 245 248 | 193 241 242 | 194 242 244 | 119 122 123 | 

FREQUENCIES
242: 34
146: 22
194: 15
245: 13
178: 13
165: 13
244: 11
248: 10
164: 10
147: 10
265: 9
268: 9
196: 9
193: 8
243: 8
266: 7
303: 7
249: 7
123: 6
267: 6
336: 5
180: 5
341: 4
190: 4
301: 4
305: 4
163: 4
261: 4
262: 3
122: 3
124: 3
264: 3
119: 3
241: 3
339: 3
181: 3
408: 3
158: 3
237: 3
324: 3
329: 3
120: 3
217: 2
219: 2
344: 2
345: 2
346: 2
403: 2
269: 2
379: 2
410: 2
411: 2
299: 2
293: 2
377: 2
388: 2
331: 2
177: 2
297: 2
167: 2
157: 2
239: 2
235: 2
326: 2
205: 2
206: 2
218: 1
130: 1
136: 1
134: 1
139: 1
343: 1
281: 1
283: 1
282: 1
284: 1
287: 1
286: 1
263: 1
370: 1
291: 1
319: 1
270: 1
274: 1
279: 1
312: 1
309: 1
300: 1
306: 1
246: 1
385: 1
290: 1
376: 1
334: 1
337: 1
258: 1
259: 1
179: 1
250: 1
405: 1
182: 1
316: 1
168: 1
162: 1
220: 1
409: 1
323: 1
321: 1
203: 1
145: 1
208: 1
