D102m2.txt,0, | 274 278 301 | 123 127 208 | ,Score: 0

D106m3.txt,0, | 177 261 265 | 157 164 249 | ,Score: 0

D107m0.txt,0, | 165 248 249 | 123 127 208 | ,Score: 0

D110m2.txt,0, | 122 124 138 | 280 283 286 | ,Score: 0

D202m2.txt,0, | 325 331 401 | 157 165 249 | ,Score: 0

D203m5.txt,0, | 345 347 370 | 165 190 194 | ,Score: 0

D204m0.txt,0, | 160 163 251 | 193 197 241 | ,Score: 0

D206mR.txt,0, | 279 284 291 | 165 194 247 | ,Score: 0

D210m8.txt,0, | 157 164 249 | 146 178 266 | ,Score: 0

D214m3.txt,0, | 178 181 261 | 388 391 412 | ,Score: 0

D215m7.txt,0, | 177 182 261 | 123 127 208 | ,Score: 0

D216m1.txt,0, | 293 299 313 | 142 144 146 | ,Score: 0

D217m3.txt,0, | 281 290 296 | 146 178 266 | ,Score: 0

D218m7.txt,0, | 147 178 262 | 130 194 220 | ,Score: 0

D221m4.txt,0, | 123 134 139 | 196 245 248 | ,Score: 0

D222m6.txt,0, | 299 303 309 | 278 299 302 | ,Score: 0

D228m5.txt,0, | 157 164 249 | 336 339 408 | ,Score: 0

D229m1.txt,0, | 237 240 249 | 146 265 268 | ,Score: 0

D231m7.txt,0, | 147 179 262 | 164 165 249 | ,Score: 0

D239m5.txt,0, | 179 261 265 | 165 190 194 | ,Score: 0

D301m9.txt,0, | 146 178 267 | 165 190 194 | ,Score: 0

D302m1.txt,0, | 179 261 265 | 163 165 249 | ,Score: 0

D304m4.txt,0, | 274 278 301 | 165 190 194 | ,Score: 0

D305m1.txt,0, | 366 391 412 | 147 178 263 | ,Score: 0

D306m2.txt,0, | 169 194 219 | 145 178 267 | ,Score: 0

D307m2.txt,0, | 146 178 267 | 128 193 241 | ,Score: 0

D308m5.txt,0, | 196 237 249 | 299 302 311 | ,Score: 0

D310m9.txt,0, | 123 134 139 | 194 196 245 | ,Score: 0

D311m8.txt,0, | 157 235 250 | 165 247 249 | ,Score: 0

D312m9.txt,0, | 279 301 306 | 157 165 249 | ,Score: 0

D313m5.txt,0, | 146 178 267 | 388 411 415 | ,Score: 0

D314m8.txt,0, | 281 290 297 | 241 248 249 | ,Score: 0

D315m6.txt,0, | 165 194 239 | 163 249 251 | ,Score: 0

D317m4.txt,0, | 177 182 262 | 290 293 321 | ,Score: 0

D318m3.txt,0, | 130 190 194 | 408 410 411 | ,Score: 0

D319m6.txt,0, | 165 190 194 | 146 178 266 | ,Score: 0

D320m3.txt,0, | 157 235 249 | 122 123 132 | ,Score: 0

D321m1.txt,0, | 156 233 235 | 157 235 250 | ,Score: 0

D322m0.txt,0, | 165 240 249 | 140 218 220 | ,Score: 0

D323m1.txt,0, | 123 127 208 | 336 339 408 | ,Score: 0

D324m6.txt,0, | 258 259 261 | 196 237 249 | ,Score: 0

D325m0.txt,0, | 292 299 311 | 163 165 249 | ,Score: 0

D326m0.txt,0, | 177 264 267 | 182 228 262 | ,Score: 0

D327m7.txt,0, | 337 341 405 | 165 190 194 | ,Score: 0

D328m3.txt,0, | 165 190 194 | 388 407 410 | ,Score: 0

D330m1.txt,0, | 146 178 267 | 165 190 194 | ,Score: 0

D331m0.txt,0, | 157 165 167 | 120 123 124 | ,Score: 0

D332m4.txt,0, | 190 193 218 | 177 182 261 | ,Score: 0

D333m4.txt,0, | 132 193 194 | 147 262 267 | ,Score: 0

D403m6.txt,0, | 162 165 168 | 147 262 266 | ,Score: 0

D407m5.txt,0, | 331 336 403 | 146 178 266 | ,Score: 0

D408m8.txt,0, | 148 178 266 | 436 438 441 | ,Score: 0

D409m5.txt,0, | 147 265 269 | 165 190 194 | ,Score: 0

D410mR.txt,0, | 126 196 199 | 340 343 377 | ,Score: 0

D413m2.txt,0, | 158 235 249 | 281 293 297 | ,Score: 0

D414m2.txt,0, | 167 172 190 | 177 262 267 | ,Score: 0

D421m7.txt,0, | 196 242 248 | 201 233 235 | ,Score: 0

D428m7.txt,0, | 143 146 177 | 165 191 240 | ,Score: 0

D430mR.txt,0, | 194 241 244 | 178 262 265 | ,Score: 0

D431m9.txt,0, | 193 240 242 | 143 146 177 | ,Score: 0

D438m9.txt,0, | 157 164 249 | 147 177 179 | ,Score: 0

D450m5.txt,0, | 299 303 308 | 196 237 249 | ,Score: 0

D453m0.txt,0, | 158 249 251 | 146 265 271 | ,Score: 0

D459m2.txt,0, | 354 356 428 | 144 146 147 | ,Score: 0

D462m1.txt,0, | 326 329 334 | 163 165 249 | ,Score: 0

D464m0.txt,0, | 157 162 165 | 120 122 208 | ,Score: 0

