M = 267 273 274 
274 301 303 | 146 265 269 | 329 331 336 | 335 336 339 | 438 439 440 | 377 379 380 | 344 345 346 | 146 178 179 | 323 324 329 | 400 403 419 | 146 178 179 | 296 312 313 | 147 178 180 | 147 262 263 | 146 264 266 | 299 303 309 | 336 339 408 | 178 181 261 | 178 180 181 | 439 440 441 | 146 178 265 | 336 337 403 | 146 178 265 | 178 261 262 | 146 178 267 | 391 438 440 | 147 178 180 | 146 266 268 | 146 147 268 | 301 303 305 | 146 178 267 | 299 303 305 | 119 120 122 | 146 266 267 | 388 410 411 | 290 317 318 | 147 178 180 | 146 267 268 | 177 178 180 | 287 321 324 | 408 410 411 | 178 180 182 | 283 286 290 | 312 316 319 | 146 266 268 | 299 305 311 | 119 120 122 | 284 286 288 | 341 376 405 | 146 178 264 | 146 266 268 | 408 409 410 | 146 266 268 | 318 319 322 | 147 180 262 | 329 330 334 | 146 147 178 | 339 341 415 | 336 339 403 | 146 265 266 | 436 438 440 | 146 265 266 | 401 403 419 | 146 178 265 | 146 267 268 | 301 303 305 | 143 145 146 | 265 266 268 | 178 181 261 | 434 440 443 | 299 303 305 | 438 440 441 | 146 265 270 | 336 339 403 | 144 146 147 | 119 122 123 | 336 407 408 | 

M = 165 190 194 
203 205 206 | 120 123 208 | 126 127 130 | 164 165 168 | 140 217 219 | 190 217 220 | 204 206 235 | 135 136 141 | 194 241 244 | 164 165 167 | 206 208 226 | 201 235 251 | 357 358 359 | 127 130 134 | 126 127 130 | 157 163 164 | 130 194 219 | 248 249 251 | 165 248 249 | 359 360 362 | 164 165 168 | 196 241 244 | 126 206 208 | 123 127 134 | 157 162 164 | 130 190 194 | 203 205 206 | 123 135 136 | 157 158 235 | 193 197 241 | 158 250 251 | 190 218 220 | 134 193 219 | 164 165 167 | 130 194 196 | 164 165 249 | 121 122 124 | 205 206 235 | 131 193 194 | 248 250 251 | 164 165 168 | 164 165 249 | 191 217 219 | 158 249 251 | 164 165 249 | 164 165 249 | 127 130 197 | 162 164 167 | 206 226 228 | 120 122 208 | 206 235 237 | 158 250 251 | 

FREQUENCIES
146: 24
178: 18
165: 12
164: 12
266: 9
265: 8
268: 8
206: 8
147: 8
130: 7
194: 7
249: 7
336: 7
180: 7
267: 6
303: 6
440: 6
251: 6
127: 5
403: 5
190: 5
305: 5
339: 5
235: 5
122: 5
219: 4
408: 4
120: 4
123: 4
299: 4
438: 4
158: 4
208: 4
217: 3
126: 3
134: 3
262: 3
261: 3
410: 3
193: 3
119: 3
301: 3
241: 3
248: 3
250: 3
181: 3
168: 3
167: 3
157: 3
329: 3
205: 3
136: 2
135: 2
341: 2
220: 2
264: 2
411: 2
419: 2
319: 2
318: 2
197: 2
196: 2
274: 2
441: 2
244: 2
290: 2
439: 2
179: 2
312: 2
226: 2
162: 2
286: 2
324: 2
203: 2
359: 2
218: 1
131: 1
344: 1
345: 1
346: 1
401: 1
400: 1
283: 1
284: 1
287: 1
269: 1
379: 1
415: 1
296: 1
377: 1
376: 1
201: 1
313: 1
317: 1
270: 1
391: 1
273: 1
143: 1
362: 1
360: 1
309: 1
443: 1
380: 1
388: 1
436: 1
434: 1
335: 1
334: 1
337: 1
331: 1
330: 1
144: 1
177: 1
407: 1
288: 1
405: 1
182: 1
311: 1
191: 1
316: 1
228: 1
163: 1
409: 1
237: 1
322: 1
323: 1
321: 1
145: 1
204: 1
140: 1
141: 1
263: 1
121: 1
357: 1
124: 1
358: 1
