D102m2.txt,0, | 274 278 301 | 123 127 208 | ,Score: 0

D106m3.txt,0, | 178 261 265 | 336 403 406 | ,Score: 0

D107m0.txt,0, | 146 265 271 | 124 127 135 | ,Score: 0

D110m2.txt,0, | 165 168 191 | 164 165 168 | ,Score: 0

D202m2.txt,0, | 325 329 331 | 327 335 402 | ,Score: 0

D203m5.txt,0, | 190 193 219 | 345 347 370 | ,Score: 0

D204m0.txt,0, | 171 190 219 | 158 162 251 | ,Score: 0

D206mR.txt,0, | 146 178 267 | 288 317 324 | ,Score: 0

D210m8.txt,0, | 122 135 141 | 146 178 266 | ,Score: 0

D214m3.txt,0, | 194 241 244 | 165 190 194 | ,Score: 0

D215m7.txt,0, | 145 146 178 | 178 181 226 | ,Score: 0

D216m1.txt,0, | 157 235 250 | 357 359 360 | ,Score: 0

D217m3.txt,0, | 282 288 313 | 146 178 266 | ,Score: 0

D218m7.txt,0, | 147 178 262 | 124 127 208 | ,Score: 0

D221m4.txt,0, | 123 127 134 | 134 140 219 | ,Score: 0

D222m6.txt,0, | 275 302 306 | 436 438 441 | ,Score: 0

D228m5.txt,0, | 157 163 250 | 157 164 249 | ,Score: 0

D229m1.txt,0, | 237 240 249 | 157 165 249 | ,Score: 0

D231m7.txt,0, | 359 362 364 | 147 179 262 | ,Score: 0

D239m5.txt,0, | 179 261 265 | 439 440 441 | ,Score: 0

D301m9.txt,0, | 146 178 265 | 400 401 403 | ,Score: 0

D302m1.txt,0, | 179 261 265 | 178 229 262 | ,Score: 0

D304m4.txt,0, | 229 259 262 | 274 278 303 | ,Score: 0

D305m1.txt,0, | 366 391 412 | 147 178 263 | ,Score: 0

D306m2.txt,0, | 145 178 267 | 134 135 140 | ,Score: 0

D307m2.txt,0, | 146 178 267 | 143 146 177 | ,Score: 0

D308m5.txt,0, | 299 303 307 | 126 130 197 | ,Score: 0

D310m9.txt,0, | 123 127 134 | 123 134 139 | ,Score: 0

D311m8.txt,0, | 281 292 296 | 146 268 271 | ,Score: 0

D312m9.txt,0, | 157 159 162 | 157 165 249 | ,Score: 0

D313m5.txt,0, | 146 178 267 | 388 411 415 | ,Score: 0

D314m8.txt,0, | 440 441 443 | 146 150 178 | ,Score: 0

D315m6.txt,0, | 232 259 261 | 203 205 206 | ,Score: 0

D317m4.txt,0, | 177 182 262 | 287 318 324 | ,Score: 0

D318m3.txt,0, | 124 127 135 | 123 135 136 | ,Score: 0

D319m6.txt,0, | 179 182 262 | 146 178 266 | ,Score: 0

D320m3.txt,0, | 201 237 251 | 157 165 249 | ,Score: 0

D321m1.txt,0, | 157 235 250 | 312 316 319 | ,Score: 0

D322m0.txt,0, | 274 278 301 | 190 218 220 | ,Score: 0

D323m1.txt,0, | 134 193 219 | 164 165 167 | ,Score: 0

D324m6.txt,0, | 127 130 196 | 157 164 249 | ,Score: 0

D325m0.txt,0, | 292 299 311 | 123 127 135 | ,Score: 0

D326m0.txt,0, | 119 122 124 | 178 262 267 | ,Score: 0

D327m7.txt,0, | 337 341 405 | 178 264 267 | ,Score: 0

D328m3.txt,0, | 388 407 411 | 408 410 411 | ,Score: 0

D330m1.txt,0, | 146 178 267 | 201 235 251 | ,Score: 0

D331m0.txt,0, | 127 131 135 | 161 164 167 | ,Score: 0

D332m4.txt,0, | 147 266 268 | 177 182 261 | ,Score: 0

D333m4.txt,0, | 329 330 334 | 147 262 267 | ,Score: 0

D403m6.txt,0, | 165 169 191 | 336 339 406 | ,Score: 0

D407m5.txt,0, | 331 336 403 | 178 262 266 | ,Score: 0

D408m8.txt,0, | 434 436 439 | 147 178 266 | ,Score: 0

D409m5.txt,0, | 146 265 269 | 147 178 265 | ,Score: 0

D410mR.txt,0, | 191 193 241 | 191 217 219 | ,Score: 0

D413m2.txt,0, | 158 163 250 | 164 165 249 | ,Score: 0

D414m2.txt,0, | 140 217 218 | 177 262 267 | ,Score: 0

D421m7.txt,0, | 201 203 233 | 124 127 132 | ,Score: 0

D428m7.txt,0, | 177 180 262 | 143 146 177 | ,Score: 0

D430mR.txt,0, | 146 265 268 | 178 262 265 | ,Score: 0

D431m9.txt,0, | 178 262 267 | 139 142 212 | ,Score: 0

D438m9.txt,0, | 146 177 179 | 177 179 182 | ,Score: 0

D450m5.txt,0, | 201 237 251 | 299 303 308 | ,Score: 0

D453m0.txt,0, | 438 440 441 | 146 265 271 | ,Score: 0

D459m2.txt,0, | 158 163 250 | 190 193 218 | ,Score: 0

D462m1.txt,0, | 326 329 334 | 147 262 265 | ,Score: 0

D464m0.txt,0, | 120 122 208 | 336 407 408 | ,Score: 0

