M = 401 403 419 
329 331 336 | 335 336 339 | 438 439 440 | 377 379 380 | 344 345 346 | 323 324 329 | 400 403 419 | 357 358 359 | 296 312 313 | 359 360 362 | 439 440 441 | 336 337 403 | 385 388 408 | 336 337 408 | 388 410 411 | 290 317 318 | 438 439 440 | 287 321 324 | 408 410 411 | 283 286 290 | 312 316 319 | 341 377 378 | 284 286 288 | 341 376 405 | 408 409 410 | 318 319 322 | 339 341 415 | 336 339 408 | 436 438 440 | 323 326 327 | 434 440 443 | 438 440 441 | 312 318 319 | 336 339 403 | 336 407 408 | 

M = 168 172 190 
274 301 303 | 203 205 206 | 178 179 261 | 120 123 208 | 126 127 130 | 165 167 168 | 140 217 219 | 190 217 220 | 204 206 235 | 147 178 262 | 145 147 268 | 164 165 167 | 194 241 244 | 206 208 226 | 145 178 179 | 201 235 251 | 147 178 180 | 147 262 263 | 127 130 134 | 191 217 219 | 123 126 127 | 134 135 136 | 299 303 309 | 130 194 219 | 157 164 165 | 165 248 249 | 248 249 251 | 178 181 261 | 178 180 181 | 178 229 261 | 258 259 261 | 178 261 262 | 164 165 168 | 178 262 267 | 147 178 180 | 196 241 244 | 145 178 267 | 165 190 194 | 267 268 273 | 301 303 305 | 126 206 208 | 123 134 136 | 299 303 305 | 164 165 167 | 130 190 194 | 161 164 167 | 147 178 180 | 232 259 261 | 177 178 180 | 123 135 136 | 147 178 180 | 157 158 235 | 193 197 241 | 158 250 251 | 274 278 301 | 134 193 219 | 164 165 167 | 164 165 249 | 130 194 196 | 196 197 249 | 299 305 311 | 119 120 210 | 178 261 264 | 180 182 262 | 147 267 268 | 205 206 235 | 131 193 194 | 248 250 251 | 178 180 262 | 123 127 135 | 147 178 267 | 164 165 168 | 178 180 262 | 147 178 267 | 178 182 261 | 164 165 249 | 130 193 219 | 158 249 251 | 164 165 167 | 264 267 268 | 164 165 249 | 127 130 197 | 301 303 305 | 162 164 167 | 178 261 262 | 178 181 261 | 267 273 274 | 206 226 228 | 178 181 182 | 206 235 237 | 299 303 305 | 270 271 272 | 158 250 251 | 165 190 194 | 119 120 123 | 

FREQUENCIES
178: 23
165: 14
164: 12
261: 10
147: 10
180: 9
262: 8
267: 8
130: 7
194: 7
249: 7
336: 7
167: 7
206: 7
408: 6
123: 6
303: 6
440: 6
251: 6
219: 5
127: 5
190: 5
305: 5
235: 5
134: 4
403: 4
268: 4
299: 4
193: 4
301: 4
438: 4
339: 4
181: 4
168: 4
158: 4
217: 3
136: 3
135: 3
341: 3
120: 3
126: 3
410: 3
319: 3
318: 3
197: 3
196: 3
274: 3
241: 3
248: 3
439: 3
250: 3
182: 3
312: 3
145: 3
208: 3
264: 2
411: 2
419: 2
377: 2
273: 2
119: 2
441: 2
244: 2
388: 2
290: 2
337: 2
259: 2
179: 2
226: 2
286: 2
157: 2
323: 2
324: 2
329: 2
205: 2
359: 2
210: 1
131: 1
344: 1
345: 1
346: 1
401: 1
400: 1
283: 1
284: 1
287: 1
379: 1
378: 1
296: 1
376: 1
313: 1
191: 1
270: 1
271: 1
272: 1
278: 1
415: 1
362: 1
360: 1
309: 1
443: 1
380: 1
385: 1
436: 1
434: 1
335: 1
331: 1
258: 1
177: 1
172: 1
407: 1
288: 1
405: 1
311: 1
317: 1
316: 1
229: 1
228: 1
161: 1
162: 1
220: 1
409: 1
237: 1
232: 1
322: 1
321: 1
326: 1
327: 1
201: 1
203: 1
204: 1
140: 1
263: 1
357: 1
358: 1
