D102m2.txt,0, | 278 299 303 | 126 206 208 | ,Score: 0

D106m3.txt,0, | 178 261 263 | 336 403 406 | ,Score: 0

D107m0.txt,0, | 318 322 325 | 123 127 208 | ,Score: 0

D110m2.txt,0, | 165 168 191 | 165 167 168 | ,Score: 0

D202m2.txt,0, | 437 438 440 | 327 335 402 | ,Score: 0

D203m5.txt,0, | 190 193 219 | 345 347 370 | ,Score: 0

D204m0.txt,0, | 171 190 219 | 158 162 251 | ,Score: 0

D206mR.txt,0, | 288 317 324 | 123 127 135 | ,Score: 0

D210m8.txt,0, | 145 147 178 | 400 403 419 | ,Score: 0

D214m3.txt,0, | 165 167 190 | 165 190 194 | ,Score: 0

D215m7.txt,0, | 178 182 261 | 145 178 179 | ,Score: 0

D216m1.txt,0, | 157 235 250 | 357 359 360 | ,Score: 0

D217m3.txt,0, | 288 313 319 | 279 283 291 | ,Score: 0

D218m7.txt,0, | 178 182 261 | 126 127 208 | ,Score: 0

D221m4.txt,0, | 134 139 219 | 130 190 219 | ,Score: 0

D222m6.txt,0, | 274 278 302 | 299 302 309 | ,Score: 0

D228m5.txt,0, | 163 165 249 | 157 165 249 | ,Score: 0

D229m1.txt,0, | 157 165 249 | 157 237 249 | ,Score: 0

D231m7.txt,0, | 359 362 364 | 147 179 262 | ,Score: 0

D239m5.txt,0, | 179 181 261 | 439 440 441 | ,Score: 0

D301m9.txt,0, | 178 229 261 | 400 401 403 | ,Score: 0

D302m1.txt,0, | 229 259 262 | 178 180 262 | ,Score: 0

D304m4.txt,0, | 165 168 191 | 229 259 262 | ,Score: 0

D305m1.txt,0, | 385 388 412 | 391 438 440 | ,Score: 0

D306m2.txt,0, | 134 136 140 | 182 229 262 | ,Score: 0

D307m2.txt,0, | 145 178 267 | 267 270 273 | ,Score: 0

D308m5.txt,0, | 296 302 307 | 196 237 248 | ,Score: 0

D310m9.txt,0, | 123 134 139 | 134 138 216 | ,Score: 0

D311m8.txt,0, | 277 281 284 | 278 299 303 | ,Score: 0

D312m9.txt,0, | 157 164 249 | 165 190 194 | ,Score: 0

D313m5.txt,0, | 388 412 415 | 388 408 411 | ,Score: 0

D314m8.txt,0, | 440 441 443 | 147 150 178 | ,Score: 0

D315m6.txt,0, | 232 259 261 | 203 232 233 | ,Score: 0

D317m4.txt,0, | 287 318 324 | 177 182 262 | ,Score: 0

D318m3.txt,0, | 408 410 411 | 123 127 135 | ,Score: 0

D319m6.txt,0, | 438 439 441 | 147 179 262 | ,Score: 0

D320m3.txt,0, | 201 237 251 | 157 165 249 | ,Score: 0

D321m1.txt,0, | 157 235 250 | 312 316 319 | ,Score: 0

D322m0.txt,0, | 438 440 442 | 190 218 220 | ,Score: 0

D323m1.txt,0, | 134 193 219 | 164 165 167 | ,Score: 0

D324m6.txt,0, | 157 164 249 | 126 130 196 | ,Score: 0

D325m0.txt,0, | 126 132 197 | 292 299 311 | ,Score: 0

D326m0.txt,0, | 178 261 264 | 126 208 210 | ,Score: 0

D327m7.txt,0, | 178 261 264 | 337 341 405 | ,Score: 0

D328m3.txt,0, | 388 407 411 | 408 409 411 | ,Score: 0

D330m1.txt,0, | 140 142 144 | 201 235 251 | ,Score: 0

D331m0.txt,0, | 127 131 135 | 161 164 167 | ,Score: 0

D332m4.txt,0, | 182 230 262 | 147 178 262 | ,Score: 0

D333m4.txt,0, | 135 136 141 | 178 262 267 | ,Score: 0

D403m6.txt,0, | 165 169 191 | 336 339 406 | ,Score: 0

D407m5.txt,0, | 330 331 336 | 335 339 403 | ,Score: 0

D408m8.txt,0, | 147 178 262 | 434 436 439 | ,Score: 0

D409m5.txt,0, | 396 403 419 | 178 264 267 | ,Score: 0

D410mR.txt,0, | 191 193 241 | 130 191 219 | ,Score: 0

D413m2.txt,0, | 158 163 250 | 165 190 194 | ,Score: 0

D414m2.txt,0, | 267 269 274 | 177 261 264 | ,Score: 0

D421m7.txt,0, | 127 132 196 | 201 203 233 | ,Score: 0

D428m7.txt,0, | 327 400 401 | 177 180 262 | ,Score: 0

D430mR.txt,0, | 178 261 264 | 178 181 261 | ,Score: 0

D431m9.txt,0, | 178 262 267 | 139 142 212 | ,Score: 0

D438m9.txt,0, | 178 179 181 | 434 440 443 | ,Score: 0

D450m5.txt,0, | 201 237 251 | 299 305 308 | ,Score: 0

D453m0.txt,0, | 438 440 441 | 178 180 184 | ,Score: 0

D459m2.txt,0, | 158 163 250 | 190 193 218 | ,Score: 0

D462m1.txt,0, | 322 326 329 | 333 337 403 | ,Score: 0

D464m0.txt,0, | 336 407 408 | 140 141 144 | ,Score: 0

