M = 401 403 419 
335 336 339 | 377 379 380 | 331 400 403 | 344 345 346 | 400 418 419 | 312 316 319 | 296 315 318 | 358 451 454 | 410 411 412 | 336 339 403 | 400 401 419 | 312 316 319 | 341 377 378 | 341 376 405 | 336 337 409 | 408 409 410 | 339 341 415 | 331 336 403 | 335 336 339 | 334 335 336 | 

M = 143 145 177 
274 301 303 | 203 205 206 | 120 123 208 | 164 165 168 | 126 127 130 | 140 217 219 | 135 136 141 | 164 165 167 | 194 241 244 | 206 208 226 | 201 235 251 | 248 249 251 | 182 261 262 | 259 261 262 | 127 130 134 | 123 127 134 | 230 258 259 | 134 135 136 | 299 303 309 | 130 194 219 | 157 163 164 | 165 248 249 | 165 240 248 | 179 181 261 | 181 229 261 | 229 259 261 | 179 181 261 | 267 272 274 | 126 127 197 | 196 241 244 | 264 267 268 | 267 268 274 | 126 206 208 | 123 127 134 | 136 141 216 | 267 268 274 | 164 165 167 | 130 190 194 | 258 259 261 | 119 120 123 | 232 259 261 | 203 205 206 | 177 182 261 | 179 182 262 | 157 158 235 | 193 197 241 | 158 250 251 | 140 218 220 | 134 193 219 | 164 165 167 | 130 194 196 | 164 165 249 | 196 197 249 | 303 305 308 | 267 268 272 | 126 127 208 | 125 127 197 | 140 141 144 | 205 206 235 | 131 193 194 | 248 250 251 | 301 303 305 | 182 229 230 | 135 136 141 | 262 263 267 | 190 191 217 | 181 261 262 | 181 182 262 | 148 262 267 | 264 267 268 | 194 241 244 | 130 193 194 | 165 248 249 | 164 165 167 | 267 268 273 | 177 261 264 | 127 130 197 | 158 235 251 | 162 164 165 | 179 181 182 | 177 181 182 | 206 235 237 | 299 303 305 | 270 271 272 | 158 250 251 | 130 193 194 | 136 140 141 | 228 261 262 | 

FREQUENCIES
261: 12
165: 10
267: 9
127: 8
130: 8
262: 8
194: 8
164: 8
182: 7
181: 7
268: 6
206: 6
336: 6
251: 6
136: 5
134: 5
197: 5
303: 5
249: 5
248: 5
259: 5
177: 5
193: 5
235: 5
141: 5
403: 4
123: 4
126: 4
274: 4
241: 4
339: 4
179: 4
167: 4
158: 4
140: 4
208: 4
219: 3
135: 3
341: 3
400: 3
264: 3
419: 3
196: 3
272: 3
305: 3
244: 3
335: 3
250: 3
229: 3
205: 3
217: 2
401: 2
409: 2
120: 2
410: 2
299: 2
377: 2
319: 2
316: 2
301: 2
331: 2
258: 2
312: 2
190: 2
157: 2
230: 2
203: 2
145: 2
143: 2
216: 1
218: 1
131: 1
344: 1
345: 1
346: 1
220: 1
408: 1
454: 1
125: 1
379: 1
378: 1
411: 1
412: 1
296: 1
418: 1
376: 1
318: 1
191: 1
315: 1
270: 1
271: 1
273: 1
119: 1
415: 1
308: 1
309: 1
380: 1
240: 1
451: 1
337: 1
144: 1
405: 1
168: 1
228: 1
226: 1
162: 1
163: 1
237: 1
232: 1
201: 1
148: 1
334: 1
263: 1
358: 1
