D102m2.txt,0, | 274 301 303 | 126 206 208 | ,Score: 0

D106m3.txt,0, | ,Score: 0

D107m0.txt,0, | 335 336 339 | 123 127 208 | ,Score: 0

D110m2.txt,0, | 165 168 191 | 126 127 130 | ,Score: 0

D202m2.txt,0, | 401 403 419 | 331 335 402 | ,Score: 0

D203m5.txt,0, | 190 193 219 | 345 347 370 | ,Score: 0

D204m0.txt,0, | ,Score: 0

D206mR.txt,0, | ,Score: 0

D210m8.txt,0, | 400 403 419 | 400 418 419 | ,Score: 0

D214m3.txt,0, | 165 167 190 | 165 190 194 | ,Score: 0

D215m7.txt,0, | 177 179 181 | 177 182 261 | ,Score: 0

D216m1.txt,0, | 157 235 250 | 157 164 249 | ,Score: 0

D217m3.txt,0, | 312 316 319 | 282 288 313 | ,Score: 0

D218m7.txt,0, | 229 259 262 | 126 127 208 | ,Score: 0

D221m4.txt,0, | 134 139 219 | 190 193 218 | ,Score: 0

D222m6.txt,0, | 275 301 303 | 278 303 306 | ,Score: 0

D228m5.txt,0, | 157 164 249 | 157 163 164 | ,Score: 0

D229m1.txt,0, | 157 164 249 | 165 191 240 | ,Score: 0

D231m7.txt,0, | 179 181 262 | 181 229 262 | ,Score: 0

D239m5.txt,0, | 229 259 261 | 181 229 261 | ,Score: 0

D301m9.txt,0, | ,Score: 0

D302m1.txt,0, | ,Score: 0

D304m4.txt,0, | 272 275 303 | 229 232 261 | ,Score: 0

D305m1.txt,0, | ,Score: 0

D306m2.txt,0, | 134 136 140 | 182 229 262 | ,Score: 0

D307m2.txt,0, | ,Score: 0

D308m5.txt,0, | 299 302 307 | 196 237 248 | ,Score: 0

D310m9.txt,0, | 123 134 139 | 134 139 216 | ,Score: 0

D311m8.txt,0, | 292 299 315 | 268 271 274 | ,Score: 0

D312m9.txt,0, | 165 190 240 | 190 193 240 | ,Score: 0

D313m5.txt,0, | 358 451 454 | 408 411 415 | ,Score: 0

D314m8.txt,0, | 229 259 261 | 120 123 208 | ,Score: 0

D315m6.txt,0, | 203 232 233 | 203 205 206 | ,Score: 0

D317m4.txt,0, | 177 182 261 | 324 331 401 | ,Score: 0

D318m3.txt,0, | ,Score: 0

D319m6.txt,0, | 179 182 262 | 400 401 419 | ,Score: 0

D320m3.txt,0, | 201 237 251 | 157 165 249 | ,Score: 0

D321m1.txt,0, | 157 235 250 | 233 257 259 | ,Score: 0

D322m0.txt,0, | 274 278 301 | 140 218 220 | ,Score: 0

D323m1.txt,0, | 134 193 219 | 164 165 167 | ,Score: 0

D324m6.txt,0, | 127 130 196 | 157 164 249 | ,Score: 0

D325m0.txt,0, | 126 132 197 | 123 127 135 | ,Score: 0

D326m0.txt,0, | 182 229 262 | 126 208 210 | ,Score: 0

D327m7.txt,0, | 337 341 405 | 125 127 197 | ,Score: 0

D328m3.txt,0, | 336 339 408 | 388 408 411 | ,Score: 0

D330m1.txt,0, | 140 142 144 | 201 235 251 | ,Score: 0

D331m0.txt,0, | 127 131 135 | 161 164 167 | ,Score: 0

D332m4.txt,0, | 182 230 262 | 182 229 230 | ,Score: 0

D333m4.txt,0, | 135 136 141 | 262 263 267 | ,Score: 0

D403m6.txt,0, | 165 168 191 | 190 191 217 | ,Score: 0

D407m5.txt,0, | 336 339 403 | 331 335 403 | ,Score: 0

D408m8.txt,0, | 177 182 262 | 177 262 267 | ,Score: 0

D409m5.txt,0, | 401 403 419 | 396 400 428 | ,Score: 0

D410mR.txt,0, | 130 194 219 | 130 193 194 | ,Score: 0

D413m2.txt,0, | 158 163 250 | 165 190 194 | ,Score: 0

D414m2.txt,0, | 267 269 273 | 177 261 264 | ,Score: 0

D421m7.txt,0, | 201 205 208 | 203 232 235 | ,Score: 0

D428m7.txt,0, | 177 261 263 | 143 145 177 | ,Score: 0

D430mR.txt,0, | ,Score: 0

D431m9.txt,0, | ,Score: 0

D438m9.txt,0, | 179 181 182 | 177 179 181 | ,Score: 0

D450m5.txt,0, | 201 205 208 | 157 235 237 | ,Score: 0

D453m0.txt,0, | 270 271 272 | ,Score: 0

D459m2.txt,0, | 248 250 251 | 130 193 194 | ,Score: 0

D462m1.txt,0, | 336 339 403 | 329 334 335 | ,Score: 0

D464m0.txt,0, | 140 142 144 | 120 123 208 | ,Score: 0

