D102m2.txt,20, | 274 301 303 | 203 205 206 | ,Score: 38.3958

D106m3.txt,0, | ,Score: 0

D107m0.txt,16, | 335 336 339 | 120 123 208 | ,Score: 22.1617

D110m2.txt,11, | 164 165 168 | 126 127 130 | ,Score: 17.4171

D202m2.txt,6, | 377 379 380 | 331 400 403 | ,Score: 25.0368

D203m5.txt,13, | 140 217 219 | 344 345 346 | ,Score: 12.4238

D204m0.txt,0, | ,Score: 0

D206mR.txt,0, | ,Score: 0

D210m8.txt,11, | 135 136 141 | 400 418 419 | ,Score: 17.1619

D214m3.txt,8, | 164 165 167 | 194 241 244 | ,Score: 20.4902

D215m7.txt,17, | 143 145 177 | 206 208 226 | ,Score: 15.1083

D216m1.txt,7, | 201 235 251 | 248 249 251 | ,Score: 23.9201

D217m3.txt,11, | 312 316 319 | 182 261 262 | ,Score: 16.4301

D218m7.txt,14, | 259 261 262 | 127 130 134 | ,Score: 19.4656

D221m4.txt,13, | 123 127 134 | 230 258 259 | ,Score: 14.2576

D222m6.txt,15, | 134 135 136 | 299 303 309 | ,Score: 18.9814

D228m5.txt,12, | 130 194 219 | 157 163 164 | ,Score: 14.3195

D229m1.txt,12, | 165 248 249 | 165 240 248 | ,Score: 43.3079

D231m7.txt,9, | 179 181 261 | 181 229 261 | ,Score: 24.5814

D239m5.txt,11, | 229 259 261 | 179 181 261 | ,Score: 14.176

D301m9.txt,0, | ,Score: 0

D302m1.txt,0, | ,Score: 0

D304m4.txt,14, | 267 272 274 | 126 127 197 | ,Score: 13.1729

D305m1.txt,0, | ,Score: 0

D306m2.txt,16, | 196 241 244 | 264 267 268 | ,Score: 12.7942

D307m2.txt,0, | ,Score: 0

D308m5.txt,18, | 267 268 274 | 126 206 208 | ,Score: 32.1509

D310m9.txt,12, | 123 127 134 | 136 141 216 | ,Score: 29.3393

D311m8.txt,12, | 296 315 318 | 267 268 274 | ,Score: 29.7101

D312m9.txt,13, | 164 165 167 | 130 190 194 | ,Score: 22.2267

D313m5.txt,11, | 358 451 454 | 410 411 412 | ,Score: 15.475

D314m8.txt,9, | 258 259 261 | 119 120 123 | ,Score: 14.2091

D315m6.txt,9, | 232 259 261 | 203 205 206 | ,Score: 17.2054

D317m4.txt,14, | 177 182 261 | 336 339 403 | ,Score: 15.0157

D318m3.txt,0, | ,Score: 0

D319m6.txt,11, | 179 182 262 | 400 401 419 | ,Score: 11.5569

D320m3.txt,17, | 157 158 235 | 193 197 241 | ,Score: 17.5069

D321m1.txt,17, | 158 250 251 | 312 316 319 | ,Score: 28.9243

D322m0.txt,9, | 341 377 378 | 140 218 220 | ,Score: 14.1337

D323m1.txt,7, | 134 193 219 | 164 165 167 | ,Score: 14.5354

D324m6.txt,8, | 130 194 196 | 164 165 249 | ,Score: 16.9856

D325m0.txt,11, | 196 197 249 | 303 305 308 | ,Score: 11.8248

D326m0.txt,14, | 267 268 272 | 126 127 208 | ,Score: 16.0283

D327m7.txt,7, | 341 376 405 | 125 127 197 | ,Score: 11.8306

D328m3.txt,7, | 336 337 409 | 408 409 410 | ,Score: 22.2175

D330m1.txt,11, | 140 141 144 | 205 206 235 | ,Score: 15.1053

D331m0.txt,11, | 131 193 194 | 248 250 251 | ,Score: 10.289

D332m4.txt,11, | 301 303 305 | 182 229 230 | ,Score: 14.0575

D333m4.txt,13, | 135 136 141 | 262 263 267 | ,Score: 11.6834

D403m6.txt,9, | 339 341 415 | 190 191 217 | ,Score: 16.667

D407m5.txt,8, | 181 261 262 | 331 336 403 | ,Score: 15.8075

D408m8.txt,10, | 181 182 262 | 148 262 267 | ,Score: 12.1986

D409m5.txt,13, | 401 403 419 | 264 267 268 | ,Score: 16.3044

D410mR.txt,7, | 194 241 244 | 130 193 194 | ,Score: 20.3538

D413m2.txt,9, | 165 248 249 | 164 165 167 | ,Score: 31.2226

D414m2.txt,11, | 267 268 273 | 177 261 264 | ,Score: 14.9002

D421m7.txt,12, | 127 130 197 | 158 235 251 | ,Score: 23.7359

D428m7.txt,11, | 162 164 165 | 143 145 177 | ,Score: 14.9418

D430mR.txt,0, | ,Score: 0

D431m9.txt,0, | ,Score: 0

D438m9.txt,6, | 179 181 182 | 177 181 182 | ,Score: 16.3001

D450m5.txt,14, | 206 235 237 | 299 303 305 | ,Score: 25.6422

D453m0.txt,7, | 270 271 272 | ,Score: 8.6195

D459m2.txt,8, | 158 250 251 | 130 193 194 | ,Score: 15.9005

D462m1.txt,6, | 335 336 339 | 334 335 336 | ,Score: 20.4142

D464m0.txt,12, | 136 140 141 | 228 261 262 | ,Score: 13.8372

