262mALA: 00,04,07,08,15,19,28,29|8|4.015
262mGLY: 00,04,07,08,15,19,28,29|8|3.3183
229mHIS: 00,04,07,08,15,19,20|7|2.1011
229mGLY: 00,04,07,08,15,19,20|7|1.5572
229mSER: 00,04,07,08,15,19,20|7|1.7479
146mCYS: 00,04,05,07,10,28,29|7|4.5004
146mTHR: 00,04,05,07,10,28,29|7|4.9577
261mALA: 00,04,07,08,15,19,28|7|4.7143
229mMET: 00,04,07,08,15,19,20|7|1.5082
119mASP: 00,04,05,08,10,16,26|7|2.4265
146mGLU: 00,04,05,07,10,28,29|7|6.5651
261mGLU: 00,04,07,08,15,19,28|7|5.1271
119mGLU: 00,04,05,08,10,16,26|7|2.7192
146mASP: 00,04,05,07,10,28,29|7|3.4622
136mALA: 05,06,16,17,23,26|6|5.6265
136mGLU: 05,06,16,17,23,26|6|5.2142
136mASP: 05,06,16,17,23,26|6|3.264
136mTHR: 05,06,16,17,23,26|6|5.2611
136mGLN: 05,06,16,17,23,26|6|2.295
136mGLY: 05,06,16,17,23,26|6|4.8687
136mILE: 05,06,16,17,23,26|6|2.3892
136mLEU: 05,06,16,17,23,26|6|2.99
147mALA: 00,05,07,10,28,29|6|2.2901
263mGLU: 00,04,07,19,21,28|6|4.2237
127mTHR: 06,11,16,17,26|5|1.9561
127mGLY: 06,11,16,17,26|5|1.9669
134mGLU: 06,11,17,23,26|5|6.5298
182mASP: 00,08,10,15,19|5|3.1721
134mASP: 06,11,17,23,26|5|3.9375
206mASP: 06,11,15,17,26|5|2.6949
127mALA: 06,11,16,17,26|5|2.5684
127mGLU: 06,11,16,17,26|5|1.941
134mALA: 06,11,17,23,26|5|4.4077
206mILE: 06,11,15,17,26|5|2.06
134mVAL: 06,11,17,23,26|5|3.2365
127mSER: 06,11,16,17,26|5|1.9822
206mGLN: 06,11,15,17,26|5|2.7213
126mTHR: 06,11,16,17,26|5|2.491
134mLEU: 06,11,17,23,26|5|4.2262
134mSER: 06,11,17,23,26|5|2.4849
126mGLU: 06,11,16,17,26|5|3.1877
206mSER: 06,11,15,17,26|5|1.7706
206mTHR: 06,11,15,17,26|5|2.3682
134mTHR: 06,11,17,23,26|5|4.9146
206mASN: 06,11,15,17,26|5|1.5134
134mGLY: 06,11,17,23,26|5|2.9431
141mALA: 00,05,10,16,23|5|1.5761
130mGLN: 11,16,17,23|4|2.5003
123mLYS: 06,16,17,26|4|1.7191
130mGLU: 11,16,17,23|4|3.6873
123mMET: 06,16,17,26|4|2.1908
259mALA: 15,20,21,28|4|2.0386
123mGLU: 06,16,17,26|4|1.8666
123mTHR: 06,16,17,26|4|2.2311
130mCYS: 11,16,17,23|4|2.9199
135mSER: 06,16,17,26|4|1.692
135mALA: 06,16,17,26|4|2.0031
130mPRO: 11,16,17,23|4|2.0107
130mGLY: 11,16,17,23|4|1.9519
130mVAL: 11,16,17,23|4|2.0621
130mASN: 11,16,17,23|4|2.5944
130mALA: 11,16,17,23|4|2.1776
123mGLY: 06,16,17,26|4|2.5459
130mSER: 11,16,17,23|4|2.499
123mASN: 06,16,17,26|4|1.9825
123mSER: 06,16,17,26|4|2.1963
123mGLN: 06,16,17,26|4|1.3408
135mGLY: 06,16,17,26|4|1.8824
130mASP: 11,16,17,23|4|2.7457
130mILE: 11,16,17,23|4|2.5334
268mGLY: 04,05,07,28|4|1.3205
259mTHR: 15,20,21,28|4|1.859
130mPHE: 11,16,17,23|4|2.4145
123mILE: 06,16,17,26|4|1.106
123mVAL: 06,16,17,26|4|1.7502
130mTRP: 11,16,17,23|4|1.8575
259mVAL: 15,20,21,28|4|1.1714
123mLEU: 06,16,17,26|4|1.5868
123mHIS: 06,16,17,26|4|2.5821
130mTHR: 11,16,17,23|4|3.1069
135mGLU: 06,16,17,26|4|1.5699
123mALA: 06,16,17,26|4|1.9818
178mSER: 00,19,29|3|1.2696
208mGLN: 08,15,26|3|1.5453
197mGLU: 06,11,17|3|1.5597
197mGLY: 06,11,17|3|1.0374
145mTHR: 00,10,29|3|1.7271
196mGLU: 11,16,17|3|1.612
208mASN: 08,15,26|3|1.4519
178mGLY: 00,19,29|3|1.3746
124mGLU: 11,16,26|3|1.11
400mVAL: 18,21,24|3|1.2884
178mHIS: 00,19,29|3|1.5365
196mMET: 11,16,17|3|1.2264
196mSER: 11,16,17|3|1.5098
400mASP: 18,21,24|3|1.0366
178mGLU: 00,19,29|3|1.0022
196mTHR: 11,16,17|3|1.4268
400mTHR: 18,21,24|3|1.3713
196mASN: 11,16,17|3|1.3447
400mCYS: 18,21,24|3|3.6046
208mASP: 08,15,26|3|1.6779
178mMET: 00,19,29|3|1.0096
178mTHR: 00,19,29|3|1.1776
400mGLU: 18,21,24|3|2.3697
208mTHR: 08,15,26|3|1.5864
196mGLY: 11,16,17|3|1.4307
400mALA: 18,21,24|3|1.915
197mTHR: 06,11,17|3|1.279
178mALA: 00,19,29|3|1.4444
208mSER: 08,15,26|3|1.9705
208mGLU: 08,15,26|3|1.8889
400mLEU: 18,21,24|3|1.3255
196mHIS: 11,16,17|3|1.3996
145mGLU: 00,10,29|3|2.0342
