158mGLY: 00,01,03,05,09,11,13,14,17,24,28|11|7.2978
158mVAL: 00,01,03,05,09,11,13,14,17,24,28|11|8.1106
158mALA: 00,01,03,05,09,11,13,14,17,24,28|11|7.8332
158mTHR: 00,01,03,05,09,11,13,14,17,24,28|11|10.1282
158mSER: 00,01,03,05,09,11,13,14,17,24,28|11|5.6025
250mTHR: 00,01,03,06,08,09,11,17,24,27|10|3.5454
250mGLU: 00,01,03,06,08,09,11,17,24,27|10|4.5964
159mGLU: 01,05,09,11,13,14,17,24,28|9|3.7466
127mTHR: 00,02,03,04,06,08,10,27|8|3.1
206mALA: 03,04,06,08,09,10,24,27|8|3.8564
127mGLU: 00,02,03,04,06,08,10,27|8|4.1137
206mGLY: 03,04,06,08,09,10,24,27|8|3.7759
206mVAL: 03,04,06,08,09,10,24,27|8|3.952
127mSER: 00,02,03,04,06,08,10,27|8|2.8316
206mSER: 03,04,06,08,09,10,24,27|8|2.5278
206mTHR: 03,04,06,08,09,10,24,27|8|4.386
196mGLN: 00,03,04,06,08,10,27|7|2.8203
251mILE: 00,01,03,09,11,17,24|7|4.7675
196mALA: 00,03,04,06,08,10,27|7|3.3257
251mGLY: 00,01,03,09,11,17,24|7|4.0306
196mGLU: 00,03,04,06,08,10,27|7|5.2589
251mALA: 00,01,03,09,11,17,24|7|4.7013
196mVAL: 00,03,04,06,08,10,27|7|3.0691
204mGLU: 03,05,08,09,13,14,24|7|3.2489
251mTHR: 00,01,03,09,11,17,24|7|6.6932
196mGLY: 00,03,04,06,08,10,27|7|3.3619
196mPHE: 00,03,04,06,08,10,27|7|2.3757
251mPHE: 00,01,03,09,11,17,24|7|5.2676
196mMET: 00,03,04,06,08,10,27|7|2.1606
196mSER: 00,03,04,06,08,10,27|7|3.9484
251mMET: 00,01,03,09,11,17,24|7|4.2824
196mTHR: 00,03,04,06,08,10,27|7|4.2438
251mLEU: 00,01,03,09,11,17,24|7|6.1246
237mGLU: 00,03,06,08,09,24,27|7|1.636
251mGLU: 00,01,03,09,11,17,24|7|8.1406
251mSER: 00,01,03,09,11,17,24|7|2.741
196mASN: 00,03,04,06,08,10,27|7|4.0137
251mPRO: 00,01,03,09,11,17,24|7|3.2424
196mASP: 00,03,04,06,08,10,27|7|3.0332
251mVAL: 00,01,03,09,11,17,24|7|5.1951
196mILE: 00,03,04,06,08,10,27|7|2.8696
196mLEU: 00,03,04,06,08,10,27|7|2.6013
196mHIS: 00,03,04,06,08,10,27|7|2.3473
251mASP: 00,01,03,09,11,17,24|7|4.848
251mGLN: 00,01,03,09,11,17,24|7|4.751
196mTRP: 00,03,04,06,08,10,27|7|2.4121
251mCYS: 00,01,03,09,11,17,24|7|7.7668
196mLYS: 00,03,04,06,08,10,27|7|2.6061
203mGLU: 03,05,09,13,14,24|6|2.3335
136mVAL: 02,04,08,10,18,27|6|3.2608
284mSER: 05,07,13,16,20,29|6|1.8496
136mALA: 02,04,08,10,18,27|6|4.002
283mGLY: 05,07,13,16,20,29|6|2.7423
136mPHE: 02,04,08,10,18,27|6|1.4114
312mASP: 07,12,16,19,20,29|6|3.0759
205mGLN: 03,06,08,14,24,27|6|4.2947
205mSER: 03,06,08,14,24,27|6|3.0056
136mGLU: 02,04,08,10,18,27|6|5.2455
312mSER: 07,12,16,19,20,29|6|2.7072
205mGLY: 03,06,08,14,24,27|6|3.9462
136mTHR: 02,04,08,10,18,27|6|4.9536
242mGLU: 00,01,03,11,17,28|6|3.3568
205mVAL: 03,06,08,14,24,27|6|4.4757
312mGLU: 07,12,16,19,20,29|6|4.8961
283mSER: 05,07,13,16,20,29|6|3.17
136mASN: 02,04,08,10,18,27|6|4.1752
283mGLU: 05,07,13,16,20,29|6|1.91
136mSER: 02,04,08,10,18,27|6|4.5215
284mTHR: 05,07,13,16,20,29|6|1.3703
205mASN: 03,06,08,14,24,27|6|3.3242
205mALA: 03,06,08,14,24,27|6|3.9603
205mILE: 03,06,08,14,24,27|6|3.9518
284mASN: 05,07,13,16,20,29|6|1.5329
136mGLN: 02,04,08,10,18,27|6|3.2897
205mTHR: 03,06,08,14,24,27|6|5.329
136mGLY: 02,04,08,10,18,27|6|4.9233
136mILE: 02,04,08,10,18,27|6|2.6066
284mGLU: 05,07,13,16,20,29|6|1.5043
136mLEU: 02,04,08,10,18,27|6|3.1561
242mTHR: 00,01,03,11,17,28|6|1.8669
205mGLU: 03,06,08,14,24,27|6|6.7512
316mGLU: 07,12,16,19,20,29|6|1.9935
283mTHR: 05,07,13,16,20,29|6|1.939
312mTHR: 07,12,16,19,20,29|6|3.6374
203mTHR: 03,05,09,13,14,24|6|1.5972
123mLYS: 02,04,08,10,27|5|2.7166
123mGLU: 02,04,08,10,27|5|3.6995
157mSER: 01,05,11,17,28|5|1.3664
124mTHR: 02,04,08,10,27|5|1.2739
124mSER: 02,04,08,10,27|5|1.1796
124mGLU: 02,04,08,10,27|5|1.6298
123mCYS: 02,04,08,10,27|5|2.0272
286mGLY: 07,13,16,20,29|5|1.5799
123mGLY: 02,04,08,10,27|5|3.0951
123mSER: 02,04,08,10,27|5|4.4663
134mALA: 02,04,06,08,27|5|1.9413
286mSER: 07,13,16,20,29|5|1.3402
157mGLU: 01,05,11,17,28|5|2.5348
134mVAL: 02,04,06,08,27|5|1.8385
157mTHR: 01,05,11,17,28|5|1.9091
123mPHE: 02,04,08,10,27|5|1.1695
123mASP: 02,04,08,10,27|5|2.7544
123mILE: 02,04,08,10,27|5|2.1909
134mSER: 02,04,06,08,27|5|2.376
134mTHR: 02,04,06,08,27|5|2.5985
134mGLY: 02,04,06,08,27|5|2.3309
286mGLU: 07,13,16,20,29|5|1.2182
135mGLU: 02,04,08,10,27|5|1.447
123mALA: 02,04,08,10,27|5|2.2886
319mASP: 07,12,19,20|4|2.2891
235mGLU: 03,09,13,24|4|2.9295
249mASN: 01,11,17,28|4|1.2405
164mGLU: 01,11,17,28|4|3.0569
319mTHR: 07,12,19,20|4|3.0179
311mSER: 07,12,16,19|4|1.2389
249mSER: 01,11,17,28|4|1.0427
424mTHR: 07,16,20,29|4|1.1073
249mTHR: 01,11,17,28|4|1.4609
235mTHR: 03,09,13,24|4|2.5102
311mASN: 07,12,16,19|4|1.0441
311mGLU: 07,12,16,19|4|2.7175
319mGLU: 07,12,19,20|4|4.0578
313mSER: 07,16,20,29|4|1.0692
311mTHR: 07,12,16,19|4|1.9655
319mASN: 07,12,19,20|4|1.174
249mGLU: 01,11,17,28|4|1.8574
258mASN: 05,13,29|3|1.0434
259mGLY: 05,13,14|3|2.3998
259mASN: 05,13,14|3|1.6226
258mTHR: 05,13,29|3|2.2453
259mALA: 05,13,14|3|2.8333
259mSER: 05,13,14|3|2.654
156mTHR: 05,13,14|3|2.4154
156mLEU: 05,13,14|3|2.4272
259mCYS: 05,13,14|3|1.2989
156mALA: 05,13,14|3|1.944
259mLEU: 05,13,14|3|1.6719
156mGLY: 05,13,14|3|1.6531
259mASP: 05,13,14|3|2.7987
258mGLU: 05,13,29|3|2.7008
428mGLU: 07,20,29|3|1.5262
165mGLU: 01,11,28|3|1.2354
258mLYS: 05,13,29|3|2.2085
261mALA: 05,13,14|3|3.6871
163mGLU: 11,17,28|3|1.064
156mGLN: 05,13,14|3|1.6904
261mMET: 05,13,14|3|1.1509
233mTHR: 05,13,14|3|1.2459
261mGLY: 05,13,14|3|2.9021
257mGLU: 05,13,14|3|1.3504
165mSER: 01,11,28|3|1.0318
261mPHE: 05,13,14|3|1.796
156mILE: 05,13,14|3|1.7503
261mCYS: 05,13,14|3|3.1269
257mSER: 05,13,14|3|1.3184
426mGLU: 07,20,29|3|1.0624
156mGLU: 05,13,14|3|2.8489
261mASP: 05,13,14|3|3.1156
232mGLU: 05,13,14|3|2.3288
156mVAL: 05,13,14|3|1.9718
156mSER: 05,13,14|3|1.1988
259mHIS: 05,13,14|3|1.1914
428mSER: 07,20,29|3|1.3569
233mGLU: 05,13,14|3|1.9776
261mPRO: 05,13,14|3|1.0575
261mLEU: 05,13,14|3|2.3694
156mASN: 05,13,14|3|1.0716
261mVAL: 05,13,14|3|2.8796
259mILE: 05,13,14|3|1.74
261mTRP: 05,13,14|3|1.2447
163mCYS: 11,17,28|3|1.0285
259mTHR: 05,13,14|3|2.3103
261mGLU: 05,13,14|3|4.05
259mGLN: 05,13,14|3|1.6128
201mGLU: 03,09,24|3|1.197
261mGLN: 05,13,14|3|1.7652
259mGLU: 05,13,14|3|3.4722
258mASP: 05,13,29|3|1.2547
261mSER: 05,13,14|3|3.1559
261mTHR: 05,13,14|3|2.6503
261mASN: 05,13,14|3|2.1257
426mASN: 07,20,29|3|1.0328
261mILE: 05,13,14|3|2.7815
259mVAL: 05,13,14|3|2.2236
165mTHR: 01,11,28|3|1.1035
428mGLY: 07,20,29|3|1.4692
261mHIS: 05,13,14|3|1.3297
259mLYS: 05,13,14|3|1.0403
261mLYS: 05,13,14|3|2.1389
156mMET: 05,13,14|3|1.745
305mALA: 07,16,29|3|1.6793
258mSER: 05,13,29|3|1.8221
