126mTHR: 04,05,08,13,21,28,29|7|4.0251
126mGLU: 04,05,08,13,21,28,29|7|6.4412
127mTHR: 04,05,08,13,21,28|6|2.0761
124mTHR: 04,05,13,21,28,29|6|2.0804
244mGLY: 01,04,08,12,24,28|6|1.4718
124mGLU: 04,05,13,21,28,29|6|2.6222
124mLEU: 04,05,13,21,28,29|6|1.3733
127mGLU: 04,05,08,13,21,28|6|3.421
250mASN: 05,08,13,21,23|5|2.4904
206mALA: 05,08,13,21,29|5|1.7389
250mGLN: 05,08,13,21,23|5|1.8254
250mSER: 05,08,13,21,23|5|1.6369
218mVAL: 01,11,12,20,24|5|2.4658
218mGLU: 01,11,12,20,24|5|4.5719
134mGLU: 01,04,05,12,28|5|4.1118
250mILE: 05,08,13,21,23|5|2.5397
218mALA: 01,11,12,20,24|5|4.2007
218mPRO: 01,11,12,20,24|5|2.2354
250mLYS: 05,08,13,21,23|5|2.6159
250mVAL: 05,08,13,21,23|5|3.4186
250mGLY: 05,08,13,21,23|5|2.9633
218mGLY: 01,11,12,20,24|5|2.6615
134mGLN: 01,04,05,12,28|5|1.6465
218mILE: 01,11,12,20,24|5|2.9021
134mASN: 01,04,05,12,28|5|1.9797
250mALA: 05,08,13,21,23|5|3.9438
218mPHE: 01,11,12,20,24|5|2.4767
134mVAL: 01,04,05,12,28|5|1.4513
242mGLU: 01,11,12,23,24|5|2.7975
283mSER: 03,06,17,18,19|5|1.4311
283mGLU: 03,06,17,18,19|5|2.6168
206mGLU: 05,08,13,21,29|5|4.8343
218mTHR: 01,11,12,20,24|5|3.7226
218mCYS: 01,11,12,20,24|5|6.5599
206mTHR: 05,08,13,21,29|5|3.5715
250mMET: 05,08,13,21,23|5|1.7604
250mTHR: 05,08,13,21,23|5|3.1983
134mTHR: 01,04,05,12,28|5|4.0018
134mGLY: 01,04,05,12,28|5|2.1807
283mALA: 03,06,17,18,19|5|1.1047
218mLEU: 01,11,12,20,24|5|3.3637
250mGLU: 05,08,13,21,23|5|1.6787
250mLEU: 05,08,13,21,23|5|1.884
139mLEU: 01,04,20,28|4|3.1553
123mLYS: 04,05,21,28|4|2.0283
258mTHR: 03,07,18,19|4|1.1543
139mTHR: 01,04,20,28|4|3.1023
279mMET: 03,06,17,19|4|1.0449
139mGLU: 01,04,20,28|4|3.4337
217mALA: 01,11,12,20|4|3.4651
122mLEU: 04,05,15,21|4|1.4434
217mGLY: 01,11,12,20|4|1.5955
139mGLN: 01,04,20,28|4|2.8173
190mGLU: 01,11,12,24|4|1.1188
122mTHR: 04,05,15,21|4|1.8821
243mGLU: 01,12,23,24|4|2.7944
258mGLU: 03,07,18,19|4|1.7579
122mSER: 04,05,15,21|4|1.8015
286mGLY: 06,17,18,19|4|1.0871
123mTHR: 04,05,21,28|4|2.5719
139mVAL: 01,04,20,28|4|2.4714
122mASN: 04,05,15,21|4|1.8247
123mGLY: 04,05,21,28|4|2.8333
139mHIS: 01,04,20,28|4|1.701
122mGLY: 04,05,15,21|4|2.1226
136mASP: 04,05,20,28|4|1.3714
243mASP: 01,12,23,24|4|1.3595
279mHIS: 03,06,17,19|4|1.3918
122mMET: 04,05,15,21|4|2.4284
286mSER: 06,17,18,19|4|1.1646
243mTHR: 01,12,23,24|4|1.5105
139mGLY: 01,04,20,28|4|2.4778
122mVAL: 04,05,15,21|4|1.3007
139mILE: 01,04,20,28|4|2.6639
139mALA: 01,04,20,28|4|2.74
122mGLU: 04,05,15,21|4|1.8612
286mTHR: 06,17,18,19|4|1.5402
122mGLN: 04,05,15,21|4|1.6892
190mTHR: 01,11,12,24|4|1.0355
123mILE: 04,05,21,28|4|1.2669
123mVAL: 04,05,21,28|4|1.9865
139mTRP: 01,04,20,28|4|2.4511
139mASN: 01,04,20,28|4|1.6935
139mMET: 01,04,20,28|4|2.5878
122mTRP: 04,05,15,21|4|1.4047
122mHIS: 04,05,15,21|4|2.5154
139mSER: 01,04,20,28|4|1.696
286mGLU: 06,17,18,19|4|2.1281
191mGLY: 01,11,12,24|4|1.0015
123mALA: 04,05,21,28|4|2.3573
219mCYS: 01,11,12|3|1.3937
424mASN: 03,06,18|3|1.0371
182mLEU: 07,15,29|3|1.1894
273mGLY: 03,18,19|3|2.0498
182mGLU: 07,15,29|3|2.1158
193mHIS: 01,11,12|3|1.1239
245mASN: 08,23,28|3|1.0958
264mTHR: 03,18,19|3|1.0026
245mGLU: 08,23,28|3|1.4291
251mASN: 08,13,23|3|1.0299
454mASP: 03,06,19|3|1.012
182mTHR: 07,15,29|3|1.6909
251mTHR: 08,13,23|3|1.2511
297mGLU: 01,11,24|3|1.8388
182mMET: 07,15,29|3|1.3743
140mGLY: 01,11,20|3|1.0761
424mTHR: 03,06,18|3|1.7687
273mLYS: 03,18,19|3|1.0872
130mGLY: 04,12,28|3|1.1361
424mGLY: 03,06,18|3|1.0359
165mTHR: 01,11,24|3|1.5528
193mGLY: 01,11,12|3|1.1113
297mMET: 01,11,24|3|1.3834
182mVAL: 07,15,29|3|1.2742
454mLYS: 03,06,19|3|1.3197
146mTHR: 09,15,20|3|1.8176
454mALA: 03,06,19|3|1.0704
251mGLY: 08,13,23|3|1.1842
146mGLY: 09,15,20|3|1.9963
264mGLU: 03,18,19|3|1.0497
142mGLU: 09,15,20|3|2.4881
165mASN: 01,11,24|3|1.3222
219mALA: 01,11,12|3|1.0451
140mTHR: 01,11,20|3|1.7923
266mGLU: 15,18,19|3|1.3995
273mTHR: 03,18,19|3|2.4294
251mHIS: 08,13,23|3|1.0061
266mALA: 15,18,19|3|1.2611
297mGLY: 01,11,24|3|1.0056
297mALA: 01,11,24|3|1.3141
454mTHR: 03,06,19|3|1.4599
424mGLU: 03,06,18|3|1.9026
165mGLY: 01,11,24|3|1.87
182mGLY: 07,15,29|3|1.5505
454mGLY: 03,06,19|3|1.4632
251mVAL: 08,13,23|3|1.197
245mMET: 08,23,28|3|1.0829
165mILE: 01,11,24|3|1.1956
182mGLN: 07,15,29|3|1.5839
146mGLU: 09,15,20|3|2.6605
297mTHR: 01,11,24|3|1.5273
273mHIS: 03,18,19|3|1.2785
245mGLY: 08,23,28|3|1.3052
273mASN: 03,18,19|3|1.9147
140mGLU: 01,11,20|3|1.4923
259mTHR: 03,07,19|3|1.0346
266mTHR: 15,18,19|3|1.2454
245mGLN: 08,23,28|3|1.0419
245mHIS: 08,23,28|3|1.1432
273mSER: 03,18,19|3|1.6428
273mGLN: 03,18,19|3|1.1198
165mGLN: 01,11,24|3|1.0966
273mGLU: 03,18,19|3|2.8253
140mASN: 01,11,20|3|1.0641
251mALA: 08,13,23|3|1.1948
454mSER: 03,06,19|3|1.1408
454mHIS: 03,06,19|3|1.1584
297mGLN: 01,11,24|3|1.3593
165mHIS: 01,11,24|3|1.0929
248mTHR: 08,13,23|3|1.472
305mALA: 03,09,18|3|1.71
454mASN: 03,06,19|3|1.1887
165mALA: 01,11,24|3|2.0796
140mALA: 01,11,20|3|1.3531
297mASP: 01,11,24|3|1.7086
248mGLU: 08,13,23|3|1.3505
266mGLY: 15,18,19|3|1.3345
182mHIS: 07,15,29|3|1.11
165mVAL: 01,11,24|3|1.8154
454mGLU: 03,06,19|3|1.188
305mGLY: 03,09,18|3|1.8439
142mTHR: 09,15,20|3|1.7768
305mVAL: 03,09,18|3|1.3966
146mCYS: 09,15,20|3|3.2677
146mASP: 09,15,20|3|2.3867
396mGLU: 06,17,18|3|1.2007
182mSER: 07,15,29|3|1.0177
245mTHR: 08,23,28|3|1.1191
182mASN: 07,15,29|3|1.3176
230mASP: 07,19,29|3|1.099
145mGLU: 09,15,20|3|1.3475
248mVAL: 08,13,23|3|1.1976
