440mGLU: 01,18,28|3|2.1414
440mSER: 01,18,28|3|1.9818
440mLYS: 01,18,28|3|2.2893
440mILE: 01,18,28|3|1.2606
440mTHR: 01,18,28|3|1.7642
438mLYS: 01,18,28|3|1.2855
290mALA: 01,18,28|3|1.3962
438mSER: 01,18,28|3|1.579
440mGLY: 01,18,28|3|2.0265
440mHIS: 01,18,28|3|1.1394
440mLEU: 01,18,28|3|1.3346
440mCYS: 01,18,28|3|1.6022
438mGLU: 01,18,28|3|2.4766
290mLYS: 01,18,28|3|1.4657
438mALA: 01,18,28|3|2.8078
438mASP: 01,18,28|3|2.4416
438mGLY: 01,18,28|3|1.9636
440mASP: 01,18,28|3|1.1093
290mGLY: 01,18,28|3|1.1209
440mALA: 01,18,28|3|2.9591
