268mILE: 01,03,05,19,28|5|5.203
274mASP: 02,03,10,15,19|5|2.1375
268mGLU: 01,03,05,19,28|5|7.5
268mMET: 01,03,05,19,28|5|4.282
265mVAL: 01,05,17,19,28|5|1.539
265mALA: 01,05,17,19,28|5|2.0046
268mASN: 01,03,05,19,28|5|4.1201
268mALA: 01,03,05,19,28|5|5.7857
146mCYS: 01,03,05,19,28|5|2.3673
268mGLN: 01,03,05,19,28|5|5.1526
146mTHR: 01,03,05,19,28|5|2.3045
265mGLU: 01,05,17,19,28|5|1.347
268mLEU: 01,03,05,19,28|5|5.6126
266mGLU: 01,05,17,19,28|5|5.0446
268mVAL: 01,03,05,19,28|5|6.0386
268mSER: 01,03,05,19,28|5|3.2845
268mGLY: 01,03,05,19,28|5|4.8779
266mTHR: 01,05,17,19,28|5|4.5929
268mASP: 01,03,05,19,28|5|4.3389
146mALA: 01,03,05,19,28|5|1.025
268mTHR: 01,03,05,19,28|5|7.0249
377mTHR: 08,13,16,26|4|1.482
218mGLU: 02,03,10,15|4|1.7128
377mCYS: 08,13,16,26|4|4.1105
220mLYS: 02,03,10,15|4|1.3141
218mASN: 02,03,10,15|4|1.0866
220mSER: 02,03,10,15|4|1.1378
220mTHR: 02,03,10,15|4|1.2436
220mASP: 02,03,10,15|4|1.9183
220mGLU: 02,03,10,15|4|1.8052
377mGLU: 08,13,16,26|4|2.6897
378mGLU: 08,13,16,26|4|1.2078
220mASN: 02,03,10,15|4|1.7755
220mGLY: 02,03,10,15|4|1.5062
378mTHR: 08,13,16,26|4|1.6738
401mGLN: 13,16,26|3|1.0675
259mGLY: 17,22,29|3|1.858
401mTHR: 13,16,26|3|1.1823
250mASN: 04,22,29|3|1.5654
140mVAL: 02,03,19|3|1.6543
259mASN: 17,22,29|3|1.2528
278mTHR: 02,10,15|3|1.4218
300mSER: 02,10,15|3|1.0981
250mTHR: 04,22,29|3|1.5814
259mSER: 17,22,29|3|1.5018
301mTHR: 02,10,15|3|1.1648
278mASP: 02,10,15|3|2.4698
140mLYS: 02,03,19|3|2.1999
401mGLY: 13,16,26|3|1.5624
330mASP: 13,16,27|3|1.4939
278mGLU: 02,10,15|3|1.8426
190mGLU: 02,10,15|3|1.6035
300mLEU: 02,10,15|3|1.4185
401mASP: 13,16,26|3|2.3621
140mGLY: 02,03,19|3|1.4851
401mASN: 13,16,26|3|1.6838
259mASP: 17,22,29|3|1.0098
341mGLN: 08,13,16|3|1.2386
341mGLY: 08,13,16|3|2.056
300mALA: 02,10,15|3|2.5276
341mTHR: 08,13,16|3|2.0217
143mPRO: 03,19,28|3|1.2353
250mGLY: 04,22,29|3|1.1483
143mTHR: 03,19,28|3|1.1434
300mGLY: 02,10,15|3|1.9033
400mASP: 13,16,26|3|1.2706
341mALA: 08,13,16|3|1.3088
140mTHR: 02,03,19|3|1.7423
278mGLY: 02,10,15|3|1.7891
204mTHR: 04,22,29|3|1.4057
300mGLU: 02,10,15|3|2.4779
143mGLY: 03,19,28|3|1.2721
140mILE: 02,03,19|3|1.3678
297mALA: 02,10,15|3|1.0582
401mGLU: 13,16,26|3|2.1606
204mGLY: 04,22,29|3|1.5086
341mASN: 08,13,16|3|1.7686
300mTHR: 02,10,15|3|2.3356
401mSER: 13,16,26|3|1.1935
341mVAL: 08,13,16|3|1.4007
278mLYS: 02,10,15|3|1.6903
140mGLU: 02,03,19|3|1.1755
311mMET: 10,19,27|3|1.1233
311mGLU: 10,19,27|3|1.1061
190mTHR: 02,10,15|3|1.4962
140mSER: 02,03,19|3|1.2783
300mVAL: 02,10,15|3|1.6994
341mSER: 08,13,16|3|1.229
259mGLU: 17,22,29|3|1.3978
143mALA: 03,19,28|3|1.5641
140mASN: 02,03,19|3|1.8369
301mGLU: 02,10,15|3|1.6756
311mTHR: 10,19,27|3|1.0494
140mALA: 02,03,19|3|2.0953
204mALA: 04,22,29|3|1.4792
278mGLN: 02,10,15|3|1.1122
278mASN: 02,10,15|3|1.8889
401mLYS: 13,16,26|3|1.412
278mSER: 02,10,15|3|1.3
341mGLU: 08,13,16|3|2.5184
330mCYS: 13,16,27|3|2.7301
278mPRO: 02,10,15|3|1.2205
143mVAL: 03,19,28|3|1.0245
205mGLU: 04,22,29|3|1.0439
278mCYS: 02,10,15|3|1.1394
