146mGLY: 01,02,03,06,14,16,17,20|8|8.1972
146mGLN: 01,02,03,06,14,16,17,20|8|3.2144
146mGLU: 01,02,03,06,14,16,17,20|8|10.9632
147mGLU: 01,02,03,06,09,14,16,17|8|4.1577
147mASP: 01,02,03,06,09,14,16,17|8|3.2172
147mALA: 01,02,03,06,09,14,16,17|8|5.5104
146mASP: 01,02,03,06,14,16,17,20|8|9.5974
178mSER: 01,02,03,06,09,10,14|7|1.7458
178mLYS: 01,02,03,06,09,10,14|7|1.8918
178mGLY: 01,02,03,06,09,10,14|7|2.4121
178mLEU: 01,02,03,06,09,10,14|7|1.6226
122mSER: 02,06,08,14,16,22,29|7|1.5294
122mGLY: 02,06,08,14,16,22,29|7|1.8009
268mGLY: 01,02,03,14,16,17,20|7|3.5683
122mGLN: 02,06,08,14,16,22,29|7|1.2847
122mTHR: 02,06,08,14,16,22,29|7|1.9342
178mALA: 01,02,03,06,09,10,14|7|3.8078
178mILE: 01,02,03,06,09,10,14|7|1.6258
142mALA: 01,02,14,16,20|5|2.6396
262mCYS: 01,03,06,09,10|5|2.8328
262mLYS: 01,03,06,09,10|5|2.6061
376mCYS: 11,12,23|3|1.4862
127mCYS: 08,22,29|3|3.5565
217mCYS: 16,20,26|3|2.0103
136mLYS: 08,22,29|3|1.1646
126mASP: 08,22,29|3|2.0566
123mGLU: 08,22,29|3|1.4742
229mGLY: 06,09,10|3|1.4149
377mGLU: 11,12,23|3|3.1975
229mILE: 06,09,10|3|1.2064
229mCYS: 06,09,10|3|3.2666
377mCYS: 11,12,23|3|2.6297
263mALA: 01,09,10|3|1.0792
135mSER: 08,22,29|3|1.1636
135mALA: 08,22,29|3|2.0356
140mGLY: 14,16,20|3|1.1554
229mALA: 06,09,10|3|2.3047
379mCYS: 11,12,23|3|2.285
135mCYS: 08,22,29|3|2.5012
127mALA: 08,22,29|3|1.2536
269mGLY: 03,14,20|3|1.2367
123mCYS: 08,22,29|3|2.8319
269mCYS: 03,14,20|3|2.4642
377mLYS: 11,12,23|3|1.8786
127mGLU: 08,22,29|3|1.0277
123mTHR: 08,22,29|3|1.4114
141mSER: 14,16,20|3|1.139
269mASP: 03,14,20|3|1.6746
377mASP: 11,12,23|3|2.953
141mASN: 14,16,20|3|1.0464
263mCYS: 01,09,10|3|1.5386
141mGLY: 14,16,20|3|1.4008
136mTHR: 08,22,29|3|2.0402
229mTHR: 06,09,10|3|1.581
135mGLY: 08,22,29|3|1.4316
226mCYS: 06,08,09|3|1.4519
229mGLU: 06,09,10|3|2.1823
267mALA: 02,17,20|3|1.1651
136mASN: 08,22,29|3|1.275
123mASP: 08,22,29|3|2.0933
141mTHR: 14,16,20|3|1.2668
205mASP: 08,10,29|3|1.6217
140mGLU: 14,16,20|3|1.2148
141mGLU: 14,16,20|3|1.6055
140mSER: 14,16,20|3|1.2994
377mGLY: 11,12,23|3|2.1185
126mGLU: 08,22,29|3|1.7648
229mASP: 06,09,10|3|1.9567
135mASP: 08,22,29|3|1.9944
141mHIS: 14,16,20|3|1.3622
135mGLU: 08,22,29|3|2.1551
269mALA: 03,14,20|3|1.5008
123mALA: 08,22,29|3|1.1622
127mASP: 08,22,29|3|1.7409
