146mLYS: 01,03,10,24,25|5|2.5659
146mTHR: 01,03,10,24,25|5|2.3674
146mGLU: 01,03,10,24,25|5|3.2248
146mALA: 01,03,10,24,25|5|3.0169
146mASP: 01,03,10,24,25|5|2.4877
144mLYS: 03,10,24,25|4|1.5513
147mSER: 01,03,10,24|4|1.4092
147mGLY: 01,03,10,24|4|1.6861
144mALA: 03,10,24,25|4|2.5501
144mCYS: 03,10,24,25|4|5.9757
144mASP: 03,10,24,25|4|1.5099
144mGLU: 03,10,24,25|4|2.3445
179mGLU: 01,03,24|3|1.3749
266mASP: 03,10,25|3|1.2689
267mGLU: 03,10,25|3|1.3257
136mGLU: 10,23,24|3|1.0994
303mSER: 03,10,25|3|1.926
119mCYS: 01,23,24|3|5.2084
303mGLU: 03,10,25|3|2.8346
303mTHR: 03,10,25|3|1.4139
303mASP: 03,10,25|3|1.9073
274mCYS: 03,10,25|3|2.1945
119mGLU: 01,23,24|3|2.5646
267mCYS: 03,10,25|3|2.3482
171mGLU: 10,25|2|1.2225
137mCYS: 23,24|2|1.4984
217mCYS: 10,25|2|3.8533
177mASP: 03,24|2|2.161
177mGLU: 03,24|2|1.2404
178mGLY: 03,24|2|1.0957
217mALA: 10,25|2|2.7162
220mALA: 10,25|2|1.0778
177mALA: 03,24|2|1.0372
217mGLY: 10,25|2|2.8925
210mCYS: 01,23|2|1.3274
217mILE: 10,25|2|1.3054
217mASP: 10,25|2|3.3697
122mALA: 23,24|2|1.2684
217mASN: 10,25|2|3.3534
177mGLY: 03,24|2|1.4868
122mGLY: 23,24|2|1.0556
172mGLU: 10,25|2|1.3485
181mGLU: 01,03|2|1.9356
178mASP: 03,24|2|1.4328
220mGLU: 10,25|2|1.1439
178mCYS: 03,24|2|1.2868
181mTHR: 01,03|2|1.5446
208mCYS: 01,23|2|3.5579
123mSER: 23,24|2|1.1902
217mTHR: 10,25|2|3.3334
220mCYS: 10,25|2|1.0405
217mGLU: 10,25|2|3.6335
122mASP: 23,24|2|1.0312
273mHIS: 03,19|2|1.0558
217mSER: 10,25|2|2.206
208mALA: 01,23|2|1.3658
177mCYS: 03,24|2|1.869
208mGLU: 01,23|2|1.4475
206mCYS: 01,23|2|2.186
177mLYS: 03,24|2|1.1778
143mCYS: 10,24|2|1.2584
122mSER: 23,24|2|1.0351
217mLYS: 10,25|2|4.3236
205mGLU: 01,23|2|1.0564
243mVAL: 28|1|1.395
427mGLU: 19|1|1.1264
434mGLU: 15|1|1.6996
407mGLU: 15|1|1.0255
390mALA: 15|1|1.2966
243mPHE: 28|1|1.1015
244mLEU: 28|1|1.0463
288mTHR: 19|1|1.0307
390mCYS: 15|1|1.0719
447mALA: 19|1|1.1168
244mASP: 28|1|1.1748
243mTHR: 28|1|1.2287
243mALA: 28|1|1.6998
245mCYS: 28|1|1.2184
244mTHR: 28|1|1.2094
243mCYS: 28|1|4.17
288mASP: 19|1|1.6289
226mGLU: 01|1|1.0853
428mCYS: 19|1|2.386
243mASP: 28|1|1.317
288mGLY: 19|1|1.2094
447mILE: 19|1|1.0734
244mGLN: 28|1|1.1325
226mCYS: 01|1|2.104
333mCYS: 15|1|1.5759
243mGLU: 28|1|2.1756
434mCYS: 15|1|2.3364
434mTHR: 15|1|1.1017
224mCYS: 01|1|1.7574
391mGLU: 15|1|1.1264
244mGLU: 28|1|1.7822
244mSER: 28|1|1.1391
434mALA: 15|1|1.096
243mLEU: 28|1|1.2571
244mALA: 28|1|1.2001
288mLYS: 19|1|1.2097
426mALA: 19|1|1.0829
447mLEU: 19|1|1.0479
447mCYS: 19|1|1.8159
288mASN: 19|1|1.3383
334mCYS: 15|1|1.4685
436mGLU: 15|1|1.0144
288mGLU: 19|1|1.1788
243mILE: 28|1|1.2426
244mCYS: 28|1|1.1068
334mGLU: 15|1|1.1285
396mCYS: 19|1|1.6997
127mASP: 23|1|1.1868
329mCYS: 15|1|1.286
