265mLYS: 00,01,02,03,07,08,09,10|8|5.6859
265mVAL: 00,01,02,03,07,08,09,10|8|4.256
265mALA: 00,01,02,03,07,08,09,10|8|4.7331
146mTHR: 00,01,02,03,07,08,09,22|8|4.2188
265mGLU: 00,01,02,03,07,08,09,10|8|2.6882
265mGLY: 00,01,02,03,07,08,09,10|8|3.8618
272mGLY: 01,02,07,08,10,21,22|7|3.018
272mGLU: 01,02,07,08,10,21,22|7|1.5682
272mSER: 01,02,07,08,10,21,22|7|2.9151
272mASN: 01,02,07,08,10,21,22|7|3.5391
272mHIS: 01,02,07,08,10,21,22|7|2.5109
272mALA: 01,02,07,08,10,21,22|7|4.9404
272mVAL: 01,02,07,08,10,21,22|7|4.2835
272mLYS: 01,02,07,08,10,21,22|7|6.1382
180mLYS: 00,03,09,10,12|5|3.6473
180mGLU: 00,03,09,10,12|5|1.1578
180mTHR: 00,03,09,10,12|5|1.7929
180mSER: 00,03,09,10,12|5|2.7838
180mASN: 00,03,09,10,12|5|1.349
178mVAL: 03,08,09,10|4|1.0318
178mLYS: 03,08,09,10|4|1.3472
141mSER: 03,08,09,22|4|1.1404
141mGLY: 03,08,09,22|4|1.8948
141mHIS: 03,08,09,22|4|1.2812
178mALA: 03,08,09,10|4|1.2351
142mGLY: 03,08,09,22|4|1.8533
142mLYS: 03,08,09,22|4|1.6059
141mALA: 03,08,09,22|4|1.4387
441mVAL: 11,13,15|3|1.5372
300mHIS: 11,13,15|3|1.9612
440mGLU: 11,13,15|3|2.925
440mTHR: 11,13,15|3|2.8143
300mALA: 11,13,15|3|2.2838
293mPRO: 11,13,15|3|2.2696
184mALA: 03,09,12|3|1.9029
184mASN: 03,09,12|3|1.2316
300mSER: 11,13,15|3|1.5097
293mGLY: 11,13,15|3|1.369
184mVAL: 03,09,12|3|1.673
438mTHR: 11,13,15|3|2.2574
440mLEU: 11,13,15|3|1.25
300mGLU: 11,13,15|3|1.3924
289mGLN: 11,13,15|3|1.0498
438mGLU: 11,13,15|3|3.8569
438mASN: 11,13,15|3|2.2655
300mLEU: 11,13,15|3|1.9084
184mTHR: 03,09,12|3|1.4229
440mLYS: 11,13,15|3|2.0695
293mASN: 11,13,15|3|1.7567
440mASN: 11,13,15|3|2.6031
184mHIS: 03,09,12|3|1.021
441mCYS: 11,13,15|3|1.6558
441mALA: 11,13,15|3|1.5037
184mARG: 03,09,12|3|1.169
184mILE: 03,09,12|3|1.1286
300mILE: 11,13,15|3|1.782
300mGLY: 11,13,15|3|1.8409
271mALA: 02,08,22|3|1.3795
441mLYS: 11,13,15|3|2.2188
184mLYS: 03,09,12|3|2.0369
438mHIS: 11,13,15|3|1.3021
441mTHR: 11,13,15|3|1.7294
440mGLY: 11,13,15|3|1.9794
297mGLY: 11,13,15|3|1.1208
300mGLN: 11,13,15|3|1.7926
297mALA: 11,13,15|3|1.2409
441mSER: 11,13,15|3|1.1553
289mPRO: 11,13,15|3|1.3138
300mMET: 11,13,15|3|2.0187
300mASN: 11,13,15|3|1.812
440mILE: 11,13,15|3|1.2942
438mSER: 11,13,15|3|2.6178
184mGLY: 03,09,12|3|1.1744
293mTHR: 11,13,15|3|1.3131
270mGLY: 02,10,21|3|1.1018
300mCYS: 11,13,15|3|1.0856
293mLYS: 11,13,15|3|2.95
289mSER: 11,13,15|3|1.0458
438mGLY: 11,13,15|3|1.6351
300mVAL: 11,13,15|3|2.8103
293mSER: 11,13,15|3|1.4907
300mTHR: 11,13,15|3|3.2439
440mVAL: 11,13,15|3|1.6625
289mLYS: 11,13,15|3|1.613
438mLYS: 11,13,15|3|1.7967
440mHIS: 11,13,15|3|1.5971
293mALA: 11,13,15|3|2.0249
293mVAL: 11,13,15|3|1.8131
440mALA: 11,13,15|3|1.8304
293mARG: 11,13,15|3|1.3564
440mSER: 11,13,15|3|2.6449
438mALA: 11,13,15|3|1.1852
217mASN: 09,22|2|1.3573
119mGLY: 03,12|2|1.3173
217mGLU: 09,22|2|1.0941
442mSER: 13,15|2|1.1408
326mCYS: 06|1|2.083
251mGLY: 04|1|1.1811
206mCYS: 12|1|1.0823
326mTHR: 06|1|1.462
250mSER: 04|1|1.2354
326mPRO: 06|1|1.3384
261mILE: 10|1|1.5899
326mVAL: 06|1|1.3648
326mALA: 06|1|1.19
326mGLN: 06|1|1.3558
326mPHE: 06|1|1.5182
261mVAL: 10|1|1.4229
261mALA: 10|1|1.7635
326mILE: 06|1|1.3636
259mCYS: 10|1|1.1386
261mGLY: 10|1|1.3868
336mPRO: 06|1|1.0389
261mPHE: 10|1|1.2418
251mHIS: 04|1|1.1299
182mCYS: 12|1|2.1916
251mSER: 04|1|1.0257
261mASP: 10|1|1.0902
281mHIS: 13|1|1.0268
261mLEU: 10|1|1.4682
326mGLU: 06|1|1.653
326mMET: 06|1|1.1374
337mCYS: 06|1|1.1386
326mTRP: 06|1|1.2548
261mGLU: 10|1|1.2416
326mASP: 06|1|1.399
261mSER: 10|1|1.0369
326mLEU: 06|1|1.505
336mCYS: 06|1|1.3838
261mCYS: 10|1|2.7152
336mLYS: 06|1|2.071
205mCYS: 12|1|1.2652
338mSER: 06|1|1.0265
