440mGLU: 03,06,07,10,15,16,27,29|8|5.2044
440mLYS: 03,06,07,10,15,16,27,29|8|4.5435
440mTHR: 03,06,07,10,15,16,27,29|8|4.6904
438mGLU: 03,06,07,10,15,16,18,29|8|3.8471
440mSER: 03,06,07,10,15,16,27,29|8|5.0168
432mGLY: 03,05,06,07,11,23,26,27|8|1.7875
438mGLY: 03,06,07,10,15,16,18,29|8|3.6479
440mALA: 03,06,07,10,15,16,27,29|8|5.8055
440mILE: 03,06,07,10,15,16,27,29|8|2.8942
438mSER: 03,06,07,10,15,16,18,29|8|2.7131
440mGLY: 03,06,07,10,15,16,27,29|8|4.7435
438mALA: 03,06,07,10,15,16,18,29|8|2.2153
440mASP: 03,06,07,10,15,16,27,29|8|5.0121
362mGLY: 03,06,07,10,15,16,29|7|6.1133
362mALA: 03,06,07,10,15,16,29|7|6.6013
362mCYS: 03,06,07,10,15,16,29|7|10.408
362mGLU: 03,06,07,10,15,16,29|7|7.8428
362mSER: 03,06,07,10,15,16,29|7|5.3465
439mLYS: 03,05,06,11,18,27,29|7|3.8494
362mTHR: 03,06,07,10,15,16,29|7|5.7571
362mASP: 03,06,07,10,15,16,29|7|7.0024
365mGLU: 06,07,10,15,16,29|6|1.8653
430mGLY: 05,07,10,23,26,27|6|2.5463
356mGLU: 03,05,07,10,26,29|6|5.7577
444mLYS: 03,05,07,10,26|5|3.0375
444mARG: 03,05,07,10,26|5|1.0768
434mLEU: 03,05,06,11,27|5|2.063
436mALA: 03,05,11,18,27|5|3.2868
436mCYS: 03,05,11,18,27|5|5.27
444mPRO: 03,05,07,10,26|5|1.2865
444mGLU: 03,05,07,10,26|5|2.2505
434mGLY: 03,05,06,11,27|5|1.7995
434mVAL: 03,05,06,11,27|5|1.4505
434mILE: 03,05,06,11,27|5|1.6263
355mGLY: 05,07,10,26,29|5|1.0533
444mSER: 03,05,07,10,26|5|2.1258
444mCYS: 03,05,07,10,26|5|4.8277
355mASP: 05,07,10,26,29|5|2.437
434mCYS: 03,05,06,11,27|5|4.235
435mGLY: 06,07,15,16,29|5|2.2676
445mGLY: 05,07,10,26,27|5|3.1745
444mTHR: 03,05,07,10,26|5|1.3627
407mASP: 11,18,21,23,27|5|2.9994
445mCYS: 05,07,10,26,27|5|4.0671
435mSER: 06,07,15,16,29|5|1.9005
435mTHR: 06,07,15,16,29|5|1.7453
434mASP: 03,05,06,11,27|5|1.555
444mGLY: 03,05,07,10,26|5|2.8985
444mASP: 03,05,07,10,26|5|3.5814
445mALA: 05,07,10,26,27|5|2.9158
355mGLU: 05,07,10,26,29|5|2.8969
355mCYS: 05,07,10,26,29|5|5.0094
434mGLU: 03,05,06,11,27|5|2.2904
435mGLU: 06,07,15,16,29|5|2.1126
444mALA: 03,05,07,10,26|5|3.2679
401mGLN: 11,21,23,27|4|1.0973
401mTHR: 11,21,23,27|4|1.6313
401mGLY: 11,21,23,27|4|2.2565
401mASP: 11,21,23,27|4|3.2165
401mGLU: 11,21,23,27|4|2.3954
401mSER: 11,21,23,27|4|1.7609
401mALA: 11,21,23,27|4|2.427
401mLYS: 11,21,23,27|4|1.3221
390mGLU: 05,11,16,18|4|1.4143
403mALA: 21,23,27|3|1.4502
403mGLN: 21,23,27|3|1.6575
364mCYS: 15,16,29|3|1.2371
361mCYS: 07,15,29|3|1.0863
403mGLU: 21,23,27|3|1.9411
403mSER: 21,23,27|3|1.5424
403mTHR: 21,23,27|3|1.4212
403mGLY: 21,23,27|3|1.4706
403mASP: 21,23,27|3|2.2769
400mSER: 23,26|2|1.3808
369mLEU: 15,16|2|1.5131
400mVAL: 23,26|2|1.4737
339mSER: 21,23|2|1.3338
370mGLU: 15,16|2|1.3734
369mASP: 15,16|2|1.0315
339mGLY: 21,23|2|1.0928
400mGLY: 23,26|2|1.4286
369mCYS: 15,16|2|3.0714
400mASP: 23,26|2|1.4505
370mCYS: 15,16|2|2.2982
369mGLU: 15,16|2|1.8483
400mCYS: 23,26|2|2.918
400mGLU: 23,26|2|1.3582
339mASP: 21,23|2|1.5283
369mALA: 15,16|2|1.8276
408mCYS: 18,21|2|1.1145
369mGLY: 15,16|2|1.17
339mHIS: 21,23|2|1.1677
400mALA: 23,26|2|2.5639
369mPHE: 15,16|2|1.1991
428mLYS: 07,26|2|1.7049
400mHIS: 23,26|2|1.168
400mLYS: 23,26|2|1.7329
339mLYS: 21,23|2|1.2074
370mALA: 15,16|2|1.1386
369mVAL: 15,16|2|1.3659
369mILE: 15,16|2|1.497
339mGLU: 21,23|2|1.4355
410mALA: 18,21|2|1.3241
368mCYS: 15|1|1.0415
398mALA: 26|1|1.1074
456mCYS: 15|1|1.0415
