375 376 377 
375 376 418 
373 376 418 
373 375 376 
373 418 421 
421 423 426 
347 348 372 
347 348 349 
347 348 370 
347 348 350 
347 348 373 
347 348 369 
347 348 371 
347 348 351 
347 349 372 
347 370 372 
347 350 372 
347 372 373 
347 369 372 
347 371 372 
347 351 372 
347 349 370 
347 349 350 
347 349 373 
347 349 369 
347 349 371 
347 349 351 
347 350 370 
347 370 373 
347 370 371 
347 351 370 
347 350 373 
347 350 369 
347 350 371 
347 350 351 
347 369 373 
347 371 373 
347 369 371 
347 351 369 
347 351 371 
356 444 445 
361 444 445 
432 444 445 
444 445 446 
355 444 445 
354 444 445 
396 444 445 
363 444 445 
431 444 445 
356 361 445 
356 445 446 
355 356 445 
354 356 445 
361 445 446 
355 361 445 
354 361 445 
361 363 445 
361 431 445 
432 445 446 
396 432 445 
363 432 445 
431 432 445 
355 445 446 
354 445 446 
396 445 446 
363 445 446 
431 445 446 
354 355 445 
355 363 445 
355 431 445 
354 363 445 
354 431 445 
396 431 445 
363 431 445 
356 359 361 
356 359 446 
355 356 359 
354 356 359 
359 361 446 
355 359 361 
354 359 361 
359 361 363 
359 361 364 
351 359 361 
355 359 446 
354 359 446 
359 363 446 
359 364 446 
351 359 446 
351 359 451 
354 355 359 
355 359 363 
354 359 363 
354 359 364 
351 354 359 
359 363 364 
351 359 363 
351 359 364 
356 361 444 
356 444 446 
355 356 444 
354 356 444 
361 444 446 
355 361 444 
354 361 444 
361 363 444 
361 431 444 
432 444 446 
396 432 444 
363 432 444 
432 434 444 
431 432 444 
355 444 446 
354 444 446 
396 444 446 
363 444 446 
431 444 446 
354 355 444 
355 363 444 
355 431 444 
354 363 444 
354 431 444 
396 431 444 
363 431 444 
431 434 444 
372 375 418 
373 375 418 
372 373 418 
371 372 418 
371 373 418 
356 361 446 
355 356 361 
354 356 361 
355 356 446 
354 356 446 
354 355 356 
372 373 375 
348 349 372 
348 370 372 
348 350 372 
348 372 373 
348 369 372 
348 371 372 
348 351 372 
348 349 370 
348 349 451 
348 349 350 
348 349 373 
348 349 369 
348 349 371 
348 349 351 
348 370 451 
348 350 370 
348 370 373 
348 370 371 
348 351 370 
348 350 451 
348 371 451 
348 351 451 
348 350 373 
348 350 369 
348 350 371 
348 350 351 
348 369 373 
348 371 373 
348 369 371 
348 351 369 
348 351 371 
349 426 451 
349 350 426 
349 351 426 
355 426 446 
354 426 446 
351 426 446 
350 426 451 
351 426 451 
354 355 426 
351 354 426 
350 351 426 
349 370 372 
349 350 372 
349 372 373 
349 369 372 
349 371 372 
349 351 372 
350 370 372 
370 372 373 
370 371 372 
351 370 372 
350 372 373 
350 369 372 
350 371 372 
350 351 372 
369 372 373 
371 372 373 
369 371 372 
351 369 372 
351 371 372 
355 361 446 
354 361 446 
361 363 446 
361 364 446 
361 431 446 
351 361 446 
354 355 361 
355 361 363 
355 361 431 
354 361 363 
354 361 364 
354 361 431 
351 354 361 
361 363 364 
361 363 431 
351 361 363 
361 364 431 
351 361 364 
349 370 451 
349 350 370 
349 370 373 
349 370 371 
349 351 370 
349 350 451 
349 371 451 
349 351 451 
349 350 373 
349 350 369 
349 350 371 
349 350 351 
349 369 373 
349 371 373 
349 369 371 
349 351 369 
349 351 371 
350 370 451 
370 371 451 
351 370 451 
350 370 373 
350 364 370 
350 370 371 
350 351 370 
370 371 373 
364 370 371 
351 364 370 
351 370 371 
396 432 446 
363 432 446 
431 432 446 
396 431 432 
363 431 432 
363 389 432 
431 432 434 
389 432 434 
354 355 446 
355 363 446 
355 431 446 
354 363 446 
354 364 446 
354 431 446 
351 354 446 
396 431 446 
363 364 446 
363 431 446 
351 363 446 
364 431 446 
351 364 446 
350 371 451 
350 351 451 
351 371 451 
354 355 363 
354 355 431 
355 363 431 
354 363 364 
354 363 431 
351 354 363 
354 364 431 
351 354 364 
350 369 373 
350 371 373 
350 364 369 
350 364 371 
350 351 364 
350 369 371 
350 351 369 
350 351 371 
369 371 373 
363 364 431 
351 363 364 
364 369 371 
351 364 369 
351 364 371 
351 369 371 
