152 173 175 
152 172 175 
152 232 259 
204 205 206 
201 204 206 
201 204 205 
126 206 208 
205 206 208 
201 205 206 
201 206 208 
206 208 226 
201 206 226 
123 126 127 
123 127 208 
123 127 135 
123 124 127 
123 127 134 
126 127 196 
126 127 208 
126 127 130 
124 126 127 
127 130 196 
124 127 208 
127 130 135 
124 127 135 
127 134 135 
127 130 134 
123 126 208 
123 124 126 
122 123 208 
123 124 208 
122 123 135 
123 124 135 
123 135 136 
123 135 138 
123 134 135 
122 123 124 
122 123 138 
123 124 138 
123 136 138 
123 134 136 
123 134 138 
140 142 144 
126 130 196 
124 126 208 
201 205 208 
201 208 226 
122 124 208 
124 208 226 
130 134 135 
122 124 135 
122 135 138 
124 135 138 
135 136 138 
134 135 136 
135 136 140 
134 135 138 
135 138 140 
134 135 140 
182 229 261 
229 259 261 
232 259 261 
229 232 261 
140 217 220 
138 140 220 
158 250 251 
138 140 142 
182 226 229 
122 124 138 
229 232 259 
134 136 138 
136 138 140 
134 136 140 
134 138 140 
158 159 251 
