267mVAL: 08,12,18,19,27,29|6|4.0896
267mILE: 08,12,18,19,27,29|6|4.4782
267mLYS: 08,12,18,19,27,29|6|10.2644
267mALA: 08,12,18,19,27,29|6|7.7303
267mSER: 08,12,18,19,27,29|6|9.6205
267mGLY: 08,12,18,19,27,29|6|10.0448
267mLEU: 08,12,18,19,27,29|6|2.9031
150mTHR: 14,18,19,27,29|5|3.1636
146mGLY: 00,08,12,14,27|5|3.1416
150mGLU: 14,18,19,27,29|5|4.1844
146mLYS: 00,08,12,14,27|5|3.2603
150mASP: 14,18,19,27,29|5|1.8821
150mASN: 14,18,19,27,29|5|2.5596
146mASN: 00,08,12,14,27|5|2.8957
146mTHR: 00,08,12,14,27|5|3.4963
180mGLY: 00,08,12,13,27|5|1.6168
146mILE: 00,08,12,14,27|5|1.595
180mGLU: 00,08,12,13,27|5|3.3638
146mGLU: 00,08,12,14,27|5|2.5894
150mSER: 14,18,19,27,29|5|2.7672
146mSER: 00,08,12,14,27|5|3.1119
146mALA: 00,08,12,14,27|5|2.8352
146mVAL: 00,08,12,14,27|5|1.4717
150mGLY: 14,18,19,27,29|5|2.7134
150mLYS: 14,18,19,27,29|5|1.6741
180mSER: 00,08,12,13,27|5|2.4954
171mGLU: 14,17,27,29|4|2.1796
258mASN: 08,18,19,29|4|1.4706
258mGLY: 08,18,19,29|4|1.4501
173mLYS: 14,18,19,27|4|1.5553
173mTHR: 14,18,19,27|4|2.0835
173mGLU: 14,18,19,27|4|2.3974
173mSER: 14,18,19,27|4|2.0815
147mSER: 00,08,12,27|4|1.0087
171mGLY: 14,17,27,29|4|2.1103
149mGLY: 12,18,27,29|4|1.8287
258mGLU: 08,18,19,29|4|1.354
171mLYS: 14,17,27,29|4|1.7105
149mASP: 12,18,27,29|4|1.0564
171mSER: 14,17,27,29|4|1.3673
143mGLY: 00,14,17,27|4|1.8046
149mALA: 12,18,27,29|4|1.0961
173mASP: 14,18,19,27|4|1.5719
144mGLY: 00,14,17,27|4|1.3558
149mHIS: 12,18,27,29|4|1.3681
147mGLU: 00,08,12,27|4|1.7084
149mGLU: 12,18,27,29|4|1.1612
144mTHR: 00,14,17,27|4|1.4201
173mASN: 14,18,19,27|4|2.3508
171mCYS: 14,17,27,29|4|1.5772
173mGLY: 14,18,19,27|4|2.3471
149mSER: 12,18,27,29|4|1.3547
217mASP: 14,17,27|3|1.215
217mASN: 14,17,27|3|2.1747
261mALA: 13,18,19|3|1.287
261mGLY: 13,18,19|3|1.9724
261mASP: 13,18,19|3|2.0567
217mTHR: 14,17,27|3|2.8193
217mGLU: 14,17,27|3|2.1746
217mSER: 14,17,27|3|1.3185
261mGLU: 13,18,19|3|1.419
141mGLU: 00,14,17|3|1.336
261mSER: 13,18,19|3|1.3378
261mTHR: 13,18,19|3|1.4461
261mASN: 13,18,19|3|1.7258
217mLYS: 14,17,27|3|2.6898
261mLYS: 13,18,19|3|1.5363
259mGLY: 18,19|2|1.2227
220mLYS: 17,27|2|1.1745
127mCYS: 22,25|2|2.1783
136mALA: 17,22|2|1.062
127mGLY: 22,25|2|1.5175
259mALA: 18,19|2|1.3399
259mSER: 18,19|2|1.1552
208mGLY: 13,25|2|1.6326
136mCYS: 17,22|2|1.8431
127mALA: 22,25|2|1.9975
208mMET: 13,25|2|1.4588
127mLEU: 22,25|2|1.0381
220mGLY: 17,27|2|1.3287
126mALA: 22,25|2|1.7989
126mGLY: 22,25|2|1.9235
120mGLY: 00,13|2|1.4113
126mSER: 22,25|2|1.8344
220mGLU: 17,27|2|1.1749
127mVAL: 22,25|2|1.226
120mCYS: 00,13|2|2.1591
208mVAL: 13,25|2|1.0428
120mSER: 00,13|2|1.0673
220mASP: 17,27|2|2.0853
222mCYS: 14,27|2|1.0179
127mSER: 22,25|2|1.299
127mLYS: 22,25|2|1.0083
208mLEU: 13,25|2|1.0667
220mCYS: 17,27|2|1.1321
120mILE: 00,13|2|1.0577
127mILE: 22,25|2|1.2847
208mHIS: 13,25|2|1.6773
140mGLU: 14,17|2|1.2624
140mSER: 14,17|2|1.1059
208mALA: 13,25|2|1.1248
259mGLU: 18,19|2|1.0427
120mALA: 00,13|2|1.7165
208mSER: 13,25|2|1.449
126mGLU: 22,25|2|1.5305
140mALA: 14,17|2|1.5926
208mGLU: 13,25|2|1.0883
259mASP: 18,19|2|1.2448
