259mALA: 02,07,16,19,21,24,25|7|1.9715
259mASP: 02,07,16,19,21,24,25|7|3.4374
259mTHR: 02,07,16,19,21,24,25|7|2.9762
259mGLU: 02,07,16,19,21,24,25|7|4.1152
265mLYS: 02,03,07,19,21|5|2.4922
267mVAL: 02,03,07,21,25|5|3.823
265mALA: 02,03,07,19,21|5|2.9374
265mCYS: 02,03,07,19,21|5|2.2508
267mGLY: 02,03,07,21,25|5|6.0306
267mTHR: 02,03,07,21,25|5|10.4783
267mGLU: 02,03,07,21,25|5|8.4243
265mASN: 02,03,07,19,21|5|2.0618
265mPRO: 02,03,07,19,21|5|2.2734
265mTHR: 02,03,07,19,21|5|4.7167
267mASN: 02,03,07,21,25|5|6.0875
267mALA: 02,03,07,21,25|5|8.3008
267mSER: 02,03,07,21,25|5|5.1215
267mASP: 02,03,07,21,25|5|5.4386
149mMET: 02,07,20,21|4|2.99
229mCYS: 02,03,07,19|4|2.9853
228mASP: 02,03,07,09|4|1.2492
228mCYS: 02,03,07,09|4|2.4388
229mALA: 02,03,07,19|4|2.4183
149mHIS: 02,07,20,21|4|2.0718
149mGLY: 02,07,20,21|4|2.8012
160mLYS: 07,16,24,25|4|2.2936
149mASP: 02,07,20,21|4|3.1039
228mALA: 02,03,07,09|4|1.4976
229mTHR: 02,03,07,19|4|1.1391
149mALA: 02,07,20,21|4|2.8949
229mGLU: 02,03,07,19|4|1.1964
160mALA: 07,16,24,25|4|1.4998
149mTHR: 02,07,20,21|4|3.8069
149mPHE: 02,07,20,21|4|3.3381
149mTRP: 02,07,20,21|4|3.0093
149mLEU: 02,07,20,21|4|3.4831
149mVAL: 02,07,20,21|4|3.2632
229mASP: 02,03,07,19|4|1.944
149mGLN: 02,07,20,21|4|3.2957
149mGLU: 02,07,20,21|4|4.3103
149mILE: 02,07,20,21|4|3.1631
149mASN: 02,07,20,21|4|2.6807
149mSER: 02,07,20,21|4|2.2861
258mTHR: 07,19,25|3|1.7826
159mASN: 16,24,25|3|1.5755
159mPRO: 16,24,25|3|1.1971
159mGLU: 16,24,25|3|2.5745
263mTHR: 02,03,19|3|1.1824
258mGLU: 07,19,25|3|1.6128
159mTHR: 16,24,25|3|3.9616
226mALA: 03,09,19|3|1.0006
159mCYS: 16,24,25|3|1.2811
235mASP: 07,24,25|3|1.0747
261mALA: 02,19,21|3|1.7672
261mMET: 02,19,21|3|1.1314
261mGLY: 02,19,21|3|1.0705
261mPHE: 02,19,21|3|1.8435
182mCYS: 03,09,19|3|2.2042
226mCYS: 03,09,19|3|1.8497
182mALA: 03,09,19|3|1.3819
261mPRO: 02,19,21|3|1.7181
261mLEU: 02,19,21|3|1.9196
234mGLY: 07,24,25|3|1.4091
261mVAL: 02,19,21|3|2.0326
180mGLU: 03,09,19|3|1.1042
261mGLN: 02,19,21|3|1.6292
261mTHR: 02,19,21|3|2.3554
261mASN: 02,19,21|3|1.2139
261mILE: 02,19,21|3|1.8932
253mCYS: 07,24,25|3|1.1746
261mCYS: 02,19,21|3|2.8495
263mLYS: 02,03,19|3|1.6299
196mGLN: 26,27|2|1.0456
197mGLU: 26,27|2|1.1061
196mGLU: 26,27|2|1.202
257mASN: 07,25|2|1.1098
257mGLN: 07,25|2|1.1442
150mTHR: 07,20|2|1.261
150mGLU: 07,20|2|1.7336
196mMET: 26,27|2|1.2192
196mTHR: 26,27|2|1.1453
120mCYS: 09,19|2|1.983
119mASP: 09,19|2|1.2058
120mLYS: 09,19|2|1.1399
262mTHR: 03,19|2|1.2456
197mMET: 26,27|2|1.1233
196mLEU: 26,27|2|1.0134
196mGLY: 26,27|2|1.0618
257mTHR: 07,25|2|1.2554
196mHIS: 26,27|2|1.071
120mASP: 09,19|2|1.8423
248mTHR: 16,26|2|1.0494
119mALA: 09,19|2|1.086
248mGLU: 16,26|2|1.1061
248mMET: 16,26|2|1.1233
197mTHR: 26,27|2|1.0494
205mGLU: 09,19|2|1.3485
