150mTHR: 06,14,17,23,24,25,27|7|2.464
150mGLU: 06,14,17,23,24,25,27|7|2.8612
150mASP: 06,14,17,23,24,25,27|7|2.3666
142mALA: 06,14,17,18,23,25,27|7|5.6106
220mLYS: 06,14,17,23,25|5|1.6992
220mTHR: 06,14,17,23,25|5|1.7713
139mTHR: 06,14,17,23,27|5|2.2979
220mGLN: 06,14,17,23,25|5|1.2399
220mVAL: 06,14,17,23,25|5|1.944
220mSER: 06,14,17,23,25|5|2.1273
146mLYS: 06,14,18,25,27|5|1.8082
146mASN: 06,14,18,25,27|5|1.6786
146mTHR: 06,14,18,25,27|5|3.1195
141mCYS: 06,14,17,18,27|5|4.687
220mGLY: 06,14,17,23,25|5|2.3802
220mASP: 06,14,17,23,25|5|2.0923
220mGLU: 06,14,17,23,25|5|2.9105
220mASN: 06,14,17,23,25|5|1.7496
146mGLU: 06,14,18,25,27|5|3.9053
140mGLU: 06,14,17,23,27|5|1.6953
146mSER: 06,14,18,25,27|5|2.0533
141mGLU: 06,14,17,18,27|5|3.0976
140mCYS: 06,14,17,23,27|5|3.5267
216mCYS: 06,14,17,23,27|5|2.5106
146mASP: 06,14,18,25,27|5|2.0332
175mGLN: 06,14,17,25|4|2.382
171mGLU: 06,14,17,25|4|1.9455
136mALA: 06,17,18,28|4|3.3269
175mILE: 06,14,17,25|4|2.1249
122mASP: 06,17,18,28|4|1.2881
175mHIS: 06,14,17,25|4|1.6574
217mALA: 06,17,23,27|4|2.1301
136mCYS: 06,17,18,28|4|2.5303
175mMET: 06,14,17,25|4|2.3372
122mTHR: 06,17,18,28|4|1.2431
175mGLY: 06,14,17,25|4|2.0134
171mTHR: 06,14,17,25|4|1.3172
122mASN: 06,17,18,28|4|1.1592
122mGLY: 06,17,18,28|4|1.0815
175mALA: 06,14,17,25|4|1.9143
175mASP: 06,14,17,25|4|2.086
136mTHR: 06,17,18,28|4|2.1925
175mTRP: 06,14,17,25|4|2.1525
175mLEU: 06,14,17,25|4|2.499
175mASN: 06,14,17,25|4|1.7469
175mSER: 06,14,17,25|4|1.5013
122mGLU: 06,17,18,28|4|1.7521
136mSER: 06,17,18,28|4|1.8312
119mGLU: 04,06,18,28|4|2.0113
136mGLY: 06,17,18,28|4|1.9681
136mILE: 06,17,18,28|4|1.5426
175mTHR: 06,14,17,25|4|2.5879
136mLEU: 06,17,18,28|4|1.4128
175mGLU: 06,14,17,25|4|2.8356
171mCYS: 06,14,17,25|4|1.5377
175mVAL: 06,14,17,25|4|2.2645
175mPHE: 06,14,17,25|4|2.2482
171mASP: 06,14,17,25|4|1.5809
149mMET: 14,25,27|3|1.095
149mPHE: 14,25,27|3|1.6036
149mGLY: 14,25,27|3|1.7649
149mVAL: 14,25,27|3|1.6998
149mASP: 14,25,27|3|2.0513
149mALA: 14,25,27|3|1.5799
124mALA: 04,18,28|3|1.0948
149mTHR: 14,25,27|3|2.1313
205mASN: 04,11,18|3|1.208
149mTRP: 14,25,27|3|1.304
149mLEU: 14,25,27|3|1.596
149mHIS: 14,25,27|3|1.0868
205mTHR: 04,11,18|3|1.1967
149mGLN: 14,25,27|3|1.4486
149mGLU: 14,25,27|3|2.938
149mILE: 14,25,27|3|1.5094
149mASN: 14,25,27|3|1.7462
205mGLU: 04,11,18|3|1.4298
149mSER: 14,25,27|3|1.5617
124mLYS: 04,18,28|3|1.1754
127mCYS: 11,28|2|1.5981
197mGLU: 11,28|2|1.852
208mGLY: 04,18|2|1.6277
235mCYS: 04,11|2|1.5027
208mASN: 04,18|2|1.463
182mASP: 04,18|2|1.1466
222mGLU: 17,25|2|1.0211
127mALA: 11,28|2|1.3828
197mCYS: 11,28|2|1.9001
127mGLU: 11,28|2|1.0722
222mASP: 17,25|2|1.0712
172mGLU: 14,24|2|1.1035
188mCYS: 06,17|2|1.112
208mASP: 04,18|2|1.6823
197mASP: 11,28|2|1.2682
197mVAL: 11,28|2|1.2319
197mLEU: 11,28|2|1.2874
182mCYS: 04,18|2|1.1496
190mCYS: 14,23|2|1.7929
190mALA: 14,23|2|1.2656
197mPRO: 11,28|2|1.145
203mCYS: 04,11|2|1.08
208mTHR: 04,18|2|1.509
172mCYS: 14,24|2|1.4625
212mCYS: 18,27|2|1.1848
208mLYS: 04,18|2|1.6057
204mCYS: 04,11|2|2.4473
197mGLN: 11,28|2|1.1424
208mGLU: 04,18|2|1.3438
197mPHE: 11,28|2|1.3998
197mILE: 11,28|2|1.2708
197mTHR: 11,28|2|1.5008
190mGLY: 14,23|2|1.001
197mTRP: 11,28|2|1.035
197mALA: 11,28|2|1.1264
