M = 394 403 
393 440 | 345 370 | 439 440 | 347 349 | 391 412 | 339 414 | 392 440 | 372 419 | 435 443 | 346 370 | 339 341 | 436 441 | 339 341 | 394 441 | 401 403 | 341 344 | 346 370 | 440 443 | 346 370 | 440 443 | 342 346 | 435 443 | 355 362 | 339 407 | 368 370 | 393 440 | 345 346 | 344 379 | 390 432 | 404 408 | 351 453 | 339 408 | 438 440 | 346 370 | 394 444 | 339 408 | 394 445 | 375 379 | 432 440 | 339 342 | 393 440 | 388 434 | 401 403 | 

M = 152 167 
146 267 | 164 165 | 242 243 | 145 267 | 182 231 | 196 242 | 162 164 | 149 262 | 150 267 | 196 242 | 165 248 | 146 267 | 165 248 | 146 267 | 201 208 | 242 248 | 165 190 | 146 267 | 146 267 | 196 242 | 242 244 | 146 267 | 147 267 | 243 245 | 146 266 | 242 245 | 193 242 | 146 267 | 262 267 | 242 245 | 146 267 | 193 242 | 196 242 | 146 267 | 147 180 | 164 165 | 128 194 | 150 258 | 242 245 | 194 242 | 228 259 | 146 267 | 194 242 | 

FREQUENCIES
267: 14
242: 14
146: 11
440: 9
339: 7
346: 6
370: 6
165: 5
196: 4
394: 4
443: 4
245: 4
194: 3
393: 3
403: 3
341: 3
408: 3
164: 3
248: 3
150: 2
193: 2
344: 2
345: 2
401: 2
379: 2
147: 2
342: 2
441: 2
262: 2
243: 2
435: 2
432: 2
152: 1
190: 1
392: 1
391: 1
390: 1
351: 1
231: 1
167: 1
453: 1
228: 1
180: 1
438: 1
182: 1
347: 1
407: 1
128: 1
362: 1
349: 1
388: 1
145: 1
208: 1
445: 1
149: 1
266: 1
444: 1
162: 1
201: 1
244: 1
375: 1
258: 1
404: 1
414: 1
355: 1
259: 1
412: 1
439: 1
436: 1
434: 1
372: 1
419: 1
368: 1
