D106n1.txt,0, | 144 149 | 165 194 | ,Score: 0

D106n2.txt,0, | 432 435 | 389 408 | ,Score: 0

D110n1.txt,0, | 126 130 | 147 150 | ,Score: 0

D110n2.txt,0, | 391 439 | 401 428 | ,Score: 0

D204n1.txt,0, | 124 207 | 165 194 | ,Score: 0

D204n2.txt,0, | 391 414 | 381 403 | ,Score: 0

D206n1.txt,0, | 165 190 | 148 261 | ,Score: 0

D206n2.txt,0, | 363 392 | 372 418 | ,Score: 0

D214n1.txt,0, | 149 152 | 165 194 | ,Score: 0

D214n2.txt,0, | 391 439 | 367 389 | ,Score: 0

D216n1.txt,0, | 157 165 | 139 143 | ,Score: 0

D216n2.txt,0, | 401 428 | 432 440 | ,Score: 0

D228n1.txt,0, | 124 199 | 150 171 | ,Score: 0

D228n2.txt,0, | 395 403 | 392 440 | ,Score: 0

D229n1.txt,0, | 201 251 | 124 128 | ,Score: 0

D229n2.txt,0, | 402 430 | 392 414 | ,Score: 0

D301n1.txt,0, | 165 190 | 149 261 | ,Score: 0

D301n2.txt,0, | 341 345 | 351 366 | ,Score: 0

D302n1.txt,0, | 144 149 | 165 190 | ,Score: 0

D302n2.txt,0, | 341 345 | 351 366 | ,Score: 0

D305n1.txt,0, | 165 194 | 149 261 | ,Score: 0

D305n2.txt,0, | 347 450 | 432 435 | ,Score: 0

D307n1.txt,0, | 148 261 | 165 194 | ,Score: 0

D307n2.txt,0, | 434 444 | 402 420 | ,Score: 0

D312n1.txt,0, | 135 140 | 130 190 | ,Score: 0

D312n2.txt,0, | 391 413 | 395 418 | ,Score: 0

D318n1.txt,0, | 165 194 | 150 267 | ,Score: 0

D318n2.txt,0, | 401 432 | 342 405 | ,Score: 0

D320n1.txt,0, | 232 253 | 130 190 | ,Score: 0

D320n2.txt,0, | 403 419 | 389 432 | ,Score: 0

D323n1.txt,0, | 149 152 | 196 249 | ,Score: 0

D323n2.txt,0, | 391 394 | 372 450 | ,Score: 0

D324n1.txt,0, | 126 196 | 149 152 | ,Score: 0

D324n2.txt,0, | 396 403 | 389 432 | ,Score: 0

D331n1.txt,0, | 124 226 | 152 167 | ,Score: 0

D331n2.txt,0, | 372 415 | 432 435 | ,Score: 0

D410n1.txt,0, | 149 152 | 130 190 | ,Score: 0

D410n2.txt,0, | 388 407 | 401 419 | ,Score: 0

D413n1.txt,0, | 151 259 | 235 249 | ,Score: 0

D413n2.txt,0, | 346 375 | 392 444 | ,Score: 0

D430n1.txt,0, | 163 249 | 228 261 | ,Score: 0

D430n2.txt,0, | 419 424 | 432 435 | ,Score: 0

D431n1.txt,0, | 130 220 | 165 239 | ,Score: 0

D431n2.txt,0, | 388 435 | 401 430 | ,Score: 0

