M = 392 440 
393 440 | 345 370 | 403 414 | 342 380 | 372 419 | 346 370 | 428 444 | 440 443 | 346 370 | 342 346 | 435 443 | 362 445 | 403 406 | 345 346 | 393 440 | 403 406 | 393 440 | 388 434 | 401 403 | 

M = 165 194 
162 164 | 146 267 | 164 165 | 130 219 | 161 164 | 127 208 | 146 267 | 123 127 | 194 244 | 164 165 | 194 244 | 164 165 | 194 244 | 157 165 | 164 165 | 244 245 | 149 267 | 122 124 | 146 267 | 196 248 | 146 267 | 124 208 | 157 164 | 147 267 | 164 165 | 194 244 | 119 123 | 150 267 | 164 165 | 165 248 | 194 244 | 162 164 | 162 164 | 194 244 | 164 165 | 165 167 | 241 244 | 164 165 | 164 169 | 194 245 | 228 259 | 235 250 | 146 267 | 

FREQUENCIES
164: 14
165: 12
194: 8
244: 8
267: 8
146: 5
440: 5
346: 4
403: 4
393: 3
162: 3
370: 3
157: 2
124: 2
248: 2
345: 2
342: 2
443: 2
208: 2
123: 2
406: 2
127: 2
245: 2
150: 1
196: 1
219: 1
392: 1
130: 1
235: 1
250: 1
119: 1
167: 1
428: 1
362: 1
147: 1
401: 1
445: 1
149: 1
380: 1
122: 1
444: 1
161: 1
435: 1
414: 1
228: 1
259: 1
241: 1
434: 1
372: 1
388: 1
419: 1
169: 1
