D106n1.txt,0, | 163 251 | 175 222 | ,Score: 0

D106n2.txt,0, | 344 347 | 389 432 | ,Score: 0

D110n1.txt,0, | 177 224 | 147 150 | ,Score: 0

D110n2.txt,0, | 393 430 | 389 415 | ,Score: 0

D204n1.txt,0, | 144 149 | 199 249 | ,Score: 0

D204n2.txt,0, | 381 402 | 381 420 | ,Score: 0

D206n1.txt,0, | 148 261 | 167 190 | ,Score: 0

D206n2.txt,0, | 367 372 | 392 444 | ,Score: 0

D214n1.txt,0, | 147 175 | 152 167 | ,Score: 0

D214n2.txt,0, | 391 439 | 367 389 | ,Score: 0

D216n1.txt,0, | 170 222 | 175 267 | ,Score: 0

D216n2.txt,0, | 434 444 | 391 414 | ,Score: 0

D228n1.txt,0, | 149 172 | 124 199 | ,Score: 0

D228n2.txt,0, | 391 432 | 401 419 | ,Score: 0

D229n1.txt,0, | 201 251 | 124 226 | ,Score: 0

D229n2.txt,0, | 392 414 | 376 420 | ,Score: 0

D301n1.txt,0, | 167 190 | 175 261 | ,Score: 0

D301n2.txt,0, | 390 394 | 351 370 | ,Score: 0

D302n1.txt,0, | 175 222 | 164 249 | ,Score: 0

D302n2.txt,0, | 390 394 | 351 370 | ,Score: 0

D305n1.txt,0, | 152 171 | 149 261 | ,Score: 0

D305n2.txt,0, | 347 450 | 432 435 | ,Score: 0

D307n1.txt,0, | 157 167 | 148 261 | ,Score: 0

D307n2.txt,0, | 391 414 | 420 426 | ,Score: 0

D312n1.txt,0, | 132 139 | 149 152 | ,Score: 0

D312n2.txt,0, | 395 418 | 351 366 | ,Score: 0

D318n1.txt,0, | 149 261 | 130 190 | ,Score: 0

D318n2.txt,0, | 402 419 | 432 435 | ,Score: 0

D320n1.txt,0, | 167 253 | 149 261 | ,Score: 0

D320n2.txt,0, | 390 414 | 447 451 | ,Score: 0

D323n1.txt,0, | 149 152 | 127 134 | ,Score: 0

D323n2.txt,0, | 372 450 | 391 394 | ,Score: 0

D324n1.txt,0, | 149 152 | 123 139 | ,Score: 0

D324n2.txt,0, | 392 396 | 372 375 | ,Score: 0

D331n1.txt,0, | 139 220 | 175 261 | ,Score: 0

D331n2.txt,0, | 390 414 | 372 450 | ,Score: 0

D410n1.txt,0, | 149 152 | 128 135 | ,Score: 0

D410n2.txt,0, | 372 380 | 392 414 | ,Score: 0

D413n1.txt,0, | 228 261 | 197 250 | ,Score: 0

D413n2.txt,0, | 345 370 | 392 444 | ,Score: 0

D430n1.txt,0, | 249 253 | 149 261 | ,Score: 0

D430n2.txt,0, | 419 424 | 432 435 | ,Score: 0

D431n1.txt,0, | 163 251 | 140 222 | ,Score: 0

D431n2.txt,0, | 388 434 | 401 419 | ,Score: 0

