M = 434 444 
356 444 | 391 438 | 434 436 | 401 403 | 362 444 | 400 428 | 437 438 | 437 438 | 400 428 | 438 439 | 356 428 | 355 362 | 432 434 | 400 419 | 435 438 | 438 439 | 356 445 | 438 439 | 403 414 | 

M = 167 190 
167 171 | 248 249 | 162 167 | 194 244 | 194 245 | 167 172 | 157 159 | 194 219 | 248 251 | 194 245 | 249 251 | 194 219 | 157 167 | 159 162 | 194 219 | 167 172 | 193 194 | 162 167 | 167 169 | 156 162 | 194 245 | 167 172 | 

FREQUENCIES
167: 10
194: 8
438: 7
162: 4
219: 3
172: 3
428: 3
400: 3
444: 3
245: 3
356: 3
439: 3
434: 3
157: 2
159: 2
190: 2
251: 2
403: 2
362: 2
249: 2
248: 2
437: 2
156: 1
193: 1
391: 1
171: 1
401: 1
445: 1
244: 1
169: 1
414: 1
355: 1
436: 1
435: 1
432: 1
419: 1
