M = 362 444 
388 393 | 356 444 | 434 436 | 403 405 | 390 434 | 362 364 | 362 364 | 388 412 | 435 441 | 362 445 | 362 442 | 356 444 | 388 435 | 442 445 | 434 435 | 401 432 | 432 435 | 

M = 160 163 
248 249 | 194 219 | 158 159 | 172 190 | 157 159 | 190 194 | 194 219 | 157 159 | 161 251 | 194 240 | 190 219 | 194 219 | 172 190 | 194 245 | 248 250 | 152 173 | 158 159 | 191 194 | 247 248 | 159 160 | 156 160 | 169 190 | 172 190 | 

FREQUENCIES
194: 7
362: 7
190: 6
159: 5
444: 5
219: 4
435: 4
172: 3
160: 3
248: 3
388: 3
434: 3
157: 2
158: 2
364: 2
442: 2
445: 2
356: 2
432: 2
152: 1
156: 1
191: 1
393: 1
390: 1
250: 1
251: 1
173: 1
405: 1
403: 1
401: 1
441: 1
245: 1
247: 1
240: 1
249: 1
161: 1
163: 1
412: 1
436: 1
169: 1
