M = 149 152 
130 190 | 145 265 | 156 250 | 149 265 | 158 162 | 123 136 | 149 173 | 119 123 | 248 251 | 119 120 | 194 245 | 152 259 | 196 245 | 152 259 | 126 208 | 119 123 | 257 259 | 178 229 | 154 164 | 144 149 | 162 253 | 165 239 | 149 263 | 

M = 392 414 
388 391 | 443 444 | 347 349 | 435 440 | 434 437 | 438 440 | 405 414 | 346 370 | 440 443 | 368 370 | 341 379 | 380 419 | 389 393 | 402 414 | 344 377 | 440 443 | 390 409 | 440 443 | 390 409 | 438 439 | 392 412 | 356 444 | 434 439 | 426 451 | 390 432 | 388 409 | 393 443 | 344 379 | 390 432 | 351 453 | 405 408 | 396 443 | 341 375 | 432 444 | 346 370 | 344 377 | 434 443 | 432 440 | 375 379 | 409 410 | 393 440 | 366 391 | 434 440 | 

FREQUENCIES
440: 8
443: 7
149: 5
409: 4
432: 4
390: 4
434: 4
152: 3
393: 3
379: 3
119: 3
344: 3
123: 3
370: 3
444: 3
259: 3
414: 3
375: 2
392: 2
391: 2
346: 2
405: 2
341: 2
265: 2
388: 2
162: 2
438: 2
439: 2
245: 2
377: 2
164: 1
126: 1
156: 1
158: 1
196: 1
190: 1
130: 1
136: 1
178: 1
253: 1
250: 1
251: 1
173: 1
426: 1
165: 1
154: 1
453: 1
239: 1
257: 1
347: 1
368: 1
194: 1
366: 1
263: 1
349: 1
402: 1
351: 1
145: 1
412: 1
208: 1
408: 1
380: 1
229: 1
389: 1
248: 1
120: 1
144: 1
451: 1
356: 1
410: 1
437: 1
435: 1
419: 1
396: 1
