M = 149 173 
140 143 | 261 265 | 127 130 | 145 265 | 127 208 | 231 235 | 149 261 | 132 138 | 149 265 | 197 250 | 158 162 | 123 136 | 119 123 | 248 251 | 119 120 | 123 136 | 262 266 | 127 134 | 149 265 | 217 219 | 179 261 | 135 137 | 130 196 | 152 259 | 127 208 | 196 245 | 149 152 | 126 131 | 149 265 | 120 123 | 152 259 | 149 262 | 119 123 | 135 136 | 149 266 | 206 228 | 130 134 | 228 259 | 141 142 | 204 235 | 

M = 372 419 
440 443 | 345 370 | 347 349 | 435 440 | 342 380 | 419 421 | 362 443 | 346 370 | 440 443 | 409 410 | 426 452 | 380 419 | 405 414 | 402 414 | 344 377 | 362 443 | 345 346 | 345 346 | 362 443 | 419 422 | 391 440 | 355 362 | 375 377 | 426 451 | 390 432 | 393 440 | 345 346 | 393 430 | 347 368 | 428 450 | 345 370 | 405 408 | 375 419 | 346 370 | 432 444 | 434 443 | 344 377 | 375 419 | 362 443 | 432 440 | 378 419 | 388 434 | 376 419 | 

FREQUENCIES
149: 11
419: 8
443: 7
440: 6
345: 5
346: 5
362: 5
123: 5
265: 5
173: 4
127: 4
370: 4
152: 3
130: 3
136: 3
119: 3
261: 3
432: 3
259: 3
375: 3
377: 3
135: 2
196: 2
393: 2
134: 2
235: 2
228: 2
405: 2
344: 2
347: 2
426: 2
208: 2
380: 2
262: 2
266: 2
120: 2
414: 2
434: 2
217: 1
450: 1
158: 1
197: 1
219: 1
132: 1
391: 1
137: 1
179: 1
376: 1
250: 1
138: 1
231: 1
204: 1
251: 1
428: 1
141: 1
402: 1
342: 1
451: 1
421: 1
422: 1
349: 1
409: 1
145: 1
142: 1
143: 1
140: 1
206: 1
390: 1
388: 1
452: 1
444: 1
248: 1
162: 1
245: 1
372: 1
126: 1
131: 1
378: 1
355: 1
410: 1
430: 1
408: 1
435: 1
368: 1
