349mGLY: 03,04,05,07,13,14,15,16,17,19,23,29|12|5.4369
349mTHR: 03,04,05,07,13,14,15,16,17,19,23,29|12|5.2882
349mGLU: 03,04,05,07,13,14,15,16,17,19,23,29|12|6.3584
349mASN: 03,04,05,07,13,14,15,16,17,19,23,29|12|4.3498
349mSER: 03,04,05,07,13,14,15,16,17,19,23,29|12|4.7863
364mGLU: 03,05,13,15,16,17,18,19,23,26|10|3.0543
347mGLU: 04,07,12,13,14,15,16,17,19,29|10|3.7983
351mTHR: 03,07,13,16,17,19,23,26,29|9|1.1965
359mGLY: 03,05,07,13,14,18,19,23,26|9|3.1626
456mSER: 02,04,05,14,15,19,23,29|8|2.0768
456mGLU: 02,04,05,14,15,19,23,29|8|2.0797
456mGLY: 02,04,05,14,15,19,23,29|8|2.2427
456mTHR: 02,04,05,14,15,19,23,29|8|1.9383
410mGLY: 07,12,15,16,17,18,26|7|2.2955
410mGLU: 07,12,15,16,17,18,26|7|1.6272
366mSER: 03,07,14,16,19,23|6|3.2857
366mGLU: 03,07,14,16,19,23|6|3.4289
366mASP: 03,07,14,16,19,23|6|1.5464
366mVAL: 03,07,14,16,19,23|6|1.9713
366mLEU: 03,07,14,16,19,23|6|1.5535
366mGLN: 03,07,14,16,19,23|6|2.8948
366mTHR: 03,07,14,16,19,23|6|2.9003
356mGLY: 01,02,08,23|4|1.0764
454mASP: 02,05,23,29|4|1.036
400mGLY: 01,02,11,22|4|1.1821
454mGLN: 02,05,23,29|4|1.1732
400mGLU: 01,02,11,22|4|1.3111
454mGLY: 02,05,23,29|4|1.6289
454mTHR: 02,05,23,29|4|1.1973
400mHIS: 01,02,11,22|4|1.1133
454mSER: 02,05,23,29|4|1.3717
454mHIS: 02,05,23,29|4|1.6495
454mASN: 02,05,23,29|4|1.4822
454mGLU: 02,05,23,29|4|1.4118
454mMET: 02,05,23,29|4|1.3234
401mTHR: 08,11,22|3|2.2856
401mLEU: 08,11,22|3|1.2827
339mLEU: 11,22,27|3|2.2167
430mLEU: 01,02,08|3|1.0054
401mGLY: 08,11,22|3|2.5987
339mALA: 11,22,27|3|2.4173
339mGLN: 11,22,27|3|1.9447
440mSER: 01,08,26|3|1.1264
339mSER: 11,22,27|3|2.9682
440mMET: 01,08,26|3|1.3876
440mASN: 01,08,26|3|1.0824
339mILE: 11,22,27|3|1.0983
428mGLU: 01,02,08|3|1.6514
430mGLY: 01,02,08|3|1.1306
339mGLY: 11,22,27|3|2.8986
430mGLU: 01,02,08|3|1.3316
345mGLU: 12,27,29|3|1.7996
440mGLY: 01,08,26|3|1.2392
401mGLU: 08,11,22|3|2.8538
339mASN: 11,22,27|3|2.4214
401mCYS: 08,11,22|3|4.3414
430mTHR: 01,02,08|3|1.2438
430mSER: 01,02,08|3|1.3163
339mHIS: 11,22,27|3|2.6132
401mALA: 08,11,22|3|3.3683
345mSER: 12,27,29|3|1.807
390mHIS: 07,11,16|3|1.5705
345mASN: 12,27,29|3|1.2124
345mTHR: 12,27,29|3|1.1235
339mTHR: 11,22,27|3|3.1257
430mGLN: 01,02,08|3|1.1354
401mLYS: 08,11,22|3|3.023
401mSER: 08,11,22|3|1.6435
440mHIS: 01,08,26|3|1.6228
339mLYS: 11,22,27|3|1.6652
401mVAL: 08,11,22|3|1.738
428mGLY: 01,02,08|3|1.7876
339mVAL: 11,22,27|3|2.2077
401mHIS: 08,11,22|3|1.5993
339mGLU: 11,22,27|3|3.0674
339mMET: 11,22,27|3|1.8327
438mGLU: 03,26|2|1.0671
407mGLU: 11,22|2|1.1061
403mLYS: 11,22|2|1.2372
403mGLN: 11,22|2|1.1734
407mTHR: 11,22|2|1.0494
424mGLN: 02,04|2|1.1108
438mGLY: 03,26|2|1.1207
438mSER: 03,26|2|1.0323
407mMET: 11,22|2|1.1233
403mGLU: 11,22|2|1.8486
403mASN: 11,22|2|1.3772
403mSER: 11,22|2|1.6559
403mTHR: 11,22|2|1.3652
403mASP: 11,22|2|1.2023
403mGLY: 11,22|2|1.2574
434mGLU: 08,11|2|1.0629
441mGLU: 01,08|2|1.0149
450mHIS: 04|1|1.1418
