391mASP: 10,12,21|3|1.7962
391mGLY: 10,12,21|3|1.0901
393mALA: 10,12,21|3|1.5006
391mGLU: 10,12,21|3|1.6429
393mGLU: 10,12,21|3|1.0582
391mGLN: 10,12,21|3|1.0511
391mTHR: 10,12,21|3|1.0979
393mGLY: 10,12,21|3|1.1403
440mGLU: 10,12|2|4.0448
440mSER: 10,12|2|1.4652
440mILE: 10,12|2|1.7048
440mTHR: 10,12|2|3.4892
434mCYS: 12,21|2|1.727
432mCYS: 12,21|2|1.3125
440mASN: 10,12|2|2.3134
440mPRO: 10,12|2|1.44
362mGLY: 10,12|2|1.7577
444mASP: 10,12|2|1.2028
362mPRO: 10,12|2|1.0696
440mGLY: 10,12|2|1.4402
438mTHR: 10,12|2|1.566
444mGLU: 10,12|2|1.2266
362mSER: 10,12|2|1.0555
442mGLU: 10,12|2|1.431
440mCYS: 10,12|2|2.3704
438mGLU: 10,12|2|1.7107
440mLYS: 10,12|2|1.885
440mGLN: 10,12|2|1.0028
438mALA: 10,12|2|1.2177
362mILE: 10,12|2|1.6037
362mLYS: 10,12|2|2.2752
434mALA: 12,21|2|1.4036
362mALA: 10,12|2|2.3884
438mASP: 10,12|2|1.5134
434mASP: 12,21|2|1.095
440mASP: 10,12|2|1.8732
440mALA: 10,12|2|1.7346
362mCYS: 10,12|2|2.4355
366mASP: 12|1|1.4328
366mCYS: 12|1|1.2868
407mCYS: 21|1|1.0415
366mGLY: 12|1|1.0957
