346mGLY: 00,05,09,11,12,13,15,18,27|9|5.8401
346mSER: 00,05,09,11,12,13,15,18,27|9|4.2771
346mGLU: 00,05,09,11,12,13,15,18,27|9|5.6546
450mGLY: 05,09,11,13,15,26,27,29|8|2.4035
450mLYS: 05,09,11,13,15,26,27,29|8|2.04
450mLEU: 05,09,11,13,15,26,27,29|8|1.6286
450mALA: 05,09,11,13,15,26,27,29|8|2.2124
450mSER: 05,09,11,13,15,26,27,29|8|2.2366
370mTHR: 00,01,18,19,21,22,26,27|8|3.5946
370mALA: 00,01,18,19,21,22,26,27|8|3.6058
370mGLY: 00,01,18,19,21,22,26,27|8|4.3728
450mVAL: 05,09,11,13,15,26,27,29|8|1.9141
450mGLU: 05,09,11,13,15,26,27,29|8|1.6878
450mTHR: 05,09,11,13,15,26,27,29|8|2.5048
345mGLY: 01,04,08,09,11,18,21|7|3.1398
366mHIS: 01,18,19,21,22,26|6|1.616
366mALA: 01,18,19,21,22,26|6|1.6253
366mLYS: 01,18,19,21,22,26|6|1.4572
410mGLY: 01,04,10,18,21,26|6|1.2397
411mGLY: 01,08,18,21,22,26|6|1.474
366mGLY: 01,18,19,21,22,26|6|1.735
411mTHR: 01,08,18,21,22,26|6|1.7442
366mVAL: 01,18,19,21,22,26|6|1.3157
366mTHR: 01,18,19,21,22,26|6|1.4312
369mGLY: 01,18,19,22,26|5|2.6963
369mGLU: 01,18,19,22,26|5|2.5716
369mALA: 01,18,19,22,26|5|3.3922
369mTHR: 01,18,19,22,26|5|2.7003
369mSER: 01,18,19,22,26|5|2.0342
369mLYS: 01,18,19,22,26|5|3.2366
400mSER: 06,14,17,29|4|2.0947
339mALA: 04,08,10,17|4|2.7302
351mALA: 01,19,22,26|4|2.321
341mGLY: 04,08,11,21|4|1.856
400mGLY: 06,14,17,29|4|2.2865
426mVAL: 03,06,14,29|4|1.1736
426mALA: 03,06,14,29|4|1.8783
426mSER: 03,06,14,29|4|1.4338
426mLYS: 03,06,14,29|4|2.5784
400mTHR: 06,14,17,29|4|1.956
400mCYS: 06,14,17,29|4|2.4199
400mGLU: 06,14,17,29|4|2.5698
339mASP: 04,08,10,17|4|3.2472
351mLYS: 01,19,22,26|4|2.1348
400mASN: 06,14,17,29|4|1.0387
400mALA: 06,14,17,29|4|3.0956
339mTHR: 04,08,10,17|4|2.8861
400mLYS: 06,14,17,29|4|2.765
339mCYS: 04,08,10,17|4|4.5404
339mGLU: 04,08,10,17|4|3.9438
341mGLU: 04,08,11,21|4|1.5058
426mGLY: 03,06,14,29|4|2.2509
401mTHR: 06,10,17|3|2.2996
401mGLN: 06,10,17|3|1.6039
401mLEU: 06,10,17|3|1.8903
421mCYS: 06,14,29|3|2.1943
421mALA: 06,14,29|3|1.8346
421mILE: 06,14,29|3|1.2185
401mGLY: 06,10,17|3|2.3345
377mCYS: 08,13,17|3|1.2297
401mVAL: 06,10,17|3|1.3607
401mMET: 06,10,17|3|1.9535
401mASP: 06,10,17|3|1.4297
428mILE: 06,14,29|3|1.3208
401mASN: 06,10,17|3|1.6915
428mGLU: 06,14,29|3|1.486
377mGLU: 08,13,17|3|1.2253
401mTRP: 06,10,17|3|1.1313
428mMET: 06,14,29|3|1.7774
421mGLY: 06,14,29|3|2.1937
428mHIS: 06,14,29|3|2.2684
428mSER: 06,14,29|3|1.9558
401mGLU: 06,10,17|3|2.5491
419mALA: 06,14,17|3|1.5773
428mASN: 06,14,29|3|1.978
421mSER: 06,14,29|3|1.3812
428mGLN: 06,14,29|3|1.1666
401mALA: 06,10,17|3|2.012
428mALA: 06,14,29|3|2.4938
419mGLY: 06,14,17|3|1.466
407mGLY: 04,10,17|3|1.1834
377mASP: 08,13,17|3|1.423
428mLYS: 06,14,29|3|2.2594
377mGLY: 08,13,17|3|1.2187
401mLYS: 06,10,17|3|1.0015
428mTHR: 06,14,29|3|2.265
401mSER: 06,10,17|3|2.1157
428mLEU: 06,14,29|3|1.4126
377mALA: 08,13,17|3|1.0404
428mGLY: 06,14,29|3|2.5154
401mHIS: 06,10,17|3|1.9785
401mILE: 06,10,17|3|1.3819
428mVAL: 06,14,29|3|2.045
403mALA: 10,17|2|1.4629
364mLYS: 19,26|2|1.1222
394mTHR: 10,17|2|1.0926
403mVAL: 10,17|2|1.1631
403mILE: 10,17|2|1.0974
364mALA: 19,26|2|1.0831
403mCYS: 10,17|2|1.3575
430mMET: 06,29|2|1.1032
438mHIS: 03,22|2|1.0935
430mHIS: 06,29|2|1.3384
364mASN: 19,26|2|1.0412
394mASN: 10,17|2|1.1458
441mHIS: 10|1|1.5224
441mMET: 10|1|1.2872
389mLYS: 10|1|1.0407
441mGLY: 10|1|1.1388
441mSER: 10|1|1.026
390mLYS: 10|1|1.0407
390mALA: 10|1|1.1051
432mHIS: 10|1|1.0083
389mALA: 10|1|1.1051
