438mALA: 01,10,12,14,17,18,23,24|8|2.961
438mASP: 01,10,12,14,17,18,23,24|8|4.3877
438mGLY: 01,10,12,14,17,18,23,24|8|3.9586
440mGLU: 01,10,12,14,17,23,24|7|5.2814
435mGLN: 01,03,10,12,14,17,24|7|1.4938
440mSER: 01,10,12,14,17,23,24|7|3.7032
440mLYS: 01,10,12,14,17,23,24|7|5.5429
440mTHR: 01,10,12,14,17,23,24|7|4.6669
435mGLY: 01,03,10,12,14,17,24|7|3.3401
440mGLY: 01,10,12,14,17,23,24|7|5.6305
440mASN: 01,10,12,14,17,23,24|7|4.0259
435mHIS: 01,03,10,12,14,17,24|7|2.1593
435mSER: 01,03,10,12,14,17,24|7|2.4803
435mTHR: 01,03,10,12,14,17,24|7|2.6961
440mASP: 01,10,12,14,17,23,24|7|5.9004
435mGLU: 01,03,10,12,14,17,24|7|2.9981
440mALA: 01,10,12,14,17,23,24|7|3.5852
411mHIS: 03,07,12,14,17,26|6|1.277
410mGLY: 03,07,12,14,26|5|2.1973
410mGLN: 03,07,12,14,26|5|1.0971
410mTHR: 03,07,12,14,26|5|3.8843
410mSER: 03,07,12,14,26|5|1.4713
410mHIS: 03,07,12,14,26|5|1.6691
410mGLU: 03,07,12,14,26|5|4.0313
444mGLY: 01,10,17,24|4|1.4531
444mLYS: 01,10,17,24|4|1.3516
356mGLU: 01,10,17,23|4|2.7105
356mHIS: 01,10,17,23|4|1.8877
356mSER: 01,10,17,23|4|2.3859
444mASP: 01,10,17,24|4|1.809
356mTHR: 01,10,17,23|4|2.0994
444mTHR: 01,10,17,24|4|1.1536
444mGLU: 01,10,17,24|4|1.4465
356mGLY: 01,10,17,23|4|2.8646
356mASP: 01,10,17,23|4|3.1168
356mALA: 01,10,17,23|4|2.4989
356mLYS: 01,10,17,23|4|2.8536
366mHIS: 12,18,24|3|1.619
391mGLY: 03,12,24|3|1.05
409mTHR: 03,07,18|3|1.5866
366mMET: 12,18,24|3|1.5007
366mGLU: 12,18,24|3|1.6551
366mARG: 12,18,24|3|1.1927
409mGLU: 03,07,18|3|2.2396
366mALA: 12,18,24|3|1.4237
366mSER: 12,18,24|3|1.8545
391mTHR: 03,12,24|3|1.2814
391mMET: 03,12,24|3|1.3651
366mASN: 12,18,24|3|2.2328
366mLYS: 12,18,24|3|2.0209
366mTHR: 12,18,24|3|2.0815
363mLYS: 01,12,24|3|1.3364
391mHIS: 03,12,24|3|1.6902
366mGLN: 12,18,24|3|1.3648
363mCYS: 01,12,24|3|1.2046
366mVAL: 12,18,24|3|1.3697
363mASP: 01,12,24|3|1.108
443mGLY: 01,10,23|3|1.0903
363mTHR: 01,12,24|3|1.0668
391mSER: 03,12,24|3|1.2726
366mGLY: 12,18,24|3|2.0595
366mPRO: 12,18,24|3|1.0243
407mCYS: 03,07|2|1.3153
370mHIS: 14|1|1.0268
