146mGLY: 01,02,03,06,14,16,17,20|8|8.1972
146mGLN: 01,02,03,06,14,16,17,20|8|3.2144
146mGLU: 01,02,03,06,14,16,17,20|8|10.9632
147mGLU: 01,02,03,06,09,14,16,17|8|4.1577
147mASP: 01,02,03,06,09,14,16,17|8|3.2172
147mALA: 01,02,03,06,09,14,16,17|8|5.5104
146mASP: 01,02,03,06,14,16,17,20|8|9.5974
178mSER: 01,02,03,06,09,10,14|7|1.7458
178mLYS: 01,02,03,06,09,10,14|7|1.8918
178mGLY: 01,02,03,06,09,10,14|7|2.4121
178mLEU: 01,02,03,06,09,10,14|7|1.6226
122mSER: 02,06,08,14,16,22,29|7|1.5294
122mGLY: 02,06,08,14,16,22,29|7|1.8009
268mGLY: 01,02,03,14,16,17,20|7|3.5683
122mGLN: 02,06,08,14,16,22,29|7|1.2847
122mTHR: 02,06,08,14,16,22,29|7|1.9342
178mALA: 01,02,03,06,09,10,14|7|3.8078
178mILE: 01,02,03,06,09,10,14|7|1.6258
142mALA: 01,02,14,16,20|5|2.6396
262mCYS: 01,03,06,09,10|5|2.8328
262mLYS: 01,03,06,09,10|5|2.6061
329mALA: 11,25,27,28|4|1.1813
330mGLU: 11,25,28|3|1.4222
376mCYS: 11,12,23|3|1.4862
127mCYS: 08,22,29|3|3.5565
297mTHR: 18,26,27|3|2.1479
293mCYS: 18,26,27|3|4.8313
293mHIS: 18,26,27|3|1.0431
217mCYS: 16,20,26|3|2.0103
293mPRO: 18,26,27|3|1.6505
297mGLN: 18,26,27|3|1.8971
293mGLY: 18,26,27|3|2.262
136mLYS: 08,22,29|3|1.1646
126mASP: 08,22,29|3|2.0566
123mGLU: 08,22,29|3|1.4742
229mGLY: 06,09,10|3|1.4149
293mGLU: 18,26,27|3|2.945
377mGLU: 11,12,23|3|3.1975
229mILE: 06,09,10|3|1.2064
297mLEU: 18,26,27|3|2.3013
229mCYS: 06,09,10|3|3.2666
377mCYS: 11,12,23|3|2.6297
334mGLY: 11,25,28|3|1.4253
263mALA: 01,09,10|3|1.0792
135mSER: 08,22,29|3|1.1636
135mALA: 08,22,29|3|2.0356
297mSER: 18,26,27|3|1.2387
297mGLU: 18,26,27|3|2.5876
140mGLY: 14,16,20|3|1.1554
229mALA: 06,09,10|3|2.3047
379mCYS: 11,12,23|3|2.285
135mCYS: 08,22,29|3|2.5012
127mALA: 08,22,29|3|1.2536
269mGLY: 03,14,20|3|1.2367
293mGLN: 18,26,27|3|1.615
123mCYS: 08,22,29|3|2.8319
269mCYS: 03,14,20|3|2.4642
377mLYS: 11,12,23|3|1.8786
127mGLU: 08,22,29|3|1.0277
123mTHR: 08,22,29|3|1.4114
300mCYS: 18,26,27|3|1.5364
330mALA: 11,25,28|3|2.4232
141mSER: 14,16,20|3|1.139
269mASP: 03,14,20|3|1.6746
377mASP: 11,12,23|3|2.953
293mASP: 18,26,27|3|2.8231
141mASN: 14,16,20|3|1.0464
293mMET: 18,26,27|3|1.0644
263mCYS: 01,09,10|3|1.5386
141mGLY: 14,16,20|3|1.4008
136mTHR: 08,22,29|3|2.0402
293mLEU: 18,26,27|3|2.3868
229mTHR: 06,09,10|3|1.581
297mGLY: 18,26,27|3|1.8515
135mGLY: 08,22,29|3|1.4316
330mGLY: 11,25,28|3|1.752
226mCYS: 06,08,09|3|1.4519
297mALA: 18,26,27|3|2.7628
229mGLU: 06,09,10|3|2.1823
267mALA: 02,17,20|3|1.1651
293mTHR: 18,26,27|3|2.0281
136mASN: 08,22,29|3|1.275
293mALA: 18,26,27|3|2.7663
123mASP: 08,22,29|3|2.0933
334mLYS: 11,25,28|3|1.7071
141mTHR: 14,16,20|3|1.2668
205mASP: 08,10,29|3|1.6217
140mGLU: 14,16,20|3|1.2148
141mGLU: 14,16,20|3|1.6055
140mSER: 14,16,20|3|1.2994
293mSER: 18,26,27|3|1.5524
377mGLY: 11,12,23|3|2.1185
126mGLU: 08,22,29|3|1.7648
229mASP: 06,09,10|3|1.9567
297mASP: 18,26,27|3|2.8762
135mASP: 08,22,29|3|1.9944
297mCYS: 18,26,27|3|3.9279
293mILE: 18,26,27|3|2.2311
293mVAL: 18,26,27|3|1.7823
330mSER: 11,25,28|3|1.5631
334mGLU: 11,25,28|3|1.074
293mPHE: 18,26,27|3|1.8379
141mHIS: 14,16,20|3|1.3622
135mGLU: 08,22,29|3|2.1551
269mALA: 03,14,20|3|1.5008
123mALA: 08,22,29|3|1.1622
127mASP: 08,22,29|3|1.7409
319mASP: 11,25|2|1.5259
403mPHE: 11,12|2|1.4766
305mTHR: 14,20|2|1.013
193mSER: 22,26|2|1.002
296mGLU: 18,27|2|1.9164
403mLEU: 11,12|2|1.8506
274mASP: 16,20|2|1.0215
403mALA: 11,12|2|2.0889
403mPRO: 11,12|2|1.2309
218mGLU: 20,26|2|1.2487
375mCYS: 12,23|2|1.5002
193mCYS: 22,26|2|1.9906
211mCYS: 08,29|2|1.3454
335mALA: 11,28|2|1.5641
305mCYS: 14,20|2|1.4049
305mPRO: 14,20|2|1.0996
318mCYS: 18,25|2|1.242
403mILE: 11,12|2|1.7588
193mGLY: 22,26|2|1.3439
403mCYS: 11,12|2|3.4358
318mASP: 18,25|2|1.7205
434mLYS: 25,27|2|1.1349
400mGLY: 11,12|2|1.3059
193mLYS: 22,26|2|1.2933
319mCYS: 11,25|2|1.6347
296mVAL: 18,27|2|1.5976
296mSER: 18,27|2|1.1204
296mALA: 18,27|2|2.1098
193mILE: 22,26|2|1.0592
261mALA: 09,10|2|1.2935
400mASP: 11,12|2|1.2367
318mGLN: 18,25|2|1.0225
305mGLN: 14,20|2|1.0662
138mCYS: 22,29|2|1.2942
341mASP: 12,23|2|1.441
261mGLY: 09,10|2|1.1834
261mCYS: 09,10|2|1.7736
403mGLU: 11,12|2|1.7161
333mCYS: 25,28|2|1.3492
261mASP: 09,10|2|1.2524
375mALA: 12,23|2|1.0976
296mLEU: 18,27|2|1.4116
400mCYS: 11,12|2|1.7067
208mCYS: 08,29|2|1.5431
318mGLY: 18,25|2|1.2341
305mASP: 14,20|2|1.3602
296mASP: 18,27|2|1.8444
400mGLU: 11,12|2|1.2991
335mLYS: 11,28|2|1.0192
337mCYS: 12,28|2|1.0061
400mALA: 11,12|2|1.1091
261mGLU: 09,10|2|1.0464
343mCYS: 12,23|2|1.5339
208mALA: 08,29|2|1.1572
305mPHE: 14,20|2|1.1753
261mSER: 09,10|2|1.0482
261mTHR: 09,10|2|1.408
138mASP: 22,29|2|1.0982
132mCYS: 08,29|2|1.1763
319mGLU: 11,25|2|1.1016
318mGLU: 18,25|2|1.5158
403mVAL: 11,12|2|1.3435
319mALA: 11,25|2|1.0967
296mCYS: 18,27|2|2.354
218mASP: 20,26|2|1.0652
403mMET: 11,12|2|1.0688
305mLEU: 14,20|2|1.3389
290mLYS: 18,26|2|1.1114
124mCYS: 08,29|2|2.4282
305mGLY: 14,20|2|1.135
403mGLY: 11,12|2|1.4845
305mVAL: 14,20|2|1.109
193mALA: 22,26|2|1.5946
305mGLU: 14,20|2|1.3326
341mGLU: 12,23|2|1.382
296mILE: 18,27|2|1.3786
261mLYS: 09,10|2|1.803
296mGLY: 18,27|2|1.4652
305mALA: 14,20|2|1.1148
335mCYS: 11,28|2|2.0421
403mASP: 11,12|2|1.7331
401mGLN: 11|1|1.2154
167mASN: 26|1|1.5537
401mTHR: 11|1|1.3313
251mILE: 15|1|1.2761
164mTHR: 26|1|1.1967
206mALA: 08|1|1.4419
251mGLY: 15|1|1.3194
259mALA: 10|1|1.0064
401mLEU: 11|1|1.1242
134mGLU: 22|1|1.0508
401mGLY: 11|1|1.2159
336mGLU: 28|1|1.7071
336mSER: 28|1|1.4679
251mTHR: 15|1|1.0377
158mGLU: 15|1|1.5941
251mLEU: 15|1|1.2926
401mMET: 11|1|1.0314
401mASP: 11|1|1.3761
167mGLU: 26|1|1.4942
167mGLY: 26|1|1.0175
167mSER: 26|1|1.1432
167mLYS: 26|1|1.1705
259mCYS: 10|1|1.4603
336mASP: 28|1|1.1986
336mLYS: 28|1|1.5886
251mCYS: 15|1|1.7638
164mLYS: 26|1|1.563
158mASP: 15|1|1.1533
303mGLU: 20|1|1.0905
251mASP: 15|1|1.509
251mGLU: 15|1|1.545
251mSER: 15|1|1.147
190mCYS: 26|1|1.1667
194mGLY: 26|1|1.0256
158mCYS: 15|1|1.3036
401mGLU: 11|1|1.5842
251mVAL: 15|1|1.3856
401mSER: 11|1|1.1143
249mCYS: 15|1|1.5809
157mCYS: 15|1|1.0415
401mALA: 11|1|1.1908
158mALA: 15|1|1.2089
248mASP: 15|1|1.0603
281mCYS: 26|1|1.9049
197mASP: 08|1|1.021
336mALA: 28|1|1.954
251mALA: 15|1|1.6417
336mTHR: 28|1|1.2243
440mCYS: 18|1|1.0874
206mGLU: 08|1|1.017
164mALA: 26|1|1.4479
288mASN: 11|1|1.0671
167mTHR: 26|1|1.3178
248mCYS: 15|1|1.2042
206mCYS: 08|1|1.7815
194mALA: 26|1|1.0246
158mGLY: 15|1|1.2219
336mGLY: 28|1|1.5442
248mGLU: 15|1|1.0568
401mVAL: 11|1|1.1927
164mASN: 26|1|1.1407
130mCYS: 22|1|1.3722
336mCYS: 28|1|1.7611
409mLYS: 28|1|1.0788
324mGLU: 11|1|1.1797
237mCYS: 08|1|1.2666
