336mSER: 02,03,13,16,17,18|6|2.2717
336mGLU: 02,03,13,16,17,18|6|5.0242
336mTHR: 02,03,13,16,17,18|6|1.9439
147mTHR: 01,04,10,12,15|5|1.8066
265mVAL: 01,04,10,12,15|5|3.0263
265mALA: 01,04,10,12,15|5|3.4934
334mGLY: 02,03,13,17,18|5|2.8466
334mVAL: 02,03,13,17,18|5|1.4792
334mALA: 02,03,13,17,18|5|3.0343
147mLYS: 01,04,10,12,15|5|1.1557
265mGLU: 01,04,10,12,15|5|2.3825
334mTHR: 02,03,13,17,18|5|1.833
266mSER: 01,04,10,12,15|5|1.1013
265mTHR: 01,04,10,12,15|5|3.9104
377mGLU: 02,03,16,18,27|5|2.8076
266mVAL: 01,04,10,12,15|5|2.7646
265mSER: 01,04,10,12,15|5|1.8512
266mILE: 01,04,10,12,15|5|2.0418
322mGLU: 03,13,18,26,29|5|1.0248
266mALA: 01,04,10,12,15|5|2.9675
266mLEU: 01,04,10,12,15|5|1.775
334mGLU: 02,03,13,17,18|5|3.8116
266mCYS: 01,04,10,12,15|5|3.8004
319mASP: 03,13,18,29|4|1.5957
305mTHR: 01,10,12,15|4|2.1708
403mLEU: 02,13,16,18|4|1.5559
326mTHR: 03,13,18,29|4|2.2927
329mTHR: 02,03,13,18|4|1.9776
339mLEU: 02,03,17,21|4|1.8653
403mALA: 02,13,16,18|4|2.0646
339mALA: 02,03,17,21|4|2.882
403mLYS: 02,13,16,18|4|1.5146
318mSER: 13,18,26,29|4|1.1046
326mVAL: 03,13,18,29|4|1.4259
329mSER: 02,03,13,18|4|1.6821
262mALA: 04,10,12,15|4|3.437
329mALA: 02,03,13,18|4|1.3272
403mILE: 02,13,16,18|4|1.1384
326mALA: 03,13,18,29|4|1.5995
261mTRP: 04,10,12,15|4|1.3082
146mLYS: 01,04,12,15|4|2.8535
339mILE: 02,03,17,21|4|2.0336
326mGLN: 03,13,18,29|4|1.0057
261mHIS: 04,10,12,15|4|1.4984
403mCYS: 02,13,16,18|4|2.0727
339mGLY: 02,03,17,21|4|2.0512
326mSER: 03,13,18,29|4|1.9895
146mTHR: 01,04,12,15|4|1.8897
261mALA: 04,10,12,15|4|4.4787
261mMET: 04,10,12,15|4|1.3607
261mGLY: 04,10,12,15|4|3.4931
403mGLU: 02,13,16,18|4|2.0621
319mGLY: 03,13,18,29|4|1.1668
261mASP: 04,10,12,15|4|3.5802
261mPRO: 04,10,12,15|4|1.8707
403mASN: 02,13,16,18|4|1.1498
261mLEU: 04,10,12,15|4|2.9003
403mSER: 02,13,16,18|4|1.7944
146mILE: 01,04,12,15|4|1.7259
262mTHR: 04,10,12,15|4|1.4304
326mGLU: 03,13,18,29|4|2.4605
339mASP: 02,03,17,21|4|1.6875
305mGLY: 01,10,12,15|4|1.6324
146mGLU: 01,04,12,15|4|2.2016
146mCYS: 01,04,12,15|4|2.9438
146mSER: 01,04,12,15|4|2.0849
261mGLU: 04,10,12,15|4|3.2918
403mTHR: 02,13,16,18|4|2.1238
261mGLN: 04,10,12,15|4|1.8571
262mVAL: 04,10,12,15|4|1.5159
261mSER: 04,10,12,15|4|2.587
146mALA: 01,04,12,15|4|3.1408
261mTHR: 04,10,12,15|4|2.4639
339mTHR: 02,03,17,21|4|1.3734
319mGLU: 03,13,18,29|4|2.2649
318mGLU: 13,18,26,29|4|2.2778
305mASN: 01,10,12,15|4|1.312
261mILE: 04,10,12,15|4|3.3638
403mVAL: 02,13,16,18|4|1.3396
333mGLU: 02,03,17,18|4|1.1288
339mCYS: 02,03,17,21|4|4.809
339mGLU: 02,03,17,21|4|2.2027
305mGLU: 01,10,12,15|4|2.8868
261mCYS: 04,10,12,15|4|6.1002
261mLYS: 04,10,12,15|4|2.2944
329mGLU: 02,03,13,18|4|2.0477
400mSER: 02,03,16|3|1.2321
142mALA: 04,11,25|3|2.2475
142mSER: 04,11,25|3|1.0847
325mGLU: 18,26,29|3|1.4315
136mCYS: 11,24,25|3|2.6293
136mGLU: 11,24,25|3|1.69
400mGLY: 02,03,16|3|1.3568
136mTHR: 11,24,25|3|1.1033
337mGLU: 02,03,17|3|1.471
312mGLU: 10,15,29|3|1.259
119mTHR: 04,23,24|3|1.4473
337mCYS: 02,03,17|3|1.5614
400mALA: 02,03,16|3|2.3293
119mGLU: 04,23,24|3|2.1567
144mCYS: 04,11,25|3|1.8309
142mCYS: 04,11,25|3|1.695
136mILE: 11,24,25|3|1.0505
400mLYS: 02,03,16|3|1.5381
136mLEU: 11,24,25|3|1.0128
142mGLY: 04,11,25|3|1.0743
142mLYS: 04,11,25|3|1.5631
312mTHR: 10,15,29|3|1.1488
135mGLU: 11,24,25|3|1.5027
379mGLU: 02,16,27|3|1.0472
206mALA: 23,24|2|1.0003
293mCYS: 26,29|2|4.5628
293mHIS: 26,29|2|2.0862
296mGLU: 26,29|2|1.6256
293mPRO: 26,29|2|1.8666
293mGLY: 26,29|2|2.9215
122mASP: 04,24|2|1.4246
365mCYS: 17,21|2|2.6015
419mCYS: 02,16|2|1.0808
206mASP: 23,24|2|1.3336
134mCYS: 11,25|2|1.0194
297mGLU: 26,29|2|1.0856
410mCYS: 17,21|2|2.8619
293mASN: 26,29|2|2.2664
122mSER: 04,24|2|1.1366
437mALA: 17,21|2|1.8583
293mGLN: 26,29|2|2.3991
205mGLU: 23,24|2|1.2602
412mTHR: 17,21|2|1.4059
437mCYS: 17,21|2|2.1738
296mALA: 26,29|2|1.2459
122mGLY: 04,24|2|1.0952
297mTHR: 26,29|2|1.2819
296mLYS: 26,29|2|1.0679
293mASP: 26,29|2|3.0574
134mALA: 11,25|2|1.1379
293mLEU: 26,29|2|2.6268
440mGLY: 26,29|2|1.0028
182mCYS: 10,23|2|1.821
206mGLY: 23,24|2|1.1469
297mALA: 26,29|2|1.277
182mALA: 10,23|2|1.2358
365mALA: 17,21|2|1.2659
411mTHR: 17,21|2|1.0666
126mALA: 23,24|2|1.0386
293mTHR: 26,29|2|3.227
410mSER: 17,21|2|1.0687
293mPHE: 26,29|2|1.6062
293mLYS: 26,29|2|2.9767
126mLYS: 23,24|2|1.2585
122mGLU: 04,24|2|1.3333
412mGLU: 17,21|2|1.4246
293mGLU: 26,29|2|3.6565
406mCYS: 17,21|2|1.317
314mGLU: 26,29|2|1.2568
205mTHR: 23,24|2|1.1912
293mVAL: 26,29|2|3.0456
293mSER: 26,29|2|3.2823
410mLEU: 17,21|2|1.1968
206mGLU: 23,24|2|1.7622
410mTHR: 17,21|2|1.9332
206mSER: 23,24|2|1.023
293mALA: 26,29|2|4.0754
293mILE: 26,29|2|2.5429
410mGLU: 17,21|2|2.4697
297mCYS: 26,29|2|2.1141
126mCYS: 23,24|2|1.8709
388mALA: 17,21|2|1.186
410mALA: 17,21|2|1.6892
410mASP: 17,21|2|1.4164
387mALA: 21|1|1.3517
277mCYS: 26|1|1.55
421mCYS: 16|1|1.2666
229mCYS: 10|1|1.2822
368mCYS: 21|1|1.5027
424mCYS: 16|1|1.0415
123mGLY: 24|1|1.5209
387mCYS: 21|1|1.2799
342mCYS: 21|1|1.4051
226mCYS: 23|1|1.2788
438mCYS: 17|1|1.1496
123mSER: 24|1|1.1505
346mCYS: 27|1|1.0382
123mASP: 24|1|1.1999
123mGLU: 24|1|1.2603
372mCYS: 21|1|1.55
123mCYS: 24|1|2.7377
123mILE: 24|1|1.4844
172mCYS: 26|1|1.8756
123mVAL: 24|1|1.4263
172mALA: 26|1|1.1458
218mCYS: 11|1|1.0415
387mGLY: 21|1|1.0053
123mLEU: 24|1|1.3085
123mALA: 24|1|2.1104
237mCYS: 23|1|1.2922
