136 138 
136 139 
123 136 
134 136 
136 141 
122 138 
138 139 
123 138 
124 138 
134 138 
138 141 
122 123 
122 124 
122 141 
178 180 
177 180 
146 178 
146 177 
146 268 
146 267 
244 245 
194 244 
196 244 
242 244 
123 139 
139 217 
134 139 
139 141 
139 219 
123 127 
124 127 
127 130 
127 134 
126 127 
127 196 
177 178 
178 267 
123 124 
123 134 
123 126 
194 245 
196 245 
242 245 
124 126 
217 219 
190 217 
130 134 
130 194 
126 130 
130 196 
130 219 
130 190 
134 219 
194 196 
194 242 
194 219 
190 194 
165 194 
126 196 
177 267 
267 268 
196 242 
439 440 
400 419 
336 408 
337 408 
190 219 
288 316 
165 190 
336 337 
164 165 
345 347 
400 428 
343 377 
343 345 
