411mSER: 04,06,09,14|4|1.5114
411mHIS: 04,06,09,14|4|1.2284
411mGLY: 04,06,09,14|4|1.6558
410mALA: 04,06,09,14|4|1.0007
388mHIS: 09,14,17|3|1.4054
440mGLU: 05,14,17|3|2.3827
391mASP: 06,14,17|3|1.3086
345mGLY: 04,06,08|3|2.0989
388mMET: 09,14,17|3|1.1531
347mGLY: 04,08,10|3|1.518
391mLYS: 06,14,17|3|1.0418
391mSER: 06,14,17|3|1.0939
370mASP: 04,10,11|3|1.0829
346mGLY: 04,08,10|3|1.3383
370mGLU: 04,10,11|3|1.1591
391mGLY: 06,14,17|3|1.5115
388mGLU: 09,14,17|3|1.5971
391mCYS: 06,14,17|3|1.6111
388mSER: 09,14,17|3|1.7633
346mSER: 04,08,10|3|1.2273
345mGLU: 04,06,08|3|1.9744
440mALA: 05,14,17|3|1.186
346mGLU: 04,08,10|3|1.3042
370mGLY: 04,10,11|3|1.1873
391mGLU: 06,14,17|3|1.0448
388mGLY: 09,14,17|3|1.9666
370mASN: 04,10,11|3|1.0272
345mSER: 04,06,08|3|1.6079
345mASN: 04,06,08|3|2.2021
345mTHR: 04,06,08|3|2.3367
370mLYS: 04,10,11|3|1.0193
408mALA: 04,06,08|3|2.742
388mLEU: 09,14,17|3|1.6247
388mALA: 09,14,17|3|2.5375
359mALA: 05,11|2|2.638
438mTHR: 14,17|2|1.5544
339mALA: 06,08|2|1.8119
339mGLN: 06,08|2|1.3952
348mCYS: 04,10|2|1.3315
339mSER: 06,08|2|2.5755
343mGLY: 04,08|2|1.3103
348mALA: 04,10|2|1.1253
359mSER: 05,11|2|1.1553
339mGLY: 06,08|2|2.4427
343mLYS: 04,08|2|1.5928
339mTYR: 06,08|2|1.3447
356mALA: 05,11|2|2.8918
344mCYS: 04,08|2|1.3349
339mASN: 06,08|2|1.7793
339mASP: 06,08|2|2.0014
359mILE: 05,11|2|1.2236
343mALA: 04,08|2|2.8165
339mHIS: 06,08|2|2.7226
412mGLU: 09,14|2|1.009
438mALA: 14,17|2|1.8209
339mLEU: 06,08|2|1.696
359mGLU: 05,11|2|1.0059
359mLYS: 05,11|2|1.8465
343mCYS: 04,08|2|2.8575
339mTHR: 06,08|2|2.5719
359mCYS: 05,11|2|2.3505
438mLYS: 14,17|2|2.2184
339mLYS: 06,08|2|1.6691
359mLEU: 05,11|2|1.0288
435mALA: 14,17|2|1.0099
339mVAL: 06,08|2|1.0928
339mGLU: 06,08|2|3.056
339mMET: 06,08|2|1.8932
435mGLU: 14,17|2|1.0238
356mLYS: 05,11|2|2.4919
359mGLY: 05,11|2|1.5308
