339mGLU: 00,01,04,05,06,10,11,12,14,15,16,17,18,19,21,22,23,27,28,29|20|14.6763
403mALA: 00,01,05,06,10,12,14,15,16,21,22,23,27,28|14|11.8216
401mGLY: 00,05,06,09,10,12,14,16,19,21,22,23,26,27|14|7.9333
403mLYS: 00,01,05,06,10,12,14,15,16,21,22,23,27,28|14|6.9723
403mGLN: 00,01,05,06,10,12,14,15,16,21,22,23,27,28|14|8.0719
403mHIS: 00,01,05,06,10,12,14,15,16,21,22,23,27,28|14|5.8627
403mGLU: 00,01,05,06,10,12,14,15,16,21,22,23,27,28|14|12.2269
403mASN: 00,01,05,06,10,12,14,15,16,21,22,23,27,28|14|6.3768
403mSER: 00,01,05,06,10,12,14,15,16,21,22,23,27,28|14|10.3462
403mTHR: 00,01,05,06,10,12,14,15,16,21,22,23,27,28|14|9.2206
403mASP: 00,01,05,06,10,12,14,15,16,21,22,23,27,28|14|10.7293
403mGLY: 00,01,05,06,10,12,14,15,16,21,22,23,27,28|14|10.4242
419mALA: 05,12,14,15,19,21,22,23,26,27|10|4.4953
419mTHR: 05,12,14,15,19,21,22,23,26,27|10|2.8931
376mGLU: 00,01,11,12,14,15,18,19|8|1.3039
402mSER: 00,05,10,16,21,23,27|7|1.3489
414mGLY: 00,02,09,10,21,23,27|7|3.46
414mMET: 00,02,09,10,21,23,27|7|1.9836
414mGLN: 00,02,09,10,21,23,27|7|3.0188
342mTHR: 00,04,11,15,17,18,29|7|4.2814
414mHIS: 00,02,09,10,21,23,27|7|2.3521
414mTHR: 00,02,09,10,21,23,27|7|4.0997
342mCYS: 00,04,11,15,17,18,29|7|11.1175
414mVAL: 00,02,09,10,21,23,27|7|3.3573
414mASN: 00,02,09,10,21,23,27|7|3.5169
414mSER: 00,02,09,10,21,23,27|7|3.2303
342mGLU: 00,04,11,15,17,18,29|7|6.5323
414mGLU: 00,02,09,10,21,23,27|7|5.364
342mASP: 00,04,11,15,17,18,29|7|4.6258
342mALA: 00,04,11,15,17,18,29|7|6.0076
414mASP: 00,02,09,10,21,23,27|7|4.1053
342mPRO: 00,04,11,15,17,18,29|7|2.4643
342mLEU: 00,04,11,15,17,18,29|7|2.6609
342mILE: 00,04,11,15,17,18,29|7|3.6017
342mGLN: 00,04,11,15,17,18,29|7|1.553
402mGLU: 00,05,10,16,21,23,27|7|1.3209
418mSER: 05,14,19,22,23,26|6|1.0011
421mCYS: 12,19,22,26,27|5|6.3715
421mALA: 12,19,22,26,27|5|3.4638
436mASN: 07,09,10,16,28|5|1.3539
412mGLU: 07,09,10,13,28|5|1.046
434mALA: 09,10,16,28|4|1.2758
434mGLY: 09,10,16,28|4|1.6145
434mSER: 09,10,16,28|4|1.3762
434mASP: 09,10,16,28|4|2.0299
380mCYS: 01,12,22,26|4|2.2441
434mGLU: 09,10,16,28|4|1.1065
420mASP: 12,22,26|3|1.5243
392mTHR: 10,27,28|3|1.1217
420mVAL: 12,22,26|3|1.4386
381mPHE: 12,22,23|3|1.2288
381mTHR: 12,22,23|3|1.8688
392mCYS: 10,27,28|3|2.7264
420mALA: 12,22,26|3|1.6343
432mASP: 09,16,21|3|1.6382
381mGLY: 12,22,23|3|1.3416
392mPRO: 10,27,28|3|1.131
420mCYS: 12,22,26|3|2.8747
381mVAL: 12,22,23|3|1.5786
432mGLY: 09,16,21|3|1.0347
381mSER: 12,22,23|3|1.2372
420mTHR: 12,22,26|3|1.64
381mASN: 12,22,23|3|1.5322
420mASN: 12,22,26|3|1.2616
392mASP: 10,27,28|3|1.795
420mGLU: 12,22,26|3|2.2379
381mLYS: 12,22,23|3|1.2195
420mILE: 12,22,26|3|1.3191
370mALA: 13,17,24|3|1.0534
420mPHE: 12,22,26|3|1.212
432mGLU: 09,16,21|3|1.0289
432mCYS: 09,16,21|3|1.4952
420mLYS: 12,22,26|3|1.1499
381mLEU: 12,22,23|3|1.1238
381mILE: 12,22,23|3|1.3902
381mGLU: 12,22,23|3|2.4473
420mPRO: 12,22,26|3|1.2217
420mGLY: 12,22,26|3|1.0318
392mGLU: 10,27,28|3|1.6719
381mALA: 12,22,23|3|1.7303
381mASP: 12,22,23|3|1.5494
392mVAL: 10,27,28|3|1.1218
381mGLN: 12,22,23|3|1.1102
349mALA: 13,24|2|1.1694
349mTHR: 13,24|2|1.3415
369mGLY: 02,24|2|1.0815
369mASP: 02,24|2|1.6209
349mGLU: 13,24|2|1.8553
349mVAL: 13,24|2|1.1744
369mCYS: 02,24|2|1.4493
369mGLU: 02,24|2|1.0091
369mASN: 02,24|2|1.2043
430mCYS: 21,27|2|1.9509
369mLYS: 02,24|2|1.2508
