349mGLY: 02,06,08,16,17,18,20,22,27|9|3.4195
370mLEU: 08,14,16,17,18,20,22,26,27|9|6.3529
370mMET: 08,14,16,17,18,20,22,26,27|9|6.817
370mASP: 08,14,16,17,18,20,22,26,27|9|4.9564
370mGLU: 08,14,16,17,18,20,22,26,27|9|8.6375
370mILE: 08,14,16,17,18,20,22,26,27|9|5.4853
370mPHE: 08,14,16,17,18,20,22,26,27|9|2.8185
456mALA: 02,05,06,07,08,17,18,20,27|9|3.8667
370mHIS: 08,14,16,17,18,20,22,26,27|9|8.6244
370mALA: 08,14,16,17,18,20,22,26,27|9|8.2858
370mVAL: 08,14,16,17,18,20,22,26,27|9|5.818
370mGLY: 08,14,16,17,18,20,22,26,27|9|10.0894
370mARG: 08,14,16,17,18,20,22,26,27|9|1.3641
370mSER: 08,14,16,17,18,20,22,26,27|9|9.4705
370mLYS: 08,14,16,17,18,20,22,26,27|9|6.5109
451mGLU: 05,06,08,16,17,18,20,22,27|9|2.7337
368mHIS: 08,14,16,17,18,22,26,29|8|3.0831
368mSER: 08,14,16,17,18,22,26,29|8|2.2037
368mMET: 08,14,16,17,18,22,26,29|8|2.3604
368mGLY: 08,14,16,17,18,22,26,29|8|2.543
365mGLY: 14,16,17,18,20,22,24,26|8|1.6018
358mGLY: 05,07,08,18,20,22,27|7|1.1229
351mSER: 08,16,17,18,20,22,27|7|2.1665
364mALA: 08,14,16,18,20,22,27|7|1.5286
358mHIS: 05,07,08,18,20,22,27|7|1.3959
351mGLY: 08,16,17,18,20,22,27|7|2.019
387mSER: 14,16,17,18,22,26,29|7|1.0629
359mHIS: 05,08,18,20,22,24,26|7|1.9348
351mGLU: 08,16,17,18,20,22,27|7|2.1702
387mGLY: 14,16,17,18,22,26,29|7|1.1654
359mGLY: 05,08,18,20,22,24,26|7|3.562
401mGLN: 03,09,10,11,15,25|6|2.027
401mTHR: 03,09,10,11,15,25|6|3.088
419mASP: 02,03,09,11,15,25|6|2.3409
400mSER: 03,09,10,11,15,25|6|1.7394
450mGLY: 02,06,07,08,20,22|6|2.3628
401mLEU: 03,09,10,11,15,25|6|2.9663
377mSER: 00,02,09,10,11,25|6|4.2002
419mPHE: 02,03,09,11,15,25|6|1.5187
401mGLY: 03,09,10,11,15,25|6|3.9861
450mHIS: 02,06,07,08,20,22|6|2.1962
379mSER: 00,02,09,11,15,25|6|1.8802
401mPHE: 03,09,10,11,15,25|6|1.0803
419mSER: 02,03,09,11,15,25|6|3.6085
450mLEU: 02,06,07,08,20,22|6|1.3618
401mMET: 03,09,10,11,15,25|6|3.0369
419mALA: 02,03,09,11,15,25|6|4.6532
450mALA: 02,06,07,08,20,22|6|1.5234
401mASP: 03,09,10,11,15,25|6|1.9758
401mASN: 03,09,10,11,15,25|6|2.1348
400mGLY: 03,09,10,11,15,25|6|2.5551
419mVAL: 02,03,09,11,15,25|6|2.306
450mSER: 02,06,07,08,20,22|6|2.0252
419mLYS: 02,03,09,11,15,25|6|2.6407
379mGLY: 00,02,09,11,15,25|6|2.5072
401mGLU: 03,09,10,11,15,25|6|3.5857
400mGLU: 03,09,10,11,15,25|6|2.9303
401mSER: 03,09,10,11,15,25|6|3.4807
401mALA: 03,09,10,11,15,25|6|3.4957
419mGLY: 02,03,09,11,15,25|6|4.0636
379mHIS: 00,02,09,11,15,25|6|2.4372
450mVAL: 02,06,07,08,20,22|6|1.081
419mILE: 02,03,09,11,15,25|6|2.8006
450mGLU: 02,06,07,08,20,22|6|1.5474
377mGLY: 00,02,09,10,11,25|6|4.2729
377mHIS: 00,02,09,10,11,25|6|2.3966
401mLYS: 03,09,10,11,15,25|6|1.8239
401mVAL: 03,09,10,11,15,25|6|1.917
401mHIS: 03,09,10,11,15,25|6|3.3086
401mILE: 03,09,10,11,15,25|6|2.0726
419mLEU: 02,03,09,11,15,25|6|3.326
419mGLU: 02,03,09,11,15,25|6|3.9607
366mHIS: 14,18,22,24,26|5|1.9265
403mLEU: 00,09,10,11,25|5|3.3241
366mMET: 14,18,22,24,26|5|1.6102
412mHIS: 14,16,24,26,29|5|1.0205
403mPHE: 00,09,10,11,25|5|1.2762
403mALA: 00,09,10,11,25|5|3.6517
350mMET: 16,18,20,22,27|5|1.9404
339mALA: 00,09,10,11,25|5|6.5249
403mLYS: 00,09,10,11,25|5|2.7818
366mSER: 14,18,22,24,26|5|1.3609
366mGLU: 14,18,22,24,26|5|1.234
412mGLY: 14,16,24,26,29|5|1.2509
403mILE: 00,09,10,11,25|5|2.1148
339mSER: 00,09,10,11,25|5|7.0189
350mSER: 16,18,20,22,27|5|2.0514
339mHIS: 00,09,10,11,25|5|5.8436
343mGLY: 00,02,11,17,25|5|1.2237
346mGLY: 02,08,17,20,27|5|1.0925
339mILE: 00,09,10,11,25|5|3.2376
403mHIS: 00,09,10,11,25|5|3.7118
403mCYS: 00,09,10,11,25|5|2.0148
411mGLU: 14,16,18,26,29|5|2.531
339mGLY: 00,09,10,11,25|5|7.3297
339mPHE: 00,09,10,11,25|5|2.2647
346mSER: 02,08,17,20,27|5|1.064
366mGLY: 14,18,22,24,26|5|1.3478
403mGLU: 00,09,10,11,25|5|4.1972
350mASN: 16,18,20,22,27|5|1.2884
339mGLN: 00,09,10,11,25|5|2.4957
350mGLY: 16,18,20,22,27|5|2.3622
403mSER: 00,09,10,11,25|5|4.1848
343mSER: 00,02,11,17,25|5|1.0254
350mTHR: 16,18,20,22,27|5|1.082
454mGLY: 05,07,18,20,27|5|1.465
339mASP: 00,09,10,11,25|5|4.2893
350mLYS: 16,18,20,22,27|5|1.2514
339mLEU: 00,09,10,11,25|5|5.1507
454mTHR: 05,07,18,20,27|5|1.06
339mTHR: 00,09,10,11,25|5|5.4918
339mASN: 00,09,10,11,25|5|4.038
454mSER: 05,07,18,20,27|5|1.324
454mHIS: 05,07,18,20,27|5|1.9445
403mASP: 00,09,10,11,25|5|1.5099
454mASN: 05,07,18,20,27|5|1.269
350mGLU: 16,18,20,22,27|5|1.4744
339mLYS: 00,09,10,11,25|5|5.1273
350mALA: 16,18,20,22,27|5|1.7742
403mVAL: 00,09,10,11,25|5|2.7664
346mMET: 02,08,17,20,27|5|1.3317
350mVAL: 16,18,20,22,27|5|1.5222
346mHIS: 02,08,17,20,27|5|1.735
350mHIS: 16,18,20,22,27|5|2.2598
403mMET: 00,09,10,11,25|5|3.3416
350mLEU: 16,18,20,22,27|5|1.5458
339mVAL: 00,09,10,11,25|5|4.8838
366mTHR: 14,18,22,24,26|5|1.1079
403mGLY: 00,09,10,11,25|5|4.3573
339mGLU: 00,09,10,11,25|5|8.4874
350mILE: 16,18,20,22,27|5|1.4142
339mMET: 00,09,10,11,25|5|3.7506
426mGLY: 02,03,07,09,15|5|1.4309
454mMET: 05,07,18,20,27|5|1.6505
421mALA: 02,03,09,15|4|1.6477
410mGLY: 14,16,26,29|4|1.312
341mGLY: 00,10,11,25|4|1.547
341mILE: 00,10,11,25|4|1.4677
341mALA: 00,10,11,25|4|2.4566
418mALA: 03,09,15,25|4|1.1079
344mASN: 00,02,17|3|1.1711
420mLEU: 02,09,15|3|1.0895
430mGLU: 03,09,15|3|1.2177
344mGLU: 00,02,17|3|1.3955
420mILE: 02,09,15|3|1.2009
344mTHR: 00,02,17|3|1.2713
420mVAL: 02,09,15|3|1.1022
420mALA: 02,09,15|3|1.4862
417mHIS: 10,11,25|3|1.0038
428mGLU: 03,09,15|3|1.6685
430mGLY: 03,09,15|3|1.4465
394mSER: 03,10,15|3|1.026
430mMET: 03,09,15|3|1.4372
413mGLY: 14,16,29|3|1.1182
420mSER: 02,09,15|3|1.2066
394mHIS: 03,10,15|3|1.5224
344mMET: 00,02,17|3|1.6915
428mMET: 03,09,15|3|1.3239
428mHIS: 03,09,15|3|1.5841
428mSER: 03,09,15|3|1.5889
420mLYS: 02,09,15|3|1.0426
428mASN: 03,09,15|3|1.2099
430mTHR: 03,09,15|3|1.1483
430mSER: 03,09,15|3|1.3351
344mGLY: 00,02,17|3|1.834
420mGLY: 02,09,15|3|1.4328
390mHIS: 10,24,29|3|1.1418
420mHIS: 02,09,15|3|1.0427
394mGLY: 03,10,15|3|1.1388
428mTHR: 03,09,15|3|1.4389
394mMET: 03,10,15|3|1.2872
428mGLY: 03,09,15|3|1.5514
344mHIS: 00,02,17|3|2.2116
430mHIS: 03,09,15|3|1.67
344mSER: 00,02,17|3|1.7299
438mGLU: 24,26|2|1.1908
342mCYS: 10,25|2|1.3426
438mALA: 24,26|2|1.2604
