403mALA: 02,03,06,07,08,13,14,15,19,20,22,24|12|7.414
403mGLU: 02,03,06,07,08,13,14,15,19,20,22,24|12|9.6525
403mSER: 02,03,06,07,08,13,14,15,19,20,22,24|12|7.133
403mTHR: 02,03,06,07,08,13,14,15,19,20,22,24|12|7.7519
403mGLY: 02,03,06,07,08,13,14,15,19,20,22,24|12|7.4481
403mASP: 02,03,06,07,08,13,14,15,19,20,22,24|12|8.3021
401mTHR: 02,06,08,13,14,15,20,22|8|6.5218
401mGLY: 02,06,08,13,14,15,20,22|8|5.9266
401mCYS: 02,06,08,13,14,15,20,22|8|6.1641
401mALA: 02,06,08,13,14,15,20,22|8|5.8952
401mLYS: 02,06,08,13,14,15,20,22|8|6.3663
401mSER: 02,06,08,13,14,15,20,22|8|5.4504
379mSER: 01,06,08,13,15,20,22|7|2.6171
379mTHR: 01,06,08,13,15,20,22|7|3.955
379mLEU: 01,06,08,13,15,20,22|7|3.7765
379mGLY: 01,06,08,13,15,20,22|7|3.0056
379mASP: 01,06,08,13,15,20,22|7|3.9293
379mALA: 01,06,08,13,15,20,22|7|3.8073
400mGLY: 06,13,14,15,20,22|6|2.7865
400mGLU: 06,13,14,15,20,22|6|4.2488
387mGLU: 00,04,07,25,28|5|1.1276
346mGLY: 11,18,24,26,28|5|2.0269
402mGLY: 02,06,15,20,22|5|1.3968
346mSER: 11,18,24,26,28|5|1.5769
346mALA: 11,18,24,26,28|5|2.6432
376mGLU: 01,06,08,13,27|5|1.0246
346mGLU: 11,18,24,26,28|5|2.6817
346mCYS: 11,18,24,26,28|5|3.1892
388mGLY: 00,04,07,21,25|5|2.0192
346mTHR: 11,18,24,26,28|5|1.9665
419mCYS: 13,15,20,22|4|1.4255
393mGLY: 02,14,21,22|4|1.249
432mASP: 14,20,21|3|1.1022
391mSER: 00,04,21|3|1.1788
391mGLU: 00,04,21|3|1.3528
432mCYS: 14,20,21|3|1.5786
430mCYS: 13,14,20|3|1.2441
391mTHR: 00,04,21|3|1.0352
416mASP: 02,06,22|3|1.5544
396mLYS: 14,20|2|1.5957
380mMET: 11,26|2|1.1233
366mCYS: 04,25|2|1.0958
434mALA: 14,21|2|1.7802
396mGLY: 14,20|2|1.4053
434mGLY: 14,21|2|1.0725
414mCYS: 06,14|2|1.1866
456mGLU: 17,18|2|1.2417
414mGLU: 06,14|2|1.3177
434mCYS: 14,21|2|2.3562
414mASP: 06,14|2|1.3678
380mGLU: 11,26|2|1.1061
396mALA: 14,20|2|1.5313
434mASP: 14,21|2|1.0827
380mTHR: 11,26|2|1.0494
396mTHR: 14,20|2|1.244
396mSER: 14,20|2|1.1758
456mTHR: 17,18|2|1.0254
396mGLU: 14,20|2|1.4699
