127mTHR: 00,04,05,13,21,22,27,28|8|3.9523
127mGLU: 00,04,05,13,21,22,27,28|8|5.6046
124mTHR: 00,04,05,13,21,28,29|7|2.2381
124mGLU: 00,04,05,13,21,28,29|7|2.7605
124mLEU: 00,04,05,13,21,28,29|7|1.4543
136mVAL: 00,04,05,20,27,28|6|1.8757
206mALA: 00,05,13,21,22,29|6|2.9025
136mASP: 00,04,05,20,27,28|6|2.1084
136mTHR: 00,04,05,20,27,28|6|2.5121
206mGLU: 00,05,13,21,22,29|6|6.3475
206mTHR: 00,05,13,21,22,29|6|4.8743
123mLYS: 00,04,05,21,28|5|3.0013
122mHIS: 00,04,05,15,21|5|2.9211
134mGLU: 00,04,05,27,28|5|6.1521
122mLEU: 00,04,05,15,21|5|1.5955
122mSER: 00,04,05,15,21|5|2.0831
122mALA: 00,04,05,15,21|5|1.0453
123mTHR: 00,04,05,21,28|5|3.9265
122mASN: 00,04,05,15,21|5|2.0953
123mGLY: 00,04,05,21,28|5|4.2431
122mGLY: 00,04,05,15,21|5|2.4324
134mILE: 00,04,05,27,28|5|1.719
134mGLN: 00,04,05,27,28|5|2.285
134mASN: 00,04,05,27,28|5|2.2959
134mALA: 00,04,05,27,28|5|2.6324
122mMET: 00,04,05,15,21|5|2.7753
122mVAL: 00,04,05,15,21|5|1.4407
134mVAL: 00,04,05,27,28|5|2.1581
283mSER: 03,06,17,18,19|5|1.4311
283mGLU: 03,06,17,18,19|5|2.6168
122mGLU: 00,04,05,15,21|5|2.0706
122mGLN: 00,04,05,15,21|5|1.8947
134mLEU: 00,04,05,27,28|5|2.8873
122mTHR: 00,04,05,15,21|5|2.1109
123mILE: 00,04,05,21,28|5|1.9463
123mVAL: 00,04,05,21,28|5|2.9545
122mTRP: 00,04,05,15,21|5|1.5712
134mTHR: 00,04,05,27,28|5|5.4737
134mGLY: 00,04,05,27,28|5|2.7115
283mALA: 03,06,17,18,19|5|1.1047
123mALA: 00,04,05,21,28|5|3.5157
139mLEU: 04,20,27,28|4|3.0728
250mASN: 05,13,21,22|4|2.2966
280mGLU: 03,06,18,19|4|1.8844
284mSER: 03,06,18,19|4|1.4549
258mTHR: 03,07,18,19|4|1.1543
139mTHR: 04,20,27,28|4|2.9431
279mMET: 03,06,17,19|4|1.0449
139mGLU: 04,20,27,28|4|3.2939
250mILE: 05,13,21,22|4|1.8668
244mGLY: 00,04,27,28|4|3.3538
244mLEU: 00,04,27,28|4|2.0919
139mGLN: 04,20,27,28|4|2.6814
250mLYS: 05,13,21,22|4|2.1498
244mASP: 00,04,27,28|4|2.301
258mGLU: 03,07,18,19|4|1.7579
286mGLY: 06,17,18,19|4|1.0871
280mASN: 03,06,18,19|4|1.3991
244mTHR: 00,04,27,28|4|2.1455
139mVAL: 04,20,27,28|4|2.401
245mALA: 00,22,27,28|4|1.5616
139mHIS: 04,20,27,28|4|1.3649
250mGLY: 05,13,21,22|4|2.2886
280mSER: 03,06,18,19|4|1.1018
250mVAL: 05,13,21,22|4|2.1715
279mHIS: 03,06,17,19|4|1.3918
250mALA: 05,13,21,22|4|2.8067
286mSER: 06,17,18,19|4|1.1646
139mGLY: 04,20,27,28|4|2.2376
139mILE: 04,20,27,28|4|2.6624
244mGLU: 00,04,27,28|4|2.4922
139mALA: 04,20,27,28|4|2.7136
244mSER: 00,04,27,28|4|1.6306
286mTHR: 06,17,18,19|4|1.5402
284mTHR: 03,06,18,19|4|2.1213
245mGLY: 00,22,27,28|4|1.0395
284mASN: 03,06,18,19|4|1.4675
244mALA: 00,04,27,28|4|5.459
284mGLU: 03,06,18,19|4|2.8552
139mTRP: 04,20,27,28|4|2.3542
139mASN: 04,20,27,28|4|1.4925
139mMET: 04,20,27,28|4|2.3105
250mTHR: 05,13,21,22|4|3.0801
139mSER: 04,20,27,28|4|1.484
244mCYS: 00,04,27,28|4|5.9949
286mGLU: 06,17,18,19|4|2.1281
250mGLU: 05,13,21,22|4|1.9333
280mTHR: 03,06,18,19|4|1.2928
196mGLN: 13,22,27|3|1.816
197mASN: 00,13,22|3|1.0487
182mLEU: 07,15,29|3|1.1894
273mGLY: 03,18,19|3|2.0498
182mGLU: 07,15,29|3|2.1158
196mALA: 13,22,27|3|1.795
277mLEU: 03,18,19|3|1.0825
196mLEU: 13,22,27|3|1.9514
264mTHR: 03,18,19|3|1.0026
273mHIS: 03,18,19|3|1.2785
197mHIS: 00,13,22|3|1.1282
196mGLU: 13,22,27|3|2.1391
196mVAL: 13,22,27|3|1.3956
454mASP: 03,06,19|3|1.012
277mSER: 03,18,19|3|1.1816
182mTHR: 07,15,29|3|1.6909
146mCYS: 09,15,20|3|3.2677
196mPHE: 13,22,27|3|1.288
277mGLY: 03,18,19|3|1.4463
182mMET: 07,15,29|3|1.3743
146mGLY: 09,15,20|3|1.9963
196mGLY: 13,22,27|3|1.9656
424mTHR: 03,06,18|3|1.7687
196mSER: 13,22,27|3|1.4594
273mLYS: 03,18,19|3|1.0872
424mGLY: 03,06,18|3|1.0359
182mVAL: 07,15,29|3|1.2742
197mMET: 00,13,22|3|1.5728
196mMET: 13,22,27|3|1.9463
454mLYS: 03,06,19|3|1.3197
146mTHR: 09,15,20|3|1.8176
454mALA: 03,06,19|3|1.0704
277mMET: 03,18,19|3|1.6779
277mTHR: 03,18,19|3|1.3678
264mGLU: 03,18,19|3|1.0497
142mGLU: 09,15,20|3|2.4881
196mTHR: 13,22,27|3|2.0181
266mGLU: 15,18,19|3|1.3995
273mTHR: 03,18,19|3|2.4294
197mVAL: 00,13,22|3|1.4327
266mALA: 15,18,19|3|1.2611
424mASN: 03,06,18|3|1.0371
277mGLU: 03,18,19|3|1.3857
197mLEU: 00,13,22|3|1.7136
277mTRP: 03,18,19|3|1.015
197mGLY: 00,13,22|3|1.4296
196mASN: 13,22,27|3|1.2675
197mGLU: 00,13,22|3|2.0474
454mTHR: 03,06,19|3|1.4599
424mGLU: 03,06,18|3|1.9026
196mASP: 13,22,27|3|1.6154
182mGLY: 07,15,29|3|1.5505
454mGLY: 03,06,19|3|1.4632
305mGLY: 03,09,18|3|1.8439
182mGLN: 07,15,29|3|1.5839
196mILE: 13,22,27|3|1.5204
146mGLU: 09,15,20|3|2.6605
197mSER: 00,13,22|3|1.0842
273mASN: 03,18,19|3|1.9147
259mTHR: 03,07,19|3|1.0346
266mTHR: 15,18,19|3|1.2454
196mHIS: 13,22,27|3|1.6499
273mSER: 03,18,19|3|1.6428
273mGLN: 03,18,19|3|1.1198
273mGLU: 03,18,19|3|2.8253
454mSER: 03,06,19|3|1.1408
277mGLN: 03,18,19|3|1.2215
196mTRP: 13,22,27|3|1.5118
454mHIS: 03,06,19|3|1.1584
277mASN: 03,18,19|3|1.2268
197mGLN: 00,13,22|3|1.388
305mALA: 03,09,18|3|1.71
454mASN: 03,06,19|3|1.1887
277mHIS: 03,18,19|3|1.6473
266mGLY: 15,18,19|3|1.3345
182mHIS: 07,15,29|3|1.11
454mGLU: 03,06,19|3|1.188
197mILE: 00,13,22|3|1.2183
142mTHR: 09,15,20|3|1.7768
305mVAL: 03,09,18|3|1.3966
146mASP: 09,15,20|3|2.3867
396mGLU: 06,17,18|3|1.2007
230mASP: 07,19,29|3|1.099
182mSER: 07,15,29|3|1.0177
197mTHR: 00,13,22|3|1.812
182mASN: 07,15,29|3|1.3176
197mTRP: 00,13,22|3|1.0355
145mGLU: 09,15,20|3|1.3475
197mALA: 00,13,22|3|1.3091
265mLYS: 07,15|2|1.0359
265mTHR: 07,15|2|1.0071
312mTRP: 17,18|2|1.7628
421mCYS: 06,18|2|1.1313
265mVAL: 07,15|2|1.0016
265mALA: 07,15|2|1.0868
312mPHE: 17,18|2|1.8806
312mASP: 17,18|2|2.5361
419mALA: 06,17|2|1.0805
312mILE: 17,18|2|1.6243
421mGLU: 06,18|2|1.3716
265mASN: 07,15|2|1.0941
356mMET: 06,19|2|1.0641
282mSER: 06,17|2|1.0013
312mCYS: 17,18|2|2.8841
312mSER: 17,18|2|1.1465
261mALA: 07,19|2|1.5132
282mMET: 06,17|2|1.2322
228mALA: 07,29|2|1.7632
261mGLY: 07,19|2|1.2911
257mGLU: 03,19|2|1.0215
312mHIS: 17,18|2|1.0456
312mASN: 17,18|2|1.5388
228mVAL: 07,29|2|1.076
312mMET: 17,18|2|1.2099
229mGLU: 07,29|2|1.536
158mALA: 13,22|2|1.2056
228mGLU: 07,29|2|1.3151
267mALA: 15,20|2|1.2474
261mLEU: 07,19|2|1.004
312mGLU: 17,18|2|2.9168
312mGLN: 17,18|2|2.0674
312mPRO: 17,18|2|1.9299
265mGLY: 07,15|2|1.1857
400mALA: 06,17|2|1.6548
261mGLU: 07,19|2|1.0497
312mVAL: 17,18|2|1.6758
261mSER: 07,19|2|1.0623
228mGLY: 07,29|2|1.0621
356mHIS: 06,19|2|1.3522
228mTHR: 07,29|2|1.7457
312mALA: 17,18|2|1.5256
228mPRO: 07,29|2|1.3059
158mGLY: 13,22|2|1.0228
312mLEU: 17,18|2|1.9258
248mGLU: 13,22|2|1.2447
232mTHR: 07,19|2|1.1471
312mGLY: 17,18|2|1.5403
248mTHR: 13,22|2|1.0889
282mHIS: 06,17|2|1.4615
265mHIS: 07,15|2|1.1902
312mTHR: 17,18|2|2.4581
421mTHR: 06,18|2|1.1585
247mCYS: 22|1|1.0904
326mCYS: 17|1|1.55
307mCYS: 20|1|1.0415
201mLEU: 22|1|1.0616
323mCYS: 17|1|1.5047
319mCYS: 17|1|1.0415
301mCYS: 20|1|1.6264
379mCYS: 06|1|1.0059
201mPHE: 22|1|1.0748
422mCYS: 06|1|1.0904
201mTHR: 22|1|1.0186
358mCYS: 19|1|1.1383
201mCYS: 22|1|1.6396
141mTHR: 20|1|1.0665
141mGLU: 20|1|1.5776
201mGLU: 22|1|1.2096
327mCYS: 17|1|1.0561
