268mILE: 04,06,07,08,11,19,20|7|8.0438
268mGLU: 04,06,07,08,11,19,20|7|11.0114
268mMET: 04,06,07,08,11,19,20|7|8.6463
268mASN: 04,06,07,08,11,19,20|7|6.2817
268mALA: 04,06,07,08,11,19,20|7|7.3911
268mCYS: 04,06,07,08,11,19,20|7|10.8667
268mPHE: 04,06,07,08,11,19,20|7|8.5898
268mGLN: 04,06,07,08,11,19,20|7|8.8465
146mASN: 04,06,07,08,11,15,19|7|2.5477
268mLEU: 04,06,07,08,11,19,20|7|9.6511
268mVAL: 04,06,07,08,11,19,20|7|8.6087
268mSER: 04,06,07,08,11,19,20|7|5.4802
268mTRP: 04,06,07,08,11,19,20|7|7.794
268mGLY: 04,06,07,08,11,19,20|7|7.4856
146mGLU: 04,06,07,08,11,15,19|7|5.1131
268mASP: 04,06,07,08,11,19,20|7|7.9887
268mTYR: 04,06,07,08,11,19,20|7|2.2174
268mTHR: 04,06,07,08,11,19,20|7|9.918
268mPRO: 04,06,07,08,11,19,20|7|6.4801
268mHIS: 04,06,07,08,11,19,20|7|5.8377
121mGLY: 04,08,11,15,17,21|6|2.1987
144mGLY: 04,06,07,08,11,19|6|1.8305
297mTHR: 01,07,13,14,18|5|5.2208
297mASN: 01,07,13,14,18|5|3.6036
297mSER: 01,07,13,14,18|5|3.0636
297mGLU: 01,07,13,14,18|5|5.857
297mGLY: 01,07,13,14,18|5|3.9671
206mGLY: 03,05,17,21,27|5|2.8437
180mLYS: 04,08,11,15,19|5|2.8428
265mTHR: 04,08,11,19,20|5|1.4745
206mGLU: 03,05,17,21,27|5|3.2836
206mSER: 03,05,17,21,27|5|2.0094
206mTHR: 03,05,17,21,27|5|2.5424
206mASN: 03,05,17,21,27|5|2.0488
305mGLY: 04,06,07,14,20|5|1.7301
305mALA: 04,06,07,14,20|5|1.992
127mTHR: 05,17,21,27|4|1.3436
127mCYS: 05,17,21,27|4|5.1882
300mCYS: 01,07,13,14|4|3.783
122mHIS: 08,15,17,21|4|1.352
127mGLY: 05,17,21,27|4|2.7664
178mSER: 04,08,11,15|4|1.8724
178mLYS: 04,08,11,15|4|2.6522
136mLYS: 08,17,21,27|4|1.7706
126mASP: 05,17,21,27|4|3.0261
123mGLU: 05,17,21,27|4|1.5924
122mASP: 08,15,17,21|4|1.0526
178mGLY: 04,08,11,15|4|2.3119
136mGLU: 08,17,21,27|4|2.747
127mGLU: 05,17,21,27|4|3.7521
126mGLY: 05,17,21,27|4|1.3772
122mGLY: 08,15,17,21|4|1.5696
136mALA: 08,17,21,27|4|2.0123
178mGLU: 04,08,11,15|4|2.3082
178mASP: 04,08,11,15|4|1.995
136mASP: 08,17,21,27|4|1.9094
136mTHR: 08,17,21,27|4|2.2745
300mGLU: 01,07,13,14|4|1.2475
178mALA: 04,08,11,15|4|2.0372
178mTHR: 04,08,11,15|4|2.653
178mTRP: 04,08,11,15|4|1.183
296mASP: 01,13,14,18|4|1.0222
127mHIS: 05,17,21,27|4|1.2651
123mASP: 05,17,21,27|4|1.7711
122mGLU: 08,15,17,21|4|1.1452
136mSER: 08,17,21,27|4|2.6363
127mSER: 05,17,21,27|4|1.0236
178mHIS: 04,08,11,15|4|1.3197
178mGLN: 04,08,11,15|4|1.4732
136mGLN: 08,17,21,27|4|1.6474
127mLYS: 05,17,21,27|4|2.4727
136mGLY: 08,17,21,27|4|2.8877
178mILE: 04,08,11,15|4|1.5538
126mGLU: 05,17,21,27|4|3.5998
296mCYS: 01,13,14,18|4|3.5961
122mSER: 08,15,17,21|4|1.1946
126mCYS: 05,17,21,27|4|3.947
127mASP: 05,17,21,27|4|3.704
299mCYS: 07,13,14|3|2.9276
303mGLY: 06,07,14|3|1.1351
124mVAL: 17,21,27|3|1.2018
293mCYS: 01,13,18|3|3.2518
293mHIS: 01,13,18|3|2.4457
293mGLN: 01,13,18|3|1.821
293mPRO: 01,13,18|3|1.5697
201mLEU: 03,23,27|3|1.5356
293mGLY: 01,13,18|3|3.5602
124mTHR: 17,21,27|3|1.3535
438mTHR: 01,13,18|3|1.4045
245mGLU: 02,03,05|3|2.81
292mTHR: 01,13,14|3|1.9896
196mGLU: 05,17,27|3|2.528
438mGLU: 01,13,18|3|1.0639
292mGLU: 01,13,14|3|2.7269
439mGLU: 01,13,18|3|4.0491
244mGLY: 02,05,27|3|1.3409
292mASP: 01,13,14|3|1.7548
124mGLU: 17,21,27|3|3.4354
438mASN: 01,13,18|3|1.3625
439mSER: 01,13,18|3|2.3511
439mASN: 01,13,18|3|3.0
205mGLN: 03,21,23|3|2.0159
244mASP: 02,05,27|3|1.4399
140mGLY: 06,07,08|3|2.1534
293mASN: 01,13,18|3|2.6828
308mGLY: 06,14,20|3|1.3505
201mTRP: 03,23,27|3|1.0718
201mGLY: 03,23,27|3|1.2224
205mSER: 03,21,23|3|1.4433
205mHIS: 03,21,23|3|1.5158
205mTHR: 03,21,23|3|2.0624
293mGLU: 01,13,18|3|3.2611
245mASP: 02,03,05|3|2.2809
201mASP: 03,23,27|3|1.3769
303mASN: 06,07,14|3|1.5201
197mTHR: 03,17,27|3|1.1298
135mLYS: 17,21,27|3|1.3554
205mGLY: 03,21,23|3|2.1009
308mASN: 06,14,20|3|1.7757
293mASP: 01,13,18|3|3.061
196mASN: 05,17,27|3|1.3222
439mTHR: 01,13,18|3|3.4812
201mTHR: 03,23,27|3|1.2649
303mGLU: 06,07,14|3|2.1964
140mTHR: 06,07,08|3|1.867
140mMET: 06,07,08|3|1.4986
196mCYS: 05,17,27|3|3.2183
303mTHR: 06,07,14|3|1.088
124mALA: 17,21,27|3|1.1131
303mASP: 06,07,14|3|1.1419
124mASP: 17,21,27|3|3.0137
217mTHR: 06,07,18|3|1.0426
205mVAL: 03,21,23|3|1.9322
196mASP: 05,17,27|3|2.237
293mTHR: 01,13,18|3|2.9572
308mHIS: 06,14,20|3|1.1949
244mGLU: 02,05,27|3|1.726
293mLYS: 01,13,18|3|3.0689
293mSER: 01,13,18|3|2.5477
124mGLY: 17,21,27|3|2.2831
201mCYS: 03,23,27|3|1.5706
217mGLU: 06,07,18|3|1.4329
293mALA: 01,13,18|3|2.1989
293mTRP: 01,13,18|3|1.6341
205mASN: 03,21,23|3|1.5168
205mALA: 03,21,23|3|1.7626
217mSER: 06,07,18|3|1.2327
205mILE: 03,21,23|3|1.6096
205mMET: 03,21,23|3|1.7931
140mGLU: 06,07,08|3|2.1806
308mGLU: 06,14,20|3|1.5367
201mPHE: 03,23,27|3|1.2433
245mCYS: 02,03,05|3|2.6781
201mGLN: 03,23,27|3|1.2417
140mHIS: 06,07,08|3|2.11
124mPRO: 17,21,27|3|1.16
201mGLU: 03,23,27|3|1.6606
140mSER: 06,07,08|3|2.2567
244mALA: 02,05,27|3|1.475
196mPRO: 05,17,27|3|2.0685
308mSER: 06,14,20|3|1.2035
205mTRP: 03,21,23|3|1.807
140mASN: 06,07,08|3|2.0108
439mLYS: 01,13,18|3|2.2338
201mALA: 03,23,27|3|1.0979
308mTHR: 06,14,20|3|1.2837
201mVAL: 03,23,27|3|1.2235
293mILE: 01,13,18|3|1.4325
205mLEU: 03,21,23|3|2.2564
439mGLY: 01,13,18|3|2.0628
244mCYS: 02,05,27|3|3.4922
135mGLU: 17,21,27|3|1.1967
292mCYS: 01,13,14|3|1.4818
205mGLU: 03,21,23|3|2.4387
440mGLU: 01,18|2|1.2278
440mLYS: 01,18|2|1.7708
130mGLU: 05,27|2|1.0564
251mCYS: 03,23|2|4.5214
440mTHR: 01,18|2|1.7328
341mTHR: 10,26|2|2.0988
251mGLY: 03,23|2|2.619
311mASP: 13,14|2|1.2864
377mTHR: 10,26|2|1.2356
341mHIS: 10,26|2|1.9502
302mCYS: 07,20|2|1.6824
235mTRP: 03,23|2|1.023
311mVAL: 13,14|2|1.6339
251mASN: 03,23|2|2.417
235mCYS: 03,23|2|1.4739
251mALA: 03,23|2|1.9093
311mGLY: 13,14|2|1.4472
235mGLU: 03,23|2|1.7532
302mASP: 07,20|2|1.5162
251mTHR: 03,23|2|2.5384
377mCYS: 10,26|2|3.5823
377mGLU: 10,26|2|1.2993
242mSER: 02,03|2|1.1571
251mLEU: 03,23|2|1.6814
251mPHE: 03,23|2|1.7784
379mASN: 10,26|2|1.3653
379mCYS: 10,26|2|2.59
235mGLY: 03,23|2|1.163
311mSER: 13,14|2|1.0399
440mASN: 01,18|2|1.1068
242mGLY: 02,03|2|1.4862
378mCYS: 10,26|2|2.4277
341mILE: 10,26|2|1.3696
130mASN: 05,27|2|1.0559
341mGLY: 10,26|2|1.9318
341mMET: 10,26|2|2.2466
377mVAL: 10,26|2|1.2322
311mLEU: 13,14|2|1.354
235mASP: 03,23|2|1.2206
251mMET: 03,23|2|1.5235
235mGLN: 03,23|2|1.0267
311mCYS: 13,14|2|1.9834
311mGLN: 13,14|2|1.447
341mALA: 10,26|2|1.2956
379mASP: 10,26|2|2.3249
379mTHR: 10,26|2|1.6916
251mASP: 03,23|2|3.0512
440mASP: 01,18|2|1.2444
251mHIS: 03,23|2|2.2496
440mALA: 01,18|2|1.2194
251mGLU: 03,23|2|3.7321
235mTHR: 03,23|2|1.2093
251mSER: 03,23|2|1.7868
341mGLU: 10,26|2|2.2122
251mLYS: 03,23|2|1.3285
379mGLY: 10,26|2|1.5074
379mGLN: 10,26|2|1.525
242mGLU: 02,03|2|1.4204
251mPRO: 03,23|2|2.2596
440mGLY: 01,18|2|1.5774
341mGLN: 10,26|2|1.8994
242mASP: 02,03|2|1.5187
442mCYS: 01,18|2|1.7405
341mASN: 10,26|2|1.6496
311mALA: 13,14|2|1.0576
242mCYS: 02,03|2|1.544
440mCYS: 01,18|2|1.3844
251mVAL: 03,23|2|2.3782
341mVAL: 10,26|2|1.6464
311mASN: 13,14|2|1.3786
251mILE: 03,23|2|1.8006
311mMET: 13,14|2|1.2798
311mGLU: 13,14|2|2.105
235mASN: 03,23|2|1.0735
311mHIS: 13,14|2|1.2224
242mPRO: 02,03|2|1.1458
443mCYS: 01,18|2|1.3376
311mPRO: 13,14|2|1.0102
251mTRP: 03,23|2|1.7497
251mGLN: 03,23|2|2.0718
311mILE: 13,14|2|1.1627
242mLYS: 02,03|2|1.8713
302mLYS: 07,20|2|1.9551
130mLYS: 05,27|2|1.4756
341mLEU: 10,26|2|1.835
242mTHR: 02,03|2|1.2812
311mTHR: 13,14|2|2.0207
302mGLY: 07,20|2|1.1829
341mSER: 10,26|2|1.5152
311mTRP: 13,14|2|1.0978
377mALA: 10,26|2|1.3251
403mGLY: 10,26|2|1.093
341mTRP: 10,26|2|1.6424
379mPRO: 10,26|2|1.537
379mGLU: 10,26|2|2.6231
335mTHR: 10|1|1.409
253mASN: 23|1|1.6898
375mLYS: 26|1|2.1483
253mSER: 23|1|1.0736
402mTHR: 10|1|1.044
375mCYS: 26|1|1.3671
375mASN: 26|1|1.9027
335mALA: 10|1|1.0846
375mGLU: 26|1|1.9085
336mGLU: 10|1|1.0118
253mLYS: 23|1|1.9354
253mCYS: 23|1|1.1542
253mGLU: 23|1|1.6956
375mPRO: 26|1|1.5922
253mPRO: 23|1|1.3793
335mCYS: 10|1|1.0127
375mSER: 26|1|1.2865
402mCYS: 10|1|1.2665
402mLYS: 10|1|1.2222
375mTRP: 26|1|1.0336
401mCYS: 10|1|1.03
253mGLY: 23|1|1.1078
335mLYS: 10|1|1.3576
335mGLU: 10|1|1.3999
253mASP: 23|1|1.3652
253mTHR: 23|1|1.365
375mASP: 26|1|1.5781
402mASP: 10|1|1.0035
375mTHR: 26|1|1.5779
375mGLY: 26|1|1.3207
335mGLY: 10|1|1.0922
