400 403 419 
400 401 403 
331 400 403 
400 402 403 
400 403 417 
400 403 418 
400 401 419 
400 402 419 
400 419 427 
400 417 419 
400 418 419 
324 327 400 
324 400 401 
324 331 400 
327 400 401 
327 331 400 
327 400 402 
331 400 401 
400 401 428 
400 401 402 
400 401 417 
400 401 418 
331 400 402 
400 427 428 
400 418 428 
400 402 417 
400 402 418 
400 418 427 
400 417 418 
377 379 380 
377 379 381 
375 377 379 
377 380 381 
375 377 380 
375 377 381 
319 324 326 
319 324 325 
319 325 326 
401 403 419 
402 403 419 
403 417 419 
381 403 419 
403 418 419 
331 401 403 
401 402 403 
401 403 417 
401 403 418 
331 335 403 
331 336 403 
331 402 403 
335 336 403 
335 402 403 
402 403 417 
381 402 403 
402 403 418 
381 403 417 
403 417 418 
381 403 418 
379 419 421 
379 380 419 
379 417 419 
379 381 419 
379 418 419 
375 379 419 
401 402 419 
401 417 419 
401 418 419 
380 419 421 
419 421 427 
381 419 421 
418 419 421 
380 417 419 
380 381 419 
380 418 419 
375 380 419 
402 417 419 
381 402 419 
402 418 419 
418 419 427 
381 417 419 
417 418 419 
375 417 419 
381 418 419 
375 381 419 
375 418 419 
119 121 123 
119 121 124 
119 121 122 
121 123 124 
121 122 123 
121 122 124 
229 259 261 
229 232 259 
229 233 259 
181 229 261 
178 181 229 
178 229 261 
229 232 261 
229 232 233 
119 123 124 
119 122 123 
119 122 124 
379 380 421 
379 381 421 
379 418 421 
379 380 417 
379 380 381 
379 380 418 
375 379 380 
379 381 417 
379 417 418 
375 379 417 
379 381 418 
375 379 381 
375 379 418 
324 327 401 
324 326 327 
324 327 331 
324 325 327 
324 331 401 
324 325 401 
324 326 331 
324 325 326 
324 325 331 
327 331 401 
327 401 402 
325 327 401 
326 327 331 
325 326 327 
327 331 335 
327 331 402 
325 327 331 
327 335 402 
178 180 181 
147 178 180 
438 439 440 
438 440 441 
435 438 440 
439 440 441 
435 439 440 
435 440 441 
232 259 261 
259 261 263 
232 233 259 
331 401 402 
325 331 401 
401 418 428 
401 402 417 
401 402 418 
401 417 418 
325 326 331 
438 439 441 
435 438 439 
435 438 441 
380 381 421 
380 418 421 
418 421 427 
381 418 421 
178 181 261 
146 147 178 
146 147 267 
146 178 267 
201 204 207 
204 206 207 
201 204 206 
331 335 336 
331 335 402 
435 439 441 
418 427 428 
380 381 417 
380 417 418 
375 380 417 
380 381 418 
375 380 381 
345 380 381 
346 380 381 
375 380 418 
345 375 380 
346 375 380 
345 346 380 
381 402 417 
402 417 418 
381 402 418 
293 297 299 
279 297 299 
123 135 136 
123 131 136 
123 124 127 
123 127 135 
123 127 208 
123 126 127 
123 127 131 
123 124 135 
122 123 124 
123 124 208 
123 124 126 
122 123 135 
123 131 135 
122 123 208 
123 126 208 
123 126 131 
131 135 136 
135 136 140 
290 293 297 
124 207 208 
124 126 207 
201 206 207 
201 207 208 
206 207 208 
126 206 207 
126 207 208 
201 251 253 
250 251 253 
160 251 253 
156 251 253 
158 251 253 
156 250 251 
158 250 251 
156 160 251 
158 160 251 
156 158 251 
124 127 135 
124 127 208 
124 126 127 
127 131 135 
126 127 208 
126 127 131 
122 124 135 
122 124 208 
124 126 208 
178 261 263 
201 206 208 
201 233 253 
126 206 208 
147 178 267 
147 178 263 
147 263 267 
156 250 253 
158 250 253 
156 160 253 
158 160 253 
156 233 253 
156 158 253 
232 233 253 
156 158 250 
156 158 160 
178 263 267 
381 417 418 
375 381 417 
375 417 418 
375 381 418 
345 375 381 
346 375 381 
345 346 381 
345 346 375 
362 365 366 
345 346 347 
