146 147 265 
146 178 265 
146 265 267 
147 178 265 
147 265 267 
178 265 267 
178 261 265 
146 147 178 
146 147 267 
146 178 267 
147 178 180 
147 178 267 
178 229 261 
229 259 261 
324 400 401 
400 401 403 
400 401 419 
401 403 419 
336 337 403 
258 259 261 
120 121 123 
120 121 124 
120 123 124 
120 123 208 
120 124 208 
136 140 141 
136 141 215 
140 141 215 
437 438 440 
438 440 441 
438 439 440 
435 438 440 
440 441 443 
435 440 443 
437 440 441 
437 439 440 
435 437 440 
439 440 441 
435 440 441 
435 439 440 
136 140 215 
400 403 419 
121 123 124 
437 438 441 
437 438 439 
435 437 438 
438 439 441 
435 438 441 
435 438 439 
285 290 443 
290 443 444 
285 290 444 
345 348 370 
345 347 348 
345 346 348 
345 347 370 
345 346 370 
345 346 347 
123 126 127 
124 126 127 
126 127 208 
123 124 127 
123 127 208 
124 127 208 
140 215 217 
123 124 126 
123 126 208 
124 126 208 
123 124 208 
164 165 167 
164 167 168 
165 167 168 
435 441 443 
441 443 444 
285 443 444 
164 165 168 
347 348 370 
346 348 370 
348 370 450 
346 347 348 
347 348 450 
346 347 370 
347 370 450 
354 356 357 
437 439 441 
435 437 441 
435 437 439 
390 435 437 
435 439 441 
354 356 444 
