M = 293 281 298 
301 296 299 | 301 296 298 | 301 299 298 | 305 299 311 | 293 296 299 | 293 296 290 | 293 296 281 | 293 296 298 | 293 296 292 | 293 299 298 | 293 299 292 | 293 290 281 | 293 290 292 | 293 281 292 | 293 298 292 | 296 299 311 | 296 299 298 | 296 299 292 | 296 311 298 | 296 311 292 | 296 290 281 | 296 290 292 | 296 281 298 | 296 281 292 | 296 298 292 | 299 311 298 | 299 311 292 | 299 298 292 | 440 438 439 | 277 278 284 | 277 278 281 | 277 284 281 | 277 281 298 | 278 284 281 | 278 281 298 | 311 298 292 | 290 284 281 | 290 281 292 | 290 443 444 | 281 298 292 | 

M = 242 193 239 
251 158 235 | 251 158 237 | 251 158 249 | 251 235 237 | 251 235 249 | 251 237 248 | 251 237 249 | 251 237 239 | 251 248 249 | 251 248 239 | 251 249 239 | 190 171 220 | 190 171 219 | 190 171 172 | 190 171 167 | 190 220 219 | 190 220 130 | 190 220 194 | 190 220 193 | 190 219 130 | 190 219 194 | 190 219 193 | 190 172 167 | 190 165 167 | 190 165 194 | 190 165 240 | 190 130 194 | 190 130 193 | 190 130 240 | 190 194 193 | 190 194 240 | 190 193 240 | 158 235 237 | 158 235 249 | 158 237 249 | 171 220 219 | 139 220 219 | 139 220 211 | 235 237 249 | 220 219 130 | 220 219 194 | 220 219 193 | 220 130 194 | 220 130 193 | 220 130 211 | 220 194 193 | 237 248 197 | 237 248 196 | 237 248 240 | 237 248 249 | 237 248 239 | 237 197 196 | 237 197 240 | 237 197 249 | 237 197 239 | 237 196 240 | 237 196 249 | 237 196 239 | 237 240 249 | 237 240 239 | 237 249 239 | 245 248 196 | 245 248 242 | 245 248 240 | 245 248 241 | 245 248 239 | 245 196 244 | 245 196 242 | 245 196 194 | 245 196 240 | 245 196 241 | 245 196 239 | 245 244 243 | 245 244 242 | 245 244 194 | 245 244 240 | 245 244 241 | 245 243 242 | 245 243 194 | 245 243 240 | 245 243 241 | 245 242 194 | 245 242 240 | 245 242 241 | 245 242 239 | 245 194 240 | 245 194 241 | 245 194 239 | 245 240 241 | 245 240 239 | 245 241 239 | 219 130 194 | 219 130 193 | 219 194 193 | 248 165 240 | 248 165 249 | 248 165 239 | 248 197 196 | 248 197 240 | 248 197 241 | 248 197 249 | 248 197 239 | 248 196 242 | 248 196 240 | 248 196 241 | 248 196 249 | 248 196 239 | 248 242 240 | 248 242 241 | 248 242 239 | 248 240 241 | 248 240 249 | 248 240 239 | 248 241 249 | 248 241 239 | 248 249 239 | 165 167 164 | 165 164 249 | 165 194 240 | 165 194 239 | 165 240 249 | 165 240 239 | 165 249 239 | 197 130 196 | 197 130 194 | 197 130 193 | 197 130 240 | 197 130 241 | 197 130 239 | 197 196 194 | 197 196 193 | 197 196 240 | 197 196 241 | 197 196 249 | 197 196 239 | 197 194 193 | 197 194 240 | 197 194 241 | 197 194 239 | 197 193 240 | 197 193 241 | 197 193 239 | 197 240 241 | 197 240 249 | 197 240 239 | 197 241 249 | 197 241 239 | 197 249 239 | 130 196 194 | 130 196 193 | 130 196 240 | 130 196 241 | 130 196 239 | 130 194 193 | 130 194 240 | 130 194 241 | 130 194 239 | 130 193 240 | 130 193 241 | 130 193 239 | 130 240 241 | 130 240 239 | 130 241 239 | 196 244 242 | 196 244 194 | 196 244 240 | 196 244 241 | 196 242 194 | 196 242 193 | 196 242 240 | 196 242 241 | 196 242 239 | 196 194 193 | 196 194 240 | 196 194 241 | 196 194 239 | 196 193 240 | 196 193 241 | 196 193 239 | 196 240 241 | 196 240 249 | 196 240 239 | 196 241 249 | 196 241 239 | 196 249 239 | 244 243 242 | 244 243 194 | 244 243 240 | 244 243 241 | 244 242 194 | 244 242 240 | 244 242 241 | 244 194 240 | 244 194 241 | 244 240 241 | 243 242 194 | 243 242 240 | 243 242 241 | 243 194 240 | 243 194 241 | 243 240 241 | 242 194 193 | 242 194 240 | 242 194 241 | 242 194 239 | 242 193 240 | 242 193 241 | 242 240 241 | 242 240 239 | 242 241 239 | 194 193 240 | 194 193 241 | 194 193 239 | 194 240 241 | 194 240 239 | 194 241 239 | 193 240 241 | 193 240 239 | 193 241 239 | 240 241 249 | 240 241 239 | 240 249 239 | 241 249 239 | 

M = 206 208 125 
206 205 235 | 206 205 203 | 206 205 208 | 206 205 228 | 206 205 201 | 206 205 202 | 206 235 203 | 206 235 237 | 206 235 201 | 206 235 202 | 206 203 228 | 206 203 201 | 206 203 202 | 206 237 201 | 206 237 202 | 206 208 226 | 206 208 201 | 206 208 202 | 206 228 226 | 206 228 201 | 206 228 202 | 206 226 201 | 206 226 202 | 206 201 202 | 205 235 203 | 205 235 201 | 205 235 202 | 205 203 228 | 205 203 201 | 205 203 202 | 205 208 201 | 205 208 202 | 205 228 201 | 205 228 202 | 205 201 202 | 141 139 220 | 141 139 211 | 141 220 211 | 141 122 211 | 251 235 201 | 251 237 201 | 127 208 123 | 127 208 124 | 127 208 125 | 127 208 211 | 127 123 124 | 127 123 125 | 127 123 211 | 127 124 125 | 127 124 211 | 127 197 130 | 127 197 196 | 127 197 125 | 127 130 196 | 127 130 125 | 127 130 211 | 127 196 125 | 127 125 211 | 175 178 226 | 139 123 211 | 235 203 201 | 235 203 202 | 235 237 201 | 235 237 202 | 235 201 202 | 203 228 201 | 203 228 202 | 203 201 202 | 180 182 178 | 237 201 202 | 122 208 123 | 122 208 124 | 122 208 125 | 122 208 211 | 122 123 124 | 122 123 125 | 122 123 211 | 122 124 125 | 122 124 211 | 122 125 211 | 208 123 124 | 208 123 125 | 208 123 211 | 208 124 226 | 208 124 125 | 208 124 211 | 208 226 201 | 208 226 202 | 208 125 211 | 208 201 202 | 182 178 226 | 182 228 226 | 123 124 125 | 123 124 211 | 123 125 211 | 124 125 211 | 197 130 125 | 197 196 125 | 130 196 125 | 130 125 211 | 228 226 201 | 228 226 202 | 228 201 202 | 226 201 202 | 

M = 274 303 301 
274 303 278 | 274 267 269 | 274 301 277 | 274 301 278 | 274 277 278 | 274 277 172 | 303 301 305 | 303 301 299 | 303 301 278 | 303 301 298 | 303 305 299 | 303 299 278 | 303 299 298 | 303 278 298 | 146 267 266 | 146 267 269 | 146 267 175 | 146 267 178 | 146 266 269 | 146 266 178 | 146 175 178 | 267 266 269 | 267 266 178 | 267 175 178 | 301 305 299 | 301 299 278 | 301 277 278 | 301 277 298 | 301 278 298 | 299 278 298 | 171 175 172 | 171 172 167 | 277 278 298 | 

