M = 178 265 263 
179 178 265 | 179 178 263 | 179 178 177 | 179 265 261 | 179 265 263 | 179 265 177 | 179 261 263 | 179 263 177 | 178 265 261 | 178 265 177 | 178 261 263 | 178 263 177 | 265 146 269 | 265 261 263 | 265 261 177 | 265 263 177 | 261 263 177 | 

M = 194 132 128 
131 127 123 | 131 127 132 | 131 127 126 | 131 127 128 | 131 193 194 | 131 193 132 | 131 193 128 | 131 136 123 | 131 136 132 | 131 194 132 | 131 194 128 | 131 123 132 | 131 123 126 | 131 132 126 | 131 132 128 | 131 126 128 | 127 123 132 | 127 123 126 | 127 132 126 | 127 132 128 | 127 126 128 | 242 243 194 | 242 243 244 | 242 193 194 | 242 194 244 | 243 194 244 | 193 194 132 | 193 194 128 | 193 132 128 | 136 139 141 | 136 139 123 | 136 139 132 | 136 123 132 | 139 123 132 | 123 132 126 | 132 126 128 | 

M = 178 261 177 
179 178 146 | 179 178 261 | 179 265 146 | 179 146 177 | 179 261 177 | 178 265 146 | 178 146 177 | 178 261 229 | 265 146 177 | 261 263 259 | 261 258 259 | 261 259 229 | 

M = 164 249 157 
293 296 297 | 293 296 290 | 293 297 290 | 440 438 436 | 329 336 331 | 165 164 163 | 165 164 249 | 165 164 157 | 165 163 249 | 165 163 157 | 165 249 157 | 296 297 290 | 339 336 406 | 339 336 403 | 339 406 403 | 339 406 415 | 339 403 415 | 336 406 403 | 336 403 331 | 164 163 249 | 164 163 161 | 164 163 157 | 164 161 157 | 406 403 415 | 406 412 415 | 163 251 249 | 163 251 250 | 163 251 161 | 163 251 157 | 163 249 250 | 163 249 157 | 163 250 157 | 163 161 157 | 388 412 415 | 251 249 250 | 251 249 157 | 251 250 157 | 251 161 157 | 249 250 157 | 403 400 331 | 

