M = 318 296 311 
268 266 271 | 335 336 339 | 318 322 325 | 318 322 319 | 318 296 293 | 318 325 319 | 322 326 325 | 322 326 319 | 322 325 319 | 297 296 293 | 297 296 311 | 297 296 300 | 297 296 307 | 297 293 300 | 297 311 300 | 297 311 307 | 297 300 307 | 326 325 319 | 296 293 300 | 296 311 300 | 296 311 307 | 296 300 307 | 311 300 307 | 

M = 251 235 201 
206 205 203 | 206 205 208 | 206 205 235 | 206 205 201 | 206 203 235 | 206 203 201 | 206 208 201 | 206 235 201 | 205 203 235 | 205 203 201 | 205 208 201 | 205 235 201 | 146 265 271 | 203 235 201 | 248 250 251 | 248 251 249 | 250 158 251 | 250 158 235 | 250 158 249 | 250 251 235 | 250 251 249 | 250 235 249 | 164 249 165 | 158 251 235 | 158 251 249 | 158 251 159 | 158 235 249 | 251 235 249 | 

M = 245 196 248 
127 197 196 | 127 197 130 | 127 196 130 | 245 196 244 | 245 196 242 | 245 248 242 | 245 244 243 | 245 244 242 | 245 243 242 | 197 196 130 | 197 196 248 | 197 196 249 | 197 248 250 | 197 248 249 | 197 250 249 | 196 130 191 | 196 248 242 | 196 248 249 | 196 244 242 | 196 242 191 | 248 250 249 | 248 249 165 | 244 243 242 | 164 165 169 | 165 169 191 | 

M = 127 123 208 
127 123 126 | 127 123 135 | 127 123 124 | 127 126 124 | 127 126 197 | 127 126 196 | 127 126 130 | 127 126 208 | 127 135 124 | 127 135 130 | 127 124 208 | 123 126 124 | 123 126 208 | 123 135 136 | 123 135 124 | 123 135 122 | 123 124 122 | 123 124 208 | 123 122 208 | 126 124 208 | 126 206 208 | 126 197 196 | 126 197 130 | 126 196 130 | 135 136 141 | 135 124 122 | 135 122 141 | 124 122 208 | 146 178 265 | 146 178 266 | 146 265 268 | 146 265 266 | 146 268 266 | 146 268 271 | 146 266 271 | 178 265 266 | 265 268 266 | 265 268 271 | 265 266 271 | 

