M = 165 168 191 
164 165 168 | 164 165 249 | 164 165 167 | 164 168 167 | 165 168 167 | 130 191 219 | 

M = 286 288 283 
359 360 364 | 286 288 284 | 286 288 282 | 286 284 283 | 286 284 280 | 286 284 282 | 286 283 280 | 286 283 282 | 286 280 282 | 288 284 283 | 288 284 282 | 288 283 282 | 288 316 319 | 284 283 282 | 428 426 427 | 421 426 427 | 421 419 427 | 

M = 122 138 124 
119 122 124 | 119 122 123 | 119 124 123 | 127 126 130 | 127 126 124 | 127 126 123 | 127 124 123 | 122 137 138 | 122 137 123 | 122 138 123 | 122 124 123 | 126 124 123 | 180 182 177 | 137 136 138 | 137 136 123 | 137 138 123 | 137 138 142 | 136 138 123 | 138 124 123 | 206 204 205 | 

M = 279 283 275 
279 284 283 | 279 284 280 | 279 284 282 | 279 283 280 | 279 283 282 | 279 310 282 | 279 280 275 | 279 280 282 | 279 280 273 | 279 275 282 | 279 275 272 | 279 275 273 | 279 272 273 | 284 283 280 | 284 280 282 | 283 280 275 | 283 280 282 | 283 275 282 | 280 275 282 | 280 275 273 | 275 272 273 | 

