M = 401 331 325 
440 438 439 | 440 438 437 | 440 438 441 | 440 439 437 | 440 439 441 | 440 437 441 | 400 403 419 | 400 403 401 | 400 403 331 | 400 403 402 | 400 419 401 | 400 419 402 | 400 324 327 | 400 324 401 | 400 324 331 | 400 327 401 | 400 327 331 | 400 327 402 | 400 401 331 | 400 401 428 | 400 401 402 | 400 331 402 | 438 439 437 | 438 439 441 | 438 437 441 | 377 379 380 | 439 437 441 | 403 419 401 | 403 419 402 | 403 401 331 | 403 401 402 | 403 331 335 | 403 331 336 | 403 331 402 | 403 335 336 | 403 335 402 | 326 324 327 | 326 324 329 | 326 324 331 | 326 324 325 | 326 327 329 | 326 327 331 | 326 327 325 | 326 329 331 | 326 329 325 | 326 331 325 | 419 379 421 | 419 379 380 | 419 401 402 | 419 421 380 | 297 299 314 | 324 327 401 | 324 327 329 | 324 327 331 | 324 327 325 | 324 401 329 | 324 401 331 | 324 401 325 | 324 329 331 | 324 329 325 | 324 331 325 | 324 325 318 | 379 421 380 | 327 401 329 | 327 401 331 | 327 401 325 | 327 401 402 | 327 329 331 | 327 329 325 | 327 329 335 | 327 331 325 | 327 331 335 | 327 331 402 | 327 335 402 | 401 329 331 | 401 329 325 | 401 331 402 | 329 331 325 | 329 331 335 | 329 331 336 | 329 335 336 | 331 335 336 | 331 335 402 | 

M = 242 191 193 
242 243 194 | 242 243 241 | 242 191 194 | 242 191 241 | 242 194 241 | 242 194 193 | 242 241 193 | 165 191 194 | 165 191 190 | 165 194 190 | 165 190 167 | 243 194 241 | 191 194 190 | 191 194 241 | 191 194 193 | 191 190 217 | 191 190 193 | 191 241 193 | 194 190 193 | 194 241 193 | 

M = 241 248 245 
242 243 244 | 242 243 245 | 242 194 244 | 242 194 245 | 242 244 241 | 242 244 245 | 242 241 248 | 242 241 245 | 242 248 245 | 243 194 244 | 243 194 245 | 243 244 241 | 243 244 245 | 243 241 245 | 194 244 241 | 194 244 245 | 194 241 245 | 244 241 245 | 241 248 249 | 250 248 249 | 

M = 250 163 157 
165 164 162 | 165 164 249 | 165 164 163 | 165 164 167 | 165 164 157 | 165 162 163 | 165 162 167 | 165 162 157 | 165 248 249 | 165 249 163 | 165 249 157 | 165 163 167 | 165 163 157 | 165 167 157 | 164 162 161 | 164 162 163 | 164 162 167 | 164 162 157 | 164 161 163 | 164 161 167 | 164 161 157 | 164 249 163 | 164 249 157 | 164 163 167 | 164 163 157 | 164 167 157 | 162 161 251 | 162 161 163 | 162 161 158 | 162 161 167 | 162 161 157 | 162 251 163 | 162 251 158 | 162 251 157 | 162 163 158 | 162 163 167 | 162 163 157 | 162 158 157 | 162 167 157 | 250 248 251 | 250 251 249 | 250 251 163 | 250 251 158 | 250 251 157 | 250 249 163 | 250 249 158 | 250 249 157 | 250 163 158 | 250 158 157 | 248 251 249 | 161 251 163 | 161 251 158 | 161 251 157 | 161 163 158 | 161 163 167 | 161 163 157 | 161 158 157 | 161 167 157 | 251 249 163 | 251 249 158 | 251 249 157 | 251 163 158 | 251 163 157 | 251 158 157 | 249 163 158 | 249 163 157 | 249 158 157 | 163 158 157 | 163 167 157 | 204 201 206 | 

