M = 242 244 194 
193 242 194 | 164 165 249 | 242 243 244 | 242 243 194 | 243 244 194 | 

M = 193 219 190 
193 219 194 | 193 219 130 | 193 190 194 | 193 190 130 | 193 194 130 | 164 165 167 | 165 190 194 | 165 190 167 | 219 140 217 | 219 217 190 | 219 190 194 | 219 190 130 | 219 194 130 | 190 194 130 | 126 127 130 | 146 265 268 | 181 229 261 | 296 293 290 | 

M = 375 345 346 
344 375 345 | 344 375 346 | 344 375 377 | 344 345 346 | 344 345 347 | 344 346 347 | 345 346 347 | 

M = 346 349 370 
345 346 370 | 345 370 347 | 346 349 347 | 346 370 347 | 440 438 439 | 440 438 441 | 440 439 441 | 349 370 347 | 438 439 441 | 

