M = 237 235 156 
165 249 163 | 165 249 157 | 165 249 156 | 165 163 162 | 165 163 167 | 165 163 157 | 165 163 156 | 165 162 167 | 165 162 157 | 165 162 156 | 165 167 157 | 165 167 156 | 165 157 156 | 249 163 251 | 249 163 157 | 249 163 156 | 249 251 157 | 249 251 237 | 249 251 235 | 249 251 199 | 249 251 156 | 249 157 237 | 249 157 235 | 249 157 156 | 249 196 237 | 249 196 199 | 249 196 197 | 249 237 235 | 249 237 199 | 249 237 197 | 249 237 156 | 249 235 199 | 249 235 156 | 249 199 197 | 163 162 167 | 163 162 251 | 163 162 157 | 163 162 160 | 163 162 156 | 163 167 157 | 163 167 156 | 163 251 157 | 163 251 160 | 163 251 156 | 163 157 160 | 163 157 156 | 163 160 156 | 162 167 157 | 162 167 156 | 162 251 157 | 162 251 160 | 162 251 156 | 162 157 160 | 162 157 156 | 162 160 156 | 167 157 156 | 251 157 237 | 251 157 235 | 251 157 160 | 251 157 156 | 251 237 235 | 251 237 199 | 251 237 201 | 251 237 156 | 251 235 199 | 251 235 201 | 251 235 156 | 251 199 201 | 251 160 156 | 157 237 235 | 157 237 156 | 157 235 156 | 157 160 156 | 196 237 199 | 196 237 197 | 196 127 199 | 196 199 197 | 237 235 206 | 237 235 199 | 237 235 201 | 237 206 199 | 237 206 201 | 237 199 197 | 237 199 201 | 235 206 199 | 235 206 201 | 235 199 201 | 206 199 201 | 206 199 208 | 206 201 208 | 206 201 226 | 206 208 226 | 127 199 197 | 127 199 208 | 127 210 208 | 199 210 208 | 199 201 208 | 199 208 224 | 210 208 226 | 210 208 224 | 201 208 226 | 208 226 224 | 

M = 147 177 143 
146 144 147 | 146 144 177 | 146 144 143 | 146 147 267 | 146 147 179 | 146 147 266 | 146 147 177 | 146 147 178 | 146 147 143 | 146 267 266 | 146 267 177 | 146 267 178 | 146 179 177 | 146 179 178 | 146 266 178 | 146 177 178 | 146 177 143 | 144 147 177 | 144 147 143 | 144 177 143 | 147 267 266 | 147 267 177 | 147 267 178 | 147 179 177 | 147 179 178 | 147 266 178 | 147 177 178 | 267 266 178 | 267 274 273 | 267 177 178 | 179 177 178 | 179 177 181 | 179 177 226 | 179 178 181 | 179 178 226 | 179 181 226 | 136 137 123 | 119 122 210 | 119 122 123 | 119 210 123 | 137 122 123 | 122 210 208 | 122 210 123 | 122 210 143 | 122 210 224 | 122 208 123 | 122 208 224 | 122 123 224 | 122 143 224 | 177 178 181 | 177 178 226 | 177 181 226 | 177 143 224 | 177 226 224 | 178 181 226 | 210 208 123 | 210 123 224 | 210 143 224 | 210 226 224 | 208 123 224 | 

M = 194 220 130 
165 190 194 | 165 190 167 | 243 242 194 | 243 242 241 | 243 194 241 | 242 194 241 | 242 194 193 | 242 194 196 | 242 241 193 | 242 241 196 | 242 193 196 | 249 241 196 | 249 241 197 | 190 194 219 | 190 194 193 | 190 194 220 | 190 194 130 | 190 219 217 | 190 219 193 | 190 219 171 | 190 219 220 | 190 219 130 | 190 217 220 | 190 167 171 | 190 193 220 | 190 193 130 | 190 171 220 | 190 220 130 | 194 219 193 | 194 219 220 | 194 219 130 | 194 241 193 | 194 241 196 | 194 241 130 | 194 241 197 | 194 193 220 | 194 193 196 | 194 193 130 | 194 193 197 | 194 196 130 | 194 196 197 | 194 130 197 | 219 217 220 | 219 193 220 | 219 193 130 | 219 171 220 | 219 220 130 | 241 193 196 | 241 193 130 | 241 193 197 | 241 196 130 | 241 196 197 | 241 130 197 | 193 220 130 | 193 196 130 | 193 196 197 | 193 130 197 | 196 130 127 | 196 130 197 | 196 127 197 | 130 127 197 | 127 199 210 | 127 210 123 | 127 208 123 | 199 210 224 | 

M = 281 285 290 
297 281 293 | 297 281 290 | 297 293 290 | 297 302 307 | 280 281 285 | 280 281 277 | 280 277 274 | 280 277 273 | 280 274 273 | 281 293 285 | 281 293 290 | 356 447 428 | 293 285 288 | 293 285 290 | 293 288 318 | 293 288 290 | 293 318 290 | 303 302 274 | 303 302 307 | 285 288 290 | 440 438 434 | 440 438 391 | 440 438 436 | 440 434 391 | 440 434 436 | 440 391 436 | 277 302 274 | 277 274 273 | 438 434 391 | 438 434 436 | 438 391 436 | 427 447 428 | 427 447 426 | 427 447 396 | 427 428 426 | 427 428 396 | 434 390 333 | 434 390 391 | 434 390 436 | 434 333 391 | 434 391 436 | 407 390 333 | 407 390 334 | 407 333 334 | 390 333 391 | 390 333 334 | 390 391 436 | 288 318 290 | 447 428 426 | 447 428 396 | 333 334 329 | 

