M = 443 290 285 
440 441 443 | 440 441 438 | 441 443 289 | 293 299 296 | 293 290 296 | 293 290 285 | 293 290 289 | 293 296 289 | 293 285 289 | 443 290 289 | 443 285 289 | 319 322 289 | 400 399 401 | 400 401 419 | 400 401 403 | 400 419 403 | 401 419 403 | 290 296 289 | 290 285 289 | 

M = 190 218 220 
179 261 181 | 

M = 165 194 190 
164 165 249 | 164 165 163 | 164 249 163 | 165 249 163 | 194 190 193 | 194 190 220 | 194 193 220 | 190 193 218 | 190 193 220 | 193 218 220 | 

M = 242 194 245 
242 194 193 | 242 194 244 | 242 244 245 | 194 244 245 | 

