M = 164 157 249 
165 164 157 | 165 164 249 | 165 164 167 | 165 157 249 | 165 157 167 | 165 190 167 | 165 249 239 | 164 157 167 | 157 249 158 | 157 249 251 | 157 249 250 | 157 249 237 | 157 158 251 | 157 158 250 | 157 158 237 | 157 251 250 | 157 251 237 | 157 250 237 | 249 158 251 | 249 158 250 | 249 158 237 | 249 251 250 | 249 251 237 | 249 251 239 | 249 250 237 | 249 250 239 | 249 237 239 | 158 251 250 | 158 251 237 | 158 250 237 | 251 250 237 | 251 250 239 | 251 237 239 | 400 403 419 | 400 403 401 | 400 403 418 | 400 419 401 | 400 419 418 | 400 401 418 | 250 237 239 | 379 419 418 | 326 322 319 | 403 419 401 | 403 419 418 | 403 401 418 | 419 401 418 | 

M = 194 245 239 
165 194 190 | 165 194 239 | 242 194 245 | 242 194 244 | 242 194 239 | 242 245 244 | 242 245 239 | 194 245 244 | 190 218 217 | 136 123 134 | 136 123 135 | 136 134 135 | 123 126 124 | 123 134 135 | 123 124 135 | 

M = 144 146 177 
144 145 147 | 144 145 146 | 144 145 177 | 144 147 146 | 144 147 177 | 145 147 146 | 145 147 178 | 145 147 177 | 145 146 178 | 145 146 177 | 145 178 177 | 136 141 135 | 147 146 178 | 147 146 177 | 147 178 177 | 146 178 177 | 141 122 135 | 123 122 119 | 123 122 124 | 123 122 135 | 123 119 124 | 122 119 124 | 122 124 135 | 

M = 146 266 178 
268 145 147 | 268 145 146 | 268 145 265 | 268 147 146 | 268 147 266 | 268 147 265 | 268 146 266 | 268 146 265 | 268 266 265 | 145 147 265 | 145 146 265 | 145 265 178 | 145 265 177 | 297 296 281 | 147 146 266 | 147 146 265 | 147 266 265 | 147 266 262 | 147 266 178 | 147 265 262 | 147 265 178 | 147 265 177 | 147 180 262 | 147 180 178 | 147 180 177 | 147 262 178 | 147 262 177 | 146 266 265 | 146 265 178 | 146 265 177 | 266 265 262 | 266 265 178 | 266 262 178 | 265 262 178 | 265 262 177 | 265 178 177 | 322 316 319 | 180 262 178 | 180 262 177 | 180 178 177 | 262 178 177 | 

