M = 341 345 376 
341 339 337 | 341 339 376 | 341 377 379 | 341 377 376 | 341 379 376 | 370 346 345 | 370 346 349 | 339 336 337 | 377 379 376 | 

M = 266 178 146 
194 243 244 | 194 243 242 | 194 243 241 | 194 244 242 | 194 244 241 | 194 242 241 | 194 165 190 | 194 219 190 | 243 244 242 | 243 244 241 | 243 242 241 | 244 242 241 | 265 266 178 | 265 266 147 | 265 266 262 | 265 266 146 | 265 178 147 | 265 178 262 | 265 178 146 | 265 147 262 | 265 147 146 | 266 178 147 | 266 178 262 | 266 147 262 | 266 147 146 | 178 147 180 | 178 147 262 | 178 147 146 | 147 180 262 | 

M = 262 229 181 
164 165 167 | 165 167 190 | 265 178 261 | 265 262 261 | 178 180 262 | 178 180 181 | 178 180 182 | 178 262 229 | 178 262 181 | 178 262 182 | 178 262 261 | 178 229 181 | 178 229 182 | 178 229 261 | 178 181 182 | 178 181 261 | 178 182 261 | 180 262 181 | 180 262 182 | 180 181 182 | 262 229 182 | 262 229 261 | 262 181 182 | 262 181 261 | 262 182 261 | 229 181 182 | 229 181 261 | 229 182 261 | 181 182 261 | 

M = 390 388 435 
411 412 390 | 411 412 388 | 411 390 388 | 412 390 388 | 412 390 391 | 412 388 391 | 437 390 435 | 437 390 391 | 437 440 435 | 437 440 391 | 437 435 391 | 390 388 391 | 390 435 391 | 388 435 391 | 440 435 391 | 

