M = 165 248 249 
165 164 167 | 165 164 249 | 242 244 245 | 242 244 194 | 242 245 248 | 242 245 194 | 244 245 194 | 251 248 250 | 251 248 249 | 251 235 250 | 251 235 249 | 251 235 201 | 251 250 249 | 248 250 249 | 440 438 439 | 440 438 442 | 440 439 442 | 293 296 300 | 293 296 297 | 293 296 290 | 293 300 297 | 293 297 290 | 296 297 290 | 438 439 442 | 235 250 249 | 322 316 318 | 

M = 208 123 127 
143 141 122 | 226 208 206 | 226 208 124 | 226 208 201 | 226 206 201 | 208 122 124 | 208 122 123 | 208 206 205 | 208 206 126 | 208 206 201 | 208 205 201 | 208 124 123 | 208 124 127 | 208 124 126 | 208 123 126 | 208 127 126 | 122 124 123 | 206 205 235 | 206 205 201 | 206 235 201 | 205 235 201 | 136 123 134 | 124 123 127 | 124 123 126 | 124 127 126 | 123 127 134 | 123 127 126 | 127 130 134 | 127 130 126 | 

M = 146 178 145 
146 179 178 | 146 179 145 | 146 179 177 | 146 178 177 | 146 145 143 | 146 145 268 | 146 145 177 | 146 143 177 | 179 178 145 | 179 178 177 | 179 178 261 | 179 181 261 | 179 145 177 | 179 182 261 | 179 177 261 | 178 181 261 | 178 145 177 | 178 182 261 | 178 177 261 | 181 182 261 | 181 177 261 | 145 143 177 | 182 177 261 | 293 296 318 | 293 290 318 | 296 300 297 | 296 290 318 | 

M = 178 182 226 
179 178 181 | 179 178 182 | 179 178 226 | 179 181 182 | 179 181 226 | 179 181 177 | 179 182 226 | 179 182 177 | 179 226 177 | 178 181 182 | 178 181 226 | 178 181 177 | 178 182 177 | 178 226 177 | 181 182 226 | 181 182 177 | 181 226 177 | 182 226 177 | 261 232 259 | 

