M = 267 178 263 
266 265 268 | 266 265 146 | 266 265 267 | 266 265 178 | 266 265 263 | 266 268 146 | 266 268 267 | 266 146 267 | 266 146 178 | 266 267 178 | 266 267 263 | 266 178 263 | 265 268 146 | 265 268 267 | 265 146 267 | 265 146 178 | 265 267 178 | 265 267 263 | 265 178 263 | 268 146 267 | 268 267 273 | 146 267 178 | 

M = 293 313 299 
326 329 334 | 329 336 334 | 300 293 296 | 300 293 297 | 300 293 299 | 300 296 297 | 300 296 301 | 300 296 299 | 300 296 311 | 300 297 301 | 300 297 299 | 300 297 311 | 300 301 299 | 300 299 311 | 357 360 359 | 357 360 358 | 357 359 358 | 293 296 313 | 293 296 318 | 293 296 297 | 293 296 299 | 293 313 318 | 293 297 299 | 296 313 318 | 296 313 299 | 296 313 311 | 296 318 311 | 296 297 301 | 296 297 299 | 296 297 311 | 296 301 299 | 296 299 311 | 439 436 441 | 439 436 440 | 439 441 440 | 360 359 358 | 283 286 284 | 424 421 419 | 436 441 440 | 313 318 319 | 313 318 311 | 313 299 311 | 297 301 299 | 297 299 311 | 

M = 250 157 235 
245 242 248 | 251 159 157 | 251 250 248 | 251 250 157 | 251 250 249 | 251 250 235 | 251 248 249 | 251 157 249 | 251 157 235 | 251 249 235 | 251 235 201 | 164 165 157 | 164 165 249 | 164 165 167 | 164 157 249 | 164 157 167 | 250 248 249 | 250 157 249 | 250 249 235 | 248 165 249 | 165 157 249 | 165 157 167 | 157 249 235 | 235 204 201 | 

M = 142 137 139 
142 146 144 | 142 141 140 | 142 141 137 | 142 141 139 | 142 141 144 | 142 140 137 | 142 140 139 | 142 140 144 | 141 140 137 | 141 140 136 | 141 140 139 | 141 140 144 | 141 137 136 | 141 137 139 | 141 136 139 | 140 137 136 | 140 137 139 | 140 136 139 | 137 136 139 | 

