M = 178 146 266 
180 147 178 | 180 147 262 | 180 178 182 | 180 178 262 | 180 182 262 | 120 121 119 | 147 265 178 | 147 265 146 | 147 265 268 | 147 265 266 | 147 265 262 | 147 265 270 | 147 178 146 | 147 178 266 | 147 178 262 | 147 146 268 | 147 146 266 | 147 146 270 | 147 268 266 | 147 268 270 | 147 266 262 | 147 266 270 | 265 178 146 | 265 178 266 | 265 178 262 | 265 178 261 | 265 146 268 | 265 146 266 | 265 146 270 | 265 268 266 | 265 268 270 | 265 266 262 | 265 266 270 | 265 262 261 | 178 182 262 | 178 182 261 | 178 182 229 | 178 266 262 | 178 262 261 | 178 262 229 | 178 261 229 | 146 268 266 | 146 268 270 | 146 266 270 | 268 273 270 | 268 266 270 | 182 262 261 | 182 262 229 | 182 262 228 | 182 261 229 | 182 261 228 | 182 229 228 | 262 261 229 | 262 261 228 | 262 229 228 | 191 218 217 | 191 218 216 | 191 217 219 | 191 217 216 | 191 219 216 | 261 229 228 | 218 217 219 | 218 217 216 | 218 219 216 | 218 219 171 | 217 219 216 | 

M = 293 313 282 
297 293 296 | 297 293 291 | 297 293 282 | 297 293 290 | 297 293 281 | 297 296 291 | 297 296 279 | 297 296 282 | 297 296 290 | 297 296 281 | 297 291 279 | 297 291 282 | 297 291 290 | 297 291 281 | 297 279 282 | 297 279 281 | 297 282 290 | 297 282 281 | 297 290 281 | 319 316 288 | 319 316 313 | 319 316 312 | 319 316 322 | 319 316 318 | 319 288 313 | 319 288 318 | 319 313 312 | 319 313 318 | 319 312 318 | 316 288 313 | 316 288 291 | 316 288 322 | 316 288 318 | 316 313 291 | 316 313 312 | 316 313 318 | 316 291 318 | 316 312 318 | 316 322 318 | 288 283 284 | 288 283 291 | 288 283 282 | 288 283 290 | 288 293 313 | 288 293 318 | 288 284 291 | 288 284 282 | 288 284 290 | 288 313 291 | 288 313 282 | 288 313 318 | 288 291 318 | 288 290 318 | 283 284 291 | 283 284 279 | 283 284 282 | 283 284 290 | 283 284 281 | 283 291 279 | 283 291 282 | 283 291 290 | 283 291 281 | 283 279 282 | 283 279 281 | 283 282 290 | 283 282 281 | 283 290 281 | 293 313 296 | 293 313 291 | 293 313 318 | 293 296 291 | 293 296 282 | 293 296 290 | 293 296 281 | 293 296 318 | 293 291 282 | 293 291 281 | 293 291 318 | 293 282 290 | 293 282 281 | 293 290 281 | 293 290 318 | 284 291 279 | 284 291 282 | 284 291 290 | 284 291 281 | 284 279 282 | 284 279 281 | 284 282 290 | 284 282 281 | 284 290 281 | 313 296 291 | 313 296 312 | 313 296 282 | 313 296 308 | 313 296 318 | 313 291 282 | 313 291 318 | 313 312 308 | 313 312 318 | 296 291 279 | 296 291 282 | 296 291 290 | 296 291 281 | 296 291 318 | 296 312 308 | 296 312 318 | 296 279 282 | 296 279 281 | 296 282 290 | 296 282 281 | 296 290 281 | 296 290 318 | 291 279 282 | 291 279 281 | 291 282 290 | 291 282 281 | 291 290 281 | 291 290 318 | 279 282 281 | 282 290 281 | 

M = 157 249 235 
164 165 162 | 164 165 167 | 164 165 157 | 164 165 249 | 164 162 167 | 164 162 157 | 164 167 157 | 164 157 249 | 165 162 167 | 165 162 157 | 165 167 157 | 165 194 191 | 165 157 249 | 243 194 245 | 243 194 244 | 243 245 244 | 162 167 157 | 162 157 159 | 162 157 158 | 162 157 251 | 162 159 158 | 162 159 251 | 162 158 251 | 167 172 171 | 194 245 244 | 194 191 219 | 157 159 158 | 157 159 251 | 157 158 249 | 157 158 251 | 157 158 235 | 157 249 251 | 157 251 235 | 159 158 251 | 191 218 219 | 191 218 171 | 191 219 171 | 228 205 201 | 228 205 206 | 228 201 206 | 158 249 251 | 158 249 235 | 158 251 235 | 205 201 206 | 205 201 204 | 205 201 235 | 205 206 204 | 205 206 235 | 205 204 235 | 201 206 204 | 201 206 235 | 201 204 235 | 201 251 235 | 206 204 235 | 249 251 235 | 

M = 442 290 444 
438 440 441 | 438 440 442 | 438 440 435 | 438 441 442 | 438 441 435 | 438 442 435 | 319 288 322 | 319 322 318 | 319 322 326 | 440 441 442 | 440 441 435 | 440 442 435 | 356 428 444 | 356 359 361 | 356 361 444 | 288 293 291 | 288 293 282 | 288 293 290 | 288 291 282 | 288 291 290 | 288 282 290 | 288 290 444 | 288 322 318 | 293 291 290 | 401 419 403 | 441 442 435 | 441 442 444 | 379 377 341 | 435 390 389 | 349 370 451 | 349 370 369 | 370 368 369 | 

