M = 165 248 249 
164 165 168 | 164 165 249 | 164 165 167 | 164 168 167 | 164 161 167 | 165 168 190 | 165 168 167 | 165 190 194 | 165 190 167 | 242 245 248 | 242 245 196 | 242 248 196 | 168 190 167 | 168 167 172 | 245 248 196 | 190 167 172 | 197 248 196 | 197 248 249 | 197 196 249 | 248 251 249 | 248 196 249 | 251 249 235 | 

M = 130 194 220 
134 219 193 | 134 219 130 | 134 219 139 | 134 193 130 | 134 130 127 | 243 242 245 | 243 242 194 | 243 245 194 | 218 219 217 | 218 219 193 | 218 219 139 | 218 219 190 | 218 219 220 | 218 217 139 | 218 217 190 | 218 217 220 | 218 193 190 | 218 193 220 | 218 139 220 | 218 190 220 | 219 217 139 | 219 217 190 | 219 217 220 | 219 193 130 | 219 193 190 | 219 193 194 | 219 193 220 | 219 130 190 | 219 130 194 | 219 130 220 | 219 139 220 | 219 190 194 | 219 190 220 | 219 194 220 | 217 139 220 | 217 190 220 | 193 242 194 | 193 242 196 | 193 130 190 | 193 130 197 | 193 130 194 | 193 130 220 | 193 130 196 | 193 190 194 | 193 190 220 | 193 197 194 | 193 197 196 | 193 194 220 | 193 194 196 | 242 245 194 | 242 194 196 | 168 190 172 | 130 127 197 | 130 127 196 | 130 190 194 | 130 190 220 | 130 197 194 | 130 197 196 | 130 194 196 | 245 194 196 | 139 141 220 | 190 194 220 | 197 194 196 | 

M = 146 178 150 
262 229 261 | 262 229 182 | 262 229 259 | 262 229 178 | 262 261 263 | 262 261 182 | 262 261 259 | 262 261 178 | 262 147 263 | 262 147 178 | 262 263 259 | 262 263 178 | 262 182 178 | 229 261 182 | 229 261 259 | 229 261 178 | 229 261 232 | 229 182 178 | 229 259 232 | 146 147 268 | 146 147 178 | 146 147 145 | 146 147 150 | 146 268 145 | 146 268 150 | 146 178 145 | 146 145 150 | 261 263 259 | 261 263 178 | 261 182 178 | 261 259 232 | 147 263 178 | 147 268 145 | 147 268 150 | 147 178 145 | 147 178 150 | 147 145 150 | 268 145 150 | 268 272 150 | 178 145 150 | 400 419 401 | 

M = 127 135 124 
134 136 139 | 134 136 123 | 134 136 135 | 134 130 135 | 134 127 123 | 134 127 135 | 134 139 123 | 134 139 135 | 134 123 135 | 136 139 141 | 136 139 123 | 136 139 135 | 136 141 135 | 136 123 135 | 119 123 124 | 119 123 122 | 119 124 122 | 130 127 126 | 130 127 135 | 130 126 197 | 130 126 196 | 127 126 123 | 127 126 197 | 127 126 208 | 127 126 196 | 127 126 124 | 127 123 135 | 127 123 208 | 127 123 124 | 127 197 196 | 127 208 124 | 206 126 208 | 139 141 135 | 139 123 135 | 126 123 208 | 126 123 124 | 126 197 196 | 126 208 124 | 141 135 122 | 123 135 124 | 123 135 122 | 123 208 124 | 123 208 122 | 123 208 224 | 123 124 122 | 123 124 224 | 123 122 224 | 135 124 122 | 208 124 122 | 208 124 224 | 208 122 224 | 124 122 224 | 

