M = 245 248 196 
244 242 196 | 244 245 196 | 127 197 130 | 127 197 196 | 127 130 196 | 242 245 248 | 242 245 196 | 242 193 196 | 242 248 196 | 250 197 248 | 250 251 248 | 250 251 158 | 197 193 130 | 197 193 196 | 197 130 196 | 197 248 196 | 193 130 196 | 

M = 165 190 167 
165 190 169 | 165 169 164 | 165 169 167 | 165 164 167 | 190 169 167 | 190 193 130 | 169 164 167 | 258 259 230 | 264 146 266 | 

M = 134 139 123 
127 134 123 | 127 134 130 | 127 124 123 | 134 136 139 | 134 136 123 | 134 136 140 | 134 139 140 | 134 193 130 | 124 123 122 | 136 139 123 | 136 139 140 | 139 140 142 | 146 142 145 | 

M = 243 242 245 
244 243 242 | 244 243 245 | 244 242 245 | 

