M = 313 282 296 
276 283 282 | 276 273 272 | 276 273 150 | 276 272 150 | 283 286 282 | 273 151 150 | 273 272 150 | 318 312 313 | 318 312 311 | 318 312 296 | 318 313 311 | 318 313 296 | 318 311 296 | 312 313 311 | 312 313 296 | 312 311 296 | 313 311 296 | 297 282 296 | 297 311 296 | 

M = 339 336 408 
341 339 337 | 341 379 377 | 339 337 336 | 339 337 408 | 339 337 407 | 339 336 407 | 339 408 407 | 337 334 336 | 337 334 331 | 337 334 407 | 337 336 409 | 337 336 331 | 337 336 408 | 337 336 407 | 337 409 408 | 337 409 407 | 337 408 407 | 334 336 331 | 334 336 329 | 334 336 407 | 334 326 331 | 334 326 329 | 334 331 329 | 336 409 408 | 336 409 407 | 336 331 329 | 336 408 407 | 409 410 408 | 409 410 411 | 409 410 407 | 409 408 411 | 409 408 407 | 409 411 407 | 410 408 411 | 410 408 407 | 410 411 407 | 326 331 329 | 408 411 407 | 

M = 127 123 208 
126 127 130 | 126 127 197 | 126 127 123 | 126 127 124 | 126 127 208 | 126 130 197 | 126 123 124 | 126 123 208 | 126 206 208 | 126 124 208 | 180 182 177 | 194 130 197 | 194 130 219 | 127 130 134 | 127 130 197 | 127 134 123 | 127 123 124 | 127 124 208 | 265 145 146 | 265 145 177 | 265 146 266 | 265 146 177 | 265 261 177 | 145 146 142 | 145 146 177 | 145 146 150 | 145 177 150 | 146 177 150 | 130 134 219 | 261 182 177 | 261 182 230 | 261 258 259 | 261 258 232 | 261 258 230 | 261 258 151 | 261 177 151 | 261 259 232 | 261 259 230 | 261 259 151 | 261 232 230 | 261 232 151 | 134 136 123 | 134 136 139 | 134 219 139 | 134 123 139 | 204 206 205 | 204 206 235 | 204 206 201 | 204 205 235 | 204 205 201 | 204 235 201 | 136 123 139 | 136 139 141 | 142 139 141 | 123 124 208 | 206 205 235 | 206 205 208 | 206 205 201 | 206 235 201 | 206 208 201 | 177 151 150 | 205 235 201 | 205 208 201 | 

M = 164 249 156 
164 165 163 | 164 165 157 | 164 165 167 | 164 165 249 | 164 165 156 | 164 165 162 | 164 163 157 | 164 163 167 | 164 163 249 | 164 163 156 | 164 163 162 | 164 157 167 | 164 157 249 | 164 157 156 | 164 157 162 | 164 167 156 | 164 167 162 | 164 156 162 | 245 242 194 | 165 163 157 | 165 163 167 | 165 163 249 | 165 163 156 | 165 163 162 | 165 157 167 | 165 157 249 | 165 157 156 | 165 157 162 | 165 167 156 | 165 167 162 | 165 249 156 | 165 156 162 | 250 163 157 | 250 163 251 | 250 163 249 | 250 163 156 | 250 157 251 | 250 157 249 | 250 157 235 | 250 157 156 | 250 251 249 | 250 251 235 | 250 251 156 | 250 197 249 | 250 249 235 | 250 249 156 | 250 235 156 | 163 157 251 | 163 157 167 | 163 157 249 | 163 157 156 | 163 157 162 | 163 251 249 | 163 251 156 | 163 251 162 | 163 167 156 | 163 167 162 | 163 249 156 | 163 156 162 | 157 251 249 | 157 251 235 | 157 251 156 | 157 251 162 | 157 167 156 | 157 167 162 | 157 249 235 | 157 249 156 | 157 235 156 | 157 156 162 | 251 249 235 | 251 249 156 | 251 235 201 | 251 235 156 | 251 156 162 | 167 156 162 | 258 259 232 | 258 259 230 | 258 259 151 | 258 232 230 | 258 232 151 | 258 151 150 | 249 235 156 | 259 232 230 | 259 232 151 | 

