M = 235 237 207 
248 249 196 | 248 196 237 | 251 158 235 | 251 249 235 | 251 249 237 | 251 235 237 | 251 235 157 | 251 235 201 | 251 237 201 | 158 249 235 | 158 235 237 | 158 235 157 | 249 196 237 | 249 235 237 | 249 235 157 | 126 127 208 | 126 127 124 | 126 208 124 | 126 208 207 | 126 124 128 | 126 124 207 | 205 235 207 | 205 235 201 | 205 208 207 | 205 208 201 | 205 207 201 | 119 120 124 | 119 120 121 | 119 124 121 | 120 208 124 | 120 124 121 | 127 208 124 | 127 124 128 | 235 237 157 | 235 237 201 | 235 207 201 | 208 124 207 | 208 124 226 | 208 207 201 | 208 207 226 | 208 201 226 | 237 207 201 | 124 207 226 | 207 201 226 | 179 181 226 | 179 182 226 | 181 182 226 | 

M = 268 146 265 
268 266 271 | 268 266 146 | 268 266 267 | 268 266 269 | 268 266 147 | 268 266 265 | 268 271 146 | 268 271 267 | 268 271 269 | 268 271 147 | 268 271 265 | 268 271 274 | 268 146 267 | 268 146 269 | 268 146 147 | 268 267 269 | 268 267 147 | 268 267 265 | 268 267 274 | 268 269 147 | 268 269 265 | 268 269 274 | 268 147 265 | 266 271 146 | 266 271 267 | 266 271 269 | 266 271 147 | 266 271 265 | 266 146 267 | 266 146 269 | 266 146 147 | 266 146 265 | 266 267 269 | 266 267 147 | 266 267 265 | 266 269 147 | 266 269 265 | 266 147 265 | 271 146 267 | 271 146 269 | 271 146 147 | 271 146 265 | 271 267 269 | 271 267 147 | 271 267 265 | 271 267 274 | 271 269 147 | 271 269 265 | 271 269 274 | 271 147 265 | 142 146 144 | 142 146 143 | 142 144 140 | 142 144 143 | 142 140 215 | 142 140 143 | 142 215 143 | 146 144 147 | 146 144 143 | 146 267 269 | 146 267 147 | 146 267 265 | 146 269 147 | 146 269 265 | 146 147 265 | 146 147 143 | 146 147 179 | 146 265 179 | 144 147 143 | 144 140 143 | 267 269 147 | 267 269 265 | 267 269 274 | 267 147 265 | 269 147 265 | 147 265 179 | 179 181 182 | 

M = 249 164 157 
248 251 249 | 248 251 237 | 248 249 165 | 248 249 240 | 248 249 237 | 248 165 240 | 248 240 237 | 251 158 249 | 251 158 159 | 251 158 163 | 251 158 237 | 251 158 157 | 251 249 163 | 251 249 157 | 251 159 163 | 251 159 157 | 251 163 157 | 251 237 157 | 158 249 163 | 158 249 237 | 158 249 157 | 158 159 163 | 158 159 157 | 158 163 157 | 158 237 157 | 249 164 165 | 249 164 163 | 249 165 240 | 249 165 163 | 249 165 157 | 249 196 240 | 249 240 237 | 249 163 157 | 249 237 157 | 164 165 163 | 164 165 157 | 164 165 169 | 164 163 157 | 164 163 169 | 165 240 169 | 165 163 157 | 165 163 169 | 159 163 157 | 

M = 242 196 191 
248 245 242 | 248 245 196 | 248 245 240 | 248 242 196 | 248 242 240 | 248 196 240 | 245 242 244 | 245 242 196 | 245 242 240 | 245 244 196 | 245 244 240 | 245 196 240 | 218 140 215 | 218 140 219 | 218 215 219 | 218 215 191 | 218 219 169 | 218 219 191 | 218 169 191 | 242 244 196 | 242 244 240 | 242 196 240 | 242 240 191 | 165 240 191 | 165 169 191 | 244 196 240 | 126 127 196 | 126 127 128 | 126 196 128 | 127 196 128 | 140 215 143 | 140 215 219 | 196 240 237 | 196 240 128 | 196 240 191 | 196 237 128 | 240 237 128 | 240 169 191 | 215 219 191 | 219 169 191 | 

