M = 179 261 148 
179 147 262 | 179 147 146 | 179 147 178 | 179 147 263 | 179 147 183 | 179 147 148 | 179 262 181 | 179 262 178 | 179 262 263 | 179 262 261 | 179 262 183 | 179 262 148 | 179 146 178 | 179 146 148 | 179 181 178 | 179 181 261 | 179 181 183 | 179 178 263 | 179 178 261 | 179 178 183 | 179 178 148 | 179 263 261 | 179 263 183 | 179 263 148 | 179 261 183 | 179 183 148 | 147 262 178 | 147 262 267 | 147 262 183 | 147 146 178 | 147 146 267 | 147 146 148 | 147 178 267 | 147 178 183 | 147 178 148 | 147 263 267 | 147 263 183 | 147 267 148 | 147 183 148 | 262 181 229 | 262 181 178 | 262 181 261 | 262 181 183 | 262 178 267 | 262 178 261 | 262 178 183 | 262 178 148 | 262 178 260 | 262 263 267 | 262 263 183 | 262 267 148 | 262 261 183 | 262 261 148 | 262 261 260 | 262 183 148 | 262 183 260 | 146 178 267 | 146 178 148 | 146 267 148 | 181 229 178 | 181 229 261 | 181 229 183 | 181 178 261 | 181 178 183 | 181 261 183 | 120 119 121 | 120 119 122 | 120 121 122 | 120 122 208 | 178 263 267 | 178 263 183 | 178 267 148 | 178 261 183 | 178 261 148 | 178 261 260 | 178 183 148 | 178 183 260 | 178 148 260 | 263 267 148 | 263 261 183 | 263 183 148 | 263 183 260 | 261 183 148 | 261 183 260 | 261 148 260 | 119 121 122 | 183 148 260 | 

M = 388 368 363 
440 438 391 | 440 438 437 | 440 438 441 | 440 391 437 | 440 391 441 | 440 437 441 | 438 391 437 | 438 391 441 | 438 437 441 | 388 391 412 | 388 391 387 | 388 391 366 | 388 391 363 | 388 412 387 | 388 412 366 | 388 412 411 | 388 387 366 | 388 387 411 | 388 387 368 | 388 387 363 | 388 366 368 | 388 366 363 | 391 437 441 | 391 412 387 | 391 412 366 | 391 387 366 | 391 387 363 | 391 366 363 | 319 316 323 | 319 316 318 | 319 316 320 | 319 316 315 | 319 323 318 | 319 323 320 | 319 318 320 | 319 318 315 | 319 320 315 | 293 290 286 | 293 290 318 | 293 318 315 | 412 387 366 | 412 387 411 | 316 323 318 | 316 323 320 | 316 318 320 | 316 318 315 | 316 320 315 | 364 387 366 | 364 387 368 | 364 387 369 | 364 387 363 | 364 366 368 | 364 366 369 | 364 366 363 | 364 368 369 | 364 368 363 | 364 368 370 | 364 369 370 | 387 366 368 | 387 366 369 | 387 366 363 | 387 368 369 | 387 368 363 | 286 399 398 | 286 399 428 | 286 398 428 | 366 368 369 | 366 368 363 | 403 401 400 | 401 400 327 | 401 400 399 | 401 400 398 | 401 400 428 | 401 399 398 | 401 399 428 | 401 398 428 | 400 399 398 | 400 399 428 | 400 398 428 | 368 369 347 | 368 369 370 | 368 347 370 | 323 327 320 | 323 318 320 | 369 347 370 | 318 320 315 | 399 398 428 | 

M = 263 148 260 
147 262 263 | 147 262 264 | 147 262 148 | 147 146 264 | 147 178 263 | 147 178 264 | 147 263 264 | 147 263 148 | 147 267 264 | 147 264 148 | 262 229 178 | 262 229 261 | 262 229 259 | 262 229 183 | 262 229 260 | 262 178 263 | 262 178 264 | 262 263 261 | 262 263 259 | 262 263 264 | 262 263 148 | 262 263 260 | 262 267 264 | 262 261 259 | 262 261 264 | 262 259 183 | 262 259 260 | 262 264 148 | 262 264 260 | 262 148 260 | 146 178 264 | 146 267 264 | 146 264 148 | 229 178 261 | 229 178 183 | 229 178 260 | 229 261 259 | 229 261 183 | 229 261 260 | 229 259 183 | 229 259 260 | 229 183 260 | 178 263 261 | 178 263 264 | 178 263 148 | 178 263 260 | 178 267 264 | 178 261 264 | 178 264 148 | 178 264 260 | 263 267 264 | 263 261 259 | 263 261 264 | 263 261 148 | 263 261 260 | 263 259 183 | 263 259 260 | 263 264 148 | 263 264 260 | 267 264 148 | 261 259 258 | 261 259 183 | 261 259 260 | 261 258 260 | 261 264 148 | 261 264 260 | 259 258 152 | 259 258 260 | 259 183 260 | 259 152 260 | 258 152 260 | 264 148 260 | 

M = 165 194 191 
242 194 244 | 242 194 191 | 242 194 193 | 242 191 193 | 165 164 162 | 165 164 249 | 165 249 248 | 194 191 219 | 194 191 193 | 194 191 192 | 194 219 193 | 194 219 192 | 194 193 192 | 191 219 193 | 191 219 192 | 191 193 192 | 219 193 192 | 162 251 160 | 162 251 158 | 162 160 158 | 249 248 251 | 249 248 250 | 249 248 237 | 249 251 250 | 249 251 158 | 249 251 237 | 249 250 158 | 249 250 237 | 249 158 237 | 142 141 139 | 248 251 250 | 248 251 237 | 248 250 237 | 251 250 158 | 251 250 237 | 251 160 158 | 251 158 237 | 250 158 237 | 

