M = 293 281 297 
440 439 441 | 300 293 296 | 300 293 297 | 300 296 297 | 293 281 296 | 293 296 297 | 281 296 297 | 

M = 265 179 261 
178 180 179 | 178 180 181 | 178 265 179 | 178 265 261 | 178 179 181 | 178 179 261 | 178 181 229 | 178 181 261 | 178 229 261 | 180 179 181 | 179 181 261 | 181 229 261 | 121 119 120 | 229 259 261 | 

M = 178 266 146 
178 265 266 | 178 265 146 | 178 179 146 | 265 179 146 | 265 266 146 | 

M = 165 190 194 
243 242 244 | 243 242 194 | 243 244 194 | 164 165 167 | 164 165 162 | 164 167 162 | 165 190 167 | 165 167 162 | 242 244 194 | 242 193 194 | 219 190 193 | 219 190 194 | 219 193 194 | 190 193 194 | 

