M = 243 194 246 
244 242 243 | 244 242 194 | 244 242 246 | 244 243 194 | 244 243 246 | 244 194 246 | 242 243 194 | 242 243 246 | 242 194 246 | 242 194 193 | 

M = 147 178 267 
265 146 147 | 265 146 178 | 265 146 267 | 265 147 178 | 265 147 267 | 265 178 267 | 265 178 261 | 146 147 178 | 146 147 267 | 146 178 267 | 180 147 178 | 178 229 261 | 

M = 401 324 400 
293 290 281 | 359 354 357 | 440 438 439 | 401 400 403 | 336 403 337 | 

M = 165 194 190 
165 164 167 | 165 164 162 | 165 167 190 | 165 167 162 | 164 167 162 | 194 190 219 | 194 190 193 | 194 219 193 | 190 217 219 | 190 219 193 | 

