M = 194 190 219 
165 194 190 | 194 190 220 | 194 219 220 | 190 219 217 | 190 219 220 | 190 217 220 | 219 217 220 | 

M = 265 261 179 
265 262 178 | 265 262 261 | 265 262 179 | 265 178 261 | 265 178 146 | 265 178 179 | 265 146 269 | 265 146 179 | 262 178 180 | 262 178 229 | 262 178 261 | 262 178 179 | 262 180 179 | 262 229 261 | 262 229 259 | 262 261 259 | 262 261 179 | 178 180 179 | 178 229 261 | 178 261 179 | 178 146 179 | 229 261 259 | 261 259 258 | 

M = 163 253 249 
164 165 249 | 164 163 249 | 165 163 249 | 163 250 253 | 163 250 249 | 163 167 253 | 163 162 253 | 250 253 249 | 167 162 253 | 

M = 164 167 162 
164 165 163 | 164 165 167 | 164 165 162 | 164 163 167 | 164 163 162 | 165 190 167 | 165 163 167 | 165 163 162 | 165 167 162 | 163 159 162 | 163 159 253 | 163 167 162 | 159 162 253 | 

