M = 274 278 301 
303 272 274 | 303 272 278 | 303 272 275 | 303 274 278 | 303 274 275 | 303 274 301 | 303 305 275 | 303 305 301 | 303 278 275 | 303 278 300 | 303 278 301 | 303 275 301 | 303 300 301 | 272 274 278 | 272 274 267 | 272 274 277 | 272 274 275 | 272 274 273 | 272 278 277 | 272 278 275 | 272 278 273 | 272 267 273 | 272 277 275 | 272 277 273 | 272 275 273 | 274 278 277 | 274 278 275 | 274 278 273 | 274 267 273 | 274 277 275 | 274 277 301 | 274 277 273 | 274 275 301 | 274 275 273 | 305 275 301 | 278 277 275 | 278 277 284 | 278 277 301 | 278 277 281 | 278 277 273 | 278 275 301 | 278 275 281 | 278 275 273 | 278 284 281 | 278 300 301 | 278 300 297 | 278 301 297 | 278 281 297 | 277 275 301 | 277 275 281 | 277 275 273 | 277 284 281 | 293 300 297 | 293 300 296 | 293 281 297 | 293 281 296 | 293 297 296 | 300 301 297 | 300 301 296 | 300 297 296 | 301 297 296 | 281 297 296 | 

M = 259 229 262 
146 178 267 | 180 178 262 | 178 267 262 | 178 261 229 | 178 261 262 | 178 229 262 | 258 259 261 | 258 259 232 | 258 259 257 | 258 261 232 | 258 232 257 | 259 261 229 | 259 261 232 | 259 261 262 | 259 229 232 | 259 232 257 | 261 229 232 | 261 229 262 | 

M = 121 119 122 
120 121 119 | 120 121 122 | 120 119 122 | 

M = 165 194 190 
164 165 249 | 164 165 167 | 165 167 190 | 242 194 244 | 194 190 220 | 249 251 158 | 249 251 237 | 249 158 237 | 249 197 237 | 127 197 126 | 251 158 237 | 190 220 217 | 

