M = 293 290 297 


M = 412 366 391 
388 412 411 | 388 412 385 | 388 412 409 | 388 412 366 | 388 412 408 | 388 412 391 | 388 411 385 | 388 411 409 | 388 411 408 | 388 385 366 | 388 385 408 | 388 409 408 | 388 366 391 | 388 435 391 | 440 438 439 | 440 438 435 | 440 438 391 | 440 439 435 | 440 439 391 | 440 435 391 | 412 411 385 | 412 411 409 | 412 411 408 | 412 385 366 | 412 385 408 | 412 409 408 | 411 385 408 | 411 409 408 | 438 439 435 | 438 439 391 | 438 435 391 | 439 435 391 | 401 331 400 | 

M = 281 290 297 
284 281 290 | 281 293 290 | 281 293 297 | 

M = 147 178 263 
164 165 249 | 180 147 178 | 146 147 178 | 146 147 267 | 146 178 267 | 147 178 267 | 147 267 263 | 261 178 263 | 178 267 263 | 

