M = 267 178 145 
266 146 268 | 266 146 267 | 266 146 178 | 266 146 264 | 266 268 267 | 266 268 264 | 266 267 178 | 266 267 262 | 266 267 264 | 266 178 262 | 266 178 264 | 266 262 264 | 146 268 267 | 146 268 145 | 146 268 264 | 146 267 178 | 146 267 145 | 146 267 264 | 146 178 145 | 146 178 264 | 146 145 143 | 146 145 144 | 146 143 144 | 268 267 145 | 268 267 264 | 267 178 262 | 267 178 264 | 267 262 264 | 178 229 262 | 178 229 261 | 178 229 182 | 178 262 261 | 178 262 264 | 178 262 182 | 178 261 264 | 178 261 182 | 229 262 261 | 229 262 228 | 229 262 182 | 229 261 228 | 229 261 182 | 229 228 182 | 145 143 144 | 143 144 140 | 262 261 264 | 262 261 228 | 262 261 182 | 262 228 182 | 261 228 182 | 

M = 191 241 193 
130 191 241 | 130 191 196 | 130 191 194 | 130 191 193 | 130 191 219 | 130 191 190 | 130 241 194 | 130 241 193 | 130 194 193 | 130 194 219 | 130 194 190 | 130 193 219 | 130 193 190 | 130 219 190 | 191 241 242 | 191 241 196 | 191 241 194 | 191 242 196 | 191 242 194 | 191 242 193 | 191 196 194 | 191 196 193 | 191 194 193 | 191 194 219 | 191 194 190 | 191 193 219 | 191 193 190 | 241 242 194 | 241 242 193 | 241 194 193 | 242 194 193 | 194 193 219 | 194 193 190 | 194 219 190 | 193 219 190 | 

M = 191 219 169 
218 191 193 | 218 191 219 | 218 191 169 | 218 191 190 | 218 193 219 | 218 193 190 | 218 219 169 | 218 219 190 | 218 219 139 | 218 219 140 | 218 169 190 | 218 139 140 | 191 194 169 | 191 194 165 | 191 168 169 | 191 168 190 | 191 168 165 | 191 219 190 | 191 169 190 | 191 169 165 | 191 190 165 | 135 136 140 | 135 139 140 | 194 219 169 | 194 169 190 | 194 169 165 | 194 190 165 | 136 139 140 | 168 169 190 | 168 169 165 | 168 169 164 | 168 169 167 | 168 190 165 | 168 190 167 | 168 165 164 | 168 165 167 | 168 164 167 | 219 169 190 | 219 139 140 | 143 139 140 | 169 190 165 | 169 190 167 | 169 165 164 | 169 165 167 | 169 164 167 | 190 165 167 | 165 164 167 | 

M = 130 241 239 
127 130 135 | 127 130 196 | 127 124 135 | 127 124 123 | 127 124 208 | 127 135 123 | 127 123 208 | 130 241 196 | 130 196 194 | 130 196 193 | 130 196 239 | 130 194 239 | 130 193 239 | 241 242 196 | 241 242 239 | 241 196 194 | 241 196 193 | 241 196 239 | 241 194 239 | 241 193 239 | 124 135 123 | 124 135 122 | 124 123 122 | 124 123 208 | 124 122 208 | 135 123 136 | 135 123 139 | 135 123 122 | 135 136 139 | 242 196 194 | 242 196 193 | 242 196 239 | 242 194 239 | 242 193 239 | 196 194 193 | 196 194 239 | 196 193 239 | 196 237 239 | 194 193 239 | 194 239 165 | 123 136 139 | 123 122 208 | 237 239 250 | 

