M = 193 197 128 
193 194 130 | 193 194 197 | 193 194 128 | 193 130 197 | 193 130 128 | 194 130 197 | 194 130 128 | 194 197 128 | 130 197 128 | 130 197 127 | 130 128 127 | 197 128 127 | 

M = 193 241 197 
243 194 241 | 193 194 241 | 193 241 130 | 193 241 128 | 194 241 130 | 194 241 197 | 194 241 128 | 241 130 197 | 241 130 128 | 241 197 128 | 

M = 165 194 190 
164 165 157 | 193 194 190 | 193 194 220 | 193 190 130 | 193 190 220 | 193 130 220 | 194 190 130 | 194 190 220 | 194 130 220 | 190 130 220 | 359 356 361 | 

M = 146 267 178 
146 267 147 | 146 267 268 | 146 267 177 | 146 267 270 | 146 267 145 | 146 147 268 | 146 147 178 | 146 147 177 | 146 147 270 | 146 147 143 | 146 147 145 | 146 268 270 | 146 268 145 | 146 178 177 | 146 178 145 | 146 177 143 | 146 177 145 | 146 143 145 | 267 147 268 | 267 147 178 | 267 147 262 | 267 147 177 | 267 147 270 | 267 147 145 | 267 268 273 | 267 268 274 | 267 268 270 | 267 268 145 | 267 178 262 | 267 178 177 | 267 178 145 | 267 273 274 | 267 273 270 | 267 262 177 | 267 274 270 | 267 177 145 | 147 268 270 | 147 268 145 | 147 178 180 | 147 178 262 | 147 178 177 | 147 178 145 | 147 180 262 | 147 180 177 | 147 262 177 | 147 177 143 | 147 177 145 | 147 143 145 | 268 273 274 | 268 273 270 | 268 274 270 | 178 180 262 | 178 180 177 | 178 262 177 | 178 262 261 | 178 177 261 | 178 177 145 | 180 262 177 | 273 172 274 | 273 274 276 | 273 274 270 | 273 276 270 | 262 177 261 | 274 276 270 | 177 143 145 | 

