M = 245 248 196 
245 248 239 | 245 248 242 | 245 244 196 | 245 244 242 | 245 196 239 | 245 196 242 | 245 239 242 | 248 237 197 | 248 237 196 | 248 197 196 | 248 197 239 | 248 197 249 | 248 196 239 | 248 196 249 | 248 196 242 | 248 239 249 | 248 239 242 | 244 196 242 | 237 197 249 | 237 196 249 | 197 196 239 | 197 196 249 | 197 239 249 | 196 239 249 | 196 239 242 | 

M = 299 311 302 
268 146 266 | 268 146 267 | 268 274 272 | 268 274 267 | 268 272 266 | 268 272 267 | 268 266 267 | 305 303 299 | 305 303 301 | 305 303 307 | 305 303 302 | 305 299 301 | 305 299 307 | 305 299 311 | 305 299 302 | 305 301 307 | 305 301 302 | 305 307 311 | 305 307 302 | 305 311 302 | 300 303 299 | 300 303 301 | 300 303 307 | 300 303 302 | 300 299 301 | 300 299 296 | 300 299 297 | 300 299 307 | 300 299 311 | 300 299 302 | 300 301 296 | 300 301 297 | 300 301 307 | 300 301 302 | 300 296 297 | 300 296 307 | 300 296 311 | 300 296 302 | 300 297 307 | 300 297 311 | 300 297 302 | 300 307 311 | 300 307 302 | 300 311 302 | 303 299 301 | 303 299 307 | 303 299 302 | 303 301 307 | 303 301 274 | 303 301 302 | 303 307 302 | 303 274 272 | 303 274 302 | 299 301 296 | 299 301 297 | 299 301 307 | 299 301 302 | 299 296 297 | 299 296 314 | 299 296 307 | 299 296 311 | 299 296 302 | 299 297 314 | 299 297 307 | 299 297 311 | 299 297 302 | 299 314 307 | 299 314 311 | 299 307 311 | 299 307 302 | 301 296 297 | 301 296 307 | 301 296 302 | 301 297 307 | 301 297 302 | 301 307 302 | 301 274 302 | 296 297 314 | 296 297 307 | 296 297 311 | 296 297 302 | 296 314 307 | 296 314 311 | 296 307 311 | 296 307 302 | 296 311 302 | 297 314 307 | 297 314 311 | 297 307 311 | 297 307 302 | 297 311 302 | 146 266 267 | 314 307 311 | 307 311 302 | 274 272 267 | 272 266 267 | 

M = 126 197 130 
126 206 208 | 126 127 124 | 126 127 123 | 126 127 197 | 126 127 196 | 126 127 208 | 126 127 130 | 126 124 123 | 126 124 208 | 126 123 208 | 126 197 196 | 126 196 130 | 206 237 201 | 206 237 235 | 206 201 208 | 206 201 235 | 127 124 123 | 127 124 208 | 127 123 134 | 127 123 208 | 127 134 130 | 127 197 196 | 127 197 130 | 127 196 130 | 124 123 119 | 124 123 208 | 123 134 136 | 237 197 196 | 237 197 239 | 237 196 239 | 197 196 130 | 197 239 130 | 196 239 130 | 

M = 251 249 163 
248 237 251 | 248 237 239 | 248 237 249 | 248 251 239 | 248 251 249 | 248 239 165 | 248 249 165 | 237 201 251 | 237 201 235 | 237 158 251 | 237 158 249 | 237 158 157 | 237 158 235 | 237 251 239 | 237 251 249 | 237 251 157 | 237 251 235 | 237 239 249 | 237 249 157 | 237 249 235 | 237 157 235 | 201 251 235 | 158 251 249 | 158 251 161 | 158 251 157 | 158 251 235 | 158 251 163 | 158 249 157 | 158 249 235 | 158 249 163 | 158 161 157 | 158 161 163 | 158 157 235 | 158 157 163 | 251 239 249 | 251 249 157 | 251 249 235 | 251 161 157 | 251 161 163 | 251 157 235 | 251 157 163 | 239 249 165 | 249 157 165 | 249 157 164 | 249 157 235 | 249 157 163 | 249 165 164 | 249 165 163 | 249 164 163 | 161 157 164 | 161 157 163 | 161 164 163 | 157 165 164 | 157 165 163 | 157 164 163 | 165 164 163 | 

