M = 369 351 366 
440 439 438 | 440 439 441 | 440 438 441 | 408 387 388 | 365 368 369 | 365 368 370 | 365 368 351 | 365 368 366 | 365 368 387 | 365 368 388 | 365 369 370 | 365 369 351 | 365 369 366 | 365 369 387 | 365 370 351 | 365 351 366 | 365 366 387 | 365 366 388 | 365 387 388 | 347 345 370 | 347 345 346 | 347 368 369 | 347 368 370 | 347 368 351 | 347 369 370 | 347 369 351 | 347 369 346 | 347 370 351 | 347 370 346 | 439 438 441 | 345 370 346 | 368 369 370 | 368 369 351 | 368 369 366 | 368 369 387 | 368 370 351 | 368 351 366 | 368 366 387 | 368 366 388 | 368 387 388 | 369 370 351 | 369 370 346 | 369 366 387 | 366 387 388 | 

M = 130 190 214 
136 138 139 | 136 138 123 | 136 138 134 | 136 138 141 | 136 138 214 | 136 139 123 | 136 139 134 | 136 139 141 | 136 139 214 | 136 123 134 | 136 134 214 | 136 141 214 | 138 122 123 | 138 122 124 | 138 122 141 | 138 139 123 | 138 139 134 | 138 139 141 | 138 139 214 | 138 123 124 | 138 123 134 | 138 134 214 | 138 141 214 | 122 123 124 | 122 123 208 | 122 124 208 | 180 178 177 | 146 178 177 | 146 178 267 | 146 177 267 | 146 268 267 | 244 245 194 | 244 245 196 | 244 245 242 | 244 194 196 | 244 194 242 | 244 196 242 | 139 123 134 | 139 217 219 | 139 217 214 | 139 134 219 | 139 134 214 | 139 141 214 | 139 219 214 | 127 123 124 | 127 123 134 | 127 123 126 | 127 123 208 | 127 124 126 | 127 124 208 | 127 130 134 | 127 130 126 | 127 130 196 | 127 126 196 | 127 126 208 | 178 177 267 | 178 177 261 | 123 124 126 | 123 124 208 | 123 126 208 | 245 194 196 | 245 194 242 | 245 196 242 | 124 126 208 | 217 219 190 | 217 219 214 | 217 190 214 | 130 134 219 | 130 134 214 | 130 194 196 | 130 194 219 | 130 194 190 | 130 126 196 | 130 219 190 | 130 219 214 | 134 219 214 | 194 196 242 | 194 219 190 | 194 190 165 | 219 190 214 | 190 165 167 | 164 165 167 | 159 158 253 | 231 230 232 | 231 230 261 | 231 230 259 | 231 232 261 | 231 232 259 | 231 232 203 | 231 261 259 | 230 232 261 | 230 232 259 | 230 261 259 | 232 261 259 | 232 203 253 | 

M = 337 341 340 
419 400 401 | 408 336 337 | 336 337 340 | 336 337 334 | 343 377 341 | 343 377 340 | 343 345 341 | 343 345 346 | 343 341 340 | 377 341 340 | 

M = 288 318 293 
288 316 318 | 288 316 322 | 288 316 292 | 288 282 293 | 288 282 292 | 288 318 322 | 288 318 292 | 288 322 292 | 288 293 292 | 316 318 322 | 316 318 292 | 316 322 292 | 400 428 401 | 308 299 306 | 282 299 293 | 282 299 292 | 282 293 292 | 299 293 292 | 318 322 292 | 318 293 292 | 

