M = 172 190 167 
172 168 190 | 172 168 167 | 172 168 170 | 172 190 170 | 172 167 170 | 277 271 272 | 165 168 164 | 165 168 190 | 165 168 167 | 165 168 163 | 165 168 170 | 165 164 167 | 165 164 163 | 165 164 170 | 165 190 167 | 165 190 194 | 165 190 170 | 165 167 163 | 165 167 157 | 165 167 170 | 165 163 170 | 268 146 267 | 268 146 271 | 268 146 147 | 268 267 271 | 268 267 272 | 268 267 147 | 268 271 272 | 268 271 147 | 168 164 167 | 168 164 163 | 168 164 170 | 168 190 167 | 168 190 170 | 168 167 163 | 168 167 170 | 168 163 170 | 164 167 163 | 164 167 157 | 164 167 170 | 164 163 170 | 190 167 170 | 190 194 130 | 146 267 271 | 146 267 147 | 146 271 147 | 146 144 147 | 167 163 157 | 167 163 170 | 267 271 272 | 267 271 147 | 267 147 263 | 

M = 248 197 241 
165 247 194 | 242 247 248 | 242 247 244 | 242 247 245 | 242 247 194 | 242 247 241 | 242 248 245 | 242 248 241 | 242 244 245 | 242 244 194 | 242 244 241 | 242 245 194 | 242 245 241 | 242 194 241 | 247 248 245 | 247 248 237 | 247 248 250 | 247 248 197 | 247 248 249 | 247 248 241 | 247 244 245 | 247 244 194 | 247 244 241 | 247 245 194 | 247 245 241 | 247 237 250 | 247 237 197 | 247 237 249 | 247 250 197 | 247 250 249 | 247 197 249 | 247 197 194 | 247 197 241 | 247 249 241 | 247 194 241 | 248 245 241 | 248 237 197 | 248 250 197 | 248 250 249 | 248 197 249 | 248 249 241 | 244 245 194 | 244 245 241 | 244 194 241 | 245 194 241 | 120 122 119 | 120 122 208 | 237 250 197 | 237 197 249 | 250 197 249 | 197 249 241 | 197 194 241 | 197 194 130 | 197 241 130 | 197 126 130 | 194 241 130 | 126 206 208 | 

M = 280 294 286 
297 293 299 | 297 293 292 | 297 293 281 | 297 293 294 | 297 299 278 | 297 299 292 | 297 299 294 | 297 278 281 | 297 278 294 | 297 292 281 | 297 292 294 | 297 281 294 | 293 299 292 | 293 299 313 | 293 299 294 | 293 292 281 | 293 292 285 | 293 292 313 | 293 292 294 | 293 292 286 | 293 281 285 | 293 281 294 | 293 281 286 | 293 285 294 | 293 285 286 | 293 313 294 | 293 294 286 | 303 299 278 | 303 299 305 | 303 278 272 | 299 278 294 | 299 292 313 | 299 292 294 | 299 313 294 | 278 277 281 | 278 277 280 | 278 277 272 | 278 277 283 | 278 281 280 | 278 281 294 | 278 281 283 | 278 280 294 | 278 280 283 | 278 294 283 | 277 281 280 | 277 281 283 | 277 280 283 | 292 281 285 | 292 281 294 | 292 281 283 | 292 281 286 | 292 319 322 | 292 319 313 | 292 285 294 | 292 285 283 | 292 285 286 | 292 313 294 | 292 294 283 | 292 294 286 | 292 283 286 | 281 280 285 | 281 280 294 | 281 280 283 | 281 280 286 | 281 285 294 | 281 285 283 | 281 285 286 | 281 294 283 | 281 294 286 | 281 283 286 | 280 285 294 | 280 285 283 | 280 285 286 | 280 294 283 | 280 283 286 | 319 322 323 | 322 327 323 | 285 294 283 | 285 294 286 | 285 283 286 | 403 330 401 | 403 330 336 | 377 343 379 | 377 343 378 | 377 343 341 | 377 379 378 | 377 379 341 | 377 378 341 | 343 379 378 | 343 379 341 | 343 378 341 | 379 378 341 | 330 327 401 | 330 327 323 | 330 327 334 | 330 334 336 | 294 283 286 | 

M = 250 157 235 
165 164 157 | 165 164 249 | 165 247 248 | 165 247 249 | 165 248 249 | 165 163 157 | 165 163 249 | 165 157 249 | 164 163 157 | 164 163 249 | 164 157 249 | 248 237 250 | 248 237 251 | 248 237 249 | 248 250 251 | 248 251 249 | 159 158 163 | 159 158 157 | 159 158 251 | 159 163 157 | 159 163 251 | 159 157 251 | 158 163 250 | 158 163 157 | 158 163 251 | 158 163 249 | 158 237 250 | 158 237 157 | 158 237 251 | 158 237 235 | 158 237 249 | 158 250 157 | 158 250 251 | 158 250 235 | 158 250 249 | 158 157 251 | 158 157 235 | 158 157 249 | 158 251 235 | 158 251 249 | 158 235 249 | 163 250 157 | 163 250 251 | 163 250 249 | 163 157 251 | 163 157 249 | 163 251 249 | 237 250 157 | 237 250 251 | 237 250 235 | 237 250 249 | 237 157 251 | 237 157 235 | 237 157 249 | 237 251 235 | 237 251 249 | 237 235 249 | 237 235 206 | 250 157 251 | 250 157 249 | 250 251 235 | 250 251 249 | 250 235 249 | 157 251 235 | 157 251 249 | 157 235 249 | 251 235 249 | 235 206 203 | 235 206 205 | 235 203 205 | 206 208 205 | 206 203 205 | 

