M = 119 122 124 
120 119 122 | 120 119 123 | 120 119 124 | 120 122 123 | 120 122 124 | 120 123 124 | 119 122 123 | 119 123 124 | 122 123 124 | 123 127 124 | 

M = 411 415 388 
411 410 408 | 411 410 412 | 411 410 388 | 411 408 412 | 411 408 415 | 411 408 388 | 411 412 415 | 411 412 388 | 410 408 412 | 410 408 388 | 410 412 388 | 408 337 415 | 408 412 415 | 408 412 388 | 408 415 388 | 345 346 370 | 362 443 444 | 412 415 388 | 438 440 435 | 438 440 439 | 438 435 439 | 290 443 444 | 443 440 435 | 440 435 439 | 

M = 146 267 178 
268 146 266 | 268 146 267 | 268 266 267 | 268 266 272 | 268 267 272 | 268 275 272 | 146 266 267 | 146 266 178 | 146 144 142 | 146 144 143 | 146 142 143 | 266 267 178 | 266 267 272 | 266 267 263 | 266 178 263 | 267 178 263 | 144 142 143 | 303 275 272 | 303 275 301 | 

M = 165 194 190 
161 164 162 | 161 164 167 | 161 162 167 | 161 162 251 | 242 244 194 | 242 194 193 | 165 164 162 | 165 164 167 | 165 162 167 | 165 167 190 | 164 162 167 | 290 293 281 | 216 217 219 | 216 217 190 | 216 193 219 | 216 193 190 | 216 219 190 | 217 219 190 | 194 193 219 | 194 193 190 | 194 219 190 | 193 219 190 | 

