M = 441 443 444 
356 359 358 | 362 443 444 | 440 441 443 | 290 443 444 | 

M = 438 440 436 
438 440 439 | 438 440 441 | 438 439 441 | 438 439 436 | 438 441 436 | 440 439 441 | 440 439 436 | 440 441 436 | 439 441 436 | 

M = 281 297 293 
284 290 281 | 284 290 283 | 284 281 283 | 290 281 297 | 290 281 293 | 290 281 296 | 290 281 283 | 290 317 318 | 290 317 293 | 290 317 296 | 290 297 293 | 290 297 296 | 290 318 293 | 290 318 296 | 290 293 296 | 281 297 296 | 281 293 296 | 317 318 293 | 317 318 296 | 317 293 296 | 297 300 293 | 297 300 296 | 297 293 296 | 300 293 296 | 318 293 296 | 

M = 178 146 150 
164 165 162 | 164 165 249 | 164 165 167 | 164 162 167 | 165 162 167 | 165 249 248 | 242 194 245 | 242 194 241 | 242 245 248 | 242 245 241 | 242 248 241 | 178 180 182 | 178 180 147 | 178 266 147 | 178 266 146 | 178 182 261 | 178 182 229 | 178 147 146 | 178 147 150 | 178 261 229 | 162 251 158 | 249 248 251 | 249 248 241 | 249 248 250 | 249 251 250 | 249 251 158 | 249 250 158 | 194 245 241 | 245 248 241 | 266 147 146 | 266 147 268 | 266 146 268 | 248 251 250 | 182 261 229 | 120 119 123 | 120 123 208 | 147 144 146 | 147 146 268 | 147 146 150 | 147 268 150 | 259 258 261 | 259 261 229 | 251 250 158 | 144 142 146 | 146 268 150 | 

