M = 197 193 239 
242 193 239 | 242 193 194 | 242 193 196 | 242 239 194 | 242 239 196 | 242 194 196 | 165 190 194 | 165 249 239 | 165 239 194 | 127 197 130 | 127 197 196 | 127 130 196 | 136 123 139 | 218 190 193 | 190 130 193 | 190 130 194 | 190 193 194 | 249 237 197 | 249 237 239 | 249 237 196 | 249 197 239 | 249 197 196 | 249 239 196 | 237 197 239 | 237 197 196 | 237 239 196 | 197 130 193 | 197 130 239 | 197 130 194 | 197 130 196 | 197 193 194 | 197 193 196 | 197 239 194 | 197 239 196 | 197 194 196 | 130 193 239 | 130 193 194 | 130 193 196 | 130 239 194 | 130 239 196 | 130 194 196 | 193 239 194 | 193 239 196 | 193 194 196 | 239 194 196 | 

M = 251 237 201 
158 251 249 | 158 251 237 | 158 251 163 | 158 249 237 | 261 182 178 | 261 232 259 | 261 232 258 | 261 259 258 | 251 249 237 | 251 249 239 | 251 249 163 | 251 237 239 | 205 206 203 | 205 206 201 | 205 203 201 | 206 237 201 | 206 203 201 | 232 259 233 | 232 259 258 | 232 203 233 | 259 233 258 | 203 233 201 | 

M = 290 283 286 
440 438 439 | 440 438 436 | 440 439 436 | 438 439 436 | 293 290 297 | 293 290 286 | 293 297 299 | 293 299 313 | 290 284 283 | 290 284 286 | 267 268 273 | 267 268 274 | 267 268 271 | 267 273 274 | 267 273 271 | 267 274 271 | 297 299 311 | 356 284 286 | 284 283 286 | 268 273 274 | 268 273 271 | 268 274 271 | 299 311 313 | 273 274 271 | 

M = 165 167 163 
164 165 167 | 164 165 249 | 164 165 163 | 164 165 162 | 164 167 163 | 164 167 162 | 164 249 163 | 164 163 162 | 165 167 190 | 165 167 162 | 165 249 163 | 165 163 162 | 158 251 162 | 158 249 163 | 158 163 162 | 167 163 162 | 251 163 162 | 146 178 267 | 146 267 268 | 146 267 271 | 146 268 271 | 232 233 258 | 

