M = 194 190 130 
242 194 193 | 165 194 169 | 165 194 190 | 165 169 190 | 194 193 190 | 194 193 130 | 194 169 190 | 193 134 130 | 193 190 130 | 134 127 130 | 

M = 126 123 124 
126 123 127 | 126 127 124 | 123 127 124 | 261 264 263 | 

M = 164 165 249 
164 165 163 | 164 165 169 | 164 163 249 | 164 163 169 | 165 163 249 | 165 163 169 | 163 249 251 | 411 408 410 | 338 403 340 | 

M = 123 127 135 
126 127 130 | 136 134 123 | 136 134 135 | 136 123 135 | 134 123 127 | 134 123 135 | 134 127 135 | 134 135 130 | 123 135 124 | 127 135 124 | 127 135 130 | 

