M = 262 178 266 
179 265 262 | 179 265 178 | 179 265 261 | 179 262 178 | 179 178 261 | 147 265 268 | 147 265 266 | 147 268 266 | 147 262 266 | 147 178 266 | 265 268 266 | 265 262 178 | 265 262 266 | 265 262 261 | 265 178 266 | 265 178 261 | 262 178 261 | 

M = 146 147 143 
146 147 265 | 146 147 268 | 146 147 266 | 146 265 268 | 146 265 266 | 146 142 143 | 146 268 266 | 146 178 266 | 119 120 123 | 134 140 136 | 134 215 136 | 134 136 123 | 142 140 215 | 142 140 143 | 142 215 143 | 140 215 136 | 140 215 143 | 

M = 165 194 190 
243 242 244 | 243 242 194 | 243 242 245 | 243 244 194 | 243 244 245 | 243 194 245 | 242 244 194 | 242 244 245 | 242 244 196 | 242 193 194 | 242 193 196 | 242 194 245 | 242 194 196 | 242 245 196 | 244 194 245 | 244 194 196 | 244 245 196 | 165 164 167 | 165 190 167 | 193 134 130 | 193 134 215 | 193 194 190 | 193 194 130 | 193 194 196 | 193 190 218 | 193 190 130 | 193 190 215 | 193 218 215 | 193 130 196 | 164 161 167 | 134 127 130 | 134 127 123 | 134 140 215 | 194 190 130 | 194 130 196 | 194 245 196 | 440 438 439 | 440 438 441 | 440 439 441 | 440 441 393 | 190 218 217 | 190 218 215 | 190 217 215 | 218 217 140 | 218 217 215 | 218 140 215 | 438 439 441 | 217 140 215 | 401 419 400 | 401 419 403 | 401 400 403 | 419 400 403 | 283 286 290 | 127 130 196 | 127 130 126 | 127 196 126 | 127 123 126 | 286 293 290 | 326 334 393 | 161 159 158 | 161 159 251 | 161 158 251 | 130 196 126 | 293 290 296 | 159 158 251 | 334 336 407 | 336 407 403 | 336 407 339 | 336 403 339 | 158 237 251 | 407 403 339 | 

M = 179 147 262 
146 179 147 | 146 179 265 | 146 179 178 | 146 147 178 | 146 265 178 | 180 179 147 | 180 179 262 | 180 179 178 | 180 179 182 | 180 147 262 | 180 147 178 | 180 262 178 | 180 262 182 | 180 178 182 | 179 147 265 | 179 147 178 | 179 262 182 | 179 262 261 | 179 178 182 | 179 182 261 | 147 265 262 | 147 265 178 | 147 262 178 | 262 178 182 | 262 182 261 | 178 182 261 | 

