M = 197 241 193 
245 242 241 | 127 197 132 | 242 241 193 | 249 197 241 | 197 132 193 | 

M = 124 132 122 
127 123 124 | 127 123 132 | 127 124 132 | 136 139 123 | 136 139 132 | 136 139 141 | 136 123 132 | 266 268 265 | 266 268 146 | 266 265 146 | 266 265 262 | 266 265 178 | 266 146 178 | 266 262 178 | 119 123 124 | 119 123 122 | 119 124 122 | 268 265 146 | 139 123 132 | 139 142 141 | 123 124 132 | 123 124 122 | 123 132 122 | 265 146 178 | 265 262 178 | 

M = 157 249 164 
158 251 157 | 158 251 249 | 158 157 249 | 158 157 237 | 251 157 249 | 251 157 237 | 157 249 237 | 157 249 165 | 157 164 165 | 157 164 167 | 157 165 167 | 249 164 165 | 164 165 167 | 

M = 251 201 237 
158 251 235 | 158 251 237 | 158 157 235 | 158 235 249 | 158 235 237 | 158 249 237 | 251 157 235 | 251 235 249 | 251 235 201 | 251 235 237 | 251 249 237 | 205 206 235 | 205 206 201 | 205 235 201 | 157 235 249 | 157 235 237 | 206 235 201 | 206 235 237 | 206 201 237 | 235 249 237 | 235 201 237 | 249 237 197 | 180 262 178 | 

