M = 134 219 130 
242 196 194 | 127 196 130 | 127 123 124 | 127 123 134 | 127 123 135 | 127 124 135 | 127 134 135 | 127 134 130 | 127 135 130 | 196 194 130 | 165 194 190 | 136 123 134 | 136 123 135 | 136 123 139 | 136 134 135 | 136 134 139 | 136 135 139 | 123 124 135 | 123 124 122 | 123 134 135 | 123 134 139 | 123 135 139 | 123 135 122 | 124 135 122 | 134 135 130 | 134 135 139 | 134 219 139 | 219 218 190 | 219 218 139 | 219 218 220 | 219 194 190 | 219 194 130 | 219 194 220 | 219 190 130 | 219 190 220 | 219 130 220 | 219 139 220 | 218 190 220 | 218 139 220 | 194 190 130 | 194 190 220 | 194 130 220 | 190 130 220 | 

M = 203 235 232 
251 237 201 | 251 235 201 | 206 204 237 | 206 204 203 | 206 204 205 | 206 204 235 | 206 204 201 | 206 237 235 | 206 237 201 | 206 203 205 | 206 203 235 | 206 203 201 | 206 205 235 | 206 205 201 | 206 235 201 | 204 237 235 | 204 237 201 | 204 203 205 | 204 203 235 | 204 203 201 | 204 205 235 | 204 205 201 | 204 235 201 | 237 235 201 | 203 205 235 | 203 205 201 | 203 235 233 | 203 235 201 | 203 233 232 | 203 233 201 | 205 235 201 | 235 156 233 | 235 233 232 | 235 233 201 | 258 259 261 | 258 259 233 | 258 259 257 | 258 259 232 | 258 261 232 | 258 233 257 | 258 233 232 | 258 257 232 | 259 261 232 | 259 233 257 | 259 233 232 | 259 257 232 | 233 257 232 | 

M = 311 318 317 
312 316 319 | 312 316 311 | 312 316 313 | 312 316 318 | 312 316 317 | 312 319 313 | 312 319 318 | 312 319 317 | 312 311 313 | 312 311 318 | 312 311 299 | 312 311 317 | 312 311 307 | 312 313 318 | 312 313 299 | 312 313 317 | 312 313 307 | 312 318 317 | 312 299 307 | 284 283 286 | 284 283 282 | 284 286 282 | 283 286 282 | 316 319 313 | 316 319 322 | 316 319 318 | 316 319 317 | 316 311 313 | 316 311 318 | 316 311 317 | 316 313 318 | 316 313 317 | 316 322 318 | 316 322 317 | 316 318 317 | 319 313 318 | 319 313 317 | 319 326 322 | 319 322 318 | 319 322 317 | 319 318 317 | 311 313 318 | 311 313 299 | 311 313 317 | 311 313 307 | 311 305 299 | 311 305 307 | 311 299 297 | 311 299 307 | 311 297 307 | 424 428 426 | 424 426 421 | 424 419 421 | 313 318 317 | 313 299 282 | 313 299 307 | 313 282 317 | 322 318 317 | 305 299 307 | 299 297 282 | 299 297 307 | 419 421 379 | 

M = 158 251 163 
158 159 251 | 158 159 163 | 158 159 157 | 158 159 156 | 158 250 251 | 158 250 163 | 158 250 237 | 158 250 249 | 158 250 157 | 158 250 235 | 158 250 156 | 158 251 237 | 158 251 249 | 158 251 157 | 158 251 235 | 158 251 156 | 158 163 249 | 158 163 157 | 158 163 156 | 158 237 249 | 158 237 157 | 158 237 235 | 158 237 156 | 158 249 157 | 158 249 235 | 158 249 156 | 158 157 235 | 158 157 156 | 158 235 156 | 159 251 163 | 159 251 157 | 159 251 156 | 159 163 157 | 159 163 156 | 159 157 156 | 250 251 163 | 250 251 237 | 250 251 249 | 250 251 157 | 250 251 235 | 250 251 156 | 250 163 249 | 250 163 157 | 250 163 156 | 250 237 249 | 250 237 157 | 250 237 235 | 250 237 156 | 250 249 157 | 250 249 235 | 250 249 156 | 250 157 235 | 250 157 156 | 250 235 156 | 164 165 163 | 164 165 249 | 164 165 157 | 164 165 156 | 164 165 167 | 164 163 249 | 164 163 157 | 164 163 156 | 164 163 167 | 164 249 157 | 164 249 156 | 164 157 156 | 164 157 167 | 164 156 167 | 251 163 249 | 251 163 157 | 251 163 156 | 251 237 249 | 251 237 157 | 251 237 235 | 251 237 156 | 251 249 157 | 251 249 235 | 251 249 156 | 251 157 235 | 251 157 156 | 251 235 156 | 196 237 249 | 165 163 249 | 165 163 157 | 165 163 156 | 165 163 167 | 165 249 157 | 165 249 156 | 165 157 156 | 165 157 167 | 165 190 167 | 165 156 167 | 163 249 157 | 163 249 156 | 163 157 156 | 163 157 167 | 163 156 167 | 237 249 157 | 237 249 235 | 237 249 156 | 237 157 235 | 237 157 156 | 237 235 156 | 249 157 235 | 249 157 156 | 249 235 156 | 157 235 156 | 157 156 167 | 190 167 172 | 

