M = 306 298 279 
268 274 273 | 268 265 146 | 268 265 266 | 268 146 266 | 293 300 299 | 293 300 298 | 293 299 292 | 293 299 298 | 293 299 313 | 293 290 292 | 293 290 318 | 293 292 298 | 293 292 318 | 293 292 313 | 293 298 313 | 293 318 313 | 274 301 278 | 274 301 279 | 274 278 280 | 274 278 273 | 274 278 279 | 274 280 273 | 274 280 279 | 274 273 279 | 301 300 299 | 301 300 278 | 301 300 306 | 301 300 298 | 301 299 278 | 301 299 306 | 301 299 298 | 301 299 279 | 301 278 306 | 301 278 298 | 301 278 279 | 301 306 298 | 301 306 279 | 301 298 279 | 265 146 266 | 300 299 278 | 300 299 311 | 300 299 306 | 300 299 298 | 300 278 306 | 300 278 298 | 300 311 306 | 300 311 298 | 300 306 298 | 284 278 280 | 284 278 283 | 284 278 279 | 284 290 283 | 284 280 283 | 284 280 279 | 284 283 279 | 299 278 306 | 299 278 298 | 299 278 279 | 299 311 306 | 299 311 292 | 299 311 298 | 299 311 313 | 299 306 298 | 299 306 279 | 299 306 313 | 299 292 298 | 299 292 313 | 299 298 279 | 299 298 313 | 278 280 273 | 278 280 298 | 278 280 283 | 278 280 279 | 278 306 298 | 278 306 279 | 278 273 279 | 278 298 283 | 278 298 279 | 278 283 279 | 290 292 283 | 290 292 318 | 311 306 298 | 311 306 313 | 311 292 298 | 311 292 318 | 311 292 313 | 311 298 313 | 311 318 313 | 280 273 279 | 280 298 283 | 280 298 279 | 280 283 279 | 306 298 313 | 292 298 283 | 292 298 313 | 292 318 313 | 298 283 279 | 

M = 165 190 240 
164 165 163 | 164 165 249 | 164 165 167 | 164 165 162 | 164 165 156 | 164 163 167 | 245 243 244 | 245 243 240 | 245 243 194 | 245 244 240 | 245 244 194 | 245 244 196 | 245 240 239 | 245 240 194 | 245 240 196 | 245 239 194 | 245 239 196 | 245 194 196 | 165 163 249 | 165 163 167 | 165 163 162 | 165 163 156 | 165 249 240 | 165 249 239 | 165 249 156 | 165 190 167 | 165 190 194 | 165 240 239 | 165 240 194 | 165 167 162 | 165 167 156 | 165 239 194 | 165 162 156 | 243 244 240 | 243 244 194 | 243 240 194 | 244 240 194 | 244 240 196 | 244 194 196 | 249 240 239 | 249 240 196 | 249 239 196 | 218 190 220 | 218 190 219 | 218 190 171 | 218 220 219 | 218 220 140 | 218 220 171 | 218 220 139 | 218 219 140 | 218 219 171 | 218 219 139 | 218 140 139 | 190 240 194 | 190 220 219 | 190 220 194 | 190 220 171 | 190 167 171 | 190 219 194 | 190 219 171 | 240 239 194 | 240 239 196 | 240 194 196 | 220 219 140 | 220 219 194 | 220 219 171 | 220 219 139 | 220 140 139 | 219 140 139 | 239 194 196 | 140 143 139 | 140 139 136 | 

M = 327 402 333 
377 378 341 | 377 378 379 | 377 378 375 | 377 378 342 | 377 341 379 | 377 341 375 | 377 341 342 | 377 379 375 | 377 379 342 | 377 375 342 | 442 440 438 | 442 440 436 | 442 438 436 | 378 341 379 | 378 341 375 | 378 341 342 | 378 379 375 | 378 379 342 | 378 375 342 | 440 438 436 | 401 330 332 | 401 330 403 | 401 330 327 | 401 330 329 | 401 330 333 | 401 400 332 | 401 400 403 | 401 400 327 | 401 400 402 | 401 332 403 | 401 332 327 | 401 332 329 | 401 332 402 | 401 332 333 | 401 403 402 | 401 403 333 | 401 327 329 | 401 327 402 | 401 327 333 | 401 329 333 | 401 402 333 | 330 332 403 | 330 332 327 | 330 332 329 | 330 332 333 | 330 332 334 | 330 332 335 | 330 403 333 | 330 403 335 | 330 327 329 | 330 327 333 | 330 327 334 | 330 327 335 | 330 329 333 | 330 329 334 | 330 329 335 | 330 333 334 | 330 333 335 | 330 334 335 | 341 379 375 | 341 379 342 | 341 345 375 | 341 345 342 | 341 375 342 | 400 332 403 | 400 332 327 | 400 332 402 | 400 403 402 | 400 327 402 | 379 375 342 | 332 403 402 | 332 403 333 | 332 403 335 | 332 327 329 | 332 327 402 | 332 327 333 | 332 327 334 | 332 327 335 | 332 329 333 | 332 329 334 | 332 329 335 | 332 402 333 | 332 402 335 | 332 333 334 | 332 333 335 | 332 334 335 | 403 402 333 | 403 402 335 | 403 333 335 | 327 329 333 | 327 329 334 | 327 329 335 | 327 402 335 | 327 333 334 | 327 333 335 | 327 334 335 | 329 333 334 | 329 333 335 | 329 334 335 | 402 333 335 | 345 375 342 | 345 375 346 | 345 375 372 | 345 342 346 | 345 342 372 | 345 346 372 | 375 342 346 | 375 342 372 | 375 346 372 | 342 346 372 | 333 334 335 | 

M = 249 235 156 
164 163 249 | 164 163 162 | 164 163 156 | 164 249 156 | 164 167 162 | 164 167 156 | 164 162 156 | 163 158 249 | 163 158 251 | 163 158 162 | 163 158 156 | 163 249 251 | 163 249 156 | 163 251 162 | 163 251 156 | 163 167 162 | 163 167 156 | 163 162 156 | 158 249 237 | 158 249 251 | 158 249 235 | 158 249 156 | 158 237 251 | 158 237 235 | 158 237 156 | 158 251 235 | 158 251 162 | 158 251 156 | 158 235 156 | 158 162 156 | 249 237 251 | 249 237 240 | 249 237 235 | 249 237 239 | 249 237 156 | 249 237 196 | 249 251 235 | 249 251 239 | 249 251 156 | 237 251 235 | 237 251 239 | 237 251 201 | 237 251 156 | 237 240 239 | 237 240 196 | 237 235 206 | 237 235 201 | 237 235 156 | 237 239 196 | 237 206 201 | 251 235 201 | 251 235 156 | 251 162 156 | 205 203 235 | 205 203 206 | 205 203 201 | 205 235 206 | 205 235 201 | 205 206 201 | 167 162 156 | 203 235 206 | 203 235 233 | 203 235 232 | 203 235 201 | 203 206 201 | 203 233 232 | 203 233 201 | 259 233 232 | 235 206 201 | 235 233 232 | 235 233 201 | 235 233 156 | 

