M = 267 272 274 
265 267 268 | 267 272 268 | 267 268 274 | 272 268 274 | 272 303 274 | 300 297 293 | 297 293 290 | 293 290 318 | 

M = 339 408 337 
339 336 408 | 339 336 337 | 339 336 407 | 339 408 407 | 339 337 407 | 336 408 337 | 336 408 407 | 336 337 407 | 410 408 412 | 410 408 407 | 410 412 407 | 408 412 407 | 408 412 390 | 408 337 407 | 408 407 390 | 412 407 390 | 377 379 380 | 377 379 375 | 377 379 344 | 377 380 375 | 377 380 344 | 377 375 344 | 379 380 375 | 379 380 344 | 379 375 344 | 380 375 344 | 

M = 145 267 177 
120 208 122 | 120 208 123 | 120 208 124 | 120 122 123 | 120 122 124 | 120 123 124 | 146 145 142 | 146 145 265 | 146 145 267 | 146 145 268 | 146 145 177 | 146 265 267 | 146 265 268 | 146 265 177 | 146 267 268 | 146 267 177 | 180 181 182 | 180 181 177 | 180 182 177 | 145 265 267 | 145 265 268 | 145 265 177 | 145 267 268 | 142 141 139 | 181 182 177 | 208 122 123 | 208 122 124 | 122 123 124 | 265 267 177 | 

M = 193 197 241 
242 244 196 | 242 244 194 | 242 244 241 | 242 248 196 | 242 248 241 | 242 193 196 | 242 193 194 | 242 193 241 | 242 196 194 | 242 196 241 | 242 194 241 | 244 196 194 | 244 196 241 | 244 194 241 | 127 208 123 | 127 208 124 | 127 134 123 | 127 123 124 | 127 196 197 | 136 134 123 | 136 134 139 | 136 123 139 | 136 141 139 | 248 250 251 | 248 250 197 | 248 196 197 | 248 196 241 | 248 197 241 | 208 123 124 | 134 193 219 | 134 123 139 | 134 219 139 | 251 159 160 | 193 196 194 | 193 196 197 | 193 196 241 | 193 219 194 | 193 194 197 | 193 194 241 | 165 164 167 | 217 219 139 | 196 194 197 | 196 194 241 | 196 197 241 | 194 197 241 | 

