M = 340 336 403 
423 450 424 | 423 421 424 | 340 337 336 | 340 337 339 | 340 337 403 | 340 336 339 | 340 339 403 | 346 345 344 | 346 345 347 | 346 345 370 | 346 344 347 | 346 347 370 | 346 347 369 | 346 370 369 | 345 344 347 | 345 347 370 | 450 347 370 | 450 424 428 | 450 428 447 | 408 337 336 | 408 337 339 | 408 336 339 | 347 370 369 | 337 336 339 | 337 336 335 | 337 336 403 | 337 336 334 | 337 339 335 | 337 339 403 | 337 335 403 | 337 335 334 | 421 424 419 | 319 318 323 | 319 318 322 | 319 323 322 | 336 339 335 | 336 339 403 | 336 335 403 | 336 335 334 | 339 335 403 | 318 323 322 | 

M = 261 265 178 
261 262 265 | 261 262 178 | 261 262 263 | 261 262 259 | 261 265 263 | 261 178 263 | 261 263 259 | 261 259 258 | 180 262 178 | 262 265 178 | 262 265 263 | 262 265 267 | 262 178 263 | 262 178 267 | 262 263 259 | 262 263 267 | 265 178 146 | 265 178 263 | 265 178 267 | 265 146 267 | 265 263 267 | 178 146 267 | 178 263 267 | 233 259 258 | 

M = 250 158 235 
204 235 237 | 251 250 248 | 251 250 158 | 251 250 235 | 251 250 237 | 251 250 249 | 251 248 237 | 251 248 249 | 251 158 235 | 251 158 237 | 251 158 249 | 251 158 161 | 251 158 159 | 251 235 237 | 251 235 249 | 251 237 249 | 251 161 159 | 250 248 237 | 250 248 249 | 250 158 237 | 250 158 249 | 250 235 237 | 250 235 249 | 250 237 249 | 248 237 249 | 248 165 249 | 158 235 237 | 158 235 249 | 158 237 249 | 158 161 159 | 235 237 249 | 164 165 249 | 164 165 167 | 164 161 167 | 

M = 126 130 196 
243 242 244 | 243 242 194 | 243 244 194 | 126 127 130 | 126 127 196 | 126 127 124 | 126 127 123 | 126 127 208 | 126 124 123 | 126 124 208 | 126 123 208 | 193 242 194 | 193 242 196 | 193 194 219 | 193 194 130 | 193 194 196 | 193 219 130 | 193 130 196 | 242 248 196 | 242 244 194 | 242 244 196 | 242 194 196 | 248 237 196 | 248 196 249 | 244 194 196 | 237 196 249 | 194 219 130 | 194 130 196 | 219 140 217 | 127 130 196 | 127 124 123 | 127 124 208 | 127 123 208 | 124 122 123 | 124 122 208 | 124 123 208 | 122 123 208 | 

