M = 165 249 163 
165 164 249 | 165 164 168 | 165 164 163 | 165 164 167 | 165 164 162 | 165 168 163 | 165 168 167 | 165 168 162 | 165 163 167 | 165 163 162 | 165 167 162 | 164 249 163 | 164 168 163 | 164 168 167 | 164 168 162 | 164 163 167 | 164 163 162 | 164 167 162 | 249 250 251 | 249 250 163 | 249 250 197 | 249 251 163 | 168 163 167 | 168 163 162 | 168 167 162 | 250 251 163 | 251 163 162 | 163 167 162 | 

M = 292 299 311 
297 293 300 | 297 293 292 | 297 293 299 | 297 300 299 | 297 300 311 | 297 292 299 | 297 292 311 | 297 299 311 | 305 299 303 | 305 299 311 | 305 299 308 | 305 303 308 | 305 311 308 | 293 300 299 | 293 292 299 | 300 299 303 | 300 299 311 | 300 299 308 | 300 303 308 | 300 311 308 | 438 436 439 | 438 436 440 | 438 439 440 | 436 439 440 | 299 303 308 | 299 311 308 | 

M = 126 197 196 
242 245 194 | 242 245 196 | 242 194 196 | 245 194 196 | 249 197 196 | 206 201 205 | 127 126 197 | 127 126 196 | 127 197 196 | 197 194 196 | 

M = 127 123 135 
268 146 265 | 146 265 178 | 121 122 123 | 121 122 124 | 121 123 124 | 127 126 123 | 127 126 124 | 127 123 124 | 127 124 135 | 126 123 124 | 122 123 124 | 122 123 135 | 122 124 135 | 136 123 135 | 136 140 135 | 123 124 135 | 219 140 217 | 

