M = 125 196 132 
164 165 167 | 164 165 162 | 164 167 162 | 243 242 244 | 243 242 194 | 243 244 194 | 165 167 190 | 165 167 162 | 165 194 190 | 146 264 267 | 146 264 178 | 146 267 178 | 242 244 194 | 242 244 196 | 242 194 196 | 242 248 196 | 244 194 196 | 194 190 219 | 194 197 196 | 194 197 132 | 194 196 132 | 248 197 250 | 248 197 196 | 248 250 251 | 190 219 217 | 264 261 178 | 264 267 178 | 261 258 259 | 261 258 256 | 261 259 256 | 197 127 125 | 197 127 196 | 197 127 132 | 197 125 196 | 197 125 132 | 197 196 132 | 127 125 123 | 127 125 196 | 127 125 132 | 127 134 123 | 127 134 132 | 127 123 132 | 127 196 132 | 162 158 251 | 125 123 132 | 158 250 251 | 134 123 132 | 258 259 256 | 

M = 405 336 403 
400 401 403 | 400 401 399 | 405 337 336 | 405 337 335 | 405 337 403 | 405 336 335 | 405 335 403 | 337 336 335 | 337 336 403 | 337 335 403 | 336 335 403 | 

M = 376 405 342 
376 341 405 | 376 341 342 | 376 341 379 | 376 342 379 | 341 405 337 | 341 405 342 | 341 342 379 | 

M = 405 336 408 
405 337 408 | 337 336 408 | 

