M = 194 169 220 
243 242 244 | 243 242 194 | 243 244 194 | 242 244 194 | 242 244 196 | 242 194 191 | 242 194 193 | 242 194 196 | 242 191 193 | 242 191 196 | 242 193 196 | 244 194 196 | 217 190 191 | 217 190 220 | 217 191 220 | 217 220 139 | 165 164 169 | 165 194 169 | 165 194 190 | 165 194 191 | 165 169 190 | 165 169 191 | 165 190 191 | 127 134 135 | 127 124 135 | 127 135 125 | 194 169 190 | 194 169 191 | 194 190 191 | 194 190 220 | 194 190 193 | 194 191 220 | 194 191 193 | 194 191 196 | 194 220 193 | 194 193 196 | 169 190 191 | 169 190 220 | 169 191 220 | 190 191 220 | 190 191 193 | 190 220 193 | 191 220 193 | 191 193 196 | 220 139 141 | 136 134 139 | 136 134 135 | 136 139 141 | 136 139 135 | 136 141 135 | 134 139 135 | 124 135 125 | 142 139 141 | 142 144 141 | 139 141 135 | 

M = 251 235 157 
251 158 237 | 251 158 235 | 251 158 157 | 251 158 249 | 251 237 201 | 251 237 235 | 251 237 157 | 251 237 249 | 251 201 235 | 251 235 249 | 251 157 249 | 158 237 235 | 158 237 157 | 158 237 249 | 158 235 157 | 158 235 249 | 158 157 249 | 165 164 157 | 165 164 249 | 165 157 249 | 164 157 249 | 237 235 157 | 237 235 249 | 237 157 249 | 235 157 249 | 

M = 146 267 178 
146 268 267 | 146 268 147 | 146 268 266 | 146 267 147 | 146 267 266 | 146 178 147 | 146 178 266 | 146 142 144 | 146 147 144 | 146 147 266 | 268 267 147 | 268 267 266 | 268 147 266 | 267 178 147 | 267 178 266 | 267 147 266 | 178 147 180 | 178 147 266 | 178 181 180 | 178 181 182 | 178 180 182 | 181 180 182 | 303 301 304 | 

M = 206 237 235 
206 205 201 | 206 205 235 | 206 237 201 | 206 201 235 | 127 124 125 | 127 196 125 | 205 201 235 | 237 201 235 | 237 249 196 | 119 124 120 | 

