M = 164 167 161 
165 164 167 | 165 164 162 | 165 164 157 | 165 190 167 | 165 167 162 | 165 167 157 | 165 162 157 | 164 167 162 | 164 167 157 | 164 161 162 | 164 161 157 | 164 162 157 | 167 161 162 | 167 161 157 | 167 162 157 | 159 161 162 | 159 162 157 | 161 162 157 | 

M = 193 131 128 
165 194 190 | 242 243 194 | 242 194 193 | 194 219 190 | 194 219 193 | 194 190 193 | 194 193 131 | 194 193 128 | 194 131 128 | 219 217 190 | 219 217 216 | 219 190 193 | 219 190 216 | 219 193 216 | 123 136 131 | 123 126 124 | 123 126 127 | 123 126 131 | 123 122 124 | 123 124 127 | 123 127 131 | 126 124 127 | 126 124 128 | 126 127 131 | 126 127 128 | 126 131 128 | 217 190 216 | 124 127 128 | 190 193 216 | 127 131 128 | 

M = 237 250 157 
251 237 248 | 251 237 250 | 251 237 157 | 251 248 250 | 251 250 157 | 251 159 161 | 251 159 162 | 251 159 157 | 251 161 162 | 251 161 157 | 251 162 157 | 237 248 250 | 237 206 204 | 159 161 157 | 

M = 146 178 266 
120 119 123 | 120 119 122 | 120 119 124 | 120 123 122 | 120 123 124 | 120 122 124 | 119 123 122 | 119 123 124 | 119 122 124 | 180 182 177 | 180 182 181 | 180 182 178 | 180 177 181 | 180 177 178 | 180 181 178 | 182 177 181 | 182 177 261 | 182 177 178 | 182 181 261 | 182 181 178 | 182 261 178 | 177 265 146 | 177 265 261 | 177 265 178 | 177 146 178 | 177 181 261 | 177 181 178 | 177 261 178 | 265 146 178 | 265 146 266 | 265 146 269 | 265 261 178 | 265 178 266 | 265 266 269 | 146 266 269 | 274 278 303 | 181 261 178 | 278 297 299 | 278 303 299 | 

