M = 182 261 177 
266 146 178 | 266 146 268 | 266 146 147 | 266 262 178 | 266 262 147 | 266 178 147 | 266 268 147 | 266 268 272 | 146 178 147 | 146 178 177 | 146 268 147 | 146 147 177 | 180 262 182 | 180 262 178 | 180 262 147 | 180 262 177 | 180 262 183 | 180 182 178 | 180 182 177 | 180 182 183 | 180 178 147 | 180 178 177 | 180 178 183 | 180 147 177 | 180 147 183 | 180 177 183 | 262 182 178 | 262 182 230 | 262 182 261 | 262 182 229 | 262 182 177 | 262 182 183 | 262 178 147 | 262 178 261 | 262 178 229 | 262 178 177 | 262 178 183 | 262 147 177 | 262 147 183 | 262 230 261 | 262 230 229 | 262 230 183 | 262 230 259 | 262 261 229 | 262 261 177 | 262 261 183 | 262 261 259 | 262 229 183 | 262 229 259 | 262 177 183 | 262 183 259 | 121 119 120 | 121 119 123 | 121 119 122 | 121 120 123 | 121 120 122 | 182 178 261 | 182 178 229 | 182 178 177 | 182 178 183 | 182 230 261 | 182 230 229 | 182 230 183 | 182 261 229 | 182 261 183 | 182 229 183 | 182 177 183 | 178 147 177 | 178 147 183 | 178 261 229 | 178 261 177 | 178 261 183 | 178 229 183 | 178 177 183 | 147 177 183 | 119 120 123 | 119 120 122 | 119 123 122 | 120 123 122 | 159 251 158 | 230 261 229 | 230 261 183 | 230 261 258 | 230 261 259 | 230 229 183 | 230 229 259 | 230 183 259 | 230 258 259 | 261 229 183 | 261 229 259 | 261 177 183 | 261 183 259 | 261 258 259 | 229 183 259 | 

M = 300 296 307 
322 319 318 | 441 439 434 | 297 300 301 | 297 300 296 | 297 300 299 | 297 300 293 | 297 300 307 | 297 301 296 | 297 301 299 | 297 301 307 | 297 296 299 | 297 296 293 | 297 296 281 | 297 296 307 | 297 299 293 | 297 299 307 | 297 293 281 | 300 301 296 | 300 301 299 | 300 301 303 | 300 301 307 | 300 296 299 | 300 296 293 | 300 299 303 | 300 299 293 | 300 299 307 | 300 303 307 | 301 305 299 | 301 305 303 | 301 305 307 | 301 296 299 | 301 296 307 | 301 299 303 | 301 299 307 | 301 303 307 | 305 299 303 | 305 299 307 | 305 303 307 | 296 299 293 | 296 299 307 | 296 318 293 | 296 293 281 | 299 303 307 | 

M = 403 340 337 
441 439 436 | 441 434 393 | 441 434 436 | 441 393 436 | 359 360 357 | 359 360 358 | 359 360 356 | 359 360 454 | 359 357 358 | 359 357 356 | 359 357 454 | 359 358 356 | 359 358 455 | 359 358 454 | 359 455 454 | 329 334 336 | 329 334 393 | 360 357 358 | 360 357 356 | 360 357 454 | 360 358 356 | 360 358 454 | 439 434 436 | 357 358 356 | 357 358 454 | 334 336 337 | 336 339 338 | 336 339 403 | 336 339 340 | 336 339 337 | 336 338 403 | 336 338 340 | 336 338 337 | 336 403 340 | 336 403 337 | 336 340 337 | 341 377 379 | 341 377 340 | 341 339 338 | 341 339 340 | 341 339 337 | 341 338 340 | 341 338 337 | 341 340 337 | 358 455 454 | 434 393 436 | 339 338 403 | 339 338 340 | 339 338 337 | 339 403 340 | 339 403 337 | 339 340 337 | 338 403 340 | 338 403 337 | 338 340 337 | 

M = 219 193 134 
219 194 193 | 219 194 190 | 219 194 220 | 219 194 130 | 219 217 218 | 219 217 190 | 219 217 220 | 219 217 139 | 219 193 218 | 219 193 190 | 219 193 220 | 219 193 130 | 219 218 190 | 219 218 220 | 219 218 139 | 219 190 220 | 219 190 130 | 219 134 130 | 219 134 139 | 219 220 130 | 219 220 139 | 245 194 242 | 245 194 246 | 245 248 242 | 245 248 246 | 245 242 246 | 164 165 167 | 121 137 123 | 121 137 122 | 121 123 122 | 194 165 190 | 194 193 190 | 194 193 220 | 194 193 130 | 194 193 242 | 194 190 220 | 194 190 130 | 194 220 130 | 194 130 246 | 194 242 246 | 165 190 167 | 136 137 123 | 136 137 134 | 136 137 139 | 136 123 134 | 136 123 139 | 136 134 139 | 217 218 190 | 217 218 220 | 217 218 139 | 217 190 220 | 217 220 139 | 193 218 190 | 193 218 220 | 193 190 220 | 193 190 130 | 193 134 130 | 193 220 130 | 218 190 220 | 218 220 139 | 248 242 246 | 137 142 139 | 137 123 134 | 137 123 122 | 137 123 139 | 137 134 139 | 123 134 139 | 190 220 130 | 

