M = 403 333 336 
329 330 334 | 329 330 335 | 329 330 333 | 329 330 401 | 329 330 336 | 329 330 324 | 329 334 335 | 329 334 333 | 329 334 336 | 329 335 333 | 329 335 336 | 329 333 401 | 329 333 336 | 329 401 324 | 376 377 379 | 376 377 375 | 376 377 341 | 376 377 343 | 376 379 375 | 376 379 341 | 376 379 343 | 376 375 341 | 376 375 343 | 376 341 343 | 297 293 290 | 297 293 296 | 297 293 281 | 297 290 296 | 297 290 281 | 293 290 296 | 293 290 318 | 293 290 281 | 293 290 288 | 293 296 318 | 293 296 281 | 293 318 288 | 377 379 375 | 377 379 341 | 377 379 343 | 377 375 341 | 377 375 343 | 377 341 343 | 330 334 335 | 330 334 333 | 330 334 337 | 330 334 336 | 330 403 335 | 330 403 333 | 330 403 337 | 330 403 401 | 330 403 336 | 330 335 333 | 330 335 337 | 330 335 336 | 330 333 337 | 330 333 401 | 330 333 336 | 330 337 336 | 330 401 324 | 334 335 333 | 334 335 337 | 334 335 336 | 334 333 337 | 334 333 336 | 334 337 336 | 290 444 288 | 290 296 318 | 290 296 281 | 290 318 288 | 379 375 341 | 379 375 343 | 379 341 343 | 356 444 361 | 356 361 358 | 319 318 324 | 319 318 288 | 319 324 288 | 403 335 333 | 403 335 337 | 403 335 336 | 403 400 401 | 403 333 337 | 403 333 401 | 403 337 336 | 444 361 362 | 375 341 343 | 335 333 337 | 335 333 336 | 335 337 336 | 318 324 288 | 400 401 324 | 333 337 336 | 337 336 409 | 

M = 165 249 157 
164 165 249 | 164 165 163 | 164 165 157 | 164 165 167 | 164 249 163 | 164 249 157 | 164 163 157 | 164 163 167 | 164 157 167 | 242 244 240 | 242 244 194 | 242 240 193 | 242 240 194 | 242 193 194 | 165 240 190 | 165 240 194 | 165 240 249 | 165 190 194 | 165 190 167 | 165 249 163 | 165 163 157 | 165 163 167 | 165 157 167 | 244 240 194 | 240 190 194 | 240 194 197 | 240 250 249 | 240 250 197 | 240 250 237 | 240 249 197 | 240 249 237 | 240 197 237 | 250 249 163 | 250 249 157 | 250 249 251 | 250 249 158 | 250 249 199 | 250 249 197 | 250 249 237 | 250 163 157 | 250 163 251 | 250 163 158 | 250 157 251 | 250 157 158 | 250 157 237 | 250 251 158 | 250 251 199 | 250 251 237 | 250 158 237 | 250 199 197 | 250 199 237 | 250 197 237 | 249 163 157 | 249 163 251 | 249 163 158 | 249 157 251 | 249 157 158 | 249 157 237 | 249 251 158 | 249 251 199 | 249 251 237 | 249 158 237 | 249 199 197 | 249 199 237 | 249 197 237 | 163 157 251 | 163 157 167 | 163 157 158 | 163 251 158 | 157 251 158 | 157 251 237 | 157 158 237 | 251 158 237 | 251 199 237 | 199 197 237 | 

M = 124 132 138 
122 135 123 | 122 135 141 | 122 135 124 | 122 135 132 | 122 135 211 | 122 135 138 | 122 123 124 | 122 123 132 | 122 123 211 | 122 123 138 | 122 123 208 | 122 141 211 | 122 141 138 | 122 124 132 | 122 124 211 | 122 124 138 | 122 124 208 | 122 132 211 | 122 132 138 | 122 211 138 | 122 211 208 | 240 193 190 | 240 193 194 | 240 193 130 | 240 193 197 | 240 190 130 | 240 194 130 | 240 130 197 | 193 190 194 | 193 190 130 | 193 190 218 | 193 194 130 | 193 194 132 | 193 194 197 | 193 130 134 | 193 130 132 | 193 130 197 | 193 134 132 | 193 132 197 | 142 140 141 | 142 140 211 | 142 140 138 | 142 141 211 | 142 141 138 | 142 211 138 | 217 190 218 | 217 218 140 | 190 194 130 | 194 130 132 | 194 130 197 | 194 132 197 | 130 127 126 | 130 127 135 | 130 127 134 | 130 127 132 | 130 127 211 | 130 127 197 | 130 126 132 | 130 126 211 | 130 126 197 | 130 135 134 | 130 135 132 | 130 135 211 | 130 134 132 | 130 134 211 | 130 132 211 | 130 132 197 | 127 126 123 | 127 126 124 | 127 126 132 | 127 126 211 | 127 126 199 | 127 126 208 | 127 126 197 | 127 135 123 | 127 135 134 | 127 135 124 | 127 135 132 | 127 135 211 | 127 123 134 | 127 123 124 | 127 123 132 | 127 123 211 | 127 123 208 | 127 134 132 | 127 134 211 | 127 124 132 | 127 124 211 | 127 124 199 | 127 124 208 | 127 132 211 | 127 132 197 | 127 211 199 | 127 211 208 | 127 199 208 | 127 199 197 | 136 135 123 | 136 135 134 | 136 135 140 | 136 135 141 | 136 135 132 | 136 135 211 | 136 135 138 | 136 123 134 | 136 123 132 | 136 123 211 | 136 123 138 | 136 134 140 | 136 134 132 | 136 134 211 | 136 134 138 | 136 140 141 | 136 140 211 | 136 140 138 | 136 141 211 | 136 141 138 | 136 132 211 | 136 132 138 | 136 211 138 | 126 123 124 | 126 123 132 | 126 123 211 | 126 123 208 | 126 124 132 | 126 124 211 | 126 124 199 | 126 124 208 | 126 132 211 | 126 132 197 | 126 211 199 | 126 211 208 | 126 199 208 | 126 199 197 | 135 123 134 | 135 123 124 | 135 123 132 | 135 123 211 | 135 123 138 | 135 134 140 | 135 134 132 | 135 134 211 | 135 134 138 | 135 140 141 | 135 140 211 | 135 140 138 | 135 141 211 | 135 141 138 | 135 124 132 | 135 124 211 | 135 124 138 | 135 132 211 | 135 132 138 | 135 211 138 | 123 134 132 | 123 134 211 | 123 134 138 | 123 124 132 | 123 124 211 | 123 124 138 | 123 124 208 | 123 132 211 | 123 132 138 | 123 211 138 | 123 211 208 | 134 140 211 | 134 140 138 | 134 132 211 | 134 132 138 | 134 211 138 | 140 141 211 | 140 141 138 | 140 211 138 | 141 211 138 | 226 124 208 | 124 132 211 | 124 211 199 | 124 211 138 | 124 211 208 | 124 199 208 | 205 199 208 | 132 211 138 | 211 199 208 | 

M = 147 262 267 
146 147 178 | 146 147 268 | 146 147 269 | 146 147 267 | 146 178 267 | 146 268 269 | 146 268 267 | 146 269 267 | 147 178 262 | 147 178 263 | 147 178 267 | 147 268 269 | 147 268 267 | 147 262 263 | 147 263 267 | 147 269 267 | 178 262 229 | 178 262 263 | 178 262 267 | 178 262 261 | 178 229 226 | 178 229 261 | 178 263 267 | 178 263 261 | 268 269 267 | 268 269 274 | 268 267 274 | 262 229 261 | 262 229 259 | 262 263 267 | 262 263 261 | 262 263 259 | 262 261 259 | 297 293 300 | 297 300 296 | 297 296 281 | 293 300 296 | 229 261 259 | 263 261 259 | 269 267 274 | 

