M = 193 219 190 
242 194 193 | 165 194 190 | 165 164 167 | 165 164 249 | 165 167 190 | 194 193 219 | 194 193 190 | 194 193 130 | 194 219 190 | 194 219 130 | 194 190 130 | 193 219 130 | 193 219 214 | 193 190 130 | 193 190 214 | 193 130 214 | 219 217 190 | 219 217 214 | 219 190 130 | 219 190 214 | 219 130 214 | 217 190 214 | 190 130 214 | 

M = 178 265 261 
178 146 266 | 178 146 265 | 178 146 267 | 178 180 181 | 178 180 262 | 178 180 182 | 178 266 265 | 178 266 262 | 178 266 267 | 178 265 262 | 178 265 267 | 178 181 262 | 178 181 261 | 178 181 229 | 178 181 182 | 178 262 261 | 178 262 229 | 178 262 182 | 178 262 267 | 178 261 229 | 178 261 182 | 178 229 182 | 146 266 265 | 146 266 267 | 146 265 267 | 180 181 262 | 180 181 182 | 180 262 182 | 266 265 262 | 266 265 267 | 266 262 267 | 266 272 267 | 265 262 261 | 265 262 267 | 181 262 261 | 181 262 229 | 181 262 182 | 181 261 229 | 181 261 182 | 181 229 182 | 120 119 122 | 262 261 259 | 262 261 229 | 262 261 182 | 262 259 229 | 262 229 182 | 261 259 229 | 261 229 182 | 259 229 233 | 201 233 203 | 

M = 336 330 403 
339 336 403 | 339 336 335 | 339 336 408 | 339 403 335 | 331 336 330 | 331 336 403 | 331 336 335 | 331 330 403 | 331 330 335 | 331 330 401 | 331 403 335 | 331 403 401 | 331 403 400 | 331 401 400 | 336 330 335 | 336 403 335 | 330 403 335 | 330 403 401 | 403 401 400 | 440 438 435 | 

M = 349 369 346 
356 359 360 | 356 359 358 | 356 360 358 | 345 344 346 | 345 344 376 | 345 344 375 | 345 348 370 | 345 348 346 | 345 370 346 | 345 346 375 | 345 376 375 | 359 360 358 | 359 360 362 | 359 360 364 | 359 360 451 | 359 358 451 | 359 362 364 | 344 346 375 | 344 376 375 | 360 365 362 | 360 365 364 | 360 358 451 | 360 362 364 | 349 348 369 | 349 348 370 | 349 348 346 | 349 348 451 | 349 369 370 | 349 370 346 | 349 370 451 | 348 369 370 | 348 369 346 | 348 370 346 | 348 370 451 | 365 362 364 | 365 369 364 | 365 369 370 | 365 364 370 | 369 364 370 | 369 370 346 | 

