M = 147 178 175 
265 178 261 | 265 262 261 | 265 177 261 | 265 148 261 | 190 167 172 | 147 146 178 | 147 146 177 | 147 146 148 | 147 146 175 | 147 178 262 | 147 178 177 | 147 178 148 | 147 267 262 | 147 267 175 | 147 262 177 | 147 262 148 | 147 262 175 | 147 177 148 | 147 177 175 | 147 148 175 | 146 178 177 | 146 178 148 | 146 178 175 | 146 267 175 | 146 177 148 | 146 177 175 | 146 148 175 | 181 178 262 | 181 178 177 | 181 178 182 | 181 178 261 | 181 178 226 | 181 262 177 | 181 262 182 | 181 262 261 | 181 177 182 | 181 177 261 | 181 177 226 | 181 182 261 | 181 182 226 | 178 267 262 | 178 267 175 | 178 262 177 | 178 262 182 | 178 262 148 | 178 262 261 | 178 262 175 | 178 177 182 | 178 177 148 | 178 177 261 | 178 177 226 | 178 177 175 | 178 182 261 | 178 182 226 | 178 148 261 | 178 148 175 | 178 261 175 | 178 226 175 | 267 262 177 | 267 262 148 | 267 262 175 | 267 177 175 | 267 148 175 | 119 124 123 | 119 124 210 | 119 123 210 | 167 172 152 | 172 277 274 | 172 277 152 | 172 274 152 | 172 152 257 | 172 152 175 | 172 257 175 | 262 177 182 | 262 177 148 | 262 177 261 | 262 177 175 | 262 259 261 | 262 182 261 | 262 148 261 | 262 148 175 | 262 261 175 | 277 280 274 | 277 274 152 | 177 182 261 | 177 182 226 | 177 148 261 | 177 148 175 | 177 261 175 | 177 226 175 | 259 261 258 | 259 258 152 | 259 258 257 | 259 152 257 | 148 261 175 | 258 152 257 | 226 208 210 | 152 257 175 | 

M = 147 178 266 
265 147 146 | 265 147 178 | 265 147 267 | 265 147 266 | 265 147 262 | 265 147 177 | 265 147 148 | 265 146 178 | 265 146 267 | 265 146 266 | 265 146 177 | 265 146 148 | 265 178 267 | 265 178 266 | 265 178 262 | 265 178 177 | 265 178 148 | 265 267 266 | 265 267 262 | 265 267 177 | 265 267 148 | 265 266 262 | 265 266 148 | 265 262 177 | 265 262 148 | 265 177 148 | 147 146 267 | 147 146 266 | 147 178 267 | 147 267 266 | 147 267 177 | 147 267 148 | 147 266 262 | 147 266 148 | 146 178 267 | 146 178 266 | 146 267 266 | 146 267 177 | 146 267 148 | 146 266 148 | 178 267 266 | 178 267 177 | 178 267 148 | 178 266 262 | 178 266 148 | 267 266 262 | 267 266 148 | 267 177 148 | 266 262 148 | 

M = 290 442 444 
281 277 280 | 281 277 284 | 281 277 283 | 281 280 284 | 281 280 283 | 281 280 286 | 281 293 290 | 281 293 286 | 281 290 284 | 281 290 283 | 281 290 286 | 281 284 283 | 281 284 286 | 281 283 286 | 356 284 286 | 356 286 444 | 277 280 284 | 277 280 283 | 277 274 301 | 277 284 283 | 280 284 283 | 280 284 286 | 280 283 286 | 293 290 286 | 440 438 439 | 440 438 434 | 440 438 441 | 440 438 436 | 440 438 442 | 440 439 434 | 440 439 441 | 440 439 436 | 440 439 442 | 440 434 441 | 440 434 436 | 440 434 442 | 440 434 443 | 440 441 436 | 440 441 442 | 440 441 443 | 440 436 442 | 440 442 443 | 438 439 434 | 438 439 441 | 438 439 436 | 438 439 442 | 438 434 441 | 438 434 436 | 438 434 442 | 438 441 436 | 438 441 442 | 438 436 442 | 303 274 301 | 303 305 301 | 439 434 441 | 439 434 436 | 439 434 442 | 439 441 436 | 439 441 442 | 439 436 442 | 290 284 283 | 290 284 286 | 290 442 443 | 290 443 286 | 290 443 444 | 290 283 286 | 290 286 444 | 326 325 329 | 326 329 334 | 284 283 286 | 434 441 436 | 434 441 442 | 434 441 443 | 434 441 444 | 434 436 442 | 434 442 443 | 434 442 444 | 434 443 444 | 325 441 443 | 441 436 442 | 441 442 443 | 441 442 444 | 441 443 444 | 442 443 444 | 443 286 444 | 

M = 193 239 197 
164 165 162 | 164 165 167 | 164 165 249 | 164 162 167 | 164 162 161 | 164 167 161 | 165 190 194 | 165 190 167 | 165 194 239 | 165 162 167 | 165 248 249 | 165 248 239 | 165 249 239 | 245 194 244 | 245 194 239 | 245 248 239 | 190 194 219 | 190 194 193 | 190 194 130 | 190 219 218 | 190 219 193 | 190 219 217 | 190 219 130 | 190 218 193 | 190 218 217 | 190 193 130 | 194 219 193 | 194 219 130 | 194 193 239 | 194 193 197 | 194 193 130 | 194 239 197 | 194 239 130 | 194 197 130 | 219 218 193 | 219 218 217 | 219 193 130 | 193 239 130 | 193 197 130 | 162 167 161 | 162 161 251 | 162 161 158 | 162 251 158 | 248 250 251 | 248 250 249 | 248 250 239 | 248 250 197 | 248 251 249 | 248 251 239 | 248 249 239 | 248 249 197 | 248 239 197 | 161 251 158 | 250 251 249 | 250 251 235 | 250 251 239 | 250 251 158 | 250 249 235 | 250 249 239 | 250 249 197 | 250 249 158 | 250 235 158 | 250 239 197 | 251 249 235 | 251 249 239 | 251 249 158 | 251 235 158 | 126 197 127 | 126 197 130 | 126 127 124 | 126 127 123 | 126 127 208 | 126 127 130 | 126 127 210 | 126 124 123 | 126 124 208 | 126 124 210 | 126 123 208 | 126 123 210 | 126 208 206 | 126 208 210 | 249 235 158 | 249 239 197 | 235 204 206 | 239 197 130 | 197 127 130 | 226 124 208 | 226 124 210 | 226 208 206 | 127 124 123 | 127 124 208 | 127 124 210 | 127 123 208 | 127 123 210 | 127 208 210 | 124 123 208 | 124 123 210 | 124 208 210 | 123 208 210 | 

