M = 265 268 147 
265 266 268 | 265 266 267 | 265 266 147 | 265 266 264 | 265 266 269 | 265 268 267 | 265 268 146 | 265 268 264 | 265 268 269 | 265 267 146 | 265 267 147 | 265 267 264 | 265 267 269 | 265 146 147 | 265 146 269 | 265 147 264 | 265 147 269 | 265 264 269 | 266 268 267 | 266 268 146 | 266 268 147 | 266 268 264 | 266 268 269 | 266 267 146 | 266 267 147 | 266 267 264 | 266 267 269 | 266 146 147 | 266 146 269 | 266 147 264 | 266 147 269 | 266 264 269 | 268 267 146 | 268 267 147 | 268 267 264 | 268 267 269 | 268 267 273 | 268 146 147 | 268 146 264 | 268 146 269 | 268 147 264 | 268 147 269 | 268 264 269 | 268 269 273 | 267 146 147 | 267 146 264 | 267 146 269 | 267 147 264 | 267 147 269 | 267 264 269 | 267 269 273 | 146 147 264 | 146 147 269 | 146 264 269 | 147 264 269 | 283 279 282 | 

M = 193 190 215 
165 194 190 | 165 164 167 | 165 164 163 | 165 164 162 | 165 164 249 | 165 167 163 | 165 167 190 | 165 167 162 | 165 163 162 | 165 163 249 | 194 242 193 | 194 193 190 | 194 193 219 | 194 193 220 | 194 190 219 | 194 190 220 | 194 219 220 | 164 167 163 | 164 167 162 | 164 163 162 | 164 163 249 | 193 190 219 | 193 190 220 | 193 219 220 | 193 219 215 | 193 219 134 | 193 220 215 | 193 215 134 | 167 163 162 | 190 219 220 | 190 219 215 | 190 219 217 | 190 220 215 | 190 220 217 | 190 215 217 | 219 220 215 | 219 220 217 | 219 220 140 | 219 215 217 | 219 215 140 | 219 215 134 | 219 217 140 | 219 140 134 | 137 136 140 | 137 136 134 | 137 136 123 | 137 142 140 | 137 140 134 | 137 134 123 | 220 215 217 | 220 215 140 | 220 217 140 | 215 217 140 | 215 136 140 | 215 136 134 | 215 142 140 | 215 140 134 | 136 140 134 | 136 134 123 | 

M = 265 178 146 
265 266 178 | 265 266 146 | 265 178 267 | 265 178 261 | 265 178 147 | 265 178 264 | 265 146 264 | 265 261 264 | 180 178 147 | 180 178 182 | 180 178 183 | 180 147 183 | 180 182 183 | 266 178 267 | 266 178 146 | 266 178 147 | 266 178 264 | 266 146 264 | 178 267 146 | 178 267 147 | 178 267 264 | 178 146 147 | 178 146 264 | 178 261 264 | 178 261 182 | 178 261 183 | 178 147 264 | 178 147 183 | 178 182 183 | 261 182 183 | 261 183 259 | 

M = 403 419 396 
428 400 399 | 428 400 401 | 428 400 396 | 428 399 401 | 428 399 396 | 428 401 396 | 400 399 401 | 400 399 396 | 400 401 403 | 400 401 419 | 400 401 396 | 400 403 419 | 400 403 396 | 400 419 396 | 399 401 396 | 421 379 419 | 421 379 380 | 421 419 380 | 421 426 423 | 335 403 336 | 335 403 339 | 335 336 339 | 379 419 380 | 379 377 341 | 379 377 380 | 313 320 318 | 313 293 296 | 313 293 318 | 313 293 282 | 313 296 318 | 313 296 282 | 401 403 419 | 401 403 396 | 401 419 396 | 403 336 339 | 279 296 282 | 293 296 318 | 293 296 282 | 409 390 411 | 438 441 442 | 438 441 439 | 438 442 439 | 441 442 439 | 

