M = 123 210 126 
123 210 122 | 123 210 127 | 123 210 124 | 123 210 125 | 123 122 124 | 123 122 125 | 123 127 126 | 123 127 124 | 123 127 125 | 123 126 124 | 123 126 125 | 123 124 125 | 208 210 226 | 208 226 124 | 208 226 206 | 208 126 206 | 208 125 206 | 208 206 205 | 210 122 124 | 210 122 125 | 210 226 124 | 210 127 126 | 210 127 124 | 210 127 125 | 210 126 124 | 210 126 125 | 210 124 125 | 122 124 125 | 127 126 125 | 127 124 125 | 126 124 125 | 126 125 206 | 

M = 178 262 267 
180 178 262 | 180 178 177 | 180 262 177 | 178 265 146 | 178 265 262 | 178 265 267 | 178 265 261 | 178 265 177 | 178 146 267 | 178 146 177 | 178 262 261 | 178 262 177 | 178 226 177 | 178 267 177 | 178 261 177 | 265 146 268 | 265 146 267 | 265 146 177 | 265 146 269 | 265 262 267 | 265 262 261 | 265 262 177 | 265 268 267 | 265 268 269 | 265 267 177 | 265 267 269 | 265 261 177 | 146 268 267 | 146 268 269 | 146 267 177 | 146 267 269 | 262 267 177 | 262 261 177 | 268 267 269 | 

M = 135 127 124 
136 123 135 | 136 135 140 | 123 208 210 | 123 208 122 | 123 208 127 | 123 208 126 | 123 208 124 | 123 208 125 | 123 122 135 | 123 135 127 | 123 135 124 | 123 135 125 | 208 210 122 | 208 210 127 | 208 210 126 | 208 210 124 | 208 210 125 | 208 122 124 | 208 122 125 | 208 127 126 | 208 127 124 | 208 127 125 | 208 126 124 | 208 126 125 | 208 124 125 | 122 135 124 | 122 135 125 | 135 127 130 | 135 127 125 | 135 124 125 | 135 130 125 | 127 126 124 | 127 126 130 | 127 130 125 | 126 130 125 | 

M = 194 165 190 
243 194 244 | 243 194 242 | 243 244 242 | 194 244 242 | 194 242 193 | 194 219 190 | 194 219 193 | 194 219 130 | 194 190 193 | 194 190 130 | 194 193 130 | 219 218 190 | 219 218 193 | 219 218 140 | 219 190 193 | 219 190 130 | 219 193 130 | 164 165 167 | 164 165 249 | 218 190 193 | 165 190 167 | 165 248 249 | 190 167 172 | 190 193 130 | 

