M = 401 419 403 
335 336 338 | 335 331 338 | 335 403 338 | 336 331 338 | 336 340 403 | 336 340 338 | 336 403 338 | 331 403 338 | 401 419 400 | 401 419 396 | 401 400 396 | 401 400 403 | 401 396 403 | 366 368 369 | 419 400 396 | 419 400 403 | 419 396 403 | 400 396 403 | 340 403 338 | 340 341 338 | 

M = 251 201 252 
243 245 242 | 243 245 194 | 243 245 244 | 243 242 194 | 243 242 244 | 243 194 244 | 164 165 167 | 164 165 163 | 164 165 249 | 164 165 252 | 164 167 163 | 164 167 252 | 164 163 249 | 164 163 252 | 164 249 252 | 245 242 194 | 245 242 244 | 245 194 244 | 165 190 194 | 165 190 167 | 165 167 163 | 165 167 252 | 165 163 249 | 165 163 252 | 165 249 252 | 242 194 244 | 190 194 133 | 190 167 172 | 194 197 132 | 194 132 133 | 167 163 252 | 136 123 132 | 136 123 133 | 136 141 140 | 136 141 133 | 136 140 133 | 136 132 133 | 158 163 250 | 158 163 251 | 158 163 249 | 158 163 252 | 158 250 251 | 158 250 249 | 158 250 235 | 158 250 252 | 158 251 249 | 158 251 235 | 158 251 252 | 158 249 235 | 158 249 252 | 158 235 252 | 163 250 251 | 163 250 249 | 163 250 252 | 163 251 249 | 163 251 252 | 163 249 252 | 119 123 124 | 119 123 122 | 119 124 122 | 250 251 249 | 250 251 235 | 250 251 252 | 250 249 197 | 250 249 235 | 250 249 252 | 250 235 252 | 251 249 235 | 251 249 252 | 251 235 201 | 251 235 252 | 180 178 182 | 180 178 183 | 180 182 183 | 249 235 252 | 197 127 132 | 178 146 145 | 178 229 182 | 178 229 261 | 178 229 183 | 178 182 261 | 178 182 183 | 178 261 183 | 127 123 124 | 127 123 132 | 127 123 133 | 127 124 132 | 127 124 133 | 127 132 133 | 204 206 205 | 204 206 203 | 204 206 235 | 204 206 201 | 204 205 203 | 204 205 235 | 204 205 201 | 204 203 235 | 204 203 201 | 204 235 201 | 206 205 203 | 206 205 235 | 206 205 201 | 206 205 228 | 206 203 235 | 206 203 201 | 206 203 228 | 206 235 201 | 206 201 228 | 123 124 132 | 123 124 122 | 123 124 133 | 123 132 122 | 123 132 133 | 124 132 122 | 124 132 133 | 141 140 142 | 141 140 144 | 141 140 143 | 141 140 133 | 141 142 144 | 141 142 143 | 141 122 143 | 141 144 143 | 205 203 235 | 205 203 201 | 205 203 228 | 205 235 201 | 205 201 228 | 203 235 201 | 203 201 228 | 140 142 144 | 140 142 143 | 140 144 143 | 235 201 252 | 146 142 145 | 146 142 144 | 146 142 143 | 146 145 144 | 146 145 143 | 146 144 143 | 229 182 261 | 229 182 228 | 229 182 183 | 229 261 228 | 229 261 183 | 229 228 183 | 182 261 228 | 182 261 183 | 182 228 183 | 261 228 183 | 142 145 144 | 142 145 143 | 142 144 143 | 145 144 143 | 

M = 297 292 282 
440 438 391 | 293 300 297 | 293 300 296 | 293 300 299 | 293 297 296 | 293 297 281 | 293 297 299 | 293 297 292 | 293 297 282 | 293 297 314 | 293 296 281 | 293 296 299 | 293 296 292 | 293 296 282 | 293 296 314 | 293 281 292 | 293 281 282 | 293 299 292 | 293 299 282 | 293 299 314 | 293 292 282 | 293 292 314 | 293 282 314 | 301 300 297 | 301 300 296 | 301 300 299 | 301 297 296 | 301 297 299 | 301 296 299 | 300 297 296 | 300 297 299 | 300 296 299 | 297 296 281 | 297 296 299 | 297 296 292 | 297 296 282 | 297 296 314 | 297 281 292 | 297 281 282 | 297 299 292 | 297 299 282 | 297 299 314 | 297 292 314 | 297 282 314 | 296 281 292 | 296 281 282 | 296 299 292 | 296 299 282 | 296 299 314 | 296 292 282 | 296 292 314 | 296 282 314 | 268 146 145 | 281 292 282 | 281 292 283 | 281 282 283 | 299 292 282 | 299 292 314 | 299 282 314 | 292 282 314 | 292 282 283 | 292 320 314 | 

M = 331 401 327 
335 336 331 | 335 336 403 | 335 331 327 | 335 331 403 | 336 331 403 | 331 326 327 | 331 401 400 | 331 401 396 | 331 401 403 | 331 400 396 | 331 400 327 | 331 400 403 | 331 396 327 | 331 396 403 | 326 327 320 | 401 400 327 | 401 396 327 | 400 396 327 | 

