M = 146 178 267 
275 303 306 | 303 300 306 | 180 178 181 | 

M = 140 141 136 


M = 242 191 196 
242 244 196 | 242 193 191 | 242 193 196 | 165 191 190 | 193 130 191 | 193 130 190 | 193 130 219 | 193 130 196 | 193 191 190 | 193 191 219 | 193 191 196 | 193 190 219 | 130 191 190 | 130 191 219 | 130 191 196 | 130 190 219 | 130 127 126 | 130 127 196 | 130 126 196 | 191 190 219 | 191 190 171 | 191 219 171 | 190 219 171 | 127 126 196 | 

M = 165 249 163 
164 165 167 | 164 165 249 | 164 165 163 | 164 167 161 | 164 167 163 | 164 161 163 | 164 249 163 | 165 190 167 | 165 167 163 | 158 251 161 | 158 251 249 | 158 251 163 | 158 161 163 | 158 249 163 | 190 167 171 | 167 161 163 | 251 161 163 | 251 249 163 | 

