M = 127 134 123 
127 197 130 | 127 197 196 | 127 124 123 | 127 124 208 | 127 130 134 | 127 130 196 | 127 123 208 | 124 119 123 | 124 119 120 | 124 123 208 | 124 123 120 | 124 208 120 | 119 123 120 | 134 123 136 | 123 208 120 | 190 218 217 | 

M = 201 235 233 
206 204 205 | 206 204 201 | 206 204 237 | 206 204 235 | 206 204 203 | 206 205 201 | 206 205 235 | 206 205 203 | 206 205 208 | 206 201 237 | 206 201 235 | 206 201 203 | 206 201 208 | 206 237 235 | 206 235 203 | 204 205 201 | 204 205 235 | 204 205 203 | 204 201 237 | 204 201 235 | 204 201 203 | 204 237 235 | 204 235 203 | 205 201 235 | 205 201 203 | 205 201 208 | 205 235 203 | 251 158 159 | 251 158 237 | 251 158 157 | 251 158 235 | 251 201 237 | 251 201 235 | 251 159 157 | 251 237 157 | 251 237 235 | 251 157 235 | 158 159 157 | 158 237 157 | 158 237 235 | 158 157 235 | 201 237 235 | 201 235 203 | 201 203 233 | 237 157 235 | 235 203 232 | 235 203 233 | 235 232 233 | 297 301 296 | 297 301 299 | 297 296 293 | 297 296 311 | 297 296 299 | 297 293 299 | 297 311 299 | 301 303 305 | 301 303 299 | 301 296 299 | 301 305 299 | 303 305 299 | 203 232 233 | 296 293 299 | 296 311 299 | 311 305 299 | 

M = 245 244 241 
245 244 243 | 245 244 242 | 245 243 241 | 245 243 242 | 245 241 242 | 244 243 241 | 244 243 242 | 244 241 242 | 243 241 242 | 

M = 248 242 196 
248 245 241 | 248 245 242 | 248 245 196 | 248 251 237 | 248 197 237 | 248 197 241 | 248 197 196 | 248 237 196 | 248 241 242 | 248 241 196 | 245 244 196 | 245 241 196 | 245 242 196 | 244 241 196 | 244 242 196 | 197 130 241 | 197 130 196 | 197 237 196 | 197 241 196 | 130 241 196 | 157 164 165 | 241 242 196 | 440 441 439 | 440 441 438 | 440 439 438 | 441 439 438 | 

