M = 281 290 284 
281 280 284 | 281 293 290 | 301 303 305 | 

M = 165 163 249 
164 165 167 | 164 165 162 | 164 165 163 | 164 165 249 | 164 167 162 | 164 167 163 | 164 162 163 | 164 163 249 | 165 167 190 | 165 167 162 | 165 167 163 | 165 162 163 | 167 162 163 | 162 163 251 | 163 249 251 | 

M = 190 220 130 
146 268 145 | 146 145 178 | 146 145 175 | 146 178 175 | 167 173 188 | 167 190 188 | 219 134 130 | 219 134 215 | 219 190 220 | 219 190 130 | 219 190 188 | 219 190 215 | 219 220 130 | 219 220 188 | 219 220 215 | 219 188 215 | 261 178 182 | 261 178 175 | 145 178 175 | 134 131 130 | 134 131 128 | 134 131 136 | 134 130 128 | 134 136 215 | 173 188 175 | 190 220 188 | 190 220 215 | 190 188 215 | 131 130 128 | 220 188 215 | 

M = 438 440 435 
438 440 441 | 438 441 435 | 440 441 435 | 

