M = 218 219 213 
146 142 143 | 142 141 143 | 142 141 212 | 142 141 213 | 142 143 212 | 142 143 213 | 142 212 213 | 193 218 219 | 193 218 190 | 193 219 190 | 136 141 135 | 136 141 212 | 136 141 213 | 136 135 212 | 136 135 213 | 136 212 213 | 217 218 219 | 217 218 190 | 217 218 213 | 217 219 190 | 217 219 213 | 141 143 212 | 141 143 213 | 141 135 212 | 141 135 213 | 141 212 213 | 143 212 213 | 218 219 171 | 218 219 190 | 218 171 190 | 135 124 212 | 135 124 125 | 135 212 213 | 135 212 125 | 219 171 190 | 208 124 226 | 208 124 125 | 208 124 127 | 208 125 127 | 124 212 125 | 

M = 165 249 240 
164 165 163 | 164 165 249 | 164 165 167 | 164 163 249 | 164 163 167 | 165 163 249 | 165 163 167 | 165 240 194 | 165 240 190 | 165 194 190 | 165 190 167 | 163 249 250 | 163 249 251 | 163 159 251 | 163 250 251 | 249 241 240 | 249 241 196 | 249 240 250 | 249 240 196 | 249 250 251 | 249 250 235 | 249 251 235 | 241 240 196 | 206 235 205 | 206 208 205 | 250 251 235 | 171 190 167 | 

M = 242 193 196 
242 243 241 | 242 243 240 | 242 243 244 | 242 243 194 | 242 241 240 | 242 241 244 | 242 241 193 | 242 241 194 | 242 241 196 | 242 240 244 | 242 240 193 | 242 240 194 | 242 240 196 | 242 244 194 | 242 244 196 | 242 193 194 | 242 194 196 | 243 241 240 | 243 241 244 | 243 241 194 | 243 240 244 | 243 240 194 | 243 244 194 | 241 240 244 | 241 240 193 | 241 240 194 | 241 240 130 | 241 244 194 | 241 244 196 | 241 193 194 | 241 193 130 | 241 193 196 | 241 194 130 | 241 194 196 | 241 130 196 | 240 244 194 | 240 244 196 | 240 193 194 | 240 193 130 | 240 193 196 | 240 193 190 | 240 194 130 | 240 194 196 | 240 194 190 | 240 130 196 | 240 130 190 | 244 194 196 | 193 194 130 | 193 194 219 | 193 194 196 | 193 194 190 | 193 130 219 | 193 130 196 | 193 130 190 | 194 130 219 | 194 130 196 | 194 130 190 | 194 219 190 | 206 208 125 | 130 135 125 | 130 135 127 | 130 219 190 | 130 196 125 | 130 196 127 | 130 125 127 | 135 124 127 | 135 125 127 | 196 125 127 | 124 125 127 | 

M = 267 262 178 
146 267 178 | 146 267 177 | 146 267 264 | 146 178 177 | 146 178 179 | 146 178 264 | 146 143 177 | 146 177 179 | 146 177 264 | 267 273 274 | 267 262 177 | 267 262 264 | 267 178 177 | 267 178 264 | 267 177 264 | 273 274 275 | 229 262 178 | 229 262 261 | 229 262 228 | 229 178 261 | 229 178 226 | 229 261 228 | 229 228 226 | 262 178 177 | 262 178 179 | 262 178 261 | 262 178 264 | 262 177 179 | 262 177 261 | 262 177 264 | 262 179 261 | 262 261 228 | 262 261 264 | 206 208 226 | 206 228 205 | 206 228 226 | 312 318 313 | 312 318 317 | 312 313 317 | 274 303 275 | 178 177 179 | 178 177 261 | 178 177 226 | 178 177 264 | 178 179 261 | 178 179 226 | 178 261 264 | 177 179 261 | 177 179 226 | 177 261 264 | 303 305 275 | 318 313 317 | 282 313 317 | 282 283 275 | 

