M = 251 235 157 
206 237 204 | 206 237 235 | 206 237 201 | 206 205 204 | 206 205 235 | 206 205 208 | 206 205 201 | 206 204 235 | 206 204 201 | 206 235 201 | 206 208 201 | 158 251 237 | 158 251 235 | 158 251 157 | 158 251 159 | 158 251 249 | 158 251 156 | 158 251 253 | 158 237 235 | 158 237 157 | 158 237 249 | 158 237 156 | 158 237 253 | 158 235 157 | 158 235 249 | 158 235 156 | 158 235 253 | 158 157 159 | 158 157 249 | 158 157 156 | 158 157 253 | 158 159 156 | 158 159 253 | 158 249 156 | 158 249 253 | 158 156 253 | 251 237 235 | 251 237 157 | 251 237 201 | 251 237 249 | 251 237 156 | 251 237 253 | 251 235 201 | 251 235 249 | 251 235 156 | 251 235 253 | 251 157 159 | 251 157 249 | 251 157 156 | 251 157 253 | 251 159 156 | 251 159 253 | 251 201 253 | 251 249 156 | 251 249 253 | 251 156 253 | 237 204 235 | 237 204 201 | 237 235 157 | 237 235 201 | 237 235 249 | 237 235 156 | 237 235 253 | 237 157 249 | 237 157 156 | 237 157 253 | 237 201 253 | 237 249 156 | 237 249 253 | 237 156 253 | 164 157 165 | 164 157 249 | 164 157 156 | 164 157 167 | 164 165 249 | 164 165 168 | 164 165 156 | 164 165 167 | 164 249 156 | 164 168 156 | 164 168 167 | 164 156 167 | 205 204 235 | 205 204 201 | 205 235 201 | 205 208 201 | 204 235 201 | 235 157 249 | 235 157 156 | 235 157 253 | 235 201 233 | 235 201 253 | 235 233 232 | 235 233 156 | 235 233 253 | 235 249 156 | 235 249 253 | 235 232 253 | 235 156 253 | 157 159 156 | 157 159 253 | 157 165 249 | 157 165 156 | 157 165 167 | 157 249 156 | 157 249 253 | 157 156 253 | 157 156 167 | 157 253 167 | 159 156 253 | 165 249 156 | 165 168 156 | 165 168 167 | 165 156 167 | 201 233 253 | 178 261 182 | 233 232 259 | 233 232 253 | 233 232 258 | 233 232 257 | 233 259 258 | 233 259 257 | 233 156 253 | 233 258 257 | 249 156 253 | 261 232 259 | 261 232 258 | 261 259 258 | 232 259 258 | 232 259 257 | 232 258 257 | 168 156 167 | 259 258 257 | 156 253 167 | 

M = 123 212 139 
127 134 123 | 127 123 124 | 127 123 208 | 127 124 208 | 119 123 124 | 119 123 122 | 119 124 122 | 134 123 136 | 134 123 139 | 134 136 139 | 123 124 208 | 123 124 122 | 123 124 212 | 123 208 122 | 123 122 212 | 123 136 212 | 123 136 139 | 124 208 122 | 124 122 212 | 122 141 212 | 146 178 266 | 146 178 145 | 136 141 212 | 136 141 139 | 136 212 139 | 181 178 261 | 181 178 182 | 181 261 182 | 141 212 139 | 

M = 308 303 299 
308 303 305 | 308 303 307 | 308 305 299 | 308 305 311 | 308 305 307 | 308 299 311 | 308 299 296 | 308 299 307 | 308 311 296 | 308 311 307 | 308 296 307 | 303 305 299 | 303 305 301 | 303 305 307 | 303 299 301 | 303 299 307 | 303 301 307 | 303 301 274 | 305 299 301 | 305 299 311 | 305 299 307 | 305 301 307 | 305 311 307 | 299 301 296 | 299 301 307 | 299 311 296 | 299 311 307 | 299 296 307 | 299 296 293 | 268 146 266 | 268 146 145 | 301 296 307 | 311 296 307 | 311 296 318 | 296 318 293 | 341 375 379 | 

M = 197 193 241 
127 197 130 | 127 197 196 | 127 134 130 | 127 130 196 | 244 196 242 | 244 196 241 | 244 196 194 | 244 242 241 | 244 242 194 | 244 241 194 | 197 237 196 | 197 237 249 | 197 130 196 | 197 130 193 | 197 130 241 | 197 130 194 | 197 196 193 | 197 196 241 | 197 196 194 | 197 196 249 | 197 193 194 | 197 241 194 | 197 241 249 | 237 196 249 | 134 130 193 | 130 196 193 | 130 196 241 | 130 196 194 | 130 193 241 | 130 193 194 | 130 241 194 | 196 242 193 | 196 242 241 | 196 242 194 | 196 193 241 | 196 193 194 | 196 241 194 | 196 241 249 | 242 193 241 | 242 193 194 | 242 241 194 | 193 241 194 | 

