M = 178 146 266 
242 245 194 | 242 245 248 | 130 194 190 | 130 194 219 | 130 194 193 | 130 190 219 | 130 190 193 | 130 219 193 | 130 126 127 | 194 165 190 | 194 190 219 | 194 190 193 | 194 219 193 | 248 251 250 | 178 265 262 | 178 265 147 | 178 265 146 | 178 265 266 | 178 265 261 | 178 262 147 | 178 262 266 | 178 262 261 | 178 147 146 | 178 147 266 | 265 262 147 | 265 262 266 | 265 262 261 | 265 268 147 | 265 268 146 | 265 268 266 | 265 147 146 | 265 147 266 | 265 146 266 | 190 219 218 | 190 219 193 | 190 218 193 | 262 147 266 | 219 218 193 | 268 147 146 | 268 147 266 | 268 146 266 | 158 251 250 | 158 251 163 | 158 250 163 | 251 250 163 | 147 146 266 | 147 146 144 | 

M = 439 441 438 
439 441 440 | 439 440 438 | 441 440 438 | 

M = 356 354 428 
164 165 163 | 359 362 354 | 359 362 364 | 359 356 354 | 359 356 357 | 359 354 364 | 359 354 357 | 377 379 344 | 377 379 341 | 377 344 341 | 362 354 364 | 379 421 419 | 379 344 341 | 372 370 347 | 372 344 347 | 356 354 357 | 403 419 400 | 

M = 297 293 281 
242 194 193 | 300 297 296 | 300 297 293 | 300 297 301 | 300 296 293 | 300 296 308 | 300 296 301 | 297 296 293 | 297 296 281 | 297 296 301 | 296 293 281 | 284 285 281 | 293 285 281 | 

