M = 165 249 163 
164 165 249 | 164 165 163 | 164 161 163 | 164 249 163 | 193 190 218 | 161 163 251 | 250 249 163 | 250 249 251 | 250 163 251 | 249 163 251 | 

M = 147 266 262 
147 265 266 | 147 265 262 | 147 265 146 | 147 266 146 | 147 146 144 | 265 266 262 | 265 266 146 | 265 262 261 | 146 142 144 | 

M = 334 326 329 
336 334 329 | 336 334 333 | 336 334 337 | 336 403 339 | 336 403 333 | 336 403 337 | 336 329 333 | 336 339 337 | 336 333 337 | 334 326 333 | 334 329 333 | 334 333 337 | 322 319 326 | 322 319 318 | 322 319 325 | 322 326 329 | 322 326 325 | 322 329 325 | 322 318 325 | 319 326 325 | 319 318 325 | 319 318 312 | 403 339 337 | 403 333 337 | 326 329 333 | 326 329 325 | 326 333 325 | 329 333 325 | 

M = 245 244 241 
245 243 242 | 245 243 244 | 245 243 241 | 245 242 244 | 245 242 241 | 243 242 244 | 243 242 241 | 243 244 241 | 242 244 241 | 242 193 241 | 134 136 139 | 

