M = 268 267 274 
146 266 268 | 146 266 267 | 146 266 271 | 146 266 269 | 146 268 267 | 146 268 271 | 146 268 269 | 146 144 142 | 146 144 143 | 146 142 143 | 146 267 271 | 146 267 269 | 146 271 269 | 266 268 267 | 266 268 271 | 266 268 269 | 266 267 271 | 266 267 269 | 266 271 269 | 268 267 271 | 268 267 269 | 268 271 269 | 268 271 274 | 268 269 274 | 267 271 269 | 267 271 274 | 267 269 274 | 271 269 274 | 323 316 319 | 303 305 301 | 303 301 274 | 419 400 403 | 419 400 398 | 419 400 418 | 419 403 418 | 419 421 398 | 419 421 418 | 419 398 418 | 400 403 418 | 400 428 398 | 400 428 418 | 400 398 418 | 284 283 281 | 421 398 418 | 428 398 418 | 

M = 127 208 124 
119 120 124 | 120 208 124 | 142 143 140 | 206 204 237 | 206 208 126 | 196 127 126 | 196 127 197 | 196 126 197 | 127 208 126 | 127 126 124 | 127 126 197 | 208 126 124 | 

M = 165 240 190 
165 169 164 | 165 169 194 | 165 169 191 | 165 169 240 | 165 169 190 | 165 169 167 | 165 164 167 | 165 164 249 | 165 194 191 | 165 194 240 | 165 194 190 | 165 191 240 | 165 191 190 | 165 240 248 | 165 240 249 | 165 248 249 | 165 190 167 | 169 164 167 | 169 194 191 | 169 194 219 | 169 194 240 | 169 194 190 | 169 191 219 | 169 191 240 | 169 191 190 | 169 219 190 | 169 240 190 | 169 190 167 | 164 167 161 | 194 242 191 | 194 191 219 | 194 191 240 | 194 191 190 | 194 191 196 | 194 191 241 | 194 219 190 | 194 240 190 | 144 142 143 | 144 142 140 | 144 143 140 | 242 191 240 | 242 191 196 | 242 191 241 | 191 219 190 | 191 219 217 | 191 240 190 | 191 240 196 | 191 240 241 | 191 190 217 | 191 196 241 | 219 190 217 | 219 217 140 | 

M = 196 249 241 
194 242 245 | 194 242 240 | 194 242 196 | 194 242 241 | 194 245 240 | 194 245 196 | 194 245 241 | 194 240 196 | 194 240 241 | 194 240 197 | 194 196 241 | 194 196 197 | 194 241 197 | 242 245 240 | 242 245 248 | 242 245 196 | 242 245 241 | 242 240 248 | 242 240 196 | 242 240 241 | 242 248 196 | 242 248 241 | 242 196 241 | 245 240 248 | 245 240 196 | 245 240 241 | 245 248 196 | 245 248 241 | 245 196 241 | 240 248 196 | 240 248 249 | 240 248 237 | 240 248 250 | 240 248 241 | 240 248 197 | 240 196 249 | 240 196 237 | 240 196 241 | 240 196 197 | 240 249 237 | 240 249 250 | 240 249 241 | 240 249 197 | 240 237 250 | 240 237 197 | 240 250 197 | 240 241 197 | 248 196 249 | 248 196 237 | 248 196 241 | 248 196 197 | 248 249 237 | 248 249 250 | 248 249 241 | 248 249 197 | 248 237 250 | 248 237 197 | 248 250 197 | 248 241 197 | 196 249 237 | 196 249 197 | 196 237 197 | 196 241 197 | 249 237 250 | 249 237 197 | 249 250 197 | 249 241 197 | 237 250 197 | 

