M = 120 122 208 
127 123 208 | 120 119 123 | 120 119 122 | 120 123 122 | 120 123 208 | 119 123 122 | 123 122 208 | 136 141 140 | 180 262 147 | 142 146 144 | 142 144 141 | 142 144 140 | 142 141 140 | 262 261 228 | 146 144 147 | 144 141 140 | 

M = 408 407 336 
408 407 411 | 407 335 336 | 

M = 164 167 157 
164 165 162 | 164 165 168 | 164 165 167 | 164 165 157 | 164 162 168 | 164 162 167 | 164 162 157 | 164 168 167 | 250 251 157 | 159 162 251 | 159 162 157 | 159 251 157 | 165 162 168 | 165 162 167 | 165 162 157 | 165 168 167 | 165 167 157 | 162 168 167 | 162 167 157 | 162 251 157 | 

M = 165 190 194 
242 244 194 | 165 168 190 | 165 167 190 | 168 167 190 | 146 147 268 | 

