274mGLU: 01,04,05,06,08,09,11,20,22,24,25|11|7.642
303mGLU: 01,04,05,07,08,09,11,20,22,24,25|11|6.106
303mASP: 01,04,05,07,08,09,11,20,22,24,25|11|8.7811
146mCYS: 01,03,07,08,09,11,20,22,23,24,25|11|9.8851
303mALA: 01,04,05,07,08,09,11,20,22,24,25|11|6.0016
267mGLU: 01,03,07,08,09,11,20,22,24,25|10|4.2511
301mALA: 04,05,06,10,14,17,18,20,25,26|10|5.0146
206mALA: 00,02,12,13,21,27,28,29|8|6.4012
206mCYS: 00,02,12,13,21,27,28,29|8|8.4808
305mALA: 01,05,08,09,11,22,24,25|8|4.5398
293mCYS: 04,06,10,14,17,18,26|7|13.2062
293mGLN: 04,06,10,14,17,18,26|7|3.2396
296mGLU: 04,06,10,14,17,18,26|7|4.5861
293mPRO: 04,06,10,14,17,18,26|7|5.2069
299mTHR: 04,05,06,14,17,18,25|7|1.3678
293mLEU: 04,06,10,14,17,18,26|7|4.3715
293mGLY: 04,06,10,14,17,18,26|7|5.4793
293mGLU: 04,06,10,14,17,18,26|7|7.5218
293mASN: 04,06,10,14,17,18,26|7|3.3291
299mGLY: 04,05,06,14,17,18,25|7|2.0091
293mPHE: 04,06,10,14,17,18,26|7|4.0431
293mASP: 04,06,10,14,17,18,26|7|7.4894
299mGLU: 04,05,06,14,17,18,25|7|4.5774
293mTHR: 04,06,10,14,17,18,26|7|4.6377
293mSER: 04,06,10,14,17,18,26|7|2.8026
293mALA: 04,06,10,14,17,18,26|7|7.2581
205mALA: 00,02,13,15,19,21,28|7|4.9494
141mGLU: 01,07,11,20,22,23,24|7|3.1534
293mVAL: 04,06,10,14,17,18,26|7|5.892
266mALA: 01,03,08,09,11,23,24|7|3.9202
293mILE: 04,06,10,14,17,18,26|7|3.8985
205mCYS: 00,02,13,15,19,21,28|7|9.0326
141mALA: 01,07,11,20,22,23,24|7|2.437
251mGLY: 00,12,13,15,27,28|6|3.9476
251mALA: 00,12,13,15,27,28|6|4.4073
251mTHR: 00,12,13,15,27,28|6|3.0725
251mLEU: 00,12,13,15,27,28|6|4.4085
251mGLU: 00,12,13,15,27,28|6|4.8718
251mSER: 00,12,13,15,27,28|6|1.9152
251mPRO: 00,12,13,15,27,28|6|3.0121
251mASP: 00,12,13,15,27,28|6|5.0436
251mTRP: 00,12,13,15,27,28|6|2.2985
251mGLN: 00,12,13,15,27,28|6|2.8352
251mCYS: 00,12,13,15,27,28|6|5.5753
171mGLU: 05,06,10,22,26|5|0.9946
127mCYS: 02,12,21,27,29|5|3.646
127mGLY: 02,12,21,27,29|5|1.5647
128mASP: 02,12,21,27,29|5|0.8419
127mALA: 02,12,21,27,29|5|1.6821
171mTHR: 05,06,10,22,26|5|0.3999
127mGLU: 02,12,21,27,29|5|2.292
190mGLU: 06,10,16,18,26|5|1.6209
158mALA: 12,13,15,27,28|5|4.8416
269mASP: 03,09,11,20,24|5|1.4253
158mASP: 12,13,15,27,28|5|5.6109
158mGLY: 12,13,15,27,28|5|4.4314
190mSER: 06,10,16,18,26|5|1.0503
158mCYS: 12,13,15,27,28|5|6.8062
190mTHR: 06,10,16,18,26|5|1.1546
190mGLY: 06,10,16,18,26|5|0.7742
127mASP: 02,12,21,27,29|5|2.5526
171mASP: 05,06,10,22,26|5|1.2761
175mGLN: 07,08,22,25|4|1.9549
175mGLY: 07,08,22,25|4|2.2009
440mGLU: 06,10,17,18|4|2.6585
175mSER: 07,08,22,25|4|1.9086
139mLEU: 01,07,11,24|4|1.5039
235mGLU: 00,13,15,27|4|2.2992
203mCYS: 00,12,13,15|4|4.8865
220mTHR: 10,16,20,22|4|1.1652
440mTHR: 06,10,17,18|4|2.1975
139mTHR: 01,07,11,24|4|1.3314
220mGLN: 10,16,20,22|4|0.9305
180mLYS: 03,11,19,23|4|1.4566
237mASP: 12,27,28,29|4|1.256
245mGLU: 12,16,28,29|4|5.5979
237mALA: 12,27,28,29|4|1.1063
356mGLY: 06,10,18,26|4|0.7013
220mILE: 10,16,20,22|4|0.7168
277mASP: 04,06,10,18|4|2.239
278mASP: 04,06,18,20|4|1.2058
440mLYS: 06,10,17,18|4|1.8389
175mHIS: 07,08,22,25|4|1.2752
220mALA: 10,16,20,22|4|1.7434
122mLEU: 03,11,19,21|4|1.4788
245mALA: 12,16,28,29|4|4.8456
245mASN: 12,16,28,29|4|2.9713
220mVAL: 10,16,20,22|4|0.7892
220mSER: 10,16,20,22|4|1.4566
175mMET: 07,08,22,25|4|1.1261
148mASP: 07,08,11,20|4|0.9648
139mGLN: 01,07,11,24|4|1.338
139mGLY: 01,07,11,24|4|1.6154
203mASP: 00,12,13,15|4|1.1692
277mGLY: 04,06,10,18|4|2.1355
440mARG: 06,10,17,18|4|0.6486
440mSER: 06,10,17,18|4|2.6383
122mSER: 03,11,19,21|4|0.8503
122mALA: 03,11,19,21|4|1.0759
139mVAL: 01,07,11,24|4|1.2498
245mVAL: 12,16,28,29|4|4.2482
122mASN: 03,11,19,21|4|0.7517
219mHIS: 10,16,18,26|4|1.1488
139mHIS: 01,07,11,24|4|1.2129
248mALA: 12,13,27,28|4|1.9778
122mGLY: 03,11,19,21|4|1.6534
175mALA: 07,08,22,25|4|2.3391
175mASP: 07,08,22,25|4|2.8879
208mASP: 00,02,19,21|4|1.5483
220mASP: 10,16,20,22|4|1.722
237mGLU: 12,27,28,29|4|1.6254
440mASP: 06,10,17,18|4|1.897
220mGLU: 10,16,20,22|4|1.6951
440mALA: 06,10,17,18|4|2.2703
122mPHE: 03,11,19,21|4|0.8744
235mTHR: 00,13,15,27|4|1.0929
175mTRP: 07,08,22,25|4|1.4571
203mALA: 00,12,13,15|4|1.1179
175mLEU: 07,08,22,25|4|2.0028
356mGLU: 06,10,18,26|4|1.2797
237mTHR: 12,27,28,29|4|0.3888
122mVAL: 03,11,19,21|4|1.0649
137mGLY: 11,19,20,21|4|0.7072
139mILE: 01,07,11,24|4|0.9278
175mASN: 07,08,22,25|4|1.3351
440mGLY: 06,10,17,18|4|3.1845
245mILE: 12,16,28,29|4|3.6374
245mMET: 12,16,28,29|4|3.2695
180mGLU: 03,11,19,23|4|2.6887
122mGLU: 03,11,19,21|4|1.5068
277mCYS: 04,06,10,18|4|2.5478
245mGLY: 12,16,28,29|4|5.316
139mGLU: 01,07,11,24|4|1.6122
122mGLN: 03,11,19,21|4|1.1148
180mTHR: 03,11,19,23|4|2.5803
245mGLN: 12,16,28,29|4|4.5064
122mTHR: 03,11,19,21|4|1.0019
245mHIS: 12,16,28,29|4|2.9883
235mASN: 00,13,15,27|4|0.7119
208mALA: 00,02,19,21|4|1.1504
220mLEU: 10,16,20,22|4|1.105
220mTRP: 10,16,20,22|4|0.5603
235mSER: 00,13,15,27|4|0.5119
175mVAL: 07,08,22,25|4|2.0743
175mTHR: 07,08,22,25|4|1.9807
139mALA: 01,07,11,24|4|1.1676
139mTRP: 01,07,11,24|4|1.1796
137mLEU: 11,19,20,21|4|0.4695
139mASN: 01,07,11,24|4|1.094
277mALA: 04,06,10,18|4|2.2754
248mCYS: 12,13,27,28|4|3.3014
440mHIS: 06,10,17,18|4|3.4025
208mGLU: 00,02,19,21|4|1.6245
139mMET: 01,07,11,24|4|1.2244
122mTRP: 03,11,19,21|4|0.9265
245mSER: 12,16,28,29|4|3.3164
148mGLU: 07,08,11,20|4|0.818
175mILE: 07,08,22,25|4|1.5047
139mSER: 01,07,11,24|4|1.1097
220mGLY: 10,16,20,22|4|1.6726
122mASP: 03,11,19,21|4|1.3204
175mGLU: 07,08,22,25|4|2.6539
440mGLN: 06,10,17,18|4|1.6243
245mTRP: 12,16,28,29|4|3.9816
440mASN: 06,10,17,18|4|2.0974
180mASN: 03,11,19,23|4|2.0349
245mTHR: 12,16,28,29|4|4.3895
237mPHE: 12,27,28,29|4|0.1976
245mLEU: 12,16,28,29|4|5.5834
178mVAL: 03,11,23|3|0.911
182mGLU: 02,15,19|3|1.6334
172mTRP: 06,10,26|3|1.428
172mTHR: 06,10,26|3|1.6893
311mASP: 04,05,17|3|3.0275
178mLYS: 03,11,23|3|1.026
438mTHR: 10,17,18|3|1.1216
172mGLN: 06,10,26|3|1.786
123mGLU: 02,19,21|3|1.3001
165mASP: 10,16,26|3|2.0422
311mVAL: 04,05,17|3|2.5017
443mALA: 17,18,26|3|0.8122
172mGLY: 06,10,26|3|2.3089
124mASN: 02,19,21|3|0.4846
311mGLY: 04,05,17|3|2.3148
438mGLU: 10,17,18|3|1.4731
182mASP: 02,15,19|3|1.7343
302mASP: 04,20,25|3|0.9382
172mILE: 06,10,26|3|1.2105
124mTHR: 02,19,21|3|1.0523
443mGLU: 17,18,26|3|0.6939
311mTRP: 04,05,17|3|1.9396
165mARG: 10,16,26|3|0.5137
124mGLU: 02,19,21|3|1.5816
290mPRO: 17,18,26|3|2.1048
290mGLY: 17,18,26|3|2.2601
439mASN: 06,17,18|3|1.5368
165mSER: 10,16,26|3|0.9243
311mPHE: 04,05,17|3|2.7545
165mALA: 10,16,26|3|1.4157
290mTHR: 17,18,26|3|1.7619
178mARG: 03,11,23|3|0.0558
311mSER: 04,05,17|3|1.711
197mCYS: 02,12,21|3|2.5846
165mTHR: 10,16,26|3|1.099
290mALA: 17,18,26|3|2.4366
172mMET: 06,10,26|3|1.0276
165mGLU: 10,16,26|3|1.5619
311mLEU: 04,05,17|3|2.7775
172mGLU: 06,10,26|3|2.3904
438mSER: 10,17,18|3|1.4173
439mTHR: 06,17,18|3|1.3126
178mGLU: 03,11,23|3|1.0326
311mCYS: 04,05,17|3|3.3026
311mGLN: 04,05,17|3|2.1701
178mASP: 03,11,23|3|0.81
443mGLY: 17,18,26|3|0.5363
197mASP: 02,12,21|3|1.632
172mASN: 06,10,26|3|1.235
284mALA: 06,10,18|3|1.3634
172mLEU: 06,10,26|3|2.091
124mALA: 02,19,21|3|1.1531
281mALA: 04,06,18|3|1.4066
290mASP: 17,18,26|3|2.7428
197mGLU: 02,12,21|3|1.1765
165mPRO: 10,16,26|3|0.6215
178mTHR: 03,11,23|3|0.7074
362mHIS: 06,10,26|3|0.5448
311mALA: 04,05,17|3|2.6338
165mGLY: 10,16,26|3|1.0912
182mGLY: 02,15,19|3|0.909
311mASN: 04,05,17|3|1.9922
123mASP: 02,19,21|3|1.0004
179mGLY: 11,19,23|3|0.3327
438mALA: 10,17,18|3|0.8917
281mGLU: 04,06,18|3|0.5257
290mILE: 17,18,26|3|1.6262
165mHIS: 10,16,26|3|1.2999
178mHIS: 03,11,23|3|1.22
281mCYS: 04,06,18|3|2.819
311mMET: 04,05,17|3|0.813
165mLYS: 10,16,26|3|1.2272
311mGLU: 04,05,17|3|4.0887
438mGLY: 10,17,18|3|1.239
179mHIS: 11,19,23|3|0.787
178mASN: 03,11,23|3|0.5586
311mPRO: 04,05,17|3|2.2882
178mALA: 03,11,23|3|1.112
165mGLN: 10,16,26|3|0.602
439mLYS: 06,17,18|3|1.2362
178mILE: 03,11,23|3|0.375
172mALA: 06,10,26|3|2.0244
311mILE: 04,05,17|3|2.253
172mVAL: 06,10,26|3|1.8399
131mASP: 02,21,29|3|0.1771
443mVAL: 17,18,26|3|0.445
438mLYS: 10,17,18|3|0.482
290mVAL: 17,18,26|3|2.1931
172mSER: 06,10,26|3|1.6125
311mTHR: 04,05,17|3|2.8734
302mGLY: 04,20,25|3|0.4498
281mASP: 04,06,18|3|1.5019
172mHIS: 06,10,26|3|1.2331
213mASP: 20,22,24|3|0.9784
290mLYS: 17,18,26|3|0.7854
439mGLY: 06,17,18|3|1.3643
290mHIS: 17,18,26|3|1.3248
290mCYS: 17,18,26|3|3.6028
290mGLU: 17,18,26|3|2.4876
178mGLY: 03,11,23|3|0.8868
123mALA: 02,19,21|3|0.8879
443mASP: 17,18,26|3|1.0247
284mCYS: 06,10,18|3|2.2844
124mLYS: 02,19,21|3|1.6571
247mCYS: 12,16|2|0.8731
167mASN: 10,26|2|0.9619
435mMET: 10,18|2|0.4138
125mARG: 02,21|2|0.1264
196mGLN: 12,21|2|0.6421
170mASP: 10,26|2|0.5183
164mTHR: 10,26|2|0.8013
130mGLU: 16,29|2|1.2791
170mGLU: 10,26|2|0.5421
164mARG: 10,26|2|0.6095
194mTHR: 10,16|2|0.3619
164mILE: 10,26|2|0.5344
207mASP: 02,21|2|0.1611
132mASN: 02,21|2|0.2531
201mLEU: 00,27|2|0.21
444mARG: 06,17|2|0.094
226mLEU: 02,19|2|0.7043
444mGLU: 06,17|2|1.2436
444mTRP: 06,17|2|0.3936
244mPRO: 16,29|2|0.6813
435mHIS: 10,18|2|0.5314
444mHIS: 06,17|2|0.6568
125mPHE: 02,21|2|0.0706
167mMET: 10,26|2|1.2639
226mASN: 02,19|2|0.0804
196mGLU: 12,21|2|1.1635
226mTHR: 02,19|2|0.5074
444mILE: 06,17|2|0.5022
243mGLY: 16,26|2|0.6999
167mSER: 10,26|2|1.8649
264mGLY: 11,23|2|0.3435
130mALA: 16,29|2|1.599
201mSER: 00,27|2|0.6492
164mTRP: 10,26|2|0.0561
164mGLU: 10,26|2|0.2344
169mGLU: 10,26|2|0.2772
244mGLY: 16,29|2|1.1545
444mLYS: 06,17|2|0.4198
244mLEU: 16,29|2|1.0717
196mGLY: 12,21|2|0.9534
228mASP: 00,15|2|0.9722
201mPRO: 00,27|2|0.2584
242mSER: 16,26|2|0.527
130mPRO: 16,29|2|1.0552
167mHIS: 10,26|2|1.7126
228mCYS: 00,15|2|2.3264
435mGLN: 10,18|2|0.131
244mASP: 16,29|2|2.0346
167mTHR: 10,26|2|1.4765
243mTHR: 16,26|2|0.5556
435mASN: 10,18|2|0.2612
164mPRO: 10,26|2|0.1997
228mGLY: 00,15|2|0.4105
164mMET: 10,26|2|0.4847
243mALA: 16,26|2|0.5164
170mALA: 10,26|2|0.2621
132mHIS: 02,21|2|0.4503
196mSER: 12,21|2|0.7179
201mTRP: 00,27|2|0.2056
130mGLY: 16,29|2|1.0759
167mGLU: 10,26|2|1.9312
202mALA: 00,15|2|0.3062
201mGLY: 00,27|2|0.3514
167mGLY: 10,26|2|1.625
243mPRO: 16,26|2|0.3208
444mGLN: 06,17|2|0.811
202mVAL: 00,15|2|0.0172
130mVAL: 16,29|2|1.2168
435mLEU: 10,18|2|0.0242
444mVAL: 06,17|2|0.8876
207mGLY: 02,21|2|0.1338
194mHIS: 10,16|2|0.8131
244mTHR: 16,29|2|0.8963
132mGLU: 02,21|2|0.657
167mLYS: 10,26|2|0.7818
201mASP: 00,27|2|0.3836
169mASP: 10,26|2|0.195
125mGLU: 02,21|2|0.718
243mCYS: 16,26|2|2.7531
228mLYS: 00,15|2|0.7061
444mASN: 06,17|2|0.5654
167mALA: 10,26|2|1.6591
226mGLU: 02,19|2|1.3933
196mASN: 12,21|2|0.7597
130mILE: 16,29|2|0.635
201mTHR: 00,27|2|0.7228
196mTHR: 12,21|2|0.7672
244mCYS: 16,29|2|1.8232
242mALA: 16,26|2|0.7725
243mASP: 16,26|2|2.1365
444mSER: 06,17|2|1.1452
125mVAL: 02,21|2|0.7352
132mTHR: 02,21|2|0.3222
226mILE: 02,19|2|0.2401
194mGLU: 10,16|2|0.8464
228mASN: 00,15|2|0.3081
167mILE: 10,26|2|0.6296
244mGLN: 16,29|2|0.7453
355mASP: 06,18|2|0.6005
167mLEU: 10,26|2|1.011
125mASP: 02,21|2|0.864
226mCYS: 02,19|2|2.1266
167mGLN: 10,26|2|1.3124
130mASP: 16,29|2|1.5797
194mGLY: 10,16|2|0.3486
435mTRP: 10,18|2|0.053
243mGLU: 16,26|2|1.8077
212mLYS: 20,24|2|0.2608
435mGLY: 10,18|2|0.3396
228mGLU: 00,15|2|1.0102
167mASP: 10,26|2|2.0771
135mHIS: 02,21|2|0.1972
242mGLU: 16,26|2|1.565
294mALA: 04,18|2|0.1668
444mTHR: 06,17|2|0.89
196mASP: 12,21|2|1.3184
244mGLU: 16,29|2|1.6959
164mCYS: 10,26|2|0.8375
244mTRP: 16,29|2|0.3452
226mPHE: 02,19|2|0.505
202mASP: 00,15|2|0.146
164mLEU: 10,26|2|0.6011
435mSER: 10,18|2|0.2832
242mTHR: 16,26|2|0.8265
201mCYS: 00,27|2|0.2794
247mASP: 12,16|2|0.3012
201mILE: 00,27|2|0.4596
435mTHR: 10,18|2|0.1776
164mGLY: 10,26|2|0.7151
194mLYS: 10,16|2|0.9336
125mALA: 02,21|2|1.0242
226mGLY: 02,19|2|0.8199
125mASN: 02,21|2|0.1216
444mALA: 06,17|2|1.1466
201mPHE: 00,27|2|0.4084
201mLYS: 00,27|2|0.6452
201mGLN: 00,27|2|0.2184
201mGLU: 00,27|2|1.0432
244mALA: 16,29|2|1.0227
164mLYS: 10,26|2|0.861
444mMET: 06,17|2|0.3786
226mPRO: 02,19|2|0.6181
125mCYS: 02,21|2|3.0892
264mLEU: 11,23|2|0.1227
164mHIS: 10,26|2|0.6981
444mGLY: 06,17|2|0.9882
212mALA: 20,24|2|0.2138
202mCYS: 00,15|2|2.3712
226mASP: 02,19|2|1.3187
242mLYS: 16,26|2|0.5591
130mLYS: 16,29|2|1.046
444mLEU: 06,17|2|0.5862
201mASN: 00,27|2|0.7688
228mTHR: 00,15|2|0.4934
314mASP: 04,14|2|0.1081
226mGLN: 02,19|2|0.2369
164mALA: 10,26|2|1.038
125mGLY: 02,21|2|0.3714
444mASP: 06,17|2|1.45
201mALA: 00,27|2|0.518
194mASP: 10,16|2|1.1162
355mGLU: 06,18|2|0.4456
228mHIS: 00,15|2|0.7009
194mALA: 10,16|2|1.0909
125mILE: 02,21|2|0.337
130mHIS: 16,29|2|0.8056
201mVAL: 00,27|2|0.3794
164mGLN: 10,26|2|0.4373
242mASN: 16,26|2|0.7258
125mHIS: 02,21|2|0.5128
130mCYS: 16,29|2|3.5076
125mTHR: 02,21|2|0.354
167mVAL: 10,26|2|1.1226
164mSER: 10,26|2|0.737
212mASP: 20,24|2|0.0665
130mTHR: 16,29|2|0.691
132mGLY: 02,21|2|0.2306
226mALA: 02,19|2|1.0797
167mARG: 10,26|2|0.2403
167mTRP: 10,26|2|0.7921
226mVAL: 02,19|2|0.7669
196mLYS: 12,21|2|0.2201
196mHIS: 12,21|2|0.5948
294mASP: 04,18|2|0.2276
202mLYS: 00,15|2|0.273
125mPRO: 02,21|2|0.5698
125mLYS: 02,21|2|0.991
435mGLU: 10,18|2|0.1388
196mTYR: 12,21|2|0.5288
