146mGLU: 04,06,10,11,12,14,17,18,19,21,26|11|11.4596
146mVAL: 04,06,10,11,12,14,17,18,19,21,26|11|4.8318
179mGLU: 00,04,06,12,14,15,18,19,26|9|2.3139
178mGLU: 00,06,12,14,15,18,19,26,27|9|4.4915
181mGLY: 00,04,06,13,15,18,19,26,27|9|1.9127
145mGLU: 04,06,11,12,14,17,18,19,21|9|1.9564
182mGLU: 00,04,06,13,15,18,26,27|8|4.5808
182mGLY: 00,04,06,13,15,18,26,27|8|4.2353
182mSER: 00,04,06,13,15,18,26,27|8|3.1466
143mGLU: 06,11,14,17,18,19,21|7|2.9795
226mGLU: 00,04,06,15,18,26,27|7|2.136
268mGLY: 10,11,12,14,17,18,19|7|2.3848
141mGLU: 06,11,14,17,18,19,21|7|4.6758
141mHIS: 06,11,14,17,18,19,21|7|3.1298
141mALA: 06,11,14,17,18,19,21|7|3.4136
177mGLU: 06,12,14,18,19,21|6|2.06
165mASP: 01,02,03,16,22,28|6|4.0333
177mVAL: 06,12,14,18,19,21|6|0.5729
164mGLU: 01,02,03,16,22,28|6|2.7106
165mMET: 01,02,03,16,22,28|6|1.4766
165mTHR: 01,02,03,16,22,28|6|4.7202
165mGLU: 01,02,03,16,22,28|6|5.446
165mASN: 01,02,03,16,22,28|6|3.6795
177mTHR: 06,12,14,18,19,21|6|1.2253
165mHIS: 01,02,03,16,22,28|6|3.6928
165mSER: 01,02,03,16,22,28|6|5.3332
242mGLU: 01,03,16,22,23,28|6|3.4577
165mGLY: 01,02,03,16,22,28|6|5.432
165mLEU: 01,02,03,16,22,28|6|3.506
244mSER: 01,07,22,23,24,28|6|1.3092
165mILE: 01,02,03,16,22,28|6|3.2594
165mLYS: 01,02,03,16,22,28|6|4.793
165mGLN: 01,02,03,16,22,28|6|2.9964
208mSER: 04,06,15,26,27,29|6|3.1186
164mALA: 01,02,03,16,22,28|6|3.6082
165mALA: 01,02,03,16,22,28|6|5.8313
165mVAL: 01,02,03,16,22,28|6|3.4543
164mSER: 01,02,03,16,22,28|6|2.7836
251mGLY: 01,03,09,13,20|5|2.5209
229mSER: 00,13,15,26,27|5|0.8118
245mGLU: 01,03,22,23,24|5|3.8788
122mASP: 04,17,19,21,29|5|1.8631
229mGLY: 00,13,15,26,27|5|0.8132
251mASN: 01,03,09,13,20|5|2.6198
251mALA: 01,03,09,13,20|5|1.618
245mSER: 01,03,22,23,24|5|2.7037
122mLEU: 04,17,19,21,29|5|1.8358
251mTHR: 01,03,09,13,20|5|2.8435
245mASN: 01,03,22,23,24|5|2.2152
251mLEU: 01,03,09,13,20|5|1.9389
251mPHE: 01,03,09,13,20|5|0.9177
122mALA: 04,17,19,21,29|5|2.1253
122mASN: 04,17,19,21,29|5|1.5112
245mVAL: 01,03,22,23,24|5|2.3917
122mGLY: 04,17,19,21,29|5|1.9178
251mHIS: 01,03,09,13,20|5|2.488
251mGLU: 01,03,09,13,20|5|3.2129
251mSER: 01,03,09,13,20|5|2.948
122mVAL: 04,17,19,21,29|5|1.943
251mVAL: 01,03,09,13,20|5|1.7907
122mGLU: 04,17,19,21,29|5|2.5139
206mLEU: 09,13,20,27,29|5|2.5292
205mALA: 09,13,15,20,27|5|1.8615
245mGLY: 01,03,22,23,24|5|2.6226
206mGLN: 09,13,20,27,29|5|2.8578
122mGLN: 04,17,19,21,29|5|1.8219
245mGLN: 01,03,22,23,24|5|2.7528
122mTHR: 04,17,19,21,29|5|1.8791
245mHIS: 01,03,22,23,24|5|2.1537
251mASP: 01,03,09,13,20|5|1.0112
251mTRP: 01,03,09,13,20|5|1.2181
251mGLN: 01,03,09,13,20|5|2.1841
206mSER: 09,13,20,27,29|5|2.2234
122mTRP: 04,17,19,21,29|5|1.0054
122mHIS: 04,17,19,21,29|5|1.3155
206mASN: 09,13,20,27,29|5|1.6211
248mSER: 01,03,09,22,24|5|1.8592
122mSER: 04,17,19,21,29|5|2.3017
245mTHR: 01,03,22,23,24|5|3.2824
440mGLU: 02,05,16,25|4|4.0696
440mLYS: 02,05,16,25|4|2.5477
136mVAL: 07,14,19,29|4|1.2257
293mHIS: 02,05,16,25|4|1.6606
440mTHR: 02,05,16,25|4|2.8982
293mGLN: 02,05,16,25|4|1.3312
296mGLU: 02,05,16,25|4|1.335
300mALA: 02,05,11,16|4|1.0512
136mLYS: 07,14,19,29|4|1.9327
293mLEU: 02,05,16,25|4|1.2928
293mGLY: 02,05,16,25|4|2.0794
438mTHR: 02,05,16,25|4|1.0169
440mLEU: 02,05,16,25|4|2.3285
124mASN: 07,15,24,29|4|0.889
124mTHR: 07,15,24,29|4|0.7492
169mGLU: 02,16,22,28|4|0.6803
124mSER: 07,15,24,29|4|0.8145
124mGLU: 07,15,24,29|4|1.4151
440mARG: 02,05,16,25|4|0.3249
440mSER: 02,05,16,25|4|2.152
293mASN: 02,05,16,25|4|1.2549
296mGLY: 02,05,16,25|4|1.5659
136mGLU: 07,14,19,29|4|1.7638
440mPHE: 02,05,16,25|4|1.6417
293mGLU: 02,05,16,25|4|2.099
293mASP: 02,05,16,25|4|1.8931
136mALA: 07,14,19,29|4|2.4649
300mASN: 02,05,11,16|4|0.4978
136mTHR: 07,14,19,29|4|1.6291
440mASP: 02,05,16,25|4|4.1885
440mALA: 02,05,16,25|4|4.3457
124mALA: 07,15,24,29|4|0.4142
440mILE: 02,05,16,25|4|2.3751
440mGLY: 02,05,16,25|4|3.1862
293mTHR: 02,05,16,25|4|1.3127
293mLYS: 02,05,16,25|4|1.4716
293mSER: 02,05,16,25|4|2.4292
293mALA: 02,05,16,25|4|1.8845
136mSER: 07,14,19,29|4|1.9105
438mVAL: 02,05,16,25|4|1.1066
293mVAL: 02,05,16,25|4|1.3581
136mGLY: 07,14,19,29|4|2.1375
300mTHR: 02,05,11,16|4|1.737
440mVAL: 02,05,16,25|4|3.0454
136mILE: 07,14,19,29|4|1.2914
439mLYS: 02,05,16,25|4|1.2071
438mLYS: 02,05,16,25|4|1.0277
136mLEU: 07,14,19,29|4|1.1191
440mHIS: 02,05,16,25|4|2.3052
296mHIS: 02,05,16,25|4|1.0293
438mGLU: 02,05,16,25|4|2.3286
440mGLN: 02,05,16,25|4|2.077
440mASN: 02,05,16,25|4|1.8715
293mARG: 02,05,16,25|4|0.4251
438mALA: 02,05,16,25|4|1.9526
167mASN: 02,16,22|3|0.758
123mLYS: 07,24,29|3|1.3294
127mTHR: 07,24,29|3|1.3041
130mGLU: 07,23,24|3|2.4841
297mGLY: 02,05,16|3|1.3897
130mGLN: 07,23,24|3|1.7706
326mGLY: 05,08,25|3|2.0033
217mHIS: 14,16,17|3|1.0819
130mMET: 07,23,24|3|1.5419
326mTHR: 05,08,25|3|2.3284
127mGLY: 07,24,29|3|1.3297
123mMET: 07,24,29|3|2.2449
325mTHR: 05,08,25|3|0.5353
130mTYR: 07,23,24|3|0.5435
253mSER: 09,13,20|3|0.7444
167mPHE: 02,16,22|3|0.5732
123mGLU: 07,24,29|3|3.1871
190mSER: 02,16,22|3|0.2559
130mASN: 07,23,24|3|1.6007
167mSER: 02,16,22|3|1.0687
218mGLU: 02,11,17|3|1.1626
325mGLU: 05,08,25|3|0.8283
235mGLU: 09,13,20|3|1.941
159mALA: 01,03,09|3|1.9871
134mGLU: 07,23,29|3|1.3532
217mALA: 14,16,17|3|1.1735
326mVAL: 05,08,25|3|1.511
159mVAL: 01,03,09|3|0.9926
212mGLU: 17,19,21|3|0.6103
159mGLU: 01,03,09|3|1.4817
218mASN: 02,11,17|3|0.4084
127mALA: 07,24,29|3|1.2027
217mGLY: 14,16,17|3|1.2189
123mTRP: 07,24,29|3|1.4165
190mGLU: 02,16,22|3|0.022
130mPRO: 07,23,24|3|1.46
134mLEU: 07,23,29|3|0.5699
235mSER: 09,13,20|3|1.4516
250mLYS: 01,03,09|3|0.6089
326mALA: 05,08,25|3|1.3247
235mGLY: 09,13,20|3|0.7635
299mGLY: 05,11,16|3|0.5631
123mTHR: 07,24,29|3|2.6758
130mGLY: 07,23,24|3|1.5566
167mGLU: 02,16,22|3|1.0494
326mGLN: 05,08,25|3|1.5823
159mTHR: 01,03,09|3|1.4505
130mVAL: 07,23,24|3|1.7946
326mASN: 05,08,25|3|1.7135
217mASN: 14,16,17|3|0.6854
127mGLU: 07,24,29|3|2.3917
130mALA: 07,23,24|3|1.6451
167mLYS: 02,16,22|3|0.8787
253mPRO: 09,13,20|3|0.1078
326mSER: 05,08,25|3|1.7222
326mHIS: 05,08,25|3|1.7988
123mGLY: 07,24,29|3|3.1045
130mSER: 07,23,24|3|1.3735
250mGLY: 01,03,09|3|1.1998
299mTHR: 05,11,16|3|0.577
194mILE: 16,22,23|3|0.1598
261mALA: 00,26,27|3|0.9943
167mALA: 02,16,22|3|1.0501
218mGLY: 02,11,17|3|0.6617
123mASN: 07,24,29|3|2.7293
134mILE: 07,23,29|3|0.4789
261mMET: 00,26,27|3|1.5286
134mGLN: 07,23,29|3|0.3836
167mTHR: 02,16,22|3|0.6736
261mGLY: 00,26,27|3|2.1097
130mLEU: 07,23,24|3|1.8622
134mALA: 07,23,29|3|1.2628
123mGLN: 07,24,29|3|1.8667
250mALA: 01,03,09|3|1.3159
261mPHE: 00,26,27|3|0.4399
194mGLU: 16,22,23|3|1.02
127mVAL: 07,24,29|3|0.6819
167mILE: 02,16,22|3|0.8658
218mSER: 02,11,17|3|0.9394
167mLEU: 02,16,22|3|0.7258
123mTYR: 07,24,29|3|0.5753
235mTHR: 09,13,20|3|1.6358
159mGLY: 01,03,09|3|2.0611
297mALA: 02,05,16|3|1.4649
130mASP: 07,23,24|3|1.716
261mASP: 00,26,27|3|0.7135
134mVAL: 07,23,29|3|0.9942
167mASP: 02,16,22|3|0.5231
134mHIS: 07,23,29|3|1.0226
299mGLU: 05,11,16|3|0.8468
123mSER: 07,24,29|3|2.9505
167mGLN: 02,16,22|3|0.3999
217mTHR: 14,16,17|3|1.2359
217mLYS: 14,16,17|3|0.7239
261mLEU: 00,26,27|3|1.1874
161mALA: 01,03,22|3|0.6971
261mVAL: 00,26,27|3|1.0518
127mHIS: 07,24,29|3|0.3864
299mASN: 05,11,16|3|0.447
217mGLU: 14,16,17|3|1.69
194mSER: 16,22,23|3|0.7704
326mMET: 05,08,25|3|2.0396
123mASP: 07,24,29|3|1.3677
322mGLU: 05,08,25|3|2.138
261mTRP: 00,26,27|3|1.0292
194mLYS: 16,22,23|3|0.3424
217mSER: 14,16,17|3|1.4402
159mILE: 01,03,09|3|0.8798
326mTRP: 05,08,25|3|1.1064
130mPHE: 07,23,24|3|1.8393
235mASN: 09,13,20|3|1.1206
194mASN: 16,22,23|3|0.868
261mGLU: 00,26,27|3|1.8102
190mTHR: 02,16,22|3|0.0726
123mILE: 07,24,29|3|1.2475
159mHIS: 01,03,09|3|1.3707
253mGLN: 09,13,20|3|0.5526
261mGLN: 00,26,27|3|1.2605
123mVAL: 07,24,29|3|1.8397
261mSER: 00,26,27|3|1.8202
261mTHR: 00,26,27|3|1.5229
322mTHR: 05,08,25|3|1.2681
326mGLU: 05,08,25|3|2.6658
159mSER: 01,03,09|3|1.4769
130mTRP: 07,23,24|3|1.6242
134mSER: 07,23,29|3|0.7764
261mASN: 00,26,27|3|1.7421
126mGLU: 07,24,29|3|1.0136
326mLEU: 05,08,25|3|1.7435
194mALA: 16,22,23|3|0.268
261mILE: 00,26,27|3|0.5638
134mTHR: 07,23,29|3|0.7221
130mHIS: 07,23,24|3|1.0965
134mGLY: 07,23,29|3|1.2555
159mLEU: 01,03,09|3|1.065
130mCYS: 07,23,24|3|2.1549
167mGLY: 02,16,22|3|1.047
123mLEU: 07,24,29|3|2.0192
261mHIS: 00,26,27|3|1.9867
167mVAL: 02,16,22|3|0.8108
212mASP: 17,19,21|3|0.3325
123mHIS: 07,24,29|3|2.7586
130mTHR: 07,23,24|3|2.1523
123mPHE: 07,24,29|3|1.0422
218mTHR: 02,11,17|3|0.6682
194mTHR: 16,22,23|3|0.7384
261mLYS: 00,26,27|3|0.4061
167mTRP: 02,16,22|3|0.3378
190mGLY: 02,16,22|3|0.4301
250mGLU: 01,03,09|3|1.1402
161mGLY: 01,03,22|3|0.5025
123mALA: 07,24,29|3|1.9467
441mGLU: 02,05,25|3|0.1001
130mILE: 07,23,24|3|1.7646
212mTHR: 17,19,21|3|0.147
299mSER: 05,11,16|3|0.6867
196mGLN: 24,29|2|0.8018
271mTHR: 11,14|2|0.0266
197mASN: 24,29|2|0.4289
231mASN: 13,20|2|0.1586
132mSER: 07,29|2|0.5958
321mGLU: 05,25|2|0.5746
197mSER: 24,29|2|0.6188
305mTHR: 10,11|2|0.4429
271mGLN: 11,14|2|0.6448
210mTHR: 15,29|2|0.0776
284mSER: 02,16|2|0.5948
139mTHR: 14,17|2|0.5552
269mLEU: 10,12|2|0.4417
249mASN: 01,03|2|1.3375
329mHIS: 05,25|2|0.4192
163mGLY: 01,03|2|0.3416
249mILE: 01,03|2|0.4804
157mGLY: 01,03|2|0.6291
197mLEU: 24,29|2|0.7753
329mTHR: 05,25|2|0.6732
231mSER: 13,20|2|0.1549
138mVAL: 14,29|2|0.1378
237mASP: 09,13|2|0.3154
316mMET: 08,25|2|0.7057
132mLEU: 07,29|2|0.179
139mGLU: 14,17|2|0.8174
163mASN: 01,03|2|0.6806
436mGLY: 05,25|2|0.5737
163mALA: 01,03|2|0.0806
329mGLY: 05,25|2|0.4302
249mHIS: 01,03|2|0.9929
321mSER: 05,25|2|0.2491
163mVAL: 01,03|2|0.03
138mGLU: 14,29|2|0.2766
359mGLU: 16,22|2|0.6149
196mVAL: 24,29|2|0.5075
436mASN: 05,25|2|0.6648
201mSER: 09,13|2|0.7964
284mALA: 02,16|2|0.6689
321mTHR: 05,25|2|0.3605
157mSER: 01,03|2|0.5756
316mHIS: 08,25|2|0.8789
316mGLN: 08,25|2|0.3128
316mLYS: 08,25|2|0.3581
249mLYS: 01,03|2|0.8098
269mGLN: 10,12|2|0.2578
436mSER: 05,25|2|0.638
272mPRO: 10,11|2|0.3814
249mMET: 01,03|2|0.7923
135mSER: 07,29|2|0.8021
290mLEU: 05,16|2|1.4631
316mALA: 08,25|2|0.44
290mPRO: 05,16|2|0.771
329mSER: 05,25|2|0.9865
138mASN: 14,29|2|0.399
316mILE: 08,25|2|0.1215
329mGLN: 05,25|2|0.7068
329mLYS: 05,25|2|0.4873
139mGLY: 14,17|2|0.4268
290mGLY: 05,16|2|1.3167
305mCYS: 10,11|2|1.5514
305mHIS: 10,11|2|0.5454
305mGLN: 10,11|2|0.7636
249mPHE: 01,03|2|0.2648
290mASN: 05,16|2|0.7406
207mTHR: 15,27|2|0.2071
329mALA: 05,25|2|0.3154
138mLEU: 14,29|2|0.162
290mTHR: 05,16|2|1.1733
442mALA: 02,16|2|0.7407
321mGLY: 05,25|2|0.4071
132mHIS: 07,29|2|0.8066
196mSER: 24,29|2|0.9571
201mTRP: 09,13|2|1.0082
290mALA: 05,16|2|1.6547
271mPRO: 11,14|2|0.18
201mPRO: 09,13|2|0.8248
132mASN: 07,29|2|0.168
132mGLU: 07,29|2|0.5506
201mASP: 09,13|2|1.6806
135mTHR: 07,29|2|0.2991
442mGLU: 02,16|2|0.4396
201mLEU: 09,13|2|1.3547
305mTYR: 10,11|2|0.307
305mTRP: 10,11|2|0.6572
193mGLU: 07,23|2|0.7851
249mSER: 01,03|2|1.4428
271mASN: 11,14|2|0.063
163mGLU: 01,03|2|0.8326
138mGLN: 14,29|2|0.2688
196mASN: 24,29|2|0.3881
249mTHR: 01,03|2|1.3966
305mILE: 10,11|2|0.8074
201mTHR: 09,13|2|1.4636
196mTHR: 24,29|2|0.5322
157mHIS: 01,03|2|0.4878
305mPRO: 10,11|2|0.9861
272mTHR: 10,11|2|0.228
271mLEU: 11,14|2|0.0964
132mTHR: 07,29|2|0.4618
237mGLU: 09,13|2|0.4662
316mVAL: 08,25|2|0.3635
292mALA: 05,25|2|0.3435
193mTHR: 07,23|2|0.3914
135mGLY: 07,29|2|0.7909
272mGLU: 10,11|2|0.2014
442mLYS: 02,16|2|0.1171
272mGLN: 10,11|2|0.8462
329mVAL: 05,25|2|0.3892
290mASP: 05,16|2|1.5306
272mSER: 10,11|2|0.8226
237mTHR: 09,13|2|0.0984
272mLEU: 10,11|2|0.2978
138mSER: 14,29|2|0.421
157mMET: 01,03|2|0.2252
316mGLY: 08,25|2|0.91
272mASN: 10,11|2|0.2644
442mCYS: 02,16|2|1.2782
163mLYS: 01,03|2|0.155
305mASP: 10,11|2|1.8018
196mASP: 24,29|2|0.6982
272mHIS: 10,11|2|0.1192
316mTHR: 08,25|2|0.9061
138mTRP: 14,29|2|0.1908
201mHIS: 09,13|2|0.4908
362mHIS: 02,16|2|0.2822
321mHIS: 05,25|2|0.3465
157mTHR: 01,03|2|0.3763
290mILE: 05,16|2|1.0278
197mPRO: 24,29|2|0.7338
201mCYS: 09,13|2|1.6359
138mTHR: 14,29|2|0.3154
210mSER: 15,29|2|0.004
201mILE: 09,13|2|1.1713
329mGLU: 05,25|2|0.8007
272mVAL: 10,11|2|0.181
196mLEU: 24,29|2|0.4152
290mGLN: 05,16|2|1.3916
316mLEU: 08,25|2|0.4316
210mASN: 15,29|2|0.1236
290mPHE: 05,16|2|0.8099
201mPHE: 09,13|2|1.0456
138mALA: 14,29|2|0.0498
138mGLY: 14,29|2|0.4774
249mGLY: 01,03|2|1.2148
201mGLN: 09,13|2|1.3179
316mSER: 08,25|2|0.9891
201mMET: 09,13|2|0.8833
196mGLU: 24,29|2|0.6957
305mPHE: 10,11|2|1.1143
269mPRO: 10,12|2|0.1129
271mSER: 11,14|2|0.6212
231mGLU: 13,20|2|0.4863
207mGLU: 15,27|2|0.46
196mALA: 24,29|2|0.5379
232mASN: 13,20|2|0.7948
163mSER: 01,03|2|0.583
316mASN: 08,25|2|0.824
249mASP: 01,03|2|0.3209
163mHIS: 01,03|2|0.1518
132mMET: 07,29|2|0.6326
207mGLN: 15,27|2|0.0912
272mLYS: 10,11|2|0.2522
305mSER: 10,11|2|1.0323
201mASN: 09,13|2|0.6849
271mLYS: 11,14|2|0.0508
249mALA: 01,03|2|0.8281
290mVAL: 05,16|2|1.4977
139mASN: 14,17|2|0.7266
197mGLN: 24,29|2|0.9749
138mHIS: 14,29|2|0.6692
436mTHR: 05,25|2|0.5164
232mGLY: 13,20|2|0.8361
201mALA: 09,13|2|1.3199
305mASN: 10,11|2|0.4241
316mGLU: 08,25|2|1.0913
249mVAL: 01,03|2|0.6823
436mGLU: 05,25|2|0.6184
139mSER: 14,17|2|0.64
201mVAL: 09,13|2|1.3652
201mGLY: 09,13|2|1.0217
249mLEU: 01,03|2|0.6657
232mTHR: 13,20|2|0.678
329mASN: 05,25|2|0.7562
201mGLU: 09,13|2|1.8314
269mGLU: 10,12|2|0.3172
305mLEU: 10,11|2|1.7414
292mGLY: 05,25|2|0.1307
290mLYS: 05,16|2|0.6224
290mHIS: 05,16|2|0.8093
232mSER: 13,20|2|0.7801
305mGLY: 10,11|2|2.0235
290mSER: 05,16|2|1.5799
305mVAL: 10,11|2|1.2744
305mGLU: 10,11|2|1.3502
232mGLU: 13,20|2|1.1837
135mGLU: 07,29|2|0.8677
132mGLY: 07,29|2|0.679
138mMET: 14,29|2|0.5516
196mLYS: 24,29|2|0.3092
305mALA: 10,11|2|1.768
196mHIS: 24,29|2|0.3612
442mASP: 02,16|2|0.5692
290mGLU: 05,16|2|1.6673
284mLEU: 02,16|2|0.7575
321mMET: 05,25|2|0.2968
284mCYS: 02,16|2|1.1399
249mGLN: 01,03|2|0.5511
163mTHR: 01,03|2|0.551
290mCYS: 05,16|2|1.5487
210mGLU: 15,29|2|0.398
249mGLU: 01,03|2|1.742
321mGLN: 05,25|2|0.198
