265mLYS: 00,03,04,06,07,13,14,17|8|4.0984
265mALA: 00,03,04,06,07,13,14,17|8|4.1474
165mLYS: 09,10,18,19,20,23,25,28|8|4.6937
265mASN: 00,03,04,06,07,13,14,17|8|6.0719
265mGLU: 00,03,04,06,07,13,14,17|8|5.17
165mASN: 09,10,18,19,20,23,25,28|8|3.5027
165mSER: 09,10,18,19,20,23,25,28|8|2.5168
265mMET: 00,03,04,06,07,13,14,17|8|3.8496
265mTHR: 00,03,04,06,07,13,14,17|8|6.0194
265mSER: 00,03,04,06,07,13,14,17|8|5.6002
165mILE: 09,10,18,19,20,23,25,28|8|1.8079
165mGLY: 09,10,18,19,20,23,25,28|8|3.2406
265mGLN: 00,03,04,06,07,13,14,17|8|2.9472
165mTHR: 09,10,18,19,20,23,25,28|8|3.3302
165mALA: 09,10,18,19,20,23,25,28|8|3.9597
165mVAL: 09,10,18,19,20,23,25,28|8|2.6903
265mHIS: 00,03,04,06,07,13,14,17|8|5.7397
265mGLY: 00,03,04,06,07,13,14,17|8|6.2105
265mILE: 00,03,04,06,07,13,14,17|8|2.0858
164mTHR: 09,10,18,19,20,25,28|7|4.141
164mILE: 09,10,18,19,20,25,28|7|2.1894
164mGLU: 09,10,18,19,20,25,28|7|4.6969
164mLYS: 09,10,18,19,20,25,28|7|4.6074
164mGLY: 09,10,18,19,20,25,28|7|4.0972
164mALA: 09,10,18,19,20,25,28|7|5.7947
164mSER: 09,10,18,19,20,25,28|7|3.2793
146mILE: 00,04,07,13,14,22|6|1.2363
244mGLY: 09,10,16,19,23,29|6|1.6315
146mGLY: 00,04,07,13,14,22|6|3.8973
146mLYS: 00,04,07,13,14,22|6|2.6942
242mGLY: 09,10,19,20,23,25|6|4.1685
180mGLY: 00,03,04,07,13,14|6|3.6849
147mGLY: 00,03,04,07,13,14|6|1.5722
242mALA: 09,10,19,20,23,25|6|4.553
242mVAL: 09,10,19,20,23,25|6|2.3268
180mALA: 00,03,04,07,13,14|6|5.2293
180mLYS: 00,03,04,07,13,14|6|3.4421
244mSER: 09,10,16,19,23,29|6|1.1633
180mGLU: 00,03,04,07,13,14|6|3.7331
242mLEU: 09,10,19,20,23,25|6|1.6023
180mTHR: 00,03,04,07,13,14|6|3.0968
180mLEU: 00,03,04,07,13,14|6|1.5045
146mALA: 00,04,07,13,14,22|6|4.3688
146mVAL: 00,04,07,13,14,22|6|2.0184
180mSER: 00,03,04,07,13,14|6|3.3697
178mVAL: 00,03,04,07,13|5|1.5621
178mSER: 00,03,04,07,13|5|1.6902
293mLEU: 01,19,20,25,28|5|1.2009
293mGLY: 01,19,20,25,28|5|2.6373
178mLYS: 00,03,04,07,13|5|1.5628
229mGLY: 00,03,04,06,17|5|1.1255
167mALA: 18,19,20,25,28|5|3.2082
178mGLY: 00,03,04,07,13|5|2.321
167mTHR: 18,19,20,25,28|5|1.9918
167mGLU: 18,19,20,25,28|5|2.3864
293mGLU: 01,19,20,25,28|5|1.9733
167mLYS: 18,19,20,25,28|5|2.1174
243mTHR: 09,10,20,23,25|5|1.047
194mILE: 09,10,19,23,25|5|1.0134
293mASP: 01,19,20,25,28|5|2.2788
167mILE: 18,19,20,25,28|5|1.5768
167mLEU: 18,19,20,25,28|5|1.5508
167mGLN: 18,19,20,25,28|5|1.0846
190mHIS: 09,10,19,23,28|5|1.4415
243mGLU: 09,10,20,23,25|5|3.7658
167mASP: 18,19,20,25,28|5|2.1612
178mTHR: 00,03,04,07,13|5|1.8552
293mTHR: 01,19,20,25,28|5|1.6904
293mSER: 01,19,20,25,28|5|1.6685
194mVAL: 09,10,19,23,25|5|2.0905
194mSER: 09,10,19,23,25|5|1.8569
293mALA: 01,19,20,25,28|5|2.7678
194mLYS: 09,10,19,23,25|5|2.1942
178mHIS: 00,03,04,07,13|5|2.3938
178mASN: 00,03,04,07,13|5|1.8823
178mALA: 00,03,04,07,13|5|1.7837
194mGLY: 09,10,19,23,25|5|2.9156
194mALA: 09,10,19,23,25|5|3.1842
167mGLY: 18,19,20,25,28|5|2.3787
190mGLY: 09,10,19,23,28|5|1.3094
167mHIS: 18,19,20,25,28|5|1.0453
194mLEU: 09,10,19,23,25|5|1.1925
167mSER: 18,19,20,25,28|5|2.2978
359mGLY: 18,19,20,27,28|5|1.1997
440mGLU: 01,18,20,28|4|2.5605
440mLYS: 01,18,20,28|4|3.0284
401mTHR: 05,08,11,21|4|1.2975
267mVAL: 00,07,13,14|4|1.1462
440mLEU: 01,18,20,28|4|2.0362
438mGLU: 01,18,20,28|4|2.6718
401mGLY: 05,08,11,21|4|1.1192
336mSER: 11,15,21,26|4|1.442
217mGLY: 09,12,22,25|4|1.6272
267mTHR: 00,07,13,14|4|1.1886
290mGLY: 01,18,20,28|4|1.4139
440mSER: 01,18,20,28|4|2.6345
440mMET: 01,18,20,28|4|1.0033
290mALA: 01,18,20,28|4|1.4754
440mTHR: 01,18,20,28|4|1.9601
261mALA: 00,04,06,17|4|2.2058
261mMET: 00,04,06,17|4|3.5516
267mLYS: 00,07,13,14|4|1.5014
120mGLY: 03,07,14,22|4|1.2941
261mGLY: 00,04,06,17|4|4.4819
440mASP: 01,18,20,28|4|1.7994
440mALA: 01,18,20,28|4|4.214
324mGLY: 05,08,11,21|4|1.4925
261mASP: 00,04,06,17|4|1.1439
440mILE: 01,18,20,28|4|2.0118
440mGLY: 01,18,20,28|4|2.896
261mLEU: 00,04,06,17|4|1.9412
336mGLU: 11,15,21,26|4|1.403
324mTHR: 05,08,11,21|4|1.3065
261mVAL: 00,04,06,17|4|1.5359
440mCYS: 01,18,20,28|4|3.311
401mALA: 05,08,11,21|4|1.8223
219mLYS: 09,10,19,25|4|1.4665
219mGLY: 09,10,19,25|4|1.637
438mALA: 01,18,20,28|4|2.9813
267mGLY: 00,07,13,14|4|1.277
438mGLY: 01,18,20,28|4|2.1324
261mGLU: 00,04,06,17|4|4.0311
141mGLU: 07,12,14,22|4|1.0208
261mGLN: 00,04,06,17|4|2.5977
261mSER: 00,04,06,17|4|4.1901
261mTHR: 00,04,06,17|4|4.0934
336mTHR: 11,15,21,26|4|1.0265
261mASN: 00,04,06,17|4|4.0557
336mGLY: 11,15,21,26|4|1.3335
438mLYS: 01,18,20,28|4|1.7934
401mLYS: 05,08,11,21|4|1.7307
336mHIS: 11,15,21,26|4|1.5801
440mHIS: 01,18,20,28|4|1.5277
261mILE: 00,04,06,17|4|1.4318
401mVAL: 05,08,11,21|4|1.1722
290mLYS: 01,18,20,28|4|1.5185
261mHIS: 00,04,06,17|4|4.6265
290mSER: 01,18,20,28|4|1.0208
261mLYS: 00,04,06,17|4|2.252
267mALA: 00,07,13,14|4|1.683
136mVAL: 12,16,22|3|1.2791
400mSER: 05,11,21|3|1.9924
403mLYS: 05,11,21|3|1.4095
121mGLU: 07,14,22|3|1.1049
136mLYS: 12,16,22|3|1.1462
280mASN: 06,08,25|3|1.0536
136mALA: 12,16,22|3|1.5003
377mGLU: 05,11,21|3|1.2221
403mALA: 05,11,21|3|1.7838
281mTHR: 20,25,28|3|1.5274
136mMET: 12,16,22|3|1.6488
246mCYS: 02,16,29|3|1.002
354mGLY: 18,20,28|3|1.1441
280mGLU: 06,08,25|3|1.0369
280mHIS: 06,08,25|3|1.3254
354mLYS: 18,20,28|3|1.7303
357mALA: 18,20,28|3|1.9119
357mLYS: 18,20,28|3|1.6112
204mSER: 02,16,17|3|1.1548
136mGLU: 12,16,22|3|1.5123
193mGLY: 09,19,25|3|1.2004
377mLYS: 05,11,21|3|1.1378
400mGLY: 05,11,21|3|2.3036
162mASP: 18,19,28|3|1.0813
193mGLU: 09,19,25|3|1.1325
136mTHR: 12,16,22|3|1.2523
204mGLY: 02,16,17|3|1.4276
354mILE: 18,20,28|3|1.1607
400mTHR: 05,11,21|3|1.3705
281mASN: 20,25,28|3|1.3074
400mHIS: 05,11,21|3|1.0422
400mGLU: 05,11,21|3|1.8234
136mASN: 12,16,22|3|1.1668
281mSER: 20,25,28|3|1.6509
136mSER: 12,16,22|3|1.7512
281mGLU: 20,25,28|3|2.2024
377mASP: 05,11,21|3|1.4712
354mVAL: 18,20,28|3|1.3747
136mGLY: 12,16,22|3|1.92
136mILE: 12,16,22|3|1.0808
377mGLY: 05,11,21|3|1.0667
439mLYS: 01,20,26|3|1.5484
193mASN: 09,19,25|3|1.1479
136mHIS: 12,16,22|3|1.8367
345mALA: 15,24,27|3|1.3371
281mASP: 20,25,28|3|2.0884
281mLYS: 20,25,28|3|1.0694
377mALA: 05,11,21|3|1.8557
354mALA: 18,20,28|3|1.9351
357mGLY: 18,20,28|3|1.4762
337mGLY: 11,15,21|3|1.006
281mGLY: 20,25,28|3|1.6758
136mLEU: 12,16,22|3|1.4195
