164mGLU: 02,03,08,09,10,11,19,23,24,25,26,28,29|13|12.2364
165mGLU: 02,03,08,09,10,11,19,23,24,25,26,28,29|13|8.4905
165mPRO: 02,03,08,09,10,11,19,23,24,25,26,28,29|13|6.12
165mASN: 02,03,08,09,10,11,19,23,24,25,26,28,29|13|7.4044
165mHIS: 02,03,08,09,10,11,19,23,24,25,26,28,29|13|5.9405
165mSER: 02,03,08,09,10,11,19,23,24,25,26,28,29|13|8.2303
165mGLY: 02,03,08,09,10,11,19,23,24,25,26,28,29|13|10.2983
165mASP: 02,03,08,09,10,11,19,23,24,25,26,28,29|13|7.1458
164mTHR: 02,03,08,09,10,11,19,23,24,25,26,28,29|13|11.6764
165mGLN: 02,03,08,09,10,11,19,23,24,25,26,28,29|13|5.1801
165mTHR: 02,03,08,09,10,11,19,23,24,25,26,28,29|13|9.7229
165mVAL: 02,03,08,09,10,11,19,23,24,25,26,28,29|13|6.4734
242mALA: 03,08,09,10,11,13,19,23,24,26,28,29|12|7.3237
242mGLU: 03,08,09,10,11,13,19,23,24,26,28,29|12|11.4688
242mTHR: 03,08,09,10,11,13,19,23,24,26,28,29|12|11.1468
242mASN: 03,08,09,10,11,13,19,23,24,26,28,29|12|10.1798
146mGLY: 05,06,07,12,14,15,18,20,22,27|10|4.7941
146mASN: 05,06,07,12,14,15,18,20,22,27|10|4.4725
146mTHR: 05,06,07,12,14,15,18,20,22,27|10|4.7137
146mASP: 05,06,07,12,14,15,18,20,22,27|10|7.209
146mGLU: 05,06,07,12,14,15,18,20,22,27|10|6.0283
146mSER: 05,06,07,12,14,15,18,20,22,27|10|3.7132
249mHIS: 00,02,08,10,11,19,24,26,28|9|1.3192
168mCYS: 03,09,10,11,23,25,26,28,29|9|2.8117
249mSER: 00,02,08,10,11,19,24,26,28|9|2.0522
249mTHR: 00,02,08,10,11,19,24,26,28|9|2.1117
249mGLY: 00,02,08,10,11,19,24,26,28|9|2.6387
249mASP: 00,02,08,10,11,19,24,26,28|9|3.0327
249mGLU: 00,02,08,10,11,19,24,26,28|9|2.4418
163mGLU: 02,03,08,19,23,24,26,29|8|1.4225
178mGLU: 05,06,07,12,15,17,18,22|8|1.4218
162mASP: 02,03,08,19,23,24,26|7|1.777
162mCYS: 02,03,08,19,23,24,26|7|3.1443
268mASP: 06,07,12,14,15,20,27|7|2.4984
190mTHR: 09,10,11,25,26,28,29|7|1.7374
167mASN: 09,11,23,26,28,29|6|3.1104
281mLEU: 09,11,16,25,26,29|6|1.2309
143mGLU: 05,06,07,12,14,20|6|1.6945
167mMET: 09,11,23,26,28,29|6|2.2633
356mGLY: 09,11,23,25,26,28|6|2.1669
167mSER: 09,11,23,26,28,29|6|4.0973
281mLYS: 09,11,16,25,26,29|6|1.6066
281mTHR: 09,11,16,25,26,29|6|2.0982
244mGLY: 03,10,11,13,19,28|6|1.708
167mHIS: 09,11,23,26,28,29|6|2.739
244mASP: 03,10,11,13,19,28|6|2.6979
167mGLU: 09,11,23,26,28,29|6|4.7387
167mGLY: 09,11,23,26,28,29|6|4.3208
359mGLU: 09,11,23,25,26,28|6|1.9651
281mGLN: 09,11,16,25,26,29|6|1.4667
167mLYS: 09,11,23,26,28,29|6|3.5194
143mTHR: 05,06,07,12,14,20|6|1.2136
167mALA: 09,11,23,26,28,29|6|4.7242
143mASP: 05,06,07,12,14,20|6|3.0443
167mILE: 09,11,23,26,28,29|6|3.8908
167mLEU: 09,11,23,26,28,29|6|3.395
143mGLY: 05,06,07,12,14,20|6|1.9219
167mGLN: 09,11,23,26,28,29|6|2.2783
281mALA: 09,11,16,25,26,29|6|2.3612
356mGLU: 09,11,23,25,26,28|6|2.9602
359mHIS: 09,11,23,25,26,28|6|1.549
281mHIS: 09,11,16,25,26,29|6|2.6893
356mTHR: 09,11,23,25,26,28|6|1.8
244mGLU: 03,10,11,13,19,28|6|3.0646
269mSER: 06,14,17,18,22,27|6|1.4188
281mSER: 09,11,16,25,26,29|6|2.4442
281mGLU: 09,11,16,25,26,29|6|1.9735
356mHIS: 09,11,23,25,26,28|6|2.7019
359mSER: 09,11,23,25,26,28|6|1.8507
167mTHR: 09,11,23,26,28,29|6|3.5761
356mSER: 09,11,23,25,26,28|6|2.2796
356mASN: 09,11,23,25,26,28|6|2.0884
281mASP: 09,11,16,25,26,29|6|2.0152
143mCYS: 05,06,07,12,14,20|6|3.1875
120mGLU: 05,06,07,12,15,20|6|1.5743
359mASP: 09,11,23,25,26,28|6|2.5649
281mGLY: 09,11,16,25,26,29|6|2.8536
167mTRP: 09,11,23,26,28,29|6|1.8241
194mCYS: 10,11,23,28,29|5|3.6906
241mCYS: 03,11,13,23,28|5|2.8411
194mGLU: 10,11,23,28,29|5|1.5413
241mALA: 03,11,13,23,28|5|1.77
277mGLU: 09,17,25,27,29|5|2.374
241mVAL: 03,11,13,23,28|5|1.1696
194mVAL: 10,11,23,28,29|5|1.4533
177mTHR: 05,06,07,15,22|5|1.2076
194mGLY: 10,11,23,28,29|5|2.5116
241mILE: 03,11,13,23,28|5|1.2295
277mASN: 09,17,25,27,29|5|1.2402
194mLEU: 10,11,23,28,29|5|1.3086
267mCYS: 06,12,15,17|4|1.1868
267mMET: 06,12,15,17|4|1.2175
262mGLU: 12,17,18,22|4|1.5957
251mASN: 00,02,08,24|4|1.3886
172mGLY: 09,11,28,29|4|1.4962
251mTHR: 00,02,08,24|4|2.0831
267mGLY: 06,12,15,17|4|2.3327
267mTHR: 06,12,15,17|4|1.9679
267mGLU: 06,12,15,17|4|2.1657
267mHIS: 06,12,15,17|4|1.3685
172mGLU: 09,11,28,29|4|3.3561
172mTHR: 09,11,28,29|4|2.6278
267mLYS: 06,12,15,17|4|1.5681
264mGLU: 17,18,22,27|4|1.2677
261mGLY: 12,17,18,22|4|1.8594
172mASN: 09,11,28,29|4|1.8558
251mGLU: 00,02,08,24|4|2.3363
251mSER: 00,02,08,24|4|1.2603
261mASP: 12,17,18,22|4|3.3438
264mASP: 17,18,22,27|4|2.2977
261mPRO: 12,17,18,22|4|1.3539
262mASP: 12,17,18,22|4|1.069
267mALA: 06,12,15,17|4|2.5126
267mSER: 06,12,15,17|4|2.1998
261mGLU: 12,17,18,22|4|2.9514
251mASP: 00,02,08,24|4|2.3387
261mSER: 12,17,18,22|4|1.6789
261mTHR: 12,17,18,22|4|2.359
267mLEU: 06,12,15,17|4|1.0682
261mASN: 12,17,18,22|4|2.2895
267mILE: 06,12,15,17|4|1.1948
261mCYS: 12,17,18,22|4|2.0977
171mCYS: 11,14,20,29|4|1.5451
261mLYS: 12,17,18,22|4|2.028
172mSER: 09,11,28,29|4|1.4308
267mGLN: 06,12,15,17|4|1.4384
267mASP: 06,12,15,17|4|2.744
235mGLU: 00,02,24|3|1.6843
273mGLY: 17,18,27|3|1.9734
220mCYS: 09,14,20|3|1.8603
220mALA: 09,14,20|3|1.4511
274mGLN: 06,14,20|3|1.0856
201mLEU: 00,02,24|3|1.2945
220mILE: 09,14,20|3|1.106
229mCYS: 12,17,22|3|1.2205
274mLEU: 06,14,20|3|1.0
273mASN: 17,18,27|3|1.1476
140mGLY: 07,14,20|3|1.5369
235mGLY: 00,02,24|3|1.1255
273mLYS: 17,18,27|3|1.3062
303mSER: 06,20,27|3|1.064
201mASP: 00,02,24|3|1.3395
274mGLU: 06,14,20|3|1.2459
235mASP: 00,02,24|3|1.8906
273mPRO: 17,18,27|3|1.0388
201mTHR: 00,02,24|3|1.1311
274mHIS: 06,14,20|3|1.3112
220mGLU: 09,14,20|3|1.7487
229mTHR: 12,17,22|3|1.0688
303mTHR: 06,20,27|3|1.4293
220mASP: 09,14,20|3|1.2453
273mCYS: 17,18,27|3|2.8087
274mTHR: 06,14,20|3|1.2086
201mCYS: 00,02,24|3|2.4007
201mILE: 00,02,24|3|1.1065
273mASP: 17,18,27|3|2.5465
201mGLU: 00,02,24|3|1.3103
273mSER: 17,18,27|3|1.4084
273mGLN: 17,18,27|3|1.1159
235mCYS: 00,02,24|3|2.4286
273mGLU: 17,18,27|3|2.3781
274mGLY: 06,14,20|3|1.2061
274mASN: 06,14,20|3|1.0258
140mCYS: 07,14,20|3|2.476
220mTHR: 09,14,20|3|1.3446
201mALA: 00,02,24|3|1.3064
273mTHR: 17,18,27|3|1.3538
140mALA: 07,14,20|3|1.8857
192mCYS: 09,28,29|3|1.2924
303mALA: 06,20,27|3|1.3536
274mMET: 06,14,20|3|1.4006
