242mGLU: 00,02,04,07,08,09,10,11,16,19,21,26,28,29|14|6.9276
244mGLU: 00,02,04,06,09,10,11,19,20,21,28,29|12|7.1111
164mILE: 00,02,07,08,09,10,16,19,21,26,29|11|2.8854
165mGLU: 00,02,07,08,09,10,16,19,26,28,29|11|8.2179
165mSER: 00,02,07,08,09,10,16,19,26,28,29|11|5.8957
164mVAL: 00,02,07,08,09,10,16,19,21,26,29|11|3.9601
165mGLY: 00,02,07,08,09,10,16,19,26,28,29|11|7.1256
165mGLN: 00,02,07,08,09,10,16,19,26,28,29|11|3.8538
165mHIS: 00,02,07,08,09,10,16,19,26,28,29|11|3.4054
164mALA: 00,02,07,08,09,10,16,19,21,26,29|11|5.7097
165mTHR: 00,02,07,08,09,10,16,19,26,28,29|11|6.4586
165mALA: 00,02,07,08,09,10,16,19,26,28,29|11|9.0221
193mGLU: 00,06,07,08,18,19,21,26,28|9|2.5028
146mCYS: 01,03,05,12,15,17,18,23|8|8.4684
146mTHR: 01,03,05,12,15,17,18,23|8|5.0795
146mASP: 01,03,05,12,15,17,18,23|8|6.2906
146mGLN: 01,03,05,12,15,17,18,23|8|1.9801
146mGLU: 01,03,05,12,15,17,18,23|8|7.7724
146mGLY: 01,03,05,12,15,17,18,23|8|3.3606
146mALA: 01,03,05,12,15,17,18,23|8|5.0668
275mTHR: 01,03,05,12,18,22,23|7|1.5792
130mGLU: 00,06,07,11,20,26,28|7|4.4615
130mGLY: 00,06,07,11,20,26,28|7|3.1937
191mCYS: 00,04,09,16,18,26,29|7|3.2006
130mALA: 00,06,07,11,20,26,28|7|4.1174
140mTHR: 01,04,05,15,18,19,23|7|2.4278
130mASP: 00,06,07,11,20,26,28|7|3.8945
130mILE: 00,06,07,11,20,26,28|7|3.295
191mALA: 00,04,09,16,18,26,29|7|3.1016
130mHIS: 00,06,07,11,20,26,28|7|2.0586
275mGLU: 01,03,05,12,18,22,23|7|1.7917
130mTHR: 00,06,07,11,20,26,28|7|3.7997
191mGLY: 00,04,09,16,18,26,29|7|1.4386
303mGLY: 01,05,12,15,18,23|6|3.5526
303mVAL: 01,05,12,15,18,23|6|1.4352
158mGLU: 02,09,10,16,20,29|6|2.1197
190mGLU: 04,09,19,21,26,29|6|1.0013
167mTHR: 07,09,19,21,26,29|6|2.8555
167mGLU: 07,09,19,21,26,29|6|3.6297
167mGLY: 07,09,19,21,26,29|6|3.0124
303mSER: 01,05,12,15,18,23|6|3.7797
219mGLU: 04,06,07,09,18,26|6|1.6493
167mSER: 07,09,19,21,26,29|6|2.7868
167mLYS: 07,09,19,21,26,29|6|2.6741
303mASN: 01,05,12,15,18,23|6|2.8431
180mGLY: 01,03,12,17,23,24|6|4.0952
141mSER: 01,05,15,17,18,23|6|1.5092
167mPRO: 07,09,19,21,26,29|6|1.4171
167mALA: 07,09,19,21,26,29|6|3.2462
303mGLU: 01,05,12,15,18,23|6|4.5703
167mILE: 07,09,19,21,26,29|6|2.733
303mTHR: 01,05,12,15,18,23|6|3.4679
167mLEU: 07,09,19,21,26,29|6|1.994
167mGLN: 07,09,19,21,26,29|6|1.5623
190mCYS: 04,09,19,21,26,29|6|4.3779
303mASP: 01,05,12,15,18,23|6|2.6678
180mCYS: 01,03,12,17,23,24|6|4.6328
180mALA: 01,03,12,17,23,24|6|6.7229
167mASP: 07,09,19,21,26,29|6|2.3129
219mGLY: 04,06,07,09,18,26|6|2.7135
141mTHR: 01,05,15,17,18,23|6|2.1134
190mASP: 04,09,19,21,26,29|6|1.0275
180mSER: 01,03,12,17,23,24|6|2.7965
303mALA: 01,05,12,15,18,23|6|2.9654
167mTRP: 07,09,19,21,26,29|6|1.2783
251mGLY: 02,09,16,20,29|5|3.5362
127mGLY: 02,06,11,20,28|5|1.6985
251mTHR: 02,09,16,20,29|5|3.1144
251mASN: 02,09,16,20,29|5|2.3449
127mGLU: 02,06,11,20,28|5|1.2043
251mGLU: 02,09,16,20,29|5|4.1394
251mSER: 02,09,16,20,29|5|2.8239
251mLYS: 02,09,16,20,29|5|2.3427
161mGLY: 02,10,16,26,29|5|1.207
171mGLU: 05,15,19,21|4|1.7109
273mGLY: 03,22,23,24|4|2.0077
178mSER: 01,15,23,24|4|1.8948
178mLYS: 01,15,23,24|4|2.6836
273mALA: 03,22,23,24|4|2.727
136mLYS: 05,06,15,18|4|1.0963
178mGLY: 01,15,23,24|4|2.4684
120mTHR: 05,15,17,23|4|1.2965
267mTHR: 01,12,17,18|4|1.6971
178mLEU: 01,15,23,24|4|1.0738
267mGLU: 01,12,17,18|4|1.775
178mARG: 01,15,23,24|4|1.1519
273mMET: 03,22,23,24|4|1.2833
136mGLU: 05,06,15,18|4|2.1558
273mILE: 03,22,23,24|4|2.0499
273mPRO: 03,22,23,24|4|1.453
249mASN: 09,10,20,29|4|1.0177
249mTHR: 09,10,20,29|4|1.2584
178mGLU: 01,15,23,24|4|2.2554
267mLYS: 01,12,17,18|4|2.1359
178mASP: 01,15,23,24|4|2.0634
136mASP: 05,06,15,18|4|1.5405
136mTHR: 05,06,15,18|4|1.2172
273mTHR: 03,22,23,24|4|1.7275
249mSER: 09,10,20,29|4|1.463
181mALA: 03,17,23,24|4|1.0805
181mCYS: 03,17,23,24|4|1.8864
178mTHR: 01,15,23,24|4|2.6772
267mASN: 01,12,17,18|4|1.0313
267mALA: 01,12,17,18|4|2.1204
273mCYS: 03,22,23,24|4|3.0055
136mASN: 05,06,15,18|4|1.9274
273mLEU: 03,22,23,24|4|1.9147
136mSER: 05,06,15,18|4|1.4832
273mHIS: 03,22,23,24|4|1.0699
178mHIS: 01,15,23,24|4|1.539
178mGLN: 01,15,23,24|4|1.4784
249mGLY: 09,10,20,29|4|1.6021
178mASN: 01,15,23,24|4|1.8207
273mSER: 03,22,23,24|4|1.2207
273mGLN: 03,22,23,24|4|1.3424
136mGLY: 05,06,15,18|4|1.5645
178mALA: 01,15,23,24|4|2.1985
178mILE: 01,15,23,24|4|1.5297
273mGLU: 03,22,23,24|4|1.6884
249mASP: 09,10,20,29|4|1.6754
126mGLU: 02,06,11,20|4|1.2266
267mILE: 01,12,17,18|4|1.147
249mGLU: 09,10,20,29|4|2.1563
196mGLN: 02,04,11|3|1.4887
196mALA: 02,04,11|3|1.53
196mGLU: 02,04,11|3|1.9972
300mTHR: 05,18,26|3|1.2356
196mCYS: 02,04,11|3|2.5055
122mTHR: 05,15,17|3|1.3915
300mALA: 05,18,26|3|2.0948
163mGLU: 02,10,29|3|1.0838
196mTHR: 02,04,11|3|2.0587
122mLYS: 05,15,17|3|1.4486
163mLYS: 02,10,29|3|1.425
196mASP: 02,04,11|3|1.7515
196mILE: 02,04,11|3|1.4765
196mLEU: 02,04,11|3|1.294
196mGLY: 02,04,11|3|1.49
306mTHR: 03,12,23|3|1.0048
357mALA: 09,21,27|3|1.0122
163mSER: 02,10,29|3|1.1679
300mLYS: 05,18,26|3|1.6734
163mGLY: 02,10,29|3|1.4215
