M = 391 412 414 
345 347 370 | 393 440 443 | 391 438 440 | 349 351 454 | 438 439 440 | 407 409 410 | 401 403 419 | 339 342 376 | 435 440 443 | 347 351 370 | 400 401 403 | 358 450 454 | 388 390 411 | 435 440 443 | 394 443 444 | 345 346 370 | 351 364 370 | 435 440 443 | 345 346 370 | 407 410 411 | 346 347 370 | 440 441 443 | 339 342 406 | 379 419 421 | 355 362 445 | 339 403 407 | 394 401 403 | 365 368 370 | 370 450 451 | 435 438 439 | 339 403 404 | 342 345 346 | 339 405 408 | 351 370 450 | 394 441 443 | 391 438 440 | 341 345 375 | 400 401 403 | 380 419 421 | 432 443 445 | 388 407 411 | 342 345 375 | 388 434 435 | 400 401 430 | 400 401 403 | 434 438 440 | 366 387 391 | 

M = 165 190 194 
164 165 249 | 130 194 220 | 127 130 196 | 196 241 242 | 164 165 249 | 162 164 165 | 123 126 127 | 194 196 242 | 193 196 242 | 164 165 249 | 194 242 244 | 194 243 245 | 123 126 127 | 123 127 134 | 164 165 249 | 159 162 251 | 193 194 242 | 194 242 244 | 196 241 242 | 162 167 253 | 164 165 249 | 194 196 242 | 194 241 242 | 235 249 251 | 

M = 146 150 267 
146 265 267 | 145 146 267 | 152 167 173 | 182 226 231 | 149 263 267 | 146 265 267 | 146 178 267 | 120 124 208 | 262 265 267 | 146 265 267 | 232 259 261 | 146 147 267 | 258 259 261 | 146 265 267 | 150 257 258 | 119 120 123 | 144 146 149 | 228 229 259 | 146 175 267 | 

FREQUENCIES
267: 13
146: 12
194: 10
370: 9
440: 9
242: 9
165: 8
443: 8
403: 7
401: 6
196: 6
249: 6
345: 6
164: 6
265: 5
438: 5
435: 5
339: 5
407: 4
346: 4
400: 4
123: 4
127: 4
391: 4
342: 4
150: 4
351: 4
347: 3
411: 3
419: 3
394: 3
241: 3
388: 3
450: 3
259: 3
162: 3
130: 2
261: 2
126: 2
410: 2
375: 2
190: 2
193: 2
421: 2
441: 2
445: 2
244: 2
439: 2
434: 2
454: 2
258: 2
251: 2
167: 2
149: 2
120: 2
406: 1
341: 1
349: 1
409: 1
408: 1
263: 1
262: 1
124: 1
379: 1
412: 1
376: 1
134: 1
393: 1
390: 1
119: 1
414: 1
368: 1
364: 1
365: 1
362: 1
444: 1
245: 1
243: 1
380: 1
432: 1
430: 1
451: 1
387: 1
178: 1
253: 1
175: 1
173: 1
257: 1
405: 1
182: 1
404: 1
229: 1
228: 1
226: 1
220: 1
366: 1
152: 1
159: 1
235: 1
231: 1
232: 1
147: 1
144: 1
145: 1
208: 1
355: 1
358: 1
