D106n1.txt,0, | 158 163 250 | 130 194 220 | 146 150 178 | ,Score: 0

D106n2.txt,0, | 388 407 411 | 393 440 443 | 389 432 435 | ,Score: 0

D110n1.txt,0, | 146 149 266 | 147 150 264 | 126 130 196 | ,Score: 0

D110n2.txt,0, | 393 401 430 | 436 438 440 | 391 435 439 | ,Score: 0

D204n1.txt,0, | 191 196 241 | 124 207 226 | 163 165 249 | ,Score: 0

D204n2.txt,0, | 402 419 420 | 376 381 419 | 392 412 414 | ,Score: 0

D206n1.txt,0, | 148 179 262 | 163 165 168 | 168 171 191 | ,Score: 0

D206n2.txt,0, | 363 392 444 | 351 367 372 | 403 405 414 | ,Score: 0

D214n1.txt,0, | 175 262 267 | 147 266 267 | 165 190 194 | ,Score: 0

D214n2.txt,0, | 366 367 389 | 389 391 412 | 391 435 439 | ,Score: 0

D301n1.txt,0, | 149 262 267 | 165 190 194 | 228 259 262 | ,Score: 0

D301n2.txt,0, | 435 440 443 | 401 403 419 | 388 407 410 | ,Score: 0

D302n1.txt,0, | 190 194 219 | 163 164 249 | 143 147 175 | ,Score: 0

D302n2.txt,0, | 388 390 435 | 401 403 419 | 388 407 410 | ,Score: 0

D305n1.txt,0, | 178 261 265 | 152 167 171 | 149 262 267 | ,Score: 0

D305n2.txt,0, | 347 370 450 | 392 440 443 | 339 403 406 | ,Score: 0

D307n1.txt,0, | 229 259 262 | 147 150 178 | 165 190 194 | ,Score: 0

D307n2.txt,0, | 398 420 424 | 390 432 435 | 402 405 414 | ,Score: 0

D312n1.txt,0, | 167 171 173 | 130 194 220 | 124 127 135 | ,Score: 0

D312n2.txt,0, | 395 402 418 | 366 392 413 | 350 426 454 | ,Score: 0

D318n1.txt,0, | 130 193 241 | 163 165 249 | 146 150 267 | ,Score: 0

D318n2.txt,0, | 391 432 440 | 402 404 405 | 400 402 419 | ,Score: 0

D323n1.txt,0, | 150 172 256 | 149 262 267 | 126 130 196 | ,Score: 0

D323n2.txt,0, | 394 401 404 | 351 372 450 | 391 393 440 | ,Score: 0

D324n1.txt,0, | 149 178 262 | 156 165 249 | 122 137 141 | ,Score: 0

D324n2.txt,0, | 391 432 440 | 366 389 414 | 401 430 432 | ,Score: 0

D410n1.txt,0, | 130 190 194 | 149 263 267 | 151 233 258 | ,Score: 0

D410n2.txt,0, | 394 401 432 | 362 443 445 | 385 405 408 | ,Score: 0

D430n1.txt,0, | 156 164 249 | 228 259 261 | 157 163 165 | ,Score: 0

D430n2.txt,0, | 400 403 419 | 391 434 439 | 393 401 430 | ,Score: 0

D431n1.txt,0, | 130 194 220 | 122 135 141 | 165 194 239 | ,Score: 0

D431n2.txt,0, | 401 416 419 | 434 439 442 | 387 391 414 | ,Score: 0

