M = 231 259 261 
258 259 261 | 261 262 263 | 149 261 263 | 229 261 262 | 120 124 208 | 178 229 262 | 147 149 178 | 232 259 261 | 258 259 261 | 230 258 259 | 149 261 265 | 228 229 259 | 

M = 167 172 190 
143 144 177 | 242 243 244 | 242 243 244 | 193 194 242 | 193 194 220 | 124 207 208 | 242 243 244 | 126 127 196 | 194 242 243 | 152 167 173 | 171 172 190 | 157 159 251 | 194 242 245 | 157 158 251 | 193 194 220 | 157 159 251 | 194 243 245 | 248 249 251 | 124 127 208 | 126 127 208 | 196 244 245 | 144 147 149 | 152 171 173 | 124 127 208 | 196 242 244 | 159 163 251 | 194 242 245 | 149 173 175 | 123 127 208 | 152 167 172 | 194 242 244 | 190 218 219 | 152 173 257 | 193 194 242 | 152 171 173 | 152 167 172 | 152 172 257 | 193 194 242 | 242 247 248 | 158 160 251 | 248 249 251 | 167 169 171 | 169 190 218 | 248 249 251 | 167 171 173 | 194 242 245 | 194 196 244 | 158 159 251 | 139 141 142 | 196 197 248 | 

M = 393 401 430 
356 444 445 | 343 345 346 | 393 440 443 | 419 420 421 | 391 412 414 | 342 380 381 | 435 440 443 | 395 400 401 | 347 351 370 | 437 438 440 | 345 346 370 | 394 400 401 | 437 438 440 | 345 346 370 | 394 400 401 | 391 438 440 | 346 347 370 | 345 346 375 | 390 413 414 | 355 362 445 | 345 346 370 | 363 392 444 | 393 401 432 | 400 401 430 | 388 434 435 | 342 345 375 | 387 388 391 | 438 439 440 | 376 379 380 | 

FREQUENCIES
242: 13
194: 12
251: 9
261: 8
167: 8
172: 7
244: 7
152: 7
345: 6
346: 6
190: 6
440: 6
259: 6
173: 6
401: 6
208: 6
127: 5
370: 5
196: 5
193: 5
243: 5
248: 5
245: 5
171: 5
149: 5
400: 4
124: 4
438: 4
159: 4
262: 3
393: 3
391: 3
249: 3
258: 3
229: 3
157: 3
158: 3
218: 2
347: 2
342: 2
220: 2
126: 2
414: 2
375: 2
394: 2
443: 2
445: 2
444: 2
380: 2
388: 2
437: 2
435: 2
430: 2
178: 2
257: 2
169: 2
147: 2
144: 2
263: 2
265: 1
219: 1
139: 1
120: 1
123: 1
412: 1
413: 1
419: 1
376: 1
197: 1
392: 1
390: 1
395: 1
379: 1
421: 1
420: 1
362: 1
363: 1
247: 1
381: 1
439: 1
434: 1
432: 1
387: 1
177: 1
175: 1
343: 1
228: 1
160: 1
163: 1
230: 1
231: 1
232: 1
142: 1
143: 1
207: 1
141: 1
356: 1
355: 1
351: 1
