D106n1.txt,0, | 229 259 261 | 175 178 261 | 193 215 216 | ,Score: 0

D106n2.txt,0, | 394 443 445 | 389 410 414 | 389 432 435 | ,Score: 0

D110n1.txt,0, | 242 243 244 | 194 242 243 | 193 194 220 | ,Score: 0

D110n2.txt,0, | ,Score: 0

D204n1.txt,0, | 201 226 231 | 123 127 208 | 196 241 244 | ,Score: 0

D204n2.txt,0, | 376 381 420 | 381 402 419 | 342 380 381 | ,Score: 0

D206n1.txt,0, | 143 148 175 | 228 259 262 | 148 179 263 | ,Score: 0

D206n2.txt,0, | 363 392 444 | 372 375 418 | 367 372 415 | ,Score: 0

D214n1.txt,0, | 190 194 219 | 167 171 173 | 171 190 219 | ,Score: 0

D214n2.txt,0, | ,Score: 0

D216n1.txt,0, | 167 172 190 | 157 249 251 | 242 245 248 | ,Score: 0

D216n2.txt,0, | ,Score: 0

D228n1.txt,0, | 190 194 219 | 158 235 249 | 193 194 220 | ,Score: 0

D228n2.txt,0, | ,Score: 0

D229n1.txt,0, | 158 163 249 | 194 239 245 | 163 249 251 | ,Score: 0

D229n2.txt,0, | ,Score: 0

D301n1.txt,0, | 123 127 208 | 228 259 262 | 120 123 208 | ,Score: 0

D301n2.txt,0, | 388 390 435 | 351 364 370 | 389 410 411 | ,Score: 0

D302n1.txt,0, | 141 143 222 | 140 219 222 | 144 147 149 | ,Score: 0

D302n2.txt,0, | 388 390 435 | 351 364 370 | 389 410 411 | ,Score: 0

D305n1.txt,0, | 229 259 262 | 149 262 265 | 178 262 265 | ,Score: 0

D305n2.txt,0, | 392 440 443 | 347 370 450 | 401 430 432 | ,Score: 0

D307n1.txt,0, | 148 179 262 | 229 259 262 | 193 196 242 | ,Score: 0

D307n2.txt,0, | 398 420 424 | 390 432 435 | 355 362 445 | ,Score: 0

D312n1.txt,0, | 158 163 250 | 159 163 251 | 194 242 245 | ,Score: 0

D312n2.txt,0, | ,Score: 0

D318n1.txt,0, | 229 259 261 | 175 178 261 | 124 127 135 | ,Score: 0

D318n2.txt,0, | 400 402 419 | 363 392 443 | 392 432 440 | ,Score: 0

D320n1.txt,0, | 156 157 167 | 194 242 245 | 190 217 218 | ,Score: 0

D320n2.txt,0, | ,Score: 0

D323n1.txt,0, | 152 173 257 | 167 172 190 | 152 171 172 | ,Score: 0

D323n2.txt,0, | ,Score: 0

D324n1.txt,0, | 153 167 172 | 152 172 257 | 190 193 218 | ,Score: 0

D324n2.txt,0, | ,Score: 0

D331n1.txt,0, | 190 194 240 | 157 163 250 | 156 249 251 | ,Score: 0

D331n2.txt,0, | ,Score: 0

D410n1.txt,0, | 152 258 259 | 152 167 171 | 169 171 218 | ,Score: 0

D410n2.txt,0, | ,Score: 0

D413n1.txt,0, | 163 249 250 | 167 171 190 | 194 242 245 | ,Score: 0

D413n2.txt,0, | ,Score: 0

D430n1.txt,0, | 149 261 265 | 196 242 248 | 182 228 261 | ,Score: 0

D430n2.txt,0, | 393 401 430 | 391 434 439 | 419 421 424 | ,Score: 0

D431n1.txt,0, | 237 239 251 | 139 212 220 | 128 193 239 | ,Score: 0

D431n2.txt,0, | 391 439 442 | 438 439 440 | 387 414 416 | ,Score: 0

