M = 167 172 190 
167 171 173 | 190 218 219 | 193 218 219 | 157 159 251 | 171 172 190 | 157 159 251 | 190 218 219 | 157 159 163 | 157 249 251 | 248 249 251 | 157 161 251 | 158 159 251 | 190 218 219 | 158 249 251 | 139 218 219 | 152 167 172 | 157 158 251 | 248 249 250 | 152 153 172 | 152 153 173 | 152 153 172 | 190 193 218 | 152 167 172 | 159 160 251 | 247 248 249 | 158 159 160 | 167 169 190 | 248 249 251 | 190 193 216 | 

M = 366 387 391 
388 391 435 | 410 412 414 | 389 390 434 | 351 362 364 | 366 391 392 | 434 436 439 | 409 410 411 | 363 366 391 | 435 436 439 | 393 435 436 | 

M = 362 442 444 
443 444 445 | 432 443 444 | 393 394 401 | 434 439 441 | 361 362 444 | 355 362 444 | 360 362 364 | 443 444 445 | 362 443 444 | 360 362 364 | 362 443 444 | 434 441 444 | 435 439 441 | 362 364 365 | 355 356 444 | 393 432 443 | 434 442 444 | 391 434 439 | 

FREQUENCIES
444: 11
190: 10
251: 10
362: 9
172: 8
167: 7
157: 6
159: 6
218: 6
443: 6
249: 6
434: 6
152: 5
219: 5
391: 5
439: 5
158: 4
364: 4
248: 4
435: 4
153: 3
393: 3
366: 3
441: 3
193: 3
436: 3
173: 2
171: 2
160: 2
360: 2
442: 2
445: 2
355: 2
410: 2
432: 2
216: 1
392: 1
390: 1
394: 1
139: 1
161: 1
401: 1
365: 1
411: 1
361: 1
250: 1
351: 1
247: 1
387: 1
388: 1
389: 1
163: 1
363: 1
414: 1
356: 1
409: 1
412: 1
169: 1
