D106n1.txt,0, | ,Score: 0

D106n2.txt,0, | 351 365 370 | 345 348 370 | 345 347 370 | ,Score: 0

D110n1.txt,0, | 123 127 134 | 177 182 262 | 123 127 210 | ,Score: 0

D110n2.txt,0, | ,Score: 0

D204n1.txt,0, | ,Score: 0

D204n2.txt,0, | 381 418 420 | 376 381 419 | 397 402 419 | ,Score: 0

D206n1.txt,0, | ,Score: 0

D206n2.txt,0, | 351 367 372 | 354 364 431 | 395 414 416 | ,Score: 0

D214n1.txt,0, | 123 127 134 | 147 150 178 | 182 229 262 | ,Score: 0

D214n2.txt,0, | ,Score: 0

D301n1.txt,0, | ,Score: 0

D301n2.txt,0, | 351 364 370 | 400 428 430 | 394 401 430 | ,Score: 0

D302n1.txt,0, | ,Score: 0

D302n2.txt,0, | 351 364 369 | 389 390 435 | 400 401 428 | ,Score: 0

D305n1.txt,0, | ,Score: 0

D305n2.txt,0, | 400 401 419 | 447 450 454 | 347 370 450 | ,Score: 0

D307n1.txt,0, | ,Score: 0

D307n2.txt,0, | 434 436 438 | 355 361 430 | 364 365 369 | ,Score: 0

D312n1.txt,0, | 158 163 250 | 249 250 251 | 158 159 163 | ,Score: 0

D312n2.txt,0, | ,Score: 0

D318n1.txt,0, | ,Score: 0

D318n2.txt,0, | 402 404 418 | 400 401 418 | 392 432 435 | ,Score: 0

D323n1.txt,0, | 149 183 262 | 229 259 262 | 183 259 262 | ,Score: 0

D323n2.txt,0, | ,Score: 0

D324n1.txt,0, | 134 139 219 | 149 178 262 | 123 127 208 | ,Score: 0

D324n2.txt,0, | ,Score: 0

D410n1.txt,0, | 193 196 242 | 149 261 263 | 123 127 208 | ,Score: 0

D410n2.txt,0, | ,Score: 0

D430n1.txt,0, | ,Score: 0

D430n2.txt,0, | 375 378 419 | 399 428 445 | 388 393 435 | ,Score: 0

D431n1.txt,0, | ,Score: 0

D431n2.txt,0, | 391 435 438 | 362 442 445 | 434 438 442 | ,Score: 0

