M = 158 249 251 
248 249 251 | 157 159 251 | 158 159 251 | 157 159 251 | 157 249 251 | 248 249 251 | 240 245 248 | 249 250 251 | 158 250 251 | 157 158 251 | 248 249 250 | 248 249 251 | 159 160 251 | 240 247 248 | 248 249 251 | 249 250 251 | 163 249 251 | 

M = 171 218 219 
193 218 219 | 193 218 219 | 139 218 219 | 139 217 218 | 152 153 172 | 152 153 173 | 152 153 172 | 152 153 172 | 

M = 362 442 444 
443 444 445 | 432 444 445 | 388 389 391 | 389 390 434 | 389 390 391 | 361 362 363 | 351 362 364 | 443 444 445 | 362 443 444 | 351 362 364 | 362 443 445 | 362 443 444 | 391 434 443 | 408 410 411 | 355 362 445 | 388 391 393 | 362 363 444 | 366 388 391 | 434 442 444 | 391 434 442 | 434 442 444 | 366 387 391 | 391 434 442 | 

FREQUENCIES
251: 15
362: 10
444: 10
249: 10
391: 8
248: 7
443: 6
442: 6
434: 6
218: 5
445: 5
153: 4
152: 4
157: 4
159: 4
158: 4
219: 4
250: 4
172: 3
388: 3
389: 3
390: 2
139: 2
366: 2
364: 2
363: 2
193: 2
351: 2
240: 2
217: 1
393: 1
173: 1
171: 1
160: 1
361: 1
245: 1
247: 1
387: 1
163: 1
355: 1
410: 1
411: 1
408: 1
432: 1
