D106n1.txt,0, | ,Score: 0

D106n2.txt,0, | 351 358 359 | 345 347 370 | 389 408 412 | ,Score: 0

D110n1.txt,0, | 177 182 262 | 149 177 262 | 123 210 224 | ,Score: 0

D110n2.txt,0, | ,Score: 0

D204n1.txt,0, | ,Score: 0

D204n2.txt,0, | 391 434 437 | 376 418 420 | 392 430 432 | ,Score: 0

D206n1.txt,0, | ,Score: 0

D206n2.txt,0, | 351 364 446 | 367 372 416 | 363 391 431 | ,Score: 0

D214n1.txt,0, | 123 134 136 | 147 150 178 | 182 229 262 | ,Score: 0

D214n2.txt,0, | ,Score: 0

D301n1.txt,0, | ,Score: 0

D301n2.txt,0, | 345 346 370 | 351 364 369 | 426 428 450 | ,Score: 0

D302n1.txt,0, | ,Score: 0

D302n2.txt,0, | 435 437 438 | 351 364 369 | 388 390 435 | ,Score: 0

D305n1.txt,0, | ,Score: 0

D305n2.txt,0, | 447 450 454 | 347 350 450 | 347 350 370 | ,Score: 0

D307n1.txt,0, | ,Score: 0

D307n2.txt,0, | 355 361 445 | 428 444 445 | 434 436 438 | ,Score: 0

D312n1.txt,0, | 190 194 219 | 158 163 250 | 158 249 251 | ,Score: 0

D312n2.txt,0, | ,Score: 0

D318n1.txt,0, | ,Score: 0

D318n2.txt,0, | 342 345 380 | 402 404 418 | 392 432 435 | ,Score: 0

D323n1.txt,0, | 122 124 135 | 182 229 262 | 149 178 261 | ,Score: 0

D323n2.txt,0, | ,Score: 0

D324n1.txt,0, | 149 178 262 | 193 196 242 | 120 123 208 | ,Score: 0

D324n2.txt,0, | ,Score: 0

D410n1.txt,0, | 147 149 262 | 193 196 242 | 203 228 232 | ,Score: 0

D410n2.txt,0, | ,Score: 0

D430n1.txt,0, | ,Score: 0

D430n2.txt,0, | 351 365 370 | 399 428 445 | 388 393 435 | ,Score: 0

D431n1.txt,0, | ,Score: 0

D431n2.txt,0, | 362 442 445 | 391 439 442 | 438 439 442 | ,Score: 0

