M = 123 134 136 
177 182 261 | 134 140 219 | 204 205 206 | 194 242 245 | 158 249 251 | 163 249 251 | 232 259 261 | 182 229 261 | 123 135 136 | 194 242 244 | 232 259 261 | 119 120 123 | 241 242 243 | 232 233 258 | 123 136 139 | 

M = 342 346 380 
343 344 377 | 343 344 346 | 341 342 376 | 420 421 427 | 343 344 377 | 402 404 405 | 

M = 351 366 369 
388 408 412 | 349 351 369 | 388 412 414 | 361 362 444 | 364 366 369 | 426 428 450 | 356 359 360 | 360 362 364 | 430 432 444 | 356 444 447 | 450 451 454 | 350 450 454 | 355 430 444 | 355 362 444 | 361 362 364 | 391 435 438 | 388 409 412 | 430 442 444 | 366 391 414 | 391 438 442 | 

FREQUENCIES
444: 6
123: 5
136: 4
362: 4
261: 4
450: 3
430: 3
391: 3
134: 3
232: 3
344: 3
343: 3
364: 3
369: 3
366: 3
242: 3
388: 3
412: 3
454: 2
259: 2
251: 2
438: 2
182: 2
346: 2
342: 2
442: 2
249: 2
194: 2
360: 2
414: 2
356: 2
355: 2
351: 2
361: 2
377: 2
243: 1
451: 1
219: 1
135: 1
177: 1
139: 1
119: 1
426: 1
233: 1
405: 1
428: 1
404: 1
341: 1
421: 1
420: 1
349: 1
427: 1
408: 1
205: 1
204: 1
140: 1
206: 1
120: 1
447: 1
402: 1
245: 1
241: 1
229: 1
409: 1
163: 1
380: 1
435: 1
244: 1
258: 1
359: 1
350: 1
158: 1
432: 1
376: 1
