D106n1.txt,0, | ,Score: 0

D106n2.txt,0, | 343 377 379 | 351 358 359 | 344 377 379 | ,Score: 0

D110n1.txt,0, | 177 261 264 | 123 210 224 | 204 205 206 | ,Score: 0

D110n2.txt,0, | ,Score: 0

D204n1.txt,0, | ,Score: 0

D204n2.txt,0, | 376 381 420 | 349 351 369 | 397 418 420 | ,Score: 0

D206n1.txt,0, | ,Score: 0

D206n2.txt,0, | 366 389 392 | 352 366 371 | 355 363 431 | ,Score: 0

D214n1.txt,0, | 134 136 140 | 123 134 136 | ,Score: 0

D214n2.txt,0, | ,Score: 0

D301n1.txt,0, | ,Score: 0

D301n2.txt,0, | 364 366 369 | 351 366 369 | 426 428 450 | ,Score: 0

D302n1.txt,0, | ,Score: 0

D302n2.txt,0, | 356 359 360 | 351 360 364 | 356 428 444 | ,Score: 0

D305n1.txt,0, | ,Score: 0

D305n2.txt,0, | 350 447 451 | 447 450 454 | 350 451 454 | ,Score: 0

D307n1.txt,0, | ,Score: 0

D307n2.txt,0, | 355 428 445 | 355 362 445 | 356 361 444 | ,Score: 0

D312n1.txt,0, | 190 194 219 | 158 163 250 | 163 249 251 | ,Score: 0

D312n2.txt,0, | ,Score: 0

D318n1.txt,0, | ,Score: 0

D318n2.txt,0, | 391 435 438 | 402 404 405 | 402 404 418 | ,Score: 0

D323n1.txt,0, | 229 259 261 | 149 183 261 | 122 124 135 | ,Score: 0

D323n2.txt,0, | ,Score: 0

D324n1.txt,0, | 193 196 242 | 149 261 263 | 120 123 208 | ,Score: 0

D324n2.txt,0, | ,Score: 0

D410n1.txt,0, | 193 196 242 | 232 258 261 | 120 123 208 | ,Score: 0

D410n2.txt,0, | ,Score: 0

D430n1.txt,0, | ,Score: 0

D430n2.txt,0, | 388 409 412 | ,Score: 0

D431n1.txt,0, | ,Score: 0

D431n2.txt,0, | 362 442 445 | 366 391 414 | 391 438 442 | ,Score: 0

