M = 351 366 369 
349 351 369 | 381 420 421 | 341 342 375 | 371 372 418 | 364 366 369 | 426 428 450 | 364 365 369 | 389 390 432 | 447 450 454 | 402 404 415 | 380 418 421 | 404 405 418 | 390 391 432 | 366 390 391 | 

M = 355 362 444 
354 355 426 | 444 445 446 | 362 364 365 | 356 444 447 | 355 430 444 | 362 364 365 | 362 442 444 | 

M = 193 196 241 
134 140 219 | 177 182 261 | 204 205 206 | 134 136 140 | 194 242 245 | 158 249 251 | 163 249 251 | 232 259 261 | 182 229 261 | 135 136 140 | 137 140 142 | 196 242 244 | 232 259 261 | 241 242 243 | 147 149 266 | 

FREQUENCIES
444: 5
369: 4
364: 4
362: 4
140: 4
261: 4
390: 3
366: 3
242: 3
365: 3
418: 3
355: 3
450: 2
196: 2
391: 2
136: 2
134: 2
251: 2
232: 2
182: 2
404: 2
421: 2
426: 2
447: 2
241: 2
432: 2
249: 2
259: 2
351: 2
243: 1
194: 1
454: 1
193: 1
219: 1
158: 1
137: 1
135: 1
177: 1
142: 1
402: 1
415: 1
428: 1
405: 1
341: 1
342: 1
420: 1
349: 1
147: 1
205: 1
204: 1
206: 1
442: 1
446: 1
445: 1
245: 1
381: 1
229: 1
389: 1
149: 1
163: 1
380: 1
244: 1
356: 1
354: 1
371: 1
372: 1
375: 1
430: 1
266: 1
