D106n1.txt,0, | ,Score: 0

D106n2.txt,0, | ,Score: 0

D110n1.txt,0, | 122 124 224 | 177 261 264 | 204 205 206 | ,Score: 0

D110n2.txt,0, | ,Score: 0

D204n1.txt,0, | ,Score: 0

D204n2.txt,0, | 349 351 369 | 375 418 420 | 342 375 381 | ,Score: 0

D206n1.txt,0, | ,Score: 0

D206n2.txt,0, | 351 369 372 | 355 361 444 | 396 432 445 | ,Score: 0

D214n1.txt,0, | 134 136 140 | ,Score: 0

D214n2.txt,0, | ,Score: 0

D301n1.txt,0, | ,Score: 0

D301n2.txt,0, | 364 366 369 | 351 360 364 | 351 366 369 | ,Score: 0

D302n1.txt,0, | ,Score: 0

D302n2.txt,0, | 351 365 369 | 351 362 365 | 389 390 432 | ,Score: 0

D305n1.txt,0, | ,Score: 0

D305n2.txt,0, | 447 450 454 | 356 444 447 | ,Score: 0

D307n1.txt,0, | ,Score: 0

D307n2.txt,0, | 355 428 445 | 355 362 445 | 364 365 369 | ,Score: 0

D312n1.txt,0, | 190 194 219 | 158 163 250 | 163 249 251 | ,Score: 0

D312n2.txt,0, | ,Score: 0

D318n1.txt,0, | ,Score: 0

D318n2.txt,0, | 402 404 415 | 402 405 418 | 404 405 418 | ,Score: 0

D323n1.txt,0, | 229 259 261 | 149 183 261 | 122 124 135 | ,Score: 0

D323n2.txt,0, | ,Score: 0

D324n1.txt,0, | 134 139 219 | 193 196 242 | 229 232 261 | ,Score: 0

D324n2.txt,0, | ,Score: 0

D410n1.txt,0, | 194 242 247 | 193 196 242 | 232 258 261 | ,Score: 0

D410n2.txt,0, | ,Score: 0

D430n1.txt,0, | ,Score: 0

D430n2.txt,0, | ,Score: 0

D431n1.txt,0, | ,Score: 0

D431n2.txt,0, | 390 432 435 | 366 387 391 | 432 442 444 | ,Score: 0

