165mGLN: 03,06,11,14,22,23,25|7|4.2403
164mHIS: 03,06,11,14,22,23,25|7|5.5878
164mGLU: 03,06,11,14,22,23,25|7|8.1599
165mTHR: 03,06,11,14,22,23,25|7|4.087
164mALA: 03,06,11,14,22,23,25|7|4.4417
165mASP: 03,06,11,14,22,23,25|7|3.1136
165mGLU: 03,06,11,14,22,23,25|7|4.3302
164mGLN: 03,06,11,14,22,23,25|7|3.3342
165mGLY: 03,06,11,14,22,23,25|7|4.1492
164mSER: 03,06,11,14,22,23,25|7|6.6042
164mTHR: 03,06,11,14,22,23,25|7|6.0552
164mGLY: 03,06,11,14,22,23,25|7|6.3039
165mHIS: 03,06,11,14,22,23,25|7|3.3849
165mSER: 03,06,11,14,22,23,25|7|3.6943
164mLYS: 03,06,11,14,22,23,25|7|5.5217
242mTHR: 06,11,14,22,23,25|6|1.5117
242mGLU: 06,11,14,22,23,25|6|2.8294
242mASP: 06,11,14,22,23,25|6|2.6445
243mGLY: 03,06,14,22,23,25|6|1.6602
243mHIS: 03,06,14,22,23,25|6|1.1715
168mGLU: 03,06,14,22,23,25|6|3.1213
359mCYS: 03,06,11,14,22|5|2.7812
359mTHR: 03,06,11,14,22|5|1.5422
359mGLY: 03,06,11,14,22|5|1.6847
159mGLU: 06,11,14,22|4|2.0076
191mALA: 03,14,23,25|4|1.5992
159mGLY: 06,11,14,22|4|1.9315
159mSER: 06,11,14,22|4|1.9606
191mCYS: 03,14,23,25|4|2.3861
191mTHR: 03,14,23,25|4|1.2542
158mGLY: 06,11,14,22|4|1.3001
158mHIS: 06,11,14,22|4|1.5125
248mGLU: 06,11,14,25|4|1.3141
249mLEU: 06,11,14,25|4|1.5061
158mASN: 06,11,14,22|4|1.075
249mALA: 06,11,14,25|4|1.3497
249mHIS: 06,11,14,25|4|1.5649
249mSER: 06,11,14,25|4|1.6954
249mASP: 06,11,14,25|4|1.0742
249mTHR: 06,11,14,25|4|1.5594
249mGLY: 06,11,14,25|4|1.6141
191mGLU: 03,14,23,25|4|1.3403
249mGLN: 06,11,14,25|4|1.7195
159mHIS: 06,11,14,22|4|2.485
249mGLU: 06,11,14,25|4|1.5716
167mASN: 06,22,23|3|1.3148
167mGLU: 06,22,23|3|1.6778
167mASP: 06,22,23|3|1.2586
167mGLN: 06,22,23|3|1.6169
167mSER: 06,22,23|3|1.3832
167mGLY: 06,22,23|3|1.3285
167mTHR: 06,22,23|3|1.3617
167mHIS: 06,22,23|3|1.1545
219mGLY: 03,23|2|1.4017
360mALA: 11,22|2|1.1898
219mTHR: 03,23|2|1.3833
219mSER: 03,23|2|1.1515
219mHIS: 03,23|2|1.0222
219mGLU: 03,23|2|1.1602
219mLYS: 03,23|2|1.3173
219mALA: 03,23|2|1.5671
219mVAL: 03,23|2|1.0643
