262mALA: 00,04,07,08,15,19,28,29|8|4.015
262mGLY: 00,04,07,08,15,19,28,29|8|3.3183
136mALA: 05,06,16,17,23,26,27|7|6.4648
229mHIS: 00,04,07,08,15,19,20|7|2.1011
229mGLY: 00,04,07,08,15,19,20|7|1.5572
229mSER: 00,04,07,08,15,19,20|7|1.7479
146mCYS: 00,04,05,07,10,28,29|7|4.5004
136mGLU: 05,06,16,17,23,26,27|7|5.2489
146mTHR: 00,04,05,07,10,28,29|7|4.9577
261mALA: 00,04,07,08,15,19,28|7|4.7143
136mASP: 05,06,16,17,23,26,27|7|3.4229
136mTHR: 05,06,16,17,23,26,27|7|5.8627
229mMET: 00,04,07,08,15,19,20|7|1.5082
119mASP: 00,04,05,08,10,16,26|7|2.4265
146mGLU: 00,04,05,07,10,28,29|7|6.5651
136mGLN: 05,06,16,17,23,26,27|7|2.5326
261mGLU: 00,04,07,08,15,19,28|7|5.1271
119mGLU: 00,04,05,08,10,16,26|7|2.7192
136mGLY: 05,06,16,17,23,26,27|7|5.3841
136mILE: 05,06,16,17,23,26,27|7|2.7239
136mLEU: 05,06,16,17,23,26,27|7|3.3914
146mASP: 00,04,05,07,10,28,29|7|3.4622
127mTHR: 06,11,16,17,26,27|6|2.0092
134mGLU: 06,11,17,23,26,27|6|7.0565
134mASP: 06,11,17,23,26,27|6|4.3588
127mGLU: 06,11,16,17,26,27|6|2.0896
134mALA: 06,11,17,23,26,27|6|4.8374
134mVAL: 06,11,17,23,26,27|6|3.3975
134mLEU: 06,11,17,23,26,27|6|4.353
134mSER: 06,11,17,23,26,27|6|2.8406
134mTHR: 06,11,17,23,26,27|6|5.1813
134mGLY: 06,11,17,23,26,27|6|3.2055
147mALA: 00,05,07,10,28,29|6|2.2901
263mGLU: 00,04,07,19,21,28|6|4.2237
182mASP: 00,08,10,15,19|5|3.1721
206mASP: 06,11,15,17,26|5|2.6949
245mALA: 02,06,11,17,27|5|1.0462
206mILE: 06,11,15,17,26|5|2.06
206mGLN: 06,11,15,17,26|5|2.7213
126mTHR: 06,11,16,17,26|5|2.491
126mGLU: 06,11,16,17,26|5|3.1877
206mSER: 06,11,15,17,26|5|1.7706
206mTHR: 06,11,15,17,26|5|2.3682
206mASN: 06,11,15,17,26|5|1.5134
141mALA: 00,05,10,16,23|5|1.5761
123mLYS: 06,16,17,26|4|1.7191
197mASN: 02,06,11,17|4|1.0112
130mGLU: 11,16,17,23|4|3.6873
130mGLN: 11,16,17,23|4|2.5003
123mMET: 06,16,17,26|4|2.1908
259mALA: 15,20,21,28|4|2.0386
123mGLU: 06,16,17,26|4|1.8666
130mCYS: 11,16,17,23|4|2.9199
135mSER: 06,16,17,26|4|1.692
135mALA: 06,16,17,26|4|2.0031
130mPRO: 11,16,17,23|4|2.0107
130mGLY: 11,16,17,23|4|1.9519
130mVAL: 11,16,17,23|4|2.0621
130mASN: 11,16,17,23|4|2.5944
123mTHR: 06,16,17,26|4|2.2311
130mALA: 11,16,17,23|4|2.1776
123mGLY: 06,16,17,26|4|2.5459
130mSER: 11,16,17,23|4|2.499
197mTHR: 02,06,11,17|4|1.3666
123mASN: 06,16,17,26|4|1.9825
123mSER: 06,16,17,26|4|2.1963
123mGLN: 06,16,17,26|4|1.3408
135mGLY: 06,16,17,26|4|1.8824
130mASP: 11,16,17,23|4|2.7457
130mILE: 11,16,17,23|4|2.5334
268mGLY: 04,05,07,28|4|1.3205
197mSER: 02,06,11,17|4|1.3495
259mTHR: 15,20,21,28|4|1.859
130mPHE: 11,16,17,23|4|2.4145
123mILE: 06,16,17,26|4|1.106
123mVAL: 06,16,17,26|4|1.7502
130mTRP: 11,16,17,23|4|1.8575
259mVAL: 15,20,21,28|4|1.1714
123mLEU: 06,16,17,26|4|1.5868
123mHIS: 06,16,17,26|4|2.5821
130mTHR: 11,16,17,23|4|3.1069
135mGLU: 06,16,17,26|4|1.5699
123mALA: 06,16,17,26|4|1.9818
193mGLU: 11,23,27|3|1.5628
178mSER: 00,19,29|3|1.2696
208mGLN: 08,15,26|3|1.5453
145mTHR: 00,10,29|3|1.7271
196mGLU: 11,16,17|3|1.612
208mASN: 08,15,26|3|1.4519
178mGLY: 00,19,29|3|1.3746
244mGLY: 06,11,27|3|2.2668
244mLEU: 06,11,27|3|1.4253
208mTHR: 08,15,26|3|1.5864
124mGLU: 11,16,26|3|1.11
400mVAL: 18,21,24|3|1.2884
244mVAL: 06,11,27|3|1.0213
196mGLY: 11,16,17|3|1.4307
196mSER: 11,16,17|3|1.5098
196mMET: 11,16,17|3|1.2264
400mASP: 18,21,24|3|1.0366
208mASP: 08,15,26|3|1.6779
178mGLU: 00,19,29|3|1.0022
196mTHR: 11,16,17|3|1.4268
400mTHR: 18,21,24|3|1.3713
244mHIS: 06,11,27|3|1.2537
196mASN: 11,16,17|3|1.3447
400mCYS: 18,21,24|3|3.6046
178mMET: 00,19,29|3|1.0096
178mTHR: 00,19,29|3|1.1776
244mGLU: 06,11,27|3|1.2657
400mGLU: 18,21,24|3|2.3697
244mSER: 06,11,27|3|1.5892
178mHIS: 00,19,29|3|1.5365
400mALA: 18,21,24|3|1.915
196mHIS: 11,16,17|3|1.3996
244mALA: 06,11,27|3|1.8589
178mALA: 00,19,29|3|1.4444
208mSER: 08,15,26|3|1.9705
208mGLU: 08,15,26|3|1.8889
244mCYS: 06,11,27|3|1.3345
400mLEU: 18,21,24|3|1.3255
145mGLU: 00,10,29|3|2.0342
283mILE: 18,21|2|1.2565
379mVAL: 18,24|2|1.0249
326mGLY: 18,24|2|1.1005
326mTHR: 18,24|2|1.7213
283mLEU: 18,21|2|1.6318
272mTHR: 21,28|2|1.4969
243mGLY: 02,27|2|1.3104
232mALA: 15,20|2|1.7613
122mLEU: 00,16|2|1.0208
419mCYS: 18,24|2|1.4507
251mTHR: 02,20|2|1.8654
232mLEU: 15,20|2|1.4585
232mILE: 15,20|2|1.1376
217mGLY: 23,27|2|1.1469
272mGLY: 21,28|2|1.4015
379mCYS: 18,24|2|1.1104
243mALA: 02,27|2|1.54
326mGLN: 18,24|2|1.0992
283mPHE: 18,21|2|1.1293
122mALA: 00,16|2|1.2881
326mSER: 18,24|2|1.1786
232mCYS: 15,20|2|2.426
122mGLY: 00,16|2|1.0573
243mCYS: 02,27|2|1.7111
283mASP: 18,21|2|1.8203
326mASP: 18,24|2|1.6946
283mVAL: 18,21|2|1.5258
283mGLY: 18,21|2|1.2334
251mGLU: 02,20|2|2.5352
379mLEU: 18,24|2|1.0162
251mSER: 02,20|2|1.1785
283mGLN: 18,21|2|1.3118
272mSER: 21,28|2|1.1866
122mCYS: 00,16|2|1.5527
272mHIS: 21,28|2|1.0371
283mSER: 18,21|2|1.0229
326mGLU: 18,24|2|2.401
217mGLU: 23,27|2|1.3859
272mALA: 21,28|2|2.0155
283mGLU: 18,21|2|2.1797
122mASP: 00,16|2|1.0786
122mGLU: 00,16|2|1.4365
272mVAL: 21,28|2|1.0182
122mTHR: 00,16|2|1.212
243mLEU: 02,27|2|1.0979
251mASP: 02,20|2|1.2976
272mLYS: 21,28|2|1.6814
283mCYS: 18,21|2|1.9006
251mALA: 02,20|2|1.1426
243mSER: 02,27|2|1.1138
232mGLY: 15,20|2|1.4131
283mTHR: 18,21|2|1.7287
251mCYS: 02,20|2|1.8989
401mHIS: 18,24|2|1.1667
283mALA: 18,21|2|1.6197
369mTHR: 25|1|1.4172
369mCYS: 25|1|1.0799
369mGLU: 25|1|1.4516
438mCYS: 25|1|1.3761
224mCYS: 00|1|1.0318
150mHIS: 21|1|1.0268
369mASN: 25|1|1.0368
235mCYS: 20|1|1.0415
284mCYS: 21|1|1.0415
