164mASP: 02,03,10,14,16,17,21,23,25,27|10|4.3637
164mGLU: 02,03,10,14,16,17,21,23,25,27|10|5.2283
164mGLY: 02,03,10,14,16,17,21,23,25,27|10|5.1697
164mTHR: 02,03,10,14,16,17,21,23,25,27|10|6.8657
164mLYS: 02,03,10,14,16,17,21,23,25,27|10|4.269
164mALA: 02,03,10,14,16,17,21,23,25,27|10|5.6001
164mSER: 02,03,10,14,16,17,21,23,25,27|10|3.7929
165mGLU: 02,03,10,16,25,27|6|1.1781
180mTHR: 00,01,05,06,13,18|6|5.4858
180mASN: 00,01,05,06,13,18|6|3.3283
146mCYS: 05,06,13,18,24|5|2.1068
162mHIS: 14,21,23,25,27|5|1.9319
262mTHR: 00,01,05,06,18|5|2.4497
262mCYS: 00,01,05,06,18|5|5.9791
262mPRO: 00,01,05,06,18|5|3.8994
361mGLY: 08,10,21,22,23|5|1.1448
263mASN: 00,05,06,18|4|2.7656
143mGLU: 05,13,18,24|4|2.8054
143mILE: 05,13,18,24|4|1.7839
229mPRO: 00,01,05,06|4|1.744
143mASN: 05,13,18,24|4|2.3695
263mASP: 00,05,06,18|4|3.4502
263mALA: 00,05,06,18|4|1.9038
368mCYS: 08,10,14,22|4|2.6089
263mPRO: 00,05,06,18|4|5.2783
263mTHR: 00,05,06,18|4|3.5522
143mASP: 05,13,18,24|4|3.3208
368mALA: 08,10,14,22|4|1.8249
143mPRO: 05,13,18,24|4|4.146
369mCYS: 10,11,14,22|4|4.1655
143mTHR: 05,13,18,24|4|3.5408
263mVAL: 00,05,06,18|4|2.1782
323mGLY: 04,09,12,20|4|1.4994
263mGLY: 00,05,06,18|4|1.2376
143mGLY: 05,13,18,24|4|1.6566
143mLEU: 05,13,18,24|4|1.3924
145mCYS: 05,13,18,24|4|2.2652
369mALA: 10,11,14,22|4|3.9863
281mLYS: 02,16,23,27|4|1.2575
263mCYS: 00,05,06,18|4|5.4045
281mCYS: 02,16,23,27|4|1.5129
263mILE: 00,05,06,18|4|1.1834
323mSER: 04,09,12,20|4|1.3869
143mALA: 05,13,18,24|4|2.3936
368mGLY: 08,10,14,22|4|1.56
369mVAL: 10,11,14,22|4|2.1229
143mCYS: 05,13,18,24|4|4.7047
369mILE: 10,11,14,22|4|1.9268
143mPHE: 05,13,18,24|4|1.3635
142mTHR: 05,13,18,24|4|1.4405
263mGLU: 00,05,06,18|4|2.1759
369mSER: 10,11,14,22|4|1.8355
143mVAL: 05,13,18,24|4|1.9675
369mLYS: 10,11,14,22|4|2.5029
356mLYS: 02,16,23,27|4|1.3333
440mGLU: 04,11,27|3|2.0358
363mCYS: 08,11,21|3|2.8536
400mSER: 09,12,20|3|1.5801
326mGLY: 04,09,20|3|1.0191
440mTHR: 04,11,27|3|2.2717
177mASP: 05,13,24|3|1.3051
438mTHR: 04,11,27|3|2.2353
363mPRO: 08,11,21|3|4.6998
167mMET: 23,25,27|3|1.2322
243mGLY: 02,03,16|3|1.1051
120mALA: 05,13,18|3|1.5061
119mSER: 05,13,18|3|1.238
400mILE: 09,12,20|3|1.7472
120mTHR: 05,13,18|3|2.0128
438mGLU: 04,11,27|3|2.2729
400mASN: 09,12,20|3|6.2786
438mASP: 04,11,27|3|2.7404
438mASN: 04,11,27|3|2.1756
400mVAL: 09,12,20|3|2.9418
177mTHR: 05,13,24|3|1.47
401mASP: 09,12,20|3|3.2601
120mPRO: 05,13,18|3|1.4468
401mASN: 09,12,20|3|2.7672
243mALA: 02,03,16|3|1.3137
440mPRO: 04,11,27|3|3.5572
119mLEU: 05,13,18|3|1.1646
327mALA: 09,12,20|3|1.4766
120mVAL: 05,13,18|3|1.1243
349mGLU: 10,21,22|3|2.9613
363mVAL: 08,11,21|3|1.2675
400mGLY: 09,12,20|3|3.34
349mVAL: 10,21,22|3|2.2707
438mPRO: 04,11,27|3|3.1397
119mCYS: 05,13,18|3|2.6514
243mCYS: 02,03,16|3|3.4888
349mTHR: 10,21,22|3|2.9054
400mPRO: 09,12,20|3|8.0062
400mASP: 09,12,20|3|5.4304
349mCYS: 10,21,22|3|5.2619
243mASP: 02,03,16|3|1.4949
119mGLY: 05,13,18|3|1.203
440mASP: 04,11,27|3|2.8792
440mALA: 04,11,27|3|1.6776
400mTHR: 09,12,20|3|5.6826
120mCYS: 05,13,18|3|4.1902
119mASP: 05,13,18|3|1.521
349mALA: 10,21,22|3|2.2745
261mASP: 01,05,06|3|1.5626
243mGLU: 02,03,16|3|1.9887
438mCYS: 04,11,27|3|4.1954
400mCYS: 09,12,20|3|4.8633
440mGLY: 04,11,27|3|1.1154
401mGLU: 09,12,20|3|1.4958
349mPRO: 10,21,22|3|2.8199
401mCYS: 09,12,20|3|4.5437
400mGLU: 09,12,20|3|3.6003
349mASN: 10,21,22|3|1.3597
438mALA: 04,11,27|3|1.1291
119mTHR: 05,13,18|3|1.9771
438mVAL: 04,11,27|3|1.144
363mASP: 08,11,21|3|2.4789
400mALA: 09,12,20|3|3.2868
438mGLY: 04,11,27|3|1.3806
261mGLU: 01,05,06|3|1.2692
119mGLU: 05,13,18|3|1.6157
120mASP: 05,13,18|3|1.0281
440mVAL: 04,11,27|3|1.5336
261mTHR: 01,05,06|3|1.9176
349mASP: 10,21,22|3|2.7484
440mCYS: 04,11,27|3|5.5595
400mLYS: 09,12,20|3|2.3903
363mTHR: 08,11,21|3|2.679
243mLYS: 02,03,16|3|1.9179
363mASN: 08,11,21|3|2.5473
401mPRO: 09,12,20|3|4.7648
177mCYS: 05,13,24|3|1.8969
119mALA: 05,13,18|3|2.5916
452mCYS: 10,21,22|3|1.9356
440mASN: 04,11,27|3|1.8875
327mCYS: 09,12,20|3|1.3671
167mHIS: 23,25,27|3|1.4615
119mLYS: 05,13,18|3|1.3395
167mSER: 23,25,27|3|1.0013
336mALA: 12,20|2|1.0001
324mCYS: 09,12|2|2.2152
251mGLY: 03,17|2|1.053
249mASN: 03,16|2|1.1921
293mGLY: 04,27|2|1.9241
411mCYS: 11,14|2|3.1478
442mPRO: 04,27|2|3.9784
163mASN: 03,16|2|2.011
251mALA: 03,17|2|1.413
403mPRO: 12,20|2|1.7414
163mASP: 03,16|2|1.9654
163mVAL: 03,16|2|1.1578
324mPRO: 09,12|2|3.446
316mHIS: 09,12|2|1.2108
316mLYS: 09,12|2|2.6126
182mTHR: 00,06|2|1.1269
339mALA: 12,20|2|1.2255
436mALA: 04,11|2|1.3226
251mTHR: 03,17|2|1.3594
324mVAL: 09,12|2|1.1578
316mALA: 09,12|2|3.0503
316mILE: 09,12|2|1.4303
441mCYS: 04,27|2|1.3178
436mCYS: 04,11|2|2.1454
293mASN: 04,27|2|2.4498
178mPRO: 00,01|2|2.773
444mPRO: 23,27|2|1.2631
316mLEU: 09,12|2|1.5055
249mPRO: 03,16|2|2.5168
158mCYS: 03,17|2|2.6093
403mCYS: 12,20|2|2.759
436mLEU: 04,11|2|1.5922
293mGLU: 04,27|2|1.4564
244mTHR: 02,16|2|1.2492
436mASP: 04,11|2|1.2114
293mASP: 04,27|2|1.5321
249mTHR: 03,16|2|1.5104
178mGLU: 00,01|2|1.1158
178mASP: 00,01|2|1.7232
242mALA: 16,17|2|1.1241
399mALA: 09,12|2|1.0458
136mTHR: 13,24|2|1.0095
242mCYS: 16,17|2|3.6699
250mALA: 03,17|2|1.0251
242mGLU: 16,17|2|1.337
444mCYS: 23,27|2|1.7544
316mVAL: 09,12|2|2.1406
251mGLU: 03,17|2|2.2905
178mCYS: 00,01|2|2.223
178mTHR: 00,01|2|2.1074
316mGLY: 09,12|2|2.1476
251mPRO: 03,17|2|1.0662
242mASP: 16,17|2|1.3644
163mPRO: 03,16|2|3.446
442mCYS: 04,27|2|3.7652
293mTHR: 04,27|2|2.2484
324mASP: 09,12|2|1.9654
316mTHR: 09,12|2|1.3223
244mGLU: 02,16|2|1.8958
324mTHR: 09,12|2|2.0988
324mASN: 09,12|2|2.011
293mSER: 04,27|2|1.0443
136mASN: 13,24|2|1.1349
251mVAL: 03,17|2|1.2745
249mCYS: 03,16|2|1.6264
293mALA: 04,27|2|1.8097
157mCYS: 03,17|2|2.9824
157mPRO: 03,17|2|1.9329
136mSER: 13,24|2|1.1679
442mTHR: 04,27|2|1.7864
436mVAL: 04,11|2|1.219
442mASN: 04,27|2|1.705
399mTHR: 09,12|2|2.2927
163mCYS: 03,16|2|2.2152
436mILE: 04,11|2|1.067
178mASN: 00,01|2|1.5586
244mALA: 02,16|2|1.1563
293mVAL: 04,27|2|1.3583
316mSER: 09,12|2|1.9102
251mASP: 03,17|2|1.7823
136mGLY: 13,24|2|1.2525
399mPRO: 09,12|2|3.6311
454mTHR: 21,25|2|1.2963
249mASP: 03,16|2|1.2516
339mTHR: 12,20|2|1.0845
242mLYS: 16,17|2|1.6746
399mASN: 09,12|2|2.4356
157mASP: 03,17|2|1.4476
436mTHR: 04,11|2|1.5252
436mPHE: 04,11|2|1.2186
250mCYS: 03,17|2|1.8175
136mHIS: 13,24|2|1.5402
454mASN: 21,25|2|1.336
316mGLU: 09,12|2|1.0582
436mGLU: 04,11|2|1.8826
336mCYS: 12,20|2|1.8021
251mCYS: 03,17|2|3.7842
244mCYS: 02,16|2|1.6779
136mMET: 13,24|2|1.3638
339mGLU: 12,20|2|1.6328
442mASP: 04,27|2|2.1976
403mASP: 12,20|2|1.4412
399mCYS: 09,12|2|1.8052
182mASN: 00,06|2|1.1248
163mTHR: 03,16|2|2.0988
303mGLY: 24|1|1.3013
286mPRO: 09|1|1.4479
402mPRO: 20|1|1.1441
288mCYS: 09|1|1.0919
217mCYS: 24|1|1.0562
288mPRO: 09|1|1.7073
291mCYS: 09|1|1.1076
443mASN: 27|1|1.0462
443mPRO: 27|1|1.6534
371mPRO: 22|1|1.384
288mTHR: 09|1|1.0337
210mCYS: 18|1|1.0415
290mASN: 27|1|1.2806
228mCYS: 00|1|1.0258
290mTHR: 27|1|1.3015
290mASP: 27|1|1.0652
396mPRO: 12|1|1.5666
259mCYS: 01|1|1.0955
218mCYS: 24|1|1.0415
291mASN: 09|1|1.0055
224mCYS: 18|1|1.0318
443mCYS: 27|1|1.3784
303mASP: 24|1|1.069
433mPRO: 11|1|1.1441
232mGLU: 01|1|1.0255
350mPRO: 22|1|1.4351
291mTHR: 09|1|1.0494
418mPRO: 20|1|1.5459
286mTHR: 09|1|1.0065
140mHIS: 24|1|1.0342
259mGLU: 01|1|1.131
260mPRO: 00|1|1.384
206mCYS: 03|1|1.0415
228mPRO: 00|1|1.6412
290mPRO: 27|1|1.7429
291mPRO: 09|1|1.723
290mCYS: 27|1|1.138
443mTHR: 27|1|1.3206
205mCYS: 03|1|1.0415
443mASP: 27|1|1.1285
