164mGLU: 09,16,18,26,27|5|4.1052
146mTHR: 01,03,10,24,25|5|2.3674
146mLYS: 01,03,10,24,25|5|2.5659
165mTHR: 13,16,18,26,27|5|1.0588
165mGLU: 13,16,18,26,27|5|1.2539
165mASN: 13,16,18,26,27|5|1.3855
165mHIS: 13,16,18,26,27|5|1.6879
165mSER: 13,16,18,26,27|5|1.286
165mGLY: 13,16,18,26,27|5|1.5714
146mGLU: 01,03,10,24,25|5|3.2248
165mGLN: 13,16,18,26,27|5|1.0114
146mALA: 01,03,10,24,25|5|3.0169
146mASP: 01,03,10,24,25|5|2.4877
144mLYS: 03,10,24,25|4|1.5513
147mSER: 01,03,10,24|4|1.4092
303mSER: 03,10,13,25|4|1.9788
217mASN: 09,10,13,25|4|3.6787
303mASN: 03,10,13,25|4|1.0978
147mGLY: 01,03,10,24|4|1.6861
303mGLU: 03,10,13,25|4|3.1441
303mTHR: 03,10,13,25|4|1.4507
303mASP: 03,10,13,25|4|2.3939
217mTHR: 09,10,13,25|4|3.5939
217mGLU: 09,10,13,25|4|4.0348
217mSER: 09,10,13,25|4|2.4825
144mASP: 03,10,24,25|4|1.5099
144mCYS: 03,10,24,25|4|5.9757
248mGLU: 22,26,27,28|4|1.0634
144mALA: 03,10,24,25|4|2.5501
144mGLU: 03,10,24,25|4|2.3445
171mGLU: 10,18,25|3|1.4696
280mASP: 09,13,18|3|1.4409
251mILE: 22,26,27|3|1.5086
280mGLU: 09,13,18|3|1.1716
220mTHR: 09,10,25|3|1.1967
251mGLY: 22,26,27|3|1.9486
293mLEU: 09,13,18|3|1.9006
293mGLY: 09,13,18|3|1.9654
179mGLU: 01,03,24|3|1.3749
190mSER: 09,13,18|3|1.0155
438mGLU: 09,15,18|3|1.7281
302mASP: 10,13,25|3|1.2968
220mLYS: 09,10,25|3|1.2204
220mALA: 09,10,25|3|1.3368
297mSER: 09,13,18|3|1.037
251mSER: 22,26,27|3|2.3583
158mGLU: 22,26,27|3|2.4364
220mSER: 09,10,25|3|1.164
266mASP: 03,10,25|3|1.2689
438mASN: 09,15,18|3|1.2291
190mGLU: 09,13,18|3|1.0864
297mGLU: 09,13,18|3|1.6812
251mPHE: 22,26,27|3|1.2647
293mTRP: 09,13,18|3|1.1425
251mTHR: 22,26,27|3|2.565
267mGLU: 03,10,25|3|1.3257
293mASN: 09,13,18|3|2.1298
190mLYS: 09,13,18|3|1.1603
293mGLN: 09,13,18|3|1.8756
251mASP: 22,26,27|3|2.4116
293mGLU: 09,13,18|3|3.9861
219mGLU: 09,13,18|3|1.0756
281mTHR: 09,13,18|3|1.0049
243mCYS: 16,18,28|3|6.3831
438mSER: 09,15,18|3|1.2945
158mASP: 22,26,27|3|1.5296
251mLEU: 22,26,27|3|1.703
243mASP: 16,18,28|3|1.4652
438mHIS: 09,15,18|3|1.0202
242mGLU: 16,18,28|3|3.5668
293mASP: 09,13,18|3|2.9189
220mGLU: 09,10,25|3|1.6655
251mGLU: 22,26,27|3|3.307
157mGLU: 22,26,27|3|1.9142
158mVAL: 22,26,27|3|1.5202
190mCYS: 09,13,18|3|2.2727
251mLYS: 22,26,27|3|1.6927
243mGLU: 16,18,28|3|3.6629
220mASN: 09,10,25|3|1.0061
251mPRO: 22,26,27|3|1.3717
190mALA: 09,13,18|3|1.8561
281mASN: 09,13,18|3|1.1171
293mTHR: 09,13,18|3|2.9557
293mLYS: 09,13,18|3|1.4607
293mSER: 09,13,18|3|1.9647
251mVAL: 22,26,27|3|2.2501
220mCYS: 09,10,25|3|1.1802
293mALA: 09,13,18|3|2.8399
157mCYS: 22,26,27|3|2.524
158mCYS: 22,26,27|3|5.3181
158mALA: 22,26,27|3|1.8996
281mGLU: 09,13,18|3|1.5256
274mCYS: 03,10,25|3|2.1945
158mTHR: 22,26,27|3|1.2305
293mVAL: 09,13,18|3|2.5328
251mGLN: 22,26,27|3|2.076
251mALA: 22,26,27|3|2.4322
157mASP: 22,26,27|3|1.4487
438mLYS: 09,15,18|3|1.0441
302mGLY: 10,13,25|3|1.0135
267mCYS: 03,10,25|3|2.3482
281mASP: 09,13,18|3|2.0679
293mILE: 09,13,18|3|2.2601
158mILE: 22,26,27|3|1.2842
251mCYS: 22,26,27|3|2.6036
171mCYS: 10,18,25|3|1.2351
281mGLY: 09,13,18|3|1.2076
190mGLY: 09,13,18|3|1.0523
242mTHR: 16,18,28|3|2.9013
251mASN: 22,26,27|3|2.0843
171mASP: 10,18,25|3|1.1433
