244mGLU: 06,11,15,18,22,29|6|2.3152
165mGLN: 13,15,18,22|4|3.241
196mGLN: 04,06,11,29|4|1.7154
197mASN: 04,06,11,29|4|1.4105
245mHIS: 04,06,11,29|4|2.037
239mGLU: 04,06,11,29|4|1.4514
127mTHR: 04,06,11,29|4|2.6022
239mASP: 04,06,11,29|4|1.0996
242mVAL: 13,15,18,22|4|1.5648
190mLYS: 13,15,18,22|4|2.0386
191mTHR: 13,15,18,22|4|1.6386
242mLYS: 13,15,18,22|4|2.7487
165mMET: 13,15,18,22|4|2.514
242mGLY: 13,15,18,22|4|2.3195
248mASN: 04,06,11,29|4|1.2476
248mGLY: 04,06,11,29|4|1.4514
248mTHR: 04,06,11,29|4|1.7804
248mGLN: 04,06,11,29|4|1.6276
248mLEU: 04,06,11,29|4|1.67
245mTRP: 04,06,11,29|4|2.2373
127mGLY: 04,06,11,29|4|1.9191
248mHIS: 04,06,11,29|4|1.278
197mGLU: 04,06,11,29|4|2.3473
217mTHR: 13,15,18,22|4|2.0158
127mGLU: 04,06,11,29|4|3.8754
196mASP: 04,06,11,29|4|2.1706
245mSER: 04,06,11,29|4|2.2204
245mASP: 04,06,11,29|4|2.4192
245mGLU: 04,06,11,29|4|4.1081
165mASP: 13,15,18,22|4|3.9592
165mGLU: 13,15,18,22|4|4.5826
245mALA: 04,06,11,29|4|3.069
169mTHR: 13,15,18,22|4|1.476
190mTHR: 13,15,18,22|4|1.8139
248mGLU: 04,06,11,29|4|1.9326
165mTHR: 13,15,18,22|4|4.1587
127mSER: 04,06,11,29|4|1.3927
196mGLU: 04,06,11,29|4|3.0907
248mILE: 04,06,11,29|4|1.3666
165mGLY: 13,15,18,22|4|3.1103
197mTHR: 04,06,11,29|4|2.2181
248mALA: 04,06,11,29|4|1.2428
218mASP: 13,15,18,22|4|2.1511
165mVAL: 13,15,18,22|4|3.2263
245mVAL: 04,06,11,29|4|3.4712
217mGLU: 13,15,18,22|4|2.0251
248mMET: 04,06,11,29|4|1.692
248mVAL: 04,06,11,29|4|1.5056
245mILE: 04,06,11,29|4|3.1388
218mGLY: 13,15,18,22|4|1.6991
248mSER: 04,06,11,29|4|1.0912
242mILE: 13,15,18,22|4|1.7969
196mASN: 04,06,11,29|4|2.9373
169mGLU: 13,15,18,22|4|1.0508
245mASN: 04,06,11,29|4|2.2776
245mGLY: 04,06,11,29|4|2.8749
165mASN: 13,15,18,22|4|1.9685
218mTHR: 13,15,18,22|4|2.2437
196mTHR: 04,06,11,29|4|3.265
245mMET: 04,06,11,29|4|2.9655
168mCYS: 13,15,18,22|4|1.9701
242mALA: 13,15,18,22|4|2.0994
196mGLY: 04,06,11,29|4|2.1218
196mLYS: 04,06,11,29|4|2.3806
245mGLN: 04,06,11,29|4|2.9249
248mTRP: 04,06,11,29|4|1.4486
168mGLU: 13,15,18,22|4|1.4813
245mCYS: 04,06,11,29|4|4.2413
165mHIS: 13,15,18,22|4|1.7154
245mTHR: 04,06,11,29|4|3.8487
165mSER: 13,15,18,22|4|2.2652
190mGLU: 13,15,18,22|4|1.016
127mASP: 04,06,11,29|4|3.1062
245mLEU: 04,06,11,29|4|3.5344
196mCYS: 04,06,11,29|4|1.2087
196mPRO: 04,06,11,29|4|1.7884
242mCYS: 13,15,18,22|4|2.4691
245mPHE: 04,06,11,29|4|2.8138
194mGLY: 15,18,22|3|2.3156
194mGLU: 15,18,22|3|3.1443
194mTYR: 15,18,22|3|1.295
194mPRO: 15,18,22|3|2.6335
135mCYS: 04,06,29|3|2.1456
194mLYS: 15,18,22|3|3.5403
124mALA: 04,06,29|3|1.1751
130mGLU: 06,11,18|3|1.8046
124mASP: 04,06,29|3|1.422
164mTHR: 13,15,22|3|1.2177
130mGLN: 06,11,18|3|1.3
130mGLY: 06,11,18|3|1.197
167mGLU: 13,15,22|3|2.251
167mGLY: 13,15,22|3|1.8808
164mALA: 13,15,22|3|1.1192
167mGLN: 13,15,22|3|1.2798
130mASP: 06,11,18|3|1.7432
135mASP: 04,06,29|3|1.0844
134mTHR: 11,18,29|3|1.587
123mTHR: 04,06,29|3|1.0661
123mGLU: 04,06,29|3|1.3909
164mLEU: 13,15,22|3|1.0952
167mCYS: 13,15,22|3|4.2492
194mTRP: 15,18,22|3|1.387
123mGLY: 04,06,29|3|1.0962
134mGLY: 11,18,29|3|1.1102
194mCYS: 15,18,22|3|1.8019
167mASP: 13,15,22|3|2.2214
130mCYS: 06,11,18|3|2.6902
164mCYS: 13,15,22|3|3.757
194mILE: 15,18,22|3|1.6109
134mGLU: 11,18,29|3|1.9384
167mPRO: 13,15,22|3|1.3398
123mLEU: 04,06,29|3|1.1213
167mALA: 13,15,22|3|2.8203
124mCYS: 04,06,29|3|1.8511
123mASP: 04,06,29|3|1.6222
135mLEU: 04,06,29|3|1.0394
134mASP: 11,18,29|3|1.9679
130mILE: 06,11,18|3|1.4222
130mTHR: 06,11,18|3|1.8467
134mGLN: 11,18,29|3|1.2234
135mGLU: 04,06,29|3|1.0552
167mTHR: 13,15,22|3|1.6884
194mHIS: 15,18,22|3|1.0825
194mTHR: 15,18,22|3|3.3753
194mSER: 15,18,22|3|1.8473
130mTRP: 06,11,18|3|1.0961
194mASP: 15,18,22|3|2.7198
167mLEU: 13,15,22|3|2.1011
124mGLU: 04,06,29|3|1.1338
123mCYS: 04,06,29|3|2.1389
194mASN: 15,18,22|3|3.2722
135mALA: 04,06,29|3|1.0513
123mALA: 04,06,29|3|1.6842
130mPRO: 06,11,18|3|1.5201
167mSER: 13,15,22|3|1.3913
164mGLU: 13,15,22|3|2.3768
194mALA: 15,18,22|3|1.2713
167mILE: 13,15,22|3|2.0875
194mARG: 15,18,22|3|1.2556
194mGLN: 15,18,22|3|1.9254
