261mHIS: 05,15,16,19,22,24|6|3.0345
261mVAL: 05,15,16,19,22,24|6|1.2172
261mALA: 05,15,16,19,22,24|6|2.6656
261mMET: 05,15,16,19,22,24|6|2.9425
261mGLY: 05,15,16,19,22,24|6|4.0282
261mGLU: 05,15,16,19,22,24|6|3.6529
261mSER: 05,15,16,19,22,24|6|3.6962
261mTHR: 05,15,16,19,22,24|6|3.6017
261mASN: 05,15,16,19,22,24|6|3.5995
261mLYS: 05,15,16,19,22,24|6|2.3472
218mGLU: 03,04,13,23,25|5|3.9755
146mCYS: 01,16,19,22,23|5|3.8671
146mTHR: 01,16,19,22,23|5|3.6225
146mGLN: 01,16,19,22,23|5|2.1551
146mGLU: 01,16,19,22,23|5|5.1313
146mASP: 01,16,19,22,23|5|3.8165
440mGLU: 06,07,25,27|4|3.2933
440mLYS: 06,07,25,27|4|2.8985
127mTHR: 02,03,18,28|4|1.9045
293mCYS: 06,07,25,27|4|4.3519
440mTHR: 06,07,25,27|4|3.1156
182mGLU: 01,05,16,19|4|1.7928
293mPRO: 06,07,25,27|4|1.8444
127mGLY: 02,03,18,28|4|1.5068
178mSER: 01,16,22,24|4|1.4038
293mGLY: 06,07,25,27|4|1.9394
178mLYS: 01,16,22,24|4|1.2925
136mLYS: 02,03,23,28|4|3.3277
438mTHR: 06,07,25,27|4|1.3236
438mGLU: 06,07,25,27|4|1.7449
242mGLN: 04,10,13,18|4|1.2832
178mGLY: 01,16,22,24|4|1.7071
182mTHR: 01,05,16,19|4|1.7556
164mGLU: 06,10,18,27|4|3.3444
242mSER: 04,10,13,18|4|2.43
242mCYS: 04,10,13,18|4|3.3746
127mASN: 02,03,18,28|4|1.0679
267mGLU: 01,16,22,23|4|1.448
440mMET: 06,07,25,27|4|1.9643
242mGLY: 04,10,13,18|4|3.184
136mGLU: 02,03,23,28|4|3.5644
127mGLU: 02,03,18,28|4|2.1616
293mGLU: 06,07,25,27|4|2.779
293mASP: 06,07,25,27|4|2.9076
178mGLU: 01,16,22,24|4|1.3209
293mMET: 06,07,25,27|4|1.1311
178mASP: 01,16,22,24|4|1.2999
242mALA: 04,10,13,18|4|3.3982
136mASP: 02,03,23,28|4|2.8858
136mTHR: 02,03,23,28|4|3.5653
242mMET: 04,10,13,18|4|1.7639
297mALA: 06,07,25,27|4|1.1332
242mVAL: 04,10,13,18|4|1.9394
178mMET: 01,16,22,24|4|1.1412
178mTHR: 01,16,22,24|4|1.4129
242mGLU: 04,10,13,18|4|3.5543
440mGLY: 06,07,25,27|4|3.0954
242mASP: 04,10,13,18|4|3.6367
440mSER: 06,07,25,27|4|2.6184
293mTHR: 06,07,25,27|4|2.4805
136mASN: 02,03,23,28|4|3.9755
182mGLY: 01,05,16,19|4|1.5566
293mALA: 06,07,25,27|4|2.8383
440mALA: 06,07,25,27|4|2.8661
438mALA: 06,07,25,27|4|1.0649
242mILE: 04,10,13,18|4|1.5152
136mSER: 02,03,23,28|4|2.7357
127mSER: 02,03,18,28|4|1.2617
178mHIS: 01,16,22,24|4|1.0422
293mSER: 06,07,25,27|4|1.2531
136mGLY: 02,03,23,28|4|3.728
178mALA: 01,16,22,24|4|1.6029
136mHIS: 02,03,23,28|4|2.121
242mTHR: 04,10,13,18|4|3.3462
440mHIS: 06,07,25,27|4|1.9545
293mILE: 06,07,25,27|4|2.0475
440mASP: 06,07,25,27|4|2.8249
182mASN: 01,05,16,19|4|1.1684
356mCYS: 06,15,27|3|2.4175
259mGLY: 05,15,24|3|2.1596
259mASN: 05,15,24|3|2.2465
439mGLU: 07,25,27|3|1.8068
259mALA: 05,15,24|3|1.8618
290mGLN: 06,07,27|3|2.0046
259mSER: 05,15,24|3|2.3424
158mSER: 10,15,18|3|1.0529
356mGLY: 06,15,27|3|1.3721
268mALA: 01,22,23|3|1.9463
158mGLU: 10,15,18|3|1.6799
159mGLU: 10,15,18|3|1.2936
290mPRO: 06,07,27|3|1.9785
290mPHE: 06,07,27|3|2.2482
190mGLU: 04,13,25|3|1.0053
139mGLY: 03,23,28|3|1.0213
290mGLY: 06,07,27|3|1.4274
290mLEU: 06,07,27|3|2.2284
232mASN: 05,15,24|3|1.3701
290mASN: 06,07,27|3|1.2393
205mGLN: 02,15,24|3|2.3096
290mTHR: 06,07,27|3|2.1639
158mTHR: 10,15,18|3|1.2148
130mGLY: 03,13,28|3|1.0101
290mALA: 06,07,27|3|1.7559
205mSER: 02,15,24|3|1.7603
205mHIS: 02,15,24|3|1.1326
232mGLU: 05,15,24|3|2.1721
290mTRP: 06,07,27|3|1.8531
130mALA: 03,13,28|3|1.3791
290mMET: 06,07,27|3|1.677
205mGLY: 02,15,24|3|2.6522
439mTHR: 07,25,27|3|1.2759
356mASP: 06,15,27|3|2.0992
356mALA: 06,15,27|3|2.1463
165mHIS: 04,10,13|3|1.0231
356mGLU: 06,15,27|3|1.4716
290mASP: 06,07,27|3|2.0694
130mASP: 03,13,28|3|1.1081
205mVAL: 02,15,24|3|2.2305
356mTHR: 06,15,27|3|1.3206
205mILE: 02,15,24|3|2.7157
290mILE: 06,07,27|3|2.0163
158mALA: 10,15,18|3|1.3211
205mALA: 02,15,24|3|3.5928
268mCYS: 01,22,23|3|2.3846
232mALA: 05,15,24|3|1.156
205mMET: 02,15,24|3|1.8382
259mTHR: 05,15,24|3|2.7842
268mASP: 01,22,23|3|1.5147
205mTHR: 02,15,24|3|2.635
259mGLU: 05,15,24|3|3.2062
205mTRP: 02,15,24|3|1.6708
290mVAL: 06,07,27|3|2.0181
439mALA: 07,25,27|3|1.384
232mGLY: 05,15,24|3|1.4235
259mASP: 05,15,24|3|2.1783
158mGLY: 10,15,18|3|1.1368
205mLEU: 02,15,24|3|3.1185
232mTHR: 05,15,24|3|1.9205
232mMET: 05,15,24|3|1.1399
232mSER: 05,15,24|3|1.0549
259mLYS: 05,15,24|3|1.5009
290mCYS: 06,07,27|3|3.0954
290mGLU: 06,07,27|3|2.4504
205mGLU: 02,15,24|3|3.3858
