165mASP: 01,03,07,13,14,17,26,29|8|3.3959
165mALA: 01,03,07,13,14,17,26,29|8|5.5707
165mPHE: 01,03,07,13,14,17,26,29|8|2.8004
165mMET: 01,03,07,13,14,17,26,29|8|3.99
165mTHR: 01,03,07,13,14,17,26,29|8|3.6217
165mGLU: 01,03,07,13,14,17,26,29|8|5.0456
165mASN: 01,03,07,13,14,17,26,29|8|3.4751
165mHIS: 01,03,07,13,14,17,26,29|8|5.1546
165mSER: 01,03,07,13,14,17,26,29|8|4.6467
165mGLY: 01,03,07,13,14,17,26,29|8|5.6873
165mLEU: 01,03,07,13,14,17,26,29|8|4.0371
165mILE: 01,03,07,13,14,17,26,29|8|4.246
165mGLN: 01,03,07,13,14,17,26,29|8|2.8049
165mVAL: 01,03,07,13,14,17,26,29|8|4.7518
164mILE: 01,03,07,13,17,26,29|7|1.6667
164mGLU: 01,03,07,13,17,26,29|7|4.7309
242mGLY: 03,04,07,13,17,26,29|7|2.9904
242mALA: 03,04,07,13,17,26,29|7|3.5689
164mVAL: 01,03,07,13,17,26,29|7|2.1798
242mGLU: 03,04,07,13,17,26,29|7|3.0298
242mASP: 03,04,07,13,17,26,29|7|2.3845
164mLEU: 01,03,07,13,17,26,29|7|2.1936
164mTHR: 01,03,07,13,17,26,29|7|2.6207
164mGLY: 01,03,07,13,17,26,29|7|5.4332
242mLEU: 03,04,07,13,17,26,29|7|1.8692
164mHIS: 01,03,07,13,17,26,29|7|3.7634
242mTHR: 03,04,07,13,17,26,29|7|2.152
164mSER: 01,03,07,13,17,26,29|7|4.2257
194mTHR: 01,03,07,13,14,29|6|1.6042
243mGLY: 03,07,13,17,26,29|6|3.0326
243mALA: 03,07,13,17,26,29|6|5.0466
194mHIS: 01,03,07,13,14,29|6|1.9445
243mCYS: 03,07,13,17,26,29|6|5.2714
194mSER: 01,03,07,13,14,29|6|1.7524
194mGLU: 01,03,07,13,14,29|6|1.7568
243mTHR: 03,07,13,17,26,29|6|2.995
194mMET: 01,03,07,13,14,29|6|1.7423
194mGLY: 01,03,07,13,14,29|6|1.849
194mALA: 01,03,07,13,14,29|6|1.0443
194mLEU: 01,03,07,13,14,29|6|1.2567
219mHIS: 01,03,07,14,29|5|2.069
244mGLY: 03,07,13,22,29|5|1.713
219mGLU: 01,03,07,14,29|5|1.4559
219mALA: 01,03,07,14,29|5|2.4776
219mVAL: 01,03,07,14,29|5|1.6735
219mLYS: 01,03,07,14,29|5|1.7811
190mTHR: 01,03,13,14,29|5|1.2214
219mGLY: 01,03,07,14,29|5|2.4481
217mALA: 01,07,14,29|4|1.4959
218mALA: 01,13,14,29|4|1.5704
167mHIS: 01,17,26,29|4|1.3681
167mGLU: 01,17,26,29|4|1.3337
167mGLY: 01,17,26,29|4|1.5012
167mSER: 01,17,26,29|4|1.1469
167mALA: 01,17,26,29|4|1.2211
167mLEU: 01,17,26,29|4|1.22
167mGLN: 01,17,26,29|4|1.1592
167mTHR: 01,17,26,29|4|1.3082
167mMET: 01,17,26,29|4|1.3987
248mLEU: 04,22,26|3|1.1853
250mSER: 04,22,26|3|1.4058
193mHIS: 03,13,29|3|1.0341
161mGLU: 13,17,26|3|1.0763
251mALA: 04,17,22|3|1.0052
159mALA: 04,17,26|3|1.6404
159mGLU: 04,17,26|3|2.1232
159mTHR: 04,17,26|3|2.3262
250mGLY: 04,22,26|3|1.5012
250mVAL: 04,22,26|3|1.1043
251mGLY: 04,17,22|3|1.4249
251mMET: 04,17,22|3|1.1537
250mALA: 04,22,26|3|1.0028
251mHIS: 04,17,22|3|1.3416
251mGLU: 04,17,22|3|1.0172
159mGLY: 04,17,26|3|2.4149
251mSER: 04,17,22|3|1.2561
248mASN: 04,22,26|3|1.0025
248mGLY: 04,22,26|3|1.2903
159mLYS: 04,17,26|3|2.0045
159mHIS: 04,17,26|3|2.559
250mMET: 04,22,26|3|1.6046
250mTHR: 04,22,26|3|1.8112
248mGLU: 04,22,26|3|2.1248
248mTHR: 04,22,26|3|2.1891
248mSER: 04,22,26|3|1.1613
250mGLU: 04,22,26|3|1.4404
250mLEU: 04,22,26|3|1.2293
