265mALA: 02,09,10,16,19,22,25,27,29|9|3.2585
265mGLU: 02,09,10,16,19,22,25,27,29|9|5.5029
265mTHR: 02,09,10,16,19,22,25,27,29|9|3.8231
265mLEU: 02,09,10,16,19,22,25,27,29|9|2.9029
147mTHR: 02,09,10,16,19,22,25,29|8|3.9008
146mPHE: 02,09,10,16,19,22,25,29|8|3.3561
146mGLY: 02,09,10,16,19,22,25,29|8|4.6449
147mSER: 02,09,10,16,19,22,25,29|8|2.485
146mTHR: 02,09,10,16,19,22,25,29|8|7.7525
147mLEU: 02,09,10,16,19,22,25,29|8|3.6731
147mGLY: 02,09,10,16,19,22,25,29|8|2.9027
146mILE: 02,09,10,16,19,22,25,29|8|3.977
146mLEU: 02,09,10,16,19,22,25,29|8|6.9672
146mGLN: 02,09,10,16,19,22,25,29|8|2.2223
146mGLU: 02,09,10,16,19,22,25,29|8|9.229
181mGLY: 00,02,09,10,16,19,22,29|8|1.7464
146mALA: 02,09,10,16,19,22,25,29|8|6.9118
146mVAL: 02,09,10,16,19,22,25,29|8|5.1257
146mMET: 02,09,10,16,19,22,25,29|8|3.1353
147mGLU: 02,09,10,16,19,22,25,29|8|5.2357
147mMET: 02,09,10,16,19,22,25,29|8|2.0113
146mASP: 02,09,10,16,19,22,25,29|8|3.7849
178mVAL: 02,09,10,16,19,22,25|7|1.1081
178mSER: 02,09,10,16,19,22,25|7|2.8148
178mLYS: 02,09,10,16,19,22,25|7|1.8712
178mGLY: 02,09,10,16,19,22,25|7|2.8063
178mLEU: 02,09,10,16,19,22,25|7|2.3952
267mGLU: 09,16,19,22,25,27,29|7|1.4582
266mASN: 09,16,19,22,25,27,29|7|3.9515
266mSER: 09,16,19,22,25,27,29|7|3.8164
178mGLU: 02,09,10,16,19,22,25|7|3.5357
266mGLU: 09,16,19,22,25,27,29|7|8.4572
178mMET: 02,09,10,16,19,22,25|7|1.6974
178mTHR: 02,09,10,16,19,22,25|7|2.8187
266mTHR: 09,16,19,22,25,27,29|7|6.9535
178mHIS: 02,09,10,16,19,22,25|7|1.8328
178mALA: 02,09,10,16,19,22,25|7|2.7772
119mGLY: 00,02,10,11,16,22|6|1.5416
243mTHR: 03,05,11,15,17,23|6|2.6866
164mILE: 03,05,15,17,23|5|1.0273
262mGLU: 09,10,16,19,22|5|1.6428
164mGLU: 03,05,15,17,23|5|3.562
165mTHR: 03,05,15,17,23|5|1.1394
293mGLU: 03,13,20,23,26|5|2.1562
165mGLU: 03,05,15,17,23|5|2.0232
242mALA: 03,05,15,17,23|5|2.2306
165mSER: 03,05,15,17,23|5|1.1896
242mVAL: 03,05,15,17,23|5|1.4793
164mVAL: 03,05,15,17,23|5|2.6982
164mLEU: 03,05,15,17,23|5|2.0889
165mGLY: 03,05,15,17,23|5|1.5736
164mTHR: 03,05,15,17,23|5|3.7083
164mGLY: 03,05,15,17,23|5|3.5029
164mHIS: 03,05,15,17,23|5|3.1345
164mALA: 03,05,15,17,23|5|2.8273
164mGLN: 03,05,15,17,23|5|1.6528
164mASN: 03,05,15,17,23|5|2.3111
164mSER: 03,05,15,17,23|5|2.5677
242mTHR: 03,05,15,17,23|5|3.4451
177mGLU: 02,09,22,25|4|1.3155
245mGLU: 11,15,17,23|4|4.7009
277mSER: 03,05,18,27|4|2.308
303mLEU: 09,25,26,27|4|1.4511
245mASN: 11,15,17,23|4|1.979
177mALA: 02,09,22,25|4|1.073
303mVAL: 09,25,26,27|4|1.3008
277mGLY: 03,05,18,27|4|2.8543
280mGLU: 03,05,18,27|4|1.1839
303mGLN: 09,25,26,27|4|1.3111
219mGLU: 03,05,15,26|4|1.3662
281mTHR: 03,05,18,26|4|1.4952
274mGLU: 03,09,25,26|4|2.1316
277mTHR: 03,05,18,27|4|4.2102
303mGLU: 09,25,26,27|4|2.2421
303mTHR: 09,25,26,27|4|1.9808
277mGLU: 03,05,18,27|4|4.9499
190mALA: 03,05,15,23|4|1.4294
274mTHR: 03,09,25,26|4|1.8192
281mGLU: 03,05,18,26|4|2.1708
274mASN: 03,09,25,26|4|1.3094
245mGLY: 11,15,17,23|4|2.4772
274mSER: 03,09,25,26|4|1.0932
190mTHR: 03,05,15,23|4|1.4594
274mGLY: 03,09,25,26|4|1.3045
277mASN: 03,05,18,27|4|2.8406
219mMET: 03,05,15,26|4|1.0166
245mSER: 11,15,17,23|4|1.868
190mVAL: 03,05,15,23|4|1.0865
245mTHR: 11,15,17,23|4|3.9162
259mGLY: 18,27,28|3|1.1331
305mTHR: 02,26,27|3|2.8686
440mGLU: 13,14,20|3|4.4114
326mGLY: 13,14,20|3|1.5068
440mTHR: 13,14,20|3|3.3146
182mGLU: 00,10,16|3|4.2162
193mGLU: 03,15,17|3|1.1095
326mTHR: 13,14,20|3|1.6403
259mALA: 18,27,28|3|1.3186
161mGLU: 05,17,23|3|1.1446
438mTHR: 13,14,20|3|1.5174
172mGLN: 03,05,18|3|1.6276
440mLEU: 13,14,20|3|3.7248
434mGLU: 13,14,20|3|1.1342
172mGLY: 03,05,18|3|1.4514
218mGLU: 03,05,26|3|1.7407
325mGLU: 13,14,20|3|1.0773
182mASP: 00,10,16|3|3.1864
193mCYS: 03,15,17|3|2.285
172mILE: 03,05,18|3|1.3666
438mGLU: 13,14,20|3|1.0871
439mGLU: 13,14,20|3|1.136
438mASP: 13,14,20|3|1.5429
290mLEU: 03,13,26|3|1.3185
217mGLY: 03,05,26|3|1.1019
305mMET: 02,26,27|3|2.4502
290mGLY: 03,13,26|3|1.3015
305mGLN: 02,26,27|3|2.3639
362mCYS: 05,13,23|3|1.7001
440mSER: 13,14,20|3|1.9314
326mALA: 13,14,20|3|1.55
290mTHR: 03,13,26|3|1.4384
440mMET: 13,14,20|3|1.9799
440mPRO: 13,14,20|3|1.9125
290mALA: 03,13,26|3|1.0715
362mGLU: 05,13,23|3|2.0969
441mALA: 13,14,20|3|1.0137
172mMET: 03,05,18|3|1.692
326mSER: 13,14,20|3|1.0288
326mHIS: 13,14,20|3|1.0952
290mMET: 03,13,26|3|1.3615
172mGLU: 03,05,18|3|1.9326
172mTHR: 03,05,18|3|1.7804
305mHIS: 02,26,27|3|1.9154
141mGLY: 16,22,26|3|1.44
172mALA: 03,05,18|3|1.2428
172mASN: 03,05,18|3|1.2476
440mALA: 13,14,20|3|4.2368
172mLEU: 03,05,18|3|1.67
438mCYS: 13,14,20|3|1.7704
440mGLY: 13,14,20|3|3.3145
141mCYS: 16,22,26|3|3.9113
441mGLU: 13,14,20|3|1.2554
182mGLY: 00,10,16|3|2.5269
217mGLU: 03,05,26|3|1.7169
305mGLY: 02,26,27|3|2.2704
326mMET: 13,14,20|3|1.4504
148mCYS: 02,09,25|3|1.4922
329mGLU: 13,14,20|3|1.4141
290mGLN: 03,13,26|3|1.0675
241mTHR: 15,17,23|3|1.4839
438mGLY: 13,14,20|3|1.8458
141mASP: 16,22,26|3|1.9187
241mGLU: 15,17,23|3|1.9112
172mVAL: 03,05,18|3|1.5056
440mCYS: 13,14,20|3|7.2063
436mTHR: 13,14,20|3|1.4317
305mSER: 02,26,27|3|1.8508
438mLYS: 13,14,20|3|2.0767
250mCYS: 11,17,28|3|1.0512
290mVAL: 03,13,26|3|1.1077
172mSER: 03,05,18|3|1.0912
326mLEU: 13,14,20|3|1.6503
362mTHR: 05,13,23|3|1.344
440mHIS: 13,14,20|3|1.0167
305mASN: 02,26,27|3|2.1342
250mTHR: 11,17,28|3|1.5022
148mGLU: 02,09,25|3|1.2294
436mGLU: 13,14,20|3|1.5549
440mASP: 13,14,20|3|4.1894
172mHIS: 03,05,18|3|1.278
440mGLN: 13,14,20|3|2.453
290mHIS: 03,13,26|3|1.1827
290mSER: 03,13,26|3|1.108
305mVAL: 02,26,27|3|2.1959
305mGLU: 02,26,27|3|3.2377
172mTRP: 03,05,18|3|1.4486
218mTHR: 03,05,26|3|1.497
290mGLU: 03,13,26|3|1.5783
182mASN: 00,10,16|3|1.3378
141mALA: 16,22,26|3|2.2372
438mALA: 13,14,20|3|2.0595
