D102m2.txt,0, | 267 175 178 | 206 235 237 | 303 299 278 | ,Score: 0

D106m3.txt,0, | 194 132 128 | 336 406 403 | 293 297 290 | ,Score: 0

D107m0.txt,0, | 318 296 311 | 158 235 249 | 127 123 208 | ,Score: 0

D110m2.txt,0, | 421 419 427 | 122 138 124 | 283 280 275 | ,Score: 0

D202m2.txt,0, | 401 331 325 | 250 163 157 | 242 191 193 | ,Score: 0

D203m5.txt,0, | 345 370 347 | 219 194 130 | 165 190 167 | ,Score: 0

D204m0.txt,0, | 277 302 274 | 163 251 160 | 241 193 197 | ,Score: 0

D206m2.txt,0, | 443 290 285 | 165 194 190 | 242 194 245 | ,Score: 0

D210m8.txt,0, | 165 157 249 | 400 403 419 | 146 266 178 | ,Score: 0

D214m3.txt,0, | 412 388 391 | 266 178 146 | 262 229 181 | ,Score: 0

D215m7.txt,0, | 208 123 127 | 182 177 261 | 242 245 194 | ,Score: 0

D216m1.txt,0, | 142 146 144 | 250 157 235 | 293 313 299 | ,Score: 0

D217m3.txt,0, | 178 146 266 | 296 290 281 | 147 266 262 | ,Score: 0

D218m7.txt,0, | 130 194 220 | 262 229 259 | 262 147 178 | ,Score: 0

D221m4.txt,0, | 264 146 266 | 165 169 167 | 242 193 196 | ,Score: 0

D222m6.txt,0, | 274 278 302 | 299 302 309 | 436 441 438 | ,Score: 0

D228m5.txt,0, | 127 134 123 | 164 157 249 | 339 336 408 | ,Score: 0

D229m1.txt,0, | 249 165 240 | 124 207 226 | 268 146 265 | ,Score: 0

D231m7.txt,0, | 262 181 229 | 165 164 249 | 179 147 262 | ,Score: 0

D239m5.txt,0, | 265 179 261 | 293 281 297 | 165 190 194 | ,Score: 0

D301m9.txt,0, | 265 147 178 | 401 324 400 | 165 194 190 | ,Score: 0

D302m1.txt,0, | 194 190 219 | 265 261 179 | 163 253 249 | ,Score: 0

D304m4.txt,0, | 272 274 278 | 258 261 232 | 278 301 297 | ,Score: 0

D305m1.txt,0, | 388 412 385 | 440 438 391 | 147 178 263 | ,Score: 0

D306m2.txt,0, | 267 178 145 | 130 219 190 | 194 190 165 | ,Score: 0

D307m2.txt,0, | 193 241 128 | 146 267 178 | 165 194 190 | ,Score: 0

D308m5.txt,0, | 237 196 249 | 297 314 307 | 300 303 307 | ,Score: 0

D310m9.txt,0, | 127 123 134 | 194 190 165 | 139 123 134 | ,Score: 0

D311m8.txt,0, | 303 278 272 | 164 157 249 | 248 197 241 | ,Score: 0

D312m9.txt,0, | 194 244 196 | 167 162 157 | 157 250 163 | ,Score: 0

D313m5.txt,0, | 165 162 167 | 411 415 388 | 146 267 178 | ,Score: 0

D314m8.txt,0, | 290 281 297 | 178 146 150 | 249 248 241 | ,Score: 0

D315m6.txt,0, | 242 193 239 | 261 232 259 | 251 249 163 | ,Score: 0

D317m4.txt,0, | 240 165 249 | 177 182 262 | 293 290 321 | ,Score: 0

D318m3.txt,0, | 127 135 130 | 127 135 124 | 164 165 249 | ,Score: 0

D319m6.txt,0, | 147 178 266 | 165 194 190 | 146 179 265 | ,Score: 0

D320m3.txt,0, | 266 146 178 | 157 235 249 | 139 123 132 | ,Score: 0

D321m1.txt,0, | 250 157 235 | 203 233 201 | 164 157 167 | ,Score: 0

D322m0.txt,0, | 442 440 438 | 274 301 278 | 165 249 240 | ,Score: 0

D323m1.txt,0, | 412 407 390 | 127 208 123 | 339 408 337 | ,Score: 0

D324m6.txt,0, | 408 336 339 | 250 158 235 | 193 242 196 | ,Score: 0

D325m0.txt,0, | 165 249 163 | 292 299 311 | 127 123 135 | ,Score: 0

D326m0.txt,0, | 249 163 251 | 178 262 267 | 120 124 122 | ,Score: 0

D327m7.txt,0, | 146 264 267 | 264 267 178 | 165 194 190 | ,Score: 0

D328m3.txt,0, | 266 262 267 | 194 165 190 | 410 388 407 | ,Score: 0

D329m7.txt,0, | 164 167 161 | 194 241 246 | 165 194 190 | ,Score: 0

D330m1.txt,0, | 194 169 220 | 251 237 201 | 146 267 178 | ,Score: 0

D331m0.txt,0, | 165 162 157 | 193 131 128 | 146 178 266 | ,Score: 0

D332m4.txt,0, | 182 261 177 | 301 299 303 | 219 193 134 | ,Score: 0

D333m4.txt,0, | 127 123 134 | 165 240 249 | 147 262 267 | ,Score: 0

D403m6.txt,0, | 165 168 163 | 339 336 406 | 168 190 171 | ,Score: 0

D407m5.txt,0, | 178 146 265 | 339 403 335 | 331 336 330 | ,Score: 0

D408m8.txt,0, | 147 178 266 | 439 441 436 | 190 167 172 | ,Score: 0

D409m5.txt,0, | 266 178 147 | 165 194 190 | 266 146 269 | ,Score: 0

D410m1.txt,0, | 123 208 126 | 178 262 267 | 194 165 190 | ,Score: 0

D413m2.txt,0, | 163 251 249 | 206 203 235 | 293 297 281 | ,Score: 0

D414m2.txt,0, | 177 267 262 | 165 249 163 | 168 190 172 | ,Score: 0

D415m4.txt,0, | 164 165 249 | 251 161 163 | 130 190 219 | ,Score: 0

D420m0.txt,0, | 243 194 240 | 164 249 157 | 165 249 240 | ,Score: 0

D421m7.txt,0, | 251 201 235 | 248 242 196 | 296 293 299 | ,Score: 0

D428m7.txt,0, | 194 219 190 | 165 190 240 | 164 162 167 | ,Score: 0

D430m7.txt,0, | 165 167 190 | 219 134 130 | 146 178 175 | ,Score: 0

D431m9.txt,0, | 240 130 190 | 229 262 178 | 146 143 177 | ,Score: 0

D438m9.txt,0, | 440 443 434 | 165 167 157 | 440 434 436 | ,Score: 0

D450m5.txt,0, | 196 241 249 | 308 303 299 | 205 208 201 | ,Score: 0

D453m0.txt,0, | 265 146 271 | 242 194 196 | 158 250 249 | ,Score: 0

D459m2.txt,0, | 379 344 341 | 147 146 144 | 297 293 281 | ,Score: 0

D462m1.txt,0, | 165 249 163 | 322 329 325 | 403 333 337 | ,Score: 0

D463m0.txt,0, | 268 267 274 | 165 240 190 | 249 241 197 | ,Score: 0

D464m0.txt,0, | 165 167 157 | 120 122 208 | 408 407 336 | ,Score: 0

