D102m2.txt,0, | 267 175 178 | 274 277 172 | ,Score: 0

D106m3.txt,0, | 194 132 128 | 336 406 403 | ,Score: 0

D107m0.txt,0, | 196 242 191 | 251 235 201 | ,Score: 0

D110m2.txt,0, | 122 138 124 | 286 283 280 | ,Score: 0

D202m2.txt,0, | 401 331 325 | 165 249 157 | ,Score: 0

D203m5.txt,0, | 345 370 347 | 165 190 194 | ,Score: 0

D204m0.txt,0, | 190 193 220 | 249 196 237 | ,Score: 0

D206m2.txt,0, | 443 290 285 | 165 194 190 | ,Score: 0

D210m8.txt,0, | 164 157 249 | 146 266 178 | ,Score: 0

D214m3.txt,0, | 178 181 261 | 412 388 391 | ,Score: 0

D215m7.txt,0, | 242 245 248 | 181 226 177 | ,Score: 0

D216m1.txt,0, | 142 146 144 | 293 313 299 | ,Score: 0

D217m3.txt,0, | 316 313 291 | 296 290 281 | ,Score: 0

D218m7.txt,0, | 130 194 220 | 262 147 178 | ,Score: 0

D221m4.txt,0, | 242 193 196 | 165 190 167 | ,Score: 0

D222m6.txt,0, | 274 278 302 | 300 293 299 | ,Score: 0

D228m5.txt,0, | 127 134 123 | 164 157 249 | ,Score: 0

D229m1.txt,0, | 268 146 265 | 249 240 237 | ,Score: 0

D231m7.txt,0, | 165 164 249 | 179 147 262 | ,Score: 0

D239m5.txt,0, | 265 179 261 | 293 281 297 | ,Score: 0

D301m9.txt,0, | 146 178 267 | 165 194 190 | ,Score: 0

D302m1.txt,0, | 265 261 179 | 165 163 249 | ,Score: 0

D304m4.txt,0, | 274 278 301 | 249 197 237 | ,Score: 0

D305m1.txt,0, | 147 178 263 | 412 366 391 | ,Score: 0

D306m2.txt,0, | 267 178 145 | 194 219 169 | ,Score: 0

D307m2.txt,0, | 193 241 128 | 146 267 178 | ,Score: 0

D308m5.txt,0, | 237 196 249 | 299 311 302 | ,Score: 0

D310m9.txt,0, | 245 194 196 | 139 123 134 | ,Score: 0

D311m8.txt,0, | 250 157 235 | 165 247 249 | ,Score: 0

D312m9.txt,0, | 194 244 196 | 167 162 157 | ,Score: 0

D313m5.txt,0, | 411 415 388 | 146 267 178 | ,Score: 0

D314m8.txt,0, | 290 281 297 | 178 146 150 | ,Score: 0

D315m6.txt,0, | 165 239 194 | 261 232 259 | ,Score: 0

D317m4.txt,0, | 177 182 262 | 293 290 321 | ,Score: 0

D318m3.txt,0, | 127 135 124 | 165 194 190 | ,Score: 0

D319m6.txt,0, | 165 194 190 | 146 178 266 | ,Score: 0

D320m3.txt,0, | 266 146 178 | 251 201 237 | ,Score: 0

D321m1.txt,0, | 165 156 167 | 250 157 235 | ,Score: 0

D322m0.txt,0, | 165 190 240 | 158 249 235 | ,Score: 0

D323m1.txt,0, | 242 193 196 | 145 265 268 | ,Score: 0

D324m6.txt,0, | 261 259 258 | 237 196 249 | ,Score: 0

D325m0.txt,0, | 165 249 163 | 292 299 311 | ,Score: 0

D326m0.txt,0, | 249 163 251 | 177 262 267 | ,Score: 0

D327m7.txt,0, | 341 405 337 | 165 194 190 | ,Score: 0

D328m3.txt,0, | 194 165 190 | 410 388 407 | ,Score: 0

D329m7.txt,0, | 194 241 246 | 165 194 190 | ,Score: 0

D330m1.txt,0, | 194 169 220 | 251 237 201 | ,Score: 0

D331m0.txt,0, | 165 167 157 | 120 123 124 | ,Score: 0

D332m4.txt,0, | 182 261 177 | 301 299 303 | ,Score: 0

D333m4.txt,0, | 135 124 132 | 165 190 194 | ,Score: 0

D403m6.txt,0, | 165 168 162 | 168 190 171 | ,Score: 0

D407m5.txt,0, | 178 146 265 | 336 330 403 | ,Score: 0

D408m8.txt,0, | 178 266 148 | 438 441 436 | ,Score: 0

D409m5.txt,0, | 266 178 146 | 266 147 269 | ,Score: 0

D410m1.txt,0, | 194 219 190 | 208 226 124 | ,Score: 0

D413m2.txt,0, | 163 251 249 | 127 124 132 | ,Score: 0

D414m2.txt,0, | 177 267 262 | 190 167 172 | ,Score: 0

D415m4.txt,0, | 130 190 219 | 251 161 163 | ,Score: 0

D420m0.txt,0, | 243 194 240 | 164 249 157 | ,Score: 0

D421m7.txt,0, | 205 201 208 | 248 242 196 | ,Score: 0

D428m7.txt,0, | 165 191 240 | 143 145 177 | ,Score: 0

D430m7.txt,0, | 219 134 130 | 167 173 188 | ,Score: 0

D431m9.txt,0, | 240 130 190 | 267 262 178 | ,Score: 0

D438m9.txt,0, | 179 177 146 | 164 249 157 | ,Score: 0

D450m5.txt,0, | 251 237 201 | 197 193 241 | ,Score: 0

D453m0.txt,0, | 265 146 271 | 158 250 249 | ,Score: 0

D459m2.txt,0, | 265 268 147 | 194 165 190 | ,Score: 0

D462m1.txt,0, | 165 249 163 | 334 326 329 | ,Score: 0

D463m0.txt,0, | 268 267 274 | 165 240 190 | ,Score: 0

D464m0.txt,0, | 165 167 190 | 408 407 336 | ,Score: 0

