D102m2.txt,0, | 267 175 178 | 206 235 237 | 274 267 269 | 303 299 278 | ,Score: 0

D106m3.txt,0, | 194 132 128 | 178 265 261 | 164 249 157 | 139 123 132 | ,Score: 0

D107m0.txt,0, | 318 296 311 | 245 196 248 | 146 265 271 | 127 123 208 | ,Score: 0

D110m2.txt,0, | 165 168 191 | 286 288 283 | 122 138 124 | 279 283 275 | ,Score: 0

D202m2.txt,0, | 401 331 325 | 241 248 245 | 165 191 194 | 250 163 157 | ,Score: 0

D203m5.txt,0, | 242 244 194 | 193 219 190 | 375 345 346 | 346 349 370 | ,Score: 0

D204m0.txt,0, | 163 251 160 | 237 235 206 | 190 193 220 | 241 193 197 | ,Score: 0

D206m2.txt,0, | 293 285 289 | 242 194 245 | 165 194 190 | 400 419 403 | ,Score: 0

D210m8.txt,0, | 164 157 249 | 250 237 239 | 141 122 135 | 146 266 178 | ,Score: 0

D214m3.txt,0, | 341 345 376 | 388 435 391 | 178 181 261 | 440 435 391 | ,Score: 0

D215m7.txt,0, | 178 182 261 | 208 123 127 | 293 300 297 | 181 226 177 | ,Score: 0

D216m1.txt,0, | 267 178 263 | 293 313 299 | 250 157 235 | 142 137 139 | ,Score: 0

D217m3.txt,0, | 288 284 291 | 178 146 266 | 296 282 290 | 438 441 435 | ,Score: 0

D218m7.txt,0, | 165 248 249 | 130 194 220 | 127 123 208 | 134 219 139 | ,Score: 0

D221m4.txt,0, | 245 248 196 | 165 190 167 | 134 139 123 | 243 242 245 | ,Score: 0

D222m6.txt,0, | 299 302 309 | 436 441 438 | 278 302 275 | 301 274 275 | ,Score: 0

D228m5.txt,0, | 126 130 197 | 339 336 408 | 265 145 177 | 164 157 249 | ,Score: 0

D229m1.txt,0, | 235 237 207 | 268 146 265 | 249 164 157 | 242 196 191 | ,Score: 0

D231m7.txt,0, | 440 391 437 | 242 191 193 | 249 250 158 | 179 147 262 | ,Score: 0

D239m5.txt,0, | 293 281 297 | 265 179 261 | 178 266 146 | 165 190 194 | ,Score: 0

D301m9.txt,0, | 243 194 246 | 147 178 267 | 401 324 400 | 165 194 190 | ,Score: 0

D302m1.txt,0, | 194 190 219 | 265 261 179 | 163 253 249 | 164 167 162 | ,Score: 0

D304m4.txt,0, | 303 275 301 | 272 274 278 | 258 261 232 | 278 301 297 | ,Score: 0

D305m1.txt,0, | 388 412 385 | 439 435 391 | 281 290 297 | 147 178 263 | ,Score: 0

D306m2.txt,0, | 193 219 190 | 242 196 193 | 191 168 165 | 267 178 145 | ,Score: 0

D307m2.txt,0, | 194 190 130 | 193 197 128 | 267 273 270 | 146 267 178 | ,Score: 0

D308m5.txt,0, | 245 248 196 | 299 311 302 | 126 197 130 | 251 249 163 | ,Score: 0

D310m9.txt,0, | 130 219 190 | 139 123 134 | 244 245 242 | 245 194 196 | ,Score: 0

D311m8.txt,0, | 248 245 241 | 164 157 249 | 248 197 241 | 250 157 235 | ,Score: 0

D312m9.txt,0, | 194 244 196 | 164 249 157 | 293 282 286 | 306 279 301 | ,Score: 0

D313m5.txt,0, | 345 346 370 | 411 408 388 | 146 267 178 | 408 412 415 | ,Score: 0

D314m8.txt,0, | 290 281 297 | 317 293 296 | 249 248 241 | 178 146 150 | ,Score: 0

D315m6.txt,0, | 165 167 190 | 242 193 239 | 164 167 162 | 251 249 163 | ,Score: 0

D317m4.txt,0, | 240 165 249 | 208 123 210 | 177 182 262 | 293 290 321 | ,Score: 0

D318m3.txt,0, | 194 190 130 | 165 194 169 | 164 165 249 | 123 127 135 | ,Score: 0

D319m6.txt,0, | 243 194 245 | 438 439 441 | 147 178 266 | 165 194 190 | ,Score: 0

D320m3.txt,0, | 197 241 193 | 124 132 122 | 157 249 164 | 251 201 237 | ,Score: 0

D321m1.txt,0, | 250 237 157 | 203 235 232 | 312 316 319 | 164 157 167 | ,Score: 0

D322m0.txt,0, | 220 219 140 | 300 299 278 | 268 146 266 | 165 249 240 | ,Score: 0

D323m1.txt,0, | 242 193 196 | 339 408 337 | 145 265 268 | 120 208 123 | ,Score: 0

D324m6.txt,0, | 408 336 339 | 261 265 178 | 250 158 235 | 193 242 196 | ,Score: 0

D325m0.txt,0, | 297 293 299 | 165 249 163 | 292 299 311 | 127 123 135 | ,Score: 0

D326m0.txt,0, | 163 158 250 | 120 124 122 | 178 262 267 | 165 167 162 | ,Score: 0

D327m7.txt,0, | 264 267 178 | 341 405 337 | 146 267 178 | 165 194 190 | ,Score: 0

D328m3.txt,0, | 339 408 337 | 408 411 388 | 336 409 337 | 194 165 190 | ,Score: 0

D329m7.txt,0, | 241 240 246 | 194 241 246 | 165 194 190 | 194 241 240 | ,Score: 0

D330m1.txt,0, | 194 169 220 | 251 237 201 | 242 193 196 | 217 220 139 | ,Score: 0

D331m0.txt,0, | 164 167 161 | 193 131 128 | 237 250 157 | 146 178 266 | ,Score: 0

D332m4.txt,0, | 262 178 147 | 301 299 303 | 193 218 190 | 121 137 123 | ,Score: 0

D333m4.txt,0, | 240 190 130 | 127 135 123 | 147 262 267 | 164 249 157 | ,Score: 0

D403m6.txt,0, | 168 190 171 | 164 168 162 | 165 194 169 | 147 262 266 | ,Score: 0

D407m5.txt,0, | 339 336 408 | 336 330 403 | 178 266 262 | 165 194 190 | ,Score: 0

D408m8.txt,0, | 190 167 172 | 147 178 267 | 147 178 266 | 439 441 436 | ,Score: 0

D409m5.txt,0, | 265 268 147 | 265 178 261 | 403 419 396 | 165 194 190 | ,Score: 0

D410m1.txt,0, | 265 146 268 | 178 262 267 | 135 130 125 | 208 122 124 | ,Score: 0

D413m2.txt,0, | 163 251 249 | 243 245 194 | 206 203 235 | 293 297 281 | ,Score: 0

D414m2.txt,0, | 177 267 262 | 165 168 163 | 268 273 274 | 194 241 192 | ,Score: 0

D415m4.txt,0, | 130 190 219 | 190 167 171 | 251 161 163 | 130 126 196 | ,Score: 0

D420m0.txt,0, | 165 163 168 | 163 250 157 | 243 194 240 | 165 249 240 | ,Score: 0

D421m7.txt,0, | 127 134 123 | 201 235 233 | 245 244 241 | 248 242 196 | ,Score: 0

D428m7.txt,0, | 193 219 190 | 193 190 240 | 146 143 177 | 165 191 240 | ,Score: 0

D430m7.txt,0, | 219 134 130 | 281 290 284 | 167 173 188 | 438 441 435 | ,Score: 0

D431m9.txt,0, | 242 193 196 | 135 212 125 | 267 262 178 | 165 249 240 | ,Score: 0

D438m9.txt,0, | 440 443 434 | 165 167 157 | 438 434 436 | 290 444 443 | ,Score: 0

D450m5.txt,0, | 251 235 157 | 308 305 299 | 205 208 201 | 197 193 241 | ,Score: 0

D453m0.txt,0, | 242 194 196 | 158 251 159 | 265 146 271 | 158 251 249 | ,Score: 0

D459m2.txt,0, | 293 285 281 | 262 147 266 | 268 146 266 | 194 165 190 | ,Score: 0

D462m1.txt,0, | 242 193 241 | 322 329 325 | 147 266 262 | 403 333 337 | ,Score: 0

D463m0.txt,0, | 165 240 190 | 196 249 237 | 245 248 241 | 248 196 241 | ,Score: 0

D464m0.txt,0, | 165 162 157 | 142 146 144 | 120 123 208 | 165 168 190 | ,Score: 0

