D102m2.txt,27, | 206 205 203 | 274 303 301 | ,Score: 43.8376

D106m3.txt,16, | 131 193 194 | 329 336 331 | ,Score: 15.4863

D107m0.txt,19, | 245 196 248 | 146 265 266 | ,Score: 30.4019

D110m2.txt,18, | 119 124 123 | 286 284 283 | ,Score: 18.5917

D202m2.txt,20, | 326 324 331 | 242 241 248 | ,Score: 24.0468

D203m5.txt,17, | 344 345 346 | 193 242 194 | ,Score: 15.0508

D204m0.txt,26, | 146 144 147 | 242 194 196 | ,Score: 33.3582

D206m2.txt,21, | 319 322 289 | 165 194 190 | ,Score: 37.4314

D210m8.txt,21, | 165 249 239 | 268 145 147 | ,Score: 19.0885

D214m3.txt,17, | 243 244 242 | 370 346 345 | ,Score: 23.1751

D215m7.txt,22, | 242 245 248 | 146 179 178 | ,Score: 27.4607

D216m1.txt,18, | 245 242 248 | 326 329 334 | ,Score: 16.9621

D217m3.txt,20, | 288 293 313 | 164 165 157 | ,Score: 19.4683

D218m7.txt,24, | 134 219 130 | 262 147 263 | ,Score: 28.2063

D221m4.txt,22, | 244 242 245 | 264 146 266 | ,Score: 19.1541

D222m6.txt,19, | 243 245 242 | 303 299 309 | ,Score: 20.9875

D228m5.txt,21, | 265 261 177 | 245 242 194 | ,Score: 15.3097

D229m1.txt,23, | 268 266 265 | 248 249 165 | ,Score: 45.2886

D231m7.txt,21, | 242 194 244 | 181 178 261 | ,Score: 30.2752

D239m5.txt,21, | 178 180 181 | 243 242 244 | ,Score: 40.8961

D301m9.txt,18, | 265 146 178 | 242 243 246 | ,Score: 22.2939

D302m1.txt,19, | 265 146 269 | 164 165 167 | ,Score: 29.9623

D304m4.txt,20, | 146 178 267 | 164 165 249 | ,Score: 27.8913

D305m1.txt,15, | 164 165 249 | 388 385 408 | ,Score: 22.5773

D306m2.txt,27, | 266 146 268 | 242 196 194 | ,Score: 29.0251

D307m2.txt,23, | 165 194 190 | 146 147 268 | ,Score: 20.6271

D308m5.txt,25, | 248 237 196 | 305 303 301 | ,Score: 33.1263

D310m9.txt,16, | 244 196 242 | 146 178 267 | ,Score: 19.2243

D311m8.txt,22, | 164 163 157 | 303 299 305 | ,Score: 23.3843

D312m9.txt,26, | 242 248 196 | 303 306 279 | ,Score: 17.5212

D313m5.txt,15, | 411 410 388 | 146 266 267 | ,Score: 18.563

D314m8.txt,18, | 290 317 318 | 242 245 248 | ,Score: 19.5193

D315m6.txt,20, | 242 193 239 | 261 182 178 | ,Score: 19.9444

D317m4.txt,19, | 180 177 178 | 321 324 287 | ,Score: 17.434

D318m3.txt,17, | 134 123 127 | 164 165 163 | ,Score: 28.328

D319m6.txt,19, | 243 244 245 | 146 147 268 | ,Score: 26.6324

D320m3.txt,23, | 136 139 123 | 158 157 235 | ,Score: 28.594

D321m1.txt,25, | 312 316 319 | 158 250 163 | ,Score: 29.5072

D322m0.txt,19, | 164 163 249 | 377 378 341 | ,Score: 22.2264

D323m1.txt,19, | 242 244 196 | 146 145 142 | ,Score: 23.2985

D324m6.txt,16, | 261 259 258 | 193 242 196 | ,Score: 17.9273

D325m0.txt,21, | 242 245 196 | 268 146 265 | ,Score: 31.5869

D326m0.txt,21, | 242 248 245 | 265 146 178 | ,Score: 20.8259

D327m7.txt,17, | 376 341 405 | 243 242 244 | ,Score: 23.9864

D328m3.txt,17, | 194 165 190 | 336 408 409 | ,Score: 25.9368

D329m7.txt,18, | 242 194 246 | 268 265 146 | ,Score: 27.7155

D330m1.txt,22, | 217 190 220 | 251 237 235 | ,Score: 27.0698

D331m0.txt,19, | 242 243 194 | 120 123 124 | ,Score: 22.3359

D332m4.txt,15, | 266 146 147 | 322 319 318 | ,Score: 21.6564

D333m4.txt,20, | 146 147 178 | 242 244 194 | ,Score: 38.8589

D403m6.txt,16, | 341 339 415 | 165 167 190 | ,Score: 23.4445

D407m5.txt,20, | 242 194 193 | 339 336 403 | ,Score: 27.0443

D408m8.txt,18, | 265 146 266 | 281 293 290 | ,Score: 29.994

D409m5.txt,21, | 194 242 193 | 265 146 269 | ,Score: 38.0256

D410m1.txt,27, | 194 219 130 | 178 226 177 | ,Score: 21.7893

D413m2.txt,20, | 243 245 242 | 119 123 124 | ,Score: 35.2876

D414m2.txt,25, | 146 268 267 | 164 165 249 | ,Score: 38.0188

D415m4.txt,22, | 146 178 267 | 164 165 249 | ,Score: 30.176

D420m0.txt,11, | 243 244 194 | 248 165 249 | ,Score: 22.6637

D421m7.txt,25, | 301 303 305 | 248 237 196 | ,Score: 19.8951

D428m7.txt,22, | 164 165 163 | 180 262 177 | ,Score: 28.9048

D430m7.txt,21, | 219 190 130 | 146 178 175 | ,Score: 21.1431

D431m9.txt,22, | 242 241 244 | 146 267 264 | ,Score: 27.88

D438m9.txt,26, | 120 119 122 | 164 165 167 | ,Score: 47.1449

D450m5.txt,20, | 158 251 249 | 127 134 123 | ,Score: 26.823

D453m0.txt,17, | 265 146 270 | 245 243 242 | ,Score: 21.1873

D459m2.txt,19, | 265 147 146 | 242 245 248 | ,Score: 22.021

D462m1.txt,19, | 242 193 241 | 336 403 339 | ,Score: 22.1202

D463m0.txt,22, | 146 266 268 | 165 248 249 | ,Score: 29.4409

D464m0.txt,18, | 242 244 194 | 408 407 336 | ,Score: 16.2328

