M = 178 267 
205 206 | 301 303 | 146 269 | 146 266 | 324 326 | 144 146 | 288 293 | 146 178 | 291 297 | 147 180 | 259 262 | 279 301 | 299 303 | 265 268 | 181 262 | 178 180 | 146 265 | 146 265 | 145 178 | 146 270 | 301 305 | 299 305 | 279 303 | 146 266 | 290 317 | 182 261 | 177 180 | 146 268 | 259 262 | 312 319 | 266 268 | 120 123 | 146 265 | 146 265 | 146 264 | 206 235 | 120 123 | 146 266 | 146 178 | 146 265 | 146 266 | 146 267 | 301 305 | 177 262 | 266 268 | 146 264 | 119 120 | 301 305 | 146 270 | 324 326 | 119 123 | 

M = 165 194 
329 336 | 124 126 | 242 243 | 284 286 | 242 248 | 193 242 | 344 345 | 165 249 | 131 194 | 136 141 | 165 249 | 346 370 | 164 165 | 438 440 | 242 245 | 326 334 | 134 136 | 127 134 | 243 245 | 341 379 | 242 245 | 165 248 | 194 242 | 439 440 | 290 293 | 164 165 | 242 244 | 391 440 | 193 242 | 196 242 | 164 165 | 126 206 | 336 408 | 123 136 | 165 248 | 242 248 | 388 410 | 242 245 | 239 242 | 287 293 | 408 411 | 193 242 | 243 245 | 242 245 | 196 242 | 164 249 | 336 339 | 345 346 | 249 251 | 196 242 | 194 242 | 242 244 | 336 408 | 190 217 | 165 248 | 164 165 | 242 244 | 341 377 | 164 165 | 194 242 | 165 248 | 193 242 | 400 403 | 241 242 | 341 343 | 438 440 | 244 245 | 164 249 | 237 248 | 164 165 | 242 244 | 242 244 | 164 165 | 123 127 | 242 245 | 242 245 | 242 244 | 336 339 | 242 244 | 

FREQUENCIES
242: 28
146: 19
165: 14
245: 9
164: 9
244: 8
248: 7
265: 6
266: 6
123: 5
194: 5
301: 5
249: 5
336: 5
178: 5
262: 4
268: 4
193: 4
440: 4
305: 4
136: 3
341: 3
120: 3
293: 3
196: 3
206: 3
303: 3
243: 3
180: 3
408: 3
326: 3
264: 2
134: 2
346: 2
267: 2
126: 2
127: 2
299: 2
270: 2
279: 2
119: 2
290: 2
438: 2
339: 2
259: 2
177: 2
345: 2
324: 2
217: 1
131: 1
344: 1
288: 1
403: 1
400: 1
284: 1
287: 1
286: 1
261: 1
269: 1
379: 1
410: 1
411: 1
370: 1
377: 1
291: 1
319: 1
317: 1
190: 1
391: 1
241: 1
388: 1
439: 1
334: 1
251: 1
182: 1
181: 1
312: 1
343: 1
297: 1
239: 1
235: 1
237: 1
329: 1
147: 1
144: 1
145: 1
205: 1
141: 1
124: 1
