D102m2.txt,0, | 206 237 | 274 301 | ,Score: 0

D106m3.txt,0, | 132 194 | 329 336 | ,Score: 0

D107m0.txt,0, | 296 318 | 197 250 | ,Score: 0

D110m2.txt,0, | 124 138 | 280 286 | ,Score: 0

D202m2.txt,0, | 325 401 | 241 249 | ,Score: 0

D203m5.txt,0, | 190 194 | 345 370 | ,Score: 0

D204m0.txt,0, | 162 251 | 194 220 | ,Score: 0

D206mR.txt,0, | 169 240 | 283 288 | ,Score: 0

D210m8.txt,0, | 144 147 | 164 249 | ,Score: 0

D214m3.txt,0, | 368 388 | 147 178 | ,Score: 0

D215m7.txt,0, | 293 297 | 124 226 | ,Score: 0

D216m1.txt,0, | 157 167 | 293 299 | ,Score: 0

D217m3.txt,0, | 282 288 | 167 172 | ,Score: 0

D218m7.txt,0, | 130 220 | 165 167 | ,Score: 0

D221m4.txt,0, | 196 248 | 142 146 | ,Score: 0

D222m6.txt,0, | 293 299 | 193 242 | ,Score: 0

D228m5.txt,0, | 337 409 | 197 249 | ,Score: 0

D229m1.txt,0, | 143 147 | 237 240 | ,Score: 0

D231m7.txt,0, | 178 261 | 164 249 | ,Score: 0

D239m5.txt,0, | 281 296 | 167 190 | ,Score: 0

D301m9.txt,0, | 190 194 | 324 401 | ,Score: 0

D302m1.txt,0, | 165 190 | 178 261 | ,Score: 0

D304m4.txt,0, | 273 278 | 197 249 | ,Score: 0

D305m1.txt,0, | 388 435 | 146 178 | ,Score: 0

D306m2.txt,0, | 262 267 | 130 190 | ,Score: 0

D307m2.txt,0, | 143 147 | 356 359 | ,Score: 0

D308m5.txt,0, | 299 303 | 197 249 | ,Score: 0

D310m9.txt,0, | 178 267 | 130 134 | ,Score: 0

D311m8.txt,0, | 272 278 | 241 249 | ,Score: 0

D312m9.txt,0, | 279 303 | 196 249 | ,Score: 0

D313m5.txt,0, | 412 415 | 142 146 | ,Score: 0

D314m8.txt,0, | 290 443 | 150 178 | ,Score: 0

D315m6.txt,0, | 232 261 | 165 194 | ,Score: 0

D317m4.txt,0, | 146 177 | 293 321 | ,Score: 0

D318m3.txt,0, | 164 249 | 130 190 | ,Score: 0

D319m6.txt,0, | 147 268 | 165 194 | ,Score: 0

D320m3.txt,0, | 178 266 | 197 237 | ,Score: 0

D321m1.txt,0, | 156 237 | 313 319 | ,Score: 0

D322m0.txt,0, | 278 284 | 237 240 | ,Score: 0

D323m1.txt,0, | 337 408 | 123 127 | ,Score: 0

D324m6.txt,0, | 345 347 | 235 249 | ,Score: 0

D325m0.txt,0, | 163 168 | 123 127 | ,Score: 0

D326m0.txt,0, | 178 267 | 164 249 | ,Score: 0

D327m7.txt,0, | 162 167 | 194 242 | ,Score: 0

D328m3.txt,0, | 337 408 | 190 194 | ,Score: 0

D330m1.txt,0, | 165 194 | 146 178 | ,Score: 0

D331m0.txt,0, | 128 237 | 178 266 | ,Score: 0

D332m4.txt,0, | 296 301 | 142 146 | ,Score: 0

D333m4.txt,0, | 132 194 | 262 267 | ,Score: 0

D403m6.txt,0, | 341 406 | 163 169 | ,Score: 0

D407m5.txt,0, | 266 272 | 165 194 | ,Score: 0

D408m8.txt,0, | 178 267 | 172 277 | ,Score: 0

D409m5.txt,0, | 178 267 | 401 419 | ,Score: 0

D410mR.txt,0, | 126 196 | 338 341 | ,Score: 0

D413m2.txt,0, | 281 297 | 235 249 | ,Score: 0

D414m2.txt,0, | 165 190 | 267 274 | ,Score: 0

D421m7.txt,0, | 201 251 | 130 190 | ,Score: 0

D428m7.txt,0, | 177 262 | 165 191 | ,Score: 0

D430mR.txt,0, | 178 266 | 165 194 | ,Score: 0

D431m9.txt,0, | 193 240 | 177 267 | ,Score: 0

D438m9.txt,0, | 147 179 | 164 249 | ,Score: 0

D450m5.txt,0, | 299 305 | 196 237 | ,Score: 0

D453m0.txt,0, | 146 271 | 196 249 | ,Score: 0

D459m2.txt,0, | 165 190 | 354 428 | ,Score: 0

D462m1.txt,0, | 165 190 | 325 333 | ,Score: 0

D464m0.txt,0, | 122 141 | 157 165 | ,Score: 0

