M = 400 403 
329 336 | 336 339 | 324 326 | 344 345 | 324 329 | 377 379 | 293 313 | 339 341 | 359 362 | 439 440 | 341 377 | 330 336 | 391 440 | 336 408 | 388 410 | 290 317 | 287 293 | 408 411 | 286 293 | 286 288 | 341 376 | 336 408 | 318 322 | 329 330 | 341 377 | 336 408 | 281 293 | 305 311 | 363 368 | 379 419 | 434 440 | 354 357 | 336 339 | 336 408 | 

M = 165 190 
205 206 | 301 303 | 146 269 | 123 126 | 191 219 | 165 248 | 229 259 | 140 219 | 144 146 | 165 248 | 178 181 | 136 141 | 164 165 | 164 167 | 126 206 | 146 178 | 165 249 | 157 159 | 261 265 | 134 136 | 259 262 | 126 127 | 279 297 | 299 303 | 194 245 | 159 251 | 164 165 | 245 248 | 181 262 | 178 266 | 136 141 | 261 265 | 146 265 | 178 267 | 146 178 | 145 178 | 196 237 | 164 165 | 146 270 | 301 305 | 126 206 | 123 136 | 299 305 | 246 248 | 165 194 | 165 167 | 146 266 | 178 182 | 232 261 | 123 136 | 177 182 | 123 136 | 146 268 | 244 245 | 157 251 | 158 251 | 134 136 | 266 268 | 164 249 | 194 244 | 193 219 | 194 196 | 164 165 | 196 249 | 146 268 | 119 120 | 146 264 | 146 266 | 206 235 | 146 268 | 159 161 | 165 194 | 146 266 | 146 178 | 146 265 | 146 266 | 146 265 | 241 244 | 164 165 | 164 249 | 194 245 | 146 267 | 165 249 | 127 130 | 177 262 | 266 268 | 267 273 | 206 228 | 119 120 | 123 127 | 299 305 | 158 251 | 146 270 | 194 245 | 142 146 | 119 123 | 

FREQUENCIES
146: 20
165: 13
336: 8
178: 8
164: 8
136: 7
266: 7
194: 7
123: 6
265: 5
268: 5
206: 5
245: 5
249: 5
408: 5
341: 4
126: 4
293: 4
305: 4
248: 4
251: 4
127: 3
219: 3
262: 3
261: 3
267: 3
299: 3
196: 3
119: 3
440: 3
244: 3
377: 3
339: 3
159: 3
329: 3
134: 2
286: 2
120: 2
379: 2
270: 2
303: 2
301: 2
330: 2
259: 2
177: 2
182: 2
181: 2
167: 2
157: 2
158: 2
324: 2
141: 2
130: 1
344: 1
288: 1
403: 1
400: 1
281: 1
287: 1
264: 1
269: 1
410: 1
411: 1
297: 1
290: 1
376: 1
318: 1
313: 1
311: 1
191: 1
190: 1
193: 1
391: 1
273: 1
279: 1
368: 1
362: 1
363: 1
246: 1
241: 1
388: 1
419: 1
439: 1
434: 1
345: 1
317: 1
142: 1
229: 1
228: 1
161: 1
235: 1
237: 1
232: 1
322: 1
326: 1
144: 1
145: 1
205: 1
140: 1
357: 1
354: 1
359: 1
