D102m2.txt,0, | 197 237 | 274 301 | ,Score: 0

D106m3.txt,0, | 329 336 | 177 261 | ,Score: 0

D107m0.txt,0, | 296 318 | 127 208 | ,Score: 0

D110m2.txt,0, | 165 191 | 165 249 | ,Score: 0

D202m2.txt,0, | 438 441 | 327 402 | ,Score: 0

D203m5.txt,0, | 190 193 | 345 370 | ,Score: 0

D204m0.txt,0, | 267 274 | 197 249 | ,Score: 0

D206mR.txt,0, | 288 324 | 141 144 | ,Score: 0

D210m8.txt,0, | 145 265 | 164 249 | ,Score: 0

D214m3.txt,0, | 165 194 | 167 190 | ,Score: 0

D215m7.txt,0, | 124 226 | 145 268 | ,Score: 0

D216m1.txt,0, | 157 164 | 157 159 | ,Score: 0

D217m3.txt,0, | 291 316 | 178 266 | ,Score: 0

D218m7.txt,0, | 124 135 | 178 261 | ,Score: 0

D221m4.txt,0, | 193 197 | 273 279 | ,Score: 0

D222m6.txt,0, | 274 302 | 436 441 | ,Score: 0

D228m5.txt,0, | 163 249 | 157 159 | ,Score: 0

D229m1.txt,0, | 157 165 | 240 245 | ,Score: 0

D231m7.txt,0, | 359 362 | 179 262 | ,Score: 0

D239m5.txt,0, | 441 444 | 178 261 | ,Score: 0

D301m9.txt,0, | 120 121 | 178 267 | ,Score: 0

D302m1.txt,0, | 334 336 | 178 261 | ,Score: 0

D304m4.txt,0, | 167 255 | 336 339 | ,Score: 0

D305m1.txt,0, | 281 290 | 388 435 | ,Score: 0

D306m2.txt,0, | 143 146 | 127 208 | ,Score: 0

D307m2.txt,0, | 165 190 | 267 274 | ,Score: 0

D308m5.txt,0, | 299 303 | 196 237 | ,Score: 0

D310m9.txt,0, | 123 139 | 400 419 | ,Score: 0

D311m8.txt,0, | 278 297 | 122 141 | ,Score: 0

D312m9.txt,0, | 165 194 | 161 164 | ,Score: 0

D313m5.txt,0, | 412 415 | 142 146 | ,Score: 0

D314m8.txt,0, | 290 443 | 150 178 | ,Score: 0

D315m6.txt,0, | 232 261 | 127 197 | ,Score: 0

D317m4.txt,0, | 146 178 | 293 321 | ,Score: 0

D318m3.txt,0, | 340 403 | 124 135 | ,Score: 0

D319m6.txt,0, | 286 293 | 178 266 | ,Score: 0

D320m3.txt,0, | 244 245 | 157 250 | ,Score: 0

D321m1.txt,0, | 163 251 | 201 233 | ,Score: 0

D322m0.txt,0, | 293 299 | 167 190 | ,Score: 0

D323m1.txt,0, | 165 194 | 194 219 | ,Score: 0

D324m6.txt,0, | 196 249 | 165 194 | ,Score: 0

D325m0.txt,0, | 123 127 | 293 299 | ,Score: 0

D326m0.txt,0, | 262 267 | 120 124 | ,Score: 0

D327m7.txt,0, | 178 267 | 337 341 | ,Score: 0

D328m3.txt,0, | 337 408 | 262 267 | ,Score: 0

D330m1.txt,0, | 201 251 | 142 146 | ,Score: 0

D331m0.txt,0, | 161 164 | 194 219 | ,Score: 0

D332m4.txt,0, | 296 301 | 177 261 | ,Score: 0

D333m4.txt,0, | 124 135 | 293 300 | ,Score: 0

D403m6.txt,0, | 162 168 | 169 191 | ,Score: 0

D407m5.txt,0, | 178 266 | 331 336 | ,Score: 0

D408m8.txt,0, | 178 267 | 439 441 | ,Score: 0

D409m5.txt,0, | 178 267 | 401 419 | ,Score: 0

D410mR.txt,0, | 193 241 | 165 191 | ,Score: 0

D413m2.txt,0, | 163 251 | 165 194 | ,Score: 0

D414m2.txt,0, | 262 267 | 165 249 | ,Score: 0

D421m7.txt,0, | 201 237 | 293 299 | ,Score: 0

D428m7.txt,0, | 327 401 | 177 261 | ,Score: 0

D430mR.txt,0, | 262 266 | 165 194 | ,Score: 0

D431m9.txt,0, | 178 267 | 140 212 | ,Score: 0

D438m9.txt,0, | 177 181 | 290 297 | ,Score: 0

D450m5.txt,0, | 123 127 | 232 235 | ,Score: 0

D453m0.txt,0, | 158 250 | 146 271 | ,Score: 0

D459m2.txt,0, | 163 250 | 193 218 | ,Score: 0

D462m1.txt,0, | 318 325 | 333 337 | ,Score: 0

D464m0.txt,0, | 122 141 | 336 408 | ,Score: 0

