M = 400 403 
436 438 | 290 293 | 344 345 | 377 379 | 401 428 | 316 319 | 330 336 | 290 293 | 362 366 | 410 411 | 283 284 | 336 403 | 312 319 | 341 376 | 336 408 | 341 377 | 336 408 | 379 421 | 363 368 | 336 339 | 336 408 | 

M = 165 190 
205 206 | 267 274 | 122 123 | 203 206 | 165 248 | 191 219 | 229 259 | 140 219 | 136 141 | 164 165 | 194 244 | 126 206 | 145 178 | 165 249 | 164 165 | 262 266 | 134 136 | 259 262 | 279 297 | 126 127 | 300 303 | 232 259 | 164 249 | 194 245 | 165 248 | 158 159 | 178 229 | 136 141 | 178 266 | 178 267 | 145 178 | 196 237 | 266 268 | 126 206 | 178 267 | 123 136 | 246 248 | 299 303 | 165 194 | 266 267 | 119 123 | 123 136 | 232 261 | 122 208 | 119 120 | 244 245 | 157 251 | 158 251 | 123 127 | 268 274 | 204 237 | 194 244 | 193 219 | 194 196 | 164 165 | 196 249 | 140 144 | 266 272 | 126 208 | 178 264 | 266 268 | 206 235 | 266 268 | 165 194 | 159 161 | 123 126 | 266 268 | 122 123 | 178 267 | 164 165 | 178 261 | 178 266 | 245 248 | 182 261 | 193 194 | 244 245 | 249 251 | 194 245 | 159 251 | 264 268 | 127 130 | 266 268 | 177 262 | 119 120 | 178 181 | 123 127 | 303 305 | 271 272 | 158 251 | 250 251 | 194 245 | 262 266 | 119 123 | 

FREQUENCIES
266: 11
178: 11
165: 10
123: 9
194: 9
268: 7
245: 6
336: 6
251: 6
136: 5
267: 5
126: 5
206: 5
164: 5
127: 4
119: 4
244: 4
249: 4
248: 4
262: 4
219: 3
408: 3
122: 3
196: 3
303: 3
259: 3
159: 3
158: 3
261: 3
403: 2
341: 2
120: 2
264: 2
379: 2
293: 2
377: 2
319: 2
193: 2
272: 2
274: 2
290: 2
229: 2
237: 2
232: 2
145: 2
140: 2
141: 2
208: 2
130: 1
134: 1
344: 1
345: 1
401: 1
400: 1
283: 1
284: 1
366: 1
410: 1
411: 1
299: 1
297: 1
376: 1
191: 1
316: 1
271: 1
279: 1
428: 1
368: 1
421: 1
362: 1
363: 1
300: 1
305: 1
246: 1
438: 1
436: 1
339: 1
330: 1
144: 1
177: 1
250: 1
182: 1
181: 1
312: 1
190: 1
161: 1
157: 1
235: 1
203: 1
205: 1
204: 1
