D102m2.txt,22, | 205 206 | 267 274 | ,Score: 30.0183

D106m3.txt,6, | 436 438 | 290 293 | ,Score: 14.3329

D107m0.txt,17, | 122 123 | 203 206 | ,Score: 21.9472

D110m2.txt,8, | 165 248 | 191 219 | ,Score: 10.0585

D202m2.txt,10, | 400 403 | 229 259 | ,Score: 14.6227

D203m5.txt,13, | 344 345 | 140 219 | ,Score: 8.6936

D204m0.txt,0, | ,Score: 0

D206mR.txt,0, | ,Score: 0

D210m8.txt,12, | 136 141 | 377 379 | ,Score: 12.2679

D214m3.txt,7, | 164 165 | 194 244 | ,Score: 16.9811

D215m7.txt,19, | 126 206 | 145 178 | ,Score: 10.3193

D216m1.txt,4, | 165 249 | 164 165 | ,Score: 14.2624

D217m3.txt,14, | 401 428 | 262 266 | ,Score: 7.8443

D218m7.txt,17, | 134 136 | 259 262 | ,Score: 18.2099

D221m4.txt,17, | 279 297 | 126 127 | ,Score: 17.2673

D222m6.txt,13, | 300 303 | 232 259 | ,Score: 12.4768

D228m5.txt,12, | 164 249 | 194 245 | ,Score: 13.8875

D229m1.txt,9, | 165 248 | 158 159 | ,Score: 23.9246

D231m7.txt,10, | 316 319 | 178 229 | ,Score: 8.4983

D239m5.txt,14, | 136 141 | 178 266 | ,Score: 22.6697

D301m9.txt,0, | ,Score: 0

D302m1.txt,0, | ,Score: 0

D304m4.txt,14, | 178 267 | 330 336 | ,Score: 7.3383

D305m1.txt,5, | 290 293 | 362 366 | ,Score: 9.9254

D306m2.txt,23, | 145 178 | 196 237 | ,Score: 8.5719

D307m2.txt,0, | ,Score: 0

D308m5.txt,22, | 266 268 | 126 206 | ,Score: 33.104

D310m9.txt,15, | 178 267 | 123 136 | ,Score: 17.8447

D311m8.txt,13, | 246 248 | 299 303 | ,Score: 14.6443

D312m9.txt,11, | 165 190 | 165 194 | ,Score: 17.445

D313m5.txt,14, | 410 411 | 266 267 | ,Score: 12.6889

D314m8.txt,12, | 119 123 | 283 284 | ,Score: 9.6301

D315m6.txt,12, | 123 136 | 232 261 | ,Score: 13.6266

D317m4.txt,12, | 336 403 | 122 208 | ,Score: 10.4897

D318m3.txt,0, | ,Score: 0

D319m6.txt,11, | 312 319 | 119 120 | ,Score: 7.6348

D320m3.txt,11, | 244 245 | 157 251 | ,Score: 16.996

D321m1.txt,17, | 158 251 | 123 127 | ,Score: 26.8488

D322m0.txt,14, | 268 274 | 204 237 | ,Score: 14.0207

D323m1.txt,7, | 194 244 | 193 219 | ,Score: 10.117

D324m6.txt,7, | 194 196 | 164 165 | ,Score: 13.4834

D325m0.txt,13, | 196 249 | 140 144 | ,Score: 8.6944

D326m0.txt,15, | 266 272 | 126 208 | ,Score: 11.6898

D327m7.txt,11, | 341 376 | 178 264 | ,Score: 7.9878

D328m3.txt,12, | 336 408 | 266 268 | ,Score: 9.505

D330m1.txt,14, | 206 235 | 266 268 | ,Score: 19.3733

D331m0.txt,8, | 165 194 | 159 161 | ,Score: 10.5203

D332m4.txt,12, | 123 126 | 266 268 | ,Score: 11.4379

D333m4.txt,14, | 122 123 | 178 267 | ,Score: 11.3286

D403m6.txt,11, | 341 377 | 164 165 | ,Score: 13.9945

D407m5.txt,11, | 178 261 | 336 408 | ,Score: 10.426

D408m8.txt,13, | 178 266 | 245 248 | ,Score: 19.894

D409m5.txt,13, | 182 261 | 379 421 | ,Score: 11.7211

D410mR.txt,8, | 193 194 | 244 245 | ,Score: 14.2824

D413m2.txt,10, | 249 251 | 194 245 | ,Score: 18.0002

D414m2.txt,13, | 159 251 | 264 268 | ,Score: 7.5501

D421m7.txt,18, | 127 130 | 266 268 | ,Score: 20.1618

D428m7.txt,13, | 363 368 | 177 262 | ,Score: 15.1847

D430mR.txt,0, | ,Score: 0

D431m9.txt,0, | ,Score: 0

D438m9.txt,7, | 119 120 | 178 181 | ,Score: 17.2777

D450m5.txt,17, | 123 127 | 303 305 | ,Score: 20.7789

D453m0.txt,10, | 271 272 | 158 251 | ,Score: 13.2209

D459m2.txt,7, | 250 251 | 194 245 | ,Score: 10.006

D462m1.txt,12, | 262 266 | 336 339 | ,Score: 17.0706

D464m0.txt,17, | 119 123 | 336 408 | ,Score: 14.0337

