M = 178 267 
205 206 | 267 274 | 266 268 | 229 259 | 145 178 | 262 266 | 259 262 | 279 297 | 300 303 | 232 259 | 181 262 | 316 319 | 179 181 | 145 178 | 266 268 | 303 305 | 296 315 | 266 267 | 283 284 | 178 182 | 232 261 | 122 208 | 312 319 | 268 274 | 140 144 | 262 266 | 178 264 | 266 268 | 206 235 | 266 268 | 266 268 | 122 123 | 178 261 | 178 181 | 182 261 | 264 268 | 266 268 | 177 262 | 178 181 | 122 208 | 303 305 | 271 272 | 262 266 | 123 208 | 

M = 165 194 
436 438 | 290 293 | 123 126 | 165 248 | 191 219 | 400 403 | 344 345 | 140 219 | 400 403 | 136 141 | 164 165 | 248 251 | 157 165 | 165 249 | 401 428 | 130 134 | 126 127 | 194 245 | 164 165 | 164 165 | 245 248 | 136 141 | 330 336 | 290 293 | 362 366 | 196 237 | 126 206 | 123 136 | 345 347 | 164 165 | 194 244 | 410 411 | 123 136 | 336 403 | 134 140 | 244 245 | 157 165 | 134 136 | 158 251 | 204 237 | 194 244 | 193 219 | 194 196 | 164 165 | 196 249 | 400 401 | 336 405 | 336 408 | 159 161 | 123 126 | 336 339 | 164 165 | 336 408 | 245 248 | 400 403 | 241 244 | 164 165 | 245 248 | 164 165 | 249 251 | 127 130 | 363 368 | 123 127 | 158 251 | 250 251 | 336 339 | 336 408 | 

FREQUENCIES
165: 15
266: 10
178: 9
268: 8
336: 8
164: 8
123: 7
194: 7
262: 6
136: 5
245: 5
248: 5
251: 5
403: 4
400: 4
267: 4
126: 4
244: 4
181: 4
127: 3
219: 3
134: 3
408: 3
261: 3
196: 3
206: 3
303: 3
249: 3
259: 3
140: 3
208: 3
122: 3
130: 2
345: 2
401: 2
264: 2
293: 2
290: 2
319: 2
274: 2
305: 2
339: 2
182: 2
157: 2
158: 2
237: 2
232: 2
145: 2
141: 2
344: 1
405: 1
347: 1
283: 1
284: 1
410: 1
411: 1
296: 1
297: 1
191: 1
316: 1
315: 1
271: 1
272: 1
279: 1
428: 1
368: 1
366: 1
362: 1
363: 1
300: 1
241: 1
438: 1
436: 1
330: 1
179: 1
177: 1
250: 1
312: 1
193: 1
229: 1
161: 1
159: 1
235: 1
144: 1
205: 1
204: 1
