D102m2.txt,0, | 206 237 | 267 274 | ,Score: 0

D106m3.txt,0, | 436 438 | 290 297 | ,Score: 0

D107m0.txt,0, | 266 271 | 126 206 | ,Score: 0

D110m2.txt,0, | 165 248 | 165 191 | ,Score: 0

D202m2.txt,0, | 331 402 | 380 421 | ,Score: 0

D203m5.txt,0, | 344 347 | 194 219 | ,Score: 0

D204m0.txt,0, | ,Score: 0

D206mR.txt,0, | ,Score: 0

D210m8.txt,0, | 401 419 | 123 126 | ,Score: 0

D214m3.txt,0, | 165 190 | 165 194 | ,Score: 0

D215m7.txt,0, | 124 226 | 206 235 | ,Score: 0

D216m1.txt,0, | 163 249 | 165 249 | ,Score: 0

D217m3.txt,0, | 288 316 | 273 279 | ,Score: 0

D218m7.txt,0, | 126 196 | 123 208 | ,Score: 0

D221m4.txt,0, | 130 219 | 126 197 | ,Score: 0

D222m6.txt,0, | 278 300 | 274 303 | ,Score: 0

D228m5.txt,0, | 130 219 | 163 250 | ,Score: 0

D229m1.txt,0, | 157 165 | 246 249 | ,Score: 0

D231m7.txt,0, | 179 262 | 316 319 | ,Score: 0

D239m5.txt,0, | 181 261 | 179 261 | ,Score: 0

D301m9.txt,0, | ,Score: 0

D302m1.txt,0, | ,Score: 0

D304m4.txt,0, | 232 261 | 275 303 | ,Score: 0

D305m1.txt,0, | 281 290 | 362 366 | ,Score: 0

D306m2.txt,0, | 127 135 | 262 267 | ,Score: 0

D307m2.txt,0, | ,Score: 0

D308m5.txt,0, | 299 303 | 196 237 | ,Score: 0

D310m9.txt,0, | 123 139 | 400 419 | ,Score: 0

D311m8.txt,0, | 274 301 | 297 314 | ,Score: 0

D312m9.txt,0, | 165 194 | 194 244 | ,Score: 0

D313m5.txt,0, | 178 267 | 412 415 | ,Score: 0

D314m8.txt,0, | 284 356 | 178 261 | ,Score: 0

D315m6.txt,0, | 232 261 | 127 197 | ,Score: 0

D317m4.txt,0, | 178 266 | 122 208 | ,Score: 0

D318m3.txt,0, | ,Score: 0

D319m6.txt,0, | 283 286 | 178 266 | ,Score: 0

D320m3.txt,0, | 157 250 | 157 164 | ,Score: 0

D321m1.txt,0, | 124 135 | 156 235 | ,Score: 0

D322m0.txt,0, | 206 237 | 274 301 | ,Score: 0

D323m1.txt,0, | 165 194 | 194 219 | ,Score: 0

D324m6.txt,0, | 193 196 | 165 249 | ,Score: 0

D325m0.txt,0, | 196 249 | 123 126 | ,Score: 0

D326m0.txt,0, | 400 419 | 228 262 | ,Score: 0

D327m7.txt,0, | 336 405 | 178 264 | ,Score: 0

D328m3.txt,0, | 337 408 | 262 267 | ,Score: 0

D330m1.txt,0, | 201 251 | 141 144 | ,Score: 0

D331m0.txt,0, | 161 164 | 194 219 | ,Score: 0

D332m4.txt,0, | 262 266 | 122 137 | ,Score: 0

D333m4.txt,0, | 124 135 | 262 267 | ,Score: 0

D403m6.txt,0, | 336 406 | 164 169 | ,Score: 0

D407m5.txt,0, | 339 408 | 335 403 | ,Score: 0

D408m8.txt,0, | 178 182 | 177 267 | ,Score: 0

D409m5.txt,0, | 178 267 | 401 419 | ,Score: 0

D410mR.txt,0, | 193 241 | 165 194 | ,Score: 0

D413m2.txt,0, | 163 249 | 165 190 | ,Score: 0

D414m2.txt,0, | 268 274 | 262 267 | ,Score: 0

D421m7.txt,0, | 196 237 | 201 233 | ,Score: 0

D428m7.txt,0, | 363 368 | 177 261 | ,Score: 0

D430mR.txt,0, | ,Score: 0

D431m9.txt,0, | ,Score: 0

D438m9.txt,0, | 178 182 | 179 182 | ,Score: 0

D450m5.txt,0, | 196 237 | 201 233 | ,Score: 0

D453m0.txt,0, | 270 271 | 158 251 | ,Score: 0

D459m2.txt,0, | 165 194 | 248 251 | ,Score: 0

D462m1.txt,0, | 262 266 | 333 337 | ,Score: 0

D464m0.txt,0, | 122 141 | 336 408 | ,Score: 0

