M = 441 444 
439 440 | 438 439 | 437 439 | 439 441 | 438 440 | 437 440 | 440 441 | 119 121 | 437 438 | 438 441 | 229 259 | 201 204 | 204 206 | 428 444 | 437 441 | 201 251 | 250 251 | 248 251 | 158 251 | 126 127 | 201 206 | 325 441 | 248 250 | 158 250 | 126 206 | 

M = 318 325 
324 326 | 325 326 | 181 229 | 324 325 | 318 324 | 325 327 | 180 181 | 297 299 | 299 300 | 299 314 | 297 300 | 297 314 | 314 318 | 

M = 327 402 
400 403 | 400 419 | 324 400 | 327 400 | 400 401 | 331 400 | 400 428 | 400 402 | 377 379 | 377 380 | 403 419 | 401 403 | 331 403 | 402 403 | 326 327 | 326 329 | 326 331 | 379 419 | 401 419 | 419 421 | 380 419 | 402 419 | 379 421 | 379 380 | 324 327 | 324 401 | 324 329 | 324 331 | 327 401 | 327 329 | 327 331 | 329 401 | 331 401 | 325 401 | 401 428 | 401 402 | 380 421 | 329 331 | 325 329 | 325 331 | 331 402 | 

M = 331 336 
335 403 | 336 403 | 327 335 | 329 335 | 329 336 | 331 335 | 335 336 | 335 402 | 

