M = 157 235 
158 251 | 235 251 | 157 251 | 164 165 | 164 249 | 157 164 | 158 249 | 158 235 | 157 158 | 206 235 | 199 206 | 204 206 | 235 249 | 157 249 | 199 235 | 204 235 | 199 204 | 

M = 267 274 
144 146 | 146 147 | 146 179 | 146 266 | 146 267 | 144 147 | 147 179 | 147 266 | 147 267 | 302 303 | 274 303 | 280 281 | 274 280 | 293 297 | 281 293 | 297 302 | 274 302 | 266 267 | 281 297 | 

M = 171 219 
190 217 | 217 220 | 217 219 | 165 190 | 171 190 | 171 220 | 190 220 | 190 219 | 219 220 | 

M = 197 249 
248 251 | 165 248 | 196 248 | 248 249 | 197 248 | 249 251 | 199 251 | 165 249 | 157 165 | 127 196 | 127 199 | 127 197 | 196 249 | 196 199 | 196 197 | 199 249 | 197 199 | 

