M = 127 135 
126 127 | 127 131 | 123 127 | 127 128 | 126 131 | 123 126 | 126 128 | 122 123 | 122 141 | 122 135 | 131 136 | 123 136 | 136 141 | 135 136 | 123 131 | 128 131 | 131 135 | 123 135 | 128 135 | 135 141 | 

M = 327 400 
323 324 | 323 327 | 323 329 | 323 330 | 286 428 | 400 419 | 324 400 | 400 428 | 419 421 | 320 327 | 324 327 | 324 329 | 324 330 | 327 329 | 327 330 | 329 330 | 

M = 291 320 
288 323 | 288 291 | 286 288 | 283 288 | 288 320 | 288 324 | 288 317 | 320 323 | 317 323 | 286 291 | 283 291 | 279 291 | 291 310 | 291 317 | 283 286 | 279 283 | 320 324 | 317 320 | 317 324 | 279 310 | 310 317 | 310 311 | 311 317 | 

M = 147 178 
179 262 | 178 179 | 179 181 | 146 179 | 147 179 | 179 265 | 178 262 | 181 262 | 147 262 | 259 262 | 262 265 | 262 267 | 178 181 | 146 178 | 178 265 | 178 267 | 146 147 | 144 146 | 146 268 | 146 265 | 146 267 | 144 147 | 147 268 | 147 265 | 147 267 | 141 144 | 265 268 | 267 268 | 265 267 | 

