M = 282 297 
283 291 | 279 283 | 282 283 | 296 297 | 293 297 | 291 297 | 279 297 | 297 301 | 293 296 | 291 296 | 279 296 | 282 296 | 296 301 | 279 291 | 282 291 | 279 282 | 273 279 | 279 301 | 

M = 178 266 
147 180 | 178 180 | 180 182 | 180 262 | 120 121 | 119 120 | 147 265 | 147 178 | 146 147 | 147 268 | 147 266 | 147 262 | 178 265 | 146 265 | 265 268 | 265 266 | 262 265 | 261 265 | 146 178 | 178 182 | 178 262 | 178 261 | 146 268 | 146 266 | 142 146 | 268 273 | 266 268 | 182 262 | 182 261 | 119 121 | 262 266 | 261 262 | 

M = 401 419 
401 403 | 401 428 | 379 419 | 403 419 | 377 379 | 

M = 291 316 
316 319 | 288 319 | 313 319 | 312 319 | 319 322 | 288 316 | 313 316 | 312 316 | 316 322 | 283 288 | 288 313 | 288 293 | 288 291 | 282 288 | 288 322 | 438 439 | 438 440 | 438 441 | 438 442 | 439 440 | 439 441 | 439 442 | 296 313 | 293 313 | 291 313 | 312 313 | 282 313 | 308 313 | 296 312 | 296 308 | 291 293 | 282 293 | 440 441 | 440 442 | 308 312 | 441 442 | 356 428 | 

