M = 124 127 
127 134 | 123 134 | 119 123 | 119 124 | 126 127 | 123 127 | 127 197 | 127 208 | 127 196 | 126 130 | 126 206 | 206 208 | 123 126 | 126 197 | 126 208 | 126 196 | 124 126 | 123 208 | 123 124 | 124 135 | 124 208 | 

M = 196 244 
127 130 | 130 197 | 130 196 | 244 245 | 243 245 | 196 245 | 193 197 | 196 197 | 193 196 | 243 244 | 

M = 147 262 
229 262 | 261 262 | 262 263 | 182 262 | 259 262 | 178 262 | 229 261 | 182 229 | 229 259 | 178 229 | 146 147 | 146 268 | 146 178 | 145 146 | 261 263 | 182 261 | 259 261 | 178 261 | 147 263 | 147 268 | 147 178 | 145 147 | 259 263 | 178 263 | 178 182 | 145 268 | 145 178 | 

M = 134 219 
134 136 | 136 141 | 123 136 | 135 136 | 130 134 | 134 193 | 134 135 | 127 135 | 130 193 | 130 135 | 130 219 | 135 141 | 123 135 | 193 218 | 193 219 | 217 218 | 217 219 | 218 219 | 

