M = 283 286 
283 284 | 280 284 | 284 286 | 280 283 | 280 286 | 286 396 | 

M = 196 244 
124 127 | 127 134 | 123 127 | 127 197 | 127 196 | 127 130 | 201 206 | 123 124 | 244 245 | 245 248 | 196 245 | 243 245 | 242 245 | 197 250 | 250 251 | 248 250 | 158 250 | 123 134 | 130 134 | 243 244 | 242 244 | 197 248 | 196 197 | 130 197 | 248 251 | 158 251 | 201 251 | 196 248 | 242 248 | 130 196 | 196 242 | 242 243 | 

M = 142 146 
122 124 | 134 136 | 123 136 | 136 139 | 134 139 | 122 123 | 123 139 | 139 142 | 258 259 | 230 258 | 182 230 | 146 264 | 264 266 | 146 266 | 145 146 | 142 145 | 230 259 | 

M = 277 284 
279 284 | 284 356 | 279 283 | 277 283 | 279 280 | 273 279 | 277 279 | 273 280 | 277 280 | 286 356 | 273 277 | 

