M = 261 265 
265 268 | 259 261 | 232 259 | 232 261 | 

M = 274 302 
300 303 | 301 303 | 278 303 | 299 303 | 274 303 | 302 303 | 275 303 | 303 306 | 268 274 | 268 275 | 268 273 | 278 300 | 300 306 | 278 301 | 274 301 | 301 302 | 275 301 | 301 306 | 278 299 | 274 278 | 278 302 | 275 278 | 273 278 | 278 306 | 299 302 | 299 306 | 134 136 | 135 136 | 274 275 | 273 274 | 275 302 | 302 306 | 217 220 | 171 220 | 134 135 | 273 275 | 275 306 | 196 244 | 196 245 | 244 245 | 

M = 293 299 
303 309 | 300 301 | 293 300 | 299 300 | 300 302 | 300 311 | 299 301 | 293 318 | 290 293 | 318 325 | 290 318 | 311 318 | 299 309 | 299 311 | 302 309 | 302 311 | 309 311 | 306 309 | 306 311 | 

M = 436 441 
436 442 | 436 440 | 436 438 | 441 442 | 440 441 | 438 441 | 325 441 | 440 442 | 438 442 | 290 442 | 438 440 | 339 408 | 339 341 | 339 407 | 336 339 | 407 408 | 336 408 | 408 410 | 336 407 | 407 410 | 

