M = 272 278 
272 275 | 267 272 | 267 274 | 275 278 | 336 339 | 330 336 | 339 341 | 326 330 | 341 345 | 

M = 259 262 
178 180 | 180 262 | 146 178 | 146 267 | 178 261 | 178 229 | 178 267 | 178 262 | 259 261 | 229 259 | 232 259 | 258 259 | 229 261 | 232 261 | 261 262 | 258 261 | 229 232 | 229 262 | 262 267 | 232 258 | 158 237 | 158 160 | 

M = 120 122 
120 121 | 119 120 | 119 121 | 121 122 | 119 122 | 171 220 | 

M = 275 303 
272 303 | 303 305 | 274 303 | 278 303 | 272 274 | 275 305 | 274 275 | 274 278 | 

