M = 143 147 
146 267 | 146 147 | 146 178 | 146 177 | 143 146 | 145 146 | 147 267 | 178 267 | 262 267 | 177 267 | 145 267 | 147 178 | 145 147 | 145 268 | 145 178 | 242 243 | 243 244 | 242 244 | 143 177 | 145 177 | 143 145 | 

M = 267 274 
146 268 | 146 270 | 267 268 | 267 273 | 267 270 | 147 268 | 147 270 | 268 273 | 268 274 | 268 270 | 273 274 | 273 276 | 270 273 | 274 303 | 303 305 | 274 276 | 270 274 | 276 281 | 270 276 | 

M = 178 261 
147 180 | 147 262 | 147 177 | 178 180 | 178 262 | 177 178 | 180 262 | 177 180 | 177 262 | 261 262 | 258 261 | 177 261 | 119 120 | 

M = 356 361 
359 362 | 361 362 | 162 164 | 356 359 | 359 361 | 159 162 | 

