M = 146 271 
146 268 | 267 268 | 268 271 | 268 272 | 147 268 | 271 277 | 146 267 | 144 146 | 146 147 | 267 271 | 267 272 | 147 267 | 120 122 | 119 120 | 271 272 | 147 271 | 122 141 | 141 144 | 119 122 | 144 147 | 147 180 | 

M = 277 281 
281 293 | 277 278 | 278 281 | 278 280 | 278 284 | 272 278 | 172 277 | 277 280 | 277 284 | 272 277 | 281 290 | 280 281 | 281 284 | 168 172 | 172 190 | 284 290 | 280 284 | 190 218 | 168 190 | 246 248 | 

M = 292 297 
297 299 | 293 297 | 296 297 | 290 297 | 293 299 | 296 299 | 292 299 | 293 296 | 292 293 | 290 293 | 292 296 | 290 296 | 281 292 | 290 292 | 292 319 | 292 322 | 319 322 | 

M = 278 299 
278 297 | 281 297 | 299 303 | 278 303 | 303 305 | 272 303 | 299 305 | 281 296 | 

