M = 178 267 
146 268 | 266 268 | 267 268 | 146 266 | 146 267 | 144 146 | 146 178 | 142 146 | 266 267 | 178 266 | 178 181 | 

M = 412 415 
410 411 | 408 411 | 411 412 | 411 415 | 388 411 | 408 410 | 410 412 | 388 410 | 337 408 | 408 412 | 408 415 | 388 408 | 345 346 | 345 370 | 337 415 | 388 412 | 388 415 | 346 370 | 357 454 | 357 358 | 357 359 | 451 454 | 358 454 | 359 454 | 358 451 | 359 451 | 370 451 | 358 359 | 

M = 120 122 
119 120 | 119 122 | 122 123 | 142 144 | 

M = 119 123 
120 123 | 123 136 | 

