M = 293 321 
439 440 | 439 441 | 438 439 | 440 441 | 438 440 | 440 443 | 438 441 | 441 443 | 292 293 | 293 300 | 290 293 | 293 297 | 293 299 | 293 318 | 293 296 | 287 293 | 322 326 | 321 326 | 324 326 | 437 438 | 292 322 | 290 292 | 292 321 | 292 297 | 292 299 | 292 318 | 292 296 | 287 292 | 321 322 | 318 322 | 322 324 | 297 300 | 299 300 | 296 300 | 290 443 | 287 443 | 290 321 | 290 297 | 290 318 | 290 296 | 287 290 | 318 321 | 321 324 | 287 321 | 297 299 | 296 297 | 296 299 | 296 318 | 318 324 | 287 318 | 287 324 | 

M = 331 401 
437 439 | 437 440 | 437 441 | 326 334 | 326 331 | 334 336 | 336 339 | 336 403 | 331 336 | 331 334 | 324 400 | 324 401 | 324 331 | 400 401 | 400 403 | 331 400 | 401 403 | 339 403 | 331 403 | 

M = 146 178 
177 180 | 178 180 | 180 182 | 180 262 | 180 183 | 177 178 | 177 182 | 146 177 | 145 177 | 177 262 | 177 183 | 177 261 | 178 182 | 145 178 | 178 262 | 178 183 | 178 261 | 178 266 | 182 262 | 182 183 | 182 261 | 145 146 | 146 266 | 146 268 | 146 269 | 142 146 | 145 268 | 142 145 | 183 262 | 261 262 | 262 266 | 183 261 | 266 268 | 266 269 | 268 269 | 

M = 122 208 
123 208 | 208 210 | 122 137 | 122 123 | 122 210 | 123 137 | 137 142 | 123 210 | 

