M = 157 237 
158 250 | 158 159 | 158 237 | 158 251 | 158 235 | 157 158 | 158 249 | 156 158 | 237 250 | 250 251 | 235 250 | 157 250 | 249 250 | 156 250 | 127 196 | 159 251 | 157 159 | 156 159 | 196 242 | 196 237 | 196 249 | 237 251 | 235 237 | 237 249 | 156 237 | 201 237 | 235 251 | 157 251 | 249 251 | 156 251 | 201 251 | 157 164 | 164 249 | 156 164 | 164 165 | 157 235 | 235 249 | 156 235 | 157 249 | 156 157 | 157 165 | 156 249 | 165 249 | 156 165 | 

M = 124 135 
123 127 | 124 127 | 127 134 | 127 135 | 123 136 | 134 136 | 135 136 | 123 124 | 123 134 | 123 135 | 134 135 | 

M = 201 233 
204 206 | 206 237 | 203 206 | 205 206 | 206 235 | 201 206 | 204 237 | 203 204 | 204 205 | 204 235 | 201 204 | 203 205 | 203 235 | 203 233 | 203 232 | 201 203 | 205 235 | 201 205 | 233 235 | 232 235 | 201 235 | 258 259 | 258 261 | 233 258 | 257 258 | 232 258 | 259 261 | 233 259 | 257 259 | 232 259 | 156 233 | 232 261 | 233 257 | 232 233 | 232 257 | 

M = 313 319 
312 316 | 312 319 | 311 312 | 312 313 | 312 318 | 283 284 | 284 286 | 283 286 | 316 319 | 311 316 | 313 316 | 316 322 | 316 318 | 319 326 | 319 322 | 318 319 | 311 313 | 311 318 | 305 311 | 286 428 | 424 428 | 424 426 | 313 318 | 322 326 | 426 428 | 318 322 | 

