M = 235 251 
158 237 | 158 251 | 158 249 | 158 235 | 237 251 | 237 249 | 235 237 | 265 268 | 249 251 | 239 251 | 146 265 | 265 266 | 143 146 | 235 249 | 

M = 239 242 
237 239 | 242 245 | 239 245 | 243 245 | 239 249 | 140 218 | 218 220 | 242 243 | 140 143 | 140 220 | 

M = 205 235 
206 237 | 203 205 | 205 206 | 203 235 | 203 206 | 206 235 | 

M = 293 300 
146 268 | 266 268 | 268 274 | 146 266 | 274 301 | 172 274 | 377 378 | 341 377 | 300 301 | 300 311 | 341 378 | 438 440 | 440 442 | 330 401 | 400 401 | 438 442 | 

