M = 293 299 
293 297 | 297 300 | 292 297 | 297 299 | 297 311 | 299 305 | 303 305 | 305 311 | 305 308 | 293 300 | 292 293 | 299 300 | 300 303 | 300 311 | 300 308 | 436 438 | 438 439 | 438 440 | 292 299 | 292 311 | 436 439 | 436 440 | 439 440 | 299 303 | 299 311 | 299 308 | 303 308 | 308 311 | 

M = 122 135 
146 268 | 265 268 | 144 146 | 146 265 | 146 178 | 121 122 | 121 123 | 121 124 | 140 144 | 123 127 | 124 127 | 127 135 | 123 126 | 124 126 | 178 180 | 178 265 | 122 123 | 122 124 | 123 136 | 136 140 | 135 136 | 123 124 | 123 135 | 124 135 | 135 140 | 140 217 | 

M = 196 244 
245 248 | 242 248 | 196 197 | 196 245 | 196 242 | 244 245 | 242 245 | 243 245 | 242 244 | 243 244 | 242 243 | 

M = 197 250 
126 206 | 201 206 | 205 206 | 126 127 | 127 197 | 127 196 | 126 197 | 126 196 | 197 248 | 196 248 | 248 250 | 248 251 | 201 205 | 201 251 | 250 251 | 

