M = 267 272 
146 265 | 265 268 | 265 267 | 146 266 | 266 268 | 266 267 | 266 272 | 146 268 | 146 264 | 146 267 | 400 401 | 401 419 | 286 288 | 283 286 | 284 286 | 400 419 | 264 268 | 267 268 | 268 272 | 312 316 | 288 316 | 419 421 | 283 288 | 284 288 | 283 284 | 

M = 178 265 
265 266 | 177 265 | 262 265 | 264 265 | 178 266 | 262 266 | 264 266 | 146 178 | 146 177 | 177 182 | 177 178 | 178 262 | 178 264 | 178 267 | 177 262 | 177 264 | 177 267 | 262 264 | 262 267 | 264 267 | 

M = 228 262 
261 265 | 178 182 | 182 229 | 182 261 | 182 262 | 182 228 | 178 229 | 178 261 | 205 208 | 229 261 | 229 262 | 228 229 | 177 261 | 261 262 | 261 264 | 228 261 | 205 228 | 158 159 | 

M = 120 124 
119 120 | 119 210 | 119 122 | 119 124 | 120 210 | 120 208 | 120 122 | 208 210 | 122 210 | 124 210 | 126 210 | 127 210 | 122 208 | 124 208 | 126 208 | 127 208 | 122 124 | 124 126 | 124 127 | 126 127 | 

