M = 337 408 
336 408 | 336 409 | 336 337 | 336 407 | 339 408 | 339 407 | 408 409 | 407 408 | 407 411 | 407 410 | 407 412 | 337 409 | 407 409 | 400 419 | 337 407 | 

M = 337 339 
336 339 | 

M = 262 267 
146 265 | 265 266 | 262 265 | 265 268 | 265 267 | 146 266 | 146 268 | 146 267 | 262 266 | 266 268 | 266 267 | 119 120 | 182 262 | 180 182 | 180 262 | 267 268 | 120 208 | 

M = 409 412 
408 411 | 408 410 | 408 412 | 388 408 | 410 411 | 411 412 | 388 411 | 409 411 | 410 412 | 388 410 | 409 410 | 388 412 | 388 409 | 388 407 | 

