M = 296 301 
322 329 | 319 322 | 318 322 | 439 441 | 297 300 | 296 300 | 299 300 | 300 301 | 300 303 | 329 334 | 318 319 | 299 305 | 301 305 | 303 305 | 296 297 | 297 299 | 297 301 | 296 299 | 296 318 | 299 301 | 299 303 | 301 303 | 

M = 123 134 
119 121 | 120 121 | 121 137 | 121 123 | 121 122 | 136 137 | 123 136 | 134 136 | 136 216 | 164 165 | 217 219 | 216 217 | 245 248 | 119 120 | 119 123 | 119 122 | 120 123 | 120 122 | 137 142 | 123 137 | 134 137 | 122 137 | 123 126 | 122 123 | 193 219 | 134 219 | 216 219 | 134 193 | 193 216 | 134 216 | 165 248 | 

M = 147 268 
146 266 | 262 266 | 178 266 | 266 268 | 147 266 | 266 272 | 146 178 | 146 268 | 146 147 | 142 146 | 146 177 | 147 178 | 268 272 | 272 303 | 

M = 178 261 
180 262 | 180 182 | 178 180 | 147 180 | 177 180 | 182 262 | 178 262 | 147 262 | 230 262 | 261 262 | 229 262 | 177 262 | 178 182 | 182 230 | 182 261 | 182 229 | 177 182 | 178 229 | 177 178 | 147 177 | 230 261 | 229 230 | 229 261 | 177 261 | 

