M = 241 249 
250 251 | 157 250 | 249 250 | 248 250 | 157 251 | 249 251 | 248 251 | 241 245 | 241 244 | 241 248 | 157 249 | 244 245 | 245 248 | 248 249 | 

M = 376 379 
329 330 | 329 334 | 330 334 | 376 377 | 377 379 | 

M = 124 135 
122 135 | 122 123 | 122 141 | 122 124 | 122 132 | 140 142 | 141 142 | 126 127 | 127 135 | 123 127 | 124 127 | 127 132 | 135 136 | 123 136 | 136 140 | 136 141 | 132 136 | 123 126 | 124 126 | 126 132 | 123 135 | 135 140 | 135 141 | 132 135 | 123 124 | 123 132 | 140 141 | 124 226 | 124 132 | 

M = 262 267 
146 147 | 146 178 | 146 268 | 142 146 | 146 269 | 146 267 | 147 178 | 147 268 | 147 262 | 147 263 | 147 269 | 147 267 | 178 262 | 178 229 | 178 263 | 178 226 | 178 267 | 268 269 | 267 268 | 229 262 | 262 263 | 226 229 | 263 267 | 267 269 | 

