M = 178 267 
178 265 | 262 265 | 147 262 | 178 181 | 181 262 | 177 181 | 181 182 | 178 266 | 178 262 | 177 178 | 178 182 | 148 178 | 266 267 | 262 267 | 177 267 | 267 274 | 262 266 | 177 262 | 259 262 | 182 262 | 148 262 | 177 182 | 277 280 | 277 281 | 274 277 | 172 277 | 274 303 | 303 305 | 280 281 | 274 280 | 

M = 165 190 
243 245 | 243 246 | 245 248 | 245 246 | 164 165 | 161 164 | 165 248 | 246 248 | 248 250 | 218 219 | 217 219 | 190 219 | 172 190 | 217 218 | 190 218 | 190 217 | 

M = 439 441 
281 293 | 290 293 | 281 290 | 438 440 | 434 440 | 439 440 | 440 441 | 436 440 | 325 326 | 326 329 | 434 438 | 438 439 | 438 441 | 436 438 | 434 439 | 434 441 | 434 436 | 325 441 | 325 329 | 436 439 | 436 441 | 

M = 148 266 
147 265 | 146 265 | 265 267 | 265 266 | 177 265 | 148 265 | 146 147 | 147 178 | 147 267 | 147 266 | 147 177 | 147 148 | 146 178 | 146 267 | 146 266 | 146 177 | 146 148 | 148 267 | 148 177 | 172 274 | 

