M = 282 313 
312 318 | 312 313 | 312 317 | 274 303 | 303 305 | 275 303 | 313 318 | 317 318 | 275 305 | 282 283 | 282 317 | 275 282 | 313 317 | 275 283 | 

M = 178 267 
146 267 | 146 178 | 146 177 | 146 179 | 146 264 | 267 273 | 262 267 | 267 274 | 177 267 | 264 267 | 273 274 | 273 275 | 229 262 | 178 229 | 229 261 | 228 229 | 226 229 | 178 262 | 177 262 | 179 262 | 261 262 | 228 262 | 262 264 | 274 275 | 177 178 | 178 179 | 178 261 | 178 226 | 178 264 | 177 179 | 177 261 | 177 226 | 177 264 | 179 261 | 179 226 | 258 261 | 228 261 | 261 264 | 257 258 | 205 208 | 226 228 | 205 228 | 

M = 143 212 
142 146 | 143 146 | 141 142 | 142 143 | 142 212 | 142 213 | 143 177 | 143 213 | 124 208 | 208 226 | 124 212 | 124 226 | 124 135 | 212 213 | 

M = 135 213 
136 141 | 141 143 | 141 212 | 141 213 | 135 141 | 136 212 | 136 213 | 135 136 | 135 212 | 

