M = 127 196 
127 197 | 123 127 | 124 127 | 127 134 | 127 208 | 127 130 | 197 237 | 196 197 | 130 197 | 244 245 | 196 245 | 196 237 | 196 244 | 123 134 | 130 134 | 130 196 | 

M = 201 251 
206 237 | 204 206 | 205 206 | 206 235 | 201 206 | 158 237 | 158 251 | 158 235 | 158 159 | 157 158 | 237 251 | 204 237 | 235 237 | 201 237 | 157 237 | 235 251 | 159 251 | 157 251 | 204 205 | 204 235 | 201 204 | 205 235 | 205 208 | 201 205 | 201 235 | 157 235 | 233 235 | 232 235 | 201 208 | 201 233 | 157 159 | 181 261 | 232 261 | 232 233 | 

M = 299 305 
303 308 | 305 308 | 299 308 | 308 311 | 296 308 | 307 308 | 303 305 | 299 303 | 301 303 | 303 307 | 305 311 | 301 305 | 305 307 | 297 299 | 297 311 | 296 297 | 297 301 | 297 307 | 146 268 | 266 268 | 299 311 | 296 299 | 299 301 | 299 307 | 146 266 | 296 311 | 307 311 | 296 301 | 296 307 | 301 307 | 

M = 122 208 
206 208 | 119 123 | 119 124 | 119 122 | 123 124 | 123 208 | 122 123 | 123 136 | 124 208 | 122 124 | 134 136 | 122 141 | 136 141 | 146 178 | 178 181 | 178 261 | 178 266 | 

