M = 122 141 
123 127 | 127 208 | 119 120 | 120 123 | 120 122 | 120 208 | 119 123 | 119 122 | 123 136 | 122 123 | 123 208 | 136 141 | 136 140 | 180 262 | 147 180 | 122 208 | 142 146 | 142 144 | 141 142 | 140 142 | 147 262 | 261 262 | 228 262 | 144 146 | 146 147 | 146 268 | 144 147 | 141 144 | 140 144 | 147 268 | 228 261 | 140 141 | 

M = 157 165 
243 244 | 242 243 | 242 244 | 250 251 | 157 250 | 162 164 | 164 167 | 164 165 | 157 164 | 159 162 | 159 251 | 157 159 | 162 167 | 162 251 | 162 165 | 157 162 | 165 167 | 157 167 | 157 251 | 

M = 408 411 
407 408 | 407 411 | 

M = 335 407 
336 408 | 336 407 | 335 336 | 

