M = 293:
293 293 293 293 293 293 293 293 293 293 293 293 293 296 296 296 296 296 296 296 293 293 293 293 293 293 293 293 293 293 293 293 293 293 293 293 293 293 293 293 293 293 293 293 293 293 293 293 293 293 293 293 293 293 293 293 293 293 293 293 293 293 293 293 293 293 293 293 293 293 293 293 293 293 293 293 293 293 293 293 293 293 293 293 293 293 293 293 293 293 293 293 293 293 293 293 293 293 293 293 293 293 293 293 294 294 294 294 

M = 139:
141 141 141 141 141 141 141 141 141 141 141 141 141 141 139 139 139 139 139 139 139 139 139 139 139 139 139 139 139 139 139 139 139 139 139 139 139 137 137 137 137 139 139 139 139 139 139 139 139 139 139 139 139 139 139 139 139 137 137 137 137 139 139 139 139 139 139 139 139 139 139 139 139 213 213 213 212 212 135 135 212 212 212 212 

M = 440:
440 440 440 440 440 440 440 440 440 440 440 440 440 440 440 440 440 440 440 440 440 440 440 440 440 440 440 440 440 440 440 440 440 440 440 440 440 440 440 440 440 440 440 438 438 438 438 438 438 439 439 439 438 438 438 439 439 439 438 438 438 438 438 438 439 439 439 438 438 438 439 439 439 435 435 435 435 435 435 435 435 435 435 435 435 435 435 435 435 435 435 435 435 

M = 311:
299 299 299 299 299 299 299 299 299 299 299 299 299 299 299 299 299 299 299 299 299 311 311 311 311 311 311 311 311 311 311 311 311 311 311 311 311 311 311 311 311 311 311 311 311 311 311 311 311 311 311 311 311 311 311 311 311 311 311 311 311 311 311 311 311 311 311 311 314 314 

M = 303:
303 303 303 303 303 303 303 303 303 303 303 303 303 303 303 303 303 303 303 303 303 303 303 303 303 303 303 303 303 303 303 303 301 301 301 301 301 301 301 301 301 301 305 305 305 305 305 305 305 305 302 302 302 302 302 302 

M = 251:
251 251 251 251 251 251 251 251 251 251 251 251 251 251 251 251 251 251 251 251 251 251 251 251 251 251 251 251 251 251 251 251 251 251 251 251 251 251 251 251 251 251 251 251 251 251 251 251 251 251 251 251 251 251 251 251 251 251 251 251 251 251 251 251 251 158 158 158 158 158 158 158 158 158 158 158 158 158 158 158 158 158 158 158 158 235 235 235 235 203 203 203 203 237 237 237 237 237 237 237 237 203 203 203 203 248 248 248 248 237 237 237 237 235 235 235 235 203 203 203 203 237 237 237 237 235 235 235 235 235 235 235 235 248 248 248 248 237 237 237 237 201 201 201 201 201 201 201 201 201 201 201 201 201 201 201 201 201 201 201 201 201 201 201 201 201 201 201 201 201 201 201 201 

M = 444:
356 356 356 356 356 356 356 356 443 443 443 443 443 443 443 443 443 362 362 362 443 443 443 443 443 443 444 444 444 444 444 444 444 444 444 444 444 444 444 444 444 444 444 444 444 355 355 444 444 444 444 444 444 444 444 444 444 444 444 355 355 

M = 245:
245 245 245 245 245 245 245 245 245 245 245 245 245 245 245 245 245 245 245 245 245 245 245 245 245 245 245 245 245 245 245 245 245 245 245 245 245 245 245 245 245 245 245 245 245 245 245 245 245 245 245 247 247 244 244 243 243 244 244 244 244 242 242 244 244 243 243 243 243 243 243 244 244 243 243 244 244 242 242 243 243 244 244 243 243 242 242 244 244 244 244 242 242 247 247 244 244 242 242 242 242 

M = 130:
131 131 131 130 194 194 132 132 130 130 130 130 132 132 130 130 130 130 194 194 132 132 130 130 132 132 194 194 130 130 194 194 194 194 130 130 194 194 194 194 130 130 130 130 130 130 132 132 

M = 124:
122 122 122 122 122 122 122 122 122 122 122 122 122 122 122 122 122 122 122 122 208 208 208 208 122 122 122 122 122 122 122 122 122 122 122 122 122 122 122 122 122 122 122 122 208 208 208 208 208 208 208 208 122 122 122 122 122 122 122 122 123 123 123 124 124 124 124 124 124 124 124 124 124 124 123 123 123 123 123 123 124 124 124 125 125 125 125 125 125 125 125 125 125 125 125 125 125 125 125 125 125 125 125 125 125 125 125 125 125 125 125 

M = 290:
290 290 290 290 290 290 290 290 290 290 290 284 284 284 290 290 290 290 290 290 290 290 290 290 290 290 290 290 290 290 290 290 290 290 290 284 284 284 

M = 226:
206 206 206 206 206 206 206 206 206 206 206 206 206 206 206 206 205 205 205 205 205 205 205 205 205 205 205 205 205 205 180 180 180 180 180 180 180 180 180 180 180 180 180 180 180 180 182 182 182 182 182 182 182 182 182 179 179 179 179 179 179 207 207 226 226 226 226 226 228 228 228 228 228 228 202 202 202 202 207 207 228 228 226 226 226 226 228 228 226 226 228 228 226 226 202 202 226 226 226 226 202 202 226 226 228 228 226 226 228 228 226 226 226 226 202 202 

M = 128:
127 127 127 127 127 127 127 127 127 127 128 128 128 128 127 127 127 127 127 127 127 127 127 127 127 127 127 127 127 197 197 197 197 197 197 197 197 197 196 196 196 196 196 196 196 196 196 196 196 196 196 196 196 196 196 196 196 196 

M = 267:
146 146 146 146 146 146 146 146 146 146 146 267 267 267 267 267 267 267 267 267 266 266 266 266 266 266 266 269 269 269 269 269 148 148 148 148 148 148 148 148 264 264 264 264 

M = 175:
175 175 175 175 175 175 175 175 175 175 175 175 175 175 175 175 175 175 175 175 175 175 175 175 175 175 175 175 175 175 175 175 175 175 175 175 175 175 175 175 175 175 175 175 175 175 175 175 175 175 175 175 175 175 175 178 178 178 178 178 178 178 178 178 178 178 178 178 178 178 178 178 178 178 178 178 178 178 178 178 178 178 178 178 178 178 178 178 

M = 167:
167 170 170 170 170 167 167 167 167 169 169 167 167 167 167 170 170 167 167 167 167 167 167 169 169 167 167 167 167 167 167 167 167 167 167 167 167 167 167 167 167 

M = 277:
274 274 274 274 274 274 274 274 274 274 274 277 277 277 278 278 278 278 277 277 277 277 277 277 277 277 277 277 277 277 281 281 281 281 281 281 281 281 281 281 281 281 

M = 172:
171 171 171 171 171 171 171 171 171 171 171 171 171 171 171 172 172 172 172 172 172 172 172 172 172 172 172 172 172 172 172 172 172 172 172 172 172 172 172 172 172 172 172 172 172 172 172 172 172 172 172 172 172 

M = 165:
165 165 165 165 165 165 165 165 165 165 165 165 165 165 165 165 165 165 165 165 165 165 165 165 165 165 165 165 165 165 165 165 164 164 164 164 164 164 164 164 164 164 164 164 164 164 164 164 164 164 164 164 164 164 164 164 164 164 164 164 164 164 

M = 220:
190 190 190 190 190 190 190 190 190 190 190 190 190 190 190 190 190 190 190 190 220 220 220 220 220 220 220 220 220 220 220 220 220 220 220 220 220 220 220 220 220 220 220 219 219 219 219 220 220 220 220 220 220 220 220 220 220 220 220 220 220 220 220 220 220 220 220 

