M = 201:
201 201 201 201 201 201 201 201 201 201 201 201 201 201 201 201 201 201 201 201 201 201 201 201 201 201 201 201 201 201 201 201 201 201 201 201 201 201 201 201 201 201 201 201 201 201 201 

M = 146:
144 144 144 144 144 268 268 268 268 268 144 144 144 144 144 146 146 146 146 146 146 146 146 146 146 146 146 146 146 268 268 268 268 268 268 268 268 268 268 146 146 146 146 146 267 267 267 267 267 268 268 268 268 268 146 146 146 146 146 268 268 268 268 268 146 146 146 146 146 268 268 268 268 268 268 268 268 268 268 147 147 147 147 147 147 147 147 147 147 147 147 266 266 266 266 179 179 179 178 178 178 178 178 178 178 178 178 178 178 178 178 178 178 178 178 178 178 178 178 178 178 178 178 178 178 178 178 178 148 148 

M = 167:
164 164 164 164 164 164 164 164 164 167 167 167 167 167 167 167 167 167 167 167 167 167 167 167 167 167 167 167 167 167 167 167 167 167 167 167 167 167 167 167 167 167 167 167 167 167 167 167 167 167 167 167 167 167 167 167 167 167 167 167 167 167 167 167 167 167 167 167 167 167 167 167 167 167 167 167 167 167 165 165 165 165 165 165 165 165 165 165 165 165 165 165 165 165 165 165 165 165 165 165 165 165 165 165 165 165 165 165 165 165 165 165 165 165 165 165 165 165 165 165 165 165 165 165 165 165 165 165 165 165 165 165 172 172 172 172 172 172 172 172 172 172 172 172 172 172 172 162 162 162 162 162 172 172 172 172 172 162 162 162 162 162 162 162 162 162 162 171 171 171 171 171 171 171 171 171 171 171 171 171 171 171 171 171 171 171 171 170 170 170 170 170 170 170 170 170 170 170 170 170 170 170 163 163 163 163 163 163 163 163 163 163 163 163 

M = 205:
205 205 205 205 205 205 205 205 205 205 205 205 205 205 205 205 205 205 205 205 205 205 205 205 205 205 205 205 205 205 205 205 205 205 205 205 205 205 205 205 205 205 205 205 205 205 205 205 205 205 205 205 205 205 205 203 203 203 

M = 210:
210 210 210 210 210 210 210 210 210 210 210 124 124 124 124 124 124 210 210 210 124 124 124 210 210 210 210 210 210 210 210 210 124 124 124 210 210 210 127 127 127 127 127 127 127 127 

M = 208:
126 126 126 208 208 126 126 126 126 126 126 126 126 126 126 126 126 126 126 126 208 208 208 208 208 208 126 126 126 208 208 208 126 126 126 126 126 126 208 208 208 126 126 126 208 208 208 126 126 126 226 226 226 226 226 226 226 226 226 226 226 226 226 226 226 226 226 226 226 226 226 226 226 226 226 226 226 226 

M = 440:
440 440 440 440 440 440 440 440 440 440 440 440 440 440 440 440 440 440 440 440 440 440 440 440 440 440 440 440 440 440 440 440 440 440 440 440 440 440 440 440 440 440 440 440 440 440 440 440 440 440 440 440 440 440 440 440 440 440 440 440 440 440 440 435 435 435 435 435 435 

M = 305:
303 303 303 303 303 303 303 303 303 303 303 303 303 303 303 303 305 302 302 302 302 305 305 305 305 305 305 305 305 305 305 305 305 302 302 305 305 302 302 305 305 305 305 302 302 305 305 305 305 305 305 305 305 305 305 305 305 

M = 445:
445 445 445 445 445 445 445 445 445 445 445 445 445 445 445 445 445 445 445 445 445 445 445 445 445 445 445 445 445 

M = 444:
443 443 443 443 443 443 443 443 443 443 443 443 443 443 443 443 443 443 443 443 443 443 443 443 444 444 444 444 444 444 444 444 444 444 444 444 444 444 444 444 444 444 444 444 444 444 444 444 444 444 444 444 444 444 444 444 444 444 444 444 444 444 444 444 444 444 444 444 444 444 444 444 444 444 444 444 444 444 444 361 361 361 

M = 120:
120 120 120 120 120 120 120 120 120 120 120 120 120 120 120 120 120 120 120 120 120 120 120 120 120 120 120 122 122 122 121 121 121 121 121 121 122 122 122 119 119 119 122 122 122 122 122 122 122 122 122 122 122 122 119 119 119 121 121 121 122 122 122 181 181 181 122 122 122 122 122 122 122 122 122 122 122 122 

M = 356:
359 359 359 359 359 359 359 359 359 359 359 359 359 359 356 356 356 356 356 356 356 356 356 356 356 356 356 356 356 356 356 356 356 356 356 356 356 358 358 358 358 358 358 358 358 358 358 358 358 

M = 274:
301 301 301 301 301 301 301 301 301 301 301 301 301 278 278 278 278 278 278 278 278 278 278 278 278 278 278 278 278 274 274 274 277 277 277 277 274 274 274 274 274 274 274 274 274 274 274 274 277 277 277 277 274 274 274 274 277 277 277 277 274 274 274 274 274 274 274 274 274 274 274 274 277 277 277 277 274 274 274 274 269 269 272 272 269 269 269 269 269 269 269 269 269 269 

M = 438:
438 438 438 438 438 438 438 438 438 438 438 438 438 438 438 438 438 438 438 438 438 438 438 

M = 194:
190 190 190 190 190 190 190 190 190 190 190 190 190 190 190 190 190 190 190 190 190 190 190 190 190 190 190 194 194 194 194 194 194 194 194 194 194 194 194 194 194 194 194 194 194 194 194 194 194 194 194 194 194 194 194 194 194 194 194 194 194 194 194 194 194 194 194 194 194 194 194 194 194 194 194 194 194 194 194 194 220 220 220 220 220 220 220 220 220 220 220 220 220 220 220 220 220 220 220 220 220 220 220 220 220 220 220 220 220 220 220 220 220 220 220 220 220 220 220 220 245 245 245 245 245 245 245 245 242 242 245 245 197 197 245 245 245 245 245 245 242 242 239 239 197 197 242 242 242 242 245 245 245 245 242 242 245 245 245 245 245 245 245 245 239 239 239 239 242 242 242 242 197 197 245 245 239 239 245 245 245 245 239 239 197 197 

M = 281:
281 281 281 281 281 281 281 281 281 281 281 281 281 281 281 281 281 281 281 281 281 

M = 139:
141 141 141 141 141 141 141 141 141 141 141 141 141 141 141 141 141 141 141 141 141 141 141 141 139 139 139 139 139 139 139 139 139 139 139 139 139 139 139 139 139 139 139 139 139 139 139 139 139 

M = 251:
158 158 158 158 158 158 158 158 158 158 158 158 158 158 158 158 158 158 158 158 158 158 158 158 158 158 158 158 237 237 237 237 237 237 237 237 237 237 237 237 237 237 237 237 237 237 248 248 248 248 248 248 248 248 248 248 248 248 248 248 248 248 248 248 251 251 251 251 251 251 251 251 251 251 251 251 251 251 251 251 251 251 251 251 251 251 251 251 251 251 251 251 251 251 251 251 251 251 251 251 251 251 251 251 251 251 251 251 251 251 251 251 251 251 251 251 251 251 251 251 251 251 251 249 249 249 249 249 249 249 249 249 249 249 249 249 249 249 249 249 249 249 249 249 249 249 249 157 157 249 249 161 161 249 249 249 249 

M = 293:
293 293 293 293 293 293 293 293 293 293 293 293 293 293 293 293 293 293 293 293 293 293 293 293 293 293 293 293 293 293 293 293 293 293 293 293 293 293 293 293 293 293 293 293 293 293 293 293 293 293 293 293 293 293 293 293 293 293 293 293 293 293 293 293 293 293 293 293 293 297 297 297 297 297 297 297 297 297 297 297 297 297 297 293 293 293 293 293 293 293 293 293 293 293 293 293 293 293 293 293 293 293 293 293 293 293 293 293 293 293 293 293 293 293 293 293 293 293 293 293 293 293 293 293 293 293 293 293 293 293 293 293 293 293 293 293 293 293 293 293 293 293 293 293 293 293 293 293 293 293 293 293 293 296 296 296 296 296 296 296 296 296 292 292 292 292 292 292 292 292 292 292 292 292 292 292 292 292 292 292 299 299 299 299 299 299 292 292 292 292 292 292 299 299 299 299 299 299 299 299 299 299 299 299 292 292 292 292 292 292 318 318 318 318 318 

M = 290:
290 290 290 290 290 290 290 290 290 290 290 290 290 290 290 290 290 290 290 290 290 290 290 290 290 290 290 290 290 290 290 290 290 290 290 290 290 290 290 290 290 290 290 290 290 290 290 290 290 290 290 290 290 290 290 290 290 290 290 290 290 290 290 290 290 290 290 290 290 290 290 290 290 290 290 290 290 290 290 290 290 290 290 285 285 285 285 285 285 285 285 285 285 321 321 321 321 321 321 321 321 321 321 321 321 287 287 287 321 321 321 287 287 287 321 321 321 287 287 287 321 321 321 321 321 321 

