M = 216:
141 141 141 141 141 142 142 142 142 142 141 141 141 141 141 217 217 217 217 217 217 217 217 217 217 217 217 217 217 217 217 217 217 217 217 140 140 140 140 218 218 218 218 216 216 216 216 216 216 216 216 216 216 216 216 216 216 216 216 216 216 216 216 220 220 220 220 220 220 220 220 220 220 220 220 220 220 220 220 220 220 220 220 220 220 220 220 139 139 139 139 220 220 

M = 151:
173 173 151 257 257 173 173 150 150 257 257 173 173 173 173 173 173 151 151 151 151 150 150 151 151 257 257 150 150 151 151 151 151 257 257 257 257 173 173 150 150 151 151 257 257 151 151 150 150 150 150 151 151 150 150 173 173 151 151 257 257 173 173 151 151 150 150 

M = 251:
159 159 159 159 158 158 158 158 158 158 158 158 248 248 248 237 237 250 250 251 251 251 250 250 157 157 251 251 249 249 204 204 249 249 237 237 251 251 250 250 251 251 249 249 237 237 250 250 249 249 249 249 251 251 250 250 251 251 251 251 237 237 251 251 237 237 237 237 237 237 249 249 251 251 237 237 235 235 249 249 251 251 251 251 249 249 237 237 157 157 251 251 237 237 250 250 251 251 249 249 237 237 249 249 

M = 210:
121 121 121 121 121 121 121 121 210 210 210 210 210 210 210 127 127 127 127 226 226 127 127 226 226 127 127 127 127 127 127 210 210 127 127 226 226 210 210 127 127 127 127 127 127 210 210 127 127 210 210 127 127 210 210 127 127 127 127 210 210 210 210 210 210 210 210 127 127 

M = 443:
441 441 441 441 443 443 443 443 443 443 443 443 443 443 443 443 443 443 443 443 443 442 442 443 443 442 442 443 443 443 443 443 443 443 443 443 443 443 443 

M = 259:
259 259 259 258 258 258 258 259 259 259 259 258 258 258 258 258 258 258 258 259 259 259 259 259 259 259 259 259 259 259 259 259 259 259 259 258 258 258 258 258 258 258 258 259 259 259 259 259 259 259 259 259 259 259 259 259 259 259 259 259 259 259 259 258 258 258 258 233 233 231 231 231 231 233 233 

M = 325:
325 325 325 325 325 325 325 322 322 322 322 325 325 325 325 322 322 322 322 329 329 329 329 325 325 325 325 322 322 322 322 325 325 325 325 322 322 322 322 325 325 325 325 325 325 325 325 325 325 325 325 329 329 329 329 401 401 401 401 401 401 326 326 326 327 327 327 401 401 401 327 327 327 401 401 401 401 401 401 326 326 326 393 393 393 401 401 401 393 393 393 401 401 401 327 327 327 401 401 401 321 321 328 328 321 321 400 400 321 321 321 321 321 321 321 321 400 400 321 321 321 321 400 400 328 328 400 400 321 321 400 400 328 328 400 400 328 328 321 321 400 400 400 400 400 400 328 328 321 321 321 321 321 321 

M = 444:
444 444 444 444 444 444 444 444 444 358 358 444 444 354 354 358 358 354 354 365 365 358 358 444 444 358 358 456 456 357 357 444 444 444 444 444 444 444 444 354 354 444 444 444 444 444 444 358 358 358 358 444 444 444 444 444 444 444 444 444 444 

M = 289:
289 289 289 289 289 289 289 289 289 289 289 289 289 289 289 289 289 289 289 

M = 335:
336 336 336 336 336 336 336 336 330 330 330 330 336 336 336 336 336 336 336 336 335 335 339 339 339 339 339 339 334 334 334 333 333 333 335 335 335 334 334 334 331 331 331 334 334 334 339 339 339 341 341 341 334 334 334 333 333 333 407 407 407 334 334 334 338 338 338 331 331 331 331 331 331 333 333 333 335 335 335 407 407 407 339 339 339 339 339 339 335 335 335 335 335 335 407 407 407 333 333 333 335 335 335 333 333 333 338 338 338 335 335 335 377 377 377 377 403 403 377 377 403 403 377 377 379 379 377 377 377 377 380 380 408 408 378 378 377 377 380 380 377 377 377 377 403 403 377 377 378 378 403 403 377 377 403 403 377 377 380 380 403 403 377 377 403 403 378 378 377 377 403 403 

M = 261:
181 181 181 181 181 181 181 181 181 181 181 178 178 178 178 178 178 178 178 178 178 178 178 178 178 262 262 262 262 262 262 262 262 262 262 262 262 262 262 261 261 261 261 261 261 261 261 261 261 261 261 261 178 178 178 178 178 178 178 262 262 262 262 262 262 262 261 261 261 261 261 261 261 261 261 261 261 261 261 261 178 178 178 178 178 178 178 261 261 261 261 261 261 261 262 262 262 262 262 262 262 261 261 261 261 261 261 261 261 261 261 261 261 261 261 229 229 229 229 229 229 229 229 229 229 229 229 177 177 177 177 177 182 182 182 182 182 182 182 182 182 182 228 228 228 228 

M = 273:
276 276 276 273 273 273 277 277 273 273 273 273 273 273 273 273 273 273 273 273 273 273 273 273 273 273 273 273 273 273 273 273 273 273 

M = 267:
147 147 147 147 147 147 147 147 147 147 147 147 147 147 147 147 147 147 146 146 146 146 146 146 146 146 146 146 146 146 146 146 146 146 146 146 146 146 146 146 146 146 146 146 146 146 146 146 146 146 146 146 146 146 146 146 146 146 146 146 146 146 146 146 146 146 269 269 269 269 269 270 270 270 270 270 270 270 270 270 270 270 270 267 267 267 267 267 267 267 267 267 267 267 267 267 267 267 267 267 267 267 267 267 267 267 267 267 267 267 267 267 267 267 267 267 267 267 267 267 267 267 267 267 267 267 267 267 267 267 

M = 438:
436 436 436 436 434 434 434 434 434 434 434 434 436 436 436 436 434 434 434 434 434 434 434 434 439 439 439 439 434 434 434 434 439 439 439 439 439 439 439 439 439 439 439 439 434 434 434 434 437 437 437 440 440 440 437 437 437 437 437 437 437 437 437 440 440 440 437 437 437 438 438 438 438 438 438 438 438 438 438 438 438 438 438 438 438 438 438 438 438 438 

M = 134:
131 131 131 131 130 130 130 130 130 130 130 130 130 130 130 130 130 130 130 130 134 134 134 131 131 131 131 130 130 130 130 131 131 131 131 134 134 134 134 136 136 136 136 136 136 136 136 136 136 136 136 136 136 136 136 136 136 136 136 136 136 136 136 136 136 136 136 136 136 136 136 

M = 164:
164 164 164 164 164 164 164 164 164 164 164 164 164 164 164 164 164 164 164 164 164 164 164 164 164 164 164 164 164 164 164 164 164 164 164 164 164 164 164 164 164 164 164 164 164 164 164 164 164 164 164 164 164 164 164 161 161 161 161 162 162 162 162 162 162 162 162 162 162 162 162 162 162 162 162 162 162 162 162 162 162 162 162 162 162 162 167 167 163 163 163 163 163 163 167 167 156 156 156 156 167 167 167 167 167 167 167 167 163 163 167 167 167 167 163 163 167 167 163 163 163 163 163 163 163 163 167 167 163 163 

M = 241:
243 243 243 243 243 243 243 242 242 242 242 242 242 242 242 242 242 242 242 242 242 242 242 242 242 242 242 242 242 242 242 242 242 242 242 242 242 242 242 242 242 242 242 242 242 242 242 242 242 242 242 242 242 242 242 242 242 242 242 242 242 242 242 242 242 242 242 242 242 242 194 194 194 194 194 193 193 193 193 193 194 194 194 194 194 193 193 193 193 193 240 240 240 240 240 194 194 194 194 194 193 193 193 193 193 194 194 194 194 194 245 245 245 245 245 240 240 240 240 240 194 194 194 194 194 194 194 194 194 194 194 194 194 194 194 194 194 194 194 194 194 194 194 194 194 194 194 194 194 194 245 245 245 245 245 194 194 194 194 194 194 194 194 194 194 194 194 194 194 194 244 244 244 244 241 241 241 241 241 241 241 244 244 244 244 241 241 241 241 244 244 244 244 244 244 244 244 241 241 241 241 241 241 241 241 244 244 244 244 244 244 244 244 241 241 241 241 244 244 244 244 241 241 241 241 241 241 241 241 241 241 241 241 244 244 244 244 244 244 244 244 197 197 197 197 

M = 314:
299 299 314 299 299 314 314 314 314 299 299 314 314 314 314 319 319 319 319 314 314 

M = 293:
292 292 292 292 293 293 293 293 293 293 293 293 293 293 293 293 293 293 293 293 293 293 293 296 296 296 296 296 296 296 296 293 293 293 293 292 292 292 292 293 293 293 293 292 292 292 292 293 293 293 293 293 293 293 293 293 293 293 293 293 293 293 293 293 293 293 293 293 293 293 293 293 293 293 293 300 300 300 300 300 300 300 300 300 300 300 300 300 300 300 300 300 300 297 297 300 300 300 300 300 300 300 300 

M = 165:
165 165 165 165 165 165 165 165 165 165 165 165 165 165 165 165 165 165 165 165 165 165 165 165 165 165 165 165 165 165 165 165 165 165 165 165 165 165 165 165 165 165 165 165 165 165 165 165 165 165 165 165 165 165 165 165 165 165 165 165 165 165 165 165 165 

