M = 146:
146 146 146 146 145 145 145 145 145 146 146 146 146 146 146 146 146 146 146 146 146 146 146 146 146 146 146 146 146 146 146 146 146 146 146 146 146 146 146 146 146 146 146 146 268 268 268 268 268 268 268 268 268 268 148 148 268 268 148 148 148 148 

M = 347:
345 345 345 346 346 346 346 346 346 346 346 346 345 345 345 346 346 346 345 345 345 345 345 345 345 345 345 345 345 345 346 346 346 345 345 345 345 345 345 346 346 346 346 346 346 452 452 344 344 425 425 349 349 348 348 347 347 347 370 370 425 425 348 348 452 452 344 344 348 348 348 348 370 370 347 347 370 370 348 348 370 370 425 425 370 370 370 370 344 344 347 347 349 349 344 344 370 370 344 344 370 370 370 370 370 370 344 344 344 344 370 370 452 452 344 344 348 348 347 347 348 348 347 347 348 348 347 347 370 370 347 347 348 348 

M = 220:
191 191 191 191 219 219 219 217 217 217 219 219 219 219 219 219 217 217 217 218 218 218 217 217 217 217 217 217 219 219 219 218 218 218 219 219 219 169 169 169 219 219 219 212 212 212 217 217 217 219 219 219 220 220 220 220 220 215 215 215 215 220 220 220 220 220 220 215 215 220 220 220 220 220 220 215 215 215 215 220 220 220 220 220 220 220 220 220 220 220 220 215 215 220 220 215 215 220 220 215 215 

M = 300:
297 297 297 297 297 297 297 297 297 297 300 300 300 300 300 300 300 300 300 300 300 304 304 304 304 

M = 259:
261 261 261 261 261 261 261 261 261 261 261 261 261 261 261 261 261 261 261 261 261 261 261 261 261 261 261 261 261 261 259 259 259 259 259 259 259 259 259 259 259 259 259 259 259 259 259 259 259 229 229 229 229 229 229 229 229 229 229 229 229 259 259 259 259 259 259 259 259 259 259 259 259 229 229 229 229 259 259 259 259 259 259 259 259 259 259 259 259 259 259 259 259 259 259 259 259 259 259 259 259 259 259 259 259 259 259 259 259 230 230 230 230 

M = 444:
362 362 362 362 444 444 444 444 444 444 444 444 444 444 444 443 443 443 444 444 444 444 444 444 444 444 444 444 444 444 443 443 443 444 444 444 443 443 443 444 444 444 444 444 444 443 443 443 444 444 444 444 444 444 443 443 443 444 444 444 365 365 365 444 444 444 443 443 443 444 444 444 444 444 444 359 359 363 363 359 359 359 359 359 359 

M = 322:
329 329 329 329 329 329 329 329 329 329 329 329 329 329 329 329 329 329 329 329 329 329 329 329 329 329 329 329 329 329 329 329 329 329 329 319 319 319 319 327 327 327 322 322 322 322 322 322 322 322 322 322 322 322 322 322 322 322 322 322 322 322 316 316 316 316 316 316 321 321 321 321 321 321 316 316 321 321 316 316 316 316 316 316 321 321 316 316 316 316 321 321 316 316 

M = 258:
258 258 258 258 258 258 258 258 258 258 258 258 258 258 258 258 258 258 258 258 258 258 258 257 257 257 257 257 257 257 257 257 257 257 257 257 257 

M = 273:
273 150 150 173 173 173 173 272 272 173 173 150 150 272 272 273 273 279 279 150 150 150 150 272 272 173 173 173 173 173 173 273 273 272 272 173 173 173 173 173 173 150 150 150 150 271 271 273 273 150 150 173 173 150 150 150 150 279 279 273 273 173 173 279 279 273 273 279 279 279 279 272 272 272 272 272 272 273 273 173 173 279 279 272 272 273 273 272 272 279 279 150 150 270 270 150 150 173 173 279 279 150 150 272 272 272 272 273 273 273 273 173 173 150 150 173 173 273 273 273 273 271 271 271 271 273 273 272 272 150 150 279 279 173 173 270 270 173 173 150 150 270 270 150 150 173 173 150 150 

M = 241:
127 127 127 127 127 127 242 242 242 242 242 242 127 127 127 127 127 127 242 242 242 242 242 242 127 127 127 127 127 127 242 242 242 242 242 242 242 242 242 242 242 242 242 242 242 242 242 242 243 243 243 243 243 243 242 242 242 242 242 242 242 242 242 242 242 242 242 242 242 242 242 242 242 242 242 242 242 242 242 242 242 242 242 242 193 193 193 193 193 193 193 193 240 240 240 240 193 193 193 193 193 193 193 193 240 240 240 240 194 194 194 194 194 194 194 194 194 194 194 194 194 194 194 194 194 194 194 194 194 194 194 194 193 193 193 193 240 240 240 240 194 194 194 194 244 244 244 244 244 244 244 244 244 244 244 244 244 244 244 244 244 244 128 128 128 128 128 128 130 130 130 130 241 241 241 130 130 130 130 130 130 130 130 130 130 130 130 130 130 130 130 241 241 130 130 241 241 130 130 241 241 130 130 130 130 130 130 241 241 130 130 

M = 411:
388 388 388 412 412 412 412 412 412 388 388 388 388 388 388 388 388 388 412 412 412 388 388 388 388 388 388 411 411 411 407 407 411 411 411 411 411 411 411 411 411 411 411 411 411 411 411 411 411 411 407 407 411 411 411 411 411 411 411 411 

M = 265:
265 265 265 265 269 269 269 269 269 265 265 265 265 265 266 266 266 266 266 269 269 269 269 269 263 263 263 263 263 264 264 264 264 

M = 178:
179 179 179 179 179 179 179 179 179 179 179 179 178 178 178 178 178 178 178 178 178 178 178 178 178 178 178 178 178 178 178 178 178 178 178 178 178 178 178 178 178 178 178 178 178 178 181 181 181 181 181 177 177 177 177 177 177 177 177 177 177 177 177 177 177 177 177 183 183 183 183 183 183 183 183 183 183 

M = 120:
123 123 123 121 121 121 123 123 123 123 123 123 120 120 120 120 120 120 120 120 123 123 123 126 126 126 120 120 120 126 126 126 120 120 120 120 120 120 120 120 120 123 123 123 120 120 120 120 120 120 126 126 126 120 120 120 123 123 123 224 224 224 224 124 124 119 119 119 119 224 224 224 224 224 224 119 119 119 119 119 119 119 119 224 224 224 224 119 119 119 119 124 124 224 224 224 224 224 224 224 224 119 119 119 119 119 119 

M = 403:
339 339 339 339 339 336 336 336 336 336 336 336 336 406 406 406 406 336 336 336 336 336 336 336 336 336 336 336 336 406 406 406 406 336 336 336 336 336 336 336 336 336 336 336 336 336 336 336 336 336 336 336 336 400 400 400 415 415 415 403 403 403 403 403 335 335 335 400 400 400 403 403 403 400 400 400 400 400 400 415 415 415 403 403 403 400 400 400 331 331 331 403 403 403 415 415 415 400 400 400 335 335 335 415 415 415 400 400 400 415 415 415 400 400 400 400 400 400 403 403 403 403 403 403 419 419 419 419 401 401 338 338 401 401 419 419 401 401 338 338 338 338 401 401 401 401 405 405 405 405 419 419 419 419 405 405 338 338 405 405 401 401 419 419 401 401 405 405 401 401 419 419 401 401 338 338 338 338 338 338 401 401 419 419 401 401 338 338 401 401 419 419 

M = 435:
440 440 440 440 440 438 438 438 438 438 438 438 438 438 438 438 438 438 438 438 438 438 438 438 438 438 438 438 438 438 438 438 438 438 438 440 440 440 440 440 438 438 438 438 438 438 438 438 438 438 438 438 438 438 438 436 436 436 436 436 436 391 391 435 391 391 391 391 391 391 391 391 391 391 391 391 391 391 391 391 391 391 435 435 391 391 391 391 435 435 391 391 435 435 435 435 435 435 391 391 435 435 391 391 435 435 391 391 435 435 

M = 249:
165 165 165 165 165 165 165 165 165 165 165 165 165 165 165 165 165 165 165 165 165 165 165 165 165 165 165 165 165 165 165 165 165 165 165 165 165 165 165 165 165 165 165 165 165 165 165 165 165 165 165 165 165 165 165 164 164 164 164 164 164 164 164 164 164 164 164 164 164 164 164 163 163 163 163 164 164 164 164 164 164 164 164 164 164 164 164 164 164 164 164 164 164 164 164 163 163 163 163 164 164 164 164 163 163 163 163 164 164 164 164 249 249 251 251 251 251 251 251 249 249 249 250 250 250 251 251 251 249 249 249 159 159 159 250 250 250 249 249 249 249 249 249 250 250 250 251 251 251 161 161 161 249 249 249 251 251 251 250 250 250 251 251 251 249 249 249 251 251 251 250 250 250 251 251 251 251 251 251 251 251 251 251 251 251 251 251 251 251 251 251 161 161 161 249 249 249 251 251 251 249 249 249 157 157 157 251 251 251 249 249 249 251 251 251 251 251 251 251 251 251 249 249 249 250 250 250 249 249 249 251 251 251 250 250 250 249 249 249 249 249 249 237 237 237 237 158 158 158 158 237 237 158 158 158 158 237 237 237 237 237 237 197 197 237 237 158 158 237 237 158 158 

M = 293:
293 293 293 293 293 293 293 293 293 293 293 293 293 293 293 293 293 293 293 293 293 293 293 293 293 293 293 293 293 293 293 293 293 293 293 293 293 293 293 293 293 293 293 293 293 293 293 293 293 293 293 293 293 293 293 293 293 293 293 293 293 293 293 293 293 296 296 296 296 296 290 290 290 290 290 290 290 290 290 290 290 290 290 290 290 290 290 290 290 290 290 290 290 290 290 290 290 290 290 290 290 290 290 290 290 290 290 290 290 290 283 283 283 283 283 283 283 283 283 283 283 283 312 312 312 

M = 377:
377 377 377 377 377 377 377 377 377 343 343 377 377 377 377 343 343 377 377 377 377 

M = 136:
131 131 131 131 131 131 131 136 136 136 136 136 136 136 136 136 136 136 139 139 139 139 136 136 136 136 141 141 141 141 136 136 136 136 136 136 136 136 139 139 139 139 136 136 136 136 135 135 135 135 141 141 141 141 132 132 132 132 132 132 132 132 132 132 132 132 132 132 132 140 140 140 140 133 133 133 133 140 140 133 133 133 133 140 140 140 140 140 140 140 140 140 140 

