M = 235:
203 203 203 203 203 203 203 203 203 203 203 203 203 203 203 203 203 203 203 203 237 237 237 237 237 235 235 235 235 235 201 201 201 235 235 235 235 235 235 235 235 235 235 235 235 235 235 235 201 201 201 201 201 201 201 201 201 235 235 235 201 201 201 235 235 235 235 235 235 201 201 201 235 235 235 235 235 235 235 235 235 201 201 201 201 201 201 235 235 235 201 201 201 201 201 201 235 235 235 201 201 201 201 201 201 201 201 201 235 235 235 

M = 322:
318 318 318 318 318 318 318 318 318 318 318 318 318 318 318 318 318 318 318 318 318 318 318 318 318 318 318 318 322 322 326 326 326 326 326 326 325 325 325 325 325 325 322 322 322 325 325 325 322 322 322 319 319 319 325 325 325 319 319 319 325 325 325 322 322 322 319 319 319 325 325 325 319 319 319 326 326 326 319 319 319 325 325 325 319 319 319 326 326 326 326 326 326 325 325 325 319 319 319 325 325 325 322 322 322 322 322 322 326 326 326 322 322 322 319 319 319 319 319 319 325 325 325 319 319 319 319 319 319 329 329 329 329 329 329 327 327 329 329 329 329 329 329 327 327 329 329 

M = 268:
146 146 146 146 146 146 146 146 146 146 146 146 146 146 146 146 146 146 146 146 146 146 146 146 268 268 268 268 268 268 268 268 268 268 268 268 268 268 268 268 268 268 268 271 271 271 269 269 269 267 267 267 267 

M = 440:
439 439 439 439 439 439 439 439 439 439 439 439 439 439 439 439 441 441 441 441 439 439 439 439 441 441 441 441 439 439 439 439 439 439 439 439 439 439 439 439 440 440 440 440 440 390 390 434 434 440 440 440 440 440 440 440 440 440 440 440 440 440 440 440 440 440 440 440 440 390 390 440 440 434 434 

M = 443:
443 443 443 443 443 442 442 442 442 443 443 442 442 442 442 443 443 443 443 443 443 443 443 443 443 443 443 443 443 443 443 443 443 

M = 208:
126 126 126 126 126 126 126 126 126 126 124 124 124 124 124 124 124 124 124 124 124 124 124 124 124 124 124 124 124 124 124 124 124 124 124 124 124 124 124 124 124 124 124 124 124 124 206 206 206 206 206 206 206 206 206 206 206 206 206 206 206 206 206 206 206 206 206 206 206 206 205 205 205 205 205 205 205 205 205 205 205 205 205 205 205 205 205 205 205 205 205 205 205 205 205 205 205 205 208 208 208 208 208 208 208 208 208 208 208 208 208 208 208 208 208 208 208 208 208 208 208 208 208 208 208 208 208 208 208 208 208 208 210 210 210 210 210 210 125 125 125 125 125 125 

M = 337:
335 335 335 335 336 336 336 336 407 407 407 407 407 407 407 407 335 335 335 335 335 335 335 335 336 336 336 336 339 339 339 339 336 336 336 336 336 336 336 336 339 339 339 339 337 337 337 337 337 337 337 337 337 337 337 410 410 410 338 338 338 337 337 337 337 337 337 403 403 403 403 408 408 403 403 403 403 408 408 403 403 403 403 408 408 403 403 408 408 403 403 331 331 403 403 403 403 408 408 403 403 408 408 403 403 403 403 405 405 403 403 403 403 405 405 403 403 403 403 403 403 403 403 413 413 

M = 196:
127 127 127 127 127 127 127 127 127 127 127 127 127 127 127 127 127 127 127 127 245 245 245 245 245 245 245 245 245 245 245 245 245 245 245 245 245 245 245 245 245 245 245 245 197 197 197 197 197 197 197 197 197 197 197 197 197 197 197 197 197 197 197 197 197 196 196 196 196 196 196 196 196 196 196 196 196 196 196 196 196 196 130 130 130 130 130 130 196 196 196 196 196 196 196 196 196 196 196 196 130 130 130 130 130 130 130 130 130 130 130 130 130 130 130 130 130 130 130 130 130 130 130 130 196 196 196 196 196 196 196 196 196 196 196 196 130 130 130 130 130 130 196 196 196 196 196 196 130 130 130 130 130 130 196 196 196 196 196 196 196 196 196 196 196 196 196 196 196 196 196 196 196 196 196 196 196 196 248 248 248 248 248 244 244 244 244 244 248 248 248 248 248 248 248 248 248 248 248 248 248 248 248 248 248 248 248 248 244 244 244 244 244 248 248 248 248 248 248 248 248 248 248 248 248 248 248 248 243 243 243 243 242 242 242 242 242 242 242 242 243 243 243 243 239 239 239 191 191 191 191 191 191 239 239 239 239 239 239 193 193 193 193 193 193 193 193 193 193 193 193 194 194 193 193 240 240 240 240 240 240 194 194 193 193 193 193 193 193 193 193 240 240 

M = 307:
311 311 311 300 300 300 311 311 311 311 311 311 311 311 311 299 299 299 311 311 311 307 307 307 307 307 299 299 299 311 311 311 311 311 311 299 299 299 311 311 311 311 311 311 300 300 300 307 307 307 311 311 311 307 307 307 307 307 307 301 301 301 301 301 301 305 305 301 301 301 301 301 301 301 301 301 301 301 301 305 305 301 301 301 301 305 305 305 305 301 301 301 301 

M = 357:
357 357 357 357 357 357 357 357 357 357 357 357 357 357 357 357 357 357 357 

M = 178:
180 180 180 180 180 180 178 178 178 178 178 178 178 178 178 178 178 178 178 178 178 178 178 178 178 178 178 178 178 178 178 178 178 178 178 178 178 178 178 178 178 178 178 178 178 178 178 178 178 178 178 178 178 178 178 178 178 178 178 178 178 178 178 178 178 177 177 177 177 177 177 

M = 261:
261 261 261 261 261 261 261 261 261 261 261 261 261 261 261 261 261 261 261 261 261 261 261 261 261 261 261 261 261 261 261 261 261 

M = 266:
265 265 265 265 265 266 266 266 266 266 266 266 266 266 266 266 266 266 266 266 266 266 266 266 266 266 266 266 266 266 266 266 

M = 228:
228 228 228 228 228 228 228 228 228 230 230 228 228 228 228 228 228 230 230 228 228 228 228 228 228 

M = 158:
250 250 250 250 250 158 158 158 158 158 158 158 158 158 158 158 158 158 158 158 158 158 158 158 158 158 158 158 158 158 158 158 158 158 158 158 158 158 158 158 158 158 158 158 251 251 251 251 158 158 158 158 158 158 158 158 158 158 158 158 251 251 251 251 159 159 159 159 159 159 157 157 157 157 157 157 157 157 160 160 157 157 157 157 157 157 157 157 157 157 157 157 157 157 160 160 157 157 160 160 

M = 138:
123 123 123 123 123 123 123 123 123 123 123 123 123 123 123 123 123 123 123 123 123 123 123 123 123 123 123 123 123 123 123 123 123 123 123 123 123 123 123 123 123 123 123 123 123 123 123 123 123 123 135 135 135 135 135 135 135 135 135 135 136 136 136 136 136 136 136 136 136 136 136 136 136 136 136 136 136 136 122 122 122 122 122 122 122 122 122 136 136 136 136 136 136 136 136 136 136 136 136 136 136 136 136 136 136 122 122 122 122 122 122 122 122 122 136 136 136 136 136 136 136 136 136 136 136 136 136 136 136 136 136 136 138 138 138 141 141 141 141 141 141 141 141 141 141 141 141 141 141 141 141 141 141 141 141 138 138 138 138 141 141 141 141 141 141 141 141 141 141 141 141 140 140 140 140 140 140 213 213 213 213 

M = 165:
164 164 164 164 164 164 164 164 164 164 164 164 164 164 164 164 164 164 164 164 164 164 164 164 164 164 164 164 249 249 249 249 249 249 165 165 249 249 249 169 169 169 165 165 165 249 249 249 165 165 165 165 165 165 249 249 249 165 165 165 165 165 165 249 249 249 165 165 165 165 165 165 165 165 165 249 249 249 249 249 249 169 169 169 165 165 165 165 165 165 249 249 249 165 165 165 249 249 249 249 249 249 165 165 165 165 165 165 249 249 249 165 165 165 249 249 249 165 165 165 249 249 249 249 249 249 249 249 249 162 162 163 163 163 163 162 162 163 163 163 163 162 162 163 163 162 162 162 162 162 162 163 163 

M = 293:
297 297 297 296 296 296 293 293 297 297 297 296 296 296 293 293 293 293 293 293 293 293 293 293 293 293 296 296 296 293 293 293 293 293 293 297 297 297 293 293 293 293 293 293 293 293 293 314 314 314 293 293 293 293 293 293 293 293 293 293 293 293 296 296 296 

M = 359:
359 359 359 359 359 360 360 359 359 359 359 359 359 359 359 359 359 359 359 

M = 341:
341 341 341 341 341 341 341 341 341 341 341 341 341 341 341 341 341 341 341 341 341 341 341 341 341 341 341 341 341 341 341 341 341 341 341 341 341 341 341 341 341 341 341 377 377 377 377 341 341 341 341 341 341 341 341 341 341 341 341 341 341 341 341 341 341 341 341 341 341 341 341 376 376 345 345 374 374 344 344 342 342 345 345 376 376 342 342 345 345 344 344 342 342 344 344 342 342 345 345 376 376 345 345 345 345 343 343 343 343 

