M = 146:
146 146 146 146 146 146 146 146 146 146 146 146 146 146 146 146 146 146 146 146 146 146 146 146 146 146 146 146 146 268 268 147 147 142 142 142 142 147 147 147 147 147 147 147 147 147 147 142 142 147 147 142 142 147 147 147 147 147 147 142 142 142 142 142 142 147 147 147 147 142 142 147 147 

M = 194:
242 242 242 242 242 242 242 242 242 242 243 243 243 243 243 243 243 243 243 191 191 191 191 191 191 191 194 194 194 194 194 194 194 194 194 194 194 194 194 194 194 194 194 194 194 194 194 194 194 194 194 194 194 190 190 190 190 190 190 190 194 194 194 194 194 194 194 190 190 190 190 190 190 190 194 194 194 194 194 194 194 244 244 244 244 244 244 241 241 241 241 241 241 241 241 241 241 217 217 217 217 217 241 241 241 241 241 193 193 193 193 193 193 193 193 193 193 193 193 193 193 193 193 245 245 245 245 193 193 193 193 193 193 193 193 245 245 245 245 193 193 193 193 193 193 193 193 131 131 131 131 131 131 131 131 131 131 246 246 131 131 131 131 246 246 131 131 239 239 239 239 239 239 197 197 246 246 131 131 131 131 239 239 246 246 197 197 239 239 239 239 

M = 282:
286 286 286 286 286 286 282 284 284 282 282 281 281 282 282 284 284 282 282 284 284 281 281 282 282 281 281 282 282 282 282 291 291 291 291 284 284 284 284 282 282 281 281 281 281 281 281 284 284 281 281 282 282 282 282 282 282 291 291 284 284 284 284 284 284 282 282 284 284 284 284 291 291 284 284 291 291 281 281 281 281 284 284 282 282 291 291 291 291 

M = 259:
229 229 229 229 259 259 259 259 259 259 259 259 259 259 259 259 259 259 259 259 259 259 259 259 259 259 259 259 259 259 259 259 259 233 233 258 258 258 258 258 258 261 261 261 261 258 258 233 233 232 232 261 261 233 233 261 261 261 261 261 261 258 258 232 232 261 261 232 232 233 233 261 261 261 261 233 233 261 261 261 261 261 261 261 261 261 261 258 258 261 261 261 261 258 258 

M = 312:
317 317 317 313 313 313 314 314 314 313 313 313 313 313 313 312 312 312 312 312 312 312 312 312 312 312 312 312 

M = 440:
440 440 440 440 440 440 440 440 440 440 440 440 440 440 438 438 438 438 438 440 440 440 440 440 438 438 438 438 438 440 440 440 440 440 440 440 440 440 440 440 440 440 440 440 440 440 440 440 440 440 440 440 440 440 438 438 438 438 438 439 439 439 439 439 440 440 440 440 440 440 440 440 440 440 440 440 440 440 440 437 437 437 437 437 437 437 437 441 441 441 441 441 441 441 441 441 441 441 441 441 441 441 441 441 441 436 436 436 441 441 441 433 433 433 433 435 435 435 435 433 433 435 435 434 434 434 434 435 435 434 434 433 433 433 433 434 434 434 434 435 435 433 433 433 433 435 435 433 433 435 435 434 434 435 435 

M = 307:
307 307 307 308 308 307 307 307 307 

M = 297:
297 297 297 297 297 297 297 297 297 297 297 297 297 297 297 297 297 297 297 299 299 299 299 299 299 299 299 299 296 296 296 299 299 299 299 299 299 301 301 301 296 296 296 299 299 299 299 299 299 301 301 301 299 299 299 299 299 299 293 293 293 293 293 293 293 293 293 293 293 293 293 293 293 293 293 293 293 293 293 293 293 293 293 293 293 293 293 293 293 293 293 293 

M = 444:
444 444 444 444 444 444 444 444 444 444 444 444 444 444 444 444 444 444 444 444 444 444 444 444 444 444 444 444 444 444 444 444 444 444 444 355 355 355 444 444 444 444 444 444 444 444 444 443 443 443 443 443 443 443 443 443 443 443 443 

M = 123:
121 121 121 121 119 119 119 119 121 121 121 121 119 119 119 119 136 136 136 136 136 136 127 127 127 136 136 136 136 136 136 136 136 136 127 127 127 136 136 136 127 127 127 127 127 127 136 136 136 126 126 126 136 136 136 136 136 136 136 136 136 126 126 126 136 136 136 127 127 127 123 122 122 207 207 123 123 124 124 123 123 208 208 207 207 208 208 135 135 124 124 134 134 207 207 122 122 123 123 207 207 122 122 207 207 207 207 122 122 123 123 207 207 122 122 207 207 123 123 124 124 207 207 134 134 122 122 122 122 135 135 124 124 124 124 122 122 208 208 135 135 207 207 124 124 122 122 123 123 122 122 123 123 122 122 122 122 122 122 123 123 123 123 207 207 207 207 207 207 122 122 135 135 208 208 208 208 122 122 208 208 122 122 207 207 123 123 123 123 123 123 122 122 123 123 122 122 207 207 

M = 403:
400 400 400 400 400 400 400 400 400 400 400 400 400 400 400 400 400 400 400 400 400 400 400 400 400 400 400 400 400 400 403 403 403 403 403 403 403 403 403 403 403 403 403 403 403 403 403 403 403 403 403 403 403 403 403 403 403 403 403 403 403 403 403 403 403 403 403 403 403 403 403 403 403 403 403 403 403 403 403 403 403 403 403 403 403 335 335 335 335 335 335 401 401 401 401 401 401 401 401 401 401 401 401 402 402 402 336 336 336 402 402 402 335 335 335 401 401 401 336 336 336 401 401 401 401 401 401 401 401 401 335 335 335 401 401 401 331 331 331 402 402 402 401 401 401 401 401 401 402 402 402 401 401 401 335 335 335 401 401 401 401 401 401 335 335 335 401 401 401 331 331 331 335 335 335 336 336 336 336 336 336 402 402 402 401 401 401 335 335 335 401 401 401 402 402 402 335 335 335 417 417 337 337 339 339 417 417 337 337 337 337 339 339 339 339 337 337 339 339 341 341 337 337 417 417 337 337 337 337 417 417 396 396 337 337 337 337 417 417 341 341 417 417 337 337 337 337 339 339 337 337 

M = 427:
428 428 428 424 424 424 427 427 427 427 427 427 427 427 427 423 423 427 427 423 423 427 427 427 427 427 427 427 427 427 427 427 427 427 427 427 427 427 427 427 427 

M = 324:
326 326 326 326 326 326 326 326 324 324 324 324 324 324 324 324 324 324 324 324 324 324 324 330 330 330 330 327 327 327 327 329 329 329 325 325 325 325 325 325 325 325 325 288 288 288 288 288 288 318 318 318 325 325 325 288 288 288 325 325 325 329 329 329 321 321 321 321 321 321 321 321 321 321 321 321 321 321 321 321 321 321 321 321 

M = 178:
180 180 180 180 179 179 179 181 181 181 181 181 181 181 181 181 181 181 181 181 181 181 178 178 178 178 178 226 226 226 226 178 178 178 178 226 226 178 178 178 178 178 178 178 178 178 178 178 178 262 262 178 178 178 178 178 178 

M = 366:
366 366 366 366 366 366 366 365 365 366 366 366 366 366 366 366 366 365 365 366 366 366 366 366 366 365 365 366 366 366 366 365 365 365 365 366 366 366 366 366 366 

M = 165:
165 165 165 165 165 165 165 165 165 165 165 165 165 165 165 165 165 165 165 165 165 165 165 165 165 165 165 165 165 165 165 165 165 165 165 165 165 165 165 165 165 165 165 165 165 165 165 165 165 165 165 165 165 165 165 165 165 165 165 165 165 165 165 165 165 165 165 165 165 165 165 165 165 165 165 165 165 165 165 165 164 164 164 164 164 164 164 164 164 164 164 164 164 164 164 164 164 164 164 164 164 164 164 164 164 164 164 164 164 164 164 164 164 164 164 164 164 164 164 164 164 164 164 164 164 164 164 164 164 164 164 164 164 164 164 164 162 162 162 162 162 162 162 162 162 162 162 162 162 162 162 162 162 162 162 162 162 163 163 163 163 163 163 163 163 167 167 167 167 167 167 172 172 172 167 167 167 167 167 167 167 167 167 167 167 167 167 167 167 167 167 167 167 167 167 167 167 167 167 167 167 167 167 167 172 172 172 172 172 172 167 167 167 167 167 167 167 167 167 166 166 166 166 166 166 166 166 166 166 166 166 166 166 166 166 166 166 166 166 166 166 166 166 166 166 166 166 166 166 166 166 166 166 

M = 251:
250 250 250 250 250 248 248 248 248 248 161 161 161 161 161 250 250 250 250 250 250 250 250 250 250 161 161 161 161 161 251 251 251 251 251 251 251 249 249 249 249 251 251 251 251 251 251 251 251 249 249 249 249 249 249 249 249 249 249 249 249 251 251 251 251 251 251 251 251 251 251 251 251 251 251 251 251 158 158 158 158 249 249 249 249 249 249 249 249 249 249 249 249 249 249 249 249 251 251 251 251 251 251 251 251 204 204 204 204 249 249 249 249 204 204 204 204 249 249 249 249 249 249 249 249 249 249 249 249 237 237 237 201 201 201 157 157 157 201 201 201 157 157 157 201 201 201 201 201 201 201 201 201 201 201 201 201 201 201 206 206 206 157 157 157 201 201 201 201 201 201 201 201 201 201 201 201 201 201 201 206 206 206 201 201 201 201 201 201 206 206 206 201 201 201 253 253 156 156 235 235 156 156 253 253 253 253 253 253 156 156 156 156 156 156 253 253 203 203 235 235 253 253 253 253 253 253 

M = 362:
362 362 362 362 362 362 362 362 362 362 362 362 362 362 362 362 362 362 362 362 362 362 362 362 362 362 362 362 362 362 362 362 362 362 362 362 362 362 362 362 362 362 362 362 

M = 419:
377 377 377 377 377 377 377 377 377 377 377 377 377 377 377 377 377 377 377 377 419 419 419 419 419 419 419 419 419 419 419 419 419 419 419 379 379 379 379 419 419 419 419 379 379 379 379 419 419 419 419 379 379 379 379 419 419 419 419 421 421 421 421 421 421 421 421 421 421 421 421 380 380 380 421 421 421 421 421 421 421 421 421 421 421 421 421 421 421 421 421 421 421 421 421 380 380 380 380 380 380 381 381 381 381 381 381 381 381 381 381 418 418 381 381 418 418 418 418 418 418 418 418 381 381 381 381 381 381 381 381 381 381 418 418 381 381 418 418 381 381 

M = 359:
356 356 356 356 359 359 354 354 354 354 354 354 354 354 354 354 354 354 359 359 359 359 359 359 359 359 359 354 354 354 359 359 359 354 354 354 359 359 359 359 359 359 359 359 359 455 455 455 455 455 455 455 455 455 455 

