M = 201:
204 204 204 204 204 204 206 206 206 201 201 201 201 201 201 201 201 201 201 201 201 201 201 201 201 201 201 201 201 201 201 201 201 201 201 235 235 235 235 235 235 235 235 

M = 435:
437 437 437 440 440 440 438 438 438 440 440 440 438 438 438 438 438 438 438 438 438 391 391 391 391 391 391 391 391 391 437 437 437 440 440 440 391 391 391 437 437 437 391 391 391 438 438 438 391 391 391 438 438 438 391 391 391 440 440 440 440 440 440 391 391 391 437 437 437 391 391 391 440 440 440 438 438 438 437 437 437 391 391 391 440 440 440 440 440 440 438 438 438 437 437 437 435 435 435 435 435 436 436 435 435 436 436 435 435 435 435 435 435 435 435 435 435 435 435 435 435 435 435 435 435 436 436 435 435 436 436 435 435 

M = 335:
335 335 335 335 335 335 335 335 335 335 335 335 335 335 335 335 335 326 326 326 326 326 326 335 335 335 335 335 335 335 335 335 335 335 335 335 335 335 335 335 335 335 335 335 335 335 335 335 335 335 335 335 335 336 336 336 336 336 336 336 336 336 336 336 336 336 336 336 336 336 336 336 336 329 329 329 329 329 329 329 329 329 329 329 329 329 329 329 329 329 329 329 329 329 

M = 194:
190 190 190 190 190 190 190 190 190 190 190 190 190 190 190 190 190 190 190 190 190 190 190 190 240 240 240 240 240 240 240 240 240 219 219 219 194 218 218 194 194 194 194 217 217 191 191 194 194 194 194 218 218 194 194 194 194 194 194 217 217 194 194 194 194 217 217 194 194 194 194 194 194 217 217 194 194 194 194 194 194 

M = 242:
244 244 244 244 242 242 242 243 243 243 243 243 243 243 243 242 242 242 242 243 243 243 243 242 242 242 242 243 243 243 243 243 243 243 243 242 242 242 242 242 242 242 242 244 244 244 244 242 242 242 242 242 242 242 242 242 242 242 242 242 242 242 242 242 242 242 242 242 242 242 242 242 242 242 242 242 242 242 242 

M = 122:
120 120 120 120 120 120 120 120 120 119 119 119 119 119 119 119 119 119 120 120 120 120 120 120 120 120 120 120 120 120 120 120 120 120 120 120 119 119 119 119 119 119 119 119 119 142 142 142 142 142 142 142 122 122 122 122 122 122 122 122 122 122 122 122 122 122 122 122 122 122 122 122 122 122 122 122 122 122 122 122 122 122 122 122 122 122 122 122 122 122 122 122 122 122 122 122 122 122 122 140 140 140 140 140 140 140 140 212 212 140 140 140 140 140 140 140 140 140 140 140 140 

M = 379:
379 379 379 379 379 379 379 379 379 379 379 379 379 379 379 379 379 379 379 379 379 379 379 379 379 379 379 379 379 379 379 379 379 379 

M = 288:
324 324 324 324 324 324 324 324 324 324 324 324 324 324 324 324 324 324 324 324 324 324 324 324 324 324 324 324 324 324 324 324 324 324 324 324 309 309 309 309 309 309 309 309 309 309 309 309 299 299 297 297 288 281 281 301 301 300 300 301 301 299 299 322 322 281 281 300 300 316 316 281 281 312 312 299 299 312 312 281 281 299 299 312 312 300 300 281 281 281 281 301 301 300 300 299 299 299 299 288 288 322 322 281 281 288 288 281 281 281 281 322 322 281 281 281 281 316 316 281 281 299 299 281 281 300 300 322 322 288 288 316 316 288 288 300 300 299 299 281 281 316 316 316 316 281 281 325 325 301 301 301 301 281 281 281 281 322 322 299 299 

M = 261:
262 262 262 262 262 262 262 262 262 262 262 262 262 262 262 262 262 262 229 229 229 229 229 229 229 229 229 229 229 229 229 229 229 228 228 228 261 261 261 261 261 261 261 261 261 261 261 261 261 261 261 261 261 261 261 261 261 261 261 261 261 261 261 261 261 261 261 

M = 259:
231 231 231 231 231 231 231 231 231 259 233 233 259 259 259 259 259 259 259 259 230 230 233 233 259 259 259 259 259 259 259 259 259 259 259 259 259 259 259 259 259 259 259 259 259 259 259 259 259 259 

M = 403:
403 403 403 403 401 401 401 401 401 403 403 403 403 403 403 403 403 403 403 401 401 401 401 401 403 403 403 403 403 403 403 403 403 403 403 403 403 403 403 403 403 403 403 403 401 401 401 401 401 403 403 403 403 403 401 401 401 401 401 403 403 403 403 403 403 403 403 403 403 338 338 338 338 339 339 339 339 339 339 339 339 339 339 339 339 338 338 338 338 338 338 338 338 339 339 339 339 402 402 404 404 402 402 402 402 404 404 402 402 404 404 402 402 402 402 

M = 125:
208 208 208 208 208 208 208 208 208 208 208 208 208 208 208 208 208 208 208 208 208 208 208 208 208 208 208 208 208 208 126 126 126 124 124 124 124 124 124 126 126 126 126 126 126 124 124 124 124 124 124 126 126 126 124 124 124 126 126 126 126 126 126 126 126 126 126 126 126 124 124 124 131 131 125 125 125 125 125 127 127 131 131 125 125 131 131 125 125 125 125 125 125 125 125 125 125 125 125 125 125 127 127 127 127 131 131 125 125 125 125 131 131 127 127 127 127 125 125 125 125 127 127 125 125 127 127 127 127 

M = 178:
181 181 181 181 181 181 181 181 181 181 181 181 181 181 178 178 178 178 178 178 178 178 178 178 178 178 178 178 178 178 178 178 178 178 178 178 178 178 178 178 178 178 178 178 178 178 178 178 226 226 226 226 226 226 226 226 177 177 177 177 

M = 366:
362 362 362 359 359 359 362 362 362 362 362 362 362 362 362 362 362 362 362 362 362 362 362 362 362 362 362 362 362 362 359 359 359 362 362 362 359 359 359 362 362 362 362 362 362 362 362 362 362 362 362 362 362 362 359 359 359 388 388 364 364 412 412 411 411 411 411 412 412 366 411 411 366 366 364 364 411 411 365 365 366 366 365 365 412 412 366 366 366 366 364 364 366 366 411 411 364 364 365 365 412 412 412 412 364 364 412 412 411 411 412 412 364 364 411 411 411 411 411 411 411 411 388 388 365 365 411 411 412 412 412 412 388 388 388 388 412 412 357 357 365 365 412 412 411 411 412 412 411 411 412 412 412 412 357 357 364 364 411 411 366 366 364 364 364 364 357 357 411 411 364 364 

M = 420:
419 419 419 419 419 419 419 419 419 419 419 419 419 419 419 419 419 419 419 419 419 419 419 419 421 421 421 421 421 422 422 422 422 422 422 420 420 420 420 420 420 420 420 420 420 420 420 420 420 420 420 420 420 420 420 420 420 420 420 420 420 420 420 420 420 420 

M = 251:
159 159 159 159 251 251 250 250 250 249 249 249 251 251 251 251 251 251 158 158 158 249 249 249 158 158 158 250 250 250 249 249 249 251 251 251 251 251 251 251 251 251 158 158 158 158 158 158 251 251 251 249 249 249 251 251 251 249 249 249 249 249 249 251 251 251 251 251 251 251 251 251 251 251 251 251 251 251 249 249 249 237 237 248 248 253 253 237 237 248 248 253 253 253 253 237 237 237 237 237 237 160 160 253 253 253 253 237 237 248 248 253 253 237 237 

M = 267:
146 146 146 146 146 146 146 146 146 146 146 146 146 146 146 146 146 146 146 146 146 146 146 146 146 146 146 146 146 146 146 146 146 146 146 146 146 146 146 146 146 146 146 146 146 146 146 146 146 146 265 265 265 265 265 265 265 265 265 265 265 265 265 265 265 265 267 267 267 267 267 267 267 267 267 267 267 267 267 267 267 267 267 267 267 267 267 267 267 267 267 267 267 267 267 267 267 267 267 267 269 269 269 269 269 271 271 271 303 303 303 303 303 303 303 303 303 303 303 303 303 303 303 303 303 303 275 275 274 274 275 275 275 275 274 274 275 275 274 274 275 275 

M = 164:
164 164 164 164 164 164 164 165 165 165 165 165 165 165 165 165 165 165 165 165 165 165 165 164 164 164 164 165 165 165 165 164 164 164 164 165 165 165 165 165 165 165 165 165 165 165 165 164 164 164 164 165 165 165 165 164 164 164 164 164 164 164 164 165 165 165 165 164 164 164 164 165 165 165 165 165 165 165 165 164 164 164 164 163 163 163 163 163 163 163 163 163 163 163 163 163 163 163 169 169 169 163 163 163 163 163 163 163 163 163 172 172 167 167 167 167 167 167 167 167 167 167 167 167 167 167 167 167 167 167 172 172 167 167 167 167 172 172 167 167 167 167 

M = 377:
377 377 377 377 377 377 377 377 377 377 377 377 377 377 377 377 377 377 377 377 377 377 377 377 377 377 377 377 377 377 377 377 377 377 377 378 378 378 378 378 341 341 341 341 341 341 341 341 341 341 341 341 341 341 341 341 341 341 341 341 341 341 341 341 

M = 418:
400 400 400 400 400 400 400 400 400 400 400 400 400 400 400 400 400 400 417 417 417 418 418 417 417 417 417 417 417 418 418 418 418 418 418 418 418 418 418 418 418 417 417 417 417 417 417 418 418 418 418 418 418 418 418 418 417 417 417 417 417 417 418 418 418 417 417 417 418 418 418 417 417 417 396 396 396 418 418 418 417 417 417 417 417 417 418 418 418 417 417 417 418 418 418 418 418 418 418 418 418 417 417 417 418 418 418 417 417 417 418 418 418 428 428 428 428 

