M = 201:
205 205 205 205 203 203 203 201 201 201 201 201 201 201 201 201 201 201 201 201 201 201 201 201 201 201 201 201 201 201 201 201 201 201 201 201 201 201 201 201 201 201 201 201 201 201 201 201 228 228 228 228 228 228 202 202 228 228 228 228 228 228 228 228 

M = 123:
124 124 124 124 124 124 124 124 124 124 124 124 124 124 124 124 124 124 124 124 136 136 136 136 136 136 136 136 136 136 136 136 136 136 136 136 136 136 136 136 136 136 136 136 136 136 136 136 123 123 123 123 123 123 123 123 123 123 123 123 123 123 123 123 123 125 125 139 139 125 125 125 125 125 125 125 125 125 125 139 139 139 139 125 125 125 125 139 139 125 125 

M = 196:
127 127 127 127 127 127 127 127 127 127 127 127 127 127 127 127 127 127 197 197 197 197 197 196 196 196 196 196 196 196 196 196 196 196 196 196 196 196 196 196 196 196 197 197 197 197 197 196 196 196 196 196 196 196 196 196 196 196 196 196 196 196 196 196 196 196 196 239 239 239 239 239 239 239 239 239 239 239 239 

M = 242:
242 242 242 242 242 242 242 242 242 242 242 242 242 242 242 242 242 242 242 242 242 242 242 242 242 242 242 242 242 242 242 242 242 242 242 242 242 242 242 242 242 

M = 208:
208 208 208 208 208 208 208 208 208 208 208 208 208 208 208 208 208 208 208 226 226 226 226 226 226 207 207 207 207 207 207 

M = 440:
440 440 440 440 440 440 440 440 440 440 440 440 440 440 440 440 440 440 440 440 442 442 442 440 440 440 440 440 440 440 440 440 440 440 440 442 442 442 442 442 442 440 440 440 440 440 440 440 440 440 440 440 440 440 440 440 440 440 440 442 442 442 441 441 441 441 441 441 441 441 

M = 190:
218 218 218 218 218 218 218 218 190 190 190 190 190 190 190 190 190 190 190 190 190 190 190 190 190 190 190 190 190 190 190 190 190 190 190 190 190 190 190 190 190 190 190 190 190 190 190 190 190 191 191 191 191 191 191 191 219 219 219 219 219 219 171 171 171 171 171 171 220 220 220 220 220 220 220 220 220 220 220 220 216 216 220 220 220 220 220 220 216 216 220 220 216 216 216 216 192 192 220 220 192 192 220 220 170 170 216 216 220 220 216 216 220 220 

M = 306:
305 305 305 306 309 309 306 306 306 306 269 269 306 306 306 306 306 306 308 308 308 308 306 306 269 269 309 309 308 308 

M = 120:
120 120 120 120 120 120 120 121 121 121 121 121 121 

M = 356:
356 356 356 356 356 356 356 356 356 356 356 358 358 358 362 362 362 358 358 358 358 358 358 362 362 362 355 355 354 354 355 355 

M = 122:
141 141 141 141 141 141 141 141 141 141 141 141 143 143 143 143 143 143 143 143 143 143 143 143 143 143 143 122 122 122 122 122 122 122 122 122 122 122 122 122 122 122 122 122 122 122 122 122 122 122 122 122 122 122 122 122 122 122 122 122 122 122 122 122 122 122 122 122 138 138 140 140 212 212 138 138 138 138 138 138 138 138 138 138 138 138 212 212 140 140 138 138 140 140 138 138 138 138 212 212 212 212 

M = 130:
130 130 130 193 193 193 193 130 130 130 130 193 193 193 193 193 193 193 193 130 130 130 130 130 130 130 130 193 193 193 193 130 130 130 130 130 130 130 130 130 130 130 130 130 130 130 130 193 193 193 193 130 130 130 130 130 130 130 130 130 130 130 130 130 130 130 130 130 130 130 130 130 130 130 130 130 130 130 130 

M = 167:
162 162 162 162 162 162 162 162 167 167 167 167 167 167 167 167 167 167 167 167 167 167 167 167 167 167 167 167 167 167 167 167 167 167 167 167 167 167 167 167 167 167 167 167 167 167 167 167 167 167 167 167 167 167 167 167 167 167 167 167 167 167 167 167 167 167 167 167 167 167 167 167 167 167 167 167 167 167 167 167 167 167 167 167 167 167 167 167 167 167 167 167 167 167 167 167 167 167 167 167 167 167 167 167 167 172 172 172 172 

M = 178:
146 146 146 146 146 146 146 144 144 144 144 144 144 178 178 178 178 178 178 178 178 178 178 178 178 178 178 178 178 178 178 178 178 178 178 178 178 178 178 178 178 178 178 178 178 178 178 178 178 178 178 178 178 178 178 178 178 178 178 178 178 178 178 178 178 178 178 178 178 178 178 178 178 178 178 178 178 178 178 178 178 178 177 177 177 177 267 267 267 267 265 265 265 265 177 177 177 177 267 267 267 267 182 182 182 182 182 182 182 182 182 182 182 182 229 229 229 229 229 229 229 229 263 263 229 229 148 148 270 270 229 229 229 229 264 264 263 263 263 263 229 229 263 263 229 229 229 229 270 270 148 148 229 229 229 229 229 229 229 229 

M = 312:
296 296 312 312 312 296 296 312 312 312 312 

M = 279:
297 297 297 297 297 278 278 278 278 280 280 280 280 278 278 278 278 278 278 278 278 278 278 278 278 280 280 280 280 281 281 281 281 280 280 280 280 278 278 278 278 281 281 281 281 280 280 280 280 281 281 281 281 281 281 281 281 278 278 278 278 281 281 281 281 281 281 281 281 278 278 278 278 278 278 278 278 278 278 278 278 281 281 281 281 275 275 275 284 284 284 275 275 275 274 274 274 275 275 275 273 273 273 273 279 273 273 271 271 279 279 279 279 285 285 285 285 273 273 276 276 285 285 279 279 273 273 279 279 279 279 273 273 279 279 285 285 285 285 273 273 279 279 273 273 273 273 273 273 279 279 273 273 285 285 279 279 279 279 279 279 273 273 279 279 

M = 235:
235 235 235 235 235 235 235 235 235 235 235 235 235 235 235 235 235 235 235 235 235 235 235 235 235 235 235 235 235 235 235 235 235 235 235 235 235 235 235 235 235 235 235 235 235 235 235 235 235 235 235 235 235 235 235 235 235 235 235 235 235 235 235 235 235 235 235 235 235 235 235 235 235 235 235 235 235 235 235 231 231 231 231 231 231 231 231 231 231 

M = 251:
251 251 251 251 251 251 251 251 251 251 251 251 251 251 251 251 251 251 251 251 251 251 251 251 251 251 251 251 251 251 251 251 251 251 251 251 251 251 251 251 251 251 251 251 251 251 251 251 251 251 251 251 251 251 251 251 251 251 251 251 251 251 251 251 251 251 251 251 251 251 251 251 251 251 251 251 251 251 251 251 251 251 251 251 251 251 251 251 251 251 251 251 251 251 251 251 251 251 251 251 251 251 251 251 251 251 251 251 251 251 251 251 251 251 251 251 251 251 157 157 157 157 157 160 160 160 160 160 160 160 160 160 160 

M = 249:
249 249 249 249 249 249 249 249 249 249 249 249 249 249 249 249 249 249 249 249 249 249 249 249 249 249 249 249 249 249 249 249 249 249 249 249 249 249 249 249 249 249 249 249 249 249 249 249 249 249 249 249 249 249 249 249 249 249 249 249 249 249 249 249 249 249 249 249 249 249 249 249 249 249 249 249 

M = 165:
164 164 164 164 164 164 164 164 164 164 164 164 164 164 164 164 164 164 164 164 164 164 164 164 164 164 164 164 164 164 164 164 164 164 164 164 164 164 164 165 165 165 165 165 165 165 165 165 165 165 165 165 165 165 165 165 165 165 165 165 165 165 165 165 165 165 165 165 165 165 165 165 165 165 165 165 165 165 165 165 165 165 165 165 165 165 165 165 165 165 165 165 165 165 165 165 165 165 165 165 165 165 165 165 165 165 165 165 165 165 165 165 165 165 165 165 165 165 165 165 165 165 165 165 165 165 165 165 165 165 165 165 165 165 163 163 163 163 163 163 163 163 163 163 163 163 163 163 163 163 163 163 163 163 163 

