M = 192:
191 191 191 191 191 191 191 191 194 194 194 194 194 194 194 194 194 194 194 194 194 194 190 190 190 190 190 190 190 194 194 194 194 194 194 194 194 194 194 194 194 194 194 194 194 194 194 194 194 194 194 194 194 194 194 194 194 190 190 190 190 190 190 190 194 194 194 194 194 194 194 190 190 190 190 190 190 190 194 194 194 194 194 194 194 190 190 190 190 190 190 190 217 217 217 217 217 217 193 193 193 193 193 193 217 217 217 217 217 217 193 193 193 193 193 193 193 193 193 193 193 193 193 193 193 193 193 193 217 217 217 217 217 217 217 217 217 217 217 217 193 193 193 193 193 193 218 218 218 218 192 192 192 192 192 192 192 192 192 192 192 192 192 192 192 192 192 192 192 192 192 192 192 220 220 220 220 220 220 220 220 220 220 220 220 220 220 220 220 220 220 220 220 220 220 220 220 220 220 220 220 220 220 220 220 

M = 310:
310 310 310 310 310 310 310 310 310 310 310 310 310 310 310 310 310 310 310 310 310 310 310 310 310 310 310 310 310 310 310 310 

M = 172:
172 172 172 172 172 172 172 172 172 172 172 172 172 172 172 172 172 172 172 172 172 172 172 172 172 172 172 172 172 172 172 172 172 172 172 172 172 172 172 

M = 207:
208 208 207 199 199 207 207 237 237 201 201 207 207 237 237 237 237 201 201 207 207 237 237 201 201 207 207 201 201 237 237 207 207 207 207 201 201 199 199 207 207 207 207 237 237 208 208 207 207 201 201 237 237 237 237 201 201 201 201 207 207 207 207 207 207 207 207 

M = 337:
336 336 336 336 336 336 336 336 336 336 336 336 336 336 336 336 334 334 334 334 339 339 339 339 336 336 336 336 330 330 330 330 336 336 336 336 336 336 336 336 336 336 336 336 336 336 336 336 337 337 403 403 403 335 335 335 403 403 403 335 335 335 337 337 337 403 403 403 403 403 403 403 403 403 337 337 337 337 337 337 337 337 337 337 337 337 403 403 403 337 337 337 337 337 337 335 335 335 337 337 337 403 403 403 403 403 403 335 335 335 404 404 404 404 404 404 404 404 404 404 

M = 440:
440 440 440 440 440 440 440 440 440 440 440 440 440 440 440 440 440 440 440 440 440 440 440 440 440 440 440 440 440 440 440 440 440 440 440 440 440 440 440 440 440 440 440 440 440 440 440 440 440 440 440 440 440 440 440 440 440 440 440 440 440 440 440 440 440 438 438 438 438 438 438 438 438 438 438 438 438 438 438 438 438 438 438 438 438 439 439 439 439 439 438 438 438 438 438 435 435 435 435 435 435 435 435 435 435 435 435 435 435 435 435 435 435 435 435 435 435 435 435 435 435 435 435 441 441 441 433 433 433 433 433 433 433 433 433 433 433 433 433 433 433 433 433 433 433 433 433 433 433 433 433 433 433 433 433 433 433 433 

M = 421:
419 419 419 419 421 421 421 421 421 421 421 421 421 421 421 419 419 419 419 419 419 419 419 421 421 421 421 421 421 421 421 421 421 421 421 421 421 421 421 421 421 421 421 421 421 421 421 421 421 421 421 419 419 419 419 377 377 377 377 377 377 377 377 377 377 377 377 377 377 377 376 376 376 376 376 376 376 376 422 422 422 422 422 422 376 376 

M = 277:
280 280 280 280 280 280 280 280 280 280 279 279 279 278 278 278 278 278 278 277 277 277 277 277 277 277 277 277 277 277 277 277 277 277 277 277 277 277 277 277 277 277 277 277 277 277 277 277 277 277 277 277 277 277 277 277 

M = 231:
259 259 259 228 228 228 228 228 228 228 228 228 228 228 228 230 230 230 259 259 259 259 259 259 228 228 228 259 259 259 228 228 228 231 231 228 228 228 259 259 259 259 259 259 231 231 231 228 228 228 259 259 259 231 231 231 231 231 231 233 233 232 232 232 232 232 232 232 232 

M = 178:
181 181 181 181 181 181 181 181 181 181 181 181 181 181 181 181 181 181 181 181 181 181 181 181 181 181 181 181 181 181 262 262 262 262 262 181 181 181 181 181 262 262 262 262 262 268 268 268 268 268 268 268 268 268 268 268 268 263 263 263 178 178 147 147 147 261 261 261 178 178 178 263 263 263 263 263 263 263 263 263 146 146 146 178 178 178 147 147 147 178 178 178 146 146 146 146 146 146 261 261 261 178 178 178 263 263 263 261 261 261 261 261 261 178 178 178 263 263 263 178 178 178 147 147 147 261 261 261 178 178 178 178 178 178 178 178 178 178 178 178 146 146 146 146 146 146 144 144 144 146 146 146 146 146 146 261 261 261 178 178 178 261 261 261 146 146 146 261 261 261 261 261 261 261 261 261 147 147 147 146 146 146 263 263 263 261 261 261 263 263 263 267 267 267 267 267 267 267 267 267 267 267 267 184 184 145 145 267 267 267 267 267 267 267 267 267 267 267 267 267 267 267 267 264 264 267 267 145 145 

M = 132:
136 136 136 136 136 136 136 136 136 136 136 136 136 136 136 136 138 138 138 138 138 138 135 135 135 131 131 131 131 131 131 131 131 131 138 138 138 130 130 123 123 132 130 130 130 130 123 123 142 142 130 130 139 139 130 130 133 133 132 132 132 132 133 133 132 132 141 141 128 128 132 132 132 132 132 132 123 123 132 132 139 139 133 133 133 133 130 130 132 132 123 123 133 133 140 140 123 123 142 142 132 132 132 132 132 132 132 132 130 130 140 140 140 140 130 130 130 130 132 132 132 132 123 123 133 133 

M = 293:
297 297 297 297 297 297 297 297 297 297 297 297 297 297 297 297 297 297 297 297 297 297 297 297 297 297 297 297 297 297 297 297 297 297 297 297 297 297 297 297 297 297 297 297 297 297 297 297 297 297 297 297 297 297 297 293 293 293 293 293 293 293 293 293 293 293 293 293 293 293 293 293 293 293 293 293 293 293 293 293 293 293 293 293 293 293 293 293 293 293 293 293 293 293 293 293 293 293 293 293 293 293 293 293 293 293 293 293 293 293 293 293 293 293 293 293 293 293 320 320 320 320 288 288 288 288 288 288 288 288 288 288 288 288 288 288 288 288 288 288 288 288 288 288 288 288 288 288 288 288 288 288 288 288 288 288 288 288 288 288 288 288 288 288 291 291 296 296 291 291 296 296 291 291 291 291 291 291 291 291 296 296 291 291 

M = 396:
400 400 400 400 400 400 400 400 400 400 400 400 400 400 400 400 400 400 400 400 326 326 326 326 327 327 327 327 401 401 401 444 444 444 324 324 324 444 444 444 444 444 444 324 324 324 401 401 401 324 324 324 401 401 401 401 401 401 444 444 444 444 444 444 324 324 324 444 444 444 324 324 324 444 444 444 444 444 444 444 444 444 324 324 324 324 324 324 401 401 401 444 444 444 324 324 324 324 324 324 324 324 324 401 401 401 401 401 401 444 444 444 444 444 444 324 324 324 401 401 401 444 444 444 401 401 401 324 324 324 401 401 401 324 324 324 396 396 396 329 329 329 329 329 329 396 396 329 329 329 329 329 329 329 329 396 396 396 396 396 396 428 428 396 396 329 329 329 329 428 428 428 428 396 396 428 428 396 396 396 396 428 428 428 428 396 396 396 396 396 396 428 428 396 396 428 428 396 396 396 396 396 396 

M = 126:
127 127 127 127 127 127 127 127 127 127 127 127 127 127 127 126 124 124 124 124 124 124 126 126 124 124 124 124 126 126 126 126 126 126 124 124 126 126 124 124 197 197 126 126 124 124 197 197 

M = 242:
242 242 242 242 242 242 242 242 242 242 242 242 242 242 242 242 242 242 242 242 242 242 242 242 242 242 242 242 242 240 240 240 240 240 240 244 244 244 244 244 244 244 244 244 244 244 244 244 244 244 244 244 244 244 244 244 244 244 244 244 244 244 244 245 245 245 245 245 245 241 241 241 245 245 245 248 248 248 245 245 245 245 245 245 245 245 245 245 245 245 245 245 245 

M = 164:
164 164 164 164 164 164 164 164 164 164 164 164 164 164 164 164 164 164 164 164 164 164 164 164 164 164 164 164 164 164 164 164 164 164 164 164 164 164 164 164 164 164 164 164 164 164 164 164 164 164 164 164 164 164 164 164 164 164 164 164 164 164 164 164 164 164 164 164 164 164 164 164 164 164 164 164 164 164 164 164 164 164 164 164 164 164 164 164 164 164 164 164 164 164 164 164 164 164 164 164 164 164 164 164 164 164 164 164 164 164 164 164 164 164 164 164 164 164 164 164 164 164 164 164 164 165 165 165 165 165 165 165 165 165 165 165 165 165 165 165 165 165 165 165 165 165 165 165 165 165 165 165 165 165 165 165 165 165 165 165 165 165 165 165 165 165 165 165 165 165 165 165 165 165 165 165 165 165 165 165 165 165 165 165 165 165 165 165 165 165 165 165 165 165 165 165 165 165 165 165 165 165 165 165 165 162 162 162 162 162 162 162 162 162 162 162 162 162 162 162 162 249 249 249 249 249 249 249 249 249 249 249 249 249 249 249 159 159 159 249 249 249 249 249 249 249 249 249 249 249 249 249 249 249 251 251 163 163 251 251 163 163 163 163 251 251 163 163 251 251 251 251 251 251 251 251 157 157 251 251 163 163 163 163 251 251 251 251 250 250 251 251 163 163 251 251 

M = 167:
167 167 167 167 167 167 167 167 167 167 167 167 167 167 167 167 167 167 167 167 167 167 167 167 167 167 167 167 167 167 167 167 167 167 167 167 167 167 167 167 167 167 167 167 167 167 167 167 167 167 167 167 167 167 167 167 167 167 167 167 167 167 167 167 167 167 167 167 167 167 167 167 167 167 167 167 167 167 167 170 170 170 170 170 170 

M = 388:
412 412 412 388 388 388 387 387 363 363 363 363 387 387 390 390 389 389 387 387 363 363 363 363 388 388 388 388 389 389 389 389 363 363 387 387 388 388 387 387 387 387 388 388 363 363 390 390 388 388 388 388 388 388 390 390 387 387 363 363 390 390 387 387 363 363 363 363 388 388 363 363 

M = 284:
284 284 284 284 281 281 281 281 281 284 284 284 284 284 281 281 281 281 281 284 284 284 284 284 284 284 284 284 284 284 284 284 284 284 281 281 281 281 281 284 284 284 284 284 281 281 281 281 281 284 284 284 284 284 284 284 284 284 284 281 281 281 281 281 284 284 284 284 284 284 284 284 284 284 284 284 284 284 284 281 281 281 281 281 284 284 284 284 284 284 284 284 284 284 284 284 284 284 284 284 284 284 284 284 285 285 285 285 285 285 285 285 285 285 285 285 285 285 285 285 285 285 285 285 285 285 285 285 286 286 286 286 283 283 283 283 283 283 283 283 283 283 283 283 283 283 283 283 283 283 283 283 283 283 283 283 283 283 283 283 283 283 283 283 283 282 282 282 282 282 282 282 282 282 282 282 282 282 282 282 282 282 282 282 282 282 282 282 282 282 282 282 282 282 282 

M = 359:
359 359 359 359 359 359 359 359 359 359 359 359 359 359 359 362 362 362 362 362 362 356 356 356 356 356 356 356 356 361 361 361 455 455 455 455 

