M = 147:
146 146 146 146 146 146 147 147 147 147 147 146 146 146 146 146 146 147 147 147 147 147 147 147 147 147 147 147 147 146 146 146 146 146 146 146 146 146 146 146 146 147 147 147 147 147 147 147 147 147 147 147 147 146 146 146 146 146 146 267 267 267 267 267 267 267 267 267 267 267 267 267 267 267 267 268 268 268 268 144 144 144 269 269 269 270 270 270 270 270 270 270 270 

M = 282:
286 286 286 286 286 281 281 281 281 280 280 280 280 281 281 281 281 283 283 283 283 283 283 283 283 280 280 280 280 280 280 280 280 280 280 280 280 281 281 281 281 281 281 281 281 281 281 281 281 280 280 280 280 283 283 283 283 281 281 281 281 280 280 280 280 285 285 285 284 284 284 285 285 285 279 279 279 282 282 285 285 285 284 284 284 282 282 282 284 284 284 282 282 282 285 285 285 282 282 282 282 282 282 282 282 282 282 282 282 276 276 276 282 282 282 284 284 284 285 285 285 282 282 282 285 285 285 285 285 285 282 282 282 284 284 284 282 282 282 282 282 282 284 284 284 285 285 285 285 285 285 284 284 284 282 282 282 285 285 285 285 285 285 284 284 284 284 284 284 282 282 282 284 284 284 284 284 284 284 284 284 284 284 284 282 282 282 278 278 278 278 278 278 

M = 324:
323 323 323 323 323 323 323 323 323 323 324 324 324 327 327 327 327 324 324 324 324 330 330 330 330 324 324 324 324 330 330 330 330 324 324 324 324 324 324 324 324 324 324 324 324 330 330 330 330 327 327 327 327 330 330 330 330 324 324 324 324 330 330 330 330 324 324 324 324 329 329 329 329 329 329 329 329 329 329 329 329 322 322 322 325 325 325 325 325 325 325 325 

M = 231:
228 228 228 228 229 229 229 229 259 259 259 259 259 259 231 259 259 231 231 259 259 231 231 259 259 259 259 231 231 231 231 259 259 259 259 231 231 231 231 230 230 

M = 310:
310 310 310 310 310 310 310 310 311 311 311 310 310 310 310 310 310 310 310 310 310 310 310 310 310 310 310 310 310 310 310 310 310 310 310 

M = 193:
128 128 128 128 190 190 190 194 194 194 194 194 194 217 217 217 190 190 190 193 193 194 194 194 193 193 193 194 194 194 193 193 193 193 193 193 190 190 190 193 193 193 190 190 190 217 217 217 194 194 194 217 217 217 194 194 194 217 217 217 194 194 194 190 190 190 194 194 194 193 193 193 194 194 194 194 194 194 190 190 190 194 194 194 194 194 194 217 217 217 190 190 190 191 191 191 217 217 217 130 130 218 218 130 130 130 130 130 130 130 130 

M = 293:
288 288 288 288 288 288 288 288 288 288 288 288 288 288 288 288 288 288 288 288 288 288 288 288 288 297 297 297 297 297 291 291 291 291 293 293 293 293 293 293 293 293 293 293 293 293 293 293 293 293 293 293 293 293 293 293 293 291 291 291 291 291 291 291 291 293 293 293 293 293 293 293 293 293 293 293 293 293 293 293 293 293 293 293 293 293 293 293 293 291 291 291 291 296 296 292 292 296 296 318 318 296 296 292 292 292 292 318 318 292 292 289 289 

M = 428:
421 421 421 421 421 421 421 421 428 428 428 421 421 421 421 428 428 428 428 428 428 428 428 428 428 428 428 364 364 360 360 359 359 455 455 456 456 359 359 456 456 364 364 359 359 422 422 422 422 422 422 456 456 422 422 359 359 456 456 359 359 359 359 359 359 422 422 359 359 359 359 359 359 422 422 364 364 359 359 359 359 

M = 261:
262 262 262 262 262 262 262 261 261 261 261 261 261 261 261 261 261 261 261 261 261 261 261 261 261 261 261 261 261 261 261 261 261 261 261 261 261 261 261 261 261 261 261 261 261 261 261 261 261 261 263 263 263 263 263 263 263 263 263 263 263 263 263 263 263 263 263 263 263 263 263 263 263 263 264 264 264 

M = 123:
121 121 121 121 121 121 127 127 127 127 127 127 127 127 127 127 126 126 126 126 126 122 122 122 122 122 122 122 122 122 122 122 122 122 122 122 136 136 136 136 136 122 122 122 122 122 126 126 126 126 126 122 122 122 122 122 136 136 136 136 136 122 122 122 122 122 122 122 122 122 122 126 126 126 126 126 126 126 126 126 126 122 122 122 122 122 126 126 126 126 126 127 127 127 127 127 122 122 122 122 122 126 126 126 126 126 122 122 122 122 122 127 127 127 127 127 126 126 126 126 126 127 127 127 127 127 123 123 123 124 124 124 124 124 124 124 124 135 135 135 135 135 135 135 135 135 135 135 135 141 141 141 141 132 132 132 132 135 135 135 135 135 135 135 135 139 139 138 138 138 138 138 138 138 138 138 138 138 138 

M = 241:
247 247 247 247 247 247 247 247 243 243 243 243 243 243 243 243 242 242 242 242 242 242 242 242 242 242 242 242 247 247 247 247 243 243 243 243 247 247 247 247 245 245 245 196 196 196 196 196 196 196 196 196 244 244 244 244 244 244 196 196 196 245 245 245 196 196 196 246 246 240 240 240 240 240 240 241 240 240 240 240 240 240 241 241 241 241 240 240 241 241 240 240 241 241 241 241 241 241 241 241 240 240 

M = 306:
306 306 306 300 300 300 300 306 306 306 306 300 300 306 306 306 306 300 300 300 300 306 306 306 306 306 306 

M = 401:
400 400 400 400 400 400 400 400 400 400 400 400 400 400 400 400 400 400 400 400 400 400 400 400 400 401 401 401 401 401 401 401 401 401 401 401 401 401 401 401 401 401 401 401 401 401 401 401 401 401 401 401 401 401 401 401 401 

M = 178:
178 178 178 178 178 178 178 178 178 178 178 179 179 179 179 179 179 178 178 178 178 178 178 178 178 178 178 178 178 178 178 178 178 178 178 178 178 178 178 178 178 178 178 178 178 178 178 178 178 178 178 178 178 178 178 178 178 178 178 178 178 178 178 178 178 178 178 178 178 178 178 178 178 178 178 178 178 181 181 181 181 181 181 181 181 181 181 181 181 181 181 181 181 181 181 181 181 181 181 181 181 181 183 183 184 184 183 183 183 183 

M = 164:
164 164 164 164 164 164 164 164 164 164 164 164 164 164 164 164 164 164 164 164 164 164 164 164 164 164 164 164 164 164 164 164 164 164 164 164 164 164 164 164 164 164 164 164 164 164 164 164 164 164 164 164 164 164 164 164 164 164 164 167 167 167 167 167 167 167 167 167 167 167 167 167 167 167 167 167 167 167 167 167 167 167 167 167 167 167 167 167 167 167 167 167 167 167 167 167 167 167 167 162 162 162 169 169 169 165 165 165 165 165 165 165 165 165 165 165 165 165 165 165 165 165 165 162 162 162 162 162 162 162 162 162 165 165 165 162 162 162 165 165 165 165 165 165 162 162 162 162 162 162 

M = 403:
379 379 379 379 379 419 419 419 377 377 377 377 377 377 338 338 338 336 336 336 377 377 377 403 403 336 336 336 403 403 403 377 377 377 403 403 403 403 403 403 377 377 377 403 403 403 340 340 340 377 377 377 419 419 419 419 419 419 419 419 419 403 403 403 419 419 419 419 419 419 419 419 419 377 377 377 336 336 336 377 377 377 336 336 336 336 336 336 377 377 377 377 377 377 403 403 403 403 403 403 419 419 419 334 334 376 376 376 376 404 404 335 335 376 376 334 334 335 335 335 335 376 376 376 376 337 337 334 334 341 341 376 376 404 404 341 341 337 337 335 335 376 376 335 335 337 337 334 334 376 376 376 376 334 334 335 335 

M = 251:
250 250 250 250 251 251 251 251 251 251 251 251 251 251 251 251 251 251 251 251 251 251 251 251 251 251 251 251 251 251 251 251 251 251 251 251 159 159 159 251 251 251 251 251 251 160 160 160 251 251 251 251 251 251 251 251 251 199 199 199 199 157 157 199 199 199 199 204 204 237 237 

M = 249:
248 248 248 249 249 249 249 249 249 249 249 249 249 249 249 249 249 249 249 249 249 249 249 249 197 197 249 249 249 249 197 197 

M = 172:
172 172 172 172 172 172 172 172 172 172 172 172 172 172 172 172 172 172 172 172 172 172 172 172 172 172 172 172 172 172 172 172 172 172 172 172 172 172 

M = 435:
440 440 440 440 440 440 440 440 440 440 440 440 440 440 440 440 440 440 440 440 440 440 440 440 440 440 440 440 440 440 440 440 440 440 440 440 440 440 440 440 362 362 362 438 438 438 435 435 438 438 438 362 362 362 438 438 438 412 412 412 362 362 362 362 362 362 435 435 435 410 410 410 362 362 362 362 362 362 441 441 441 362 362 362 435 435 435 362 362 362 435 435 435 435 435 435 435 435 435 438 438 438 362 362 362 435 435 435 410 410 410 362 362 362 435 435 435 388 388 388 388 387 387 387 387 387 387 388 388 388 388 389 389 389 389 387 387 388 388 387 387 387 387 388 388 388 388 388 388 388 388 389 389 387 387 387 387 388 388 

