M = 123:
120 120 120 120 120 120 120 120 120 119 119 119 120 120 120 119 119 119 123 136 136 123 123 123 123 123 123 136 136 123 123 123 123 123 123 136 136 136 136 123 123 136 136 136 136 123 123 123 123 136 136 123 123 123 123 123 123 123 123 123 123 123 123 123 123 123 123 

M = 142:
144 144 144 146 146 146 146 146 146 146 146 146 146 146 146 146 146 146 142 142 142 142 142 142 142 142 142 142 142 142 142 142 142 142 142 

M = 438:
438 438 438 438 438 438 438 438 438 438 438 438 438 438 438 438 438 438 438 

M = 420:
421 421 421 421 421 421 421 421 421 421 377 377 377 377 419 419 419 419 419 419 419 419 419 419 419 419 419 419 419 418 418 420 420 420 423 423 418 418 420 420 418 418 423 423 420 420 418 418 418 418 420 420 418 418 420 420 420 420 418 418 375 375 418 418 418 418 420 420 418 418 420 420 420 420 418 418 420 420 420 420 420 420 418 418 420 420 420 420 418 418 

M = 335:
335 335 335 335 335 335 335 335 335 335 335 335 335 335 335 335 335 335 335 335 335 335 335 335 335 335 335 335 335 335 335 335 335 335 335 329 329 336 336 329 329 340 340 336 336 336 336 329 329 336 336 329 329 336 336 

M = 194:
242 242 242 242 242 242 242 242 242 242 242 242 242 242 242 242 242 242 242 242 242 242 242 242 242 242 242 242 242 242 242 242 242 242 242 242 194 194 194 194 194 194 194 194 194 194 194 194 194 194 194 194 194 194 194 194 194 194 194 194 194 194 194 194 194 194 194 194 194 194 194 194 194 194 194 194 194 194 194 194 194 194 194 194 194 194 194 194 194 194 194 194 194 194 194 194 194 194 194 194 194 194 194 194 194 194 194 194 194 194 194 194 194 194 194 194 194 194 194 194 194 194 194 194 194 194 194 194 194 194 194 194 194 194 190 190 190 190 190 190 190 190 190 190 190 190 190 190 190 190 190 190 190 190 193 193 193 193 193 193 193 193 193 193 193 193 193 193 193 193 193 193 193 193 193 193 193 193 244 244 244 244 244 244 244 218 218 218 218 218 218 245 245 245 245 220 220 220 220 220 220 220 220 220 220 220 220 220 220 220 220 220 220 220 220 220 220 220 220 220 220 220 220 220 220 220 220 220 220 220 220 220 220 220 220 220 220 220 220 220 220 220 220 220 220 220 246 246 246 246 246 246 246 246 246 246 192 192 192 192 

M = 311:
311 312 312 308 308 312 312 308 308 311 311 308 308 308 308 311 311 312 312 

M = 440:
440 440 440 440 440 440 440 440 440 440 440 439 439 439 439 439 439 440 440 440 440 440 440 440 440 440 440 440 440 440 440 440 440 440 440 441 441 441 441 441 441 441 441 441 441 441 441 440 440 440 440 440 440 440 440 440 440 440 440 440 440 440 440 440 440 440 440 440 440 440 440 440 440 440 440 440 440 440 440 440 440 440 440 

M = 444:
362 362 362 362 362 443 443 443 443 443 443 443 443 443 443 443 443 443 443 443 443 358 358 358 358 443 443 443 443 361 361 361 444 444 444 444 444 444 444 444 444 444 444 355 355 355 355 444 444 355 355 444 444 444 444 355 355 444 444 355 355 444 444 444 444 444 444 444 444 444 444 444 444 355 355 444 444 

M = 261:
261 261 266 266 266 261 261 261 266 266 266 261 261 261 266 266 266 261 261 261 261 261 261 261 261 261 261 261 261 266 266 266 261 261 261 261 261 261 261 261 261 261 261 261 261 261 261 266 266 266 261 261 261 266 266 266 259 259 259 259 263 263 258 258 259 259 259 259 258 258 259 259 268 268 259 259 262 262 229 229 268 268 258 258 147 147 259 259 258 258 259 259 147 147 258 258 229 229 229 229 147 147 147 147 259 259 259 259 259 259 262 262 268 268 259 259 259 259 259 259 259 259 147 147 259 259 147 147 259 259 147 147 263 263 262 262 258 258 263 263 

M = 181:
179 179 179 179 179 179 179 179 180 180 180 180 179 179 179 179 181 181 181 181 181 181 181 181 181 181 181 181 181 181 181 181 181 181 181 181 181 181 181 181 181 181 181 181 181 181 181 181 178 178 178 178 178 178 182 182 178 178 178 178 178 178 

M = 293:
293 293 293 293 293 293 293 293 293 293 293 293 293 293 293 293 293 293 293 293 293 293 293 293 293 293 293 293 293 293 293 293 293 293 293 296 296 296 296 296 296 296 296 296 296 296 296 

M = 401:
400 400 400 400 400 400 400 400 400 400 400 400 400 400 400 400 400 400 400 400 400 400 400 400 399 399 399 399 400 400 400 400 399 399 399 399 400 400 400 400 401 401 401 401 401 401 401 401 403 403 403 403 403 403 401 401 401 401 401 401 403 403 403 324 324 324 403 403 403 324 324 324 401 401 401 324 324 324 324 324 324 403 403 403 401 401 401 403 403 403 324 324 324 401 401 401 403 403 403 396 396 325 325 325 325 396 396 396 396 396 396 397 397 396 396 325 325 396 396 396 396 396 396 397 397 396 396 396 396 396 396 397 397 397 397 396 396 396 396 396 396 325 325 396 396 396 396 396 396 325 325 

M = 226:
226 184 184 184 184 226 226 226 226 226 226 226 226 184 184 184 184 226 226 208 208 184 184 226 226 226 226 226 226 208 208 226 226 226 226 208 208 226 226 226 226 208 208 226 226 

M = 279:
281 281 281 281 281 281 272 272 279 279 279 279 279 279 279 276 276 279 279 279 279 279 279 279 279 279 279 279 279 279 279 272 272 280 280 276 276 275 275 272 272 279 279 275 275 279 279 276 276 276 276 279 279 

M = 165:
164 164 164 164 164 164 164 164 164 164 164 164 165 165 165 165 165 165 165 165 165 165 165 164 164 164 164 164 164 164 164 164 164 164 164 164 164 164 164 164 164 164 164 164 164 164 164 165 165 165 165 165 165 165 165 165 165 165 165 165 165 165 165 165 165 165 165 165 165 165 165 165 165 165 165 165 165 165 165 165 165 165 165 164 164 164 164 164 164 164 164 164 164 164 164 165 165 165 165 165 165 165 165 165 165 165 165 165 165 165 165 165 165 165 165 165 165 165 165 165 165 165 165 165 165 165 165 165 165 165 165 164 164 164 164 164 164 164 164 164 164 164 164 165 165 165 165 165 165 165 165 165 165 165 165 164 164 164 164 164 164 164 164 164 164 164 164 164 164 164 164 164 164 164 164 164 164 164 164 164 164 164 164 164 164 164 164 164 164 164 164 165 165 165 165 165 165 165 165 165 165 165 165 249 249 249 249 249 249 249 249 249 249 249 249 249 249 249 249 249 249 249 249 249 249 249 249 163 163 163 163 249 249 249 249 249 249 249 249 249 249 249 249 162 162 162 162 162 162 162 162 249 249 249 249 163 163 163 163 249 249 249 249 163 163 163 163 162 162 162 162 249 249 249 249 163 163 163 163 249 249 249 249 157 157 157 157 167 167 167 167 167 167 167 167 167 167 167 167 167 167 157 157 157 157 167 167 167 167 167 167 

M = 299:
299 299 299 299 299 299 299 299 299 299 299 299 299 299 299 299 299 299 299 299 301 301 301 301 301 301 

M = 172:
172 172 172 172 172 172 172 172 172 172 172 172 172 172 172 172 172 172 172 172 172 172 172 172 172 

M = 290:
289 289 289 290 290 290 290 290 290 290 290 290 290 290 289 289 289 290 290 290 289 289 289 290 290 290 290 290 290 290 290 290 290 290 290 289 289 289 289 289 289 287 287 287 287 287 287 

M = 291:
319 319 319 319 319 319 319 319 319 319 319 319 319 319 319 319 285 285 285 285 285 285 322 322 322 285 285 285 322 322 322 285 285 285 285 285 285 291 291 291 291 291 292 292 292 292 291 291 292 292 291 291 291 291 291 291 292 292 291 291 291 291 291 291 292 292 

