M = 201:
201 201 201 201 201 201 201 201 208 208 208 201 201 201 201 201 201 208 208 208 201 201 201 208 208 208 201 201 201 208 208 208 201 201 201 201 201 201 201 201 201 203 203 235 235 206 206 233 233 199 199 199 199 203 203 206 206 235 235 206 206 206 206 

M = 146:
147 147 147 147 147 147 147 147 147 147 147 147 147 147 147 147 147 147 147 147 146 146 146 146 146 146 146 146 146 146 146 146 146 146 146 146 146 146 146 146 146 146 146 146 146 146 146 268 268 268 268 146 146 146 146 146 146 146 146 144 144 144 267 267 267 267 267 267 267 267 267 267 267 267 267 267 267 267 267 267 269 269 269 269 267 267 

M = 123:
122 122 122 122 122 122 122 122 122 122 122 122 122 122 122 122 122 122 122 122 122 122 122 122 122 122 122 122 122 122 122 122 122 122 122 122 122 122 122 122 122 122 122 122 122 122 122 122 122 122 122 122 122 122 122 122 122 122 122 122 123 123 123 127 127 127 127 127 127 127 127 126 126 126 126 123 123 123 123 127 127 127 127 126 126 126 126 123 123 123 123 136 136 136 136 136 136 136 136 126 126 126 126 126 126 126 126 123 123 123 123 126 126 126 126 127 127 127 127 131 131 131 131 126 126 126 126 127 127 127 127 135 135 135 135 126 126 126 126 123 123 123 123 127 127 127 127 138 138 138 124 124 124 138 138 138 124 124 124 124 124 124 124 124 124 138 138 138 138 138 138 124 124 124 124 124 124 132 132 132 132 210 210 132 132 132 132 132 132 

M = 435:
440 440 440 440 440 440 440 440 440 440 440 440 440 440 440 440 440 440 440 440 440 440 440 440 440 440 440 440 440 440 440 440 440 440 440 440 440 440 440 440 440 440 440 440 440 440 440 440 440 440 440 440 440 440 440 440 440 440 440 440 438 438 438 438 438 438 438 438 438 438 438 438 438 438 438 438 362 362 362 412 412 412 359 359 359 435 435 435 435 435 362 362 362 359 359 359 442 442 442 412 412 412 362 362 362 362 362 362 435 435 435 362 362 362 362 362 362 362 362 362 435 435 435 362 362 362 435 435 435 435 435 435 435 435 435 359 359 359 362 362 362 362 362 362 435 435 435 435 435 435 442 442 442 362 362 362 435 435 435 359 359 359 388 388 388 388 360 360 361 361 361 361 361 361 361 361 390 390 361 361 388 388 388 388 441 441 361 361 361 361 361 361 361 361 388 388 361 361 361 361 388 388 390 390 361 361 388 388 388 388 388 388 360 360 441 441 360 360 390 390 390 390 361 361 388 388 

M = 172:
172 172 172 172 172 172 172 172 172 172 172 172 172 172 172 172 172 172 172 172 172 172 172 172 172 172 172 172 172 172 172 172 172 172 172 172 172 172 172 172 172 172 172 172 172 172 172 172 172 172 172 

M = 336:
336 336 336 336 336 336 336 336 336 336 336 336 336 336 409 409 338 338 335 335 335 335 335 335 410 410 409 409 337 337 410 410 337 337 335 335 335 335 409 409 409 409 409 409 337 337 410 410 409 409 335 335 

M = 330:
326 326 326 326 327 327 327 329 329 329 330 330 330 330 330 329 329 329 329 329 329 329 329 329 330 330 330 327 327 327 330 330 330 330 330 330 334 334 334 334 334 334 328 328 334 334 334 334 

M = 242:
242 242 242 242 242 242 242 242 242 242 242 242 242 242 242 242 242 242 242 242 242 242 242 242 242 242 242 242 242 242 242 242 242 242 242 242 242 242 242 242 242 242 242 242 242 242 242 242 242 242 242 242 242 242 242 242 242 242 242 242 242 242 242 242 242 243 243 243 243 243 243 243 243 243 243 194 194 194 194 194 194 194 194 194 194 194 194 244 244 244 244 194 194 194 194 194 194 194 194 194 194 194 194 194 194 194 194 194 194 194 194 194 194 194 194 194 194 194 194 194 194 194 194 245 245 245 245 245 245 241 241 241 241 241 241 245 245 245 

M = 293:
293 293 293 293 293 293 293 293 293 293 293 293 293 293 293 293 293 293 293 293 293 293 293 293 293 293 293 293 293 293 293 293 293 293 293 293 293 293 293 293 293 293 293 293 293 293 293 293 293 293 293 293 293 293 291 291 291 291 292 292 299 299 299 299 291 291 299 299 299 299 291 291 291 291 292 292 299 299 299 299 291 291 292 292 308 308 299 299 308 308 308 308 291 291 299 299 291 291 292 292 308 308 291 291 

M = 263:
262 262 262 262 262 262 265 265 265 265 263 263 263 263 263 263 263 263 263 263 263 263 263 263 

M = 261:
228 228 228 228 228 228 229 229 229 229 229 229 231 231 231 231 261 261 261 261 261 261 261 261 261 261 261 261 261 261 261 261 261 261 261 261 261 261 261 261 261 261 261 261 261 261 261 261 261 261 261 261 261 261 261 231 231 231 231 261 261 261 261 261 261 261 261 231 231 231 231 230 230 230 230 259 259 259 259 259 259 259 259 259 259 259 259 259 259 259 259 259 259 259 259 259 232 232 232 232 232 232 232 232 

M = 321:
312 312 312 312 322 322 322 322 288 288 288 288 288 288 288 288 288 288 288 288 317 317 317 288 288 288 288 288 288 288 288 288 315 315 315 320 320 320 288 288 288 288 288 288 288 288 288 288 288 288 320 320 320 321 324 324 321 321 321 321 318 318 325 325 321 321 324 324 321 321 324 324 321 321 321 321 324 324 321 321 321 321 325 325 324 324 324 324 324 324 324 324 324 324 321 321 324 324 325 325 321 321 324 324 318 318 321 321 321 321 324 324 325 325 324 324 321 321 

M = 239:
248 248 248 248 240 240 240 240 240 240 240 240 240 240 240 240 240 240 240 240 240 240 240 240 240 240 240 240 128 128 128 240 240 240 196 196 196 196 249 249 249 249 249 249 249 249 249 249 196 196 130 130 196 196 239 239 239 196 196 249 249 249 249 130 130 249 249 239 239 239 239 239 239 239 239 196 196 239 239 249 249 196 196 249 249 196 196 249 249 249 249 196 196 130 130 239 239 249 249 239 239 239 239 196 196 196 196 239 239 249 249 239 239 239 239 130 130 130 130 197 197 249 249 130 130 249 249 130 130 239 239 239 239 196 196 249 249 239 239 249 249 197 197 

M = 178:
179 179 179 179 179 179 179 179 179 179 179 179 181 181 181 181 181 181 181 181 181 181 181 181 178 178 178 184 184 184 184 178 178 178 178 178 178 178 178 178 178 178 178 178 178 178 178 178 178 178 178 178 178 178 178 178 178 178 178 178 178 178 178 178 178 178 178 178 178 178 178 178 178 178 178 178 178 178 178 

M = 164:
164 164 164 164 164 164 164 164 164 164 164 164 164 164 164 164 164 164 164 164 164 164 164 164 164 164 164 164 164 164 164 164 164 164 164 164 164 164 164 164 164 164 164 164 164 164 164 164 164 164 164 164 164 164 164 164 164 164 164 164 164 164 164 164 164 164 164 164 164 164 164 164 164 164 164 164 164 164 164 164 164 164 164 164 164 164 164 164 164 164 164 164 164 164 164 164 164 164 164 164 164 164 164 167 167 167 167 167 167 167 167 167 167 167 167 167 167 167 167 167 167 167 167 167 167 167 167 167 167 167 167 167 167 167 167 167 167 167 167 167 167 167 167 162 162 162 162 162 167 167 167 167 167 167 167 167 167 167 162 162 162 162 162 163 163 163 163 163 163 161 161 161 163 163 163 163 163 163 163 163 163 163 163 163 163 163 163 

M = 280:
284 284 284 284 284 284 284 284 284 284 284 284 280 280 280 280 280 284 284 284 284 284 284 280 280 280 280 280 280 284 284 284 284 284 284 284 284 284 284 284 284 280 280 280 280 280 280 280 280 280 280 280 280 284 284 284 284 284 284 284 284 284 284 284 284 284 284 284 284 284 284 284 284 284 284 284 284 284 284 284 284 284 284 280 280 280 280 280 280 284 284 284 284 284 284 280 280 280 280 280 280 281 281 281 281 281 281 281 281 281 281 281 281 281 281 281 281 281 281 281 281 281 281 281 281 281 278 278 278 283 283 283 283 283 283 283 283 283 283 283 283 306 306 282 282 277 277 277 277 277 277 355 355 306 306 277 277 355 355 279 279 306 306 306 306 282 282 282 282 277 277 282 282 282 282 282 282 277 277 277 277 282 282 282 282 277 277 306 306 277 277 282 282 356 356 279 279 277 277 356 356 306 306 277 277 355 355 306 306 282 282 277 277 356 356 277 277 282 282 279 279 356 356 282 282 282 282 277 277 282 282 277 277 277 277 306 306 306 306 306 306 282 282 282 282 355 355 355 355 282 282 

M = 251:
250 250 250 250 250 251 251 251 251 251 251 251 251 251 251 251 251 251 251 251 251 251 251 251 251 251 251 251 251 251 251 251 251 251 251 251 251 251 251 251 251 251 251 251 251 251 251 251 251 251 251 251 251 251 251 251 251 251 251 251 251 251 251 251 251 251 251 251 251 251 251 251 159 159 159 159 159 159 157 157 157 160 160 

M = 419:
419 419 400 400 400 421 421 421 421 421 421 428 428 428 400 400 400 400 400 400 419 419 419 419 419 419 419 419 419 400 400 400 379 379 379 421 421 421 421 421 421 419 419 419 428 428 428 400 400 400 421 421 421 419 419 419 400 400 400 419 419 419 428 428 428 428 428 428 421 421 421 421 421 421 379 379 379 419 419 419 401 401 377 377 377 377 377 377 403 403 401 401 403 403 377 377 401 401 403 403 401 401 403 403 377 377 403 403 455 455 377 377 456 456 401 401 403 403 401 401 401 401 377 377 377 377 377 377 401 401 401 401 377 377 403 403 401 401 401 401 403 403 

M = 165:
165 165 165 165 165 165 165 165 165 165 165 165 165 165 165 165 165 165 165 165 165 165 165 165 165 165 165 165 165 165 165 165 165 165 165 165 165 165 165 165 165 165 165 165 165 165 165 165 165 165 165 165 165 165 165 165 165 165 165 165 165 165 165 165 165 165 165 165 165 165 165 169 169 169 169 169 169 169 169 169 169 

M = 220:
190 190 190 190 190 190 190 190 190 190 190 190 190 190 190 190 190 190 190 190 190 190 190 190 190 193 193 193 193 191 191 191 191 191 191 191 191 191 191 191 191 193 193 193 193 191 191 191 191 191 191 191 191 191 191 191 191 191 191 191 191 191 191 191 191 193 193 193 193 193 193 193 193 191 191 191 191 191 191 191 191 219 219 219 217 217 217 217 217 217 141 141 141 217 217 217 141 141 141 219 219 219 141 141 141 141 141 141 141 141 141 217 217 217 141 141 141 217 217 217 219 219 219 141 141 141 217 217 217 141 141 141 141 141 141 141 141 141 141 141 141 141 141 141 217 217 217 220 220 220 133 133 220 220 220 220 133 133 220 220 220 220 220 220 133 133 133 133 133 133 220 220 220 220 220 220 133 133 220 220 220 220 220 220 133 133 133 133 133 133 220 220 133 133 220 220 220 220 133 133 220 220 220 220 133 133 133 133 

