M = 146:
146 146 146 147 147 147 147 146 146 146 146 146 146 146 146 147 147 147 147 146 146 146 146 146 146 146 146 146 146 146 146 146 146 146 146 144 144 144 144 146 146 146 146 146 146 146 146 146 146 146 146 146 146 146 146 146 146 146 146 147 147 147 147 146 146 146 146 268 268 268 267 267 267 267 267 267 267 267 267 267 267 267 267 267 267 268 268 268 267 267 267 267 267 267 269 269 

M = 282:
284 284 284 284 284 284 284 284 284 284 297 297 297 297 297 297 297 297 297 297 284 284 284 284 284 284 284 284 284 284 284 284 284 284 284 284 284 284 284 284 281 281 281 281 281 281 281 281 283 283 283 283 283 283 283 283 283 283 283 283 281 281 281 281 281 281 281 281 283 283 283 283 283 283 283 283 279 279 279 282 294 294 294 294 282 282 282 282 294 294 294 294 282 282 282 282 294 294 282 282 282 282 282 282 294 294 282 282 282 282 282 282 282 282 282 282 282 282 282 282 282 282 294 294 282 282 

M = 214:
136 136 136 136 136 136 136 136 136 136 141 141 141 133 133 133 133 133 133 141 141 141 141 141 141 133 133 133 133 133 133 141 141 141 141 141 141 141 141 141 133 133 133 141 141 141 133 133 133 141 141 141 141 141 141 141 141 141 141 141 141 133 133 133 141 141 141 133 133 133 214 138 138 214 214 214 214 214 214 214 214 138 138 214 214 138 138 214 214 214 214 214 214 214 214 138 138 214 214 214 214 

M = 251:
250 250 250 250 250 250 250 250 250 250 250 250 251 251 251 251 251 249 249 249 249 249 249 251 251 251 251 251 251 249 249 249 251 251 251 249 249 249 251 251 251 251 251 251 251 251 251 249 249 249 251 251 251 251 251 251 249 249 249 249 249 249 251 251 251 251 251 251 251 251 251 249 249 249 251 251 251 249 249 249 249 249 249 251 251 251 251 251 251 251 251 251 249 249 249 249 249 249 232 232 201 201 202 202 248 248 201 201 201 201 248 248 232 232 201 201 201 201 232 232 201 201 201 201 201 201 160 160 201 201 201 201 201 201 201 201 232 232 201 201 248 248 201 201 201 201 201 201 248 248 

M = 335:
327 327 327 412 412 412 329 329 329 410 410 410 330 330 330 330 330 330 329 329 329 329 329 329 327 327 327 330 330 330 410 410 410 329 329 329 336 336 334 334 335 335 335 335 335 336 336 338 338 335 335 336 336 334 334 336 336 336 336 337 337 334 334 409 409 337 337 335 335 335 335 336 336 409 409 336 336 409 409 409 409 409 409 337 337 336 336 336 336 409 409 334 334 336 336 334 334 335 335 

M = 194:
194 194 194 194 194 193 193 193 193 193 193 194 194 194 194 194 194 194 194 194 194 194 194 191 191 191 191 191 191 193 193 193 193 193 193 191 191 191 191 191 191 194 194 194 194 194 194 194 194 194 194 194 194 191 191 191 191 191 191 194 194 194 194 194 194 240 240 240 240 240 240 194 194 194 194 194 194 194 194 194 194 194 194 193 193 193 193 193 193 194 194 194 194 194 194 191 191 191 191 191 191 131 131 131 131 196 196 239 239 196 196 196 196 130 130 196 196 239 239 196 196 130 130 239 239 239 239 239 239 239 239 196 196 239 239 196 196 196 196 130 130 239 239 196 196 239 239 239 239 196 196 196 196 239 239 239 239 239 239 130 130 130 130 130 130 130 130 239 239 239 239 196 196 239 239 

M = 310:
310 310 310 310 310 310 310 310 310 310 310 310 310 310 310 310 310 311 311 311 310 310 310 310 310 310 310 310 310 310 310 310 310 310 310 296 296 299 299 299 299 296 296 299 299 300 300 296 296 308 308 299 299 308 308 300 300 308 308 

M = 426:
359 359 359 359 361 361 361 428 428 428 428 428 428 428 428 428 361 361 361 428 428 428 360 360 426 426 426 426 426 455 455 355 355 426 426 456 456 426 426 360 360 426 426 360 360 426 426 426 426 355 355 

M = 242:
242 242 242 242 242 242 242 242 242 242 242 242 242 242 242 242 242 242 242 242 242 242 242 242 242 242 242 242 242 242 242 242 242 242 242 242 242 242 242 242 242 242 242 242 242 242 242 242 242 242 242 242 242 242 242 242 242 242 242 242 242 242 242 242 242 242 242 242 242 242 242 243 243 243 243 243 243 243 244 244 244 244 244 244 241 241 241 241 241 241 241 241 241 241 247 247 247 247 245 245 245 245 245 245 245 245 247 247 247 247 245 245 245 245 

M = 288:
288 288 288 288 288 288 288 288 288 288 288 323 323 323 323 291 291 291 291 288 288 288 288 288 288 288 288 286 286 286 286 288 288 288 288 288 288 288 288 288 288 288 288 291 291 291 291 291 291 291 291 288 288 288 288 288 288 288 288 288 288 288 288 288 288 288 288 291 291 291 291 288 288 288 288 288 288 288 288 320 320 320 320 444 444 444 324 324 324 293 293 293 293 293 293 444 444 444 293 293 293 324 324 324 324 324 324 293 293 293 293 293 293 444 444 444 317 317 317 293 293 293 324 324 324 444 444 444 317 317 317 324 324 324 444 444 444 444 444 444 324 324 324 324 324 324 444 444 444 293 293 293 324 324 324 317 317 317 324 324 324 324 324 324 317 317 317 293 293 293 293 293 293 293 293 293 444 444 444 317 317 317 324 324 324 444 444 444 317 317 317 293 293 293 293 293 293 324 324 324 324 324 324 444 444 444 292 292 325 325 325 325 289 289 292 292 292 292 325 325 292 292 325 325 322 322 

M = 122:
122 122 122 122 122 122 122 122 122 122 122 122 122 122 122 122 122 122 122 122 122 122 122 122 122 122 122 122 122 122 122 122 122 122 122 122 122 122 122 122 122 122 122 122 122 122 122 122 122 122 122 122 122 122 122 122 122 122 122 122 122 122 122 123 123 123 123 123 123 123 123 123 123 123 123 123 123 123 124 124 124 124 124 124 124 124 124 124 124 124 

M = 126:
127 127 127 127 127 127 127 127 126 126 126 127 127 127 127 126 126 126 126 126 126 126 126 127 127 127 127 126 126 126 126 126 126 126 126 126 126 126 126 126 126 126 126 127 127 127 127 128 128 128 132 132 132 132 208 208 208 208 208 208 132 132 208 208 208 208 132 132 208 208 197 197 132 132 197 197 

M = 178:
179 179 179 179 179 262 262 262 262 262 179 179 179 179 179 262 262 262 262 262 178 178 178 178 178 178 178 178 178 178 178 181 181 181 181 178 178 178 178 228 228 228 228 181 181 181 181 181 181 181 181 178 178 178 178 178 178 178 178 178 178 178 178 181 181 181 181 178 178 178 178 181 181 181 181 178 178 178 178 178 178 178 178 178 178 178 178 178 178 178 178 259 259 259 265 265 265 259 259 259 259 259 259 229 229 229 259 259 259 259 259 259 231 231 231 184 184 177 177 177 177 177 177 261 261 261 261 263 263 263 263 177 177 263 263 177 177 177 177 263 263 261 261 261 261 263 263 261 261 261 261 177 177 261 261 261 261 261 261 261 261 261 261 261 261 177 177 177 177 261 261 177 177 263 263 

M = 164:
164 164 164 164 164 164 164 164 164 164 164 164 164 164 164 164 164 164 164 164 164 164 164 164 164 164 164 164 164 164 164 164 164 164 164 164 164 164 164 164 164 164 164 164 164 164 164 164 164 164 164 164 164 164 164 164 164 164 164 164 164 164 164 164 164 164 164 164 164 164 164 164 164 164 164 164 164 164 164 164 164 164 164 164 164 164 164 164 164 164 162 162 162 162 162 162 162 162 162 162 162 162 162 162 162 163 163 163 163 163 163 163 163 163 161 161 161 163 163 163 161 161 161 163 163 163 

M = 165:
165 165 165 165 165 165 165 165 165 165 165 165 165 165 165 165 165 165 165 165 165 165 165 165 165 165 165 165 165 165 165 165 165 165 165 165 165 165 165 165 165 165 165 165 165 165 165 165 165 165 165 165 165 165 165 165 165 165 165 165 165 165 165 165 165 165 165 165 165 165 165 165 165 165 165 165 165 165 165 165 165 165 165 165 165 165 165 165 165 165 

M = 167:
169 169 169 169 169 169 169 167 167 167 167 167 167 167 167 167 167 167 167 167 167 167 167 167 167 167 167 167 167 167 167 167 167 167 167 167 167 167 167 167 167 167 167 167 167 167 167 167 167 167 167 167 167 167 172 172 172 172 172 172 172 172 172 172 172 172 172 172 172 172 172 172 172 172 172 172 172 172 172 172 172 172 172 172 172 172 

M = 277:
280 280 280 280 280 280 280 280 280 280 280 280 280 280 280 280 278 278 278 278 278 278 276 276 277 277 277 277 277 277 277 276 276 277 277 277 277 277 277 276 276 277 277 277 277 277 277 276 276 277 277 277 277 277 277 277 277 277 277 276 276 277 277 276 276 277 277 277 277 277 277 

M = 419:
400 400 400 400 400 400 400 400 400 400 400 400 379 379 379 379 421 421 421 421 400 400 400 400 400 400 400 400 379 379 379 379 419 419 419 419 419 419 419 419 419 419 419 419 419 419 419 419 419 419 419 419 419 419 419 401 401 377 377 377 377 377 377 403 403 401 401 403 403 377 377 401 401 403 403 401 401 403 403 377 377 403 403 377 377 401 401 403 403 401 401 377 377 401 401 377 377 377 377 377 377 401 401 401 401 377 377 403 403 401 401 401 401 403 403 

M = 435:
440 440 440 440 440 440 440 440 440 440 440 440 440 440 440 440 440 440 440 440 440 440 440 440 440 440 440 440 440 440 440 440 440 440 440 440 440 440 440 440 440 440 440 440 440 440 440 440 440 440 440 440 440 440 362 362 362 362 362 362 362 362 362 362 362 362 362 362 362 362 362 362 362 362 362 362 362 362 362 362 362 362 362 362 438 438 438 438 438 438 438 438 438 438 438 438 438 438 438 438 438 438 438 438 435 435 435 435 435 435 435 435 435 435 435 435 435 435 435 435 435 388 388 388 388 387 387 387 387 434 434 389 389 387 387 434 434 388 388 388 388 389 389 434 434 389 389 434 434 388 388 387 387 387 387 387 387 388 388 434 434 388 388 388 388 388 388 434 434 387 387 387 387 434 434 388 388 

M = 220:
190 190 190 190 190 190 219 219 219 219 217 217 217 217 217 217 217 217 220 220 220 220 220 220 220 220 220 220 220 220 220 220 220 220 220 220 220 220 220 220 220 220 220 220 220 220 220 220 220 

