M = 146:
144 144 144 144 144 144 144 144 144 144 144 144 144 144 144 145 145 145 145 145 144 144 144 144 144 147 147 147 147 147 147 147 147 147 147 147 147 146 146 146 147 147 147 147 146 146 146 146 147 147 147 147 146 146 146 146 146 146 146 146 146 146 146 146 146 146 146 146 146 146 146 146 146 146 146 146 146 146 146 146 147 147 147 147 147 147 147 147 147 147 147 147 148 148 172 172 148 148 148 148 148 148 148 148 172 172 148 148 172 172 172 172 

M = 325:
326 326 326 326 326 326 326 326 322 322 322 322 326 326 326 326 326 326 326 326 326 326 326 326 322 322 322 322 319 319 319 319 319 319 325 324 324 325 325 329 329 329 329 321 321 329 329 325 325 321 321 325 325 325 325 329 329 329 329 329 329 321 321 325 325 321 321 329 329 325 325 324 324 325 325 325 325 324 324 329 329 324 324 325 325 329 329 324 324 324 324 324 324 324 324 325 325 325 325 325 325 325 325 329 329 325 325 321 321 324 324 325 325 329 329 324 324 324 324 

M = 126:
126 126 126 126 126 126 126 126 126 126 126 126 126 126 126 126 126 126 126 126 126 126 126 126 126 126 126 126 126 126 126 126 126 126 126 127 127 127 127 127 127 127 127 127 127 127 127 127 127 127 127 127 127 125 125 127 127 

M = 141:
141 141 141 141 141 141 141 141 141 141 141 141 141 141 141 141 141 141 141 141 141 141 141 141 141 141 141 138 138 138 138 138 138 138 138 138 138 138 138 138 138 138 138 138 138 138 138 138 138 138 138 

M = 336:
330 330 330 330 336 336 336 336 336 336 336 336 336 336 336 336 336 336 336 336 336 336 336 336 336 336 336 336 336 336 336 336 336 335 335 339 339 339 339 335 335 339 339 339 339 335 335 335 335 335 335 335 335 339 339 335 335 335 335 

M = 122:
122 122 122 122 122 119 119 119 122 122 122 122 122 122 122 122 122 122 122 122 120 120 120 122 122 122 120 120 120 119 119 119 122 122 122 120 120 120 122 122 122 122 122 122 119 119 119 122 122 122 122 122 122 120 120 120 119 119 119 122 122 122 

M = 193:
194 194 194 194 194 194 194 194 194 194 194 194 194 194 194 194 194 194 194 194 194 194 194 194 194 194 194 194 194 194 194 194 190 190 190 190 190 190 190 218 218 218 218 218 218 218 190 190 190 190 190 190 190 193 193 193 217 217 217 217 193 193 193 193 193 193 193 193 217 217 217 217 217 217 217 217 217 217 217 217 130 130 130 130 220 220 220 220 220 220 220 220 220 220 220 220 220 220 130 130 130 130 130 130 130 130 130 130 130 130 220 220 220 220 220 220 220 220 220 220 130 130 130 130 130 130 220 220 220 220 130 130 130 130 220 220 130 130 130 130 130 130 216 216 

M = 444:
356 356 356 356 356 356 356 356 356 356 356 356 356 356 356 356 356 356 356 356 362 362 362 362 362 362 362 362 362 362 362 362 362 362 362 362 439 439 439 439 362 362 362 362 362 362 362 362 362 362 362 362 440 440 440 444 444 440 440 440 359 359 359 444 444 444 444 444 444 442 442 442 444 444 444 444 444 444 440 440 440 444 444 444 440 440 440 440 440 440 444 444 444 444 444 444 444 444 444 440 440 440 440 440 440 440 440 440 444 444 444 444 444 444 444 444 444 358 358 438 438 438 438 358 358 438 438 438 438 438 438 438 438 438 438 358 358 358 358 438 438 438 438 438 438 

M = 419:
379 379 379 379 379 379 379 379 379 379 419 419 419 419 419 419 419 419 419 419 419 419 419 419 419 419 419 419 419 419 419 419 419 419 419 419 419 377 377 377 377 419 419 419 419 419 419 419 419 419 419 419 419 419 419 419 419 419 419 419 419 418 418 418 418 418 418 381 381 378 378 422 422 381 381 381 381 376 376 381 381 381 381 381 381 376 376 381 381 381 381 381 381 422 422 422 422 378 378 381 381 422 422 381 381 422 422 381 381 381 381 381 381 422 422 381 381 

M = 262:
177 177 177 177 177 177 178 178 178 178 178 178 178 178 178 262 262 178 178 178 177 177 177 178 178 178 178 178 178 177 177 177 178 178 178 178 178 178 178 178 178 262 262 262 178 178 178 178 178 178 178 178 178 262 262 262 262 262 262 177 177 177 177 177 177 178 178 178 177 177 177 261 261 258 258 263 263 258 258 261 261 263 263 263 263 261 261 261 261 261 261 258 258 263 263 261 261 258 258 263 263 258 258 261 261 261 261 261 261 258 258 258 258 261 261 258 258 261 261 261 261 261 261 261 261 261 261 261 261 258 258 263 263 

M = 180:
180 180 180 181 181 

M = 123:
123 123 123 123 123 123 123 123 124 124 124 124 124 124 124 124 124 123 123 123 123 123 123 123 123 123 123 123 123 123 123 123 124 124 124 124 124 124 123 123 123 123 123 123 123 123 123 123 123 123 123 123 123 124 124 124 123 123 123 123 123 123 123 123 123 123 123 123 124 124 124 

M = 403:
403 403 403 403 403 403 403 403 403 403 403 403 403 403 403 403 403 403 403 403 403 403 403 403 403 403 403 403 403 403 403 403 403 403 403 403 403 403 403 403 403 403 403 403 403 403 403 403 403 403 403 403 403 403 403 417 417 417 402 402 402 402 402 402 402 402 402 402 402 402 402 402 402 417 417 417 402 402 402 402 402 402 402 402 402 417 417 417 402 402 402 404 404 404 404 404 404 404 404 404 404 

M = 136:
136 136 136 136 136 136 136 136 136 136 136 136 136 136 136 136 136 136 136 136 136 136 136 136 136 136 136 136 136 136 136 136 136 136 136 139 139 139 134 134 134 134 134 134 134 134 134 134 134 134 139 139 139 134 134 134 135 135 135 

M = 401:
400 400 400 400 400 400 400 400 400 400 400 400 400 400 400 401 401 401 401 401 401 401 401 401 401 401 401 401 401 401 401 401 401 401 

M = 242:
165 165 165 165 165 165 165 165 165 165 165 165 165 165 165 165 165 165 165 165 165 165 242 242 242 242 242 242 242 242 242 242 165 165 165 165 165 165 165 165 165 165 165 242 242 242 242 242 242 242 242 242 242 242 242 242 242 242 242 242 242 242 242 242 242 245 245 245 245 245 244 244 244 244 239 239 239 239 239 239 239 239 239 

M = 267:
268 268 268 268 268 268 268 268 268 268 272 272 272 305 305 305 305 305 305 305 305 305 305 305 305 152 152 152 152 152 152 152 152 267 267 267 267 267 267 267 267 267 267 267 152 152 267 267 267 267 267 267 152 152 267 267 267 267 269 269 267 267 

M = 251:
164 164 164 164 164 164 164 164 164 164 164 164 164 164 164 164 164 164 164 164 164 164 164 164 164 164 164 164 164 164 163 163 163 163 163 163 163 163 157 157 157 157 157 157 157 157 163 163 163 163 163 163 163 163 249 249 249 249 249 249 249 249 249 249 249 249 249 249 249 249 249 249 249 249 249 249 249 249 249 249 249 249 249 249 249 249 249 249 249 249 249 249 249 249 249 249 249 249 249 249 249 249 249 158 158 158 158 158 158 251 251 251 251 251 251 251 251 251 251 251 251 251 251 250 250 250 250 250 251 251 251 251 251 251 251 251 251 251 251 251 251 251 251 162 162 162 162 167 167 167 167 167 167 167 167 162 162 162 162 237 237 237 237 237 237 237 237 237 237 237 237 237 237 237 237 237 237 235 235 204 204 201 201 235 235 235 235 235 235 201 201 204 204 235 235 201 201 201 201 235 235 201 201 235 235 201 201 204 204 204 204 235 235 235 235 235 235 201 201 235 235 201 201 201 201 235 235 201 201 201 201 201 201 204 204 201 201 201 201 204 204 201 201 204 204 235 235 

M = 293:
297 297 297 297 297 297 297 297 297 297 297 297 297 297 297 297 281 281 281 300 300 300 284 284 284 296 296 296 281 281 281 290 290 290 281 281 281 296 296 296 316 316 316 281 281 281 296 296 296 281 281 281 290 290 290 290 290 290 281 281 281 290 290 290 290 290 290 296 296 296 296 296 296 300 300 300 296 296 296 284 284 284 290 290 290 296 296 296 281 281 281 296 296 296 281 281 281 284 284 284 281 281 281 296 296 296 296 296 296 290 290 290 281 281 281 296 296 296 290 290 290 290 290 290 290 290 290 296 296 296 281 281 281 290 290 290 300 300 300 306 306 313 313 288 288 293 293 293 293 293 293 293 317 317 311 311 299 299 311 311 277 277 293 293 317 317 288 288 277 277 313 313 317 317 317 317 293 293 279 279 299 299 293 293 288 288 283 283 279 279 293 293 288 288 293 293 277 277 313 313 279 279 311 311 293 293 293 293 317 317 314 314 293 293 311 311 317 317 283 283 283 283 317 317 293 293 299 299 313 313 293 293 283 283 288 288 317 317 277 277 317 317 293 293 293 293 283 283 283 283 

M = 266:
265 265 265 265 266 266 266 266 266 266 266 266 266 266 266 265 265 265 265 265 265 265 265 266 266 266 266 266 266 266 266 264 264 

