M = 146:
266 266 266 266 266 266 266 266 266 266 266 266 147 147 147 147 147 147 147 147 147 147 146 146 146 146 146 146 146 146 146 146 146 146 146 146 146 146 146 146 146 146 146 146 146 146 146 146 146 146 146 146 146 146 146 146 146 146 146 146 146 146 146 146 146 146 146 146 146 146 146 146 146 146 146 146 146 146 146 146 146 146 146 146 146 267 267 267 267 267 267 267 267 267 267 267 267 267 267 267 267 267 267 267 267 267 267 267 267 267 267 267 267 267 267 267 267 267 267 267 267 268 268 268 268 269 269 268 268 269 269 268 268 268 268 

M = 205:
205 205 205 205 205 205 205 205 205 205 205 205 205 205 205 205 205 205 205 205 205 205 205 205 205 205 204 204 208 208 206 206 208 208 208 208 204 204 204 204 208 208 204 204 204 204 208 208 204 204 202 202 202 202 202 202 202 202 208 208 204 204 208 208 208 208 208 208 204 204 203 203 208 208 208 208 206 206 208 208 208 208 208 208 208 208 206 206 204 204 204 204 206 206 208 208 204 204 203 203 204 204 208 208 208 208 204 204 

M = 140:
140 140 140 140 140 140 140 140 140 140 140 140 140 140 142 142 142 140 140 140 140 140 140 142 142 142 140 140 140 140 140 140 142 142 142 140 140 140 140 140 140 142 142 142 140 140 140 142 142 142 142 142 142 140 140 140 139 139 215 215 215 215 139 139 215 215 139 139 215 215 139 139 215 215 215 215 215 215 139 139 215 215 139 139 139 139 215 215 215 215 139 139 215 215 139 139 215 215 139 139 215 215 139 139 139 139 139 139 141 141 215 215 

M = 183:
178 178 178 178 178 178 178 178 178 178 178 178 178 178 178 178 178 178 178 178 178 178 178 178 178 180 180 180 180 180 178 178 178 178 178 178 178 178 178 178 178 178 178 178 178 178 178 178 178 178 182 182 182 182 229 229 229 229 181 181 181 181 229 229 229 229 229 229 229 229 181 181 181 181 229 229 229 229 181 181 181 181 181 181 181 181 182 182 182 182 181 181 181 181 182 182 182 182 183 183 183 183 183 183 183 183 183 260 260 183 183 183 183 260 260 260 260 183 183 183 183 260 260 260 260 260 260 183 183 183 183 183 183 260 260 260 260 183 183 260 260 183 183 183 183 260 260 260 260 183 183 183 183 260 260 183 183 

M = 194:
194 194 194 194 194 194 194 194 194 194 194 194 194 194 194 194 194 194 194 194 194 194 194 194 194 194 194 194 194 194 194 194 194 194 194 194 194 194 194 194 194 194 194 194 194 194 194 194 190 190 190 190 190 190 190 190 219 219 219 219 190 190 190 190 219 219 219 219 190 190 190 190 193 193 193 193 193 193 193 193 193 193 193 193 193 193 193 193 193 193 196 196 196 196 196 196 

M = 337:
339 339 339 339 339 339 339 339 339 339 339 339 339 339 339 339 339 339 336 336 336 336 336 336 336 336 336 336 336 336 336 336 336 336 336 336 336 336 336 336 336 336 336 336 336 336 336 336 336 336 336 336 336 338 338 338 338 337 337 335 335 335 337 337 337 407 407 407 407 407 407 337 337 337 337 337 337 337 337 337 337 337 337 337 337 337 337 337 337 337 337 337 337 337 337 337 337 337 407 407 407 337 337 337 335 335 335 335 335 335 337 337 337 335 335 335 337 337 337 337 337 337 337 337 337 337 337 337 335 335 335 403 403 403 403 403 403 403 403 403 403 334 334 334 334 403 403 405 405 403 403 405 405 405 405 334 334 403 403 405 405 403 403 403 403 405 405 334 334 403 403 405 405 405 405 403 403 403 403 334 334 403 403 403 403 405 405 

M = 242:
243 243 243 243 243 243 243 243 243 243 243 243 243 243 244 244 244 244 244 244 244 242 242 242 242 242 242 242 242 242 242 242 242 242 244 244 244 244 244 244 244 242 242 242 242 242 242 242 243 243 243 243 243 243 243 242 242 242 242 242 242 242 244 244 244 244 244 244 244 243 243 243 243 243 243 243 242 242 242 242 242 242 242 242 242 242 242 242 242 242 244 244 244 244 244 244 244 242 242 242 242 242 242 242 242 242 242 242 242 242 242 242 242 242 242 242 242 242 242 242 242 242 242 242 242 241 241 241 241 241 241 241 241 241 241 241 241 241 241 241 241 241 241 246 246 246 246 246 246 

M = 346:
346 346 346 346 346 346 346 346 346 345 345 345 345 345 346 346 346 346 346 346 346 346 346 346 345 345 345 345 345 345 345 345 345 345 346 346 346 346 346 346 346 346 346 346 

M = 262:
265 265 265 265 265 265 262 262 262 262 262 262 262 262 262 262 262 262 262 262 262 262 262 262 262 262 262 262 262 262 262 262 262 262 262 262 262 262 262 262 262 261 261 261 261 261 261 261 261 261 261 261 261 261 261 261 261 261 261 261 261 261 261 261 261 261 261 261 261 261 261 

M = 391:
411 411 411 411 411 411 411 411 411 411 412 412 412 412 412 411 411 411 411 411 411 411 411 411 411 437 437 437 437 390 390 390 390 390 390 390 390 390 390 390 390 390 390 390 390 413 413 413 413 390 390 390 390 390 390 390 390 413 413 413 413 390 390 390 390 390 390 390 390 390 390 390 390 390 390 390 390 390 390 390 390 390 390 390 390 388 388 388 440 440 440 440 440 440 391 391 435 435 435 391 391 391 391 391 391 391 391 391 391 391 391 391 391 391 388 388 388 388 388 388 391 391 391 388 388 388 391 391 391 388 388 388 440 440 440 391 391 391 391 391 391 435 435 435 388 388 388 391 391 391 388 388 388 440 440 440 391 391 391 391 391 391 440 440 440 391 391 391 435 435 435 391 391 391 391 391 391 440 440 440 440 440 440 440 440 440 440 440 440 391 391 391 435 435 435 366 366 436 436 366 366 366 366 438 438 436 436 436 436 366 366 438 438 366 366 436 436 438 438 366 366 438 438 436 436 366 366 438 438 366 366 436 436 436 436 438 438 438 438 436 436 438 438 438 438 436 436 436 436 436 436 438 438 436 436 366 366 436 436 

M = 123:
120 120 120 120 120 120 123 123 123 123 123 123 123 123 123 123 123 123 123 123 123 123 123 123 123 123 123 123 123 123 123 123 123 123 123 123 123 123 123 123 123 

M = 136:
136 136 136 136 136 136 136 136 136 136 136 136 136 136 136 136 136 136 136 136 136 136 136 136 136 136 136 136 136 136 136 136 136 136 136 

M = 324:
327 327 327 323 323 323 323 323 323 329 329 329 329 319 319 329 329 319 319 329 329 319 319 329 329 324 329 329 322 322 329 329 324 324 329 329 329 329 319 319 329 329 324 324 329 329 319 319 324 324 319 319 329 329 324 324 324 324 

M = 127:
131 131 127 199 199 197 197 126 126 127 127 197 197 131 131 127 127 127 127 127 127 127 127 126 126 126 126 131 131 197 197 126 126 199 199 127 127 197 197 127 127 127 127 197 197 126 126 131 131 126 126 127 127 199 199 197 197 126 126 197 197 127 127 197 197 

M = 164:
164 164 164 164 164 164 164 164 164 164 164 164 164 164 164 164 164 164 164 164 165 165 165 165 165 165 165 165 165 165 165 165 165 165 165 165 165 165 165 165 165 165 165 165 165 165 165 165 165 165 165 165 165 165 165 165 165 165 165 165 165 165 165 165 165 165 165 165 165 165 165 165 165 165 165 165 164 164 164 164 164 164 164 164 164 164 164 164 164 164 165 165 165 165 165 165 165 164 164 164 164 164 164 164 165 165 165 165 165 165 165 164 164 164 164 164 164 164 164 164 164 164 164 164 164 165 165 165 165 165 165 165 165 165 165 165 165 165 165 164 164 164 164 164 164 164 167 167 167 167 167 167 167 167 167 167 161 161 161 161 161 161 159 159 159 162 162 162 162 249 249 249 249 163 163 249 249 249 249 162 162 162 162 162 162 162 162 249 249 163 163 249 249 162 162 162 162 162 162 162 162 249 249 162 162 162 162 249 249 163 163 162 162 163 163 163 163 162 162 162 162 162 162 163 163 249 249 249 249 163 163 249 249 

M = 370:
368 368 368 368 368 368 368 370 370 370 370 370 370 370 370 370 370 370 370 370 368 368 368 368 368 368 368 370 370 370 370 370 370 370 370 370 370 370 370 370 370 370 370 370 370 370 370 370 370 370 370 370 370 370 370 370 370 370 370 370 370 370 370 370 370 370 370 370 370 370 370 370 370 370 370 370 370 370 370 370 370 370 370 370 370 370 370 370 370 370 370 370 370 370 370 370 370 368 368 368 368 368 368 368 370 370 370 370 370 370 370 349 349 349 349 349 349 349 349 349 349 349 349 351 351 351 351 351 351 351 351 351 351 351 351 351 351 

M = 358:
359 359 359 359 359 359 359 359 359 359 359 359 359 359 358 358 358 358 358 358 358 358 358 358 358 358 358 358 358 455 455 455 354 354 354 354 354 354 455 455 455 452 452 452 452 452 452 452 452 452 452 452 452 

M = 372:
372 372 372 372 372 372 372 372 372 372 372 372 372 372 372 373 373 373 373 373 373 373 373 

M = 419:
400 400 400 422 422 422 400 400 400 400 400 400 422 422 422 422 422 422 400 400 400 400 400 400 400 400 400 400 400 400 422 422 422 417 417 419 419 419 417 417 417 417 419 419 417 417 419 419 417 417 380 380 419 419 419 419 419 419 419 419 417 417 381 381 380 380 419 419 419 419 380 380 417 417 419 419 419 419 419 419 381 381 419 419 419 419 417 417 419 419 380 380 419 419 419 419 

M = 376:
341 341 341 341 341 341 341 341 342 342 342 342 342 377 377 377 377 377 377 377 377 377 377 377 377 377 377 377 377 377 377 377 377 377 377 377 377 376 376 379 379 379 379 379 379 379 379 379 379 379 379 379 379 379 376 376 376 379 379 379 376 376 376 376 376 376 376 376 376 376 376 376 379 379 379 376 376 376 379 379 379 376 376 376 376 376 376 

