M = 146:
146 146 146 146 146 146 146 146 146 146 146 146 146 146 146 146 146 146 146 146 146 146 146 146 146 146 146 146 146 146 146 265 265 265 265 265 265 265 265 265 265 265 265 265 265 265 265 265 265 265 265 265 266 266 266 266 266 266 266 266 266 266 

M = 201:
204 204 204 204 204 204 204 204 204 204 204 204 204 204 204 204 204 204 203 203 203 203 201 201 201 201 201 201 201 201 201 201 201 201 201 201 201 201 201 201 201 201 201 201 201 201 201 201 201 201 201 201 201 201 201 201 201 201 201 201 201 201 201 201 201 201 201 201 201 201 201 201 201 201 201 201 201 201 201 201 201 201 201 201 201 201 201 201 201 235 235 235 235 235 235 235 235 235 235 235 235 235 235 235 235 235 235 235 235 235 235 235 235 235 235 235 235 235 235 235 235 235 

M = 272:
273 273 273 273 272 273 273 272 272 269 269 272 272 272 272 273 273 273 273 272 272 273 273 272 272 272 272 272 272 269 269 272 272 272 272 269 269 273 273 272 272 268 268 272 272 273 273 273 273 273 273 273 273 269 269 272 272 273 273 273 273 272 272 273 273 

M = 206:
205 205 205 205 205 205 205 205 205 205 205 205 205 205 205 205 205 205 206 206 206 206 206 206 206 206 206 206 206 206 206 206 206 206 206 206 206 206 206 206 206 206 206 206 206 206 206 206 206 206 206 206 208 208 208 208 208 208 208 208 208 208 208 208 208 208 208 208 208 208 208 208 208 208 208 208 208 208 208 208 208 208 208 208 

M = 290:
362 362 362 362 360 360 360 360 440 440 440 293 293 293 293 293 293 284 284 284 440 440 440 293 293 293 293 293 293 438 438 438 440 440 440 438 438 438 438 438 438 284 284 284 440 440 440 293 293 293 293 293 293 293 293 293 320 320 320 293 293 293 440 440 440 324 324 324 284 284 284 324 324 324 438 438 438 440 440 440 440 440 440 439 439 439 293 293 293 440 440 440 324 324 324 293 293 293 439 439 439 438 438 438 284 284 284 293 293 293 293 293 293 293 293 293 440 440 440 284 284 284 438 438 438 439 439 439 440 440 440 440 440 440 440 440 440 440 440 440 293 293 293 440 440 440 293 293 293 324 324 324 356 356 286 286 283 283 283 283 290 283 283 316 316 288 288 288 288 281 281 290 290 288 288 290 290 290 290 283 283 281 281 288 288 317 317 281 281 283 283 288 288 283 283 283 283 291 291 283 283 286 286 291 291 319 319 285 285 356 356 290 290 281 281 316 316 283 283 356 356 291 291 291 291 316 316 283 283 283 283 283 283 281 281 316 316 281 281 316 316 285 285 356 356 356 356 286 286 356 356 281 281 316 316 286 286 319 319 286 286 288 288 283 283 290 290 290 290 290 290 356 356 283 283 290 290 291 291 356 356 

M = 122:
119 119 119 119 119 119 119 119 119 120 120 120 120 120 120 120 120 120 121 121 121 121 121 121 121 122 122 122 122 122 122 122 122 122 122 122 122 122 122 122 122 122 122 122 122 122 122 122 122 122 122 122 122 122 122 122 122 122 122 122 122 122 122 122 122 122 122 122 122 122 122 122 122 122 122 122 122 122 122 122 122 122 122 122 122 122 122 122 122 

M = 182:
181 181 181 181 181 181 182 182 182 182 182 182 182 182 182 182 182 182 182 182 182 182 182 182 182 182 182 182 182 182 182 182 182 182 182 182 182 182 182 182 

M = 183:
178 178 178 178 178 178 178 178 178 178 178 178 178 178 178 226 226 226 226 226 178 178 178 178 178 226 226 226 226 226 177 177 177 183 183 183 183 183 177 177 177 177 177 177 177 177 177 183 183 183 183 183 183 183 183 183 183 183 183 177 177 177 183 183 183 183 183 183 183 183 183 

M = 261:
261 261 261 261 261 261 261 261 261 261 261 261 261 261 261 261 261 261 261 261 261 261 261 261 261 261 261 261 261 261 261 261 261 261 261 261 261 261 261 261 261 261 261 261 261 261 261 261 261 261 261 261 261 261 261 262 262 262 262 262 262 262 262 262 262 262 262 

M = 123:
124 124 124 124 124 124 124 124 123 123 210 210 210 123 123 123 123 123 123 123 123 123 123 123 123 123 123 123 123 123 123 123 123 123 123 123 123 210 210 210 123 123 123 210 210 210 123 123 123 123 123 123 123 123 123 123 123 123 123 123 123 123 123 123 210 210 210 132 132 127 127 132 132 127 127 126 126 127 127 126 126 132 132 127 127 127 127 127 127 132 132 126 126 126 126 126 126 126 126 132 132 127 127 126 126 126 126 127 127 127 127 126 126 132 132 126 126 132 132 

M = 217:
217 217 217 217 217 217 217 217 217 217 217 217 217 217 217 217 217 217 217 217 

M = 136:
136 136 136 136 136 136 136 136 136 136 136 136 136 136 136 136 136 136 136 136 136 136 136 136 136 136 136 136 136 136 136 136 136 136 136 136 136 136 136 136 136 136 136 136 136 136 136 136 136 136 136 136 136 136 136 136 136 136 136 136 136 136 136 140 140 140 140 140 140 140 140 140 140 140 140 

M = 229:
229 229 229 229 229 229 229 229 229 229 229 230 230 230 230 230 230 230 230 230 230 230 230 

M = 297:
300 300 300 300 300 300 300 300 300 300 300 300 300 300 300 300 300 300 300 300 300 300 300 300 300 300 300 300 300 300 300 300 300 300 300 300 297 297 297 297 297 297 297 297 297 297 297 297 297 297 297 297 297 297 297 297 297 297 297 297 297 297 297 297 297 297 297 297 297 297 297 297 297 297 297 297 297 297 297 297 297 297 297 313 313 313 313 301 301 301 301 313 313 313 313 313 313 313 313 301 301 301 301 313 313 313 313 313 313 313 313 313 313 313 313 313 313 313 313 301 301 313 313 313 313 313 313 

M = 241:
242 242 242 242 242 242 242 242 242 242 194 194 194 194 194 194 194 194 194 194 194 194 194 194 194 194 194 194 194 194 240 240 240 240 240 244 244 244 241 241 241 241 241 244 244 244 241 241 241 241 241 241 241 241 241 241 241 241 241 241 241 241 241 241 241 241 241 241 241 241 241 241 241 197 197 197 197 193 193 193 193 193 193 197 197 197 197 193 193 193 193 193 193 197 197 197 197 197 197 193 193 197 197 193 193 197 197 197 197 193 193 197 197 197 197 197 197 197 197 197 197 197 197 197 197 197 197 197 197 

M = 403:
335 335 335 341 341 341 379 379 379 379 379 379 379 379 379 341 341 341 400 400 400 400 400 400 379 379 379 400 400 400 341 341 341 335 335 335 379 379 379 341 341 341 341 341 341 403 426 426 401 401 403 403 403 403 398 398 327 327 377 377 342 342 342 342 401 401 377 377 377 377 403 403 330 330 403 403 342 342 376 376 338 338 404 404 376 376 401 401 336 336 403 403 403 403 342 342 376 376 410 410 410 410 401 401 339 339 401 401 377 377 410 410 376 376 421 421 403 403 336 336 339 339 336 336 377 377 398 398 342 342 428 428 426 426 426 426 403 403 376 376 342 342 401 401 426 426 342 342 377 377 410 410 343 343 403 403 410 410 342 342 401 401 403 403 338 338 410 410 404 404 410 410 342 342 401 401 342 342 401 401 376 376 401 401 327 327 428 428 401 401 410 410 342 342 421 421 403 403 336 336 428 428 410 410 377 377 336 336 403 403 377 377 377 377 410 410 401 401 410 410 426 426 426 426 340 340 376 376 336 336 403 403 403 403 377 377 410 410 403 403 410 410 330 330 401 401 403 403 401 401 376 376 342 342 421 421 410 410 343 343 376 376 

M = 275:
275 275 275 275 275 275 275 275 275 275 275 275 275 275 275 275 275 275 275 275 

M = 251:
248 248 248 248 248 248 248 248 237 237 237 237 237 237 157 157 157 157 157 157 157 157 157 157 157 157 237 237 237 237 237 237 157 157 157 157 157 157 157 157 157 157 157 157 251 251 251 251 251 251 251 251 251 251 251 251 251 251 251 251 251 251 251 251 251 251 251 251 251 251 251 251 251 251 251 251 251 251 251 251 251 251 251 251 251 251 251 251 251 251 251 251 251 251 251 251 251 251 251 251 251 251 251 251 251 251 251 251 251 251 251 251 251 251 251 251 251 251 251 251 251 251 251 161 161 161 161 249 249 249 249 249 249 249 249 249 249 249 249 249 249 249 249 249 249 249 249 249 249 249 249 249 249 249 249 249 249 249 249 249 249 249 249 249 249 249 249 249 249 249 249 249 253 253 253 253 253 253 

M = 165:
165 165 165 165 165 165 165 165 165 165 165 165 165 165 165 165 165 165 165 165 165 165 165 165 165 165 165 165 165 165 165 165 165 165 165 165 165 165 165 165 165 165 165 165 165 165 165 165 165 165 165 165 165 165 165 165 165 165 165 165 165 165 165 165 165 165 165 165 165 165 165 165 165 165 165 165 165 165 165 165 165 165 165 165 165 165 165 165 165 165 165 165 165 165 165 165 165 165 165 165 165 165 165 165 165 165 165 164 164 164 164 164 164 164 164 162 162 162 162 162 162 162 162 162 162 162 162 162 162 162 162 167 167 167 167 167 167 167 167 167 167 167 167 167 167 167 167 167 167 163 163 163 167 167 167 167 167 167 167 167 167 167 167 167 167 167 167 167 167 167 167 167 167 167 167 167 167 167 167 167 167 167 

M = 220:
190 190 190 190 190 190 219 219 219 219 219 219 219 219 219 190 190 190 219 219 219 190 190 190 220 220 220 220 220 220 220 220 220 220 220 220 220 220 220 220 220 220 220 220 220 220 220 220 220 220 220 220 220 220 220 

