M = 146:
146 146 146 146 146 146 146 146 146 146 146 146 146 146 146 146 146 146 146 146 146 145 145 145 145 145 145 145 145 145 143 143 143 143 143 143 143 268 268 268 268 268 268 268 177 177 177 177 177 177 177 177 177 177 177 177 177 177 177 177 177 177 271 271 271 271 269 269 269 269 271 271 271 271 271 271 269 269 271 271 271 271 269 269 

M = 217:
217 217 218 218 218 217 217 217 218 218 218 217 217 217 217 217 217 218 218 218 218 218 218 217 217 217 217 217 217 217 217 217 217 217 217 218 218 218 

M = 123:
122 122 122 122 122 122 122 122 122 122 122 122 122 122 122 122 122 122 122 122 122 122 122 122 122 122 122 122 122 122 122 122 122 122 122 122 122 122 122 122 122 122 122 122 122 122 122 122 122 122 122 122 122 122 122 122 122 122 122 122 124 124 124 124 124 124 124 124 124 124 124 124 124 124 124 124 124 124 124 124 123 123 123 123 123 123 123 123 212 212 212 123 123 123 123 123 123 123 123 123 123 123 123 123 123 123 123 123 123 123 123 123 123 123 123 123 123 123 123 123 123 126 126 126 123 123 123 212 212 212 123 123 123 123 123 123 123 123 123 212 212 212 210 210 210 210 210 210 210 210 

M = 251:
251 251 251 251 251 251 251 251 251 251 251 251 251 251 251 251 251 251 251 251 251 251 251 251 251 251 251 251 251 251 251 251 251 251 251 251 251 251 251 251 251 251 251 251 251 251 251 251 251 251 251 251 251 251 251 251 251 251 251 251 251 251 251 251 253 253 253 250 250 250 253 253 253 250 250 250 250 250 250 253 253 253 250 250 250 237 237 237 237 237 237 

M = 201:
226 226 226 226 226 226 226 208 208 208 208 208 208 206 206 206 206 206 205 205 205 205 205 206 206 206 206 206 206 206 206 206 206 206 206 206 206 206 235 235 235 235 235 235 235 235 235 235 235 235 235 235 235 201 207 207 201 201 201 201 201 201 201 201 201 201 201 201 201 201 201 201 201 201 201 201 201 201 207 207 207 207 201 201 201 201 201 201 201 201 201 201 

M = 159:
159 159 159 159 159 159 159 159 159 159 159 159 159 159 161 161 161 159 159 159 159 159 159 159 159 159 159 159 159 161 161 161 157 157 157 157 157 157 157 157 157 157 

M = 440:
440 440 440 440 440 440 440 440 440 440 440 438 438 438 438 440 440 440 440 440 440 440 440 440 440 440 440 440 440 440 440 440 440 440 440 440 440 440 440 440 440 440 440 440 440 440 440 438 438 438 438 440 440 440 440 439 439 439 439 438 438 438 438 440 440 440 440 438 438 438 438 440 440 440 440 440 440 440 440 438 438 438 438 441 441 441 436 436 436 436 436 436 442 442 442 442 442 442 442 442 362 362 436 436 436 436 442 442 

M = 305:
305 272 272 305 305 305 305 305 305 305 305 305 305 305 305 305 305 272 272 272 272 272 272 272 272 272 272 272 272 305 305 272 272 272 272 305 305 272 272 305 305 305 305 305 305 305 305 305 305 305 305 305 305 

M = 316:
316 316 316 316 316 316 316 316 316 316 316 316 316 316 316 316 316 316 316 316 316 316 316 316 316 

M = 245:
242 242 242 242 242 242 244 244 244 244 244 244 245 245 245 245 245 245 245 245 245 245 245 245 245 245 245 245 245 245 245 245 245 245 245 245 245 245 245 245 245 245 245 245 245 245 245 245 245 245 245 

M = 261:
179 179 179 179 179 179 179 179 179 178 178 178 178 178 178 178 178 178 181 181 181 181 181 181 181 181 181 182 182 182 182 182 182 182 182 182 182 182 182 182 182 182 182 182 182 182 182 182 182 182 182 229 229 229 229 229 229 229 229 229 229 261 261 261 261 261 261 261 261 261 261 261 261 261 261 261 261 261 261 261 261 261 261 261 261 261 261 261 261 261 261 261 261 261 261 261 261 261 261 261 261 261 261 261 261 261 261 261 

M = 130:
127 127 127 130 130 130 130 130 130 130 130 127 127 127 130 130 130 130 130 130 127 127 127 130 130 130 130 130 130 130 130 130 127 127 127 130 130 130 130 130 130 194 194 194 130 130 130 194 194 194 127 127 127 130 130 130 127 127 127 194 194 194 194 194 194 130 130 130 194 194 194 130 130 130 194 194 194 130 130 130 130 130 130 130 130 130 194 194 194 130 130 130 196 196 197 197 132 132 197 197 197 197 132 132 196 196 132 132 196 196 132 132 132 132 193 193 196 196 196 196 132 132 193 193 196 196 197 197 196 196 196 196 196 196 132 132 197 197 132 132 196 196 196 196 

M = 326:
326 326 326 326 326 325 325 325 325 325 325 326 326 326 326 326 326 326 326 326 326 326 326 326 326 326 326 326 326 326 326 326 322 322 322 326 326 326 322 322 322 326 326 326 326 326 326 321 321 329 329 329 329 329 329 321 321 321 321 329 329 329 329 329 329 329 329 321 321 329 329 321 321 329 329 329 329 321 321 321 321 

M = 136:
141 141 141 141 141 141 141 141 141 141 141 141 141 141 141 141 141 141 141 141 141 136 136 136 136 136 136 136 136 136 136 136 136 136 136 136 136 136 136 136 136 136 136 136 136 136 136 136 136 136 136 136 136 136 136 136 134 134 134 134 134 134 134 134 134 134 134 134 134 134 134 134 134 134 134 134 134 134 134 134 134 134 134 134 134 134 139 139 138 138 139 139 138 138 135 135 138 138 139 139 138 138 135 135 138 138 135 135 138 138 138 138 138 138 138 138 138 138 139 139 138 138 139 139 135 135 138 138 

M = 232:
231 231 231 231 231 231 232 232 232 232 232 232 232 232 232 

M = 165:
165 165 165 165 165 164 164 164 164 164 164 165 165 165 165 165 165 165 165 165 165 165 165 165 165 165 165 165 165 165 165 165 165 165 165 165 165 165 165 165 165 165 165 165 165 165 165 165 165 165 165 165 165 165 165 165 165 165 165 165 165 165 165 165 165 165 165 165 165 165 165 165 165 165 165 165 165 164 164 164 164 164 164 165 165 165 165 165 165 165 165 165 165 165 165 164 164 164 164 164 164 163 163 163 163 163 163 163 163 163 163 163 163 163 163 163 163 163 163 

M = 167:
169 169 169 169 167 167 167 167 167 190 190 190 167 167 167 190 190 190 167 167 167 167 167 167 167 167 167 167 167 167 167 167 167 167 167 167 167 167 167 167 167 167 190 190 190 167 167 167 167 167 167 167 167 167 190 190 190 

M = 249:
248 248 248 248 248 249 249 249 249 249 249 249 249 249 249 249 249 249 249 249 249 249 249 249 249 249 249 249 249 249 249 249 249 249 

M = 293:
293 293 293 293 293 293 293 296 296 296 296 300 300 300 300 293 293 293 293 293 293 293 293 293 293 293 293 296 296 296 296 293 293 293 293 293 293 293 293 300 300 300 300 293 293 293 293 293 293 293 293 293 293 293 293 293 293 293 293 293 293 293 293 300 300 300 300 296 296 296 296 293 293 293 293 297 297 297 299 299 299 299 299 299 297 297 297 299 299 299 299 299 299 299 299 299 292 292 292 292 

M = 290:
284 284 359 359 284 284 290 290 290 290 290 290 290 290 290 290 290 290 290 290 290 290 290 290 290 290 290 290 290 290 290 290 290 290 290 284 284 284 284 290 290 

