M = 243:
243 243 243 243 243 243 243 243 243 243 243 243 243 243 243 243 243 243 243 243 243 243 243 243 243 243 243 243 243 243 243 243 243 243 243 243 243 243 243 243 243 243 243 243 243 243 243 243 243 243 243 243 243 242 242 242 242 242 242 242 242 242 242 242 242 242 242 245 245 245 245 245 245 

M = 140:
139 139 139 139 139 141 141 141 141 141 140 140 140 213 213 213 213 213 213 

M = 206:
206 206 206 206 206 206 206 206 206 206 206 206 206 206 206 206 206 206 206 206 206 206 206 206 206 206 206 206 206 207 207 207 207 207 207 207 207 207 203 203 205 205 204 204 205 205 204 204 205 205 205 205 

M = 313:
305 305 305 305 305 305 305 305 305 308 308 308 308 297 297 300 300 301 301 316 316 300 300 297 297 316 316 297 297 316 316 297 297 317 317 313 317 317 301 301 313 313 312 312 313 313 313 313 312 312 316 316 316 316 312 312 297 297 308 308 308 308 313 313 308 308 316 316 300 300 313 313 301 301 312 312 313 313 308 308 312 312 312 312 313 313 

M = 208:
126 126 126 126 126 126 126 126 126 126 208 208 208 208 208 208 208 208 208 208 208 208 208 208 208 208 208 208 208 208 208 208 208 208 208 208 208 208 208 

M = 259:
258 258 258 258 258 258 258 258 259 259 259 259 259 259 259 259 259 259 259 259 259 259 259 232 232 232 232 232 232 232 232 232 232 232 232 

M = 178:
178 178 178 178 178 178 178 178 145 145 145 178 178 178 178 178 178 178 178 178 178 178 178 178 178 178 178 178 178 178 178 178 178 178 178 178 178 178 178 178 178 178 178 178 178 178 178 145 145 145 

M = 419:
379 379 419 418 418 424 424 424 424 419 419 379 379 379 379 379 379 424 424 419 419 455 455 419 419 379 379 424 424 455 455 419 419 379 379 379 379 379 379 379 379 379 379 379 379 379 379 424 424 424 424 419 419 419 419 426 426 426 426 419 419 379 379 379 379 379 379 419 419 

M = 130:
193 193 193 193 193 193 193 130 130 130 130 130 127 127 127 127 127 127 130 130 130 130 130 130 130 130 130 130 130 130 130 130 130 130 130 130 130 130 130 130 130 130 127 127 127 127 127 127 130 130 130 130 130 130 130 130 130 130 130 130 130 130 130 130 130 130 130 130 130 130 130 130 130 130 130 130 130 130 130 130 130 130 130 130 130 130 130 130 130 130 197 197 197 197 194 194 194 194 197 197 197 197 194 194 194 194 197 197 197 197 196 196 196 196 196 196 196 196 196 196 196 196 196 196 196 196 196 196 196 196 196 196 196 196 196 196 196 196 196 196 196 196 196 196 196 196 196 196 196 196 196 196 196 196 196 196 196 196 

M = 262:
262 262 262 262 262 262 262 262 262 262 262 262 262 262 262 261 261 261 261 261 261 261 261 261 261 261 261 261 261 263 263 263 263 263 263 

M = 123:
119 119 119 119 119 119 119 119 119 119 119 119 119 119 123 123 123 123 123 123 123 123 123 123 123 123 123 123 123 123 123 123 123 123 123 123 123 123 123 123 123 123 123 123 123 123 123 123 123 123 123 123 123 123 123 123 123 123 123 123 123 123 123 123 123 123 123 123 123 123 123 123 123 124 124 124 124 124 124 210 210 210 210 122 122 122 122 122 122 122 122 122 122 122 122 122 122 122 122 122 122 210 210 122 122 122 122 210 210 122 122 122 122 122 122 122 122 122 122 122 122 210 210 

M = 267:
146 146 146 146 146 146 146 146 146 146 146 146 146 146 146 146 146 146 146 146 146 146 146 146 146 146 146 146 147 147 147 147 147 147 268 268 268 268 268 268 268 268 270 270 270 149 149 272 272 149 149 149 149 149 149 272 272 267 272 272 267 267 149 149 149 149 149 149 267 267 149 149 149 149 272 272 272 272 272 272 149 149 272 272 267 267 267 267 272 272 267 267 272 272 272 272 272 272 149 149 149 149 272 272 149 149 267 267 149 149 149 149 272 272 149 149 

M = 136:
136 136 136 136 136 136 136 136 136 136 136 136 136 136 136 136 136 136 136 136 136 136 136 136 136 136 136 136 136 136 136 136 136 136 136 136 136 136 136 136 136 136 136 136 136 136 136 138 138 138 138 138 138 138 138 138 138 138 138 138 138 138 

M = 401:
400 400 400 400 400 400 400 400 400 400 400 400 400 400 400 400 400 400 362 362 362 400 400 400 400 400 400 400 400 400 401 401 401 326 326 326 326 401 401 401 401 323 323 327 327 401 401 401 401 401 401 326 326 331 331 324 324 326 326 326 326 401 401 324 324 401 401 331 331 401 401 331 331 324 324 324 324 326 326 401 401 401 401 330 330 330 330 401 401 324 324 401 401 330 330 330 330 401 401 324 324 331 331 324 324 401 401 

M = 134:
134 134 134 134 134 134 134 134 134 134 134 134 134 134 134 134 134 134 134 134 134 134 134 134 134 134 134 134 134 135 135 135 135 135 135 135 135 135 135 135 135 135 135 135 135 135 135 135 135 135 135 135 135 

M = 165:
164 164 164 164 164 164 164 164 164 164 164 164 164 164 164 164 165 165 165 165 165 165 165 165 165 165 165 165 165 165 165 165 165 165 165 165 165 165 165 165 165 165 165 165 165 165 165 165 165 165 165 165 165 165 165 165 165 165 165 165 165 165 165 165 165 165 165 165 165 165 165 165 165 165 165 165 165 165 168 168 168 168 168 168 168 161 161 161 161 161 161 161 161 167 167 167 167 167 167 167 167 167 167 167 167 167 167 167 167 167 167 167 167 167 167 167 167 167 167 167 162 162 162 162 162 162 163 163 163 163 163 163 163 163 

M = 229:
229 229 229 229 229 229 229 229 229 229 229 229 229 229 229 229 229 229 229 229 229 229 229 229 229 229 229 182 182 182 182 182 

M = 249:
248 248 248 248 248 248 248 248 248 248 248 248 248 248 248 248 251 251 251 249 249 249 249 249 251 251 251 249 249 249 251 251 251 249 249 249 249 249 249 251 251 251 251 251 251 249 249 249 249 249 249 251 251 251 251 251 251 251 251 251 249 249 249 251 251 251 249 249 249 158 158 158 251 251 251 249 249 249 251 251 251 249 249 249 251 251 251 249 249 249 249 249 249 250 250 250 249 249 249 249 249 249 237 237 237 237 237 237 237 237 237 237 

M = 284:
283 283 283 283 284 283 283 283 283 284 284 284 284 283 283 284 284 284 284 284 284 283 283 283 283 283 283 283 283 283 283 284 284 283 283 284 284 284 284 283 283 283 283 283 283 283 283 283 283 284 284 359 359 284 284 284 284 284 284 284 284 359 359 284 284 284 284 283 283 284 284 357 357 283 283 284 284 359 359 

M = 220:
218 218 218 218 218 218 218 218 218 218 218 218 218 218 218 218 219 219 219 219 219 219 219 219 218 218 218 218 218 218 218 218 219 219 219 219 219 219 219 219 218 218 218 218 218 218 218 218 218 218 218 218 218 218 218 218 218 218 218 218 218 218 218 218 217 217 217 217 217 217 217 190 190 190 190 190 220 220 220 220 220 220 220 220 220 220 220 220 220 220 220 220 220 220 220 220 220 220 220 220 220 220 220 220 220 220 220 220 220 220 220 220 220 220 220 220 220 220 220 220 220 220 220 220 220 220 172 172 172 172 172 172 172 172 172 172 192 192 172 172 172 172 172 172 172 172 172 172 192 192 172 172 

