M = 123:
123 123 124 124 124 127 127 127 127 127 127 123 123 123 123 123 123 124 124 124 124 124 124 124 124 124 124 124 124 127 127 127 123 123 123 127 127 127 124 124 124 127 127 127 124 124 124 127 127 127 123 123 123 123 123 123 124 124 124 123 123 123 123 123 123 123 123 123 127 127 127 123 123 123 124 124 124 127 127 127 124 124 124 123 123 123 123 123 123 123 123 123 123 123 123 123 123 123 124 124 124 123 123 123 123 123 123 123 123 123 123 123 123 124 124 124 

M = 215:
217 217 217 217 217 217 217 217 140 140 140 140 140 140 140 140 140 140 140 140 140 140 140 140 142 142 142 142 142 142 142 215 215 215 215 215 218 218 218 218 218 218 215 215 215 215 215 215 220 220 220 220 220 220 220 220 220 220 220 220 220 220 220 220 220 220 220 220 220 220 220 220 220 220 220 220 220 220 220 220 220 

M = 204:
204 204 204 204 204 

M = 194:
193 193 193 193 193 193 194 194 194 194 194 194 194 194 194 240 240 240 240 240 240 240 240 240 240 194 194 194 194 194 240 240 240 240 240 194 194 194 194 194 240 240 240 240 240 194 194 194 194 194 194 194 194 194 194 194 194 194 194 194 194 194 194 194 194 194 194 194 194 194 194 194 194 194 194 194 194 194 194 194 194 194 194 194 194 240 240 240 240 240 194 194 194 194 194 194 194 194 194 194 194 194 194 194 194 190 190 190 190 190 190 190 190 190 190 190 190 190 190 190 190 190 190 190 190 191 191 191 191 130 130 130 130 130 130 130 130 130 130 130 130 130 130 130 130 130 130 130 130 130 239 239 

M = 180:
180 180 180 180 180 180 180 180 180 180 180 180 180 180 180 180 180 180 180 180 180 180 180 180 180 180 180 180 180 180 180 180 180 180 180 180 180 180 180 180 180 180 180 180 180 180 180 180 180 180 180 180 180 180 180 180 180 180 180 180 180 180 180 180 180 180 180 180 180 180 180 180 180 180 180 180 180 180 180 180 180 180 180 180 180 180 180 180 180 180 180 180 180 180 180 180 180 180 180 180 180 180 180 180 180 180 180 180 180 180 180 179 179 179 179 179 179 179 179 181 181 181 181 181 181 182 182 182 182 182 182 182 182 182 182 182 182 182 182 

M = 303:
303 303 303 303 303 303 303 303 303 303 303 303 303 303 303 303 303 303 303 303 303 303 303 303 303 303 303 303 303 274 274 274 274 274 274 274 274 274 274 272 272 272 272 272 272 272 272 272 272 272 272 272 272 272 272 272 272 272 272 306 306 307 307 306 306 306 306 306 306 306 306 302 302 306 306 306 306 307 307 306 306 302 302 306 306 306 306 306 306 306 306 306 306 

M = 346:
341 341 341 341 347 347 347 347 347 347 347 347 341 341 341 341 341 341 341 341 347 347 347 347 347 347 347 347 347 347 347 347 347 347 347 347 347 347 347 347 347 347 347 347 347 347 347 347 347 347 347 347 341 341 341 341 347 347 347 347 341 341 341 341 346 346 346 346 346 345 345 345 346 346 346 346 346 346 346 346 346 346 346 346 346 346 346 346 346 346 346 346 346 346 346 346 346 346 346 372 372 344 344 344 344 372 372 372 372 344 344 372 372 342 342 

M = 333:
408 408 408 408 408 326 326 326 326 326 322 322 322 322 322 326 326 326 326 326 408 408 408 408 408 326 326 326 326 326 322 322 322 322 322 329 329 329 329 337 337 337 337 329 329 329 329 339 339 339 339 337 337 337 337 409 409 409 409 329 329 329 329 337 337 337 337 329 329 329 329 409 409 409 409 335 335 335 388 388 388 336 336 336 406 406 406 407 407 407 336 336 336 336 336 336 334 334 334 407 407 407 336 336 336 407 407 407 336 336 336 336 336 336 336 336 336 334 334 334 407 407 407 407 407 407 388 388 388 407 407 407 407 407 407 388 388 388 406 406 406 407 407 407 407 407 407 336 336 336 407 407 407 407 407 407 407 407 407 335 335 335 336 336 336 336 336 336 437 437 437 334 334 334 336 336 336 336 336 336 407 407 407 324 324 327 327 435 435 327 327 390 390 390 390 321 321 333 333 333 390 390 321 321 321 321 390 390 439 439 390 390 327 327 390 390 321 321 321 321 327 327 327 327 439 439 324 324 327 327 324 324 321 321 439 439 327 327 435 435 390 390 327 327 390 390 390 390 390 390 321 321 324 324 439 439 338 338 390 390 324 324 333 333 390 390 333 333 333 333 321 321 435 435 324 324 321 321 

M = 178:
265 265 265 265 265 265 265 265 265 265 265 265 265 265 265 265 265 265 265 265 265 265 265 265 265 265 265 265 268 268 268 268 268 268 144 144 144 144 144 144 146 146 146 146 146 146 146 146 146 146 146 146 268 268 268 268 268 268 178 178 178 178 178 178 178 178 178 178 178 178 178 178 178 178 178 178 178 178 178 178 178 178 178 178 178 178 178 178 178 178 178 178 178 178 178 178 178 178 178 178 178 178 267 267 267 267 267 267 267 267 267 267 267 267 262 262 262 262 262 262 175 175 175 175 183 183 175 175 175 175 183 183 175 175 175 175 183 183 175 175 175 175 175 175 175 175 175 175 175 175 175 175 175 175 175 175 175 175 

M = 122:
122 122 122 122 122 122 122 122 122 122 122 122 122 122 122 122 122 122 122 122 122 122 122 122 122 122 122 122 122 122 122 122 122 

M = 259:
229 229 229 229 229 229 229 229 229 259 259 259 261 261 259 259 230 230 228 228 259 259 259 259 228 228 261 261 261 261 259 259 261 261 259 259 228 228 261 261 228 228 261 261 228 228 261 261 228 228 261 261 261 261 259 259 228 228 259 259 259 259 230 230 259 259 261 261 259 259 261 261 261 261 228 228 231 231 232 232 259 259 232 232 259 259 232 232 231 231 259 259 232 232 261 261 261 261 261 261 230 230 

M = 135:
136 136 136 136 136 136 136 136 135 135 135 135 135 135 135 135 135 133 133 

M = 242:
242 242 242 242 242 242 242 242 242 242 242 242 242 242 242 242 242 242 242 242 242 242 242 242 242 242 242 242 242 242 242 242 242 242 242 242 242 242 242 242 242 244 244 244 244 244 244 244 244 244 244 244 244 247 247 247 247 244 244 244 244 244 244 244 244 244 244 244 244 244 244 244 244 244 244 244 244 243 243 243 243 244 244 244 244 244 244 244 244 246 246 246 246 

M = 164:
164 164 164 164 164 164 164 163 163 163 163 164 164 164 164 164 164 164 164 164 164 164 164 164 164 164 164 164 164 164 164 161 161 161 162 162 162 162 162 162 162 162 162 162 

M = 370:
452 452 452 452 452 452 348 348 348 348 348 348 452 452 452 369 369 369 452 452 452 369 369 369 368 368 368 369 369 369 348 348 348 370 370 452 452 452 369 369 369 370 370 370 359 359 359 369 369 369 369 369 369 452 452 452 348 348 348 452 452 452 348 348 348 369 369 369 452 452 452 348 348 348 348 348 348 370 370 370 452 452 452 359 359 359 364 364 367 367 367 367 351 351 364 364 456 456 364 364 364 364 364 364 362 362 456 456 364 364 364 364 

M = 167:
168 168 168 168 168 168 168 168 168 168 168 168 168 168 168 168 168 168 168 168 169 169 169 171 171 173 173 167 173 173 167 167 171 171 173 173 167 167 173 173 173 173 173 173 171 171 173 173 173 173 171 171 171 171 167 167 167 167 173 173 171 171 173 173 167 167 167 167 173 173 167 167 167 167 167 167 173 173 167 167 173 173 173 173 171 171 171 171 167 167 167 167 173 173 172 172 167 167 173 173 167 167 167 167 173 173 167 167 

M = 251:
158 158 158 158 158 158 158 158 250 250 250 251 251 250 250 250 251 251 251 251 251 251 159 159 159 250 250 250 159 159 159 250 250 250 251 251 251 251 251 251 251 251 251 157 157 157 251 251 251 248 248 248 250 250 250 250 250 250 

M = 253:
233 233 233 235 235 235 233 233 233 233 233 233 233 233 233 233 233 233 235 235 235 233 233 233 253 253 253 160 160 160 160 253 253 253 253 253 253 253 253 160 160 253 253 160 160 

M = 298:
297 297 297 297 301 301 301 301 301 301 301 301 301 277 277 293 293 298 293 293 278 278 298 298 293 293 317 317 298 298 298 298 293 293 278 278 299 299 299 299 298 298 298 298 317 317 293 293 299 299 314 314 293 293 299 299 296 296 299 299 298 298 293 293 293 293 293 293 293 293 299 299 298 298 299 299 314 314 278 278 293 293 299 299 298 298 277 277 278 278 293 293 293 293 299 299 298 298 

M = 165:
165 165 165 165 165 165 165 165 165 165 165 165 165 165 165 165 165 165 165 165 165 165 165 165 165 165 165 165 165 165 165 165 165 165 165 165 165 165 165 

