M = 150:
175 175 175 175 150 150 150 175 175 175 175 175 175 175 175 150 150 150 150 150 150 267 267 150 150 150 150 175 175 175 175 150 150 150 150 175 175 150 150 175 175 175 175 267 267 267 267 267 267 150 150 150 150 267 267 267 267 150 150 267 267 267 267 150 150 267 267 175 175 150 150 175 175 267 267 150 150 150 150 175 175 175 175 175 175 175 175 172 172 267 267 150 150 

M = 318:
318 318 318 318 318 318 318 318 318 318 318 318 318 318 318 318 318 318 318 318 318 318 318 318 314 314 314 325 325 325 325 325 325 321 321 326 326 319 319 326 326 319 319 319 319 326 326 315 315 315 315 315 315 315 315 326 326 319 319 321 321 315 315 

M = 145:
145 145 145 145 145 145 145 145 145 145 145 145 145 145 145 145 145 

M = 194:
191 191 191 191 193 193 193 194 194 194 165 165 194 194 192 192 194 194 194 194 194 194 194 194 194 194 192 192 165 165 

M = 197:
196 196 196 196 196 196 248 248 248 196 196 196 196 196 196 248 248 248 196 196 196 248 248 248 196 196 196 196 196 196 127 127 197 197 197 127 127 126 126 127 127 127 127 126 126 126 126 126 126 126 126 126 126 127 127 197 197 126 126 126 126 197 197 126 126 197 197 126 126 127 127 127 127 197 197 

M = 440:
436 436 436 436 436 436 436 436 436 436 436 436 436 436 436 441 441 441 441 441 442 442 442 442 442 442 442 442 440 440 440 440 440 440 440 440 438 438 438 440 440 440 438 438 438 440 440 440 438 438 438 440 440 440 438 438 438 440 440 440 440 440 440 438 438 438 438 438 438 438 438 438 440 440 440 438 438 438 440 440 440 440 440 440 440 440 440 434 434 434 434 434 434 434 434 434 434 434 434 

M = 258:
259 259 259 259 259 259 259 259 259 259 259 259 232 232 232 232 232 232 232 232 232 232 232 232 258 258 258 258 258 258 258 258 258 258 258 258 258 258 258 258 258 258 258 258 258 258 258 

M = 306:
303 303 303 303 303 303 303 303 303 303 303 303 303 303 303 303 303 303 303 303 303 303 303 303 300 300 300 300 300 300 301 301 301 301 301 301 301 301 301 301 301 301 299 299 299 299 299 299 299 299 299 299 302 302 302 302 302 306 306 307 307 307 309 309 309 309 309 309 306 306 306 309 309 309 311 311 311 309 309 309 306 306 306 306 306 306 309 309 309 309 309 309 306 306 306 306 306 306 

M = 261:
265 265 265 265 265 265 265 265 265 265 265 265 261 261 261 261 261 261 261 261 261 261 261 261 261 261 261 261 261 261 261 261 261 261 261 262 262 262 261 261 261 261 261 261 261 261 261 261 261 261 261 261 261 261 261 261 261 261 261 182 182 182 182 264 264 228 228 182 182 229 229 182 182 228 228 228 228 228 228 182 182 230 230 230 230 264 264 181 181 228 228 229 229 181 181 182 182 181 181 228 228 229 229 182 182 181 181 228 228 182 182 230 230 182 182 228 228 229 229 182 182 182 182 182 182 

M = 273:
268 268 268 268 268 268 268 268 274 274 274 274 274 278 278 278 278 278 274 274 274 274 274 274 274 274 274 274 272 272 272 272 272 275 275 275 275 273 273 273 273 273 273 273 273 273 273 273 273 273 273 273 273 273 273 273 273 273 273 273 273 273 273 280 280 

M = 403:
336 336 336 339 339 339 336 336 336 339 339 339 336 336 336 339 339 339 339 339 339 337 337 337 341 341 341 339 339 339 339 339 339 336 336 336 336 336 336 339 339 339 339 339 339 339 339 339 337 337 337 403 376 376 403 403 377 377 377 377 329 329 403 403 403 403 403 403 377 377 335 335 379 379 329 329 424 424 329 329 403 403 379 379 403 403 403 403 379 379 329 329 403 403 377 377 377 377 379 379 379 379 379 379 403 403 329 329 378 378 379 379 377 377 379 379 329 329 379 379 376 376 403 403 424 424 423 423 403 403 329 329 335 335 335 335 403 403 335 335 403 403 329 329 403 403 379 379 403 403 376 376 403 403 379 379 379 379 335 335 

M = 136:
136 136 136 136 136 136 136 136 136 136 136 136 136 136 121 121 

M = 243:
243 243 243 243 243 243 243 243 243 243 243 243 243 243 243 243 243 243 243 245 245 245 245 245 245 245 245 243 243 243 243 243 243 243 243 

M = 134:
134 134 134 134 134 134 134 134 134 134 134 134 134 134 134 134 134 134 134 134 134 134 134 134 135 135 135 135 135 135 135 135 135 133 133 133 133 133 133 133 133 133 135 135 135 133 133 133 

M = 241:
242 242 242 242 242 242 242 242 242 241 241 241 241 241 241 241 241 241 241 241 241 241 241 241 241 241 241 241 241 241 241 241 241 241 241 241 

M = 251:
158 158 158 250 250 250 158 158 158 158 158 158 158 158 158 158 158 158 250 250 250 250 250 250 158 158 158 158 158 158 250 250 250 158 158 158 158 158 158 204 204 251 161 161 251 251 251 251 204 204 251 251 251 251 251 251 251 251 251 251 161 161 204 204 204 204 251 251 251 251 251 251 251 251 251 251 251 251 251 251 251 251 251 251 204 204 249 249 204 204 161 161 204 204 249 249 

M = 408:
408 408 410 410 410 408 408 408 406 406 406 407 407 407 407 407 407 407 407 407 408 408 408 410 410 410 368 368 368 368 

M = 293:
293 293 293 293 293 293 293 293 293 293 293 293 293 293 293 293 293 293 293 293 293 293 293 293 293 293 293 293 293 

M = 290:
443 443 443 443 443 443 290 290 290 290 290 290 290 290 290 290 290 290 290 290 290 290 290 443 443 443 290 290 290 443 443 443 290 290 290 290 290 290 290 290 290 443 443 443 290 290 290 443 443 443 290 290 290 290 290 290 443 443 443 290 290 290 

M = 220:
220 220 220 220 220 220 220 220 220 220 220 220 220 220 220 220 220 220 220 220 220 220 220 220 220 220 220 220 220 217 217 217 217 217 217 217 217 217 217 220 220 220 220 220 219 219 219 219 171 171 171 215 215 215 171 171 171 215 215 215 171 171 171 171 171 171 214 214 190 190 222 222 190 190 214 214 214 214 214 214 214 214 214 214 214 214 190 190 168 168 188 188 214 214 190 190 169 169 214 214 190 190 214 214 188 188 214 214 214 214 222 222 188 188 190 190 214 214 214 214 

