M = 146:
146 146 146 146 146 146 146 146 146 146 146 146 146 146 146 146 146 146 146 146 146 146 146 146 146 146 146 146 146 146 146 146 146 146 146 146 146 146 146 146 146 146 146 146 146 146 146 146 146 146 146 146 146 268 268 268 268 268 268 268 268 142 142 142 142 142 142 142 142 268 268 268 268 268 268 268 268 266 266 266 266 266 266 266 266 266 266 266 266 266 266 145 145 145 145 145 145 265 265 265 265 265 265 147 147 147 147 147 147 265 265 265 265 265 265 147 147 147 147 147 147 265 265 265 265 265 265 265 265 265 265 265 265 145 145 145 145 145 145 272 272 272 272 272 272 272 272 274 274 274 274 274 274 274 274 274 274 274 274 274 274 274 274 177 177 177 177 177 177 267 267 267 177 177 177 271 271 

M = 205:
205 205 205 205 205 205 205 205 205 205 205 205 205 205 205 205 205 205 205 205 205 205 205 205 205 205 205 205 205 205 205 205 205 205 205 205 205 205 205 205 205 205 205 205 205 205 205 205 205 205 205 205 205 205 206 206 206 206 204 204 204 204 201 201 201 201 204 204 204 204 206 206 206 206 206 206 206 206 206 206 206 206 206 206 206 206 206 206 206 206 206 206 206 206 206 206 206 206 201 201 201 201 204 204 204 204 206 206 206 206 202 202 

M = 159:
159 159 159 159 159 159 159 159 159 159 159 158 158 158 158 159 159 159 159 158 158 158 158 158 158 158 158 159 159 159 159 159 159 159 159 159 159 159 159 159 159 159 159 160 160 160 160 

M = 208:
208 208 208 208 208 208 208 208 208 208 208 208 208 208 208 208 208 208 208 208 208 208 208 208 208 208 208 208 208 208 208 208 208 208 208 208 208 208 208 208 208 126 126 126 126 207 207 207 207 207 207 207 207 207 

M = 440:
440 440 440 440 440 440 440 440 440 440 440 440 440 440 440 440 440 440 440 440 440 440 440 440 440 440 440 440 440 440 440 440 440 440 440 440 440 440 440 440 440 440 440 440 440 440 440 439 439 441 441 438 438 338 338 443 443 336 336 438 438 338 338 439 439 438 438 336 336 336 336 339 339 439 439 443 443 438 438 438 438 439 439 439 439 338 338 439 439 336 336 339 339 336 336 441 441 339 339 438 438 441 441 438 438 439 439 443 443 438 438 441 441 441 441 443 443 438 438 439 439 336 336 336 336 443 443 439 439 336 336 438 438 441 441 439 439 438 438 438 438 438 438 439 439 443 443 336 336 439 439 336 336 441 441 336 336 438 438 441 441 439 439 339 339 336 336 438 438 

M = 163:
164 164 164 164 164 164 164 162 162 162 162 162 162 162 162 162 162 163 163 163 163 163 163 163 163 163 163 163 163 163 

M = 261:
262 262 262 262 263 263 263 263 263 263 263 263 263 263 263 263 261 261 261 261 261 261 261 261 261 261 261 261 261 261 261 261 261 261 261 261 261 261 261 261 261 261 261 261 261 261 261 261 261 261 261 261 261 261 261 261 261 261 261 261 261 261 261 259 259 259 259 259 259 259 259 259 259 259 259 232 232 259 259 232 232 229 229 259 259 259 259 259 259 259 259 259 259 259 259 259 259 259 259 232 232 259 259 232 232 

M = 226:
226 226 226 226 226 226 226 226 226 226 226 226 226 226 226 226 226 226 226 226 226 226 226 226 226 226 226 226 226 226 226 226 226 226 226 226 226 226 226 226 226 226 226 226 226 226 226 226 226 226 226 226 226 226 226 226 226 226 226 226 226 226 226 226 226 226 226 226 226 226 226 226 226 226 182 182 182 182 182 182 182 182 182 182 182 182 182 182 182 182 182 182 182 182 182 182 182 182 182 182 182 182 182 182 182 182 182 182 182 182 182 182 182 182 182 182 182 182 182 182 182 182 182 182 182 182 182 182 182 182 182 182 182 182 182 182 182 182 182 182 182 182 182 182 182 182 224 224 224 224 224 224 224 224 224 224 224 224 224 224 224 224 224 224 224 224 224 224 224 224 224 224 224 224 224 224 224 224 224 224 224 224 224 224 224 224 224 224 224 224 224 228 228 228 228 228 228 228 228 

M = 219:
217 217 217 217 217 217 217 219 219 219 219 219 219 219 219 219 219 219 219 219 219 219 219 219 219 219 219 219 219 219 219 219 219 219 219 219 219 219 219 219 219 219 219 219 219 219 219 219 190 190 190 190 190 190 190 190 190 190 216 216 216 220 220 220 220 220 220 171 171 171 171 215 215 215 215 215 215 215 215 171 171 215 215 215 215 215 215 215 215 215 215 215 215 215 215 215 215 171 171 215 215 

M = 313:
305 305 305 305 305 305 305 306 306 306 306 306 303 303 303 303 303 303 303 303 303 303 303 303 303 303 303 303 303 303 303 303 303 303 303 303 303 303 303 303 308 308 308 308 303 303 303 303 303 303 303 303 307 307 307 307 307 307 307 307 307 307 307 307 318 318 316 316 316 316 315 315 318 318 312 312 315 315 312 312 317 317 313 312 312 317 317 313 313 400 400 315 315 313 313 315 315 315 315 313 313 400 400 318 318 316 316 400 400 315 315 313 313 316 316 315 315 313 313 313 313 318 318 312 312 313 313 315 315 315 315 313 313 

M = 180:
180 180 180 180 180 180 180 180 180 180 180 180 180 180 180 180 180 180 180 180 180 180 180 180 180 180 180 180 180 180 180 180 180 180 180 180 180 180 180 178 178 178 178 178 178 178 178 178 178 178 178 178 178 178 178 178 178 178 178 178 178 178 178 178 178 178 178 178 178 178 178 178 178 178 

M = 123:
119 119 119 119 119 119 119 119 119 119 119 119 119 119 119 119 119 119 119 119 119 119 119 119 119 119 119 119 119 119 119 119 122 122 122 122 122 122 122 122 122 122 122 122 122 122 122 122 122 122 122 122 122 122 122 122 122 122 122 122 122 122 122 122 122 122 122 122 122 122 122 122 122 122 122 122 122 122 122 122 122 122 122 122 122 122 122 122 122 122 122 122 122 122 122 122 122 122 122 122 122 122 122 122 123 123 123 127 127 127 127 127 127 127 127 123 123 123 123 123 123 123 123 123 123 123 123 127 127 127 127 127 127 127 127 123 123 123 123 123 123 123 123 123 123 123 123 123 123 123 123 127 127 127 127 127 127 127 127 127 127 127 127 123 123 123 123 123 123 123 123 123 123 123 123 123 123 123 123 123 123 123 123 123 123 123 123 123 123 123 123 123 123 123 123 132 132 132 124 124 124 124 124 124 124 124 124 124 124 124 132 132 132 132 132 132 132 132 132 132 132 132 132 132 132 210 210 210 210 210 210 210 210 210 210 212 212 210 210 210 210 210 210 210 210 210 210 212 212 210 210 210 210 210 210 210 210 210 210 210 210 210 210 210 210 212 212 210 210 

M = 136:
141 141 141 141 141 141 141 140 140 140 140 140 140 140 140 140 140 140 140 140 140 140 134 134 136 136 136 136 136 134 134 136 136 136 136 136 136 134 134 134 134 136 136 134 134 136 136 136 136 134 134 136 136 136 136 136 136 134 134 136 136 136 136 136 136 134 134 136 136 136 136 136 136 134 134 135 135 

M = 242:
242 242 242 242 242 242 242 242 242 242 242 242 242 242 242 242 242 242 242 242 242 242 242 242 242 242 242 242 242 242 242 242 242 242 242 242 242 242 242 242 242 242 242 242 242 242 242 242 242 242 242 242 242 242 242 245 245 245 245 245 245 244 244 244 245 245 245 244 244 244 245 245 245 244 244 244 245 245 245 245 245 245 245 245 245 245 245 245 245 245 245 245 245 245 

M = 194:
240 240 240 240 240 240 240 240 240 240 240 240 240 240 240 240 240 240 240 240 240 240 240 240 240 194 194 194 194 194 194 194 194 194 194 194 194 194 194 194 194 194 194 194 194 194 194 194 194 194 194 194 194 194 194 194 194 194 194 194 194 194 194 194 194 194 194 194 194 194 194 194 194 194 194 194 194 194 194 194 197 197 197 193 193 193 193 193 193 197 197 197 193 193 193 193 193 193 193 193 193 197 197 197 197 197 197 128 128 192 192 128 128 128 128 128 128 128 128 192 192 128 128 

M = 165:
165 165 165 165 165 165 165 165 165 165 165 165 165 165 165 165 165 165 165 165 165 165 165 165 165 165 165 165 165 165 165 165 165 165 165 165 165 165 165 165 165 165 165 165 165 165 165 165 165 165 165 165 165 165 165 165 165 165 165 165 165 165 165 165 165 165 165 165 165 165 165 165 165 165 165 165 165 165 165 165 165 165 165 165 165 165 165 165 165 165 165 165 165 165 165 168 168 168 168 168 168 167 167 167 167 167 167 167 167 167 167 167 167 167 167 167 167 167 167 167 167 167 167 167 167 167 167 167 167 167 167 167 167 167 167 167 167 167 167 167 167 167 167 167 167 167 167 167 167 

M = 251:
250 250 250 250 250 250 250 250 250 250 250 250 250 250 250 250 248 248 248 248 250 250 250 250 250 250 250 250 248 248 248 248 250 250 250 250 250 250 250 250 251 251 249 249 249 251 251 251 249 249 249 251 251 251 251 251 251 251 251 251 249 249 249 249 249 249 249 249 249 249 249 249 251 251 251 251 251 251 251 251 251 251 251 251 251 251 251 249 249 249 249 249 249 251 251 251 251 251 251 249 249 249 249 249 249 249 249 249 249 249 249 249 249 249 249 249 249 235 235 235 235 237 237 235 235 237 237 235 235 235 235 235 235 235 235 235 235 235 235 235 235 235 235 235 235 235 235 237 237 235 235 237 237 235 235 235 235 235 235 235 235 235 235 237 237 237 237 

M = 293:
300 300 300 300 300 300 300 300 300 300 300 300 301 301 301 301 301 301 301 301 301 301 301 301 301 301 301 293 293 293 293 293 293 293 296 296 296 296 293 293 293 293 293 293 293 293 293 293 293 293 293 293 293 293 293 293 293 293 293 293 293 293 293 293 293 293 293 293 293 293 293 293 293 293 293 293 293 293 296 296 296 296 284 284 284 281 281 281 290 290 290 284 284 284 299 299 299 299 299 299 284 284 284 281 281 281 281 281 281 299 299 299 290 290 290 281 281 281 290 290 290 284 284 284 299 299 299 281 281 281 282 282 286 286 282 282 282 282 291 291 282 282 289 289 286 286 291 291 291 291 282 282 282 282 282 282 289 289 282 282 282 282 282 282 291 291 283 283 283 283 291 291 291 291 282 282 291 291 283 283 283 283 282 282 282 282 289 289 282 282 283 283 286 286 282 282 

M = 359:
359 359 359 359 359 359 359 359 359 359 359 359 359 359 359 359 359 359 359 359 359 359 359 359 359 359 359 359 359 359 359 359 359 359 359 362 362 362 362 361 361 341 341 341 341 340 340 343 343 340 340 341 341 341 341 343 343 341 341 341 341 341 341 340 340 341 341 361 361 341 341 341 341 340 340 

M = 358:
356 356 356 356 356 356 356 356 356 356 356 356 356 356 356 356 358 358 358 358 358 358 358 358 358 358 358 358 358 358 454 454 454 454 454 454 454 454 454 454 454 454 454 454 454 454 454 454 454 454 454 454 454 454 454 454 

