M = 146:
268 268 268 268 268 268 268 268 268 268 147 147 147 147 146 146 146 147 147 147 147 146 146 146 146 147 147 147 147 147 147 147 147 146 146 146 146 146 146 146 146 147 147 147 147 147 147 147 147 146 146 146 146 146 146 146 146 146 146 146 146 146 146 146 146 146 146 146 146 146 146 146 146 146 146 146 146 147 147 147 147 146 146 146 146 146 146 146 146 147 147 147 147 147 147 147 147 144 144 144 144 144 144 267 267 267 144 144 144 267 267 267 144 144 144 145 145 145 142 142 142 142 

M = 379:
379 379 379 379 379 379 379 379 379 379 379 379 379 379 379 379 379 379 379 379 379 379 379 379 379 379 379 379 379 379 379 379 379 379 379 379 379 379 419 419 342 342 421 421 419 419 419 419 421 421 342 342 421 421 419 419 342 342 419 419 342 342 421 421 342 342 342 342 421 421 419 419 419 419 342 342 419 419 342 342 419 419 419 419 342 342 419 419 419 419 

M = 319:
326 326 323 323 323 323 316 316 323 323 316 316 319 319 319 319 319 319 319 326 326 316 316 319 319 319 319 327 327 320 320 316 316 319 319 327 327 319 319 316 316 319 319 316 316 319 319 319 319 319 319 319 319 320 320 

M = 259:
261 261 261 261 261 261 261 261 261 261 261 261 229 229 229 229 229 229 229 229 229 229 229 229 229 229 229 259 259 259 259 259 259 259 259 259 259 259 259 259 259 259 259 259 259 259 259 259 259 259 259 259 259 259 259 259 259 259 258 258 258 258 258 258 258 258 258 258 258 258 258 258 258 258 258 258 258 258 258 258 258 258 258 258 258 258 258 258 258 258 258 258 258 258 258 258 258 258 258 258 233 233 233 233 204 204 204 204 204 204 204 204 203 203 203 203 204 204 204 204 204 204 204 204 

M = 242:
242 242 242 242 242 242 242 242 242 242 242 242 242 

M = 122:
124 124 124 124 124 124 124 124 124 124 124 124 124 124 123 123 123 123 123 123 123 123 123 123 123 123 123 123 123 123 123 123 123 123 123 123 123 123 123 123 123 123 123 123 123 123 123 123 123 123 123 123 123 123 123 123 122 122 122 122 122 122 122 122 122 122 122 122 122 122 122 122 122 122 122 122 122 122 122 122 122 122 122 122 122 122 122 122 122 122 122 122 122 122 122 122 122 122 122 119 119 119 119 122 122 122 122 122 122 122 122 122 122 122 122 

M = 354:
359 359 359 356 356 356 359 359 359 357 357 357 357 357 357 359 359 359 357 357 357 356 356 356 356 356 356 359 359 359 357 357 357 359 359 359 360 360 360 356 356 356 359 359 359 356 356 356 356 356 356 359 359 359 359 359 359 362 362 362 362 354 354 354 362 362 354 354 362 362 362 362 362 362 354 354 362 362 362 362 354 354 362 362 354 354 

M = 130:
193 193 193 193 193 193 193 193 193 193 193 193 219 219 219 219 219 218 218 218 218 218 219 219 219 219 219 219 219 219 219 219 218 218 218 218 218 219 219 219 219 219 130 130 130 130 130 130 130 130 130 130 130 130 130 130 130 130 130 130 130 130 130 130 130 130 130 130 130 130 130 130 130 130 130 130 130 130 130 130 130 130 130 130 130 130 130 130 130 130 130 130 130 130 130 130 130 130 130 130 130 130 130 130 130 130 130 130 130 130 130 130 130 190 190 190 190 190 190 190 190 190 194 194 194 194 194 194 194 194 194 194 194 194 194 194 194 190 190 190 194 194 194 194 194 194 190 190 190 194 194 194 

M = 413:
411 411 411 408 408 408 411 411 411 408 408 408 387 387 387 408 408 408 408 408 408 410 410 410 412 412 412 408 408 408 410 410 410 408 408 408 387 387 387 408 408 408 408 408 408 413 413 413 413 413 385 385 413 413 385 385 385 385 413 413 413 413 413 413 413 413 413 413 413 413 413 413 413 413 413 413 

M = 346:
347 347 347 347 347 347 347 347 347 347 347 347 347 347 347 347 347 347 347 347 345 345 345 372 372 372 372 346 372 372 346 346 346 346 372 372 346 346 346 346 372 372 346 346 346 346 346 346 346 346 346 346 346 346 372 372 346 346 372 372 372 372 346 346 372 372 346 346 346 346 

M = 273:
283 283 283 276 276 276 283 283 283 273 273 273 272 272 272 272 273 273 272 272 273 273 269 269 273 273 273 273 272 272 273 273 273 273 272 272 272 272 273 273 273 273 273 273 272 272 273 273 269 269 273 273 273 273 

M = 403:
336 336 403 336 336 403 403 338 338 336 336 403 403 403 403 403 403 336 336 403 403 331 331 403 403 336 336 336 336 403 403 403 403 403 403 336 336 403 403 336 336 403 403 403 403 403 403 336 336 403 403 336 336 403 403 336 336 

M = 239:
248 248 248 248 248 248 248 248 248 248 248 248 250 250 250 250 250 197 197 197 197 197 237 237 237 237 237 197 197 197 197 197 250 250 250 250 250 250 250 250 250 250 197 197 197 197 197 197 197 197 197 197 196 196 196 251 251 251 196 196 196 196 196 196 196 196 196 196 196 196 251 251 251 196 196 196 251 251 251 196 196 196 196 196 196 196 196 196 251 251 251 196 196 196 196 196 196 196 196 196 251 251 251 251 251 251 251 251 251 196 196 196 196 196 196 196 196 196 251 251 251 251 251 251 196 196 196 196 196 196 249 249 240 240 239 249 249 249 249 249 249 239 239 249 249 249 249 249 249 249 249 249 249 249 249 240 240 240 240 249 249 249 249 

M = 135:
135 135 135 135 135 135 135 135 135 135 135 135 135 135 135 135 135 135 135 135 135 135 135 135 135 135 135 135 135 135 135 135 135 135 135 135 135 135 135 135 135 

M = 178:
180 180 180 180 180 180 180 180 180 180 180 180 180 180 265 265 265 265 265 265 265 265 265 265 265 265 265 265 265 265 265 265 178 178 178 178 178 178 178 178 178 178 178 178 178 178 178 178 178 178 178 263 263 263 263 263 178 178 178 178 178 178 178 178 178 178 178 178 178 178 178 178 178 178 178 178 179 179 179 179 179 179 179 179 179 179 179 179 179 179 179 179 179 179 179 179 179 179 179 179 179 179 179 179 182 182 182 182 182 182 182 182 182 182 182 182 182 182 182 182 182 182 182 182 182 182 182 182 182 182 182 182 182 182 182 182 182 182 182 182 182 182 182 

M = 164:
164 164 164 164 164 164 164 164 164 164 164 164 164 164 164 164 164 164 164 164 164 164 164 164 164 164 164 164 164 165 165 165 165 165 165 165 165 165 165 159 159 159 159 159 159 159 159 162 162 162 162 162 162 162 162 162 162 162 162 162 162 162 167 167 167 167 167 167 167 167 167 167 167 167 167 167 167 167 167 167 167 167 167 167 167 167 

M = 370:
370 370 370 370 370 370 370 370 370 370 370 370 370 370 370 370 370 370 370 370 370 370 370 370 370 370 370 370 370 370 370 370 370 370 370 370 370 370 370 370 370 370 370 370 370 370 370 349 349 349 349 349 349 349 349 349 349 349 349 349 349 349 349 349 349 349 349 349 349 349 349 349 349 349 349 349 349 349 349 349 349 349 349 351 351 451 451 348 348 451 451 351 351 348 348 351 351 351 351 348 348 351 351 451 451 351 351 451 451 

M = 127:
126 126 126 126 126 126 126 126 127 127 127 127 127 127 127 127 127 127 127 127 127 127 127 127 127 127 127 127 127 127 127 127 127 127 127 127 127 127 127 127 127 127 127 127 127 127 127 127 127 127 127 127 127 127 127 127 127 127 127 127 127 127 127 127 127 127 127 127 127 127 206 206 206 206 206 206 205 205 205 205 

M = 398:
398 399 399 398 398 398 398 398 398 398 398 398 398 398 398 398 398 398 398 399 399 

M = 136:
136 136 136 136 136 136 136 136 136 136 136 136 136 136 136 136 136 136 136 136 136 136 136 136 136 136 136 136 136 136 136 136 136 136 136 136 136 136 136 136 136 136 136 136 136 136 136 136 136 136 136 136 136 136 136 139 139 139 139 139 139 139 139 139 139 139 139 139 139 139 139 139 139 139 139 139 139 139 139 139 139 139 139 139 139 139 139 139 139 139 139 139 139 139 139 139 139 139 139 139 139 139 139 139 139 139 139 

