M = 142:
142 142 142 142 142 142 142 142 142 142 142 142 142 142 142 142 142 142 142 142 142 142 142 142 142 142 142 142 142 142 142 142 142 142 142 142 142 142 142 142 142 142 142 142 

M = 140:
140 140 140 140 140 140 140 140 140 140 140 140 140 140 140 140 140 140 140 140 140 140 140 140 140 140 140 140 140 140 140 140 140 140 140 140 140 140 140 140 140 139 139 139 139 213 213 213 213 213 213 216 216 216 213 213 213 216 216 216 

M = 159:
250 250 159 159 159 159 159 159 159 159 159 159 159 159 159 159 159 159 159 250 250 250 250 

M = 208:
208 208 208 208 208 208 208 208 208 208 208 208 208 208 208 208 208 208 208 208 208 208 208 208 208 208 208 208 208 208 208 208 208 208 208 208 208 208 208 208 208 208 208 208 224 224 206 206 206 206 224 224 206 206 205 205 206 206 224 224 224 224 205 205 224 224 224 224 224 224 206 206 224 224 206 206 206 206 224 224 205 205 224 224 224 224 205 205 206 206 205 205 206 206 205 205 126 126 207 207 224 224 206 206 224 224 126 126 206 206 206 206 205 205 224 224 224 224 206 206 224 224 

M = 301:
301 301 301 301 301 301 301 301 301 301 301 301 301 300 300 300 300 300 300 300 300 300 300 300 300 300 300 301 301 301 301 301 301 301 301 301 301 301 301 301 301 301 301 301 301 301 301 301 301 301 301 301 301 301 301 301 301 301 301 301 301 301 301 301 301 301 301 301 301 301 301 301 301 301 301 301 300 300 300 300 300 300 300 301 301 301 301 301 301 301 301 301 301 301 301 301 301 301 301 301 301 301 301 301 301 301 301 301 301 301 301 302 302 302 302 302 302 302 302 302 302 302 302 302 302 302 302 302 302 

M = 196:
194 194 194 194 194 194 194 194 194 194 194 194 194 194 194 194 194 194 194 194 194 194 194 194 194 194 194 194 194 194 194 194 194 194 194 194 194 194 194 194 194 194 194 194 194 194 194 194 194 194 194 194 194 194 194 194 248 248 248 248 248 248 248 248 248 248 248 248 248 248 248 248 248 248 248 248 196 197 197 127 127 197 197 239 239 127 127 197 197 196 196 196 196 127 127 196 196 127 127 196 196 127 127 196 196 239 239 197 197 196 196 196 196 239 239 127 127 197 197 197 197 196 196 197 197 127 127 197 197 196 196 196 196 196 196 196 196 196 196 197 197 197 197 197 197 196 196 196 196 197 197 197 197 

M = 305:
303 303 303 303 303 303 303 303 303 303 303 303 303 303 303 303 303 303 303 303 303 303 303 303 303 303 303 303 303 303 303 303 303 303 303 303 303 303 303 303 303 303 305 305 305 305 305 305 305 305 305 305 305 305 305 305 305 305 305 305 305 305 305 305 305 305 305 305 305 305 305 305 305 305 305 305 305 305 305 305 305 305 305 305 305 305 305 305 305 305 305 305 305 305 305 305 305 305 305 305 305 305 305 305 305 305 305 305 305 

M = 284:
281 281 281 281 281 281 281 281 281 281 281 281 281 281 281 281 281 281 281 281 281 281 281 281 281 281 281 281 281 281 281 281 281 281 281 281 281 281 281 281 280 280 280 280 284 284 284 284 284 284 284 284 284 284 284 284 284 284 284 284 284 284 284 284 284 284 284 280 280 280 280 284 284 284 284 284 284 284 284 284 284 284 284 280 280 280 280 280 280 280 280 284 284 284 284 284 284 284 284 284 284 284 284 284 284 284 284 284 284 284 284 280 280 280 280 284 284 284 284 284 284 284 284 284 284 284 284 284 284 284 284 280 280 280 280 356 356 356 356 356 356 285 285 285 285 358 358 285 285 285 285 358 358 285 285 358 358 285 285 285 285 358 358 285 285 285 285 285 285 285 285 365 365 

M = 245:
242 242 242 242 242 242 242 242 242 242 242 242 242 242 242 242 242 242 242 242 242 242 242 242 242 242 242 242 242 242 242 242 242 242 242 242 242 242 242 242 245 245 245 245 245 245 245 245 245 245 245 245 245 245 245 245 245 245 245 245 245 245 245 245 245 245 245 245 245 245 245 245 245 245 245 245 245 245 245 245 245 245 245 245 245 245 245 245 245 245 245 244 244 244 244 244 244 244 244 244 244 

M = 183:
181 181 181 181 181 181 181 181 181 181 182 182 182 182 182 182 182 182 182 182 182 182 182 182 182 182 182 182 182 182 182 182 182 182 182 182 182 186 186 259 259 183 259 259 259 259 226 226 261 261 259 259 186 186 229 229 226 226 226 226 232 232 186 186 259 259 229 229 232 232 259 259 232 232 230 230 186 186 226 226 259 259 232 232 232 232 228 228 232 232 261 261 226 226 186 186 261 261 259 259 232 232 226 226 261 261 226 226 226 226 261 261 183 183 261 261 261 261 226 226 261 261 259 259 183 183 226 226 259 259 183 183 226 226 261 261 259 259 232 232 259 259 261 261 261 261 226 226 261 261 226 226 232 232 186 186 232 232 232 232 232 232 232 232 261 261 261 261 226 226 226 226 

M = 122:
120 120 120 120 120 120 120 120 120 120 120 120 120 120 120 120 120 120 120 120 120 120 120 120 120 120 120 120 120 120 119 119 119 119 119 122 122 122 122 122 122 122 122 122 122 122 122 122 122 122 122 122 122 122 122 122 122 122 122 122 122 122 122 122 122 122 122 122 122 122 122 122 122 122 122 122 122 122 122 122 122 122 122 122 122 122 122 122 122 122 123 123 123 123 123 123 123 123 123 123 123 123 123 123 123 123 123 123 123 123 123 123 123 123 123 123 123 123 123 123 123 123 123 123 123 123 123 123 123 123 123 123 210 210 210 210 210 210 210 210 124 124 124 124 124 124 212 212 212 212 124 124 212 212 124 124 210 210 212 212 212 212 124 124 212 212 212 212 210 210 212 212 124 124 212 212 210 210 210 210 124 124 210 210 210 210 212 212 210 210 210 210 210 210 

M = 274:
274 274 274 274 274 274 274 274 274 274 274 274 274 274 274 274 274 274 274 274 274 274 274 274 274 274 274 274 274 274 274 274 274 274 274 274 274 274 274 274 274 274 274 274 274 274 274 274 274 274 274 274 274 274 274 274 274 274 274 274 274 274 274 274 274 274 274 274 274 274 274 274 274 274 274 274 274 272 272 272 272 272 272 272 272 272 272 272 272 272 272 272 275 275 275 277 277 277 275 275 275 277 277 277 277 277 277 278 278 278 275 275 275 277 277 277 275 275 275 275 275 275 277 277 277 277 277 277 277 277 277 277 277 277 275 275 275 277 277 277 277 277 277 277 277 277 277 277 277 277 277 277 273 273 273 273 273 273 273 273 273 273 273 273 273 273 273 273 273 273 273 273 273 273 273 273 273 273 273 273 273 273 

M = 136:
136 136 136 136 136 136 136 136 136 136 136 138 138 138 138 136 136 136 136 136 136 136 136 136 136 136 136 136 136 136 136 136 136 136 136 136 136 136 136 136 136 136 136 138 138 138 138 136 136 136 136 138 138 138 138 136 136 136 136 136 136 136 136 136 136 136 136 136 136 136 136 136 136 136 136 135 135 135 135 135 135 

M = 178:
145 145 145 145 145 145 145 145 180 180 180 180 180 180 180 180 180 180 180 180 178 178 178 178 178 178 178 178 178 178 178 178 178 178 148 148 148 148 148 178 178 178 178 178 178 178 178 178 178 178 178 178 178 178 178 178 178 178 178 178 178 178 178 178 178 178 178 178 178 178 178 178 178 178 178 178 178 178 178 178 178 178 178 178 178 178 178 178 178 178 178 178 178 178 148 148 148 148 148 148 148 148 148 148 177 177 177 177 177 177 177 177 177 177 177 177 177 177 177 177 177 177 177 177 177 177 177 177 177 177 177 177 177 177 177 177 177 177 177 177 177 177 177 177 177 177 177 177 177 177 177 177 262 262 262 262 262 262 262 262 262 262 262 262 263 263 

M = 267:
146 146 146 146 146 146 146 146 146 146 146 146 146 146 146 146 146 146 146 146 146 146 268 268 268 268 268 268 268 268 268 268 267 267 267 267 267 267 267 267 267 267 267 267 267 267 267 267 267 267 267 267 267 267 267 267 267 267 267 267 267 267 267 267 267 267 267 267 267 267 267 267 267 267 267 267 267 267 267 267 267 267 267 267 267 267 267 267 267 267 267 267 267 267 267 267 267 267 267 267 267 267 267 267 267 267 267 267 267 267 267 265 265 265 265 265 265 265 265 265 265 265 265 265 265 265 265 265 265 265 265 

M = 167:
167 167 167 167 167 167 167 167 167 167 167 167 167 167 167 167 167 167 167 167 167 167 167 167 167 167 167 167 167 167 167 167 167 167 167 167 167 167 167 167 167 167 167 167 167 167 167 167 167 167 167 167 167 167 167 167 167 167 167 167 167 167 167 167 167 167 167 167 167 167 167 167 167 167 162 162 162 162 162 162 

M = 297:
297 297 297 297 297 297 297 297 297 297 297 297 297 297 297 297 297 297 297 297 297 297 297 297 297 297 297 297 297 297 297 297 297 297 297 297 297 297 297 297 297 297 297 297 297 297 297 297 297 297 297 297 297 297 297 297 297 297 297 297 297 297 297 297 297 297 297 297 297 297 297 297 297 297 297 297 297 297 297 297 297 297 297 297 297 297 297 297 297 293 293 293 299 299 299 293 293 293 299 299 299 299 299 299 293 293 293 293 293 293 299 299 299 293 293 293 293 293 293 293 293 293 293 293 293 299 299 299 293 293 293 293 293 293 293 293 293 299 299 299 299 299 299 293 293 293 293 293 293 293 293 293 293 293 293 440 440 440 440 440 440 440 440 440 440 440 440 440 440 440 440 440 440 440 440 440 440 440 440 440 440 440 440 440 440 

M = 172:
172 172 172 172 172 172 172 172 172 172 172 172 172 172 172 172 172 172 172 172 172 172 172 172 172 172 172 172 172 172 172 172 172 172 172 172 172 172 172 172 172 172 172 172 172 172 172 172 172 172 172 172 172 172 172 172 172 172 172 172 172 172 172 172 150 150 150 150 150 150 150 150 150 150 150 150 150 150 150 150 150 150 150 150 150 150 150 150 175 175 175 175 175 175 152 152 175 175 152 152 175 175 175 175 175 175 152 152 175 175 152 152 175 175 175 175 175 175 175 175 152 152 175 175 175 175 175 175 175 175 

M = 165:
165 165 165 165 165 165 165 165 165 165 165 165 165 165 165 165 165 165 165 165 165 165 165 165 165 165 165 165 165 165 165 165 165 165 165 165 165 165 165 165 165 165 165 165 165 165 165 165 165 165 165 165 165 165 165 165 165 165 165 165 165 165 165 165 165 165 165 165 165 165 165 165 165 165 165 165 165 165 165 165 165 165 165 165 165 165 165 165 165 164 164 164 164 164 164 164 164 164 164 164 164 164 164 164 164 163 163 163 163 163 163 163 163 163 163 163 163 163 163 163 163 

M = 220:
218 218 218 218 218 218 218 218 218 218 218 220 220 220 220 220 220 220 220 220 220 220 220 220 220 220 220 220 220 220 220 220 220 220 220 220 220 220 220 220 220 220 220 220 220 220 220 220 220 220 220 220 190 190 190 190 190 190 215 215 215 215 215 215 215 215 215 215 215 215 219 219 219 219 219 219 220 220 220 220 220 220 220 220 220 220 220 220 220 220 220 220 220 220 190 190 190 190 190 190 220 220 220 220 220 220 220 220 220 220 220 220 219 219 219 219 219 219 215 215 215 215 215 215 215 215 215 215 215 215 220 220 220 220 220 220 220 220 220 220 220 220 220 220 220 220 220 220 191 191 191 191 191 191 222 222 188 188 222 222 222 222 222 222 222 222 222 222 222 222 222 222 222 222 222 222 222 222 222 222 222 222 222 222 222 222 222 222 222 222 

