M = 146:
147 147 147 147 147 268 268 268 146 146 146 146 146 146 146 146 269 269 269 268 268 268 146 146 146 146 146 146 269 269 269 146 146 146 268 268 268 146 146 146 146 146 146 146 146 146 146 146 146 144 144 267 267 267 267 267 267 267 267 142 142 267 267 267 267 144 144 267 267 144 144 

M = 201:
204 204 204 204 205 205 205 205 205 205 205 205 204 204 204 204 205 205 205 205 204 204 204 204 204 204 204 204 201 201 206 206 206 201 201 201 201 201 201 201 201 201 201 201 201 201 201 201 201 201 201 201 201 201 201 201 201 206 206 206 201 201 201 201 201 201 201 201 201 235 235 

M = 199:
199 199 237 237 237 199 199 199 199 199 199 199 199 199 199 199 199 199 199 199 

M = 285:
316 316 316 316 284 284 284 283 283 283 312 312 312 284 284 284 284 284 284 284 284 284 312 312 312 284 284 284 284 284 284 312 312 312 284 284 284 312 312 312 286 286 285 297 297 297 297 288 288 285 285 297 297 285 285 297 297 297 297 297 297 313 313 285 285 297 297 297 297 285 285 288 288 297 297 297 297 285 285 297 297 285 285 276 276 279 279 297 297 285 285 285 285 285 285 288 288 285 285 297 297 

M = 440:
439 439 437 437 435 435 440 439 439 439 439 439 439 439 439 439 439 439 439 440 440 439 439 440 440 437 437 440 440 440 440 437 437 439 439 439 439 440 440 440 440 440 440 438 438 440 440 439 439 437 437 440 440 437 437 435 435 440 440 439 439 440 440 440 440 439 439 440 440 437 437 435 435 439 439 440 440 440 440 440 440 440 440 438 438 

M = 193:
244 244 244 244 244 244 244 244 242 242 242 242 242 242 242 242 242 242 242 242 242 242 245 245 245 245 245 245 245 242 242 242 242 242 242 242 242 242 242 242 242 242 242 242 242 242 242 242 242 242 193 193 193 193 193 193 193 193 193 193 193 193 193 193 193 193 193 193 193 193 193 193 193 193 193 193 193 193 193 193 193 193 193 193 193 193 193 193 193 193 193 193 193 193 193 193 193 193 193 193 193 193 193 193 193 193 193 193 193 193 193 193 193 193 193 193 193 193 193 193 193 191 191 191 191 191 194 194 194 194 194 194 194 194 194 194 194 194 194 194 194 194 194 194 194 194 194 194 194 194 194 194 194 194 194 194 194 194 136 136 136 136 136 136 136 136 136 136 136 136 136 136 136 130 130 140 140 130 130 130 130 140 140 140 140 130 130 140 140 130 130 130 130 130 130 140 140 130 130 130 130 130 130 140 140 130 130 140 140 140 140 130 130 140 140 130 130 140 140 

M = 120:
120 120 120 120 120 121 121 121 121 121 121 120 120 120 120 120 120 119 119 137 137 119 119 119 119 119 119 141 141 

M = 406:
339 339 339 339 339 339 410 410 406 406 406 406 406 410 410 406 406 406 406 410 410 410 410 410 410 406 406 410 410 406 406 410 410 410 410 406 406 410 410 406 406 410 410 406 406 410 410 410 410 406 406 410 410 

M = 261:
229 229 229 229 229 229 229 229 229 229 229 229 229 229 229 229 229 229 229 229 229 229 229 229 229 229 229 229 229 229 229 229 259 259 259 258 258 258 259 259 259 262 262 262 258 258 258 261 261 261 261 261 258 258 258 261 261 261 262 262 262 261 261 261 258 258 258 261 261 261 261 261 261 259 259 259 262 262 262 258 258 258 262 262 262 259 259 259 262 262 262 261 261 261 262 262 262 261 261 261 258 258 258 261 261 261 261 261 261 262 262 262 261 261 261 261 261 261 259 259 259 259 259 259 261 261 261 258 258 258 263 263 228 228 263 263 232 232 263 263 263 263 

M = 171:
190 190 190 190 190 190 190 190 190 190 171 171 171 171 171 171 171 171 171 171 171 171 171 171 171 171 171 171 171 

M = 401:
324 324 324 398 398 398 399 399 399 400 400 400 327 327 327 399 399 399 331 331 331 400 400 400 398 398 398 398 398 398 398 398 398 324 324 324 400 400 400 400 400 400 331 331 331 331 331 331 324 324 324 400 400 400 326 326 326 400 400 400 398 398 398 400 400 400 330 330 330 398 398 398 324 324 324 399 399 399 428 428 403 403 329 329 418 418 329 329 401 403 403 418 418 401 401 403 403 329 329 329 329 401 401 403 403 428 428 329 329 428 428 403 403 329 329 418 418 418 418 418 418 418 418 329 329 401 401 428 428 428 428 403 403 401 401 401 401 428 428 401 401 329 329 428 428 329 329 418 418 401 401 428 428 401 401 401 401 418 418 428 428 401 401 428 428 401 401 403 403 401 401 401 401 428 428 329 329 403 403 

M = 178:
265 265 265 265 265 265 265 265 265 265 180 180 180 180 180 180 180 180 180 180 178 178 178 178 178 178 178 178 178 178 178 178 178 178 178 181 181 178 178 181 181 178 178 178 178 181 181 181 181 178 178 

M = 366:
364 364 364 362 362 362 362 362 362 364 364 364 362 362 362 362 362 362 362 362 362 362 362 362 362 362 362 365 365 365 362 362 362 362 362 362 362 362 362 366 366 366 366 366 366 366 366 366 366 366 366 366 366 366 387 387 366 366 366 366 387 387 366 366 387 387 366 366 366 366 366 366 387 387 366 366 366 366 387 387 

M = 370:
347 347 347 347 349 349 349 349 349 349 369 369 369 369 369 369 369 369 369 369 369 369 369 369 369 351 351 370 370 370 346 346 370 370 370 370 346 346 370 370 346 346 370 370 370 370 346 346 370 370 346 346 346 346 370 370 346 346 370 370 351 351 351 351 346 346 370 370 346 346 

M = 127:
127 127 127 127 127 126 126 126 128 128 128 126 126 126 127 127 127 127 127 127 127 127 127 127 127 127 126 126 126 126 126 126 126 126 126 126 126 126 127 127 127 126 126 126 126 126 126 127 127 127 127 127 127 127 127 127 128 128 128 126 126 126 127 127 127 128 128 128 126 126 126 126 126 126 127 127 127 135 135 135 135 135 135 135 135 135 135 135 135 135 135 135 135 

M = 251:
251 251 251 251 251 251 251 251 251 251 251 251 251 251 251 250 250 250 250 251 251 251 251 250 250 250 250 251 251 251 251 251 251 251 251 251 251 251 251 251 251 251 251 251 251 251 251 251 251 251 251 251 251 251 251 251 251 251 251 251 251 251 251 157 157 157 157 157 157 157 157 157 249 249 249 249 249 249 249 249 249 249 249 249 249 249 249 249 249 249 

M = 375:
345 345 345 377 377 377 421 421 421 379 379 379 419 419 419 419 419 419 377 377 377 344 344 344 379 379 379 344 344 344 343 343 343 421 421 421 345 345 345 343 343 343 345 345 345 377 377 377 377 377 377 379 379 379 419 419 419 375 375 375 375 375 375 375 375 375 424 424 375 375 424 424 375 375 375 375 375 375 375 375 341 341 375 375 375 375 375 375 

M = 164:
164 164 164 164 164 164 164 164 164 164 164 164 164 164 164 164 164 164 164 164 164 164 164 164 164 164 164 164 164 164 164 164 164 164 164 164 164 164 164 164 164 164 164 164 164 164 164 164 164 164 164 164 164 164 164 167 167 167 167 167 167 167 167 167 167 167 167 167 167 167 167 167 167 167 167 167 167 167 167 167 167 167 167 167 167 167 167 167 167 167 167 167 167 167 167 167 167 167 167 167 167 167 167 167 167 167 167 167 167 167 167 167 167 167 167 167 167 167 167 167 167 167 167 163 163 163 163 163 163 163 163 163 162 162 162 162 162 162 162 162 162 162 162 162 162 162 162 163 163 163 163 163 163 163 163 163 162 162 162 

M = 165:
165 165 165 165 165 165 165 165 165 165 165 165 165 165 165 165 165 165 165 165 165 165 165 165 165 165 165 165 165 165 165 165 165 165 165 165 165 165 165 

M = 358:
359 359 359 359 359 359 359 359 359 359 359 359 359 359 359 359 359 359 359 359 359 359 359 359 359 354 354 354 452 452 452 354 354 354 354 354 354 357 357 357 357 357 357 354 354 354 452 452 452 361 361 361 361 361 361 452 452 452 356 356 356 356 356 356 357 357 357 354 354 354 356 356 356 361 361 361 354 354 354 356 356 356 354 354 354 357 357 357 358 358 358 456 456 358 358 358 358 358 358 358 358 358 358 358 358 358 358 456 456 426 426 358 358 358 358 456 456 426 426 358 358 358 358 358 358 

