M = 369:
368 368 454 454 368 368 369 454 454 454 454 369 369 366 366 368 368 368 368 366 366 368 368 369 369 368 368 369 369 455 455 454 454 369 369 368 368 369 369 368 368 455 455 454 454 368 368 368 368 368 368 454 454 454 454 454 454 369 369 368 368 368 368 454 454 454 454 368 368 454 454 369 369 454 454 455 455 454 454 369 369 369 369 368 368 369 369 454 454 368 368 454 454 455 455 454 454 

M = 300:
300 300 300 300 300 300 300 297 297 297 

M = 285:
284 284 284 281 281 281 281 281 281 281 281 281 284 284 284 281 281 281 284 284 284 281 281 281 284 284 284 281 281 281 285 285 285 285 285 285 285 285 285 285 285 285 285 285 285 285 285 285 285 

M = 440:
440 440 440 440 440 440 440 440 440 440 440 440 440 440 440 440 440 440 440 440 440 440 440 440 440 440 440 440 440 440 440 440 440 440 440 440 440 440 440 440 440 440 440 440 440 440 440 440 440 440 440 440 440 440 440 440 440 440 440 440 440 440 440 440 440 440 440 440 440 440 440 440 440 440 440 440 439 439 439 439 439 439 439 439 439 439 439 439 441 441 441 441 435 435 435 435 435 435 436 436 

M = 136:
141 141 141 141 141 141 141 141 141 141 141 141 139 139 139 139 139 139 139 139 136 136 136 136 136 136 136 136 136 136 136 136 136 136 136 136 136 136 136 136 136 136 136 136 136 136 136 136 136 136 136 136 136 136 136 136 136 136 136 136 136 131 131 131 131 131 131 135 135 131 131 138 138 135 135 131 131 135 135 131 131 135 135 

M = 122:
121 121 121 121 121 121 121 122 122 122 122 122 122 122 122 122 122 122 122 122 122 122 122 122 122 122 122 122 122 122 122 122 122 122 122 122 122 122 122 122 

M = 242:
243 243 243 243 243 243 243 243 243 242 242 242 242 242 242 242 242 242 242 242 242 242 242 242 242 242 242 242 242 242 242 242 242 242 242 242 242 242 242 242 242 242 242 242 242 242 242 242 242 242 242 242 242 242 242 242 242 240 240 240 240 240 240 244 244 244 244 244 244 244 244 244 244 194 194 194 194 194 244 244 244 244 244 194 194 194 194 194 194 194 194 194 194 194 194 194 194 194 194 194 194 194 194 194 194 194 194 194 194 194 194 194 194 

M = 444:
359 359 359 359 359 359 359 359 356 356 356 356 358 358 358 358 358 358 358 358 358 358 358 358 444 444 444 444 444 444 444 444 444 444 444 444 444 444 444 444 444 444 444 444 444 444 444 444 444 444 444 444 444 444 444 444 444 444 444 444 444 444 444 444 444 444 444 444 444 444 444 444 444 444 355 355 355 355 355 355 355 355 355 355 355 355 

M = 180:
180 180 180 180 180 180 180 180 180 180 180 180 180 180 180 180 180 180 180 180 180 180 180 180 180 180 180 180 180 180 180 180 180 180 180 180 180 180 180 180 180 180 180 180 180 180 180 180 180 180 180 180 180 180 180 180 180 180 180 180 180 180 180 180 180 179 179 179 179 179 179 179 179 179 181 181 181 181 181 181 181 181 181 181 181 181 181 181 181 181 182 182 182 

M = 259:
259 259 259 259 259 259 259 259 259 259 259 259 259 259 259 259 259 259 259 259 259 259 259 259 259 259 259 259 259 259 259 259 259 259 259 259 259 259 259 259 259 259 259 259 259 259 259 259 259 259 259 259 259 

M = 390:
412 412 412 412 412 412 412 412 412 412 412 412 390 411 411 390 390 388 388 333 333 333 333 387 387 390 390 336 336 388 388 390 390 334 334 336 336 390 390 410 410 388 388 336 336 390 390 334 334 387 387 390 390 390 390 410 410 388 388 390 390 390 390 388 388 410 410 388 388 410 410 388 388 388 388 336 336 410 410 334 334 410 410 388 388 336 336 388 388 410 410 335 335 390 390 410 410 336 336 390 390 390 390 336 336 410 410 390 390 333 333 388 388 334 334 410 410 336 336 335 335 388 388 410 410 334 334 334 334 333 333 388 388 334 334 333 333 410 410 333 333 

M = 266:
265 265 265 265 265 265 265 265 265 266 266 266 266 266 266 266 266 266 266 266 266 266 266 266 266 266 266 266 266 266 266 266 266 266 266 266 266 266 266 266 266 266 266 266 266 266 266 266 266 266 266 266 266 266 266 266 266 266 266 266 266 266 266 266 266 266 266 266 266 266 266 266 266 266 266 266 266 266 266 266 146 146 146 146 146 146 146 146 146 146 146 146 146 146 146 146 146 146 146 146 146 267 267 267 267 

M = 261:
229 229 229 229 229 229 229 229 229 229 229 229 228 228 228 261 261 261 261 261 261 261 261 261 261 261 261 261 261 261 261 261 261 261 261 261 261 261 261 261 261 261 261 261 261 261 261 261 261 261 261 261 261 261 261 261 

M = 178:
178 178 178 178 178 178 178 178 178 178 178 178 178 178 178 178 178 178 178 178 178 178 178 178 178 178 178 178 178 178 178 178 178 178 178 178 178 178 178 178 178 178 178 178 178 178 178 178 178 178 178 178 178 178 183 183 183 177 177 177 177 177 177 183 183 183 177 177 177 177 177 177 183 183 183 177 177 177 183 183 183 183 183 183 177 177 177 226 226 226 226 226 226 

M = 165:
164 164 164 164 164 164 164 164 165 165 165 165 165 165 165 165 165 165 165 165 165 165 165 165 165 165 165 165 165 165 165 165 165 165 165 165 165 165 165 165 165 165 165 165 165 165 165 165 165 165 165 165 165 165 165 165 165 165 165 165 165 165 165 165 165 165 165 165 165 165 165 164 164 164 164 164 164 164 164 165 165 165 165 165 165 165 165 165 165 165 165 165 165 165 165 165 165 165 165 165 165 165 165 163 163 163 163 163 163 163 163 163 163 

M = 167:
167 167 167 167 167 167 167 162 162 162 162 167 167 167 167 167 167 167 167 167 167 167 167 167 167 167 167 162 162 162 162 167 167 167 167 172 172 154 154 172 172 154 154 154 154 172 172 154 154 172 172 154 154 172 172 154 154 

M = 119:
119 119 119 119 119 119 119 119 119 119 119 120 120 120 120 119 119 119 119 120 120 120 120 120 120 120 120 120 120 120 120 120 120 120 120 119 119 119 119 120 120 120 120 119 119 119 119 

M = 293:
293 293 296 296 296 293 293 293 293 293 293 293 293 293 293 293 293 293 293 293 296 296 296 296 296 296 293 293 293 293 293 293 296 296 296 293 293 293 293 293 293 293 293 293 296 296 296 293 293 293 293 293 293 296 296 296 296 296 296 293 293 293 296 296 296 293 293 293 296 296 296 318 318 318 318 318 318 294 294 294 294 294 294 294 294 292 292 318 318 292 292 294 294 318 318 289 289 294 294 

M = 326:
326 326 326 326 326 329 329 329 329 326 326 326 326 329 329 326 326 326 326 326 326 326 326 326 326 326 326 326 326 326 326 326 326 329 329 329 329 326 326 326 326 322 322 326 326 322 322 326 326 329 329 

M = 220:
219 219 219 219 219 219 190 190 190 190 190 190 190 190 190 190 193 193 193 193 193 190 190 190 190 190 190 190 190 190 190 190 190 190 190 190 190 190 190 190 190 215 215 220 220 220 220 220 215 215 220 220 220 220 213 213 220 220 215 215 220 220 215 215 130 130 215 215 130 130 130 130 130 130 130 130 213 213 130 130 215 215 130 130 215 215 215 215 130 130 215 215 220 220 220 220 130 130 215 215 213 213 220 220 215 215 130 130 220 220 220 220 215 215 215 215 

