M = 201:
206 206 206 206 206 201 201 229 229 229 201 201 201 204 204 204 205 205 205 201 201 201 205 205 205 205 205 205 201 201 201 205 205 205 201 201 201 205 205 205 201 201 201 201 201 201 205 205 205 205 205 205 205 205 205 205 205 205 201 201 201 201 201 201 201 201 201 201 201 201 205 205 205 201 201 201 201 201 201 204 204 204 204 204 204 201 201 201 205 205 205 205 205 205 230 230 230 230 

M = 120:
180 180 180 180 180 180 121 121 121 121 121 120 120 120 120 120 120 120 120 120 120 120 120 120 120 120 120 120 120 120 120 120 120 120 120 119 119 119 119 119 120 120 120 120 120 120 120 120 120 120 181 181 181 181 181 181 181 181 124 124 124 124 124 124 124 124 124 124 124 124 124 124 

M = 143:
144 144 144 144 144 144 142 142 142 142 142 142 142 142 142 142 143 143 143 143 143 143 143 143 143 143 143 143 143 143 143 143 143 143 143 143 143 143 143 143 143 143 

M = 140:
216 216 216 216 216 216 216 216 134 134 134 136 136 140 136 136 136 136 140 140 136 136 140 140 140 140 136 136 140 140 140 140 136 136 140 140 140 140 140 140 140 140 140 140 140 140 140 140 140 140 140 140 140 140 140 140 140 140 

M = 159:
159 159 159 159 159 159 159 159 159 159 159 159 159 159 159 159 159 159 159 159 159 159 159 159 159 159 159 159 159 159 159 159 159 159 159 159 159 159 159 159 159 159 159 159 159 159 159 159 159 159 159 159 159 159 159 161 161 161 161 161 161 161 161 161 161 160 160 160 

M = 197:
197 197 197 197 197 197 197 197 197 197 197 197 197 197 197 197 197 197 197 197 197 197 197 197 197 197 197 197 197 197 197 197 197 197 197 197 197 197 197 197 197 197 197 197 197 197 197 197 197 197 197 197 197 197 197 197 197 197 197 197 197 197 197 197 197 197 197 197 197 197 197 197 197 197 197 197 197 197 197 197 197 197 197 197 197 197 197 197 197 197 197 197 197 197 197 197 197 197 197 197 197 127 127 127 127 127 128 128 128 128 128 196 196 196 196 196 127 127 127 127 127 196 196 196 196 196 126 126 126 126 126 126 126 126 126 126 126 126 126 126 126 126 126 126 126 126 126 126 126 126 130 130 130 130 130 130 130 130 130 130 130 130 130 130 130 130 130 130 130 130 130 130 130 130 130 130 130 131 131 131 130 130 130 130 130 130 130 130 130 130 130 130 130 130 130 130 130 130 239 239 239 239 239 239 125 125 239 239 239 239 239 239 239 239 239 239 239 239 239 239 239 239 239 239 239 239 239 239 239 239 

M = 440:
439 439 439 439 439 439 439 439 440 440 440 440 440 440 440 440 440 440 440 441 441 441 440 440 440 440 440 440 

M = 149:
146 146 146 146 146 146 146 146 146 146 146 146 146 146 146 146 146 146 147 147 147 147 147 147 147 147 268 268 268 268 268 268 268 268 268 268 268 268 258 258 258 258 258 258 258 258 258 258 270 270 270 270 270 258 258 258 258 258 261 261 261 261 261 261 261 261 261 261 258 258 258 258 258 263 263 263 263 263 261 261 261 261 261 261 261 261 261 261 261 261 261 261 261 261 261 261 261 261 261 261 261 261 261 258 258 258 258 258 261 261 261 261 261 258 258 258 258 258 178 178 178 178 178 178 178 178 178 178 178 178 178 178 178 178 262 262 262 262 178 178 178 178 178 178 178 178 178 178 178 178 262 262 262 262 149 149 259 259 259 259 259 259 259 259 259 179 179 179 259 259 259 149 149 149 257 257 257 257 257 257 257 257 257 259 259 259 257 257 257 149 149 149 149 149 149 149 149 149 259 259 259 259 259 259 149 149 149 149 149 149 257 257 257 259 259 259 257 257 257 257 257 257 149 149 149 267 267 267 149 149 149 259 259 259 267 267 267 259 259 259 149 149 149 149 149 149 267 267 267 259 259 259 257 257 257 259 259 259 259 259 259 267 267 267 257 257 257 149 149 149 259 259 259 149 149 149 149 149 149 259 259 259 257 257 257 149 149 149 257 257 257 149 149 149 177 177 177 177 148 148 150 150 177 177 177 177 150 150 150 150 150 150 150 150 177 177 177 177 150 150 150 150 150 150 177 177 150 150 177 177 177 177 150 150 177 177 150 150 177 177 150 150 148 148 148 148 

M = 289:
293 293 293 289 289 443 443 443 443 443 443 293 293 293 293 293 293 289 289 289 296 296 296 296 296 296 443 443 443 318 318 318 293 293 293 443 443 443 443 443 443 293 293 293 293 293 293 293 293 293 297 297 297 293 293 293 443 443 443 443 443 443 443 443 443 321 321 300 300 321 321 329 329 325 325 321 321 321 321 325 325 299 299 329 329 299 299 321 321 299 299 329 329 329 329 299 299 325 325 299 299 321 321 299 299 299 299 299 299 299 299 300 300 325 325 329 329 321 321 329 329 321 321 300 300 

M = 346:
346 346 373 373 373 346 346 346 346 346 346 346 346 346 346 346 346 346 346 346 346 346 346 346 346 346 344 344 375 375 375 375 375 375 344 344 375 375 348 348 375 375 375 375 375 375 375 375 375 375 375 375 344 344 344 344 375 375 344 344 344 344 344 344 344 344 344 344 347 347 347 347 344 344 344 344 347 347 347 347 347 347 375 375 

M = 273:
273 273 273 273 273 272 272 272 273 273 273 272 272 272 272 272 272 273 273 273 273 273 273 273 273 273 273 273 273 273 273 273 304 304 304 272 272 272 304 304 304 273 273 273 273 273 273 273 273 273 273 273 273 273 273 273 273 273 273 273 273 273 272 272 272 273 273 273 273 273 273 304 304 304 303 303 303 303 303 303 303 303 305 305 303 303 303 303 276 276 305 305 303 303 305 305 303 303 

M = 368:
368 368 368 370 370 368 368 368 368 368 368 370 370 370 370 368 368 368 368 368 368 370 370 368 368 368 368 368 368 368 368 370 370 368 368 

M = 438:
438 438 438 438 438 438 438 438 438 438 438 438 438 438 438 438 438 438 438 438 437 437 

M = 242:
244 244 244 244 244 244 244 244 244 242 242 242 242 242 242 242 242 242 242 242 242 242 242 242 242 242 244 244 244 244 244 244 244 244 244 242 242 242 242 242 242 242 242 242 194 194 194 194 194 194 194 241 241 241 241 241 241 241 241 

M = 388:
388 334 334 387 387 387 387 411 411 411 411 334 334 334 334 334 334 387 387 411 411 388 388 388 388 387 387 388 388 411 411 334 334 388 388 388 388 388 388 334 334 388 388 334 334 

M = 165:
165 165 165 165 165 165 165 165 165 165 165 165 165 165 165 165 165 165 165 165 165 165 165 165 165 165 165 165 165 165 165 165 165 165 165 165 165 165 165 165 165 165 165 165 165 165 165 165 165 165 165 165 165 165 165 165 165 165 165 165 165 165 165 165 165 165 165 165 165 165 165 165 165 165 165 165 165 165 165 165 165 165 165 165 165 165 165 165 165 165 165 165 165 165 165 165 165 165 165 165 165 165 165 165 165 165 165 165 165 165 165 165 165 165 165 165 164 164 164 164 164 164 164 164 164 164 164 164 164 164 164 164 163 163 163 163 163 163 163 163 

M = 167:
167 167 167 167 167 167 167 167 167 167 167 167 167 167 167 167 167 167 167 167 167 167 167 167 167 167 167 167 167 167 167 167 167 167 167 167 167 167 162 162 162 162 162 162 162 162 162 162 

M = 249:
248 248 248 248 248 248 248 248 248 248 248 248 248 248 248 248 251 251 251 251 251 251 251 251 251 251 251 251 251 251 251 251 251 251 251 251 251 251 251 251 251 251 251 251 251 251 251 251 251 251 251 251 251 251 251 251 251 251 251 251 251 251 251 251 251 249 249 249 249 249 249 249 249 249 249 249 249 249 249 249 249 249 249 249 249 249 249 249 249 249 249 249 249 249 249 249 249 249 249 249 249 249 249 249 249 249 249 249 249 249 249 249 249 249 249 249 249 249 249 249 249 249 249 249 249 249 249 249 252 252 252 252 252 252 252 252 252 252 

M = 359:
362 362 362 362 362 362 362 362 362 362 362 362 362 362 362 362 455 455 455 357 357 359 450 450 425 425 450 450 359 359 357 357 357 357 452 452 425 425 425 425 357 357 359 359 359 359 357 357 425 425 357 357 359 359 450 450 359 359 359 359 359 359 357 357 359 359 453 453 452 452 450 450 359 359 

M = 220:
193 193 193 193 193 193 193 193 193 193 193 193 193 193 193 193 193 193 193 193 193 193 193 193 218 218 218 218 218 220 220 220 220 220 220 220 219 219 219 219 219 219 219 219 220 220 220 220 219 219 219 219 220 220 220 220 220 220 220 220 220 220 220 220 219 219 219 219 220 220 220 220 219 219 219 219 220 220 220 220 220 220 220 220 220 220 220 220 219 219 219 219 220 220 220 220 219 219 219 219 219 219 219 219 191 191 191 191 190 190 190 190 190 190 190 190 190 190 190 190 190 190 190 190 190 190 190 190 190 215 215 215 215 215 215 215 215 215 215 215 215 215 215 215 215 215 215 215 215 215 215 215 215 215 215 

