M = 215:
216 216 216 216 217 217 217 217 216 216 216 216 217 217 217 217 219 219 219 219 219 219 219 219 217 217 217 217 141 141 141 141 136 136 136 136 136 136 136 136 136 136 136 136 136 136 136 136 136 136 136 136 136 136 136 136 136 136 136 136 136 136 136 136 136 136 136 136 136 136 136 136 136 136 136 136 136 136 136 136 140 140 215 215 215 134 134 215 215 215 215 215 215 140 140 140 140 215 215 215 215 140 140 215 215 215 215 215 215 140 140 215 215 215 215 140 140 140 140 140 140 215 215 140 140 140 140 215 215 215 215 140 140 215 215 134 134 215 215 215 215 

M = 438:
438 438 438 438 438 438 438 438 438 438 438 438 438 438 438 438 438 438 438 437 437 437 437 437 437 437 437 437 437 437 437 

M = 324:
327 327 327 327 324 324 324 324 324 324 324 324 324 324 324 324 324 324 324 324 324 324 324 324 324 324 324 319 319 319 

M = 194:
244 244 244 244 244 244 242 242 242 242 242 242 242 242 242 242 242 242 242 242 242 242 242 242 244 244 244 244 244 244 242 242 242 242 242 242 190 190 190 190 190 190 190 190 190 190 243 243 243 243 243 194 194 194 194 190 190 190 190 190 243 243 243 243 243 194 194 194 194 194 194 194 194 194 194 194 194 194 194 194 190 190 190 190 190 190 190 190 190 190 194 194 194 194 194 190 190 190 190 190 194 194 194 194 194 190 190 190 190 190 191 191 191 191 191 194 194 194 194 194 246 246 246 193 193 193 193 193 193 193 193 193 193 193 193 193 193 193 130 130 130 130 130 130 130 130 130 130 130 130 130 130 130 130 130 130 130 130 130 130 

M = 337:
336 336 336 336 336 336 336 336 336 336 336 336 336 336 336 336 336 336 336 336 336 336 336 336 403 403 403 403 403 403 377 377 377 377 377 377 337 337 377 377 377 403 403 403 403 403 403 377 377 377 337 337 337 337 337 337 337 337 337 403 403 403 338 338 338 337 337 337 377 377 377 337 337 337 377 377 377 377 377 377 337 337 337 377 377 377 403 403 403 337 337 337 337 337 337 405 405 412 412 405 405 406 406 412 412 410 410 339 339 405 405 341 341 415 415 412 412 405 405 406 406 341 341 412 412 405 405 341 341 339 339 341 341 406 406 

M = 440:
440 440 440 440 440 440 440 440 440 440 440 440 440 440 440 440 440 440 440 440 440 440 440 440 440 440 440 440 440 440 440 440 440 440 440 440 440 440 440 440 440 440 440 440 440 440 440 439 439 439 439 439 439 439 439 439 435 435 435 435 443 443 435 435 443 443 435 435 443 443 435 435 443 443 435 435 443 443 435 435 435 435 435 435 435 435 435 435 435 435 443 443 443 443 443 443 443 443 435 435 435 435 443 443 435 435 

M = 330:
330 330 330 330 330 330 330 330 330 330 330 334 334 334 334 

M = 348:
455 455 455 345 345 345 455 455 455 345 345 345 455 455 455 421 421 421 349 349 349 349 349 349 370 370 349 349 349 349 348 370 370 347 347 370 370 424 424 348 348 348 348 347 347 347 347 347 347 370 370 424 424 370 370 348 348 370 370 348 348 370 370 347 347 347 347 451 451 370 370 349 349 347 347 451 451 347 347 451 451 349 349 348 348 

M = 400:
401 401 401 401 401 401 401 401 401 401 401 401 401 401 401 401 401 401 401 401 401 401 401 401 401 401 401 401 379 379 379 379 401 401 401 401 400 400 400 400 400 400 400 400 398 398 398 400 400 400 400 400 400 400 400 400 400 400 400 419 419 419 419 419 419 419 419 419 419 419 419 419 419 419 419 419 419 419 419 419 419 419 419 419 419 419 419 419 419 419 419 419 419 

M = 261:
229 229 229 229 229 229 229 229 229 229 261 261 261 261 261 261 261 261 261 261 261 261 261 261 261 261 261 261 261 261 261 261 261 261 261 261 261 261 261 261 261 261 261 261 261 261 261 261 261 261 261 261 261 261 261 261 261 261 261 261 261 261 261 261 261 232 232 232 259 259 259 259 258 258 259 259 258 258 259 259 259 259 259 259 259 259 258 258 231 231 259 259 259 259 258 258 258 258 258 258 259 259 259 259 259 259 233 233 259 259 259 259 258 258 231 231 231 231 259 259 259 259 258 258 

M = 354:
359 359 359 359 359 358 358 358 354 354 354 354 354 354 354 354 357 357 357 357 357 357 354 354 354 354 354 354 354 354 354 354 354 354 354 354 354 354 354 354 357 357 357 361 361 356 356 361 361 361 361 356 356 

M = 124:
120 120 120 120 121 121 121 135 135 135 121 121 121 127 127 122 122 127 127 126 126 123 123 123 123 124 124 124 127 127 124 124 127 127 127 127 124 124 127 127 126 126 123 123 126 126 124 124 124 124 126 126 127 127 124 124 126 126 127 127 126 126 122 122 127 127 124 124 126 126 123 123 127 127 123 123 126 126 124 124 124 124 124 124 126 126 127 127 123 123 124 124 

M = 265:
265 265 265 265 265 265 265 265 265 265 265 265 265 265 265 265 265 265 265 265 265 265 265 265 265 265 265 265 265 265 265 265 265 265 265 265 265 265 265 265 265 265 265 265 265 265 265 265 265 265 265 265 265 265 265 265 265 265 265 265 265 265 265 265 265 265 265 265 265 265 265 265 265 265 265 265 265 265 265 265 265 265 265 265 265 265 265 

M = 178:
180 180 180 180 180 180 180 180 180 180 180 180 180 180 180 180 180 180 180 180 180 180 180 180 180 180 180 180 180 180 180 180 180 180 180 180 180 180 180 180 180 180 178 178 178 178 178 178 178 178 178 178 178 178 178 178 178 178 178 178 178 178 178 178 178 178 178 178 178 178 178 178 178 178 178 178 178 178 178 178 178 178 178 178 178 178 178 178 178 178 178 178 178 178 178 178 177 177 177 177 177 177 

M = 267:
146 146 146 146 146 146 146 146 146 146 146 146 146 146 146 146 146 146 147 147 147 147 147 147 146 146 146 146 146 146 146 146 146 146 146 146 144 144 144 144 144 267 267 267 267 267 267 267 267 267 267 267 267 267 267 267 267 267 267 267 267 267 267 267 267 267 267 267 267 267 267 267 267 267 267 267 267 267 267 267 267 267 267 267 267 267 267 267 268 268 268 268 268 268 268 268 268 268 268 268 

M = 167:
167 167 167 167 167 167 167 167 167 167 167 167 167 167 167 167 167 167 167 167 167 167 167 167 167 167 167 167 167 167 167 167 167 167 167 167 167 167 167 167 167 167 167 167 167 167 167 167 167 167 167 167 167 167 167 167 167 167 167 161 161 161 162 162 162 162 162 162 162 162 162 162 162 162 162 162 162 162 162 162 172 172 172 172 172 172 172 172 172 172 172 172 172 172 172 172 172 172 172 172 172 172 172 172 172 172 

M = 365:
365 365 365 365 365 365 365 365 365 365 365 364 364 364 364 

M = 237:
204 204 204 204 204 204 248 248 248 237 158 158 158 158 205 205 205 205 237 237 253 253 237 237 205 205 253 253 158 158 237 237 237 237 249 249 205 205 237 237 253 253 237 237 237 237 237 237 205 205 

M = 294:
293 293 293 293 293 293 293 293 293 293 293 293 293 293 293 293 293 293 293 293 293 293 293 293 293 293 293 293 293 293 293 293 293 293 293 290 290 290 290 290 290 290 290 290 290 290 290 290 290 290 290 290 290 290 290 290 290 290 290 280 280 280 281 281 281 281 281 281 280 280 280 280 280 280 280 280 280 280 280 280 280 280 280 281 281 281 281 281 281 286 286 286 281 281 281 281 281 281 280 280 280 281 281 281 286 286 286 281 281 281 280 280 280 300 300 285 285 300 300 301 301 301 301 279 279 300 300 294 285 285 294 294 309 309 285 285 285 285 285 285 285 285 309 309 301 301 294 294 301 301 285 285 279 279 285 285 294 294 285 285 309 309 285 285 294 294 279 279 283 283 309 309 285 285 294 294 309 309 285 285 285 285 285 285 301 301 301 301 279 279 285 285 301 301 301 301 

M = 165:
165 165 165 165 165 165 165 165 165 165 165 165 165 165 165 165 165 165 165 165 165 165 165 165 165 165 165 165 165 165 165 165 165 165 165 165 165 165 165 165 165 165 165 165 165 165 165 165 165 165 165 165 165 165 165 165 165 165 165 165 165 165 165 164 164 164 164 164 164 164 164 164 164 164 164 164 164 164 164 164 164 164 164 164 164 164 164 164 164 164 164 164 164 164 164 164 164 164 164 164 164 164 164 164 164 164 164 164 164 164 164 164 163 163 163 163 163 163 163 163 163 163 163 163 163 163 163 163 163 163 

