M = 259:
259 259 259 259 259 259 259 259 259 259 259 259 259 259 259 259 259 259 259 259 259 259 259 259 259 259 259 259 259 259 259 259 259 259 232 232 232 232 232 232 232 232 232 232 232 232 258 258 258 258 258 258 258 258 258 258 258 258 258 258 258 258 258 258 258 258 258 258 258 258 258 257 257 257 257 257 257 257 257 257 152 152 152 

M = 208:
208 208 208 208 208 208 208 208 208 208 208 

M = 337:
337 337 337 337 337 337 337 337 337 337 337 337 337 337 337 337 337 337 337 337 337 337 337 336 336 336 336 336 336 336 336 336 409 409 409 410 410 410 336 336 336 339 339 339 409 409 409 336 336 336 336 336 336 336 336 336 437 437 344 344 335 335 342 342 403 403 408 408 334 334 377 377 377 377 342 342 408 408 403 403 344 344 405 405 407 407 411 411 403 403 344 344 407 407 335 335 342 342 335 335 344 344 329 329 330 330 329 329 405 405 327 327 403 403 405 405 377 377 405 405 437 437 329 329 342 342 342 342 408 408 379 379 334 334 403 403 408 408 375 375 330 330 342 342 405 405 408 408 403 403 344 344 342 342 329 329 342 342 406 406 334 334 342 342 403 403 405 405 405 405 405 405 342 342 344 344 334 334 335 335 335 335 379 379 335 335 403 403 405 405 437 437 405 405 344 344 329 329 335 335 330 330 334 334 403 403 405 405 342 342 342 342 329 329 408 408 335 335 403 403 405 405 334 334 329 329 335 335 

M = 303:
303 303 303 303 303 303 303 303 303 303 303 303 303 303 303 303 303 303 303 303 303 303 303 303 305 305 305 305 305 303 303 303 303 303 300 300 300 300 274 274 274 274 299 299 299 299 299 299 275 275 275 275 275 275 275 275 275 275 275 275 299 299 299 275 275 275 275 275 275 299 299 299 275 275 275 299 299 299 299 299 299 299 299 299 301 301 301 301 301 301 

M = 122:
122 122 122 122 122 122 122 122 122 122 122 122 122 122 122 122 122 122 122 122 122 122 122 

M = 242:
242 242 242 242 242 242 242 242 242 242 242 242 242 242 242 242 242 242 242 244 244 244 244 244 242 242 242 242 242 242 242 242 242 242 242 242 242 242 242 242 242 242 242 242 242 242 242 242 242 242 242 242 242 242 242 242 242 242 242 242 242 242 242 242 242 242 242 242 242 242 242 242 242 242 239 239 

M = 314:
318 318 318 318 318 318 318 318 318 318 318 318 314 314 314 314 314 314 314 314 314 314 314 314 314 314 314 314 314 314 314 314 315 315 315 315 315 315 314 314 314 326 326 323 323 323 323 

M = 133:
136 136 136 136 136 136 136 136 136 136 136 136 136 136 136 136 136 136 136 136 136 136 136 136 136 217 217 217 217 132 132 132 132 217 217 217 217 217 217 217 217 219 219 219 219 219 219 218 218 218 218 218 218 219 219 219 219 219 219 219 219 219 219 219 219 219 219 219 133 139 139 133 133 213 213 133 133 133 133 133 133 133 133 213 213 139 139 133 133 133 133 133 133 213 213 133 133 133 133 

M = 234:
204 204 204 204 204 204 233 233 233 233 233 233 233 233 233 233 233 233 233 233 233 233 233 233 235 235 235 235 235 235 235 235 235 235 201 201 201 201 201 201 201 201 201 201 201 201 201 201 201 201 201 201 201 201 201 201 201 201 201 201 201 201 201 201 201 201 201 201 201 201 234 234 234 234 234 234 234 234 234 234 234 234 234 234 234 234 234 234 234 234 234 234 234 234 234 234 234 234 234 253 253 253 253 253 253 253 253 253 253 253 253 253 253 253 253 253 253 

M = 261:
261 261 261 261 261 261 261 261 261 261 261 261 261 261 261 261 261 261 261 261 261 261 261 261 261 261 261 261 261 261 261 261 261 261 261 

M = 130:
193 193 193 193 193 193 193 193 193 193 193 193 193 193 193 193 193 193 193 193 130 130 130 130 130 130 130 130 130 130 130 130 130 130 130 130 130 130 130 130 130 130 130 130 130 130 130 130 130 130 130 130 130 130 130 130 130 130 130 130 130 130 130 130 190 190 191 191 191 191 196 196 196 196 190 190 196 196 190 190 196 196 190 190 190 190 191 191 

M = 267:
265 265 265 265 265 265 265 265 265 265 265 265 265 265 265 265 265 265 266 266 266 266 266 266 146 146 146 146 146 146 146 146 146 146 146 146 146 146 146 146 146 146 146 146 146 146 146 146 146 146 146 146 146 146 146 146 146 146 146 273 273 273 273 273 273 273 273 273 273 273 273 273 273 273 273 273 273 273 273 273 273 273 273 273 273 273 273 273 273 273 273 150 150 150 147 147 147 150 150 150 150 150 150 150 150 150 150 150 150 150 150 150 147 147 147 150 150 150 269 269 269 269 269 269 267 267 267 267 267 267 267 267 267 267 267 267 267 267 267 267 267 267 267 267 267 267 267 267 267 267 267 267 267 267 267 

M = 178:
181 181 181 181 181 145 145 145 145 145 145 145 145 178 178 178 178 178 178 178 178 178 178 178 178 178 178 178 178 178 182 182 182 182 182 182 182 182 

M = 164:
164 164 164 164 164 164 164 164 164 164 164 164 164 164 164 164 164 164 164 164 164 164 164 164 164 164 164 164 164 164 164 164 164 164 164 164 164 164 164 164 164 164 164 164 165 165 165 165 165 165 165 165 165 165 165 165 165 165 165 165 

M = 124:
124 124 124 124 124 124 124 124 124 124 124 124 124 124 124 124 124 124 124 124 124 124 124 124 124 124 124 124 124 123 123 123 123 123 123 123 123 123 123 123 123 123 123 123 123 123 123 123 123 123 123 123 123 123 123 123 123 123 123 123 123 125 125 125 125 125 125 125 125 125 125 125 125 125 125 125 125 125 125 

M = 127:
127 127 127 127 127 127 127 127 127 127 127 127 127 127 127 127 127 197 197 197 197 

M = 251:
251 251 251 251 251 251 251 251 251 251 251 251 251 251 251 251 251 251 251 251 251 251 251 251 251 251 251 251 251 251 251 251 251 251 251 249 249 249 249 249 249 249 249 249 249 249 249 249 249 249 249 249 249 237 237 237 237 237 237 237 237 237 237 237 237 237 237 

M = 284:
283 283 283 356 356 356 356 356 356 283 283 283 356 356 356 283 283 283 283 283 283 356 356 356 356 356 356 277 277 277 356 356 356 283 283 283 356 356 356 284 285 285 286 286 285 285 284 284 284 284 280 280 285 285 285 285 286 286 280 280 280 280 284 284 355 355 285 285 284 284 284 284 355 355 285 285 286 286 284 284 355 355 284 284 285 285 285 285 284 284 284 284 355 355 286 286 284 284 284 284 355 355 280 280 

M = 162:
162 162 162 162 162 162 162 162 162 162 162 162 162 162 

M = 426:
455 455 455 455 456 456 456 456 456 456 456 456 455 455 455 455 447 447 426 447 447 447 447 400 400 426 426 426 426 426 426 447 447 447 447 380 380 426 426 346 346 447 447 400 400 380 380 426 426 426 426 346 346 426 426 426 426 426 426 426 426 346 346 400 400 426 426 346 346 447 447 346 346 426 426 447 447 400 400 400 400 380 380 428 428 346 346 426 426 400 400 447 447 447 447 365 365 426 426 426 426 447 447 346 346 365 365 346 346 426 426 

