M = 182:
180 180 180 180 180 180 180 180 180 180 228 228 228 182 182 182 182 182 120 120 120 120 182 182 182 182 182 182 182 182 182 182 182 182 182 182 

M = 336:
336 336 336 336 336 411 411 411 336 336 336 336 336 336 336 336 336 326 326 326 336 336 336 336 336 336 411 411 411 411 411 411 326 326 326 336 336 336 336 336 336 336 336 336 336 336 336 334 334 334 330 330 335 335 335 335 335 335 338 338 337 337 337 337 413 413 406 406 406 406 329 329 338 338 327 327 335 335 337 337 329 329 337 337 413 413 337 337 406 406 406 406 338 338 338 338 338 338 329 329 335 335 335 335 413 413 338 338 337 337 337 337 337 337 337 337 406 406 338 338 329 329 337 337 337 337 335 335 

M = 438:
438 438 438 438 438 438 438 438 438 438 438 438 438 438 437 437 437 437 

M = 450:
452 452 452 423 423 423 349 349 349 348 348 348 349 349 349 348 348 348 453 453 453 349 349 349 348 348 348 450 450 450 450 450 450 450 450 450 450 450 450 450 450 450 450 450 450 450 450 450 456 456 450 450 450 450 450 450 

M = 440:
440 440 440 440 440 440 440 439 439 439 439 440 440 440 440 439 439 440 440 440 440 440 440 440 440 440 440 440 440 440 440 439 439 439 439 440 440 439 439 440 440 440 440 440 440 

M = 178:
265 265 265 265 265 265 265 265 265 265 265 265 265 265 265 265 265 265 265 265 265 265 265 265 178 178 178 178 178 178 178 178 178 178 178 178 178 178 178 178 178 178 178 178 178 178 178 178 178 178 178 178 178 178 178 178 178 178 146 146 146 146 146 146 146 146 146 146 146 146 146 146 146 146 146 146 146 146 146 146 146 146 146 146 146 146 146 146 146 146 267 267 267 179 179 179 267 267 267 144 144 144 267 267 267 267 267 267 179 179 179 179 179 179 

M = 379:
377 377 377 377 377 377 377 377 377 377 377 377 377 377 377 377 377 377 377 377 377 377 377 377 377 377 377 377 377 377 377 377 377 419 419 419 419 421 421 421 421 379 421 421 379 379 380 380 379 379 379 379 421 421 421 421 380 380 419 419 380 380 379 379 379 379 380 380 379 379 419 419 380 380 421 421 419 419 419 419 421 421 419 419 421 421 379 379 419 419 379 379 

M = 345:
346 346 346 346 346 346 346 346 346 346 346 346 344 344 344 346 346 346 345 373 373 345 345 373 373 345 345 345 345 345 345 345 345 345 345 345 345 345 345 345 345 345 345 345 345 345 345 345 345 345 345 345 345 

M = 261:
262 262 262 262 262 262 229 229 229 229 229 229 229 229 229 229 261 261 261 261 261 261 261 261 261 261 261 261 261 261 261 261 261 261 261 261 261 261 261 261 261 261 261 261 261 261 261 261 261 261 261 261 261 261 261 261 261 261 261 261 261 261 261 261 261 261 261 261 261 261 261 261 261 261 261 261 261 261 261 261 261 261 261 261 261 261 261 261 261 261 259 259 259 259 259 259 259 259 259 259 259 259 259 259 259 259 259 259 259 259 259 259 259 259 259 259 259 259 259 259 259 259 259 259 259 259 258 258 258 258 258 258 258 258 258 258 258 258 258 258 258 258 258 258 258 258 258 

M = 273:
269 269 269 269 273 273 273 273 273 273 273 273 270 270 270 273 273 273 273 273 273 273 273 273 273 273 273 273 273 273 273 273 273 273 273 273 274 274 150 150 150 150 150 150 150 150 150 150 274 274 150 150 274 274 150 150 150 150 

M = 136:
137 137 137 137 137 137 137 137 127 127 127 121 121 121 134 134 134 136 136 136 136 136 127 127 127 126 126 126 136 136 136 136 136 136 136 136 136 127 127 127 136 136 136 139 139 139 136 136 136 136 136 136 126 126 126 134 134 134 136 136 136 127 127 127 131 131 131 131 122 122 140 140 131 131 122 122 122 122 122 122 122 122 131 131 122 122 122 122 122 122 131 131 122 122 141 141 122 122 141 141 

M = 342:
341 341 341 341 341 341 341 341 415 415 343 343 343 343 342 342 342 342 342 343 343 343 343 343 343 343 343 342 342 342 342 343 343 342 342 343 343 342 342 342 342 342 342 343 343 343 343 342 342 343 343 343 343 343 343 415 415 342 342 342 342 343 343 343 343 

M = 242:
242 242 242 242 242 242 242 242 242 242 242 242 242 242 242 242 242 242 242 242 242 242 242 242 242 242 242 242 242 242 242 242 242 242 242 242 242 242 242 242 242 242 242 242 242 242 242 242 242 194 194 194 194 194 194 194 240 240 240 240 240 240 

M = 234:
203 203 203 253 253 253 253 253 253 253 253 253 253 253 253 233 233 234 234 234 234 234 257 257 234 234 257 257 233 233 233 233 234 234 234 234 257 257 257 257 233 233 234 234 234 234 234 234 233 233 257 257 234 234 234 234 231 231 255 255 231 231 

M = 165:
164 164 164 164 164 164 164 164 164 165 165 165 165 165 165 165 165 164 164 164 164 164 164 164 164 164 165 165 165 165 165 165 165 165 165 165 165 165 165 165 165 165 165 165 165 165 165 165 165 165 165 165 165 165 165 165 165 165 165 165 165 165 165 165 165 165 165 165 165 165 165 165 165 165 165 165 165 165 165 165 164 164 164 164 164 164 164 164 164 165 165 165 165 165 165 165 165 165 165 165 165 165 165 165 165 165 165 164 164 164 164 164 164 164 164 164 165 165 165 165 165 165 165 165 165 164 164 164 164 164 164 164 164 164 163 163 163 163 163 163 163 163 163 163 163 163 167 167 167 167 167 167 167 167 167 167 167 167 167 167 167 167 167 167 162 162 162 167 167 167 162 162 162 162 162 162 162 162 162 167 167 167 167 167 167 167 167 167 167 167 167 162 162 162 162 162 162 162 162 162 167 167 167 167 167 167 167 167 167 167 167 167 167 167 167 

M = 278:
275 275 275 281 281 281 277 277 277 281 281 281 275 275 275 275 275 275 277 277 277 281 281 281 281 281 281 281 281 281 277 277 277 281 281 281 275 275 275 281 281 281 280 280 278 278 278 278 278 278 278 280 280 278 278 278 278 280 280 278 278 278 278 278 278 278 278 278 278 280 280 278 278 

M = 251:
159 159 159 159 159 159 159 159 249 249 249 237 237 237 250 250 250 237 237 237 250 250 250 249 249 249 249 249 249 249 249 249 249 249 249 250 250 250 249 249 249 249 249 249 237 237 237 249 249 249 249 249 249 237 237 237 249 249 249 249 249 249 250 250 250 237 237 237 250 250 250 249 249 249 249 249 249 251 158 158 251 251 251 251 158 158 251 251 251 251 251 251 158 158 251 251 251 251 158 158 251 251 251 251 251 251 251 251 251 251 251 251 251 251 251 251 251 251 251 251 158 158 251 251 

M = 362:
359 359 359 359 359 359 359 359 359 359 359 359 359 359 359 359 362 362 362 362 362 362 362 362 362 362 362 362 362 362 362 362 362 362 362 362 362 362 362 362 362 362 362 362 362 360 360 360 360 360 360 360 360 360 360 360 360 

M = 293:
293 293 293 293 293 293 293 293 293 293 293 293 293 293 293 293 293 293 293 293 293 293 293 293 293 293 293 293 293 293 293 293 293 293 293 293 293 293 293 315 315 296 296 299 299 299 299 296 296 296 296 299 299 296 296 292 292 299 299 296 296 296 296 296 296 299 299 296 296 292 292 315 315 296 296 292 292 296 296 292 292 299 299 

M = 220:
190 190 190 190 190 190 190 190 190 190 190 190 190 190 190 190 190 190 190 190 190 190 190 190 219 219 219 219 219 217 217 217 217 193 193 193 193 217 217 217 217 217 217 217 217 217 217 217 217 217 217 217 217 193 193 193 193 193 193 193 193 217 217 217 217 217 217 217 217 217 217 217 217 220 220 220 220 220 220 220 220 220 220 220 220 220 220 220 220 220 220 220 220 220 220 220 220 220 220 220 220 220 171 171 171 171 171 171 171 171 171 171 171 171 171 171 216 216 216 216 216 216 216 216 171 171 171 171 213 213 213 213 213 213 216 216 171 171 

