M = 440:
440 440 440 440 440 440 440 440 440 440 440 440 440 440 440 440 440 440 440 440 440 440 440 440 440 440 440 440 440 440 440 440 440 440 440 440 440 440 444 444 444 444 438 438 444 444 444 444 444 444 438 438 438 438 444 444 444 444 438 438 444 444 444 444 444 444 438 438 444 444 438 438 444 444 438 438 438 438 444 444 444 444 438 438 444 444 444 444 438 438 

M = 194:
165 165 165 165 165 165 165 165 165 165 165 165 165 165 165 165 165 165 242 242 242 242 242 242 242 242 242 165 165 165 165 165 165 165 165 165 242 242 242 242 242 242 242 242 242 165 165 165 165 165 165 165 165 165 165 165 165 165 165 165 165 165 165 165 165 165 165 165 165 165 165 165 165 165 165 165 165 165 165 165 165 242 242 242 242 242 242 242 242 242 194 194 194 194 194 194 194 194 194 194 194 194 194 194 194 194 194 194 194 194 194 194 194 194 194 194 194 194 194 194 194 194 194 194 194 194 194 194 194 194 194 194 194 194 194 194 194 194 194 194 194 194 194 194 194 194 194 194 194 194 194 194 194 194 194 194 194 194 194 244 244 244 244 244 240 240 240 240 240 244 244 244 244 244 240 240 240 240 240 244 244 244 244 244 193 193 193 193 193 193 193 193 193 193 193 193 193 193 193 193 193 193 

M = 302:
303 303 303 303 303 303 303 303 303 303 303 303 303 303 303 303 303 303 303 303 303 303 303 303 303 303 303 303 303 303 303 303 303 303 303 272 272 272 272 272 272 274 274 274 274 274 274 272 272 272 272 272 272 274 274 274 274 274 274 305 305 305 305 305 305 305 305 305 305 305 305 305 305 305 305 305 305 305 305 305 305 305 305 305 305 305 305 305 305 305 305 305 305 305 305 305 305 305 305 275 275 275 275 275 275 275 275 300 300 300 301 301 301 301 301 301 300 300 300 301 301 301 297 297 297 297 297 297 309 309 309 297 297 297 309 309 309 296 296 296 301 301 301 296 296 296 309 309 309 297 297 297 297 297 297 297 297 297 297 297 297 309 309 309 300 300 300 297 297 297 297 297 297 297 297 297 309 309 309 301 301 301 301 301 301 306 306 306 301 301 301 296 296 296 309 309 309 301 301 301 297 297 297 299 299 311 311 299 299 304 304 302 311 311 302 302 311 311 299 299 302 302 299 299 302 302 302 302 312 312 312 312 311 311 299 299 311 311 302 302 299 299 302 302 311 311 311 311 302 302 312 312 312 312 299 299 

M = 336:
336 336 336 339 339 339 339 339 339 339 339 336 336 336 336 336 336 336 336 336 336 336 336 335 335 335 406 406 406 335 335 335 335 335 335 335 335 335 411 411 334 334 411 411 413 413 334 334 411 411 411 411 334 334 

M = 261:
261 261 261 261 261 261 261 229 229 229 229 229 229 229 229 261 261 261 261 261 261 261 261 261 261 261 261 229 229 229 229 261 261 261 261 261 261 261 261 261 261 261 261 261 261 261 261 261 261 261 261 261 261 261 261 261 261 261 261 262 262 262 262 262 262 262 262 262 262 262 262 262 262 262 228 228 228 263 263 

M = 456:
359 359 359 359 359 359 359 359 359 359 359 359 357 357 357 455 455 456 456 456 456 456 456 456 456 456 456 456 456 456 456 456 456 456 456 456 456 456 456 456 358 358 456 456 456 456 456 456 456 456 

M = 178:
146 146 146 146 146 146 146 146 180 180 180 180 180 180 180 180 146 146 146 146 146 146 146 146 178 178 178 178 178 178 178 178 178 178 178 178 178 178 178 178 178 178 178 178 178 178 178 178 178 178 178 178 178 178 178 178 178 178 178 178 178 178 178 178 178 178 178 178 178 178 178 178 178 178 178 178 178 178 178 178 178 178 178 178 178 178 178 178 178 178 178 178 178 178 178 267 267 267 267 267 177 177 177 177 177 177 177 177 177 177 177 177 177 177 177 177 182 182 183 183 182 182 183 183 182 182 183 183 183 183 183 183 184 184 183 183 182 182 183 183 182 182 184 184 183 183 183 183 183 183 183 183 183 183 184 184 183 183 183 183 182 182 183 183 182 182 183 183 183 183 183 183 

M = 344:
341 341 341 345 345 345 341 341 341 341 341 341 341 341 341 344 344 344 344 344 343 343 379 379 343 343 344 344 344 344 344 344 344 344 344 344 344 344 343 343 344 344 344 344 344 344 

M = 132:
134 134 134 132 130 130 136 136 136 136 132 132 136 136 132 132 130 130 136 136 130 130 132 132 132 132 130 130 132 132 132 132 136 136 136 136 132 132 136 136 130 130 136 136 136 136 132 132 136 136 136 136 132 132 130 130 130 130 132 132 130 130 

M = 122:
120 120 120 120 120 120 121 121 121 121 121 119 119 119 119 122 122 122 122 122 122 122 122 122 122 122 122 122 122 122 122 122 122 122 122 122 122 122 122 122 122 122 122 122 122 122 122 122 122 122 122 122 122 137 137 124 124 124 124 124 124 124 124 141 141 141 141 124 124 124 124 141 141 124 124 

M = 197:
197 197 196 196 196 197 197 197 197 197 197 196 196 196 197 197 197 196 196 196 196 196 196 196 196 196 197 197 197 197 197 197 196 196 196 197 197 197 196 196 196 197 197 197 197 197 197 196 196 196 197 197 197 197 197 197 197 197 197 

M = 258:
258 258 258 258 258 258 258 258 258 258 258 258 258 258 259 259 259 259 259 259 259 259 259 259 258 258 258 258 258 259 259 259 259 259 258 258 258 258 258 258 258 258 258 258 257 257 257 257 232 232 232 232 232 232 232 232 257 257 257 257 257 257 257 257 232 232 232 232 231 231 231 231 231 231 231 231 231 231 

M = 401:
401 401 401 400 400 399 399 401 401 403 403 401 401 403 403 401 401 401 401 403 403 400 400 403 403 401 401 401 401 403 403 400 400 399 399 401 401 401 401 400 400 403 403 399 399 401 401 401 401 403 403 401 401 401 401 403 403 

M = 208:
208 205 205 208 208 208 208 205 205 208 208 205 205 208 208 205 205 207 207 205 205 208 208 208 208 208 208 208 208 206 206 208 208 205 205 205 205 208 208 208 208 208 208 206 206 206 206 206 206 206 206 208 208 226 226 208 208 

M = 281:
278 278 278 278 278 277 277 277 277 277 278 278 278 278 278 277 277 277 277 277 277 277 277 277 277 277 277 277 277 277 284 284 284 284 284 284 284 284 284 284 284 284 293 293 293 293 293 293 281 281 281 281 281 293 293 293 293 293 293 281 281 281 281 281 281 293 293 293 293 293 293 281 281 281 281 281 281 281 281 281 281 281 281 281 281 281 293 293 293 293 293 293 281 281 281 293 293 293 281 281 281 293 293 293 293 293 293 281 281 281 281 281 281 281 281 281 281 281 281 281 281 281 281 281 281 283 283 280 280 280 280 283 283 283 283 356 356 280 280 280 280 280 280 283 283 283 283 283 283 283 283 283 283 283 283 283 283 283 283 356 356 283 283 356 356 283 283 280 280 356 356 283 283 356 356 356 356 356 356 356 356 356 356 356 356 283 283 283 283 356 356 356 356 280 280 

M = 326:
326 326 326 326 326 326 326 326 326 326 326 326 326 326 326 326 326 326 326 326 326 326 326 326 326 326 330 330 330 329 329 319 319 329 329 322 322 316 316 319 319 317 317 329 329 317 317 324 324 329 329 324 324 329 329 319 319 329 329 324 324 324 324 319 319 322 322 329 329 329 329 322 322 319 319 324 324 316 316 324 324 322 322 324 324 329 329 

M = 127:
127 127 127 127 127 127 127 127 127 127 127 126 126 126 

M = 251:
164 164 164 164 164 164 164 164 164 164 164 164 164 164 164 164 164 164 164 164 249 249 249 249 249 249 249 249 249 249 249 249 249 249 249 249 249 249 249 249 249 249 249 249 249 249 249 249 249 249 249 249 249 249 249 249 249 249 249 249 249 249 249 249 249 249 249 249 249 249 249 249 249 249 251 251 251 251 251 251 251 251 251 158 158 158 158 158 158 158 158 158 158 251 251 251 251 251 251 251 251 251 251 251 251 251 251 251 251 251 251 251 251 251 251 251 251 251 251 251 251 251 251 251 251 251 251 251 158 158 158 158 158 251 251 251 251 251 251 251 251 251 251 251 251 251 251 251 251 251 251 251 251 251 251 251 251 251 237 237 237 237 237 237 237 237 237 203 203 203 156 156 156 237 237 237 235 235 163 163 235 235 253 253 235 235 163 163 163 163 204 204 235 235 163 163 253 253 163 163 163 163 235 235 253 253 163 163 204 204 204 204 163 163 

M = 172:
167 167 167 167 167 167 167 167 167 167 167 167 167 167 167 167 167 167 167 167 167 167 167 167 167 167 167 167 167 167 167 167 167 167 167 167 167 167 167 167 171 171 171 171 171 171 171 171 171 171 171 171 273 273 273 273 273 273 273 273 273 273 273 273 273 273 273 273 273 273 273 273 273 273 273 273 273 273 273 273 273 273 273 273 273 273 273 273 273 273 273 273 273 273 273 273 273 175 175 172 172 172 172 172 175 175 175 175 175 175 172 172 172 172 175 175 172 172 172 172 172 172 175 175 172 172 172 172 172 172 175 175 172 172 172 172 175 175 172 172 172 172 175 175 172 172 175 175 

M = 220:
190 190 190 190 190 190 190 190 190 190 220 220 220 220 220 220 220 220 220 220 220 220 220 220 220 220 220 220 220 220 220 220 220 220 220 220 220 217 217 217 217 217 217 217 217 220 220 220 220 216 216 216 216 216 216 

