M = 201:
205 205 205 205 205 205 205 205 206 206 206 206 206 206 206 206 206 206 206 206 206 206 206 206 206 206 206 206 206 201 201 201 201 201 201 201 201 201 201 201 201 201 201 201 201 201 201 201 201 201 201 201 201 201 201 201 201 201 201 201 201 201 201 201 201 201 201 201 201 201 201 201 201 201 201 201 201 201 201 201 201 201 201 201 201 201 201 201 235 235 203 203 235 235 235 235 235 235 235 235 235 235 235 235 235 235 235 235 203 203 235 235 235 235 235 235 235 235 

M = 182:
182 182 182 182 182 229 229 229 182 182 182 182 182 182 229 229 229 182 182 182 182 182 182 182 182 182 182 182 182 182 182 182 182 182 182 182 182 182 182 182 182 182 182 182 226 226 228 228 226 226 226 226 

M = 119:
119 119 119 119 119 119 119 119 119 119 119 119 119 119 119 119 119 119 119 119 119 120 120 120 120 120 120 120 120 120 120 

M = 301:
301 297 297 297 297 301 301 297 297 301 301 301 301 

M = 303:
303 303 303 303 303 303 303 303 303 303 303 303 303 303 303 303 303 303 303 303 303 303 303 303 303 303 303 303 303 303 303 303 303 303 303 304 304 304 304 304 304 

M = 127:
127 127 127 127 127 127 127 127 127 127 127 127 127 127 127 127 127 127 127 127 127 127 127 127 127 127 127 127 127 127 127 127 127 127 127 127 127 127 127 127 127 127 127 127 127 127 127 127 127 127 127 127 127 127 127 127 127 127 127 197 197 197 197 197 197 197 125 125 125 125 

M = 407:
408 408 408 407 407 411 411 411 407 407 407 407 407 407 409 409 409 409 409 409 408 408 408 411 411 411 407 407 407 407 407 407 407 407 407 409 409 409 408 408 408 407 407 407 337 337 412 412 389 389 341 341 389 389 344 344 389 389 389 389 345 345 412 412 451 451 451 451 337 337 412 412 412 412 337 337 341 341 389 389 341 341 389 389 412 412 341 341 389 389 389 389 337 337 337 337 412 412 341 341 345 345 337 337 375 375 337 337 451 451 338 338 389 389 341 341 337 337 412 412 341 341 345 345 337 337 341 341 337 337 345 345 345 345 412 412 341 341 337 337 389 389 345 345 337 337 338 338 451 451 337 337 389 389 337 337 451 451 341 341 341 341 389 389 375 375 451 451 337 337 375 375 337 337 451 451 337 337 

M = 178:
177 177 177 177 177 177 178 178 178 178 178 178 178 178 177 177 177 177 177 177 262 262 262 178 178 178 177 177 177 177 177 177 178 178 178 178 178 178 177 177 177 178 178 178 177 177 177 178 178 178 178 178 178 178 178 178 262 262 262 177 177 177 178 178 178 178 178 178 178 178 178 177 177 177 178 178 178 262 262 262 178 178 178 262 262 262 177 177 177 177 177 177 262 262 262 

M = 122:
124 124 124 124 124 124 124 124 124 124 124 124 124 124 124 124 124 124 123 123 123 123 123 123 123 123 123 123 123 123 123 123 123 123 123 123 123 123 123 123 123 123 123 123 123 123 123 123 123 123 123 123 123 123 123 123 123 123 123 123 123 123 123 123 123 123 122 122 122 122 122 122 122 122 122 122 122 122 122 122 122 122 122 122 122 122 122 122 122 122 122 122 122 122 122 122 122 122 122 122 122 122 122 122 122 122 122 122 122 122 122 122 122 122 122 122 122 122 122 122 122 122 122 122 122 122 122 122 122 122 122 122 122 122 122 

M = 130:
196 196 196 196 196 196 196 196 196 196 196 196 196 196 196 196 196 196 196 196 196 196 196 196 196 196 196 196 196 196 196 196 196 196 196 196 196 196 196 196 130 130 130 130 130 130 130 130 130 130 130 130 130 130 130 130 130 130 130 130 130 130 130 130 130 130 130 130 130 130 130 130 130 130 130 130 130 130 130 130 130 130 130 130 130 130 130 

M = 267:
146 146 146 146 146 146 146 146 146 146 146 146 146 146 146 146 146 146 146 146 146 146 146 146 146 146 146 146 146 146 146 146 146 146 146 146 146 146 146 146 146 146 146 146 146 146 146 146 146 146 146 146 146 146 146 146 146 146 146 146 146 146 146 146 146 146 146 146 146 146 146 146 146 146 146 146 146 146 265 265 265 265 265 266 266 266 266 266 265 265 265 265 265 266 266 266 266 266 266 266 266 266 266 265 265 265 265 265 266 266 266 266 266 266 266 266 266 266 266 266 266 266 266 266 266 266 266 266 266 266 266 266 266 268 268 268 268 268 268 268 268 268 268 268 268 268 268 268 268 268 268 268 268 268 268 268 268 267 267 267 267 267 267 267 267 267 267 267 267 267 267 267 267 267 267 267 267 267 267 267 267 267 267 267 267 267 267 267 267 267 267 267 267 267 267 267 267 267 

M = 324:
326 326 326 318 318 318 326 326 326 318 318 318 326 326 326 318 318 318 318 318 318 324 319 319 324 324 400 400 325 325 323 323 325 325 322 322 324 324 325 325 324 324 325 325 322 322 319 319 325 325 320 320 324 324 327 327 400 400 319 319 325 325 324 324 400 400 319 319 324 324 322 322 400 400 324 324 324 324 400 400 322 322 400 400 322 322 319 319 324 324 319 319 325 325 325 325 327 327 324 324 

M = 208:
208 208 208 208 208 208 208 208 208 208 208 208 208 208 208 208 208 208 208 208 208 208 208 208 208 208 208 208 208 208 208 208 208 208 208 207 207 207 207 207 207 207 207 207 207 207 207 207 207 207 207 207 207 

M = 194:
242 242 242 242 242 242 242 242 242 242 242 242 242 242 242 242 242 242 242 242 242 242 242 242 219 219 219 219 219 193 193 193 193 193 193 193 193 193 193 193 193 193 193 193 219 219 219 219 219 219 219 219 219 219 193 193 193 193 193 190 190 190 190 190 190 190 190 190 190 190 190 190 190 190 191 191 191 190 190 190 190 190 190 194 194 194 194 194 194 194 194 194 194 194 194 194 194 194 194 194 194 194 194 194 194 194 194 194 194 194 194 194 

M = 437:
438 438 438 437 437 437 437 437 437 437 439 439 439 439 437 437 439 439 439 439 439 439 439 439 439 439 437 437 439 439 437 437 437 437 437 437 

M = 139:
136 136 136 136 136 136 136 136 136 136 136 136 136 136 136 136 136 136 136 136 136 136 136 136 136 136 136 136 136 136 136 136 136 136 136 136 136 136 136 136 136 136 136 136 136 136 136 136 136 136 136 136 136 136 136 136 136 136 136 136 136 136 136 136 139 139 139 139 139 139 139 139 139 139 139 139 139 139 139 139 139 139 139 139 139 139 139 139 139 139 139 139 139 139 139 139 139 139 138 138 138 138 138 138 138 138 138 138 217 217 217 217 217 138 138 138 138 138 140 140 140 140 140 140 140 140 140 140 138 138 138 138 138 138 138 138 138 138 217 217 217 217 217 140 140 140 140 140 138 138 138 138 138 138 138 138 138 138 138 138 138 138 138 141 141 141 141 141 218 218 218 218 218 218 218 218 218 218 218 218 218 218 218 218 218 218 218 218 142 142 142 142 218 218 218 218 215 215 215 215 215 215 215 215 215 215 215 215 

M = 251:
237 237 237 237 237 237 237 248 248 248 248 248 248 248 248 248 248 248 248 248 248 248 248 248 248 248 248 248 248 248 248 248 248 248 248 248 248 248 248 248 248 248 248 250 250 250 250 250 250 250 250 250 250 251 251 251 251 251 251 251 251 251 251 251 159 159 159 159 251 251 251 251 251 251 251 251 251 251 251 251 251 251 251 251 251 251 251 251 158 158 158 158 158 158 

M = 334:
335 335 335 329 329 329 329 329 329 334 334 329 329 329 334 334 334 329 329 329 329 329 329 334 334 334 334 334 334 329 329 329 334 334 334 329 329 329 329 329 329 336 336 336 335 335 335 335 335 335 334 334 334 336 336 336 336 336 336 329 329 329 330 330 330 334 334 334 330 330 330 334 334 334 390 390 331 331 390 390 390 390 390 390 331 331 390 390 331 331 331 331 390 390 390 390 390 390 

M = 164:
164 164 164 164 164 164 164 164 164 164 164 164 164 164 164 164 164 164 164 164 164 164 164 164 164 164 164 164 164 164 164 164 164 164 164 164 164 164 164 164 164 164 164 164 164 164 164 164 164 164 164 164 164 164 165 165 165 165 165 165 165 165 168 168 168 168 169 169 169 169 169 169 456 456 357 357 456 456 456 456 357 357 357 357 357 357 456 456 162 162 170 170 162 162 456 456 170 170 456 456 456 456 456 456 456 456 357 357 162 162 162 162 172 172 162 162 456 456 456 456 162 162 162 162 170 170 456 456 357 357 456 456 

M = 312:
312 312 312 312 312 312 312 312 312 312 312 312 312 312 312 312 312 312 312 312 312 312 312 312 312 312 312 312 312 312 312 312 312 312 312 316 316 316 316 316 316 316 316 316 316 316 316 316 316 311 311 

