M = 214:
214 214 214 214 214 214 214 214 214 214 214 214 214 214 214 214 214 214 214 214 214 214 214 214 214 214 214 

M = 282:
284 284 284 284 284 284 284 284 281 281 281 281 281 281 281 281 284 284 284 284 281 281 281 281 281 281 281 281 281 281 281 281 285 285 285 285 285 285 285 285 285 279 279 282 282 282 282 282 282 282 282 282 301 301 282 282 279 279 301 301 282 282 282 282 282 282 301 301 301 301 282 282 282 282 282 282 279 279 282 282 

M = 242:
242 242 242 242 242 242 242 242 242 242 242 242 242 242 242 242 242 242 242 242 242 242 242 242 242 242 242 242 242 242 242 242 242 242 242 242 242 242 242 242 242 242 242 242 242 242 242 242 242 242 242 242 242 242 242 242 242 242 242 242 242 242 242 242 242 242 242 242 242 242 242 242 242 242 242 242 242 242 242 246 246 246 246 246 246 194 194 194 194 194 194 194 194 194 194 194 194 194 194 240 240 194 194 194 194 194 194 194 194 194 194 194 194 194 194 

M = 159:
159 159 159 159 159 160 160 160 160 160 160 159 159 159 159 159 159 159 159 159 160 160 160 158 158 158 158 

M = 362:
362 362 362 362 362 362 362 362 362 362 362 362 362 362 362 362 362 362 362 356 356 356 356 357 357 357 357 357 357 364 364 444 444 364 364 444 444 364 364 364 364 364 364 364 364 444 444 444 444 354 354 364 364 354 354 444 444 364 364 364 364 444 444 355 355 444 444 364 364 364 364 364 364 444 444 444 444 444 444 364 364 364 364 

M = 440:
440 440 440 440 440 440 440 440 440 440 440 440 440 440 440 440 440 440 440 440 440 440 440 440 440 440 440 440 440 440 440 440 440 440 440 440 440 440 440 440 440 440 440 440 438 438 438 438 438 438 438 438 438 438 438 438 438 438 438 438 438 438 438 438 439 439 439 439 438 438 438 438 438 438 438 438 438 438 438 438 439 439 439 439 435 435 435 435 435 435 435 435 435 435 435 435 443 443 443 443 443 443 443 443 443 443 443 443 

M = 331:
331 331 401 401 401 400 400 400 401 401 401 406 406 406 331 331 331 401 401 401 401 401 401 327 327 327 401 401 401 401 401 401 401 401 401 331 331 331 401 401 401 400 400 400 401 401 401 401 401 401 400 400 400 401 401 401 331 331 331 406 406 406 400 400 400 400 400 400 401 401 401 401 401 401 331 331 331 331 331 331 401 401 401 324 324 337 337 337 337 334 334 333 333 324 324 336 336 337 337 324 324 337 337 337 337 336 336 337 337 337 337 337 337 333 333 324 324 324 324 337 337 337 337 330 330 337 337 336 336 333 333 337 337 337 337 337 337 336 336 336 336 337 337 324 324 333 333 337 337 330 330 324 324 337 337 333 333 337 337 336 336 

M = 316:
316 316 312 312 312 315 315 315 316 316 316 312 312 312 312 312 312 312 312 312 320 320 320 320 320 320 

M = 456:
456 456 456 456 456 456 456 455 455 456 456 456 456 456 456 456 456 456 456 

M = 219:
193 193 193 193 193 193 219 219 219 219 219 193 193 193 193 193 193 193 193 193 193 193 193 219 219 219 219 219 219 219 219 219 219 219 219 219 219 219 219 219 219 219 219 219 219 219 219 217 217 217 217 217 217 217 217 217 217 217 217 217 217 217 217 217 217 217 217 217 217 217 217 191 191 191 

M = 164:
164 164 164 164 164 164 164 164 164 164 164 164 164 164 164 164 164 164 164 164 164 164 164 164 164 164 164 164 164 164 164 164 164 164 164 164 164 164 164 164 164 164 164 164 164 164 164 164 164 164 164 164 164 164 164 164 164 164 164 164 164 164 164 164 164 164 164 164 164 164 164 164 164 164 164 164 164 164 164 164 164 164 164 164 164 164 164 164 164 164 164 164 164 164 164 165 165 165 165 165 165 165 165 165 165 165 165 165 165 165 165 165 165 165 165 165 165 165 165 165 165 165 165 165 165 165 165 165 165 165 165 165 165 165 165 165 165 165 165 165 165 165 165 165 165 165 165 165 165 165 165 165 165 165 165 165 165 165 165 165 165 165 165 165 165 165 165 165 165 165 165 165 165 165 165 165 165 165 165 163 163 163 163 163 163 163 163 163 167 167 167 167 167 167 167 167 167 167 167 167 167 167 167 167 167 167 167 167 167 167 167 167 167 167 167 167 

M = 346:
341 341 341 341 341 341 347 347 347 345 345 345 345 345 345 347 347 347 341 341 341 343 343 370 370 346 344 344 370 370 344 344 370 370 346 346 344 344 370 370 346 346 370 370 346 346 346 346 346 346 346 346 346 346 370 370 343 343 342 342 

M = 261:
261 261 261 261 261 261 261 261 261 261 261 261 261 261 261 261 261 261 261 261 261 261 261 261 261 261 261 261 261 263 263 263 258 258 258 258 259 259 258 258 259 259 258 258 259 259 264 264 259 259 259 259 264 264 259 259 259 259 259 259 259 259 259 259 259 259 259 259 259 259 259 259 258 258 264 264 

M = 135:
127 127 127 136 136 136 127 127 127 136 136 136 136 136 136 127 127 127 136 136 136 127 127 127 136 136 136 136 136 136 127 127 127 136 136 136 127 127 127 127 127 127 136 136 136 130 130 123 123 130 130 123 123 123 123 130 130 123 123 135 135 135 135 135 130 130 135 135 130 130 130 130 130 130 130 130 135 135 123 123 130 130 135 135 133 133 133 133 135 135 135 135 123 123 130 130 135 135 130 130 130 130 130 130 130 130 123 123 130 130 123 123 130 130 133 133 

M = 178:
180 180 180 180 180 180 180 180 180 180 180 180 180 180 180 180 180 180 180 180 180 180 180 180 180 180 180 180 180 180 180 180 182 182 182 182 182 182 182 146 146 146 146 146 146 147 147 147 147 147 147 146 146 146 146 146 146 146 146 146 146 146 146 146 146 146 146 146 146 146 146 146 146 146 146 146 146 146 146 146 146 146 146 146 146 146 146 146 146 146 146 146 146 146 146 146 146 146 146 178 178 267 267 267 178 178 178 178 178 178 267 267 267 267 267 267 178 178 178 178 178 178 267 267 267 178 178 178 267 267 267 178 178 178 178 178 178 178 178 178 178 178 178 267 267 267 267 267 267 178 178 178 267 267 267 267 267 267 178 178 178 178 178 178 178 178 178 178 178 178 267 267 267 267 267 267 267 267 267 267 267 267 183 183 183 183 177 177 183 183 269 269 177 177 226 226 177 177 269 269 177 177 183 183 226 226 183 183 269 269 183 183 226 226 177 177 269 269 183 183 

M = 388:
388 388 388 388 412 412 412 412 412 388 388 388 388 388 388 388 388 388 388 412 412 412 412 412 411 411 411 411 385 385 385 385 385 385 385 385 385 385 385 385 385 385 385 385 411 411 411 411 409 409 409 409 385 385 385 385 411 411 411 411 409 409 409 409 409 409 409 409 409 409 409 409 385 385 385 385 366 366 366 408 408 408 366 366 366 366 366 366 391 391 391 366 366 366 391 391 391 366 366 366 366 366 366 366 366 366 391 391 391 391 391 391 391 391 391 391 391 391 366 366 366 391 391 391 366 366 366 408 408 408 366 366 366 366 366 366 408 408 408 391 391 391 391 391 391 408 408 408 391 391 391 391 391 391 391 391 391 391 391 391 391 391 391 391 391 391 391 391 391 408 408 408 366 366 366 408 408 408 391 391 391 366 366 366 366 366 366 408 408 408 415 415 415 

M = 251:
250 250 250 250 251 251 251 251 251 251 251 251 251 251 251 251 251 251 251 251 251 251 251 

M = 249:
249 249 249 249 249 249 249 249 249 249 249 249 249 249 249 249 249 249 249 249 249 249 249 249 249 249 249 249 249 249 249 249 249 249 249 249 249 249 249 249 249 249 249 249 249 249 249 249 249 249 249 249 249 249 249 

M = 293:
293 293 293 293 293 293 293 293 297 297 297 290 290 290 297 297 297 290 290 290 290 290 290 293 293 293 290 290 290 293 293 293 293 293 293 290 290 290 293 293 293 293 293 293 293 293 293 293 293 293 293 293 293 293 293 293 290 290 290 290 290 290 290 290 290 288 288 288 288 288 288 288 288 288 288 288 288 288 288 288 288 288 288 

M = 427:
421 421 398 398 419 419 419 419 419 419 427 427 427 398 398 419 419 427 427 421 421 427 427 427 427 427 427 421 421 427 427 427 427 427 427 427 427 398 398 421 421 421 421 421 421 419 419 398 398 427 427 419 419 419 419 419 419 427 427 419 419 421 421 421 421 427 427 427 427 419 419 419 419 421 421 421 421 427 427 419 419 421 421 421 421 421 421 427 427 419 419 398 398 

