M = 138:
138 138 138 138 138 138 138 138 138 138 138 138 138 

M = 144:
146 146 146 146 146 146 146 146 268 268 268 268 268 268 268 268 146 146 146 146 146 146 146 146 267 267 267 267 267 267 267 145 145 145 145 145 143 143 143 143 143 143 143 143 143 143 143 143 143 143 143 143 143 143 143 143 143 143 143 143 143 143 143 143 143 143 144 144 144 144 144 144 144 144 144 145 145 145 145 145 

M = 251:
201 201 201 201 201 201 201 201 201 201 201 201 201 201 201 201 201 201 201 201 237 237 237 237 237 201 201 201 201 201 201 201 201 201 201 201 201 201 201 201 237 237 237 237 237 250 250 250 250 250 250 250 250 235 235 251 251 251 251 251 235 235 235 235 158 158 251 251 158 158 251 251 251 251 235 235 158 158 235 235 251 251 251 251 158 158 251 251 251 251 235 235 251 251 251 251 251 251 158 158 235 235 251 251 251 251 158 158 251 251 

M = 140:
139 139 139 139 139 139 139 139 139 139 140 140 140 140 140 140 140 140 140 140 140 140 140 140 140 140 140 140 140 140 140 140 140 

M = 194:
130 130 130 130 130 130 130 191 191 191 191 191 191 191 130 130 130 130 130 130 130 130 130 130 130 130 130 130 130 130 130 130 130 130 130 130 130 130 130 130 130 130 130 130 130 130 130 130 130 194 194 194 194 194 193 193 193 193 193 193 194 194 194 194 194 194 194 194 194 194 194 194 194 194 194 194 194 194 194 194 194 194 194 194 194 194 194 194 194 194 194 194 194 194 194 194 193 193 193 193 193 193 194 194 194 194 194 194 194 194 194 194 194 194 194 194 194 194 194 194 194 194 194 194 194 194 194 194 194 194 194 194 194 194 194 194 194 194 194 194 194 194 194 194 194 194 194 194 194 194 194 194 194 194 194 194 194 194 194 194 194 194 192 192 192 192 192 192 192 192 192 192 192 192 

M = 302:
303 303 303 303 300 300 300 300 300 300 300 300 300 300 300 300 300 300 300 300 303 303 303 303 303 303 303 303 300 300 300 300 300 300 300 300 303 303 303 303 299 299 275 275 274 274 275 275 302 274 274 302 302 302 302 302 302 274 274 274 274 275 275 299 299 275 275 274 274 275 275 299 299 275 275 299 299 274 274 299 299 302 302 274 274 299 299 299 299 302 302 302 302 274 274 302 302 302 302 299 299 302 302 299 299 299 299 299 299 274 274 302 302 274 274 274 274 302 302 302 302 274 274 302 302 275 275 299 299 299 299 274 274 

M = 228:
229 229 229 229 229 229 229 229 229 229 229 229 228 228 182 182 182 228 228 228 228 228 228 228 228 228 228 228 228 228 228 228 228 228 228 182 182 182 228 228 228 182 182 182 228 228 228 228 228 228 182 182 182 228 228 228 228 228 228 228 228 228 228 228 228 230 230 

M = 261:
266 266 266 266 266 266 266 266 266 178 178 178 178 178 178 178 262 262 262 262 262 261 261 261 261 261 261 261 261 261 261 261 261 261 261 261 261 261 261 261 261 261 261 261 261 261 261 261 261 261 261 261 261 261 261 261 264 264 264 264 261 261 261 261 179 179 179 270 270 270 270 

M = 172:
172 172 172 172 172 

M = 356:
356 356 356 357 357 356 356 356 356 357 357 356 356 356 356 357 357 

M = 122:
123 123 123 123 123 123 123 123 123 123 123 123 123 123 123 123 123 123 123 123 123 123 123 123 122 122 122 122 122 122 122 122 122 122 122 122 122 122 122 122 122 122 122 122 122 122 122 122 122 122 122 122 122 122 122 122 122 122 122 122 122 122 122 122 122 122 122 122 122 122 122 

M = 241:
241 241 241 241 241 241 241 241 241 241 241 241 241 242 242 242 242 242 242 242 196 196 196 196 196 196 196 241 241 241 241 241 241 241 241 241 241 241 241 241 241 242 242 242 242 242 242 242 196 196 196 196 196 196 196 242 242 242 242 242 242 242 242 242 242 242 242 242 242 196 196 196 196 196 196 196 241 241 241 241 241 241 241 241 241 241 241 241 241 241 241 241 241 241 241 241 241 239 239 239 239 239 239 239 239 239 239 239 239 239 239 239 239 240 240 

M = 136:
136 136 136 136 136 136 136 136 136 136 136 136 136 136 136 136 136 136 136 136 136 136 136 136 136 136 136 136 136 

M = 135:
135 135 135 135 135 135 135 135 135 135 135 135 135 135 135 135 135 135 135 135 135 135 135 135 135 135 135 135 135 135 135 135 135 135 135 135 135 135 135 135 135 135 135 135 135 135 135 135 135 135 135 135 135 135 135 135 135 135 135 135 135 135 

M = 127:
127 127 127 127 127 127 127 127 127 127 127 127 127 127 127 127 127 127 127 127 127 127 127 127 127 127 127 127 127 127 127 

M = 281:
281 284 284 281 281 281 281 284 284 284 284 281 281 281 281 281 281 284 284 

M = 167:
168 168 168 168 168 168 168 168 168 168 168 168 169 169 169 169 169 169 169 169 169 169 169 169 169 169 169 164 164 164 164 165 165 165 165 165 165 165 165 165 165 165 165 164 164 164 164 165 165 165 165 165 165 165 165 164 164 164 164 165 165 165 165 165 165 165 165 165 165 165 165 164 164 164 164 165 165 165 165 165 165 165 165 167 167 162 162 162 167 167 167 167 167 167 167 167 167 167 167 167 167 167 167 167 167 167 167 167 167 163 163 163 162 162 162 167 167 167 167 167 167 162 162 162 167 167 167 167 167 167 167 167 167 162 162 162 167 167 167 167 167 167 163 163 163 

M = 220:
218 218 218 218 218 218 218 218 218 219 219 219 219 219 219 190 190 190 190 190 190 190 190 190 190 220 220 220 220 220 220 220 220 220 220 220 220 220 220 220 220 220 220 220 220 220 220 220 220 220 220 220 

M = 293:
297 297 297 297 293 293 293 293 293 293 293 293 293 293 293 293 293 293 293 293 293 293 293 

M = 125:
124 124 124 124 124 124 124 124 124 124 124 124 124 124 208 208 208 208 208 208 208 208 208 125 125 125 125 125 125 125 125 125 125 125 125 125 125 125 125 125 125 125 125 125 125 125 125 125 125 125 125 125 125 125 125 125 

