M = 217:
217 217 217 217 217 217 217 217 217 217 217 217 217 

M = 208:
205 205 205 208 208 208 208 208 208 208 208 208 208 208 208 208 208 208 

M = 251:
251 251 251 251 251 251 251 251 251 251 251 251 251 251 251 251 251 251 251 237 237 237 237 251 251 251 251 251 251 251 251 251 251 251 251 251 251 251 251 251 251 251 251 251 251 251 251 251 251 251 251 251 251 251 251 251 251 251 251 251 251 251 251 

M = 141:
141 141 141 141 141 141 141 141 141 141 141 141 141 141 141 141 141 141 141 138 138 138 138 138 138 138 138 138 138 138 138 140 140 140 140 143 143 143 143 143 143 143 143 143 143 143 143 143 143 143 143 143 143 143 143 

M = 158:
158 158 158 158 158 158 158 158 158 158 158 158 158 158 158 158 158 158 158 158 158 158 158 159 159 

M = 197:
197 197 197 197 197 197 197 197 197 197 197 197 197 197 197 197 197 197 197 197 197 197 197 197 197 197 197 197 197 197 197 197 197 197 

M = 303:
303 303 303 303 303 303 303 303 303 303 303 302 302 302 302 272 272 302 302 302 302 

M = 299:
281 281 281 281 281 281 281 281 281 299 296 296 296 296 299 299 299 299 299 299 299 299 296 296 312 312 

M = 305:
305 305 305 305 305 305 305 305 305 305 305 305 305 305 305 305 305 305 305 305 305 305 305 305 305 305 305 305 305 305 305 305 305 305 305 305 305 305 305 305 305 305 305 305 305 305 305 305 305 305 305 305 305 305 305 305 305 305 305 

M = 218:
218 218 218 218 218 218 218 218 218 218 218 190 190 190 190 190 190 190 190 190 190 190 190 218 218 218 218 218 218 219 219 219 219 219 

M = 120:
120 120 120 120 120 120 120 120 120 120 120 120 120 120 120 120 120 120 120 120 120 120 120 120 120 120 120 120 120 120 120 120 120 120 120 120 120 120 120 120 120 120 120 120 120 120 120 

M = 356:
356 356 356 356 356 355 355 356 356 356 356 356 356 356 356 356 356 

M = 122:
122 122 122 122 122 122 122 122 122 122 122 122 122 122 122 122 122 122 122 122 122 122 122 122 122 122 122 122 122 122 122 122 122 122 122 122 122 122 122 122 122 122 122 122 122 122 122 122 122 122 122 122 122 122 122 122 122 122 122 122 122 122 122 122 122 122 122 122 122 122 122 122 122 122 122 122 122 122 122 122 122 122 122 122 122 122 122 122 122 122 

M = 123:
123 123 123 123 123 123 123 123 123 123 123 123 123 123 123 123 123 123 123 123 123 123 123 123 123 123 124 124 124 124 124 124 124 124 132 132 132 132 132 132 125 125 

M = 241:
244 244 244 244 244 244 244 244 244 244 244 245 245 245 245 245 245 245 245 245 245 245 241 241 241 241 241 241 241 241 241 241 241 241 241 241 241 241 241 241 241 241 241 241 241 241 241 241 241 241 241 241 241 241 241 241 241 241 241 241 241 241 241 241 241 241 241 241 241 241 241 241 241 241 241 241 241 242 242 242 242 242 242 242 242 242 242 242 242 242 242 193 193 193 193 193 193 194 194 194 194 247 247 247 247 240 240 

M = 136:
136 136 136 136 136 136 136 136 136 136 136 136 136 136 136 136 136 136 136 136 136 136 136 134 134 134 134 134 134 134 134 134 134 134 134 134 134 134 134 134 134 134 134 139 139 139 139 139 139 139 139 139 139 139 139 139 139 139 

M = 178:
268 268 268 268 268 268 268 268 268 268 268 268 268 268 268 268 268 268 146 146 146 146 146 146 146 146 146 146 146 146 146 146 146 146 146 146 146 146 146 266 266 266 266 266 266 180 180 180 180 180 178 178 178 178 178 178 178 178 178 178 178 178 178 178 178 178 178 178 178 178 178 178 178 178 178 178 178 178 178 178 178 178 229 229 229 229 262 262 229 229 182 182 229 229 229 229 229 229 229 229 229 229 262 262 229 229 229 229 182 182 229 229 182 182 182 182 262 262 229 229 229 229 229 229 

M = 165:
164 164 164 164 164 164 164 164 164 164 164 164 165 165 165 165 165 165 165 165 165 165 165 165 165 165 165 165 165 165 165 165 165 165 165 165 165 165 165 165 165 165 165 165 165 165 165 165 165 165 165 165 165 165 165 163 163 163 163 163 163 163 163 163 163 

M = 167:
168 168 168 168 168 168 168 168 168 168 168 168 167 167 167 167 167 167 167 167 167 167 167 167 167 167 167 167 167 167 167 167 167 167 167 167 167 167 167 167 167 167 167 167 167 167 167 167 167 167 167 167 167 172 172 162 162 162 162 162 162 172 172 162 162 172 172 172 172 

M = 249:
248 248 248 248 248 248 248 248 248 248 248 248 248 248 249 249 249 249 249 249 249 249 249 249 249 249 249 249 249 249 249 249 249 249 249 249 249 249 249 249 249 249 249 249 249 249 249 249 249 

