M = 196:
243 243 243 243 243 243 243 243 243 243 243 241 241 241 241 241 241 241 241 241 241 241 241 241 241 241 241 241 241 241 241 241 241 241 241 241 241 241 241 241 241 241 241 241 241 241 241 241 241 241 241 197 197 197 197 197 197 197 197 128 128 128 128 197 197 197 197 197 197 197 197 127 127 127 127 127 127 127 127 127 127 127 127 127 127 127 127 127 127 127 127 127 127 127 127 239 239 196 196 196 196 196 196 196 239 239 196 196 196 196 196 196 239 239 239 239 239 239 

M = 157:
157 157 157 157 157 157 157 157 157 157 157 157 157 157 162 162 162 162 162 157 157 157 157 157 157 157 157 157 157 157 157 157 157 157 162 162 162 162 162 157 157 157 157 157 157 157 157 157 157 157 157 157 157 157 157 157 157 157 157 157 157 157 157 157 163 163 163 160 160 160 163 163 163 

M = 451:
359 359 359 359 359 359 359 359 359 359 359 359 359 359 359 359 359 359 456 456 456 456 456 456 456 456 456 452 452 454 454 452 452 370 370 452 452 452 452 454 454 452 452 370 370 351 351 370 370 370 370 454 454 454 454 370 370 370 370 454 454 370 370 370 370 454 454 454 454 451 454 454 370 370 452 452 452 452 452 452 454 454 454 454 451 451 454 454 454 454 451 451 454 454 451 451 452 452 370 370 454 454 451 451 451 451 452 452 

M = 337:
337 403 403 339 339 403 403 337 337 337 337 337 337 403 403 337 337 403 403 403 403 339 339 339 339 337 337 403 403 339 339 337 337 339 339 403 403 339 339 403 403 

M = 303:
303 303 303 303 303 303 303 303 303 303 303 303 303 303 303 303 303 305 305 305 305 305 305 305 305 305 306 306 306 306 306 306 306 306 306 306 306 306 

M = 190:
190 190 190 190 190 190 190 190 190 190 190 190 190 190 190 190 190 190 190 190 190 190 190 190 190 190 190 190 190 171 171 171 171 171 171 

M = 193:
193 193 193 193 193 193 193 194 194 194 194 194 194 194 194 193 193 193 193 193 193 193 193 130 130 130 130 130 

M = 444:
356 356 356 356 356 356 356 356 356 356 356 356 356 356 356 355 355 355 355 361 361 361 361 361 361 444 444 444 444 444 444 444 444 444 444 444 444 444 444 444 444 444 444 444 444 444 444 444 444 444 444 444 444 444 

M = 407:
407 407 407 407 407 407 407 407 407 407 407 408 408 408 408 407 407 407 407 407 407 408 408 407 407 407 407 407 407 407 407 407 407 407 407 407 407 407 407 408 408 408 408 408 408 407 407 

M = 122:
144 144 144 144 144 144 144 144 144 144 119 119 119 143 143 143 119 119 119 143 143 143 120 120 120 143 143 143 145 145 145 124 124 124 124 122 124 124 122 122 122 122 124 124 124 124 124 124 122 122 122 122 122 122 122 122 122 122 122 122 122 122 122 122 

M = 273:
146 146 146 146 146 146 146 146 146 146 146 146 146 146 146 146 146 146 146 146 146 267 267 267 267 267 267 268 268 268 268 268 268 267 267 267 267 267 267 273 273 273 273 273 273 273 273 273 273 273 273 273 273 273 273 273 273 273 273 273 273 273 273 273 273 273 273 273 273 273 273 273 273 273 274 274 274 274 274 274 274 274 274 270 270 270 274 274 274 276 276 276 274 274 274 274 274 274 270 270 270 274 274 274 272 272 272 274 274 274 274 274 274 274 274 274 274 274 274 270 270 270 274 274 274 270 270 270 274 274 274 275 275 150 150 275 275 149 149 275 275 150 150 275 275 275 275 275 275 150 150 149 149 150 150 150 150 149 149 150 150 149 149 275 275 275 275 150 150 275 275 149 149 150 150 149 149 149 149 

M = 261:
147 147 147 147 147 147 178 178 178 178 178 178 178 178 178 178 178 178 178 178 178 180 180 180 180 180 178 178 178 178 178 178 178 178 178 178 180 180 180 180 180 179 179 179 179 263 263 263 263 262 262 262 262 177 177 177 258 258 258 258 258 258 258 258 258 177 177 177 177 177 177 258 258 258 177 177 177 261 261 258 258 258 177 177 177 258 258 258 261 261 261 181 181 181 258 258 258 261 261 261 177 177 177 261 261 261 261 261 261 261 261 261 261 261 261 177 177 177 261 261 261 261 261 261 258 258 258 261 261 261 261 261 261 177 177 177 261 261 261 177 177 177 177 177 177 261 261 261 261 261 261 258 258 258 259 259 259 259 259 259 259 259 229 229 229 229 257 257 257 257 229 229 257 257 259 259 229 229 257 257 259 259 257 257 257 257 229 229 229 229 259 259 259 259 257 257 259 259 229 229 259 259 257 257 259 259 

M = 136:
136 136 136 136 136 136 136 136 136 136 136 136 136 136 136 136 136 136 136 136 136 136 136 137 137 137 137 

M = 388:
365 365 365 365 365 438 438 438 438 364 364 412 412 413 413 387 387 412 412 412 412 388 388 388 412 412 388 388 388 388 388 388 364 364 437 437 412 412 413 413 412 412 387 387 387 387 437 437 364 364 388 388 

M = 410:
411 411 409 409 409 409 409 409 409 409 410 409 409 409 409 411 411 410 410 409 409 410 410 410 410 410 410 410 410 410 410 410 410 409 409 410 410 410 410 410 410 410 410 

M = 167:
164 164 164 164 164 164 164 164 164 164 164 164 164 164 164 164 164 164 164 164 164 164 164 164 165 165 165 165 165 165 165 165 165 165 165 165 165 165 165 165 165 165 165 165 165 165 165 165 165 165 165 165 165 165 172 172 172 172 172 172 172 172 167 167 167 167 167 167 167 167 167 167 167 167 167 167 167 167 167 167 167 167 167 167 167 167 167 167 167 167 167 167 167 167 167 167 167 167 167 167 167 167 167 

M = 251:
251 251 251 251 251 251 251 251 251 251 251 251 251 251 251 251 251 251 251 251 251 251 251 251 251 251 251 251 251 251 251 251 251 251 251 251 251 251 251 251 251 251 251 237 237 237 237 237 237 237 237 237 237 237 237 237 237 237 237 237 237 249 249 249 249 249 249 249 249 249 249 249 249 249 249 249 249 249 249 249 249 249 249 249 249 249 249 249 249 249 249 

M = 285:
281 281 281 281 281 281 281 281 281 281 281 281 280 280 285 280 280 285 285 284 284 285 285 285 285 285 285 280 280 285 285 285 285 285 285 285 285 285 285 285 285 285 285 280 280 285 285 285 285 284 284 285 285 280 280 

M = 377:
419 419 377 377 377 379 379 379 379 377 377 341 341 341 341 379 379 419 419 377 377 419 419 377 377 377 377 379 379 419 419 

M = 220:
220 220 220 220 220 220 220 220 220 220 220 220 220 220 220 220 220 220 220 220 220 220 220 220 220 220 220 220 220 220 220 220 220 220 220 220 220 220 220 220 220 220 220 220 

