M = 201:
201 201 201 201 201 201 201 201 201 201 201 201 201 201 201 201 201 201 201 201 201 201 201 201 201 201 201 201 201 201 201 201 201 201 201 201 201 201 201 201 201 201 201 201 201 201 201 201 201 201 201 201 201 201 201 201 201 201 201 201 201 201 201 201 201 201 201 201 201 201 201 201 201 201 201 201 201 201 201 201 201 201 201 201 201 201 201 201 201 201 201 201 201 201 201 201 201 201 201 201 201 201 201 201 201 201 201 201 201 201 201 235 235 235 235 235 235 235 235 235 235 235 235 235 235 235 235 

M = 237:
237 237 237 237 237 237 237 237 237 

M = 143:
144 144 144 144 144 144 144 144 144 144 143 143 143 143 143 143 143 143 143 143 143 143 143 141 141 143 143 143 143 141 141 143 143 141 141 141 141 143 143 145 145 145 145 

M = 157:
158 158 158 158 158 158 158 158 158 158 158 158 158 158 158 158 158 158 158 158 158 158 158 158 161 161 161 161 161 161 157 157 157 157 157 157 157 157 157 157 157 157 157 157 159 159 159 159 159 157 157 157 157 157 157 157 157 157 157 157 157 157 157 157 157 157 157 157 157 157 157 157 157 157 163 163 163 163 163 163 163 163 163 163 163 163 163 163 163 163 163 163 163 163 163 163 163 163 163 163 163 163 163 163 163 163 

M = 206:
206 206 206 206 206 206 206 206 206 206 206 206 206 206 206 206 206 206 206 206 206 206 206 206 206 206 206 206 206 206 206 206 206 206 206 206 206 206 206 206 206 206 206 206 206 206 206 206 206 206 206 206 206 206 206 206 206 206 206 206 206 206 206 206 206 206 206 206 206 206 206 206 206 206 206 206 206 208 208 208 208 208 208 208 208 208 208 208 208 208 208 208 208 208 208 208 208 208 208 208 208 208 208 208 208 208 208 208 208 208 208 208 208 208 208 208 208 208 208 208 208 208 207 207 

M = 249:
248 248 248 248 248 248 248 248 248 248 248 248 249 249 249 249 249 249 249 249 249 249 249 249 249 249 249 249 249 249 249 249 249 249 249 249 249 249 249 249 249 249 249 249 249 249 249 249 249 249 249 249 249 249 249 249 249 249 249 249 249 249 249 249 249 249 249 249 249 249 249 249 249 249 249 249 249 249 249 249 249 249 249 249 249 249 249 249 249 

M = 311:
314 314 314 314 314 314 314 314 314 314 314 314 311 311 311 311 311 311 311 311 311 311 311 311 311 311 311 311 311 311 311 311 311 311 311 311 311 311 311 311 311 311 311 311 311 311 311 311 311 311 311 311 311 311 311 311 311 311 311 311 311 311 308 308 308 308 

M = 196:
245 245 245 245 245 245 245 245 245 245 245 245 245 245 245 245 245 245 245 245 245 245 245 245 245 245 245 245 245 245 245 245 245 245 245 245 244 244 244 244 244 244 244 244 244 244 244 197 197 197 197 197 197 197 197 197 197 197 197 197 197 197 197 197 197 197 197 197 197 197 197 196 196 196 196 196 196 196 196 196 196 196 196 196 196 196 196 196 196 196 196 196 196 196 196 196 196 196 196 196 196 196 196 196 196 196 196 196 196 196 196 196 196 196 196 196 196 196 196 196 196 196 196 196 196 196 196 196 196 196 196 196 196 196 196 196 196 196 196 196 196 196 196 196 196 196 196 239 239 239 239 239 239 242 242 242 242 242 242 242 242 242 242 242 242 130 130 130 130 130 130 130 130 130 130 130 130 130 130 130 130 130 130 130 130 130 130 130 130 130 130 130 130 130 130 130 130 130 130 130 130 130 130 130 130 130 130 130 130 130 130 130 130 130 130 130 130 130 130 130 130 

M = 305:
305 305 305 305 305 305 305 305 305 303 303 303 303 303 305 305 305 305 305 305 305 305 305 305 305 305 305 305 305 305 305 305 305 305 303 303 303 303 303 303 303 303 303 303 303 303 303 303 303 303 303 303 303 303 305 305 305 305 305 305 305 305 305 305 305 305 305 305 305 305 305 305 305 305 305 305 305 305 305 305 305 305 305 305 305 305 305 305 305 303 303 303 303 303 307 307 307 302 302 302 307 307 307 302 302 302 302 302 302 302 302 302 302 302 302 307 307 307 302 302 302 307 307 307 302 302 302 302 302 302 302 302 302 302 302 302 307 307 307 302 302 302 302 302 302 302 302 302 

M = 261:
181 181 181 181 181 181 181 181 181 178 178 178 178 229 229 261 262 262 229 229 182 182 178 178 229 229 229 229 229 229 261 261 178 178 261 261 178 178 261 261 261 261 229 229 261 261 182 182 229 229 182 182 261 261 261 261 178 178 261 261 261 261 262 262 182 182 261 261 178 178 261 261 178 178 261 261 178 178 261 261 261 261 261 261 229 229 261 261 229 229 

M = 123:
124 124 124 124 124 124 124 124 124 124 124 124 124 124 124 124 124 124 124 124 124 124 124 124 124 124 124 124 124 124 124 124 124 123 123 123 123 123 123 123 123 123 123 123 123 123 123 123 123 123 123 123 123 123 123 123 123 123 123 123 123 123 134 134 134 134 134 134 134 134 134 119 119 119 119 119 119 119 119 120 120 120 120 120 120 120 120 120 120 120 120 136 136 136 136 136 136 136 136 136 136 136 136 136 136 136 136 136 136 136 136 122 122 122 122 122 122 122 122 122 122 122 122 122 122 122 122 122 122 122 122 122 122 122 122 122 122 122 122 122 122 122 122 122 122 

M = 267:
146 146 146 146 146 146 146 146 146 146 146 146 146 146 146 146 267 267 147 147 147 267 267 267 267 267 267 267 267 267 267 267 267 267 267 267 267 267 267 267 267 267 

M = 266:
266 266 266 266 266 266 266 266 266 266 266 266 266 266 266 266 266 266 266 266 266 266 266 266 266 266 266 266 266 266 266 266 266 266 266 265 265 265 265 265 265 265 265 265 265 265 265 

M = 126:
126 126 126 126 126 126 126 126 126 126 126 126 126 127 127 127 127 127 127 127 127 127 127 127 127 125 125 125 

M = 264:
264 264 264 264 264 264 264 264 264 264 264 264 264 264 264 264 264 

M = 251:
251 251 251 251 251 251 251 251 251 251 251 251 251 251 251 251 251 251 251 251 251 251 251 251 251 251 251 251 251 251 251 251 251 251 251 251 251 251 251 251 251 251 251 251 251 251 251 251 251 251 251 251 251 251 251 251 251 251 251 251 251 251 251 251 251 251 251 251 251 251 251 251 251 251 251 251 251 251 251 251 251 251 251 251 251 251 251 251 251 251 251 251 251 251 251 251 251 251 251 251 251 251 251 251 

M = 274:
274 274 274 274 274 272 272 272 274 274 274 274 274 274 274 274 274 274 274 274 274 274 274 274 274 274 274 274 274 274 274 274 274 274 274 

M = 268:
268 268 268 268 268 268 268 268 268 268 268 268 268 268 268 268 268 268 268 268 

M = 297:
300 300 300 300 300 299 299 299 299 299 299 299 299 299 299 301 301 301 301 296 296 296 296 301 301 301 301 301 301 301 301 297 297 297 297 297 297 297 296 296 296 296 297 297 297 297 297 297 297 297 297 297 297 297 297 297 297 297 301 301 301 301 297 297 297 297 297 297 297 297 297 297 297 297 297 297 297 297 297 297 297 297 297 297 297 297 297 297 297 297 297 297 297 297 301 301 301 301 301 301 301 301 301 301 301 301 301 301 301 301 301 301 301 301 297 297 297 297 297 297 297 297 297 297 297 297 297 297 297 297 293 293 293 293 293 293 293 293 293 293 293 293 293 293 293 293 293 293 293 293 293 293 293 293 293 293 293 293 293 293 

M = 165:
165 165 165 165 164 164 164 164 164 165 165 165 165 165 165 165 165 165 165 165 165 165 165 165 165 165 165 165 165 164 164 164 164 164 165 165 165 165 165 165 165 165 165 165 165 165 165 165 165 165 165 165 165 165 165 165 165 165 165 165 165 165 165 165 165 165 165 165 165 165 165 165 165 165 165 165 165 165 165 168 168 

