M = 133:
193 193 193 193 193 193 193 193 193 193 193 193 193 193 193 193 193 193 193 193 193 121 121 121 121 136 136 136 136 136 136 136 136 136 136 136 136 136 136 136 141 141 141 130 130 130 130 122 122 122 122 130 130 122 122 137 137 122 122 122 122 130 130 130 130 122 122 122 122 130 130 130 130 130 130 122 122 130 130 133 122 122 122 122 122 122 122 122 130 130 130 130 133 133 133 133 130 130 133 133 122 122 130 130 122 122 130 130 130 130 130 130 133 133 

M = 157:
163 163 163 163 163 163 163 163 163 163 163 163 162 162 157 159 159 157 157 157 157 157 157 159 159 157 157 157 157 159 159 162 162 162 162 162 162 157 157 157 157 157 157 159 159 157 157 162 162 159 159 157 157 162 162 162 162 157 157 159 159 162 162 159 159 162 162 159 159 159 159 157 157 

M = 420:
419 419 419 419 419 419 419 419 419 419 419 419 419 419 419 419 419 419 419 419 419 419 419 419 419 419 419 379 379 379 419 419 419 383 383 383 383 420 375 375 374 374 375 375 383 383 375 375 421 421 375 375 421 421 378 378 375 375 375 375 420 420 420 420 421 421 420 420 420 420 383 383 383 383 375 375 374 374 420 420 343 343 420 420 420 420 375 375 375 375 420 420 375 375 420 420 420 420 375 375 420 420 378 378 421 421 421 421 383 383 378 378 420 420 383 383 383 383 375 375 420 420 421 421 420 420 421 421 420 420 375 375 383 383 375 375 383 383 378 378 375 375 

M = 337:
341 341 341 341 341 341 341 341 337 337 337 337 337 337 337 337 337 337 337 337 337 337 337 337 337 337 337 337 337 337 337 337 337 337 337 337 337 337 337 337 337 337 337 337 337 337 337 337 337 337 337 337 337 337 337 337 337 337 337 337 337 337 337 337 337 337 337 337 337 337 337 337 337 337 337 337 337 336 336 336 336 336 336 336 336 336 336 336 336 336 336 336 336 336 336 405 405 405 405 405 405 405 405 405 405 342 342 342 342 403 403 401 401 403 403 403 403 403 403 334 334 403 403 401 401 334 334 327 327 403 403 403 403 403 403 403 403 403 403 403 403 403 403 403 403 327 327 403 403 401 401 403 403 334 334 403 403 

M = 440:
440 440 440 440 440 440 440 440 440 440 440 440 440 440 438 438 438 438 438 440 440 440 440 440 440 440 440 440 440 440 440 440 440 440 438 438 438 438 438 438 438 438 438 438 440 440 440 440 440 439 439 439 441 441 441 441 441 441 441 441 441 441 441 441 441 441 441 441 441 441 441 441 441 441 441 441 441 441 441 441 

M = 444:
444 444 444 444 444 444 444 428 428 444 444 399 399 444 444 444 444 444 444 444 444 428 428 444 444 444 444 428 428 428 428 444 444 428 428 428 428 428 428 444 444 428 428 444 444 428 428 399 399 428 428 444 444 428 428 428 428 444 444 

M = 245:
245 245 245 245 

M = 177:
119 119 119 181 181 181 147 147 147 147 147 147 119 119 119 119 119 119 181 181 181 181 181 181 119 119 119 181 181 181 119 119 119 119 119 119 177 178 178 146 146 145 145 177 177 178 178 178 178 145 145 177 177 177 177 148 148 265 265 265 265 146 146 177 177 177 177 146 146 146 146 146 146 145 145 178 178 146 146 178 178 146 146 178 178 145 145 145 145 146 146 178 178 146 146 145 145 146 146 146 146 145 145 178 178 146 146 178 178 178 178 177 177 146 146 177 177 146 146 146 146 145 145 178 178 177 177 177 177 146 146 146 146 177 177 177 177 145 145 146 146 148 148 178 178 145 145 145 145 148 148 178 178 

M = 391:
435 435 435 435 435 435 435 435 435 435 435 435 435 435 435 435 435 435 435 435 435 435 435 435 435 435 435 435 435 435 391 391 391 391 391 391 391 391 391 391 391 391 391 391 391 391 391 391 391 391 391 391 391 391 391 391 391 391 391 391 391 391 391 391 391 391 391 391 391 391 391 391 391 391 391 391 391 391 391 391 391 391 391 391 391 391 391 391 391 391 391 391 391 391 391 391 391 

M = 390:
390 390 390 390 390 390 390 390 390 390 390 390 390 390 390 390 390 390 390 390 390 390 390 390 390 390 390 390 390 390 390 390 390 390 390 390 390 390 390 390 390 390 390 390 390 390 390 390 390 390 390 390 390 390 390 390 390 390 390 390 390 390 390 390 390 390 390 390 390 390 390 333 333 333 333 333 333 333 333 333 333 333 333 

M = 293:
293 293 293 293 293 293 293 293 293 293 293 293 293 293 293 293 293 293 293 293 293 293 293 293 293 293 293 293 293 293 293 293 293 293 293 293 293 293 293 293 293 293 293 293 293 293 293 293 293 293 290 290 290 290 320 320 290 290 290 290 313 313 290 290 290 290 313 313 320 320 290 290 290 290 290 290 288 288 320 320 320 320 313 313 290 290 316 316 290 290 290 290 320 320 320 320 320 320 320 320 290 290 313 313 320 320 290 290 290 290 290 290 320 320 313 313 

M = 359:
359 359 359 359 359 359 359 359 359 359 359 359 359 359 358 358 358 455 455 455 455 455 455 455 455 455 455 

M = 242:
242 242 242 242 242 242 242 242 242 242 242 242 242 242 242 242 242 242 242 242 242 242 242 242 242 242 242 242 242 242 242 242 242 242 242 242 242 242 242 242 242 242 242 242 242 242 242 242 242 242 242 242 242 243 243 243 243 243 243 243 243 194 194 194 194 194 194 194 194 194 194 194 194 194 194 194 194 194 194 194 194 194 194 194 194 194 194 194 194 

M = 281:
301 301 301 301 281 301 301 281 281 281 281 281 281 281 281 281 281 301 301 301 301 281 281 281 281 281 281 281 281 281 281 281 281 281 281 301 301 281 281 301 301 301 301 301 301 301 301 301 301 281 281 283 283 301 301 281 281 281 281 301 301 

M = 370:
345 345 345 345 385 385 385 370 370 370 370 370 349 349 349 370 370 370 385 385 385 370 370 370 385 385 385 370 370 370 347 347 347 370 370 370 370 370 370 370 370 370 370 370 370 370 370 370 347 347 347 385 385 385 347 347 347 347 347 347 370 370 370 385 385 385 347 347 347 385 385 385 372 372 372 372 372 372 351 351 351 351 351 351 372 372 351 351 351 351 351 351 372 372 351 351 351 351 351 351 

M = 389:
389 389 389 389 389 389 389 389 389 389 389 389 389 389 389 389 389 389 389 389 

M = 249:
249 249 249 249 249 249 249 249 249 249 249 249 249 249 249 249 249 249 249 249 249 249 249 249 249 249 249 

M = 363:
362 362 362 362 362 362 362 362 362 362 362 362 362 362 362 362 362 362 364 364 364 364 364 364 362 362 362 362 362 362 364 364 364 364 364 364 362 362 362 362 362 362 364 364 364 364 364 364 362 362 362 362 362 362 364 364 364 364 364 364 364 364 364 364 364 364 361 361 361 361 361 361 361 361 361 366 366 363 363 363 366 366 363 363 363 363 363 363 366 366 366 366 366 366 363 363 366 366 363 363 363 363 363 363 363 363 363 363 363 363 363 363 363 363 363 363 363 363 366 366 363 363 363 363 

M = 165:
165 165 165 165 165 165 165 165 165 165 165 165 165 165 165 165 165 165 165 165 165 165 165 165 165 165 165 165 165 165 165 165 165 165 165 165 165 165 165 165 165 165 165 165 165 165 165 165 165 165 165 165 165 165 165 165 165 165 165 165 165 165 165 165 165 165 165 165 165 165 165 164 164 164 164 164 164 164 164 164 164 164 164 164 164 164 164 164 164 164 164 164 164 164 164 164 164 164 164 164 164 164 164 164 164 164 164 164 164 164 164 164 164 164 164 164 164 164 164 164 164 164 164 164 164 164 164 167 167 167 167 167 167 167 167 167 167 167 167 167 167 167 167 167 167 167 167 167 167 167 167 167 167 167 167 167 167 167 167 167 167 167 167 167 167 167 167 167 167 167 167 167 167 167 167 167 167 167 167 167 167 167 167 167 167 167 167 167 167 167 167 167 

M = 220:
217 217 217 217 217 217 217 219 219 219 219 219 219 219 217 217 217 217 217 217 217 217 217 217 217 217 217 217 217 217 217 217 217 217 217 190 190 190 190 190 190 190 190 190 190 190 190 190 190 190 190 190 190 190 190 190 190 190 190 190 142 142 142 142 142 142 142 142 140 140 140 140 142 142 142 142 140 140 140 140 140 140 140 140 142 142 142 142 142 142 142 142 220 220 220 220 220 220 220 220 171 171 171 220 220 220 215 215 215 215 215 215 220 220 220 171 171 171 220 220 220 220 220 220 171 171 171 171 171 171 215 215 215 172 172 172 220 220 220 220 220 220 172 172 172 220 220 220 220 220 220 215 215 215 215 215 215 220 220 220 220 220 220 220 220 220 215 215 215 215 215 215 172 172 172 215 215 215 172 172 172 215 215 215 192 192 192 192 192 192 192 192 192 192 192 192 192 192 192 192 192 192 192 192 

