M = 267:
268 268 268 268 268 268 268 268 268 268 268 268 268 268 268 268 268 268 268 268 268 268 268 268 268 268 268 268 267 267 267 267 267 267 267 267 267 267 267 267 267 267 267 271 271 271 271 267 267 267 267 267 267 267 267 267 267 267 267 267 267 267 267 267 267 267 267 267 267 267 267 267 267 267 267 267 267 267 267 267 267 267 267 267 267 267 267 178 178 178 147 147 147 

M = 379:
379 379 379 379 379 379 379 379 379 379 379 379 379 379 379 379 379 379 379 379 379 379 379 379 379 

M = 144:
146 146 146 146 146 146 146 146 146 146 146 146 146 146 146 141 141 141 141 212 212 212 144 144 212 212 212 144 144 144 212 212 212 212 212 212 177 177 177 177 177 177 

M = 293:
297 297 297 297 297 297 297 297 297 297 297 297 297 293 293 293 293 293 293 293 293 293 293 293 293 293 293 293 293 293 293 293 293 293 293 293 293 293 293 293 293 293 293 293 293 293 293 293 293 293 293 293 293 293 293 293 293 293 293 293 293 293 293 293 293 293 293 293 293 293 293 293 293 293 293 293 293 293 299 299 299 299 299 299 299 299 299 299 299 293 293 293 293 293 293 293 293 293 293 293 293 293 293 293 293 293 293 293 293 293 293 293 293 293 293 293 293 293 293 293 293 293 293 293 293 293 293 293 293 293 293 293 293 293 293 293 293 293 293 293 293 293 293 293 292 292 292 292 292 292 292 322 322 322 321 321 294 294 294 294 294 294 294 294 294 294 294 294 294 294 321 321 294 294 321 321 294 294 294 294 

M = 313:
319 319 319 319 319 319 316 316 313 313 313 313 313 313 313 313 313 313 313 313 313 313 313 313 313 313 313 313 313 313 313 313 313 

M = 208:
126 126 126 126 126 126 126 126 126 124 124 124 124 201 201 201 201 201 201 208 124 124 206 206 124 124 201 201 201 201 201 201 208 208 124 124 208 208 201 201 208 208 208 208 201 201 208 208 201 201 208 208 201 201 201 201 201 201 201 201 201 201 208 208 206 206 208 208 124 124 

M = 197:
248 248 248 248 248 248 248 248 248 248 248 248 248 248 248 248 248 248 248 248 197 197 197 197 197 197 197 197 197 197 197 197 197 197 197 197 197 197 197 197 197 197 197 197 197 197 197 197 197 197 197 197 197 197 197 197 197 197 197 197 197 197 197 197 197 197 197 197 197 197 127 127 134 134 127 127 128 128 134 134 134 134 134 134 134 134 134 134 134 134 127 127 128 128 134 134 134 134 134 134 127 127 134 134 131 131 134 134 134 134 128 128 134 134 134 134 134 134 127 127 

M = 440:
440 440 440 440 440 440 440 440 440 440 440 440 440 440 440 440 440 440 440 440 440 440 440 440 440 440 440 440 440 440 440 440 440 440 440 440 440 440 440 440 440 440 440 440 440 440 440 440 440 440 440 440 440 440 440 440 440 440 440 440 440 440 440 440 440 440 440 440 440 440 440 441 441 441 441 441 441 441 441 441 441 441 441 

M = 305:
303 303 303 303 303 303 303 303 303 303 303 305 305 305 305 305 305 305 305 305 305 305 305 305 305 305 305 305 305 305 305 305 305 305 305 305 305 305 305 305 305 305 305 305 305 305 305 305 305 305 305 305 305 305 305 305 305 305 305 302 302 302 306 306 306 302 302 302 302 302 302 302 302 302 302 302 302 302 302 302 302 302 302 302 302 302 302 302 302 

M = 444:
443 443 443 443 443 443 443 443 443 443 443 443 362 362 362 362 362 362 362 362 362 362 362 362 362 362 362 362 362 362 362 362 362 362 362 362 362 362 362 362 362 362 362 362 362 362 362 362 444 444 444 444 444 444 444 444 444 444 444 444 444 444 444 444 444 444 444 444 444 444 444 287 287 444 444 444 444 444 444 

M = 357:
356 356 356 356 356 356 356 356 356 356 356 356 356 356 356 356 356 356 357 359 359 357 357 359 359 359 359 359 359 359 359 357 357 359 359 357 357 359 359 359 359 

M = 403:
401 401 401 401 403 401 401 403 403 330 330 403 403 403 403 330 330 401 401 403 403 330 330 403 403 327 327 401 401 403 403 401 401 401 401 327 327 327 327 403 403 403 403 403 403 401 401 401 401 403 403 403 403 401 401 401 401 401 401 401 401 403 403 331 331 403 403 330 330 403 403 401 401 403 403 403 403 401 401 330 330 330 330 327 327 403 403 

M = 241:
242 242 242 242 242 242 242 242 242 242 242 242 242 242 242 242 242 242 247 247 247 247 247 244 244 244 244 244 245 245 245 245 245 245 245 245 245 245 241 241 241 241 241 194 194 194 240 240 240 241 241 241 240 240 240 241 241 241 194 194 194 241 241 241 241 241 241 241 241 241 241 241 241 193 193 193 193 193 193 

M = 343:
343 343 343 343 343 341 341 343 343 343 343 341 341 341 341 343 343 343 343 341 341 343 343 343 343 

M = 120:
120 120 120 120 120 120 120 120 120 120 120 122 122 122 119 119 119 179 179 179 122 122 122 122 122 122 119 119 119 122 122 122 122 122 122 119 119 119 122 122 122 119 119 119 119 119 119 122 122 122 119 119 119 180 180 180 122 122 122 180 180 180 119 119 119 122 122 122 122 122 122 119 119 119 122 122 122 180 180 180 122 122 122 119 119 119 119 119 119 122 122 122 119 119 119 119 119 119 122 122 122 119 119 119 122 122 122 122 122 122 180 180 180 122 122 122 137 137 

M = 280:
281 281 281 281 281 281 281 281 281 281 281 281 281 281 280 280 280 280 280 280 280 280 280 280 280 280 280 280 280 280 280 280 280 280 280 280 280 280 280 280 280 280 280 285 285 285 

M = 251:
165 165 165 165 165 165 165 165 165 165 165 165 165 165 165 165 165 165 165 165 165 165 165 165 165 165 165 165 165 165 165 165 165 165 165 164 164 164 164 164 164 164 164 164 164 164 164 163 163 163 163 157 157 157 157 159 159 159 159 159 159 159 159 158 158 158 158 163 163 163 163 237 237 237 237 158 158 158 158 250 250 250 250 157 157 157 157 158 158 158 158 157 157 157 157 158 158 158 158 250 250 250 250 237 237 237 237 163 163 163 163 251 251 249 249 249 235 235 235 235 235 235 251 251 251 249 249 249 162 162 162 251 251 251 249 249 249 162 162 162 162 162 162 251 251 251 235 235 235 251 251 251 249 249 249 249 249 249 162 162 162 251 251 251 251 251 251 162 162 162 251 251 251 251 251 251 249 249 249 251 251 251 249 249 249 251 251 251 235 235 235 251 251 251 251 251 251 249 249 249 249 249 249 249 249 249 249 249 249 249 249 249 203 203 203 203 

M = 277:
278 278 278 278 278 278 278 278 278 278 278 278 278 278 278 278 278 278 278 278 278 278 278 278 277 277 277 277 277 277 277 277 277 277 277 277 277 277 277 277 277 277 277 277 277 277 277 277 277 277 277 277 277 277 277 277 277 277 277 277 277 277 277 277 277 277 277 277 277 277 277 277 277 277 277 277 277 277 277 277 277 277 277 277 277 277 277 277 277 277 277 277 277 277 277 277 277 277 277 277 277 277 277 277 277 277 277 277 277 277 277 277 277 277 277 277 277 277 277 277 277 277 277 277 277 277 277 277 277 277 277 277 277 277 277 277 277 277 277 277 277 277 277 277 277 277 277 277 277 272 272 272 272 272 272 272 272 272 272 272 272 272 272 272 275 275 275 275 275 275 275 275 275 275 275 275 275 275 275 275 275 275 275 275 

M = 172:
172 172 172 172 172 172 172 172 172 172 172 172 172 172 172 172 172 172 172 172 172 172 172 172 172 172 172 172 172 172 172 172 172 172 172 172 172 172 172 172 172 172 172 172 172 172 172 172 172 172 172 172 172 172 172 172 172 172 172 172 172 172 218 218 218 218 218 218 218 172 172 172 172 172 172 172 172 172 172 172 172 172 172 172 172 172 172 172 172 172 168 168 168 168 168 168 168 190 190 190 190 190 190 190 190 190 190 190 190 167 167 167 167 171 171 171 171 167 167 167 167 167 167 167 167 167 167 167 167 171 171 171 171 167 167 167 167 167 167 167 167 167 167 167 167 167 167 167 167 171 171 171 171 167 167 167 167 173 173 170 170 220 220 170 170 220 220 220 220 170 170 220 220 220 220 220 220 220 220 173 173 220 220 173 173 170 170 220 220 170 170 173 173 173 173 170 170 173 173 220 220 173 173 220 220 170 170 220 220 220 220 220 220 170 170 170 170 170 170 170 170 173 173 170 170 220 220 170 170 220 220 220 220 170 170 

M = 377:
376 376 376 376 377 377 377 377 377 377 377 377 377 377 377 378 378 377 377 377 377 377 377 377 377 378 378 377 377 376 376 377 377 376 376 

