M = 146:
147 147 147 147 147 147 147 147 147 147 147 147 147 147 147 147 147 147 147 147 146 146 146 146 146 146 146 146 146 146 146 146 146 146 146 146 146 146 146 146 146 146 146 146 146 146 146 146 146 146 146 146 146 146 146 146 146 146 146 146 146 146 146 146 146 146 146 146 146 146 146 146 146 142 142 142 142 142 142 142 268 268 268 268 268 268 268 268 268 268 268 268 268 268 268 268 268 268 269 269 269 269 269 269 269 269 269 269 148 148 148 148 

M = 454:
358 358 358 358 358 358 455 455 454 456 456 455 455 454 454 455 455 456 456 454 454 456 456 456 456 454 454 455 455 455 455 454 454 

M = 157:
161 161 161 161 161 161 161 159 159 159 159 159 159 159 159 159 159 159 159 159 159 159 159 159 159 159 159 159 162 162 162 162 162 162 162 162 162 162 162 162 162 162 157 157 157 157 157 157 157 157 157 158 158 158 158 158 158 158 158 158 158 158 158 249 249 251 251 249 249 156 156 249 249 249 249 251 251 249 249 156 156 251 251 249 249 251 251 249 249 249 249 251 251 251 251 251 251 251 251 156 156 251 251 249 249 156 156 251 251 251 251 249 249 251 251 251 251 249 249 251 251 251 251 249 249 251 251 156 156 249 249 249 249 249 249 249 249 251 251 249 249 

M = 335:
331 331 335 335 335 335 335 335 335 330 330 331 331 330 330 331 331 331 331 335 335 335 335 335 335 330 330 335 335 330 330 335 335 335 335 

M = 208:
208 208 208 208 208 208 208 208 208 208 208 208 208 208 208 208 208 208 208 208 208 208 208 208 208 208 208 208 208 208 208 208 208 208 208 208 208 208 208 208 208 208 208 208 224 224 224 224 224 224 224 224 224 224 224 224 224 224 224 224 224 224 224 224 224 224 224 224 224 224 224 224 224 224 

M = 440:
440 440 440 440 440 440 440 440 440 440 440 440 440 440 440 440 440 440 440 440 440 440 440 441 441 441 441 440 440 440 440 440 440 440 440 438 438 438 443 443 443 443 443 443 438 438 438 438 438 438 438 438 438 438 438 438 438 438 438 443 443 443 

M = 447:
356 356 356 356 356 362 362 362 362 362 356 356 356 356 356 354 354 354 354 354 354 354 354 426 426 426 426 426 426 428 428 428 426 426 426 426 426 426 426 426 426 426 426 426 426 426 426 447 444 444 444 444 444 444 444 444 447 447 444 444 447 447 447 447 447 447 447 447 447 447 444 444 444 444 447 447 444 444 444 444 361 361 447 447 447 447 444 444 444 444 444 444 444 444 447 447 444 444 447 447 361 361 447 447 444 444 444 444 444 444 

M = 261:
229 229 229 229 229 229 229 229 262 262 262 262 262 262 262 262 262 262 262 262 262 262 262 262 262 262 262 262 262 262 262 262 261 261 261 261 261 261 261 261 261 261 261 261 261 261 261 261 261 261 261 261 261 261 261 261 261 261 261 261 261 261 261 261 261 261 261 261 261 261 261 261 261 261 261 261 261 261 261 261 261 264 264 264 264 264 264 264 264 263 263 263 263 263 263 263 263 264 264 264 264 264 264 264 264 259 259 259 259 259 259 259 259 259 259 259 259 259 259 259 259 259 259 259 259 259 259 259 259 259 259 259 259 259 259 259 259 259 259 259 259 

M = 419:
401 401 403 403 424 424 401 401 419 419 419 400 400 403 403 377 377 377 377 401 401 421 421 377 377 403 403 377 377 403 403 421 421 379 379 401 401 403 403 403 403 379 379 377 377 401 401 419 419 379 379 401 401 400 400 421 421 424 424 421 421 403 403 421 421 400 400 424 424 379 379 379 379 377 377 379 379 419 419 401 401 403 403 419 419 400 400 379 379 379 379 377 377 403 403 379 379 424 424 401 401 403 403 400 400 403 403 400 400 401 401 421 421 419 419 419 419 379 379 419 419 400 400 379 379 419 419 403 403 377 377 419 419 403 403 377 377 401 401 421 421 424 424 403 403 377 377 377 377 403 403 379 379 419 419 379 379 403 403 401 401 401 401 419 419 379 379 419 419 

M = 120:
120 120 120 120 120 120 120 120 120 120 120 120 120 120 120 120 120 120 120 120 

M = 178:
178 178 178 178 178 178 178 178 178 178 178 178 178 178 178 178 178 178 178 178 178 178 178 178 178 178 178 178 178 178 178 178 178 178 178 178 178 178 178 265 265 265 265 265 265 265 265 265 265 178 178 178 178 178 178 178 178 178 178 178 178 178 178 178 178 178 178 178 178 178 178 178 178 178 178 178 178 178 178 265 265 265 265 265 265 265 265 265 265 180 180 180 180 180 180 180 180 180 180 178 178 178 178 178 178 178 178 178 178 180 180 180 180 180 180 180 180 180 180 178 178 178 178 178 178 178 178 178 178 178 178 178 178 178 178 178 178 178 178 178 178 178 178 178 178 178 178 178 178 178 178 178 178 178 178 178 178 178 178 265 265 265 265 265 265 265 265 265 265 182 182 182 182 182 182 182 182 182 182 182 182 182 182 182 182 182 182 182 182 182 182 182 182 182 182 182 182 183 183 183 183 183 183 183 183 183 183 183 183 183 183 183 183 183 183 183 183 183 183 183 183 183 183 183 183 183 183 183 183 183 183 183 183 183 183 183 183 183 183 183 183 183 183 183 183 183 183 183 183 183 183 183 183 183 183 183 183 

M = 122:
122 122 122 122 122 122 122 122 122 122 122 122 122 122 122 122 122 122 122 122 122 122 122 122 122 122 122 122 122 122 122 122 122 122 122 122 122 122 122 122 122 122 122 122 122 122 122 122 122 122 122 122 122 122 122 122 122 122 122 122 122 122 122 122 122 122 122 122 122 122 122 122 122 122 141 141 141 141 140 140 140 140 141 141 141 141 139 139 139 139 139 139 212 212 212 212 212 212 139 139 139 212 212 212 212 212 212 212 212 212 212 212 212 212 212 212 212 212 212 139 139 139 139 139 139 212 212 212 139 139 139 139 139 139 212 212 212 

M = 326:
323 323 326 326 326 325 325 323 323 325 325 325 325 326 326 325 325 323 323 325 325 326 326 324 324 326 326 326 326 326 326 326 326 325 325 322 322 322 322 325 325 324 324 326 326 326 326 326 326 322 322 322 322 326 326 326 326 324 324 325 325 324 324 322 322 322 322 

M = 275:
303 303 303 303 303 303 303 303 303 303 303 303 303 303 303 303 303 303 303 303 303 303 303 303 303 303 303 303 303 303 303 303 275 275 274 274 274 305 305 305 275 275 275 273 273 273 273 273 273 274 274 274 301 301 301 274 274 274 273 273 273 274 274 274 274 274 274 305 305 305 274 274 274 274 274 274 274 274 274 273 273 273 275 275 275 301 301 301 274 274 274 273 273 273 275 275 275 274 274 274 273 273 273 274 274 274 273 273 273 274 274 274 275 275 275 273 273 273 274 274 274 273 273 273 273 273 273 301 301 301 273 273 273 274 274 274 274 274 274 273 273 273 273 273 273 274 274 274 274 274 274 305 305 305 275 275 275 273 273 273 305 305 305 305 305 305 305 305 305 273 273 273 305 305 305 274 274 274 276 276 307 307 280 280 302 302 279 279 307 307 278 278 307 307 307 307 276 276 279 279 276 276 280 280 279 279 279 279 279 279 280 280 307 307 280 280 307 307 302 302 279 279 276 276 276 276 279 279 307 307 279 279 302 302 280 280 276 276 279 279 307 307 280 280 

M = 242:
242 242 242 242 242 242 242 242 242 242 242 242 242 242 242 242 242 242 242 242 242 242 242 242 242 242 242 242 242 242 242 242 242 242 242 242 242 242 242 242 242 242 242 242 242 242 242 242 242 242 242 242 242 242 242 242 242 242 242 243 243 243 243 243 243 243 243 243 243 243 243 243 243 243 243 243 243 243 243 243 243 243 243 243 243 243 243 243 243 243 243 243 243 243 243 244 244 244 244 244 244 244 244 244 244 244 244 244 244 244 244 244 244 245 245 245 248 248 248 248 246 246 248 248 248 248 

M = 194:
240 240 240 240 240 240 240 240 240 240 240 240 240 240 240 240 240 240 240 240 240 240 240 240 194 194 194 194 194 194 194 194 194 194 194 194 194 194 194 194 194 194 194 194 194 194 194 194 194 194 194 194 194 194 194 194 194 194 194 194 194 194 194 194 194 194 194 194 194 194 194 194 194 194 194 194 194 194 194 194 194 194 194 194 194 194 194 194 194 194 194 194 194 194 194 194 194 194 194 194 194 194 194 194 194 194 194 194 194 194 194 194 194 194 194 194 194 194 194 194 194 218 218 218 218 218 218 190 190 190 190 190 190 190 190 190 190 190 190 193 193 193 193 193 193 193 193 193 193 193 193 193 193 193 193 193 193 193 193 193 193 193 193 193 134 134 134 134 134 134 134 134 134 134 134 134 134 134 134 134 134 134 134 134 134 215 215 215 134 134 134 131 131 130 130 220 220 130 130 220 220 220 220 220 220 131 131 220 220 220 220 130 130 220 220 130 130 130 130 130 130 220 220 192 192 220 220 130 130 220 220 130 130 131 131 220 220 220 220 220 220 130 130 220 220 220 220 130 130 220 220 130 130 192 192 130 130 220 220 

M = 165:
165 165 165 165 165 165 165 165 165 165 165 165 165 165 165 165 165 165 165 165 165 165 165 165 165 165 165 165 165 165 165 165 165 165 165 165 165 165 165 165 165 165 165 165 165 165 165 165 165 165 165 165 165 165 165 165 165 165 165 165 165 165 165 165 165 165 165 165 165 165 165 165 165 165 165 165 165 165 165 165 165 165 165 165 165 165 165 165 165 165 165 165 165 165 165 165 165 165 164 164 164 164 164 164 164 164 164 164 164 164 164 164 164 164 164 164 164 164 164 164 164 164 164 164 164 164 164 164 164 164 164 164 164 164 164 164 164 164 164 164 164 164 164 164 164 164 164 164 164 164 164 164 164 164 164 164 164 164 164 164 164 164 164 164 164 164 164 164 167 167 167 167 167 167 167 167 167 167 167 167 167 167 167 167 167 167 167 167 167 167 167 167 167 167 167 167 167 167 167 167 167 167 167 167 167 167 167 167 167 167 167 167 167 167 167 167 167 167 167 167 167 167 167 167 167 167 167 167 167 167 167 167 167 167 167 167 167 167 167 167 167 167 167 167 167 167 167 167 167 167 167 167 167 167 167 167 167 167 

M = 435:
435 435 435 435 435 435 435 435 435 435 435 435 435 435 435 435 435 435 435 

M = 292:
297 297 297 297 297 297 297 297 293 293 293 293 293 293 293 293 293 293 293 293 293 293 293 284 284 284 284 284 293 293 293 293 293 293 293 293 293 293 293 293 293 293 293 293 293 293 293 293 293 293 293 293 293 293 293 293 293 293 293 293 293 293 293 293 293 293 293 293 284 284 284 284 284 293 293 293 293 293 296 296 296 296 299 299 299 299 296 296 296 296 299 299 299 299 296 296 296 296 296 296 296 296 296 296 296 296 299 299 299 299 299 299 299 299 299 299 299 299 318 318 318 286 286 286 292 292 318 318 318 311 311 311 318 318 318 292 292 292 318 318 318 290 290 290 290 290 290 311 311 311 290 290 290 290 290 290 311 311 311 318 318 318 283 283 283 311 311 311 318 318 318 286 286 286 286 286 286 318 318 318 318 318 318 290 290 290 283 283 283 290 290 290 311 311 311 311 311 311 318 318 318 283 283 283 286 286 286 290 290 290 311 311 311 311 311 311 311 311 311 311 311 311 311 311 311 290 290 290 311 311 311 311 311 311 283 283 283 290 290 290 290 290 290 290 290 290 290 290 290 292 292 292 289 289 314 314 281 281 289 289 314 314 321 321 316 316 316 316 288 288 316 316 281 281 288 288 314 314 281 281 281 281 289 289 281 281 281 281 314 314 314 314 313 313 281 281 316 316 314 314 316 316 281 281 314 314 314 314 281 281 314 314 313 313 288 288 289 289 289 289 289 289 316 316 288 288 

M = 172:
172 172 172 172 172 172 172 172 172 172 172 172 172 172 172 172 172 172 172 172 172 172 172 172 172 172 170 170 170 172 172 172 170 170 170 170 170 170 172 172 172 172 172 172 172 172 172 171 171 150 150 171 171 150 150 171 171 150 150 171 171 150 150 171 171 171 171 150 150 150 150 150 150 171 171 171 171 171 171 171 171 150 150 

