M = 138:
120 120 120 120 120 119 119 119 119 119 122 122 122 122 122 122 122 122 122 122 122 122 122 122 122 122 122 122 122 122 122 122 122 122 122 122 122 122 122 122 122 122 122 122 122 122 122 122 122 122 122 122 122 122 139 139 139 136 136 136 136 136 136 123 123 123 142 142 142 123 123 123 123 123 123 136 136 136 123 123 123 123 123 123 139 139 139 136 136 136 136 136 136 139 139 139 123 123 123 136 136 136 139 139 139 123 123 123 123 123 123 136 136 136 142 142 142 136 136 136 139 139 139 139 139 139 123 123 123 139 139 139 123 123 123 143 143 138 143 143 143 143 138 138 140 140 141 141 143 143 141 141 143 143 143 143 138 138 138 138 126 126 138 138 140 140 141 141 140 140 143 143 141 141 138 138 140 140 140 140 143 143 143 143 141 141 141 141 

M = 217:
216 216 216 216 216 216 216 216 216 216 216 216 216 216 216 216 217 217 217 217 217 217 217 217 217 217 217 217 217 217 217 217 217 217 217 217 219 219 219 219 219 219 219 219 219 219 219 219 218 218 219 219 219 219 219 219 

M = 440:
438 438 438 438 438 438 438 438 438 438 438 438 438 438 438 438 438 438 438 438 440 440 440 440 440 440 440 440 441 441 441 440 440 440 440 440 440 440 440 440 441 441 441 440 440 440 440 440 440 440 440 440 440 440 440 440 440 440 440 440 440 441 441 441 440 440 440 440 440 440 

M = 157:
161 161 161 161 161 161 157 158 158 157 157 158 158 158 158 

M = 194:
194 194 194 194 194 194 194 194 194 194 194 194 194 194 194 194 194 194 194 194 194 194 194 194 194 194 194 194 194 194 194 194 194 194 194 194 194 194 194 194 194 194 194 194 194 194 194 193 193 193 193 193 193 191 191 128 128 128 128 193 193 193 193 193 193 193 193 193 193 128 128 193 193 193 193 193 193 193 193 

M = 337:
337 337 337 337 337 337 337 337 337 337 337 337 337 337 337 337 337 337 337 337 337 337 337 337 337 337 337 337 337 337 337 337 337 337 337 337 337 337 337 337 337 337 337 337 337 337 337 337 337 337 337 337 337 337 337 337 337 337 337 336 336 336 336 336 336 336 336 336 338 338 338 338 338 338 338 338 338 338 

M = 303:
275 275 303 305 305 305 305 303 303 303 303 303 303 275 275 275 275 303 303 275 275 305 305 275 275 303 303 275 275 303 303 275 275 303 303 303 303 303 303 275 275 305 305 303 303 303 303 303 303 275 275 303 303 275 275 275 275 305 305 303 303 303 303 305 305 300 300 305 305 305 305 305 305 303 303 303 303 

M = 454:
356 356 356 356 356 356 356 356 356 356 356 356 356 356 356 356 356 356 356 356 356 356 356 356 356 451 451 451 451 456 456 456 456 456 456 456 456 456 456 456 456 451 451 451 451 454 454 454 454 454 454 454 454 454 454 454 454 454 454 454 454 454 454 454 454 454 454 454 454 454 454 454 454 454 454 454 454 454 454 454 

M = 267:
268 268 268 268 268 268 146 146 146 146 146 146 146 146 146 146 146 146 266 266 266 266 266 266 146 146 146 146 146 146 146 146 146 146 146 146 146 146 146 146 146 146 146 146 146 146 146 146 146 146 146 146 146 146 267 267 267 267 267 267 267 267 267 267 267 267 267 267 267 267 267 267 267 267 267 267 267 267 267 267 267 267 267 267 267 267 267 267 181 181 181 181 271 271 271 271 181 181 181 181 271 271 271 271 144 144 144 144 178 178 178 178 178 178 178 178 178 178 178 178 178 178 178 178 178 178 178 178 178 262 262 262 178 178 178 178 178 178 178 178 178 178 178 178 262 262 262 178 178 178 229 229 177 177 229 229 229 229 177 177 272 272 177 177 177 177 272 272 272 272 272 272 272 272 272 272 177 177 

M = 415:
413 413 413 413 413 413 415 415 415 415 415 415 415 415 415 415 415 415 415 415 415 415 415 415 415 415 415 415 415 415 407 407 407 407 407 407 407 407 

M = 391:
388 388 388 388 391 391 391 391 391 391 391 391 391 391 391 391 391 391 391 391 391 391 391 391 391 391 391 391 391 391 391 391 391 389 389 435 435 389 389 435 435 435 435 389 389 435 435 389 389 389 389 435 435 435 435 389 389 387 387 389 389 389 389 435 435 435 435 435 435 435 435 435 435 389 389 389 389 389 389 435 435 435 435 387 387 389 389 389 389 435 435 389 389 

M = 410:
411 411 411 411 411 411 411 410 410 410 410 410 410 410 410 410 410 410 410 410 408 408 408 408 408 408 412 412 412 412 412 

M = 242:
243 243 243 243 243 243 243 243 243 243 242 242 242 242 242 242 242 242 242 242 242 242 242 242 242 242 242 242 242 242 242 242 242 242 242 242 242 242 242 242 242 242 242 242 242 242 242 242 242 242 242 242 242 242 242 242 242 242 242 242 242 242 242 242 243 243 243 243 243 242 242 242 242 242 242 242 242 242 242 245 245 245 244 244 244 244 244 244 

M = 164:
165 165 165 165 164 164 164 164 164 164 164 165 165 165 165 165 165 165 165 164 164 164 164 162 162 162 162 165 165 165 165 164 164 164 164 165 165 165 165 165 165 165 165 164 164 164 164 164 164 164 164 162 162 162 162 165 165 165 165 164 164 164 164 165 165 165 165 165 165 165 165 162 162 162 162 164 164 164 164 164 164 164 164 164 164 164 164 167 167 167 167 167 167 167 167 167 167 167 167 167 167 167 167 167 167 167 167 167 167 167 167 

M = 370:
370 370 370 370 370 370 370 370 370 370 370 370 370 370 370 370 370 370 370 370 370 370 370 370 370 370 348 348 348 348 

M = 364:
362 362 362 362 362 365 365 365 365 365 365 365 365 364 364 364 364 364 364 364 364 364 364 364 364 364 364 364 364 364 364 364 364 364 364 364 364 364 364 364 364 364 364 364 364 364 364 364 366 366 361 361 366 366 366 366 366 366 366 366 366 366 366 366 366 366 355 355 366 366 366 366 366 366 366 366 366 366 366 366 361 361 366 366 366 366 

M = 251:
248 248 248 251 251 251 251 251 250 250 251 251 251 251 250 250 251 251 251 251 251 251 251 251 251 251 251 251 251 251 251 251 251 251 

M = 425:
424 424 424 424 424 424 424 424 424 424 424 424 424 424 424 424 424 424 424 424 424 450 450 450 450 426 426 426 426 450 450 425 450 450 450 450 450 450 426 426 450 450 423 423 426 426 426 426 450 450 450 450 426 426 

M = 374:
345 345 345 345 345 346 346 346 346 346 346 346 346 346 346 346 346 346 346 346 346 346 346 346 346 346 346 346 346 342 342 342 342 344 344 344 383 383 383 383 374 380 380 377 377 373 373 374 374 383 383 380 380 380 380 383 383 383 383 380 380 380 380 375 375 383 383 383 383 383 383 380 380 377 377 373 373 377 377 377 377 373 373 383 383 380 380 383 383 

M = 290:
443 443 443 443 443 443 443 443 290 290 290 290 290 290 290 290 290 290 290 443 443 443 443 290 290 290 290 290 290 290 290 443 443 443 443 290 290 290 290 290 290 290 290 290 290 290 290 290 290 290 290 293 293 293 293 293 293 293 293 293 293 293 293 293 293 293 293 293 293 297 297 297 293 293 293 293 293 293 293 293 293 293 293 293 297 297 297 296 296 444 444 444 444 444 444 444 444 444 444 444 444 444 444 444 444 444 444 444 444 444 444 444 444 444 444 444 444 444 444 444 444 444 444 444 444 444 444 

