M = 235:
233 233 206 206 206 206 235 253 253 235 235 206 206 253 253 253 253 235 235 235 235 253 253 253 253 253 253 203 203 233 233 253 253 233 233 235 235 235 235 235 235 203 203 253 253 253 253 204 204 204 204 233 233 233 233 233 233 233 233 

M = 123:
122 122 122 122 122 122 122 122 119 119 119 119 119 119 119 119 122 122 122 122 122 122 122 122 120 120 120 120 120 120 120 120 123 123 123 123 123 123 123 123 123 123 123 123 123 123 123 123 123 123 123 123 123 123 123 123 123 123 123 123 123 123 123 123 123 123 123 124 124 124 124 124 124 124 124 124 124 124 124 124 124 124 124 124 124 127 127 126 126 127 127 126 126 126 126 126 126 126 126 

M = 167:
169 169 169 169 169 190 190 190 190 190 190 167 167 190 190 190 167 167 167 167 167 167 167 167 167 167 167 167 167 167 167 167 167 167 167 167 167 190 190 190 167 167 167 190 190 190 190 190 190 167 167 167 167 167 167 167 167 167 190 190 190 167 167 167 274 274 

M = 142:
142 142 142 142 142 142 142 142 142 142 142 142 142 142 142 142 142 142 142 142 142 142 142 142 142 142 142 142 142 141 141 141 141 141 141 141 141 141 141 141 141 141 141 141 141 141 141 141 141 141 

M = 140:
217 217 217 217 217 217 139 139 139 139 217 217 140 217 217 139 139 140 140 219 219 219 219 140 140 140 140 217 217 140 140 140 140 139 139 140 140 139 139 

M = 156:
157 157 157 157 157 157 157 157 157 157 157 157 156 156 156 156 156 156 156 156 156 156 156 156 156 156 156 156 156 

M = 249:
248 248 248 248 248 248 248 248 248 248 248 248 248 248 248 248 248 248 249 249 249 249 249 249 249 249 249 249 249 249 249 249 249 249 249 249 249 249 249 249 249 249 249 249 249 249 249 249 249 249 249 249 249 249 249 249 249 249 249 249 249 249 249 249 249 249 249 249 249 249 249 249 249 249 249 249 249 249 249 249 249 

M = 404:
336 336 336 336 401 401 401 401 336 336 336 336 336 336 336 336 336 336 336 336 401 401 401 401 415 415 415 415 401 401 401 401 415 415 415 415 336 336 336 336 415 415 415 415 415 415 415 415 415 415 415 415 401 401 401 401 401 401 401 401 339 339 339 339 336 336 336 336 336 336 336 336 401 401 401 401 401 401 401 401 339 339 339 339 336 336 336 336 339 339 339 339 336 336 336 336 415 415 415 415 335 335 335 400 400 400 403 403 403 403 403 403 403 403 403 403 403 403 335 335 335 335 335 335 403 403 403 385 385 385 400 400 400 405 405 405 337 337 337 385 385 385 337 337 337 403 403 403 400 400 400 337 337 337 405 405 405 337 337 337 403 403 403 400 400 400 337 337 337 335 335 335 335 335 335 337 337 337 335 335 335 403 403 403 335 335 335 405 405 405 335 335 335 403 403 403 335 335 335 403 403 403 405 405 405 337 337 337 335 335 335 332 332 402 402 332 332 404 332 332 402 402 332 332 332 332 402 402 402 402 332 332 332 332 332 332 332 332 402 402 402 402 332 332 402 402 402 402 332 332 402 402 402 402 402 402 402 402 404 404 332 332 402 402 402 402 332 332 332 332 402 402 402 402 402 402 402 402 

M = 259:
259 259 259 259 259 259 259 259 259 259 259 259 259 259 259 259 259 259 259 229 229 229 229 259 259 259 259 259 259 259 259 259 259 259 259 259 259 259 259 259 259 259 259 259 259 259 259 259 259 259 259 259 259 259 259 259 259 259 259 259 259 259 259 259 259 259 259 259 259 259 259 259 259 259 259 230 230 230 232 232 232 232 232 232 261 261 261 261 232 232 261 261 261 261 232 232 261 261 232 232 261 261 261 261 232 232 261 261 232 232 261 261 261 261 232 232 232 232 232 232 232 232 232 232 261 261 261 261 

M = 390:
334 334 334 334 329 329 329 329 329 329 329 329 329 329 329 329 329 329 329 329 411 411 411 411 411 411 411 411 411 411 411 411 411 411 411 411 411 411 411 411 411 411 411 411 411 411 411 437 437 412 412 390 436 436 333 333 390 390 390 390 436 436 390 390 412 412 436 436 437 437 413 413 438 438 412 412 333 333 441 441 441 441 390 390 438 438 413 413 333 333 412 412 390 390 436 436 438 438 333 333 390 390 436 436 441 441 333 333 441 441 438 438 390 390 333 333 

M = 288:
316 316 316 324 324 303 303 284 284 305 305 288 291 291 317 317 325 325 325 325 325 325 322 322 325 325 325 325 284 284 443 443 325 325 303 303 324 324 303 303 288 288 305 305 325 325 317 317 288 288 325 325 288 288 325 325 324 324 325 325 303 303 443 443 291 291 324 324 318 318 303 303 325 325 318 318 291 291 324 324 399 399 399 399 443 443 284 284 288 288 284 284 324 324 304 304 288 288 288 288 324 324 325 325 304 304 325 325 288 288 325 325 305 305 291 291 288 288 305 305 324 324 324 324 325 325 303 303 443 443 305 305 324 324 

M = 178:
147 147 147 147 147 147 147 146 146 146 146 146 146 146 147 147 147 147 147 147 147 146 146 146 146 146 146 146 178 178 178 178 178 178 178 178 178 178 178 178 178 178 178 178 178 178 178 178 178 178 178 182 182 182 182 182 182 178 178 178 178 178 178 178 178 178 178 178 178 177 177 177 177 177 177 177 177 177 177 177 177 177 177 177 267 267 267 264 264 264 264 271 271 270 270 264 264 270 270 264 264 263 263 270 270 264 264 264 264 

M = 164:
164 164 164 164 164 164 164 164 164 164 164 164 164 164 164 164 164 164 164 164 164 164 164 164 164 164 164 165 165 165 165 165 165 165 165 165 165 165 165 163 163 163 163 163 163 163 163 163 163 163 163 163 163 163 163 163 163 163 163 

M = 241:
242 242 242 242 242 242 242 242 242 242 242 242 242 242 242 242 242 242 242 242 242 242 242 242 242 242 242 242 242 242 242 242 242 242 242 242 242 242 242 242 242 242 242 242 242 242 242 242 242 242 242 242 242 242 242 242 242 242 242 242 242 242 242 242 242 242 242 242 242 242 194 194 194 194 194 194 194 194 194 194 194 194 194 194 194 194 194 194 194 194 194 194 194 194 194 194 194 194 194 194 194 194 194 194 194 194 194 194 194 194 194 194 194 194 194 194 194 194 194 194 194 194 194 194 241 241 241 241 241 241 241 241 241 244 244 244 244 244 241 241 241 241 241 241 241 241 241 241 241 241 241 241 241 241 241 241 241 241 240 240 240 240 193 193 193 193 193 193 193 193 193 193 193 193 

M = 251:
158 158 158 158 158 158 158 158 158 158 158 158 158 158 158 158 158 158 158 158 158 158 158 158 158 158 158 158 158 158 250 250 250 250 251 251 251 251 251 251 251 251 251 251 251 251 251 251 251 251 251 251 251 251 251 251 251 251 251 251 251 251 251 251 251 251 251 251 251 251 251 251 251 251 251 251 251 251 

M = 224:
212 212 212 212 212 212 212 212 212 212 212 212 212 212 212 208 208 208 208 208 208 208 208 208 208 208 208 210 210 210 210 208 208 208 208 208 208 208 208 208 208 208 208 208 208 208 208 224 224 224 224 224 224 224 224 224 224 224 224 224 224 224 224 224 224 224 224 224 224 224 224 224 224 224 224 224 224 224 224 224 224 224 224 224 224 224 224 224 224 224 224 

M = 362:
354 354 354 354 360 360 360 360 354 354 354 354 356 356 356 356 356 356 362 362 362 362 362 362 362 362 362 362 362 362 362 362 362 362 362 362 362 362 362 362 362 362 362 362 362 362 362 362 362 362 362 362 362 356 356 356 362 362 362 362 362 362 362 362 362 356 356 356 444 444 444 444 444 444 444 444 444 444 444 444 455 455 456 456 444 444 444 444 456 456 456 456 456 456 456 456 444 444 361 361 456 456 444 444 444 444 456 456 444 444 455 455 456 456 444 444 456 456 444 444 

M = 374:
376 376 376 376 376 376 376 376 376 376 376 376 376 376 376 376 376 376 376 376 376 376 376 376 383 383 344 344 383 383 342 342 374 345 345 342 342 383 383 344 344 342 342 344 344 383 383 342 342 383 383 344 344 342 342 383 383 347 347 372 372 383 383 383 383 383 383 342 342 345 345 347 347 342 342 342 342 342 342 345 345 383 383 383 383 342 342 383 383 372 372 383 383 345 345 342 342 347 347 347 347 345 345 345 345 345 345 347 347 374 374 342 342 383 383 383 383 372 372 374 374 347 347 342 342 342 342 

M = 162:
162 162 162 162 162 162 162 162 162 162 162 162 162 162 162 

M = 136:
136 136 136 136 136 136 136 136 136 136 136 136 136 136 136 136 136 136 136 136 136 136 136 136 136 136 136 136 136 136 136 136 136 136 136 136 136 136 136 136 136 136 136 136 136 136 136 136 136 136 136 136 136 

