M = 196:
127 127 127 127 127 127 127 127 127 127 127 127 127 127 127 127 127 127 127 127 127 127 127 127 127 127 127 127 127 127 191 191 191 191 191 191 197 197 197 197 197 197 193 193 193 197 197 197 132 132 132 197 197 197 132 132 132 130 130 130 130 130 130 130 130 130 193 193 193 239 239 239 193 193 193 130 130 130 197 197 197 239 239 239 239 239 239 239 239 239 132 132 132 194 194 194 197 197 197 193 193 193 193 193 193 194 194 194 197 197 197 130 130 130 197 197 197 194 194 194 239 239 239 132 132 132 197 197 197 239 239 239 194 194 194 239 239 239 130 130 130 193 193 193 197 197 197 194 194 194 194 194 194 239 239 239 197 197 197 197 197 197 239 239 239 239 239 239 132 132 132 130 130 130 194 194 194 197 197 197 196 196 196 196 196 196 196 196 196 196 196 196 196 196 196 196 196 196 196 196 196 196 196 196 196 196 196 

M = 273:
268 268 268 268 268 268 268 268 268 268 268 268 273 273 273 273 273 273 273 273 273 273 273 273 273 273 273 273 273 273 273 273 273 273 273 273 273 273 273 273 273 273 273 273 273 273 273 

M = 206:
205 205 205 205 205 205 205 205 205 205 205 205 205 205 205 205 205 205 205 205 205 205 205 205 205 205 205 205 205 205 205 205 205 205 205 205 205 205 205 205 206 206 206 206 206 206 206 206 206 206 206 206 206 206 206 206 206 206 206 206 206 206 206 206 206 206 206 206 206 206 206 206 206 206 206 206 206 206 206 206 206 206 206 206 206 206 206 206 206 206 206 203 203 203 203 203 203 

M = 158:
158 158 158 158 158 158 158 158 158 158 158 158 158 

M = 440:
440 440 440 440 440 440 440 440 440 440 440 440 440 440 440 440 440 440 440 440 440 440 440 440 440 440 440 440 440 440 440 440 440 440 441 441 441 441 

M = 290:
290 290 290 290 290 290 290 290 290 290 290 290 290 290 290 290 290 290 290 290 290 290 290 290 290 290 290 290 290 290 290 290 290 290 290 290 290 290 290 290 290 290 290 290 290 290 290 290 290 290 290 290 290 290 290 290 290 290 290 290 290 290 290 290 290 290 290 290 290 290 290 284 284 284 284 284 284 284 284 284 284 284 284 284 284 284 284 284 284 284 284 284 284 284 284 284 284 284 284 284 284 284 284 284 284 284 284 284 284 284 284 284 284 284 284 284 284 284 284 284 284 284 283 283 283 283 283 283 283 283 283 283 283 283 283 283 283 283 283 283 283 283 283 283 283 283 283 283 

M = 307:
301 301 301 299 299 303 303 307 307 307 299 299 303 303 300 300 304 304 307 307 311 311 299 299 307 307 299 299 307 307 304 304 311 311 299 299 299 299 303 303 307 307 311 311 300 300 307 307 303 303 303 303 307 307 303 303 304 304 303 303 304 304 299 299 304 304 307 307 311 311 311 311 311 311 311 311 307 307 307 307 307 307 311 311 311 311 299 299 304 304 307 307 

M = 178:
146 146 146 146 146 146 146 146 146 146 119 119 119 119 119 146 146 146 146 146 146 146 146 146 146 146 146 146 146 146 182 182 182 182 178 178 178 178 178 178 178 178 178 178 178 182 182 182 182 178 178 178 178 267 267 267 267 178 178 178 178 178 178 178 178 178 178 178 178 178 178 178 178 182 182 182 182 144 144 144 144 178 178 178 178 178 178 178 178 178 178 178 178 178 178 178 178 182 182 182 182 

M = 356:
356 356 356 356 356 358 358 358 358 358 358 356 356 356 356 356 356 356 356 356 356 356 356 358 358 358 456 456 456 356 356 356 356 356 356 356 356 356 

M = 261:
261 261 261 261 261 261 261 261 261 261 261 261 261 261 261 261 261 261 261 261 261 261 261 261 261 261 261 261 261 261 261 261 261 261 261 261 261 261 261 261 261 261 261 261 261 261 261 261 261 261 261 261 261 261 261 261 261 261 261 264 264 264 264 

M = 354:
354 354 354 354 354 354 354 354 354 354 354 355 355 355 355 355 355 364 364 364 364 364 364 364 364 

M = 341:
345 345 345 345 341 341 341 379 379 379 379 379 379 379 379 341 341 341 341 345 345 341 341 341 341 345 345 379 379 379 379 379 379 345 345 341 341 345 345 379 379 379 379 345 345 379 379 345 345 345 345 345 345 341 341 341 341 379 379 379 379 341 341 341 341 379 379 341 341 

M = 438:
438 438 438 438 438 438 438 438 438 438 438 438 438 438 

M = 242:
242 242 242 242 242 242 242 242 242 242 242 242 242 242 242 242 242 242 242 242 242 242 242 242 242 242 242 242 242 242 242 242 242 242 242 242 242 242 242 242 242 242 242 242 242 242 242 242 242 242 242 242 242 242 242 242 242 242 242 242 242 242 242 242 242 242 242 242 242 242 242 

M = 165:
164 164 164 164 164 164 164 164 164 165 165 165 165 165 165 165 165 165 165 165 165 165 165 165 165 165 165 165 165 165 165 165 165 165 165 165 165 165 165 165 165 165 165 165 165 165 165 165 165 165 165 165 165 165 165 165 165 165 165 165 165 165 165 165 167 167 167 167 167 167 167 167 167 167 167 167 167 167 167 167 167 167 167 167 167 167 167 167 167 167 167 167 167 167 167 167 167 167 167 167 167 167 167 167 167 167 167 167 167 167 167 167 190 190 190 190 190 190 190 190 190 190 190 190 190 190 190 190 190 190 190 190 163 163 163 162 162 162 162 162 162 162 162 162 162 162 162 163 163 163 

M = 139:
136 136 136 136 136 136 218 218 218 218 218 218 136 136 136 136 136 136 136 136 136 136 136 136 136 136 136 136 136 136 136 136 136 136 136 136 136 136 136 136 136 136 136 136 136 136 136 136 136 136 136 136 136 136 139 139 123 123 123 139 139 139 139 139 139 139 139 139 123 123 123 139 139 139 139 139 139 123 123 123 139 139 139 139 139 139 139 139 139 139 139 139 139 139 139 139 139 139 139 139 139 220 220 220 220 220 220 220 220 220 220 220 220 220 220 220 220 220 220 220 220 220 220 220 220 142 142 220 220 220 220 220 220 

M = 251:
251 251 251 251 251 251 251 251 251 251 251 251 251 251 251 251 251 251 251 251 251 251 251 251 251 251 251 251 251 251 251 251 251 251 251 251 251 251 251 251 251 251 251 251 251 251 251 251 251 249 249 249 249 249 249 249 249 249 249 249 249 249 249 249 249 237 237 237 237 237 237 237 237 249 249 249 249 237 237 237 237 249 249 249 249 249 249 249 249 249 249 249 249 249 249 249 249 235 235 

M = 293:
293 293 293 293 293 293 293 293 293 293 293 293 293 293 293 293 293 293 293 293 293 293 293 297 297 297 297 293 293 293 293 293 293 293 293 293 293 293 293 293 293 293 293 315 315 

M = 232:
232 232 232 232 232 232 232 228 228 228 228 232 232 232 232 232 232 232 232 232 232 232 232 232 232 232 232 232 232 232 232 232 232 232 232 259 259 259 259 259 259 259 259 259 259 259 259 233 233 233 233 233 233 233 233 233 233 233 233 259 259 259 259 259 259 233 233 233 259 259 259 259 259 259 258 258 258 258 231 231 258 258 257 257 231 231 258 258 231 231 258 258 257 257 258 258 

M = 439:
439 439 439 439 439 439 439 439 439 439 439 439 439 439 

