M = 293:
312 312 312 312 312 297 297 297 297 297 293 293 293 293 293 293 293 293 293 293 293 293 293 293 293 293 293 293 293 313 313 313 313 313 313 313 313 293 293 293 293 313 313 313 313 293 293 293 293 293 293 293 293 313 313 313 313 293 293 293 293 313 313 313 313 313 313 313 313 293 293 293 293 293 293 293 293 313 313 313 313 313 313 313 313 293 293 293 293 313 313 313 313 293 293 293 293 293 293 293 293 293 293 293 293 293 293 293 293 301 301 301 301 301 301 301 301 301 290 290 291 291 290 290 290 290 290 290 291 291 290 290 290 290 290 290 290 290 290 290 290 290 290 290 290 290 291 291 291 291 291 291 291 291 290 290 291 291 290 290 290 290 290 290 290 290 290 290 290 290 

M = 147:
261 261 261 261 261 261 261 261 261 261 261 261 261 261 261 261 261 261 261 261 261 261 261 261 261 261 261 261 261 261 261 261 261 261 261 261 261 261 261 261 261 261 261 261 261 261 261 261 261 261 262 262 262 262 146 146 146 146 146 146 146 146 146 146 146 146 146 146 146 146 146 146 146 146 146 146 146 146 146 146 146 146 146 146 146 146 146 146 146 146 262 262 262 262 266 266 266 266 146 146 146 146 146 146 146 146 146 146 146 146 146 146 146 146 262 262 262 262 146 146 146 146 146 146 146 146 266 266 266 266 268 268 268 268 268 268 268 268 268 147 147 268 268 268 268 268 268 147 147 147 264 264 264 147 147 147 268 268 268 179 179 179 147 147 147 264 264 264 268 268 268 268 268 268 268 268 268 268 268 268 264 264 264 180 180 180 268 268 268 264 264 264 144 144 144 180 180 180 147 147 147 268 268 268 147 147 147 268 268 268 269 269 269 147 147 147 259 259 182 182 259 259 182 182 259 259 182 182 259 259 259 259 182 182 182 182 182 182 259 259 259 259 182 182 259 259 259 259 182 182 182 182 145 145 

M = 439:
442 442 442 440 440 439 438 438 440 440 438 438 438 438 438 438 439 439 439 439 440 440 438 438 438 438 439 439 440 440 438 438 440 440 439 439 438 438 439 439 440 440 439 439 440 440 438 438 439 439 440 440 

M = 206:
229 229 229 229 229 229 206 206 206 206 206 206 206 206 206 206 206 206 206 206 206 230 230 206 206 230 230 206 206 206 206 206 206 206 206 206 206 206 206 206 206 206 206 

M = 335:
335 335 335 335 335 335 335 335 335 335 335 335 335 335 335 335 335 335 335 335 335 335 335 335 335 335 335 335 335 335 335 335 335 335 335 335 335 335 335 335 335 335 335 335 338 338 338 338 336 336 336 336 336 336 336 336 336 336 336 336 404 404 404 404 404 404 

M = 194:
194 194 194 194 194 194 194 194 194 194 194 194 194 194 194 194 194 194 194 194 194 194 194 194 194 194 194 194 194 194 194 194 194 194 194 194 194 194 194 194 194 194 194 194 194 194 194 194 194 194 194 194 194 194 194 194 194 194 194 

M = 196:
240 240 240 240 240 240 240 240 130 130 130 127 127 127 130 130 130 127 127 127 130 130 130 130 130 130 127 127 127 130 130 130 130 130 130 130 130 130 127 127 127 130 130 130 130 130 130 130 130 130 130 130 130 130 130 130 196 197 197 197 197 197 197 196 196 196 196 196 196 197 197 196 196 197 197 197 197 196 196 196 196 197 197 196 196 196 196 197 197 197 197 196 196 197 197 196 196 197 197 196 196 196 196 197 197 196 196 197 197 197 197 197 197 197 197 196 196 197 197 197 197 

M = 364:
364 361 361 364 364 364 364 364 364 364 364 364 364 364 364 364 364 361 361 364 364 364 364 364 364 364 364 361 361 364 364 364 364 

M = 192:
193 193 193 193 193 193 193 193 193 193 193 193 193 193 193 193 193 193 193 193 193 193 193 193 193 193 193 193 193 193 193 193 193 193 193 193 218 218 218 218 218 218 218 218 190 190 190 190 190 190 190 190 218 218 218 218 218 218 218 218 190 190 190 190 190 190 190 190 218 218 218 218 218 218 218 218 217 217 217 217 217 217 217 217 217 217 217 217 217 217 217 217 217 217 217 217 217 217 217 217 217 217 217 217 217 217 192 192 192 192 192 192 192 192 192 192 192 192 192 192 192 192 192 192 192 192 215 215 

M = 356:
359 359 359 359 359 359 359 358 358 358 358 356 356 356 356 356 356 356 455 455 354 354 355 355 355 355 355 355 

M = 326:
327 327 327 327 327 320 320 320 320 320 326 326 326 326 326 326 326 326 326 326 326 326 326 326 326 326 326 326 326 326 326 326 326 326 326 326 326 326 326 326 326 326 326 326 326 324 324 324 324 319 319 319 319 324 324 324 324 326 326 326 326 326 326 326 326 326 326 326 326 326 326 326 326 324 324 324 324 324 324 324 324 

M = 136:
134 134 134 134 134 134 134 134 134 134 134 134 134 134 134 134 134 134 134 134 134 136 136 136 136 136 136 136 136 136 136 136 136 136 136 136 136 136 136 136 136 136 136 136 136 136 136 136 136 136 136 136 136 136 136 136 136 136 136 136 136 136 136 136 136 136 136 136 136 136 136 136 136 136 136 139 139 139 137 137 137 139 139 139 137 137 137 139 139 139 137 137 137 139 139 139 137 137 137 139 139 139 139 139 139 139 139 139 142 142 142 137 137 137 137 137 137 139 139 139 139 139 139 139 139 139 137 137 137 139 139 139 139 139 139 139 139 139 137 137 137 

M = 401:
400 400 400 400 400 400 400 400 400 400 400 400 400 400 400 400 400 400 400 400 400 400 400 400 401 401 401 401 401 401 401 401 401 403 403 403 403 403 401 401 401 401 401 403 403 403 403 403 401 401 401 401 401 403 403 403 403 403 403 403 403 403 403 401 401 401 401 401 401 401 401 401 401 403 403 403 403 403 403 403 403 403 403 403 403 403 403 403 401 401 401 401 401 403 403 403 403 403 401 401 401 401 401 401 401 401 401 401 401 401 401 401 401 403 403 403 403 403 401 401 401 401 401 403 403 403 403 403 403 403 403 403 403 401 401 401 401 401 403 403 403 403 403 

M = 242:
242 242 242 242 242 242 242 242 242 242 242 242 242 242 242 242 242 242 242 242 242 242 242 242 242 242 242 242 242 242 242 242 242 242 242 242 242 242 242 242 242 242 242 245 245 245 245 245 245 245 245 245 245 245 245 245 245 245 245 245 245 245 245 245 245 245 245 245 245 245 245 245 245 245 245 245 245 245 245 245 245 245 245 245 245 

M = 124:
132 132 132 132 132 132 132 132 132 126 126 126 123 123 124 125 125 123 123 124 124 123 123 125 125 124 124 120 120 124 124 124 124 124 124 123 123 123 123 123 123 125 125 123 123 123 123 123 123 123 123 125 125 124 124 125 125 120 120 123 123 124 124 124 124 125 125 125 125 125 125 123 123 125 125 124 124 120 120 125 125 124 124 123 123 125 125 123 123 123 123 123 123 123 123 123 123 124 124 

M = 283:
286 286 286 286 286 286 286 286 286 286 286 286 286 286 286 286 286 286 286 286 286 286 286 286 284 284 284 284 284 283 283 283 283 284 284 284 284 284 284 284 284 284 284 284 284 284 284 284 284 284 284 284 284 283 283 283 283 283 283 283 283 283 283 283 283 283 283 283 284 284 284 284 284 284 284 284 284 284 284 284 284 284 284 284 284 284 284 284 283 283 283 283 283 281 281 281 281 281 281 281 281 281 281 281 281 279 279 279 279 281 281 281 281 281 281 281 281 281 281 281 281 281 281 281 281 305 305 305 305 305 305 305 305 305 305 305 305 305 305 305 305 305 305 305 305 305 305 305 305 305 305 305 305 305 305 305 305 305 306 306 285 285 273 273 273 273 306 306 306 306 306 306 285 285 285 285 273 273 273 273 306 306 306 306 273 273 273 273 285 285 273 273 273 273 285 285 273 273 285 285 273 273 306 306 

M = 167:
165 165 165 165 165 165 165 165 165 165 165 165 165 165 165 165 165 165 165 165 165 165 165 165 165 165 165 165 165 165 165 165 165 165 165 165 165 165 165 165 165 165 165 165 165 165 165 165 165 165 165 165 165 165 165 165 165 165 165 165 165 165 165 165 165 165 165 165 165 165 165 165 165 165 165 165 165 165 168 168 168 168 168 168 168 168 168 168 168 168 168 164 164 164 164 164 164 164 164 164 164 164 164 164 164 164 164 164 164 164 164 164 164 164 164 164 164 164 164 164 164 164 164 164 164 164 164 164 164 164 164 164 164 164 164 164 164 164 164 164 164 164 164 164 164 164 164 164 164 164 164 164 164 164 164 164 164 164 164 164 164 164 164 167 167 167 167 167 167 167 167 167 167 167 167 167 167 167 167 167 167 167 167 167 167 167 167 167 167 167 167 167 167 167 167 167 167 167 167 167 167 167 167 167 167 167 167 167 167 167 167 167 167 167 167 167 167 167 167 167 167 167 167 167 167 167 167 167 167 167 167 167 167 167 167 167 167 167 167 167 167 167 167 167 167 167 167 167 167 167 167 167 167 167 167 167 167 167 163 163 163 163 163 163 163 163 163 163 172 172 172 172 172 172 172 172 172 172 172 172 172 172 172 172 172 172 172 172 172 172 172 172 172 172 172 172 172 172 172 172 172 172 172 172 162 162 162 162 162 162 162 162 172 172 172 172 172 172 172 172 172 172 172 172 172 172 172 172 160 160 160 258 258 258 258 258 258 170 170 258 258 258 258 

M = 249:
248 248 248 248 248 248 248 248 248 248 248 248 248 248 248 248 248 248 158 158 158 158 158 251 251 251 251 249 249 249 249 249 249 249 251 251 251 251 249 249 249 249 251 251 251 251 249 249 249 249 249 249 249 249 251 251 251 251 249 249 249 249 249 249 249 249 249 249 249 249 251 251 251 251 251 251 251 251 251 251 251 251 251 251 251 251 249 249 249 249 251 251 251 251 249 249 249 249 251 251 251 251 249 249 249 249 251 251 251 251 249 249 249 249 249 249 249 249 249 249 249 249 250 250 250 250 249 249 249 249 249 249 249 249 

M = 419:
424 424 424 424 424 424 424 424 424 424 419 419 419 419 419 419 419 419 419 419 419 419 419 419 419 419 419 419 419 419 419 419 419 419 419 419 419 419 419 419 419 419 419 419 419 

M = 376:
379 379 379 379 379 379 379 379 379 379 379 379 379 379 379 377 377 377 377 376 376 376 376 376 376 376 376 376 376 376 376 376 

