M = 146:
146 146 146 146 146 146 146 146 146 146 146 146 146 146 146 146 146 146 146 146 146 146 146 146 146 146 146 146 146 146 146 146 146 146 146 146 146 146 146 146 146 142 142 142 142 142 142 147 147 147 147 147 147 268 268 268 268 268 268 268 268 268 268 267 267 267 267 269 269 269 269 269 269 269 269 269 269 269 269 271 271 271 271 

M = 407:
338 338 338 336 336 336 334 334 334 338 338 338 334 334 334 410 410 410 336 336 336 410 410 410 410 410 410 336 336 336 336 336 336 410 410 410 338 338 338 410 410 410 339 339 406 406 333 333 407 339 339 407 407 335 335 339 339 408 408 415 415 407 407 339 339 339 339 339 339 407 407 333 333 407 407 408 408 333 333 333 333 406 406 407 407 407 407 339 339 339 339 335 335 407 407 408 408 333 333 415 415 339 339 339 339 339 339 333 333 408 408 333 333 415 415 407 407 335 335 

M = 243:
243 243 243 243 243 243 243 243 243 243 243 244 244 244 244 244 244 244 244 244 244 244 244 243 243 243 243 243 243 244 244 244 244 244 244 243 243 243 243 243 243 243 243 243 243 243 243 243 243 243 243 243 243 244 244 244 244 244 244 244 244 244 244 244 244 244 244 244 244 244 244 243 243 243 243 243 243 245 245 245 245 245 

M = 206:
208 208 208 208 204 204 204 204 204 204 204 204 204 204 204 204 204 204 204 204 204 204 205 205 205 204 204 204 204 204 204 205 205 205 204 204 204 206 207 207 206 206 207 207 207 207 206 206 206 206 206 206 207 207 206 206 207 207 207 207 206 206 206 206 206 206 

M = 194:
194 194 194 194 194 194 194 194 194 194 194 194 194 194 194 194 194 194 194 194 194 194 194 194 194 194 194 194 194 194 194 194 194 194 194 194 194 194 194 194 194 194 194 194 194 194 194 194 194 194 194 194 194 193 193 193 193 193 219 219 219 219 219 219 219 219 191 191 191 191 240 240 240 240 240 240 240 240 240 216 216 216 130 130 217 217 130 130 217 217 218 218 130 130 218 218 217 217 218 218 218 218 217 217 218 218 130 130 130 130 130 130 218 218 218 218 218 218 218 218 130 130 217 217 218 218 130 130 217 217 130 130 218 218 130 130 130 130 217 217 217 217 130 130 218 218 218 218 130 130 

M = 197:
127 127 127 127 127 127 127 127 127 127 127 127 126 126 126 126 126 126 197 197 197 197 197 197 197 197 197 197 197 197 197 197 197 197 197 197 197 197 197 197 197 197 197 

M = 303:
309 309 309 272 272 272 272 272 272 272 272 272 312 312 312 272 272 272 312 312 312 312 312 312 305 305 305 305 306 306 303 303 303 306 306 303 303 305 305 303 303 303 303 303 303 306 306 303 303 303 303 305 305 305 305 305 305 303 303 303 303 

M = 346:
346 346 346 346 346 346 346 346 346 346 346 346 346 346 346 346 346 346 346 346 346 346 346 346 344 344 344 344 345 345 345 373 373 373 373 373 373 347 347 347 373 373 373 372 372 372 372 372 372 372 372 372 372 372 372 372 372 372 372 

M = 242:
242 242 242 242 242 242 242 242 242 242 242 242 242 242 242 242 242 242 242 242 242 242 242 242 242 242 242 242 242 242 242 242 242 242 242 242 242 242 242 242 242 242 242 242 242 242 242 246 246 246 246 246 

M = 120:
119 119 119 119 119 119 119 119 120 120 120 120 120 120 120 120 120 120 120 120 120 120 120 120 120 120 120 120 

M = 183:
182 182 182 182 182 182 182 182 182 182 182 182 262 262 262 262 262 262 262 262 262 262 262 262 262 262 262 262 262 262 262 262 262 262 262 262 262 262 262 262 262 262 262 262 262 262 262 262 262 262 262 262 178 178 178 178 261 261 261 261 261 261 261 261 261 261 261 261 261 261 261 261 261 261 261 261 261 261 261 261 261 261 261 261 261 261 261 261 261 228 228 228 183 183 183 184 184 183 183 183 183 183 183 183 183 184 184 184 184 183 183 184 184 183 183 184 184 184 184 183 183 183 183 184 184 183 183 184 184 183 183 183 183 183 183 184 184 183 183 184 184 183 183 183 183 

M = 122:
141 141 141 141 141 141 141 141 141 141 122 122 122 122 122 122 122 122 122 122 122 122 122 122 122 122 122 122 122 122 122 122 122 122 122 122 122 122 122 122 122 122 122 122 122 122 122 122 122 122 122 122 122 122 122 122 122 122 122 122 122 122 122 122 122 122 122 122 122 122 122 122 122 122 122 122 122 138 138 138 138 138 138 138 138 138 138 138 138 138 138 138 138 138 138 138 138 138 138 138 138 

M = 123:
123 123 123 123 123 123 123 123 123 123 123 123 123 123 123 123 123 123 123 123 123 123 123 123 123 123 123 123 123 123 123 123 123 123 123 123 123 123 123 123 123 123 123 123 123 123 123 123 123 123 123 123 123 123 123 123 123 123 123 135 135 135 135 136 136 136 136 136 136 136 136 136 136 136 136 136 136 136 136 134 134 134 134 135 135 135 135 135 135 135 135 139 139 139 139 139 139 139 139 135 135 135 135 133 133 125 125 

M = 401:
326 326 326 329 329 329 329 329 329 400 400 400 329 329 329 400 400 400 329 329 329 401 403 403 322 322 401 401 318 318 318 318 401 401 318 318 318 318 403 403 322 322 318 318 401 401 319 319 403 403 403 403 319 319 322 322 401 401 401 401 403 403 401 401 401 401 401 401 318 318 403 403 403 403 401 401 403 403 318 318 323 323 327 327 401 401 403 403 401 401 319 319 318 318 318 318 318 318 318 318 403 403 318 318 401 401 322 322 401 401 323 323 319 319 401 401 319 319 403 403 318 318 401 401 403 403 322 322 322 322 

M = 350:
425 425 425 425 349 349 349 349 425 425 425 425 455 455 455 455 451 451 451 451 451 451 451 451 349 349 349 349 456 456 456 456 456 456 456 456 425 425 425 425 349 349 349 349 348 348 348 348 348 348 351 351 351 348 348 348 348 348 348 364 364 450 450 360 360 350 364 364 350 350 358 358 450 450 350 350 364 364 450 450 350 350 364 364 450 450 364 364 360 360 350 350 450 450 360 360 364 364 350 350 350 350 350 350 350 350 350 350 364 364 360 360 450 450 364 364 350 350 450 450 426 426 350 350 350 350 350 350 350 350 450 450 350 350 350 350 364 364 

M = 164:
164 164 164 164 164 164 164 164 164 164 164 164 164 164 164 164 164 164 164 164 164 164 164 164 164 164 164 164 164 164 164 164 164 164 164 164 164 164 164 164 164 164 164 164 164 164 164 164 164 164 164 164 164 164 164 164 164 164 164 164 164 164 164 164 163 163 163 163 163 163 163 163 163 163 163 163 163 163 163 163 163 163 163 163 163 162 162 162 162 162 162 162 162 162 162 

M = 370:
370 370 370 370 370 370 370 370 370 370 370 370 370 370 370 370 370 370 370 370 370 370 370 370 370 370 370 370 370 367 367 370 370 

M = 249:
248 248 248 248 248 248 248 248 248 248 249 249 249 249 249 249 249 249 249 249 249 159 159 159 159 249 249 249 249 249 249 249 249 249 249 249 249 249 249 249 249 249 249 249 249 249 249 249 249 249 249 249 249 249 249 249 249 249 249 249 249 249 249 249 249 159 159 159 159 249 249 249 249 249 249 249 249 249 249 249 249 249 249 249 249 158 158 250 250 250 250 158 158 250 250 

M = 165:
165 165 165 165 165 165 165 165 165 165 165 165 165 165 165 165 165 165 165 165 165 165 165 165 165 165 165 165 165 165 165 165 165 165 165 165 165 165 165 165 165 165 165 165 165 165 165 165 165 

M = 376:
377 377 377 377 377 341 341 341 341 341 341 341 341 341 341 377 377 377 377 377 375 375 375 375 375 375 375 375 380 380 380 380 343 343 343 343 375 375 375 375 380 380 380 380 375 375 375 375 380 380 380 380 375 375 375 375 380 380 380 380 375 375 375 375 375 375 375 375 376 376 376 376 376 340 340 340 376 376 376 340 340 340 378 378 378 376 376 376 378 378 378 378 378 378 376 376 376 378 378 378 340 340 340 379 379 379 378 378 378 376 376 376 419 419 419 419 419 419 419 419 419 419 342 342 419 419 

