M = 146:
146 146 146 146 146 146 146 146 146 146 146 146 146 146 146 146 146 145 145 145 145 145 145 146 146 146 146 146 146 146 146 146 146 146 146 146 146 146 146 146 146 146 146 146 146 146 146 146 146 146 146 146 146 146 146 146 146 146 146 266 266 266 266 266 266 266 266 269 269 269 269 269 269 267 267 267 268 268 268 269 269 269 268 268 268 267 267 267 268 268 268 268 268 268 267 267 267 269 269 269 148 148 148 148 148 148 

M = 210:
210 210 210 210 210 210 210 210 210 210 210 212 212 212 210 210 210 212 212 212 212 212 212 212 212 212 212 212 212 212 212 212 210 210 210 212 212 212 212 212 212 210 210 210 210 210 210 210 210 210 212 212 212 210 210 210 210 210 210 210 210 210 210 210 210 212 212 212 224 224 125 125 128 128 124 124 224 224 124 124 224 224 124 124 128 128 224 224 224 224 224 224 224 224 124 124 224 224 224 224 124 124 128 128 128 128 224 224 224 224 224 224 224 224 124 124 224 224 224 224 224 224 

M = 141:
142 142 142 138 138 138 141 141 141 141 141 141 141 140 140 140 140 140 140 140 140 141 141 140 140 141 141 140 140 141 141 141 141 140 140 

M = 208:
208 208 208 208 208 208 208 208 208 208 208 208 208 208 208 208 208 208 208 208 208 208 208 208 208 208 208 208 208 208 208 208 208 208 208 208 208 208 208 208 208 208 208 208 208 208 208 208 208 208 208 208 208 208 208 208 208 208 208 208 208 208 208 208 208 208 208 208 208 208 208 208 208 208 208 208 208 208 208 208 208 208 208 208 205 205 205 207 207 207 207 207 207 205 205 205 207 207 207 205 205 205 207 207 207 205 205 205 205 205 205 205 205 205 126 126 206 206 206 206 202 202 126 126 206 206 202 202 126 126 202 202 126 126 206 206 206 206 206 206 206 206 206 206 

M = 440:
439 439 439 439 439 439 439 439 439 439 439 439 439 439 440 440 440 440 440 441 441 441 441 441 441 440 440 440 440 440 440 440 440 440 440 440 440 438 438 438 438 438 438 440 440 440 440 440 440 438 438 438 438 438 438 440 440 440 440 440 440 440 440 440 440 440 440 440 440 440 440 440 440 441 441 441 441 441 441 441 441 441 441 441 441 438 438 438 438 438 438 438 438 438 438 438 438 441 441 441 441 441 441 440 440 440 440 440 440 440 440 440 440 440 440 441 441 441 441 441 441 438 438 438 438 438 438 440 440 440 440 440 440 438 438 438 438 438 438 438 438 438 438 438 438 440 440 440 440 440 440 440 440 440 440 440 440 441 441 441 441 441 441 438 438 438 438 438 438 441 441 441 441 441 441 438 438 438 438 438 438 440 440 440 440 440 440 440 440 440 440 440 440 437 437 437 437 391 391 391 391 391 391 391 391 391 391 391 391 391 391 391 391 391 391 391 391 391 391 391 391 391 391 391 391 391 391 391 391 391 391 

M = 370:
343 343 343 346 346 368 368 344 344 349 349 350 350 344 344 369 369 350 350 368 368 346 346 350 350 368 368 346 346 346 346 368 368 351 351 451 451 350 350 350 350 368 368 368 368 346 346 370 350 350 344 344 347 347 350 350 350 350 346 346 370 370 370 370 368 368 350 350 370 370 346 346 370 370 350 350 370 370 350 350 368 368 350 350 369 369 369 369 368 368 350 350 368 368 370 370 368 368 368 368 368 368 348 348 346 346 350 350 347 347 370 370 350 350 344 344 347 347 344 344 350 350 

M = 261:
229 229 229 229 229 229 262 262 262 262 262 228 228 228 228 261 261 261 261 261 261 261 261 261 261 261 261 261 261 261 261 261 261 261 261 261 261 261 261 261 261 261 261 261 261 261 261 261 261 261 261 261 261 261 261 261 261 261 261 261 261 261 261 261 261 261 261 261 261 261 261 261 261 261 263 263 263 230 230 230 230 230 230 263 263 263 230 230 230 230 230 230 231 231 264 264 264 264 264 264 231 231 231 231 264 264 231 231 264 264 231 231 

M = 219:
219 219 219 219 219 219 219 194 194 194 194 194 194 194 194 219 219 219 219 194 194 194 194 219 219 219 219 194 194 194 194 217 217 217 216 216 216 193 193 193 193 193 193 217 217 217 217 217 217 193 193 193 193 193 193 217 217 217 217 217 217 193 193 193 217 217 217 216 216 216 193 193 193 217 217 217 217 217 217 217 217 217 217 217 217 190 190 190 190 190 190 190 190 192 192 190 190 190 190 190 190 190 190 192 192 190 190 

M = 407:
336 336 336 336 336 336 336 336 336 336 336 336 336 336 336 336 336 336 336 336 335 335 335 339 339 339 339 339 339 339 339 339 339 339 339 390 390 337 337 410 410 410 410 407 407 407 407 407 407 407 407 407 390 390 337 337 410 410 337 337 337 337 390 390 407 407 407 407 407 407 337 337 407 407 390 390 410 410 411 411 407 407 410 410 407 407 410 410 337 337 410 410 410 410 410 410 410 410 407 407 407 407 410 410 407 407 407 407 337 337 407 407 390 390 337 337 407 407 410 410 390 390 410 410 410 410 390 390 390 390 410 410 407 407 390 390 337 337 410 410 410 410 407 407 

M = 178:
180 180 180 180 180 180 180 180 180 177 177 177 177 177 177 177 177 177 177 177 177 177 177 177 177 177 177 177 177 177 177 177 177 177 177 177 177 178 178 178 178 178 182 182 182 182 182 182 178 178 178 178 178 178 178 178 178 178 178 178 178 178 178 178 178 178 178 178 178 178 178 178 178 178 178 178 178 178 178 178 178 178 178 178 182 182 182 182 182 182 178 178 178 178 178 178 178 178 178 178 178 178 178 178 178 178 178 178 182 182 182 182 182 182 178 178 178 178 178 178 182 182 182 182 182 182 178 178 178 178 178 178 183 183 183 183 183 183 183 183 183 183 183 183 183 183 183 183 183 183 183 183 183 183 183 183 183 183 183 183 183 183 183 183 183 183 183 183 183 183 183 183 183 183 183 183 183 183 183 183 183 183 183 183 183 183 183 183 183 183 183 183 183 183 183 183 183 183 183 183 

M = 122:
122 122 122 122 122 122 122 122 122 122 122 122 122 122 122 122 122 122 122 122 122 122 122 122 122 122 122 122 122 122 122 122 122 122 122 122 122 122 122 122 122 122 122 122 122 122 122 122 122 122 122 122 122 122 122 122 122 122 122 122 122 122 122 122 122 122 122 122 122 122 122 122 122 122 122 122 122 122 122 122 122 122 122 122 123 123 123 123 123 123 123 123 123 123 123 123 123 123 123 123 123 123 123 123 123 123 123 123 123 123 123 

M = 321:
322 322 322 322 322 322 322 322 322 322 322 322 322 322 322 322 322 322 322 322 322 322 322 322 322 322 322 322 322 322 321 321 321 321 321 321 321 321 321 321 321 321 321 321 321 321 321 321 321 321 321 321 321 321 321 321 321 321 321 321 321 321 321 321 321 321 321 321 321 318 318 318 318 318 318 318 318 318 318 318 318 324 324 324 324 324 324 324 324 318 318 318 318 324 324 324 324 324 324 324 324 318 318 318 318 318 318 318 318 324 324 324 324 324 324 324 324 324 324 324 324 319 319 319 319 319 319 319 319 319 320 320 320 320 320 320 320 320 320 320 320 320 320 320 320 320 320 320 320 320 320 320 

M = 403:
377 377 377 377 377 377 377 377 377 377 377 377 400 400 400 338 338 338 340 340 340 401 401 401 403 403 340 340 340 401 401 401 400 400 400 401 401 401 403 403 403 400 400 400 403 403 403 400 400 400 338 338 338 401 401 401 403 403 403 400 400 400 401 401 401 400 400 400 400 400 400 403 403 403 401 401 401 338 338 338 340 340 340 403 403 403 401 401 401 340 340 340 341 341 379 379 341 341 379 379 379 379 379 379 341 341 379 379 379 379 378 378 342 342 379 379 379 379 

M = 136:
137 137 137 137 136 136 136 136 136 136 136 136 136 136 136 136 136 136 136 136 136 136 136 136 136 136 136 135 135 135 135 135 135 136 136 136 136 136 136 136 136 136 136 136 136 136 136 136 136 136 136 136 136 136 136 136 136 136 136 136 134 134 132 132 139 139 139 139 131 131 134 134 139 139 134 134 132 132 134 134 132 132 139 139 132 132 132 132 132 132 139 139 134 134 134 134 134 134 132 132 134 134 131 131 139 139 132 132 139 139 134 134 139 139 139 139 134 134 139 139 132 132 132 132 139 139 

M = 354:
359 359 359 359 359 359 359 359 356 356 356 356 356 356 356 356 356 356 356 356 356 356 356 356 356 356 354 361 361 362 362 444 444 444 444 354 354 444 444 444 444 354 354 358 358 354 354 358 358 357 357 362 362 444 444 444 444 444 444 354 354 444 444 444 444 444 444 444 444 444 444 361 361 444 444 362 362 362 362 361 361 354 354 444 444 358 358 444 444 357 357 444 444 362 362 357 357 362 362 444 444 

M = 165:
242 242 242 242 242 240 240 240 240 240 240 240 240 240 240 242 242 242 242 242 240 240 240 240 240 240 240 240 240 240 242 242 242 242 242 242 242 242 242 242 242 242 242 242 242 243 243 243 243 243 242 242 242 242 242 242 242 242 242 242 242 242 242 242 242 240 240 240 240 240 242 242 242 242 242 242 242 242 242 242 164 164 164 164 159 159 159 159 164 164 164 164 165 165 165 164 164 164 164 165 165 165 165 165 165 165 165 165 165 165 165 164 164 164 164 162 162 162 162 165 165 165 165 164 164 164 164 162 162 162 162 165 165 165 165 165 165 165 165 162 162 162 162 164 164 164 164 165 165 165 165 165 165 165 165 165 165 165 165 162 162 162 162 159 159 159 159 162 162 162 162 165 165 165 165 164 164 164 164 165 165 165 165 162 162 162 162 165 165 165 165 162 162 162 162 165 165 165 165 165 165 165 165 164 164 164 164 164 164 164 164 249 249 249 249 249 249 163 163 163 249 249 249 163 163 163 249 249 249 249 249 249 248 248 248 248 248 248 248 248 248 248 248 248 249 249 249 163 163 163 249 249 249 249 249 249 249 249 249 249 249 249 163 163 163 249 249 249 249 249 249 248 248 248 163 163 163 249 249 249 248 248 248 249 249 249 249 249 249 163 163 163 249 249 249 167 167 251 251 244 244 244 244 244 244 245 245 167 167 158 158 167 167 158 158 251 251 244 244 244 244 157 157 158 158 167 167 250 250 251 251 250 250 167 167 251 251 244 244 245 245 167 167 245 245 158 158 250 250 167 167 250 250 244 244 244 244 251 251 250 250 251 251 241 241 251 251 167 167 167 167 251 251 167 167 251 251 244 244 251 251 167 167 251 251 169 169 244 244 244 244 251 251 245 245 251 251 245 245 244 244 250 250 251 251 251 251 251 251 244 244 167 167 167 167 158 158 167 167 244 244 245 245 167 167 250 250 167 167 167 167 245 245 250 250 250 250 251 251 

M = 328:
326 326 326 326 326 326 326 326 326 326 326 326 329 329 329 329 329 329 329 329 329 329 329 329 329 329 329 334 334 334 334 333 333 333 333 333 333 331 331 331 432 432 432 432 432 432 331 331 331 432 432 432 327 327 327 333 333 333 432 432 432 333 333 333 333 333 333 328 328 328 328 328 396 396 328 328 328 328 328 328 328 328 328 328 328 328 328 328 328 328 

M = 299:
300 300 300 300 300 300 300 300 300 300 300 300 300 300 300 300 300 300 297 297 297 297 297 297 297 297 297 297 297 297 299 299 299 299 299 300 300 300 300 300 300 307 307 307 307 311 311 307 307 307 307 307 307 307 307 307 307 307 307 307 307 311 311 307 307 307 307 307 307 307 307 

M = 293:
293 293 293 293 293 293 293 293 293 293 293 293 293 293 293 293 293 293 293 293 293 293 293 293 293 293 293 293 293 293 293 293 293 293 293 293 293 293 293 293 293 293 293 293 293 293 293 293 293 293 293 293 293 293 293 293 293 293 293 293 293 293 293 293 293 293 293 293 293 293 293 293 293 293 293 293 293 293 293 293 293 293 293 293 293 293 293 293 293 293 292 292 292 292 292 292 292 292 292 292 292 292 292 292 292 292 292 292 292 292 292 292 292 292 292 292 292 292 292 292 292 292 292 292 292 292 292 292 292 292 292 292 292 292 292 292 292 292 292 292 292 292 292 292 296 296 296 296 314 314 

M = 290:
443 443 443 443 443 443 443 443 443 443 290 290 290 290 290 290 290 290 290 290 290 290 290 290 290 290 290 290 290 443 443 443 443 443 290 290 290 290 290 443 443 443 443 443 290 290 290 290 290 443 443 443 443 443 290 290 290 290 290 443 443 443 443 443 290 290 290 290 290 290 290 290 290 290 290 290 290 290 290 290 290 290 290 290 287 287 287 287 287 287 287 287 287 287 287 287 287 287 287 288 288 285 285 285 285 288 288 288 288 285 285 288 288 288 288 285 285 288 288 285 285 285 285 285 285 288 288 285 285 288 288 288 288 

