M = 375:
377 377 377 342 342 342 377 377 377 378 378 378 342 342 342 342 342 342 342 342 342 342 342 342 342 342 342 377 377 377 342 342 342 342 342 342 375 375 375 375 375 375 375 379 379 375 375 375 375 375 375 379 379 375 375 375 375 379 379 

M = 435:
435 435 435 435 435 436 436 435 435 435 435 388 388 436 436 435 435 435 435 435 435 435 435 388 388 388 388 435 435 435 435 435 435 435 435 435 435 436 436 435 435 435 435 

M = 194:
194 194 194 194 194 194 194 194 194 194 194 194 194 194 194 194 194 194 194 194 194 194 194 194 194 194 194 194 194 194 194 194 194 194 194 194 194 194 194 194 194 193 193 193 193 193 193 193 193 193 193 193 193 190 190 190 190 217 217 217 217 190 190 190 190 130 130 130 130 130 130 130 130 217 217 217 217 217 217 217 217 130 130 130 130 218 218 218 218 130 130 130 130 217 217 217 217 217 217 217 217 130 130 130 130 217 217 217 217 190 190 190 190 196 196 196 196 196 196 196 196 196 196 196 196 196 196 196 196 196 196 196 196 196 196 196 196 196 196 196 128 128 128 196 196 196 196 196 196 220 220 220 220 220 220 220 220 220 220 220 220 220 220 220 220 220 220 220 220 

M = 337:
337 337 337 337 337 337 337 337 337 337 337 337 337 337 337 337 337 337 337 337 337 337 337 337 337 337 337 337 337 337 337 337 337 337 339 339 339 339 339 339 406 406 406 406 406 336 336 336 336 336 336 336 336 336 336 406 406 406 406 406 336 336 336 336 336 336 336 336 336 336 407 407 407 407 405 405 405 405 405 405 403 403 403 335 335 335 403 403 403 403 403 403 405 405 405 403 403 403 403 403 403 331 331 331 403 403 403 335 335 335 335 335 335 403 403 403 415 415 415 405 405 405 334 334 334 403 403 403 403 403 403 415 415 415 335 335 335 330 330 326 326 327 327 327 327 326 326 327 327 

M = 440:
438 438 438 438 438 438 438 438 438 438 438 438 438 438 438 438 438 438 438 438 440 440 440 440 440 440 440 440 440 440 440 440 440 440 440 440 440 440 440 440 440 440 440 440 440 440 440 440 440 440 440 440 440 440 440 440 440 440 440 440 440 440 440 443 443 443 443 443 443 443 443 443 293 293 293 293 293 293 293 293 293 293 293 293 293 293 293 293 293 293 293 293 293 293 293 293 

M = 261:
261 261 262 262 262 261 261 261 261 261 261 261 261 261 261 261 261 262 262 262 261 261 261 261 261 261 261 261 261 261 261 261 261 261 261 261 261 261 

M = 242:
242 242 242 242 242 242 242 242 242 242 242 242 242 242 242 242 242 242 242 242 242 242 242 242 242 242 242 242 242 242 242 242 242 242 242 242 242 242 242 242 242 242 242 242 242 242 242 242 242 242 242 242 242 242 

M = 178:
180 180 180 180 180 180 180 180 180 180 181 181 181 181 178 178 178 178 178 178 178 178 178 178 178 178 178 178 178 178 178 178 178 178 178 178 178 178 178 178 178 178 178 183 183 183 183 183 183 183 183 183 183 183 183 183 183 183 183 183 183 183 183 

M = 345:
345 345 345 345 345 345 345 345 345 345 345 345 345 345 345 345 345 345 345 345 345 345 345 344 344 344 344 347 347 

M = 355:
354 354 354 354 354 356 356 356 356 356 356 356 356 356 281 281 281 356 356 356 356 356 356 356 356 356 281 281 281 356 356 356 281 281 281 356 356 356 356 356 356 290 290 290 290 290 290 355 290 290 290 290 290 290 290 290 355 355 355 355 290 290 290 290 355 355 290 290 290 290 290 290 290 290 355 355 

M = 123:
126 126 126 126 126 120 120 120 120 141 141 141 141 119 119 119 119 127 127 127 127 127 127 136 136 136 127 127 127 136 136 136 134 134 134 134 134 134 127 127 127 127 127 127 136 136 136 127 127 127 134 134 134 136 136 136 127 127 127 136 136 136 136 136 136 136 136 136 136 136 136 136 136 136 136 136 136 127 127 127 127 127 127 133 133 123 123 123 123 123 124 124 212 212 124 124 212 212 124 124 133 133 122 122 122 122 123 123 122 122 123 123 133 133 122 122 123 123 212 212 122 122 133 133 124 124 212 212 212 212 124 124 122 122 123 123 122 122 122 122 122 122 212 212 133 133 122 122 123 123 133 133 123 123 123 123 124 124 212 212 

M = 267:
146 146 146 146 146 146 146 146 146 146 146 146 146 146 146 146 266 266 266 266 146 146 146 146 146 146 146 146 146 146 146 146 267 267 267 267 267 267 267 267 267 267 267 267 267 267 267 267 267 267 267 267 267 267 267 267 267 267 267 267 267 304 304 272 272 269 269 

M = 368:
368 368 368 385 385 385 385 368 368 385 385 368 368 368 368 

M = 228:
229 229 229 228 228 228 228 228 228 228 228 228 

M = 164:
164 164 164 164 164 164 164 164 164 164 164 164 164 164 164 164 164 164 164 164 164 164 164 164 164 164 164 164 164 164 164 164 164 164 164 164 164 164 164 164 164 164 164 164 164 164 164 164 164 164 164 164 164 164 164 164 164 164 164 164 164 164 164 164 164 164 164 164 164 164 164 164 164 164 164 164 164 164 164 164 164 164 164 164 164 164 164 164 164 163 163 163 163 163 163 163 163 163 163 163 163 163 163 163 163 163 163 162 162 162 162 162 167 167 167 167 167 167 167 167 167 167 167 167 167 167 167 167 167 167 167 167 167 167 167 167 167 167 167 167 167 167 167 167 167 167 167 167 167 167 167 167 167 167 167 167 167 

M = 410:
409 409 409 409 409 409 409 409 409 409 409 409 409 409 409 411 411 411 411 410 410 410 411 411 411 411 410 410 410 410 410 410 410 410 410 410 410 410 410 410 410 410 

M = 251:
158 158 158 158 158 158 158 158 158 158 251 251 251 251 251 251 251 251 251 251 251 251 251 251 251 251 251 251 251 251 251 251 251 251 251 251 251 251 251 251 251 251 251 251 251 251 251 251 237 237 237 237 237 237 237 237 237 237 237 237 237 237 237 237 237 237 237 237 237 237 237 237 237 237 237 237 237 237 

M = 249:
249 249 249 249 249 249 249 249 249 249 249 249 249 249 249 249 249 249 249 249 249 249 249 249 249 249 249 249 249 249 249 249 249 249 249 249 249 249 249 249 249 249 249 249 249 249 249 249 249 

M = 248:
248 248 248 248 248 248 

M = 165:
165 165 165 165 165 165 165 165 165 165 165 165 165 165 165 165 165 165 165 165 165 165 165 165 165 165 165 165 165 165 165 165 165 165 165 165 165 165 165 165 165 165 165 165 165 165 165 165 165 165 165 165 165 165 165 165 165 165 165 165 165 165 165 165 165 165 165 165 165 165 165 165 165 165 165 165 165 165 165 165 165 165 165 165 165 165 165 165 165 

