M = 201:
201 201 201 201 201 201 201 201 201 201 201 201 201 201 201 201 201 201 201 201 201 201 201 201 201 201 201 201 201 201 201 201 201 201 201 201 201 201 201 201 201 201 201 201 201 201 201 201 201 201 201 201 201 201 201 201 201 201 201 201 201 201 201 201 201 201 201 201 201 201 201 201 201 201 

M = 217:
217 217 217 217 217 217 217 217 217 217 217 217 217 217 217 217 217 217 217 217 217 217 217 216 216 216 

M = 205:
204 204 204 204 204 204 204 204 204 204 204 204 204 204 205 205 205 205 205 205 205 205 205 205 205 206 206 206 206 206 206 205 205 205 205 205 205 206 206 206 206 206 206 206 206 206 206 206 206 206 206 206 206 206 206 205 205 205 205 205 205 

M = 141:
142 142 142 142 144 144 144 144 141 141 141 141 141 141 141 141 141 141 141 141 141 141 213 213 213 213 213 213 

M = 130:
127 127 127 127 127 127 127 196 196 196 196 196 196 196 196 196 196 196 196 196 196 196 130 130 130 130 130 194 194 194 130 130 130 194 194 194 130 130 130 130 130 130 130 130 130 130 130 130 130 130 130 130 130 130 194 194 194 130 130 130 194 194 194 194 194 194 130 130 130 130 130 130 194 194 194 130 130 130 130 130 130 130 130 130 194 194 194 193 193 193 193 193 193 193 193 193 193 193 193 193 193 193 193 193 193 

M = 337:
339 339 339 339 339 339 338 338 338 403 403 335 335 400 400 403 403 337 337 337 403 403 403 403 337 337 337 337 336 336 403 403 400 400 337 337 337 337 400 400 337 337 329 329 337 337 403 403 329 329 400 400 337 337 329 329 337 337 403 403 400 400 337 337 400 400 337 337 329 329 400 400 336 336 336 336 337 337 403 403 403 403 403 403 337 337 403 403 403 403 329 329 337 337 

M = 178:
178 178 178 178 178 178 178 178 178 178 178 178 178 178 178 178 178 178 178 178 178 178 178 178 178 178 178 178 178 178 178 178 178 178 178 178 178 178 178 178 178 178 178 178 178 178 178 178 178 145 145 145 145 145 145 145 145 145 145 145 145 145 145 145 145 145 145 145 145 

M = 219:
168 168 168 218 218 218 168 168 168 218 218 218 168 168 168 168 168 168 219 219 219 219 219 219 219 219 219 190 190 219 219 219 219 219 219 190 190 190 190 190 190 

M = 182:
180 180 180 180 180 180 180 180 180 180 180 180 228 228 228 228 228 182 182 182 182 182 182 182 182 182 182 182 182 182 182 182 182 182 182 182 182 182 182 182 182 182 182 182 182 182 182 182 182 182 182 182 182 182 182 182 182 182 182 182 182 182 182 182 182 182 182 182 183 183 183 183 183 183 183 183 

M = 261:
261 261 261 261 261 261 261 261 261 261 261 261 261 261 261 261 261 261 261 261 261 261 261 261 261 261 261 261 261 261 261 261 261 261 261 261 261 261 261 261 261 261 261 261 261 261 261 261 261 261 261 261 261 261 261 261 261 261 261 261 261 261 261 261 261 261 261 261 261 259 259 259 259 259 259 259 259 259 259 259 259 259 259 259 259 259 259 259 259 258 258 258 258 232 232 232 232 232 232 232 232 232 232 232 232 232 232 232 232 232 232 232 232 232 232 232 232 232 232 232 232 232 232 232 232 232 232 232 232 232 232 232 231 231 

M = 123:
123 123 123 123 123 123 123 123 123 123 123 123 123 123 123 123 123 123 123 124 124 124 124 124 124 122 122 122 122 122 122 122 122 122 122 122 122 122 122 122 122 122 122 

M = 267:
266 266 266 266 266 266 264 264 264 264 264 264 264 264 264 264 264 264 264 264 264 264 264 264 264 264 264 264 264 264 264 264 264 264 264 264 264 264 264 264 264 268 268 268 268 146 146 146 146 146 146 146 146 146 146 146 146 146 146 146 146 146 146 146 146 146 146 146 146 146 146 146 146 267 267 267 267 267 267 267 267 267 267 267 267 267 267 267 

M = 136:
136 136 136 136 136 136 136 136 136 136 136 136 136 136 136 136 136 136 136 136 136 136 136 136 136 136 136 136 136 136 136 136 136 136 136 136 136 136 136 136 136 136 136 136 136 136 136 136 136 136 136 136 136 136 136 136 136 136 136 136 136 136 136 139 139 139 139 139 139 139 139 139 139 139 139 139 139 139 139 139 139 139 139 139 139 139 139 139 139 

M = 135:
135 135 135 135 135 135 135 135 135 135 135 134 134 134 134 

M = 242:
242 242 242 242 242 242 242 242 242 242 242 242 242 242 242 242 242 242 242 242 242 242 242 242 242 242 242 242 242 242 242 242 242 242 242 242 242 242 242 242 242 242 242 242 242 242 242 242 242 242 242 242 242 242 242 242 242 242 242 242 242 242 242 242 242 242 242 242 242 242 242 242 242 242 242 242 242 242 242 242 242 242 242 242 242 242 242 165 165 165 165 165 165 165 165 165 165 165 165 165 165 165 165 

M = 235:
235 235 235 235 235 235 235 235 235 235 235 235 235 235 235 235 235 235 235 235 235 235 235 235 235 235 235 235 235 235 235 235 235 235 235 235 235 235 235 235 235 235 235 235 235 235 235 235 235 235 235 

M = 273:
273 273 273 273 273 277 277 277 277 273 273 273 273 273 273 277 277 273 273 273 273 273 273 277 277 273 273 273 273 273 273 273 273 277 277 277 277 273 273 273 273 277 277 277 277 

M = 251:
250 250 250 250 250 250 250 250 250 250 250 250 250 250 250 250 250 250 250 250 250 250 251 251 251 251 251 251 251 251 251 251 251 251 251 251 251 251 251 251 251 251 251 251 251 251 251 251 251 251 251 251 251 251 251 251 251 251 251 251 251 251 251 251 251 251 251 251 251 251 251 251 251 251 251 251 251 251 251 251 251 251 251 251 251 251 251 251 251 251 251 251 251 251 251 251 251 251 251 251 251 251 251 251 251 251 251 251 251 251 251 251 251 251 251 251 251 251 251 251 251 237 237 237 237 237 237 237 164 164 164 164 164 164 164 164 164 164 164 164 163 163 163 163 163 249 249 249 249 249 249 249 249 249 249 249 249 249 249 249 249 162 162 249 249 249 249 162 162 249 249 249 249 162 162 249 249 162 162 249 249 162 162 249 249 249 249 249 249 

M = 283:
312 312 312 357 357 357 357 357 357 357 357 357 357 357 357 312 312 312 297 297 294 294 284 284 316 316 294 294 294 294 286 286 283 283 283 313 313 297 297 316 316 313 313 283 283 283 283 284 284 

M = 376:
377 377 377 377 377 377 376 376 376 376 376 376 376 376 379 379 379 377 377 377 379 379 379 377 377 377 379 379 379 376 376 376 379 379 379 376 376 376 377 377 377 376 376 376 377 377 377 376 376 376 376 376 376 379 379 379 376 376 376 341 341 341 341 341 341 341 341 341 341 341 341 341 341 341 341 341 341 341 341 341 341 341 341 341 341 

