M = 216:
216 216 216 216 216 216 216 216 216 216 216 216 216 216 216 216 216 216 216 142 142 142 142 142 142 142 142 142 217 217 218 218 218 218 218 218 217 217 218 218 218 218 140 140 218 218 217 217 217 217 140 140 140 140 218 218 140 140 

M = 123:
119 119 119 119 119 119 132 132 132 132 123 123 123 123 123 123 123 123 123 123 123 122 122 122 122 124 124 124 124 123 123 123 123 132 132 132 132 123 123 123 123 122 122 122 122 123 123 123 123 122 122 122 122 123 123 123 123 123 123 123 123 124 124 124 124 123 123 123 123 122 122 122 122 123 123 123 123 122 122 122 122 122 122 122 122 123 123 123 123 123 123 123 123 132 132 132 132 122 122 122 122 122 122 122 122 123 123 123 123 123 123 123 123 123 123 123 123 122 122 122 122 132 132 132 132 123 123 123 123 125 125 125 125 125 125 208 208 208 208 208 208 125 125 208 208 125 125 208 208 125 125 208 208 208 208 125 125 208 208 208 208 208 208 125 125 125 125 208 208 208 208 208 208 208 208 208 208 208 208 

M = 268:
266 266 266 266 266 266 268 268 268 268 268 268 268 268 268 268 268 268 268 268 268 268 268 268 268 268 268 268 268 268 268 268 268 268 268 268 268 268 268 268 146 146 146 146 146 146 146 146 146 146 146 146 146 146 146 146 146 146 146 146 146 146 146 146 146 146 146 146 146 146 146 146 267 267 267 267 267 267 267 267 277 277 267 267 277 277 267 267 267 267 277 277 267 267 267 267 

M = 157:
157 157 157 157 157 157 157 157 157 157 157 157 157 157 157 157 157 157 157 157 157 157 157 157 157 157 157 157 157 157 157 157 157 157 157 162 162 162 156 156 156 156 156 156 156 156 

M = 183:
229 229 229 229 229 229 229 229 180 180 180 180 180 180 180 180 180 180 180 180 178 178 178 178 178 178 178 178 178 178 178 178 178 178 178 178 178 178 178 178 178 178 178 178 183 182 182 183 183 182 182 183 183 182 182 183 183 182 182 183 183 183 183 207 207 207 207 183 183 182 182 207 207 182 182 182 182 207 207 183 183 207 207 183 183 183 183 183 183 207 207 183 183 183 183 183 183 182 182 182 182 182 182 183 183 182 182 207 207 207 207 183 183 183 183 207 207 182 182 183 183 182 182 

M = 313:
316 316 316 316 316 316 319 319 319 316 316 316 316 316 316 316 316 316 319 319 319 312 312 312 312 312 312 305 305 313 297 297 305 305 305 305 305 305 313 313 297 297 313 313 313 313 305 305 297 297 305 305 305 305 305 305 305 305 

M = 158:
158 158 158 158 158 158 158 158 158 158 158 158 158 158 158 158 158 158 158 158 158 158 158 158 158 158 158 158 158 158 158 158 158 158 158 158 158 158 

M = 196:
127 127 127 127 127 127 127 127 197 197 197 197 197 197 197 197 197 197 197 197 197 197 197 197 197 197 197 197 197 197 197 197 193 193 193 193 193 193 193 193 193 194 194 194 193 193 193 193 193 193 194 194 194 193 193 193 194 194 194 130 130 196 130 130 196 196 196 196 196 196 196 196 130 130 196 196 196 196 130 130 196 196 130 130 130 130 130 130 196 196 130 130 130 130 196 196 196 196 130 130 196 196 130 130 130 130 196 196 196 196 130 130 130 130 130 130 196 196 130 130 191 191 

M = 245:
245 245 245 245 245 245 245 245 245 245 245 

M = 262:
265 265 265 265 265 265 265 265 265 265 265 265 262 262 262 265 265 265 265 265 265 265 265 262 262 262 262 265 265 265 265 262 262 262 262 262 262 262 262 265 265 265 265 261 261 261 261 261 261 263 263 261 261 261 261 261 261 261 261 261 261 261 261 261 261 

M = 259:
259 259 259 259 259 259 259 259 259 259 259 259 259 259 259 259 259 259 259 259 259 259 259 259 259 259 259 259 259 259 259 259 259 259 259 259 259 259 259 259 259 259 259 259 259 259 259 259 259 152 152 258 258 258 258 152 152 152 152 152 152 152 152 258 258 152 152 258 258 152 152 152 152 258 258 258 258 258 258 258 258 152 152 152 152 152 152 258 258 258 258 152 152 258 258 152 152 

M = 326:
326 326 326 326 326 326 326 326 326 326 326 326 326 326 326 326 326 326 326 326 329 329 334 334 329 329 329 329 329 329 329 329 329 329 320 320 334 334 329 329 

M = 136:
136 136 136 136 136 136 136 136 136 136 136 136 136 136 136 136 136 136 136 136 136 136 136 136 136 136 136 136 136 136 136 136 136 136 136 136 136 136 136 136 136 136 136 136 136 136 136 136 136 136 136 136 136 136 136 136 136 136 136 136 136 136 136 136 136 139 139 139 139 139 139 139 139 139 139 139 139 141 141 141 141 141 141 141 141 141 141 141 141 138 138 138 138 138 138 138 138 138 138 138 138 138 138 138 138 138 138 138 138 138 138 138 138 

M = 232:
232 232 232 232 232 232 232 232 232 232 232 232 232 232 232 232 232 232 232 232 232 232 232 232 232 232 232 232 232 232 232 231 231 231 231 231 231 231 231 231 233 233 233 233 233 233 

M = 242:
242 242 242 242 242 242 242 242 242 242 242 242 242 242 242 242 242 242 242 242 242 242 242 242 242 242 242 242 242 242 242 242 242 242 242 242 242 242 242 242 242 242 242 242 242 242 242 242 242 242 242 242 242 242 242 242 242 242 242 242 242 242 242 241 241 241 241 

M = 428:
286 286 286 286 286 286 286 286 286 286 286 286 286 286 286 286 286 286 286 286 284 284 456 456 428 358 358 358 358 428 428 428 428 284 284 284 284 428 428 428 428 428 428 428 428 428 428 428 428 428 428 428 428 428 428 428 428 428 428 

M = 251:
251 251 251 251 251 251 251 251 251 251 251 251 251 251 251 251 251 251 251 251 251 251 251 251 251 251 251 251 251 251 251 251 251 251 251 251 251 251 251 251 251 251 251 251 251 251 251 251 251 251 251 251 251 251 251 251 251 251 251 251 251 251 251 251 251 251 251 251 251 251 251 251 251 251 251 251 251 251 251 251 251 251 251 251 251 251 251 251 251 251 251 251 251 251 251 251 251 251 251 251 251 251 251 251 251 251 251 251 251 251 251 251 251 251 251 251 251 251 251 251 251 251 251 251 251 251 251 251 251 251 251 251 251 251 251 251 251 251 251 251 251 251 205 205 205 205 205 205 205 205 205 205 205 205 205 205 205 205 205 205 205 205 206 206 206 206 206 206 206 206 206 235 235 235 235 235 235 235 235 235 235 235 235 235 235 235 235 235 235 235 235 235 235 235 235 235 235 235 235 235 235 235 235 235 235 235 249 249 249 249 249 249 201 201 201 201 201 201 201 201 201 201 201 201 201 201 201 201 201 201 201 201 201 201 201 201 249 249 249 249 249 249 249 249 249 249 249 249 249 249 249 249 249 249 201 201 201 201 201 201 237 237 237 237 237 237 201 201 201 201 201 201 249 249 249 249 249 249 249 249 249 249 249 249 201 201 201 201 201 201 201 201 201 201 201 201 201 201 201 201 201 201 237 237 237 237 237 237 249 249 249 249 249 249 249 249 249 249 249 249 253 253 

M = 419:
421 421 419 400 400 421 421 419 419 400 400 400 400 400 400 419 419 400 400 421 421 421 421 421 421 400 400 419 419 400 400 419 419 419 419 419 419 400 400 400 400 421 421 400 400 419 419 400 400 421 421 419 419 419 419 419 419 419 419 400 400 419 419 400 400 421 421 419 419 419 419 419 419 400 400 419 419 421 421 421 421 419 419 

M = 165:
164 164 164 164 164 164 164 164 164 164 164 164 165 165 165 165 165 165 165 165 165 165 165 165 165 165 165 165 165 165 165 165 165 165 165 165 165 165 165 165 165 165 165 165 165 165 165 165 165 165 165 165 165 165 165 165 165 165 165 165 165 165 165 165 165 165 167 167 167 167 167 167 167 167 167 167 167 167 167 167 167 167 167 167 167 167 167 167 167 167 167 167 167 167 167 167 167 167 167 167 167 167 167 167 167 167 167 167 167 167 167 167 167 167 167 167 167 167 190 190 190 190 190 190 

M = 376:
377 377 376 376 376 340 340 338 338 379 379 376 376 379 379 377 377 340 340 378 378 376 376 379 379 377 377 379 379 376 376 377 377 379 379 379 379 377 377 376 376 379 379 377 377 378 378 377 377 340 340 376 376 379 379 376 376 340 340 379 379 376 376 

