M = 201:
205 205 205 205 205 203 203 203 203 203 203 203 203 206 206 206 206 206 206 206 206 206 206 206 206 201 201 201 201 201 201 201 201 201 201 201 201 201 201 201 201 201 201 201 201 201 201 201 

M = 245:
245 245 245 245 245 245 245 245 245 245 245 245 245 245 245 245 245 245 245 245 245 245 245 245 245 245 245 245 245 245 245 245 245 245 245 245 245 245 245 245 245 245 245 245 245 245 245 245 245 245 245 245 245 245 245 245 245 245 245 245 245 245 245 245 245 245 245 245 245 245 245 245 245 245 245 245 245 245 245 245 245 245 245 245 245 245 245 245 245 245 245 245 245 245 245 245 245 245 245 245 245 245 245 245 245 245 245 245 245 245 245 245 245 245 245 245 243 243 243 243 243 243 243 243 244 244 244 244 244 244 244 

M = 440:
442 442 442 442 440 440 440 440 440 440 440 440 438 438 438 438 438 438 439 439 439 440 440 440 440 440 440 435 435 435 440 440 440 439 439 439 440 440 440 440 440 440 440 440 440 440 440 440 435 435 435 440 440 440 440 440 440 439 439 439 440 440 440 440 440 440 440 440 440 440 440 440 435 435 435 360 360 360 360 360 360 361 361 361 361 

M = 143:
143 143 143 143 143 143 143 143 143 143 143 143 143 143 143 143 143 143 143 143 143 143 143 143 143 143 143 143 143 144 144 144 143 143 143 

M = 140:
218 218 218 218 218 218 218 218 218 218 219 219 219 219 219 219 219 219 220 220 220 220 220 220 220 220 220 220 220 220 219 219 219 219 220 220 220 220 220 220 220 220 220 220 220 220 220 220 220 220 220 220 220 220 140 140 140 140 140 140 140 140 140 140 140 140 140 140 140 140 140 140 140 140 140 140 140 140 140 140 140 140 140 140 140 140 140 140 140 140 140 140 140 140 140 140 140 140 141 141 

M = 336:
336 336 336 336 336 336 336 336 336 336 336 

M = 332:
332 332 332 332 332 332 332 332 332 332 332 332 332 332 332 332 332 332 332 332 332 332 332 332 332 332 332 332 332 332 332 332 332 332 332 332 332 

M = 379:
377 377 377 377 377 377 377 377 377 377 377 377 378 378 378 378 378 378 378 378 376 376 376 376 376 376 341 341 341 341 341 341 341 341 341 341 341 341 341 341 341 341 341 341 341 341 341 376 376 376 341 341 341 379 379 379 379 379 379 379 379 379 379 379 379 379 379 379 379 379 379 379 379 379 379 379 379 379 379 379 379 379 379 379 379 379 379 379 

M = 259:
259 259 259 259 259 259 259 259 259 259 259 259 259 259 259 259 259 259 259 259 259 259 259 231 231 231 231 232 232 263 263 232 232 232 232 232 232 

M = 162:
157 157 157 157 157 157 157 163 163 163 163 163 163 163 158 158 158 158 158 158 162 162 162 162 162 162 162 162 162 162 162 162 162 162 358 358 358 358 358 358 358 358 161 161 

M = 240:
240 240 240 240 240 240 240 240 240 240 240 240 240 240 240 240 240 240 240 240 240 240 240 240 240 240 240 239 239 239 194 194 194 239 239 239 239 239 239 194 194 194 194 194 194 194 194 194 194 194 194 239 239 239 239 239 239 194 194 194 193 193 127 127 193 193 193 193 127 127 193 193 127 127 193 193 

M = 401:
401 401 401 401 401 401 401 401 401 401 401 401 401 401 401 401 401 401 401 401 400 400 400 401 401 401 401 401 401 400 400 400 401 401 401 401 401 401 401 401 401 401 401 401 401 401 401 402 402 402 402 403 403 403 403 403 403 403 403 402 402 403 403 403 403 403 403 403 403 402 402 402 402 402 402 402 402 403 403 403 403 403 403 402 402 403 403 402 402 403 403 402 402 403 403 402 402 

M = 299:
301 301 301 301 301 300 300 300 300 300 300 300 300 300 300 301 301 301 301 301 308 308 308 308 299 299 311 311 311 311 311 311 299 299 299 311 311 311 299 299 299 311 311 311 299 299 299 311 311 311 299 299 299 311 311 311 311 311 311 311 311 311 311 311 311 311 311 311 311 311 311 311 311 311 311 311 311 299 299 299 298 298 298 298 298 298 306 306 306 306 306 306 298 298 

M = 278:
274 274 274 274 274 274 274 274 274 274 278 278 278 278 278 278 278 278 278 278 278 278 278 278 278 278 278 278 278 278 278 278 278 278 278 278 278 278 278 278 278 278 278 278 278 278 278 278 278 278 278 278 278 278 278 278 278 280 280 280 280 273 273 280 280 280 280 280 280 280 280 280 280 273 273 280 280 273 273 280 280 273 273 277 277 277 277 280 280 273 273 280 280 273 273 273 273 273 273 273 273 280 280 273 273 277 277 280 280 273 273 273 273 280 280 280 280 

M = 165:
164 164 164 164 164 164 164 164 164 164 165 165 165 165 165 165 165 165 165 165 165 165 165 165 165 165 165 165 165 165 165 165 165 165 165 165 165 165 165 165 165 165 165 165 165 165 165 165 165 165 165 165 165 165 165 165 165 165 165 165 165 165 165 165 165 165 165 165 165 165 165 165 165 165 165 165 165 165 165 165 165 190 190 190 190 190 167 167 167 167 167 167 167 167 167 167 167 167 167 167 167 167 167 167 167 167 167 167 167 167 167 167 167 167 172 172 172 172 167 167 167 167 167 167 167 167 167 167 167 167 167 167 167 167 167 167 167 167 167 167 167 167 167 167 167 167 171 171 171 171 171 171 171 171 171 171 171 171 171 171 171 171 171 171 

M = 235:
235 235 235 235 235 235 235 235 235 235 235 235 235 235 235 235 235 235 235 235 235 235 235 235 235 235 235 235 235 235 235 235 235 235 235 235 235 235 235 235 235 235 235 235 235 235 235 235 235 235 235 235 235 235 235 235 233 233 233 233 233 233 233 233 233 233 233 233 233 233 233 233 

M = 268:
268 268 268 268 268 268 268 268 268 268 268 268 268 268 265 265 265 265 265 265 265 265 265 265 268 268 268 268 268 268 268 268 268 268 146 146 146 146 146 146 146 146 146 146 267 267 267 267 267 268 268 268 268 268 265 265 265 265 265 268 268 268 268 268 266 266 266 266 266 268 268 268 268 268 268 268 268 268 268 268 268 268 268 268 266 266 266 266 266 268 268 268 268 268 146 146 146 146 146 268 268 268 268 268 264 264 148 148 148 148 148 148 264 264 148 148 148 148 

M = 249:
249 249 249 249 249 249 249 249 249 249 249 249 249 249 249 249 249 249 249 249 249 249 249 237 237 237 237 237 237 237 237 237 237 237 237 249 249 249 249 249 249 249 249 249 249 249 249 249 249 249 249 249 249 249 249 249 249 249 249 251 251 251 251 251 251 251 251 251 251 251 251 251 251 251 251 251 251 251 251 251 251 251 251 251 251 251 251 251 251 238 238 238 238 238 238 238 238 238 238 238 238 

M = 290:
293 293 293 293 293 293 293 293 293 293 293 293 293 293 293 293 293 293 293 293 293 293 293 293 293 293 293 293 293 293 293 293 293 293 293 293 293 293 293 293 284 284 284 284 290 290 290 290 290 290 290 290 290 290 290 290 290 290 290 290 290 355 355 355 290 290 290 290 290 290 290 290 290 290 290 290 290 290 290 356 356 444 444 356 356 444 444 292 292 292 292 292 292 292 292 444 444 444 444 292 292 444 444 356 356 356 356 444 444 356 356 356 356 444 444 292 292 356 356 443 443 444 444 285 285 292 292 444 444 356 356 443 443 444 444 

M = 327:
330 330 330 330 330 330 330 330 330 327 327 327 329 329 327 327 329 329 329 329 327 327 327 327 329 329 327 327 327 327 329 329 

