M = 201:
204 204 204 204 204 204 204 204 204 204 204 204 204 204 204 204 251 251 251 251 251 251 251 251 251 251 251 251 251 251 251 250 250 250 205 205 205 205 205 205 205 205 205 205 205 205 202 202 202 205 205 205 202 202 202 202 202 202 205 205 205 251 251 251 251 251 251 251 251 251 205 205 205 202 202 202 251 251 251 251 251 251 205 205 205 205 205 205 202 202 202 251 251 251 251 251 251 251 251 251 202 202 202 235 235 201 235 235 201 201 201 201 201 201 201 201 201 201 201 201 253 253 201 201 201 201 253 253 201 201 201 201 201 201 201 201 201 201 

M = 152:
152 152 152 152 152 152 152 152 152 152 152 152 152 152 152 152 152 152 152 152 152 152 152 152 152 152 152 152 152 152 152 152 152 152 152 152 152 152 152 152 152 152 152 152 152 152 152 152 152 152 152 152 152 152 152 151 151 151 151 151 151 151 151 151 151 151 151 151 151 151 151 151 151 151 151 151 151 151 151 151 151 151 151 151 151 151 151 151 151 151 151 

M = 273:
272 272 272 272 272 272 272 272 272 272 272 272 272 272 272 272 272 272 273 273 273 273 273 273 273 273 273 273 273 273 273 273 273 273 273 273 273 273 273 273 273 273 273 273 273 273 273 273 273 273 273 273 273 273 273 273 273 273 273 273 273 273 273 273 273 273 273 273 273 273 273 273 273 273 273 273 273 273 273 273 273 273 273 273 273 273 273 277 277 277 277 277 277 277 277 277 277 277 277 277 277 277 277 277 277 277 277 277 277 277 277 277 277 277 277 277 277 277 277 277 277 277 277 277 277 277 277 277 277 277 277 277 277 277 277 277 277 277 277 303 303 303 303 303 303 306 306 306 303 303 303 303 303 303 300 300 300 303 303 303 303 303 303 303 303 303 300 300 300 303 303 303 301 301 301 301 301 301 301 301 301 301 

M = 183:
229 229 229 229 229 229 182 182 182 182 182 182 182 182 182 182 181 181 181 181 181 183 183 183 183 183 183 183 183 183 183 183 183 183 183 183 183 183 183 183 

M = 141:
217 217 217 217 144 144 144 144 217 217 217 217 144 144 144 144 217 217 217 217 217 217 217 217 142 142 142 142 142 142 142 142 142 137 137 137 141 141 142 142 142 142 142 142 141 141 141 142 142 142 141 141 141 142 142 142 141 141 141 142 142 142 141 141 141 141 141 141 141 141 141 141 141 141 142 142 142 141 141 141 142 142 142 141 141 141 142 142 142 142 142 142 142 142 142 141 141 141 142 142 142 141 141 141 141 141 141 136 136 136 136 136 136 139 139 136 136 212 212 136 136 212 212 212 212 135 135 136 136 139 139 139 139 136 136 136 136 212 212 212 212 135 135 139 139 212 212 135 135 212 212 136 136 139 139 212 212 212 212 136 136 136 136 136 136 136 136 136 136 139 139 136 136 212 212 136 136 139 139 

M = 194:
219 219 219 219 219 219 219 242 242 242 242 242 242 242 243 243 243 243 243 243 243 242 242 242 242 242 242 242 244 244 244 244 244 244 244 243 243 243 243 243 243 243 242 242 242 242 242 242 242 242 242 242 242 242 242 242 242 242 242 242 242 242 242 242 242 242 242 242 242 242 242 242 242 242 242 242 242 242 242 242 242 242 242 242 242 242 242 242 242 242 242 243 243 243 243 243 243 243 193 193 193 193 193 193 193 193 193 193 193 193 190 190 190 190 190 190 193 193 193 193 193 193 193 193 193 193 193 193 190 190 190 190 190 190 190 190 190 190 190 190 194 194 194 194 194 194 194 194 194 194 194 194 194 194 194 194 194 194 194 194 194 194 194 194 194 194 194 194 194 194 194 194 194 194 194 194 194 194 194 194 194 194 194 194 194 194 194 194 194 194 194 194 194 194 194 194 194 194 194 130 130 130 130 130 130 130 130 128 128 130 130 130 130 246 246 130 130 130 130 130 130 130 130 130 130 130 130 239 239 133 133 239 239 239 239 130 130 128 128 128 128 130 130 133 133 130 130 128 128 128 128 130 130 130 130 130 130 128 128 130 130 

M = 337:
339 339 339 339 339 339 339 339 339 339 339 339 415 415 415 415 337 337 337 337 337 337 337 334 334 334 334 415 415 415 415 337 337 337 337 337 337 337 337 415 415 415 415 337 337 337 337 337 337 337 337 337 337 337 337 337 337 337 337 334 334 334 334 337 337 337 337 337 337 337 337 337 337 337 337 337 337 337 337 337 337 337 337 337 337 337 337 415 415 415 415 337 337 337 337 337 337 337 337 415 415 415 415 337 337 337 337 336 336 336 336 336 336 336 336 336 405 405 405 405 405 405 405 405 405 336 336 336 336 336 336 405 405 405 407 407 407 407 

M = 178:
180 180 180 180 180 180 180 178 178 178 178 178 178 178 178 178 178 178 178 178 178 178 178 178 178 178 178 178 178 178 178 178 178 178 178 178 178 178 178 178 178 178 178 178 178 178 178 178 178 178 178 147 147 147 147 147 145 145 145 145 145 145 145 145 145 

M = 284:
283 283 283 283 283 284 284 284 284 283 283 283 283 283 283 283 283 283 283 356 356 356 356 356 284 284 284 284 284 284 284 284 284 284 284 284 284 284 284 283 283 283 283 283 283 283 283 283 283 283 283 283 283 283 283 283 283 283 283 284 284 284 284 284 284 284 284 284 284 356 356 356 356 356 283 283 283 283 283 283 283 283 283 283 284 284 284 284 284 284 284 284 284 284 284 284 284 284 284 284 284 284 284 284 284 284 284 284 284 283 283 283 283 283 284 284 284 284 284 284 284 284 284 284 283 283 283 283 283 279 279 279 279 279 279 279 279 279 279 279 279 286 286 286 285 285 285 286 286 286 286 286 286 286 286 286 286 286 286 285 285 285 286 286 286 280 280 280 285 285 285 280 280 280 280 280 280 286 286 286 286 286 286 286 286 286 280 280 280 286 286 286 280 280 280 286 286 286 285 285 285 285 285 285 285 285 285 286 286 286 286 286 286 280 280 280 290 290 281 281 289 289 290 290 293 293 281 281 289 289 293 293 290 290 311 311 354 354 354 354 290 290 290 290 290 290 354 354 290 290 290 290 293 293 311 311 290 290 289 289 281 281 296 296 290 290 293 293 428 428 281 281 290 290 281 281 281 281 354 354 281 281 293 293 281 281 311 311 293 293 281 281 354 354 281 281 354 354 289 289 281 281 311 311 293 293 311 311 290 290 289 289 289 289 355 355 290 290 290 290 290 290 290 290 281 281 296 296 

M = 149:
146 146 146 146 146 146 146 146 146 146 146 146 146 146 146 146 146 146 266 266 266 266 266 149 149 149 149 149 267 267 267 267 267 267 149 149 149 267 267 267 149 149 149 149 149 149 149 149 149 149 149 149 149 149 149 267 267 267 149 149 149 267 267 267 149 149 149 267 267 267 267 267 267 149 149 149 149 149 149 149 149 149 267 267 267 149 149 149 150 150 150 150 150 150 150 150 150 150 150 150 150 150 150 150 150 150 150 150 150 150 150 150 150 150 150 150 150 150 150 150 150 150 150 150 

M = 262:
261 261 261 261 261 261 261 261 261 261 261 261 261 261 262 262 262 262 262 263 263 263 263 263 263 262 262 262 262 262 262 262 262 262 262 262 262 265 265 265 265 265 

M = 258:
259 259 259 259 259 259 259 259 259 259 259 259 259 259 259 259 259 259 258 258 258 258 258 258 258 258 258 258 258 258 258 258 257 257 257 257 257 258 258 258 258 258 257 257 257 257 257 258 258 258 258 258 258 258 258 258 258 232 232 232 232 255 255 255 255 255 255 231 231 

M = 347:
345 345 345 345 345 345 345 345 345 345 345 345 345 345 345 345 345 345 345 345 345 345 345 345 345 345 345 345 345 345 372 372 372 372 368 368 368 368 372 372 372 372 372 372 372 372 347 347 347 347 347 347 347 372 372 372 372 368 368 368 368 347 347 347 347 368 368 368 368 372 372 372 372 372 372 372 372 368 368 368 368 372 372 372 372 347 347 347 347 347 347 347 347 372 372 372 372 372 372 372 372 372 372 372 372 347 347 347 347 372 372 372 372 347 347 347 347 372 372 372 372 347 347 347 347 347 347 347 347 372 372 372 372 347 347 347 347 347 347 347 347 347 347 347 347 347 347 347 347 347 347 347 347 344 344 344 346 346 346 346 346 346 346 346 346 346 346 346 346 346 

M = 326:
326 400 400 326 326 326 326 326 326 322 322 319 319 330 330 316 316 316 316 319 319 326 326 326 326 400 400 326 326 326 326 326 326 326 326 400 400 326 326 326 326 326 326 400 400 318 318 400 400 326 326 400 400 326 326 400 400 326 326 326 326 326 326 396 396 322 322 

M = 412:
408 408 408 408 408 408 408 412 412 412 412 412 412 412 412 412 412 412 412 412 412 412 412 412 412 412 412 412 412 412 412 412 412 412 388 388 388 388 388 388 390 390 390 

M = 208:
119 119 119 119 119 119 119 119 119 119 122 122 122 122 120 120 120 120 120 120 120 120 122 122 122 122 127 127 208 124 124 127 127 208 208 124 124 208 208 124 124 208 208 208 208 124 124 124 124 208 208 124 124 207 207 207 207 208 208 127 127 207 207 207 207 207 207 208 208 208 208 124 124 127 127 208 208 124 124 207 207 208 208 207 207 208 208 208 208 207 207 207 207 208 208 208 208 208 208 124 124 208 208 208 208 

M = 164:
165 165 165 165 165 165 165 165 165 165 165 165 165 165 165 165 165 165 165 165 165 165 165 165 165 165 165 165 165 165 165 165 165 165 165 165 165 165 165 165 165 165 165 165 165 165 165 165 164 164 164 164 164 164 164 164 164 164 164 164 164 164 164 164 164 164 164 164 164 164 164 164 164 164 164 164 164 164 164 164 164 164 164 164 164 164 164 164 164 164 164 164 164 164 164 164 164 164 164 164 164 164 164 164 164 164 164 164 164 164 164 164 164 164 164 164 164 164 164 167 167 167 167 167 167 167 167 167 167 167 167 167 167 167 167 167 167 167 167 163 163 163 163 163 167 167 167 167 167 167 167 167 167 167 167 167 167 167 167 167 167 167 167 167 167 167 167 167 167 167 167 167 167 167 167 167 167 167 167 157 157 157 157 157 167 167 167 167 167 163 163 163 163 163 158 158 158 158 158 158 158 158 156 156 156 162 162 162 162 162 162 249 249 249 249 249 249 249 249 249 249 249 249 249 249 249 249 249 249 249 249 249 249 249 249 249 249 

M = 435:
438 438 438 436 436 436 438 438 438 436 436 436 436 436 436 436 436 436 436 436 436 438 438 438 436 436 436 436 436 436 438 438 438 436 436 436 436 436 436 436 436 436 436 436 436 436 436 436 436 436 436 440 440 435 391 391 391 391 435 435 443 443 443 443 391 391 391 391 435 435 391 391 391 391 441 441 441 441 435 435 442 442 391 391 441 441 391 391 439 439 443 443 441 441 391 391 435 435 441 441 435 435 391 391 391 391 443 443 441 441 443 443 435 435 391 391 439 439 440 440 391 391 435 435 391 391 391 391 435 435 443 443 441 441 439 439 439 439 391 391 391 391 441 441 435 435 

M = 172:
172 172 172 172 172 172 172 172 172 172 172 172 172 172 172 172 172 172 172 172 172 172 172 172 172 172 172 172 172 172 172 172 171 171 173 173 173 173 173 173 171 171 173 173 173 173 173 173 171 171 173 173 173 173 171 171 171 171 173 173 173 173 171 171 171 171 173 173 173 173 173 173 170 170 170 170 173 173 171 171 173 173 171 171 171 171 170 170 173 173 173 173 173 173 

M = 377:
341 341 341 341 341 341 341 341 341 341 341 341 377 377 379 379 379 379 379 379 379 379 379 377 377 377 379 379 379 377 377 377 377 377 377 379 379 379 

