M = 146:
147 147 147 147 147 146 146 146 146 146 146 146 146 146 146 146 146 146 146 146 146 146 146 146 146 146 146 146 146 146 146 146 146 146 146 146 146 146 146 146 146 146 146 146 146 146 146 146 146 146 146 146 146 146 146 146 145 145 145 

M = 201:
204 204 204 204 204 204 204 204 204 204 204 204 204 204 204 204 235 235 235 235 235 235 235 235 235 235 205 205 205 205 205 201 201 201 206 206 206 206 201 201 201 201 206 206 206 206 234 234 234 234 234 234 234 234 234 234 234 234 234 234 234 234 234 234 234 234 

M = 319:
319 319 319 319 319 319 319 319 319 319 319 319 319 319 319 319 319 319 319 319 319 319 319 319 319 319 319 319 319 319 319 319 319 319 319 319 319 319 319 319 319 323 323 318 318 318 318 318 318 323 323 323 323 318 318 323 323 326 326 323 323 318 318 327 327 318 318 323 323 318 318 318 318 318 318 318 318 318 318 318 318 327 327 323 323 327 327 323 323 318 318 323 323 

M = 142:
142 142 142 142 142 142 142 142 142 142 142 142 142 142 142 142 142 142 142 142 142 142 142 141 141 

M = 140:
136 136 136 140 135 135 140 140 140 140 135 135 140 140 135 135 140 140 140 140 140 140 140 140 135 135 140 140 135 135 

M = 194:
193 193 193 193 193 193 193 193 193 193 193 193 193 193 193 193 193 193 193 193 193 193 193 193 193 193 193 193 193 193 193 193 193 193 193 193 194 194 194 194 194 194 194 194 194 194 194 194 194 194 194 194 194 194 194 194 194 194 194 194 194 194 194 194 194 194 194 194 194 194 194 194 194 194 194 194 194 194 194 194 194 194 194 194 194 194 194 194 194 194 

M = 337:
340 340 340 340 340 340 340 340 340 340 340 340 341 341 341 341 406 406 406 406 340 340 340 340 340 340 340 340 340 340 340 340 337 337 336 336 336 337 337 337 337 337 337 337 337 337 336 336 336 337 337 337 339 339 339 337 337 337 337 337 337 337 337 337 337 337 337 337 337 337 337 337 337 337 337 337 337 337 337 336 336 336 337 337 337 337 337 337 336 336 336 337 337 337 337 337 337 403 403 330 330 335 335 335 335 335 335 335 335 403 403 403 403 403 403 403 403 335 335 403 403 334 334 335 335 335 335 403 403 403 403 403 403 403 403 334 334 403 403 403 403 403 403 334 334 403 403 335 335 334 334 335 335 335 335 335 335 403 403 335 335 335 335 403 403 335 335 334 334 403 403 335 335 403 403 334 334 335 335 

M = 196:
127 127 127 127 127 127 127 127 127 127 127 127 127 127 127 130 130 130 130 130 130 130 130 130 130 130 130 130 130 130 130 130 130 130 130 130 130 130 130 130 127 127 127 127 127 130 130 130 130 130 130 130 130 130 130 127 127 127 127 127 196 196 196 196 196 196 196 196 196 196 196 196 196 196 196 196 196 196 196 196 196 196 196 196 196 196 196 196 196 196 196 196 196 196 196 196 196 196 196 196 196 196 196 196 196 196 196 196 196 196 196 196 196 196 196 196 196 196 196 196 196 196 196 240 240 240 

M = 447:
450 450 450 400 400 400 450 450 450 455 455 455 450 450 450 424 424 424 421 421 421 424 424 424 426 426 426 450 450 450 428 428 428 453 453 453 400 400 400 400 400 400 428 428 428 400 400 400 421 421 421 428 428 428 400 400 400 450 450 450 428 428 428 453 453 453 428 428 428 428 428 428 428 428 428 421 421 421 447 360 360 447 447 447 447 360 360 284 284 360 360 286 286 454 454 284 284 454 454 447 447 447 447 447 447 447 447 447 447 360 360 454 454 447 447 447 447 454 454 360 360 284 284 447 447 284 284 350 350 447 447 454 454 447 447 454 454 454 454 454 454 454 454 284 284 360 360 454 454 284 284 284 284 454 454 284 284 454 454 447 447 350 350 447 447 447 447 454 454 284 284 454 454 

M = 219:
219 219 219 219 219 219 219 219 219 219 219 219 219 219 219 219 219 219 219 219 219 219 219 219 190 190 218 218 190 190 190 190 190 190 190 190 190 190 218 218 190 190 

M = 270:
270 270 270 270 270 270 270 270 270 270 270 270 270 270 270 270 270 305 305 267 267 279 279 267 267 267 267 267 267 267 267 279 279 279 279 279 279 279 279 267 267 267 267 267 267 267 267 279 279 267 267 279 279 279 279 267 267 279 279 267 267 267 267 267 267 

M = 178:
180 180 180 180 180 180 180 180 180 180 181 181 181 181 181 262 262 262 262 262 180 180 180 180 180 180 180 180 180 180 180 180 180 180 180 178 178 178 265 265 265 265 178 178 178 178 265 265 265 265 178 178 178 178 265 265 265 265 178 178 178 178 263 263 263 263 178 178 178 178 178 178 178 178 178 178 178 178 178 178 178 178 265 265 265 265 177 177 177 177 177 177 177 177 177 177 177 177 177 177 177 177 

M = 346:
345 345 345 345 423 423 423 423 346 346 346 346 346 346 346 346 346 346 346 345 345 345 345 346 346 346 346 346 346 346 346 346 346 346 346 345 345 345 345 345 345 345 345 346 346 346 346 344 344 344 344 344 344 347 347 347 377 377 377 344 344 344 344 344 344 377 377 377 347 347 347 344 344 344 344 344 344 347 347 347 347 347 347 377 377 377 377 377 377 347 347 347 347 347 347 347 347 347 372 372 419 419 419 419 372 372 374 374 374 374 374 374 372 372 374 374 374 374 372 372 419 419 372 372 375 375 374 374 370 370 372 372 419 419 372 372 372 372 372 372 419 419 370 370 419 419 380 380 419 419 374 374 374 374 

M = 259:
261 261 261 261 261 261 261 261 261 261 261 261 261 261 261 261 261 261 261 261 261 261 261 261 228 228 228 228 228 233 233 233 233 259 259 258 258 258 259 259 259 258 258 258 259 259 259 258 258 258 259 259 259 259 259 259 259 259 259 259 259 259 258 258 258 259 259 259 258 258 258 257 257 257 258 258 258 257 257 257 259 259 259 259 259 259 259 259 259 258 258 258 259 259 259 255 255 255 257 257 257 259 259 259 259 259 259 258 258 258 259 259 259 258 258 258 259 259 259 258 258 258 260 260 260 260 260 260 260 260 260 260 260 260 260 260 260 260 260 260 260 260 260 260 260 260 

M = 124:
126 126 126 126 126 126 126 126 126 126 126 126 126 126 124 124 121 121 121 124 124 124 124 124 124 124 124 124 122 122 122 122 122 122 122 122 122 124 124 124 124 124 124 122 122 122 123 123 123 123 210 210 210 210 210 210 123 123 123 123 210 210 123 123 123 123 

M = 242:
243 243 243 243 243 243 243 242 242 242 242 242 242 242 242 242 242 242 242 242 242 242 242 242 242 242 242 242 242 242 242 242 242 242 242 242 242 242 242 242 242 242 242 242 242 242 242 242 242 242 242 242 242 242 244 244 244 244 244 244 242 242 242 242 242 242 242 242 242 242 242 242 

M = 164:
164 164 164 164 164 164 164 164 164 164 164 165 165 165 165 164 164 164 164 164 164 164 164 164 164 164 164 164 164 164 164 164 164 164 164 164 164 164 164 164 164 164 164 164 164 164 164 165 165 165 165 164 164 164 164 156 156 156 161 161 161 167 167 163 163 167 167 163 163 163 163 167 167 167 167 167 167 167 167 163 163 167 167 167 167 167 167 167 167 167 167 167 167 163 163 163 163 167 167 167 167 167 167 163 163 

M = 251:
251 251 251 251 251 251 251 251 251 251 251 251 251 250 250 250 250 250 250 250 251 251 251 251 251 251 251 251 251 251 251 251 251 251 251 251 251 251 251 251 251 250 250 250 250 250 250 250 250 250 250 250 250 250 250 250 250 250 250 250 250 250 251 251 251 251 251 251 251 251 251 251 251 251 251 251 250 250 250 250 250 250 250 250 250 250 250 250 250 250 250 250 250 250 250 250 250 158 158 158 158 158 158 237 237 237 237 237 237 237 237 237 237 237 237 237 237 237 157 157 157 157 157 157 157 157 253 253 253 253 157 157 157 157 157 157 157 157 159 159 159 159 159 159 159 159 159 159 159 159 159 159 159 159 159 159 159 159 159 159 

M = 249:
248 248 248 248 248 248 248 248 248 248 248 248 249 249 249 249 249 249 249 249 249 249 249 249 249 249 249 249 249 249 249 249 249 249 249 249 249 249 249 249 249 249 249 249 249 249 249 249 249 249 249 249 249 249 249 249 249 249 249 249 249 249 

M = 408:
408 408 408 408 408 408 408 408 411 411 411 408 408 408 408 408 408 408 408 408 408 408 408 408 408 408 408 408 408 411 411 411 408 408 408 408 408 408 408 408 408 408 408 408 408 408 408 415 415 415 415 415 415 409 409 415 415 

