M = 201:
208 208 208 208 208 201 201 201 201 201 199 199 201 201 201 201 201 201 201 201 201 201 201 201 201 201 201 201 201 201 201 201 201 201 207 207 201 201 201 201 201 201 

M = 205:
205 205 205 206 206 206 206 206 206 206 206 206 206 206 206 205 205 205 205 205 205 205 205 205 205 205 205 205 205 205 205 205 205 205 205 205 205 205 205 205 205 205 205 205 205 205 205 205 205 205 205 205 205 205 205 205 205 205 205 205 205 205 205 205 205 205 205 205 205 205 205 205 205 205 205 228 228 228 228 228 228 

M = 204:
204 204 204 204 204 204 204 204 204 204 204 204 204 204 204 204 204 203 203 203 204 204 204 

M = 300:
297 297 297 297 297 297 297 297 297 297 297 297 297 297 297 297 300 300 300 300 300 300 300 300 300 300 300 301 301 301 300 300 300 300 300 300 300 300 300 300 300 300 

M = 362:
362 362 362 362 362 362 362 362 362 362 362 362 362 362 362 362 362 362 362 362 362 362 362 362 362 362 362 362 362 362 362 

M = 264:
264 264 264 264 264 264 264 264 264 264 264 264 264 264 264 264 264 264 264 264 264 264 264 263 263 

M = 440:
440 440 440 440 440 440 440 440 440 440 440 440 440 440 440 440 440 440 440 440 440 440 440 440 440 440 440 440 440 440 440 440 440 440 440 440 440 440 440 440 440 440 440 440 440 440 440 440 440 441 441 441 441 441 441 441 441 435 435 435 435 435 435 435 435 435 435 435 435 435 435 435 435 435 435 435 435 435 435 435 435 435 435 435 435 435 435 

M = 305:
305 305 305 305 305 305 305 

M = 444:
356 356 356 356 443 443 443 443 356 356 356 356 443 443 443 443 356 356 356 356 356 356 356 356 443 443 443 443 356 356 356 356 356 356 356 356 443 443 443 443 444 444 444 444 444 444 444 444 444 444 444 444 444 444 444 444 444 444 444 444 444 444 444 444 444 444 444 444 444 444 444 444 444 444 444 444 444 444 355 355 355 355 355 355 355 355 355 355 355 355 

M = 122:
122 122 122 122 122 122 122 122 122 122 122 122 122 122 122 122 122 122 122 122 122 122 122 122 122 122 122 122 122 122 122 122 122 122 122 122 122 122 122 122 122 122 122 122 122 122 122 122 122 122 122 122 122 124 124 124 124 124 124 124 124 124 124 124 124 124 124 124 124 124 124 123 123 210 210 123 123 123 123 123 123 123 123 212 212 123 123 123 123 123 123 123 123 212 212 212 212 123 123 212 212 212 212 210 210 123 123 210 210 123 123 123 123 212 212 123 123 123 123 123 123 123 123 123 123 210 210 

M = 136:
137 137 137 137 137 137 137 137 137 137 137 137 137 137 137 137 136 136 136 136 136 136 136 136 136 136 136 136 136 136 136 136 136 136 136 136 136 136 136 136 136 136 136 136 136 136 136 136 136 136 136 136 136 136 136 136 136 136 136 136 136 136 136 136 136 136 136 136 136 140 140 135 135 140 140 135 135 140 140 135 135 140 140 140 140 140 140 140 140 140 140 135 135 

M = 438:
438 438 438 438 438 438 438 438 438 438 438 438 438 438 438 438 438 438 438 438 438 438 438 438 438 438 438 438 438 438 438 438 438 438 438 438 438 438 438 438 438 438 438 

M = 178:
178 178 178 178 178 178 178 178 178 178 178 178 178 178 178 178 178 178 178 178 178 178 178 178 178 178 178 178 178 178 178 178 178 178 178 178 178 178 178 178 178 178 178 178 178 178 178 178 178 178 178 178 178 178 178 178 178 178 178 178 178 178 178 178 178 178 178 178 178 178 178 178 178 178 178 178 178 178 178 178 178 178 178 178 178 178 178 177 177 177 177 177 177 177 177 229 229 229 183 183 183 183 183 183 183 183 183 183 183 183 183 183 183 183 183 183 183 183 183 183 183 183 183 183 183 183 183 183 183 183 183 183 183 183 

M = 235:
235 235 235 235 235 235 235 235 235 235 235 235 235 235 235 235 235 235 235 235 235 235 235 235 235 235 235 235 235 235 235 235 235 235 235 235 235 235 235 235 235 235 235 235 235 235 235 235 235 235 233 233 233 233 233 233 233 233 

M = 127:
127 127 127 127 127 127 127 127 127 127 127 127 127 127 

M = 268:
146 146 146 146 146 146 146 146 146 146 268 268 268 268 268 268 268 268 268 268 268 268 268 268 268 268 268 266 266 266 266 266 266 269 269 269 267 267 267 269 269 269 267 267 267 269 269 269 270 270 270 270 270 270 270 270 270 270 270 270 

M = 249:
249 249 249 249 249 249 249 249 249 249 249 249 249 249 249 249 249 249 249 249 249 249 249 249 249 249 249 249 249 249 249 249 249 249 249 249 249 249 249 249 249 249 249 249 249 249 249 249 249 249 249 249 249 249 249 249 249 249 249 249 249 249 249 249 249 249 249 249 249 249 249 249 249 249 249 249 249 249 249 159 159 159 159 159 159 159 159 159 159 159 159 250 250 250 250 250 251 251 251 251 251 251 251 251 251 251 251 251 251 251 251 251 251 251 251 251 251 251 251 251 251 251 251 251 251 251 251 251 251 251 251 157 157 157 157 157 251 251 251 251 251 251 251 251 251 251 251 251 251 251 251 251 251 251 251 251 250 250 250 250 250 250 250 250 250 250 237 237 237 237 237 237 237 237 237 237 237 237 

M = 293:
293 293 293 293 293 293 293 293 293 293 293 293 293 293 293 293 293 293 293 293 293 293 293 293 293 293 293 293 293 293 293 293 293 293 293 293 293 293 293 293 293 293 293 293 293 293 293 293 293 293 293 290 290 290 290 290 290 290 290 290 290 296 296 290 290 290 290 290 290 

M = 165:
164 164 164 164 164 164 164 164 164 164 164 164 164 164 164 164 164 164 164 164 164 164 164 164 164 164 164 164 164 164 164 164 164 164 164 164 164 164 164 164 164 164 165 165 165 165 165 165 165 165 165 165 165 165 165 165 165 165 165 165 165 165 165 165 165 165 165 165 165 165 165 165 165 165 165 165 165 165 165 165 165 165 165 165 165 165 165 165 165 165 165 165 165 165 165 165 165 165 165 165 165 165 165 165 165 165 165 165 165 165 165 165 165 165 165 165 165 165 165 165 165 165 165 165 165 165 165 165 165 165 165 165 165 165 165 165 165 165 165 165 165 165 165 165 165 165 165 165 165 165 165 165 165 165 165 165 165 165 165 165 165 242 242 242 242 242 242 242 242 242 242 242 242 242 242 242 242 242 242 242 242 242 242 242 242 242 242 242 242 242 242 242 242 242 242 242 242 242 242 242 242 242 242 242 242 242 242 242 242 242 242 242 242 242 242 242 242 242 242 242 242 242 242 242 242 242 242 242 242 242 242 167 167 167 167 167 167 167 167 167 167 167 167 167 167 167 167 167 167 167 167 167 167 167 167 167 167 167 167 167 167 167 167 167 167 167 167 167 167 167 167 167 167 167 167 167 167 167 167 167 167 167 167 167 167 167 167 167 167 167 167 167 167 167 167 167 167 167 167 167 167 167 167 167 167 167 167 167 167 167 167 163 163 163 163 163 163 163 163 163 163 163 163 163 163 162 162 162 162 162 162 162 162 162 162 162 162 

M = 220:
190 190 190 190 190 190 190 190 190 190 190 190 190 190 190 190 190 190 190 190 190 190 190 190 219 219 219 219 219 219 219 219 194 194 194 194 194 194 194 194 194 194 194 194 194 194 194 194 194 194 194 194 194 194 194 194 194 194 194 194 194 194 194 194 194 194 194 194 194 194 194 194 194 194 220 220 193 193 193 193 193 193 220 220 220 220 220 220 220 220 220 220 220 220 217 217 217 220 220 220 193 193 193 220 220 220 220 220 220 193 193 193 220 220 220 220 220 220 220 220 220 220 220 220 220 220 220 220 220 220 217 217 217 

