M = 251:
251 251 251 251 251 251 251 251 251 251 251 251 251 251 251 251 251 251 251 251 251 251 251 251 251 251 251 251 251 251 251 251 251 251 251 251 251 251 251 251 251 251 251 251 251 251 251 251 251 251 251 251 251 251 251 235 235 235 

M = 400:
400 400 400 400 400 399 399 400 400 400 400 400 400 400 400 400 400 400 400 400 400 400 400 400 400 400 400 400 400 400 400 399 399 

M = 208:
205 205 205 205 205 201 201 201 201 201 201 201 201 208 208 208 208 208 208 208 208 208 208 208 208 208 208 208 208 208 208 208 208 208 208 208 208 208 208 208 208 208 229 229 229 229 229 229 229 229 181 181 

M = 337:
336 336 336 337 337 336 336 336 337 337 337 337 337 337 337 337 337 337 337 337 337 337 337 337 337 337 339 339 339 336 336 336 337 337 337 336 336 336 337 337 337 337 337 337 408 408 335 335 407 407 408 408 335 335 407 407 335 335 335 335 407 407 408 408 409 409 408 408 407 407 335 335 335 335 335 335 408 408 409 409 410 410 335 335 408 408 408 408 

M = 440:
440 440 440 440 440 440 440 440 440 440 440 440 440 440 440 440 440 440 440 440 440 440 440 440 440 440 440 440 440 438 438 438 438 438 438 438 438 438 438 438 438 438 438 438 438 438 438 

M = 193:
194 194 194 194 194 194 217 217 217 217 217 217 194 194 194 194 194 194 217 217 217 217 217 217 194 194 194 194 194 194 194 194 194 194 194 194 194 194 194 194 194 194 194 194 194 194 194 194 194 194 194 194 194 194 191 191 191 191 191 191 194 194 194 194 194 194 194 194 194 194 194 194 217 217 217 217 217 217 217 217 217 217 217 217 191 191 191 191 191 191 217 217 217 217 217 217 194 194 194 194 194 194 134 134 134 134 134 134 134 134 130 130 130 196 196 196 193 193 130 130 130 220 220 220 193 193 193 196 196 196 196 196 196 193 193 193 196 196 196 193 193 193 193 193 193 196 196 196 196 196 196 130 130 130 196 196 196 130 130 130 193 193 193 130 130 130 196 196 196 193 193 193 130 130 130 130 130 130 196 196 196 220 220 220 193 193 193 196 196 196 130 130 130 130 130 130 196 196 196 193 193 193 130 130 130 196 196 196 130 130 130 130 130 130 196 196 196 130 130 130 193 193 193 196 196 196 130 130 130 196 196 196 130 130 130 215 215 215 215 215 215 215 215 215 215 215 215 215 215 215 215 216 216 215 215 

M = 344:
344 344 344 344 344 344 344 344 344 344 344 344 344 344 344 

M = 164:
164 164 164 164 164 164 164 164 164 164 164 164 164 164 164 164 164 164 164 164 164 164 164 164 164 164 164 164 164 164 164 165 165 165 165 165 165 165 165 164 164 164 164 164 164 164 164 164 164 164 164 164 164 164 164 164 164 164 164 164 164 164 164 164 164 164 164 164 164 164 164 165 165 165 165 165 165 165 165 164 164 164 164 164 164 164 164 167 167 167 167 167 167 167 167 166 166 166 166 166 166 166 166 166 166 166 166 166 166 166 166 166 166 166 166 166 166 166 166 166 166 166 166 

M = 163:
163 163 163 163 163 163 163 163 163 163 163 163 163 163 163 163 163 163 163 163 163 163 163 157 157 157 157 157 157 157 157 157 157 

M = 123:
123 123 123 123 123 123 123 123 123 123 123 123 123 123 123 123 123 123 123 124 124 124 124 124 124 124 124 135 135 135 135 124 124 124 124 135 135 135 135 123 123 123 123 120 120 120 120 123 123 123 123 123 123 123 123 120 120 120 120 120 120 120 120 124 124 124 124 123 123 123 123 123 123 123 123 120 120 120 120 123 123 123 123 123 123 123 123 123 123 123 123 123 123 123 123 124 124 124 124 124 124 124 124 136 136 136 136 136 136 136 136 136 136 136 136 136 136 136 136 136 136 122 122 122 122 141 141 

M = 267:
268 268 268 268 268 144 144 144 144 144 267 267 267 146 146 146 146 267 267 267 267 146 146 146 146 267 267 267 267 267 267 267 267 267 267 267 267 267 267 267 267 146 146 146 146 267 267 267 267 267 267 267 267 274 274 274 274 274 274 261 261 178 178 178 178 179 179 150 150 150 150 147 147 265 265 178 178 150 150 150 150 178 178 147 147 150 150 150 150 180 180 261 261 261 261 178 178 147 147 178 178 261 261 150 150 261 261 261 261 178 178 178 178 261 261 150 150 261 261 150 150 150 150 265 265 180 180 178 178 261 261 265 265 147 147 261 261 178 178 261 261 261 261 261 261 261 261 150 150 261 261 147 147 150 150 269 269 261 261 147 147 147 147 265 265 261 261 150 150 

M = 401:
401 401 401 323 323 401 401 323 323 327 327 401 401 401 401 401 401 331 331 331 331 323 323 330 330 401 401 401 401 323 323 401 401 401 401 401 401 323 323 323 323 401 401 401 401 401 401 331 331 330 330 401 401 401 401 

M = 242:
242 242 242 242 242 242 242 242 242 242 242 242 242 242 242 242 242 242 242 242 242 242 242 242 242 242 242 242 242 242 242 242 242 242 242 242 242 242 242 242 242 242 242 242 242 242 242 242 242 242 242 242 242 242 242 242 242 242 242 242 242 242 242 242 242 

M = 281:
297 297 297 297 297 281 281 281 281 281 281 281 281 281 281 281 277 277 277 277 277 277 277 277 281 281 281 281 281 281 281 281 281 281 281 281 301 301 301 301 281 281 281 281 359 359 359 359 281 281 281 281 281 281 281 281 359 359 359 359 299 299 299 303 303 303 290 290 290 290 290 290 284 284 284 303 303 303 355 355 355 290 290 290 299 299 299 355 355 355 299 299 299 299 299 299 290 290 290 293 293 293 299 299 299 303 303 303 303 303 303 303 303 303 284 284 284 355 355 355 356 356 356 290 290 290 299 299 299 355 355 355 278 278 278 356 356 356 293 293 293 280 280 280 290 290 290 284 284 284 355 355 355 356 356 356 290 290 290 290 290 290 355 355 355 284 284 284 299 299 299 307 307 358 358 358 358 296 296 307 307 307 307 296 296 

M = 403:
403 403 403 403 403 403 403 403 403 403 403 403 403 403 403 403 403 403 403 403 403 403 403 403 403 403 403 403 403 403 403 403 403 403 403 403 403 403 403 403 403 403 403 403 403 403 403 403 403 403 415 415 419 419 419 419 419 419 419 419 419 419 415 415 419 419 419 419 419 419 415 415 419 419 419 419 419 419 419 419 419 419 419 419 419 419 419 419 419 419 

M = 127:
126 126 126 126 126 126 126 126 126 126 126 126 126 126 126 126 126 126 126 126 126 126 126 126 126 126 126 126 127 127 127 127 127 127 127 127 127 127 127 127 127 127 127 127 127 127 127 127 127 127 127 127 127 127 127 127 127 127 127 127 127 127 127 127 127 127 127 127 127 197 197 197 197 197 197 127 127 127 127 127 127 125 125 125 125 132 132 132 

M = 435:
362 362 362 362 435 435 435 435 435 435 435 435 435 435 435 435 435 435 435 435 435 435 435 435 435 435 435 435 435 435 435 435 435 

M = 250:
248 248 248 248 248 248 248 248 248 248 248 248 248 248 248 248 249 249 249 249 249 249 237 237 237 237 237 237 249 249 249 249 249 249 250 250 250 250 250 250 250 250 250 250 250 250 250 250 250 250 250 250 250 250 250 250 250 250 250 250 250 250 250 250 250 250 250 250 

M = 171:
190 190 190 190 190 190 190 190 190 190 172 172 172 172 172 190 190 190 190 190 190 190 190 190 190 172 172 172 172 172 190 190 190 190 190 190 190 190 190 190 171 171 171 171 171 171 171 171 171 171 171 171 171 171 171 171 171 171 171 171 171 171 171 171 171 171 171 171 171 171 171 171 171 171 171 175 175 173 173 173 173 173 173 175 175 173 173 175 175 173 173 173 173 175 175 173 173 173 173 173 173 173 173 175 175 173 173 188 188 175 175 188 188 173 173 175 175 175 175 173 173 

M = 376:
341 341 341 341 341 341 341 341 341 341 341 341 377 377 377 377 377 377 377 377 377 379 379 379 378 378 378 379 379 379 379 379 379 376 376 376 342 342 342 342 342 342 342 342 342 342 376 376 376 376 342 342 376 376 342 342 342 342 342 342 376 376 342 342 376 376 342 342 376 376 

