M = 201:
204 204 201 201 201 201 201 204 204 204 204 204 204 204 204 201 201 201 201 204 204 201 201 205 205 201 201 204 204 201 201 204 204 201 201 201 201 205 205 201 201 201 201 201 201 201 201 204 204 201 201 201 201 204 204 201 201 204 204 204 204 204 204 205 205 204 204 

M = 217:
217 217 217 217 217 217 217 217 217 217 217 217 217 217 217 217 217 217 217 217 217 217 217 217 217 217 217 217 217 217 217 217 217 217 217 217 217 217 217 217 217 217 217 217 217 217 217 216 216 216 216 216 216 140 140 

M = 251:
250 250 250 250 250 157 157 157 157 157 157 157 157 157 157 157 157 157 157 157 157 157 157 157 157 157 157 157 157 157 157 157 157 157 157 157 157 157 157 157 157 157 157 157 157 157 157 157 157 157 157 157 157 157 157 157 157 237 237 237 237 237 237 237 237 237 158 158 158 237 237 237 158 158 158 237 237 237 237 237 237 237 237 237 237 237 237 237 237 237 251 251 251 251 251 251 251 251 251 251 251 251 251 251 251 251 251 251 251 251 251 251 251 251 251 251 251 251 251 251 251 251 251 

M = 293:
281 281 281 281 281 281 281 281 281 281 281 281 281 281 281 281 281 281 281 281 293 293 293 293 293 293 293 293 293 293 293 317 317 317 317 293 293 293 293 293 293 293 293 293 293 293 293 293 293 293 293 293 293 293 293 293 293 293 293 316 316 316 316 313 313 313 356 356 356 356 356 356 356 356 356 356 356 356 298 298 288 288 288 288 298 298 298 298 288 288 296 296 288 288 286 286 298 298 296 296 286 286 283 283 288 288 298 298 286 286 288 288 286 286 298 298 

M = 194:
243 243 243 243 243 243 243 243 243 243 243 243 243 242 242 242 242 242 242 242 242 242 242 242 242 242 242 242 242 242 242 242 242 242 242 242 242 242 242 242 242 242 242 242 242 242 242 242 242 242 242 242 242 242 242 242 242 242 242 242 242 242 242 242 242 242 242 242 242 242 242 242 242 194 194 194 194 194 194 194 240 240 240 240 240 240 240 240 194 194 194 194 194 194 194 194 194 194 194 194 194 194 194 194 194 194 194 194 194 194 194 194 194 194 194 194 194 194 194 194 193 193 193 193 193 193 193 193 193 193 193 193 193 193 193 193 193 193 193 193 196 196 196 196 196 196 196 196 196 196 196 196 196 196 196 196 196 196 196 196 130 130 130 130 130 130 130 130 130 130 130 130 130 130 130 130 130 130 130 130 130 130 130 130 

M = 337:
338 338 338 338 338 338 336 336 336 336 336 336 336 336 336 336 336 336 336 336 336 336 336 336 336 336 336 336 336 336 336 336 336 336 336 336 336 336 336 336 336 341 341 341 341 341 341 341 341 335 335 335 335 335 335 335 335 335 335 335 335 335 335 335 335 335 335 335 335 335 335 335 335 337 337 337 405 405 407 407 407 407 410 410 407 407 337 337 408 408 337 337 405 405 405 405 337 337 409 409 409 409 405 405 337 337 337 337 406 406 337 337 405 405 407 407 337 337 408 408 405 405 337 337 337 337 405 405 409 409 409 409 337 337 410 410 410 410 337 337 405 405 337 337 337 337 405 405 405 405 337 337 405 405 337 337 405 405 337 337 

M = 303:
303 303 303 303 303 274 274 274 303 303 303 303 303 303 274 274 274 303 303 303 303 303 303 303 303 303 305 305 305 303 303 303 309 309 309 309 302 302 302 302 309 309 309 309 309 309 309 309 302 302 302 302 302 302 309 309 309 309 309 309 309 309 302 302 

M = 248:
245 245 245 245 245 245 245 245 248 248 248 248 248 248 248 248 248 248 248 248 248 248 248 248 248 248 248 248 248 248 248 248 248 248 248 248 248 248 248 248 248 248 197 197 197 197 197 197 239 239 239 239 239 239 

M = 267:
267 267 268 268 268 267 267 267 267 267 267 146 146 146 146 146 146 146 146 146 267 267 267 267 267 267 267 267 267 267 267 267 267 267 267 267 267 267 146 146 146 146 146 146 146 146 146 267 267 267 267 267 267 267 267 267 267 267 267 267 267 267 145 145 145 145 145 145 269 269 269 269 145 145 270 270 269 269 271 271 270 270 145 145 145 145 269 269 270 270 145 145 145 145 271 271 145 145 269 269 269 269 145 145 145 145 

M = 164:
164 164 164 164 164 164 164 164 164 164 164 164 164 164 164 164 164 164 164 164 164 164 164 164 164 164 164 164 164 164 164 164 164 164 164 164 164 164 164 164 164 164 164 164 164 164 164 164 164 164 164 164 164 164 164 164 164 164 164 164 164 164 164 164 164 164 164 164 164 164 164 164 164 164 164 164 164 164 164 164 164 164 164 164 164 164 164 164 164 164 164 164 164 164 164 164 164 164 164 164 164 164 164 163 163 163 163 163 163 163 163 

M = 124:
127 127 127 127 127 127 127 127 127 127 127 127 127 127 127 127 127 127 127 127 126 126 126 126 126 126 126 126 137 137 137 124 124 120 120 120 120 120 120 120 120 120 124 124 124 124 124 124 120 120 120 137 137 137 124 124 124 123 123 136 136 123 123 208 208 123 123 208 208 208 208 208 208 208 208 136 136 123 123 123 123 208 208 123 123 136 136 208 208 208 208 136 136 136 136 208 208 123 123 136 136 208 208 208 208 208 208 123 123 208 208 136 136 136 136 208 208 208 208 136 136 208 208 123 123 208 208 123 123 123 123 208 208 123 123 

M = 401:
400 400 400 400 400 400 400 400 400 400 400 400 400 400 400 362 362 362 362 362 362 362 362 362 362 362 362 362 362 362 362 362 362 362 362 362 362 362 362 401 401 401 401 401 401 401 401 401 401 401 401 401 401 401 401 401 401 401 401 401 401 401 401 401 401 401 401 401 401 401 401 401 401 401 360 360 360 401 401 401 401 401 401 401 401 401 401 401 401 401 401 401 361 361 428 428 361 361 

M = 325:
440 440 440 440 440 440 440 440 440 440 440 440 438 438 438 438 440 440 440 440 319 319 319 319 438 438 438 438 319 319 319 319 440 440 440 440 319 319 319 319 438 438 438 438 440 440 440 440 438 438 438 438 319 319 319 319 440 440 440 440 440 440 440 440 440 440 440 440 440 440 440 440 326 326 326 326 326 326 321 321 321 326 326 326 326 326 326 324 324 324 326 326 326 324 324 324 324 324 324 326 326 326 324 324 324 324 324 324 324 324 324 321 321 321 325 329 329 325 325 329 329 325 325 325 325 442 442 442 442 329 329 325 325 329 329 442 442 325 325 325 325 442 442 439 439 442 442 325 325 439 439 439 439 325 325 329 329 442 442 

M = 421:
359 359 359 359 359 359 421 421 422 422 422 421 421 421 421 421 421 344 344 344 344 344 344 419 419 419 419 419 419 421 421 421 421 421 421 419 419 419 358 358 358 421 421 421 419 419 419 419 419 419 421 421 421 421 421 421 419 419 419 345 345 423 423 372 372 346 346 345 345 423 423 346 346 345 345 345 345 426 426 423 423 346 346 372 372 372 372 346 346 345 345 346 346 345 345 345 345 372 372 345 345 426 426 426 426 345 345 

M = 403:
377 377 377 377 377 403 403 403 403 403 403 403 403 403 403 403 403 403 403 403 403 403 403 403 403 403 403 403 342 342 342 403 403 403 376 376 376 404 404 415 415 404 404 415 415 

M = 167:
167 167 167 167 167 167 167 167 167 167 167 167 167 167 167 167 167 167 167 167 167 167 167 167 167 167 167 167 167 167 167 167 167 167 167 167 167 167 167 167 167 167 167 167 167 167 167 167 167 167 167 167 167 167 167 167 167 167 167 167 167 167 167 167 167 167 167 167 167 167 167 167 167 167 167 167 167 167 167 

M = 249:
249 249 249 249 249 249 249 249 249 249 249 249 249 249 249 249 249 249 249 249 249 249 249 249 249 249 249 249 249 249 249 249 249 249 249 249 249 249 249 249 249 249 249 249 249 249 249 249 249 

M = 172:
172 172 172 172 172 172 172 172 172 172 172 172 172 172 171 171 171 171 171 171 171 171 171 171 171 171 171 171 171 171 171 171 258 258 258 258 258 258 258 258 258 258 277 277 277 277 258 258 258 258 

M = 165:
165 165 165 165 165 165 165 165 165 165 165 165 165 165 165 165 165 165 165 165 165 165 165 165 165 165 165 165 165 165 165 165 165 165 165 165 165 165 165 165 165 165 165 

M = 220:
190 190 190 190 190 190 190 190 190 190 190 190 190 190 141 141 141 142 142 142 141 141 141 141 141 141 134 134 134 142 142 142 142 142 142 220 220 220 220 220 220 220 220 220 220 220 220 220 220 220 220 220 220 220 220 220 220 220 220 220 220 220 220 220 220 220 

