M = 146:
146 146 146 146 146 146 146 146 146 146 146 146 146 146 146 146 146 146 146 146 146 146 146 146 146 146 146 146 146 146 146 146 146 146 146 146 146 146 146 146 146 146 146 146 146 146 146 146 146 146 146 146 146 146 146 146 146 146 146 146 146 146 146 146 146 146 146 146 146 146 146 148 148 148 148 148 148 

M = 182:
182 229 229 182 182 182 182 229 229 229 229 182 182 182 182 182 182 229 229 182 182 

M = 440:
440 440 440 440 440 440 440 440 440 440 440 440 440 440 440 440 440 440 440 440 438 438 438 440 440 440 440 440 440 440 440 440 440 440 440 365 365 

M = 335:
336 336 336 336 336 336 336 336 336 335 335 335 335 335 335 335 335 335 335 335 335 335 335 335 330 330 335 335 

M = 194:
243 243 243 243 243 243 243 243 243 243 242 242 242 242 242 242 242 242 242 242 242 242 242 242 242 242 242 242 242 242 242 242 242 242 242 242 242 244 244 244 244 244 244 244 194 194 194 194 194 194 194 194 194 194 194 194 194 194 194 194 194 194 194 194 194 194 194 194 194 194 194 194 194 194 194 194 194 194 194 190 190 190 190 190 190 194 194 194 194 194 194 194 194 194 194 194 194 219 219 219 219 219 193 193 193 193 193 193 130 130 196 196 130 130 130 130 196 196 130 130 196 196 130 130 196 196 130 130 130 130 130 130 196 196 130 130 196 196 196 196 130 130 130 130 130 130 130 130 130 130 130 130 130 130 196 196 196 196 196 196 

M = 337:
337 337 337 337 337 337 337 337 337 337 337 337 337 337 337 337 337 337 337 337 337 337 337 337 337 337 337 337 337 337 337 337 408 408 408 408 408 408 408 408 408 408 409 409 408 408 410 410 408 408 

M = 303:
303 303 303 303 303 303 303 303 303 303 303 303 303 303 303 303 303 303 303 303 303 303 303 275 275 306 306 306 306 275 275 306 306 275 275 306 306 275 275 309 309 275 275 275 275 306 306 

M = 258:
258 259 259 258 258 259 259 259 259 258 258 258 258 259 259 259 259 258 258 258 258 

M = 164:
164 164 164 164 164 164 164 164 164 164 164 164 164 164 164 164 164 164 164 164 164 164 164 164 164 164 164 164 164 164 164 164 164 164 164 164 164 164 164 164 164 164 164 164 164 164 164 164 164 164 164 164 164 164 164 164 164 164 164 164 164 164 164 164 164 164 164 164 164 164 164 164 164 164 164 164 164 164 164 165 165 165 165 165 165 165 165 165 165 165 165 165 165 165 165 165 165 165 165 165 165 165 165 165 165 165 165 165 165 165 165 165 165 165 165 165 165 165 165 165 165 165 165 165 165 165 165 165 165 165 165 165 165 167 167 167 167 167 167 167 162 162 162 162 162 162 162 162 162 162 162 162 162 162 162 162 162 162 162 162 163 163 163 163 163 163 163 163 163 163 163 163 172 172 172 172 

M = 178:
261 261 261 261 262 262 262 262 261 261 261 261 261 261 261 261 261 261 261 261 261 261 261 261 261 261 261 261 261 261 261 261 261 261 261 261 261 261 261 261 261 261 261 261 178 178 178 178 178 178 178 178 178 178 178 178 178 178 178 178 178 178 178 178 178 178 178 178 178 178 178 178 178 178 178 178 178 178 178 178 178 178 178 178 178 178 178 178 178 178 178 177 177 177 177 177 177 177 177 177 177 177 177 177 177 177 177 177 177 177 177 177 177 

M = 356:
362 362 362 362 362 362 362 362 362 362 362 362 362 362 362 362 359 359 359 359 362 362 362 362 358 358 358 358 356 358 358 356 356 356 356 356 356 358 358 356 356 356 356 356 356 356 356 356 356 356 356 356 356 356 356 

M = 405:
376 376 376 376 376 376 405 405 376 376 376 405 405 405 341 341 341 405 405 405 341 341 341 376 376 376 405 405 405 376 376 376 405 405 405 376 376 376 405 405 405 376 376 376 341 341 341 339 339 339 405 405 405 405 405 405 339 339 339 341 341 341 376 376 376 405 405 405 405 405 405 376 376 376 405 405 405 411 411 342 342 379 379 403 403 403 403 379 379 342 342 403 403 344 344 403 403 345 345 379 379 403 403 375 375 342 342 403 403 344 344 404 404 342 342 403 403 415 415 345 345 403 403 345 345 342 342 403 403 379 379 403 403 342 342 403 403 379 379 

M = 123:
121 121 121 123 123 123 119 119 120 120 123 123 123 123 123 123 120 120 119 119 123 123 120 120 120 120 123 123 123 123 

M = 267:
264 264 264 264 264 267 267 267 267 267 267 267 267 267 267 267 267 267 267 267 267 267 267 267 267 267 267 267 267 267 267 267 267 267 267 267 267 267 267 267 267 267 267 267 267 267 267 267 267 267 267 267 267 267 267 267 267 267 267 267 267 267 267 267 267 267 267 267 

M = 324:
326 326 316 316 326 326 326 326 326 326 326 326 324 324 324 324 324 326 326 316 316 324 324 324 324 

M = 400:
400 400 400 400 400 400 400 400 400 400 400 421 421 401 401 401 401 421 421 401 401 421 421 421 421 421 421 401 401 421 421 401 401 401 401 421 421 428 428 401 401 424 424 428 428 421 421 421 421 424 424 428 428 401 401 401 401 421 421 428 428 421 421 399 399 421 421 424 424 401 401 428 428 401 401 401 401 399 399 401 401 428 428 421 421 401 401 428 428 401 401 401 401 421 421 401 401 401 401 

M = 281:
281 281 281 281 281 281 281 281 281 281 281 281 281 281 281 281 281 281 281 281 281 281 281 293 293 293 293 293 293 286 286 297 297 286 286 

M = 127:
197 197 197 197 127 127 127 127 127 127 127 127 127 127 127 127 127 127 127 127 127 127 127 197 197 197 197 197 197 197 197 197 197 197 197 197 197 197 197 127 127 127 127 127 127 127 127 125 125 125 125 125 125 125 125 125 125 125 125 125 125 125 125 125 125 125 125 125 125 125 125 132 132 132 132 132 132 132 132 132 132 132 132 132 132 132 132 132 132 

M = 251:
248 248 248 248 248 248 159 159 159 159 249 249 249 206 206 206 249 249 249 158 158 158 249 249 249 249 249 249 249 249 249 158 158 158 249 249 249 249 249 249 237 237 237 206 206 206 249 249 249 237 237 237 249 249 249 249 249 249 237 237 237 249 249 249 249 249 249 204 204 204 249 249 249 249 249 249 160 160 251 250 250 250 250 251 251 250 250 251 251 235 235 251 251 250 250 251 251 235 235 251 251 251 251 250 250 251 251 251 251 251 251 251 251 251 251 235 235 251 251 203 203 251 251 160 160 251 251 157 157 235 235 250 250 251 251 251 251 160 160 250 250 203 203 160 160 

M = 139:
218 218 218 218 141 141 141 141 218 218 218 218 141 141 141 141 141 141 141 141 134 134 134 217 217 217 136 136 136 217 217 217 217 217 217 136 136 136 136 136 136 217 217 217 136 136 136 217 217 217 136 136 136 134 134 134 134 134 134 217 217 217 136 136 136 139 216 216 216 216 216 216 216 216 137 137 139 139 137 137 216 216 135 135 

