M = 146:
146 146 146 146 146 146 146 146 146 146 146 146 146 146 146 146 146 146 146 146 146 146 146 146 146 146 146 146 146 146 146 146 146 146 146 146 146 146 146 146 146 146 146 146 146 146 146 146 146 146 146 146 146 146 146 146 146 146 146 146 146 146 146 144 144 144 145 145 145 145 145 145 145 145 145 145 145 145 145 145 

M = 278:
316 316 316 316 297 297 297 297 297 297 297 297 297 297 297 297 297 297 297 278 303 303 301 301 284 284 274 274 278 278 301 301 274 274 301 301 278 278 284 284 278 278 301 301 303 303 278 278 277 277 317 317 313 313 274 274 278 278 317 317 313 313 284 284 274 274 313 313 276 276 303 303 300 300 317 317 274 274 301 301 276 276 274 274 303 303 278 278 303 303 304 304 313 313 284 284 303 303 313 313 303 303 303 303 277 277 304 304 303 303 313 313 284 284 284 284 281 281 313 313 274 274 313 313 284 284 285 285 284 284 274 274 304 304 284 284 301 301 301 301 313 313 277 277 303 303 284 284 303 303 278 278 300 300 301 301 276 276 278 278 301 301 303 303 284 284 313 313 

M = 342:
341 341 341 341 341 341 341 341 341 341 345 345 345 345 378 378 377 377 342 377 377 342 342 342 342 377 377 345 345 345 345 342 342 378 378 342 342 342 342 345 345 378 378 345 345 345 345 345 345 345 345 345 345 345 345 342 342 345 345 342 342 345 345 342 342 342 342 378 378 

M = 370:
368 368 368 368 368 368 368 368 368 368 368 368 359 359 359 359 359 359 359 359 359 371 371 371 371 349 349 370 371 371 371 371 451 451 351 351 349 349 451 451 370 370 451 451 369 369 370 370 371 371 451 451 370 370 370 370 451 451 369 369 349 349 348 348 370 370 351 351 455 455 371 371 371 371 451 451 370 370 369 369 370 370 370 370 370 370 370 370 370 370 369 369 451 451 369 369 370 370 369 369 370 370 370 370 347 347 369 369 351 351 455 455 347 347 370 370 369 369 451 451 451 451 451 451 451 451 351 351 451 451 451 451 371 371 349 349 

M = 208:
119 119 119 119 208 208 208 208 208 208 208 208 208 208 208 208 208 208 208 208 208 208 208 208 226 226 226 208 208 208 208 208 208 208 208 208 208 208 208 208 208 208 208 208 208 208 208 208 208 208 208 120 120 120 208 208 208 121 121 121 121 205 205 121 121 207 207 205 205 205 205 207 207 207 207 205 205 207 207 207 207 207 207 207 207 207 207 

M = 337:
336 336 336 336 336 336 339 339 339 339 339 339 336 336 336 336 336 336 336 336 336 336 336 336 336 336 336 336 336 336 405 405 405 337 337 337 337 337 337 337 337 337 337 337 337 337 337 405 405 405 337 337 337 337 337 337 337 337 337 337 337 337 337 337 337 338 338 338 405 405 405 337 337 337 337 337 337 405 405 405 337 337 337 405 405 405 405 405 405 337 337 337 338 338 338 338 338 338 405 405 405 337 337 337 337 337 337 337 337 337 334 334 

M = 219:
219 219 219 219 219 219 193 193 193 193 193 193 190 190 190 190 190 190 193 193 193 193 193 193 190 190 190 190 190 190 193 193 193 193 193 193 193 193 193 193 193 193 190 190 190 190 190 190 190 190 190 190 190 190 217 217 217 217 217 217 217 217 217 217 217 217 217 217 217 217 217 217 217 217 217 217 217 217 217 217 217 217 217 217 217 217 217 217 217 216 216 216 220 220 220 220 

M = 407:
408 408 408 408 408 408 408 408 408 408 407 407 407 407 407 407 407 407 407 407 407 407 407 407 407 407 407 407 407 407 407 407 407 407 407 407 407 407 407 407 407 407 407 407 407 

M = 262:
229 229 229 229 229 229 229 229 181 181 181 181 182 182 182 262 262 262 262 262 262 262 262 182 182 182 262 262 262 262 262 262 262 262 262 262 262 262 182 182 182 262 262 262 182 182 182 180 180 180 262 262 262 262 262 262 180 180 180 262 262 262 262 262 262 262 262 262 262 262 262 182 182 182 228 228 179 179 

M = 383:
383 383 383 383 383 372 372 372 383 383 383 383 383 383 372 372 372 383 383 383 383 383 383 372 372 372 383 383 383 383 383 383 383 383 383 383 383 383 

M = 267:
265 265 265 265 265 265 265 265 266 266 266 266 266 266 266 266 265 265 265 265 265 265 265 265 268 268 268 267 267 268 268 268 267 267 267 267 267 267 268 268 268 267 267 267 267 267 267 267 267 267 267 267 267 268 268 268 268 268 268 267 267 267 267 267 267 267 267 267 267 267 267 267 267 267 268 268 268 268 268 268 268 268 268 267 267 267 267 267 267 267 267 267 267 267 267 

M = 401:
400 400 400 319 319 319 400 400 400 400 400 400 399 399 399 400 400 400 400 400 400 399 399 399 319 319 319 319 319 319 401 401 401 326 326 326 326 401 401 401 401 326 326 401 401 331 331 401 401 401 401 326 326 401 401 401 401 326 326 326 326 324 324 401 401 326 326 326 326 326 326 330 330 401 401 324 324 286 286 324 324 331 331 331 331 324 324 324 324 401 401 286 286 401 401 288 288 401 401 401 401 326 326 326 326 401 401 330 330 324 324 401 401 

M = 242:
194 194 194 194 194 194 194 194 194 242 242 242 242 242 242 242 242 242 242 242 242 242 242 242 242 242 194 194 194 194 194 194 194 194 194 194 194 194 194 194 194 194 194 194 242 242 242 242 242 242 242 242 242 242 242 242 242 242 242 242 242 242 242 242 242 242 242 242 242 242 242 194 194 194 194 194 194 194 194 194 242 242 242 242 242 242 242 242 242 242 242 242 242 242 242 242 242 242 194 194 194 194 194 194 194 194 194 194 194 194 194 194 194 194 194 194 242 242 242 242 242 242 242 242 242 242 242 242 242 242 242 242 242 242 194 194 194 194 194 194 194 194 194 242 242 242 242 242 242 242 242 242 242 242 242 242 242 242 242 242 242 241 241 241 241 241 241 241 241 241 241 241 241 241 241 241 241 241 241 245 245 245 245 245 245 245 245 245 245 245 245 245 245 245 245 245 245 245 245 245 245 245 245 245 245 245 245 245 245 239 239 239 239 239 239 

M = 164:
164 164 164 164 164 164 164 164 164 164 164 164 164 164 164 164 164 164 164 164 164 164 164 164 164 164 164 164 164 164 164 164 164 164 164 164 164 164 164 164 164 164 164 164 164 164 164 164 164 164 164 164 164 164 164 164 164 164 164 164 164 164 164 164 164 164 164 164 164 164 164 164 164 164 164 164 164 164 164 164 163 163 163 163 163 163 163 163 163 163 163 163 163 163 163 163 356 356 356 159 159 159 159 159 159 162 162 162 162 162 162 162 162 162 159 159 159 356 356 356 159 159 159 159 159 159 162 162 162 159 159 159 162 162 162 162 162 162 159 159 159 356 356 356 159 159 159 162 162 162 158 158 158 158 158 158 158 158 158 158 158 158 

M = 410:
411 411 411 411 411 410 410 410 410 411 411 411 411 411 410 410 410 410 410 410 410 410 410 410 410 410 410 410 410 410 410 410 410 410 409 409 409 409 

M = 139:
136 136 140 140 139 136 136 136 136 139 139 137 137 138 138 136 136 139 139 139 139 138 138 140 140 136 136 139 139 139 139 136 136 140 140 136 136 136 136 136 136 138 138 138 138 136 136 139 139 136 136 136 136 140 140 138 138 136 136 140 140 140 140 139 139 136 136 138 138 136 136 139 139 136 136 140 140 139 139 138 138 138 138 136 136 136 136 

M = 167:
168 168 168 168 168 168 168 168 168 168 168 168 168 168 168 168 168 168 167 167 167 167 167 167 167 167 167 167 167 167 167 167 167 167 167 167 167 167 167 167 167 167 167 167 167 167 167 167 167 167 167 167 167 167 167 167 167 167 167 167 167 167 167 167 167 167 167 167 167 167 167 167 167 167 167 167 167 167 167 167 167 167 167 167 167 167 167 167 167 167 167 167 167 167 167 167 167 167 167 167 167 167 167 167 167 167 167 167 167 167 167 167 167 172 172 172 172 172 172 172 172 172 171 171 171 171 171 171 171 171 

M = 388:
412 412 412 412 412 412 412 412 412 412 388 388 388 437 437 437 437 388 388 388 388 388 388 388 388 388 388 388 388 388 388 388 388 388 388 388 388 390 390 390 387 387 387 390 390 390 390 390 390 365 365 

M = 419:
419 419 419 419 419 419 419 419 419 419 419 419 419 419 419 419 419 419 419 419 419 419 419 419 419 419 419 419 419 419 419 419 419 419 419 419 419 419 419 419 419 419 419 419 419 419 419 421 421 418 418 421 421 418 418 421 421 421 421 418 418 418 418 418 418 379 379 418 418 418 418 418 418 421 421 418 418 421 421 418 418 418 418 418 418 418 418 421 421 418 418 418 418 421 421 421 421 379 379 

M = 165:
165 165 165 165 165 165 165 165 165 165 165 165 165 165 165 165 165 165 165 165 165 165 165 165 165 165 165 165 165 165 165 165 165 165 165 165 165 165 165 165 165 165 165 165 165 165 165 165 165 165 165 165 165 165 165 165 165 165 165 165 165 165 165 165 165 165 165 165 165 165 165 165 165 165 165 165 165 165 165 165 165 165 165 165 165 165 165 165 165 165 165 165 165 165 165 165 165 165 165 165 165 165 165 165 165 165 165 165 165 165 165 165 165 165 165 165 249 249 249 249 249 249 249 249 249 249 249 249 249 249 249 249 249 249 249 249 249 249 249 249 249 249 249 249 249 249 249 249 249 249 249 249 249 249 249 249 249 249 249 249 249 249 249 249 249 249 249 249 249 249 249 249 249 249 249 249 249 249 249 249 251 251 251 251 

