M = 201:
206 206 206 206 206 206 206 205 205 205 205 205 205 205 201 201 201 201 201 201 201 201 201 201 201 201 201 201 201 201 201 201 201 201 201 201 201 201 201 201 201 201 201 201 201 201 201 201 201 201 201 201 201 201 201 201 201 201 201 201 201 201 201 201 201 201 201 201 201 201 201 201 201 201 201 201 201 201 201 201 201 201 201 201 201 229 229 229 229 229 229 228 228 228 228 228 228 229 229 229 

M = 141:
142 142 142 142 144 144 144 144 144 144 144 144 144 144 144 144 141 141 141 141 141 141 141 141 141 141 141 141 141 141 141 141 141 141 141 141 141 141 141 141 141 141 141 141 141 141 141 141 141 141 141 141 141 141 141 141 141 

M = 362:
362 440 440 358 358 440 440 358 358 358 358 358 358 358 358 362 362 362 362 440 440 440 440 362 362 362 362 362 362 362 362 440 440 440 440 440 440 440 440 440 440 362 362 362 362 358 358 440 440 358 358 362 362 358 358 440 440 440 440 358 358 362 362 362 362 440 440 358 358 440 440 439 439 440 440 440 440 362 362 

M = 208:
182 182 182 182 182 182 182 182 182 125 125 125 208 208 208 208 208 208 208 208 208 208 208 208 208 208 208 

M = 337:
335 335 335 335 335 335 339 339 340 340 339 339 336 336 335 335 336 336 336 336 337 339 339 339 339 339 339 337 337 336 336 339 339 337 337 337 337 337 337 337 337 340 340 337 337 339 339 336 336 339 339 335 335 335 335 337 337 335 335 335 335 336 336 336 336 336 336 337 337 339 339 339 339 337 337 335 335 337 337 335 335 

M = 303:
303 303 301 301 301 301 301 301 303 303 303 304 304 304 303 303 303 303 303 303 303 303 303 303 303 303 303 303 303 303 303 303 303 303 303 303 303 303 303 303 303 303 303 303 301 301 301 303 303 303 278 278 274 274 278 278 278 278 308 308 299 299 308 308 278 278 299 299 311 311 308 308 308 308 274 274 308 308 278 278 278 278 278 278 297 297 

M = 419:
377 377 377 377 377 377 379 379 379 379 379 379 376 376 419 419 419 419 419 376 376 419 419 419 419 419 419 419 419 419 419 419 419 

M = 120:
119 119 119 119 119 119 119 121 121 121 121 120 120 120 120 120 120 120 120 120 120 120 120 120 120 120 181 181 181 181 120 120 120 120 120 120 120 120 180 180 180 180 120 120 120 120 120 120 120 120 120 120 120 120 

M = 244:
243 243 243 243 243 243 243 243 243 243 243 242 242 242 242 242 242 242 242 242 242 242 243 243 243 243 243 243 243 243 243 243 243 244 244 244 244 244 244 244 244 244 244 244 244 244 244 244 244 244 244 244 244 244 244 244 244 244 244 244 244 244 244 244 244 244 244 244 

M = 122:
124 124 124 124 124 124 124 124 124 124 123 123 123 123 123 123 122 123 123 122 122 122 122 122 122 122 122 123 123 122 122 122 122 122 122 122 122 123 123 122 122 122 122 122 122 122 122 122 122 122 122 123 123 123 123 123 123 

M = 130:
127 127 127 127 127 127 127 194 194 194 194 194 194 194 193 193 193 193 193 193 193 193 193 193 196 196 196 196 196 196 196 196 196 132 132 132 196 196 196 130 130 130 130 130 130 130 130 130 130 130 130 130 130 130 130 130 130 130 

M = 403:
403 403 403 403 403 403 403 403 403 403 403 403 403 403 403 403 403 403 403 403 403 403 403 403 403 403 403 403 403 403 403 403 403 403 403 403 403 

M = 136:
136 136 136 136 134 134 134 134 134 136 136 136 136 136 136 136 136 136 136 136 136 136 136 136 136 136 136 136 136 134 134 134 134 134 139 139 139 139 137 137 137 137 137 137 135 135 135 135 135 135 135 135 135 

M = 401:
331 331 331 401 401 401 400 400 329 329 401 401 401 401 327 327 401 401 401 401 401 401 400 400 400 400 329 329 400 400 401 401 329 329 401 401 400 400 401 401 401 401 401 401 400 400 400 400 400 400 401 401 401 401 401 401 401 401 329 329 329 329 

M = 165:
165 165 165 165 165 165 164 164 164 164 164 164 164 165 165 165 165 165 165 165 165 165 165 165 165 165 165 165 165 165 165 165 165 165 164 164 164 164 164 164 164 165 165 165 165 165 165 165 164 164 164 164 164 164 164 165 165 165 165 165 165 165 165 165 165 165 165 165 165 164 164 164 164 164 164 164 165 165 165 165 165 165 165 165 165 165 165 165 165 165 169 169 169 169 169 169 163 163 163 163 163 163 163 163 163 163 

M = 267:
146 146 146 146 146 146 146 146 146 146 146 146 146 146 146 146 146 146 146 146 146 146 146 146 146 146 146 146 146 146 146 146 146 146 146 268 268 268 268 267 267 267 178 178 178 178 268 268 268 268 268 268 268 268 178 178 178 178 268 268 268 268 268 268 268 268 178 178 178 178 267 267 267 267 268 268 268 268 268 268 268 268 268 268 268 268 147 147 147 147 268 268 268 268 268 268 268 268 268 268 268 268 178 178 178 178 178 178 178 178 268 268 268 268 268 268 268 268 268 268 268 268 268 268 268 268 268 268 268 268 266 266 266 266 268 268 268 268 177 177 177 177 177 177 177 177 263 263 263 263 263 263 177 177 177 177 261 261 261 261 263 263 261 261 263 263 261 261 261 261 263 263 261 261 261 261 177 177 261 261 261 261 261 261 177 177 261 261 261 261 261 261 261 261 

M = 251:
251 251 251 251 251 251 251 251 251 251 251 251 251 251 251 251 251 251 251 251 251 251 251 251 251 251 251 251 251 251 251 251 251 251 251 251 251 251 251 251 251 251 251 251 158 158 158 158 158 158 158 158 158 251 251 251 251 251 251 251 251 251 251 251 251 251 251 251 251 251 251 251 251 251 251 251 251 251 251 251 237 237 237 237 237 237 237 237 237 237 237 237 237 237 157 157 157 157 157 157 157 157 157 157 157 157 157 157 157 249 249 249 249 249 249 249 249 249 249 249 249 249 249 249 249 249 249 249 249 239 239 239 239 249 249 249 249 249 249 249 249 249 249 249 249 249 249 249 249 249 249 249 249 249 249 249 249 249 249 249 249 

M = 253:
235 235 235 235 235 235 235 235 235 235 235 235 235 235 235 235 235 235 235 235 235 235 235 235 255 255 253 156 156 156 156 156 156 156 156 255 255 253 253 253 253 156 156 156 156 156 156 156 156 156 156 156 156 156 156 156 156 253 253 156 156 255 255 253 253 255 255 255 255 

M = 321:
326 326 326 293 293 293 326 326 326 293 293 293 326 326 326 293 293 293 293 293 293 326 326 326 293 293 293 326 326 326 326 326 326 293 293 293 293 293 293 293 293 293 326 326 326 293 293 293 293 293 293 293 293 293 319 319 321 321 321 318 318 318 318 316 316 318 318 321 321 441 441 319 319 441 441 324 324 319 319 441 441 324 324 441 441 321 321 441 441 324 324 318 318 319 319 312 312 312 312 324 324 

M = 220:
217 217 217 217 217 217 217 217 217 217 217 217 217 217 217 217 190 190 190 190 190 190 191 191 191 191 191 191 220 220 220 220 220 220 220 220 220 220 220 220 220 220 220 220 220 220 220 220 220 220 220 220 220 220 220 220 220 220 220 220 220 220 220 220 220 220 220 171 171 214 214 214 214 171 171 214 214 171 171 214 214 171 171 214 214 214 214 214 214 214 214 214 214 171 171 171 171 171 171 214 214 214 214 214 214 214 214 214 214 

