M = 146:
268 268 268 268 268 268 268 268 268 268 268 268 268 268 268 268 146 146 146 146 146 146 146 146 146 146 146 146 146 146 146 268 268 268 268 268 268 268 268 144 144 144 144 144 144 144 145 145 145 145 145 145 145 271 271 271 267 267 267 267 267 267 

M = 201:
201 201 201 201 201 201 201 201 201 201 201 201 201 201 201 201 201 201 201 201 201 201 201 201 201 201 201 201 201 201 201 201 201 201 201 235 235 235 235 235 235 

M = 123:
126 126 126 126 126 126 126 120 120 120 120 120 120 120 126 126 126 126 126 126 126 119 119 119 119 119 119 119 119 119 119 119 119 119 119 119 119 119 119 119 119 119 119 119 119 119 124 124 124 124 124 124 124 124 124 124 124 124 124 124 124 124 124 124 124 124 124 124 124 124 122 122 122 122 122 122 122 122 122 122 122 122 122 122 122 122 122 122 122 122 122 122 122 122 122 122 122 122 122 122 125 125 125 125 125 125 125 125 125 122 122 122 122 122 122 125 125 125 125 125 125 125 125 125 123 136 136 123 123 123 123 137 137 137 137 123 123 136 136 123 123 123 123 123 123 136 136 137 137 136 136 137 137 123 123 137 137 137 137 123 123 136 136 123 123 136 136 123 123 136 136 123 123 123 123 123 123 123 123 123 123 123 123 123 123 123 123 

M = 237:
237 237 237 237 237 237 237 237 237 237 237 237 237 237 237 

M = 206:
206 206 206 206 205 205 205 205 205 206 206 206 206 206 208 208 208 208 208 208 208 208 208 208 208 208 

M = 362:
359 359 359 359 359 359 359 359 359 359 362 362 362 362 362 362 362 362 362 362 362 362 362 362 362 362 362 362 362 362 362 362 362 362 362 362 362 362 362 362 362 362 362 362 362 357 357 357 357 362 362 362 362 362 362 362 362 362 362 362 362 362 362 362 362 354 354 354 354 354 354 354 354 354 354 354 354 354 354 354 354 354 354 354 354 354 365 365 361 361 

M = 440:
440 440 440 440 440 440 440 440 440 440 440 442 442 442 440 440 440 440 440 440 440 440 440 440 440 440 440 440 440 438 438 438 438 438 438 440 440 440 440 440 440 440 440 440 440 440 440 440 440 440 440 440 440 

M = 305:
303 303 303 305 305 305 305 305 305 305 305 303 303 303 303 303 303 303 303 303 305 305 305 305 305 305 305 305 305 305 305 305 303 303 303 305 305 305 

M = 242:
245 245 245 245 245 245 245 245 245 245 245 242 242 242 242 242 242 242 242 242 242 242 242 242 242 242 242 242 242 242 242 242 242 242 242 242 242 242 242 242 242 242 242 242 242 242 242 242 242 242 241 241 241 241 241 241 241 241 241 241 241 241 241 241 241 241 241 241 241 241 244 244 244 244 244 241 241 241 241 241 241 241 241 241 241 241 241 241 241 241 

M = 444:
444 444 444 444 444 444 444 356 356 444 444 444 444 444 444 444 444 444 444 444 444 444 444 444 444 444 444 444 444 

M = 130:
194 194 194 194 194 194 194 193 193 193 193 193 193 193 193 193 193 193 193 196 196 196 196 196 131 131 131 131 131 196 196 196 196 196 131 131 131 131 131 196 196 196 196 196 196 196 196 196 196 131 131 131 131 131 196 196 196 196 196 196 196 196 196 196 196 196 196 196 196 130 130 130 130 130 130 130 130 130 130 130 130 130 130 130 130 130 130 130 130 130 130 130 130 130 130 130 130 130 130 130 130 130 130 130 130 130 130 130 134 134 134 134 134 134 132 132 

M = 341:
339 339 339 339 341 341 341 339 339 339 339 339 339 343 343 339 339 341 341 341 341 339 339 341 341 341 341 339 339 339 339 341 341 341 341 339 339 341 341 341 341 339 339 341 341 339 339 341 341 339 339 341 341 341 341 341 341 339 339 341 341 341 341 

M = 161:
161 161 161 161 161 162 162 162 162 162 162 

M = 178:
178 178 178 178 178 178 178 178 178 178 178 178 178 178 181 181 181 181 181 181 181 181 262 262 262 262 262 262 177 177 177 177 177 177 262 262 262 262 262 262 177 177 177 262 262 262 177 177 177 262 262 262 177 177 177 262 262 262 177 177 177 177 177 177 262 262 262 262 262 262 182 182 182 182 182 182 

M = 165:
164 164 164 164 164 164 164 164 164 164 164 165 165 165 165 165 165 165 165 165 165 165 165 165 165 165 165 165 165 165 165 165 165 165 165 165 165 165 165 165 165 165 165 165 165 165 165 165 165 165 165 165 165 165 165 165 165 165 165 165 165 165 165 165 165 165 165 165 165 165 165 165 165 165 165 165 165 165 165 165 165 165 165 165 165 165 165 165 165 165 165 165 165 165 165 165 165 165 165 165 165 165 165 165 165 165 165 165 165 163 163 163 163 163 163 163 163 163 163 

M = 167:
169 169 169 169 169 169 169 167 167 167 167 167 167 167 167 167 167 167 167 167 167 167 167 167 167 167 167 167 167 167 167 167 167 167 167 167 167 167 

M = 251:
251 251 251 251 251 251 251 251 251 251 251 251 251 251 251 251 251 158 158 158 158 158 158 251 251 251 251 251 251 251 251 251 251 251 251 251 251 251 251 251 251 

M = 249:
249 249 249 249 249 249 249 249 249 249 249 249 249 249 249 249 249 249 249 249 249 249 249 249 249 249 249 249 249 249 249 249 249 249 249 249 249 249 249 249 249 249 249 249 249 249 249 249 249 249 249 249 249 249 249 249 249 249 249 249 249 249 249 249 249 249 249 249 249 239 239 239 239 239 239 

M = 293:
297 297 297 300 300 300 297 297 297 297 297 297 297 297 297 293 293 293 293 293 293 293 293 293 293 293 293 293 293 293 293 293 293 293 293 293 293 293 293 293 293 293 

M = 220:
191 191 191 191 191 191 191 191 190 190 190 190 190 190 218 218 218 218 218 218 190 190 190 190 190 190 141 141 141 141 141 220 220 220 220 220 220 220 220 220 220 220 220 220 220 220 220 220 220 220 220 220 220 220 220 220 220 220 220 220 220 220 220 220 220 220 220 220 220 220 220 220 216 216 216 216 216 216 216 216 

