M = 146:
146 146 146 146 146 146 146 146 146 146 146 146 146 146 146 146 146 146 146 146 146 146 146 146 146 268 268 268 268 268 268 268 268 268 268 268 142 142 142 142 142 142 142 142 142 142 266 266 266 266 266 266 266 266 266 266 148 148 148 148 148 148 148 148 148 

M = 123:
119 119 119 119 119 119 119 119 119 119 119 119 119 119 119 119 119 119 119 119 119 119 119 119 136 136 136 136 136 136 136 136 136 136 136 136 136 136 136 136 136 136 136 136 136 136 136 136 136 136 136 136 123 124 124 122 122 123 123 123 123 123 123 122 122 122 122 123 123 124 124 122 122 124 124 124 124 212 212 124 124 212 212 212 212 123 123 124 124 122 122 122 122 122 122 123 123 122 122 123 123 212 212 212 212 122 122 123 123 124 124 212 212 122 122 212 212 212 212 124 124 212 212 123 123 122 122 123 123 122 122 122 122 123 123 123 123 122 122 138 138 212 212 122 122 124 124 123 123 122 122 123 123 122 122 123 123 123 123 123 123 124 124 

M = 293:
297 297 297 297 293 293 293 293 293 293 293 293 293 293 293 297 297 297 297 293 293 293 293 293 293 293 293 297 297 297 297 293 293 293 293 293 293 293 293 293 293 293 293 293 293 293 293 297 297 297 297 293 293 293 293 296 296 296 296 296 296 296 296 296 296 296 296 296 296 296 296 296 296 292 292 

M = 206:
208 208 208 208 208 208 208 208 208 205 205 205 205 206 206 206 205 205 205 205 205 205 205 205 205 205 206 206 206 206 206 206 206 206 206 206 205 205 205 205 206 206 205 205 205 205 206 206 205 205 205 205 205 205 206 206 206 206 206 206 206 206 206 206 205 205 205 205 205 205 207 207 

M = 173:
173 173 152 152 152 152 152 152 152 152 152 173 173 173 173 173 173 173 173 173 152 152 152 152 152 152 173 173 173 152 152 152 152 152 152 152 152 152 152 152 152 173 173 173 172 172 172 172 172 172 171 171 172 172 172 172 172 172 172 172 172 172 172 172 

M = 440:
440 440 440 440 440 440 440 440 440 440 440 440 440 440 441 441 441 440 440 440 440 440 440 441 441 441 441 441 441 440 440 440 441 441 441 440 440 440 440 440 440 440 440 440 440 440 440 441 441 441 440 440 440 440 440 440 441 441 441 440 440 440 439 439 439 439 439 439 438 438 439 439 439 439 438 438 439 439 439 439 438 438 

M = 242:
245 245 245 245 245 245 245 245 245 242 242 242 242 242 242 242 242 242 242 242 242 242 242 242 242 242 242 242 242 242 242 242 242 242 242 242 242 242 242 242 242 242 242 242 242 242 242 242 242 242 242 242 242 242 242 242 242 242 242 242 242 242 242 242 242 242 242 242 

M = 307:
300 300 300 300 300 300 300 300 300 300 300 300 300 300 300 300 300 300 300 300 305 305 305 305 301 301 301 301 301 301 301 301 303 303 303 303 305 305 305 305 301 301 301 301 303 303 303 303 305 305 305 305 301 301 301 301 305 305 305 305 303 303 303 303 305 305 305 305 307 307 307 307 307 307 307 307 307 307 307 311 311 312 312 312 312 311 311 311 311 311 311 

M = 322:
322 318 318 318 318 323 323 321 321 321 321 322 322 322 322 322 322 321 321 321 321 322 322 318 318 322 322 322 322 321 321 322 322 322 322 321 321 322 322 322 322 322 322 

M = 183:
184 184 184 184 184 184 184 184 184 184 184 184 184 184 184 184 184 184 182 182 182 182 182 182 184 184 184 184 184 184 184 184 184 184 184 184 184 184 184 184 184 184 184 184 184 184 184 184 182 182 182 182 182 182 182 182 182 182 182 182 184 184 184 184 184 184 182 182 182 182 182 182 182 182 182 182 182 182 226 226 226 226 226 226 226 226 183 183 183 183 183 183 183 183 183 183 183 183 183 183 183 183 183 183 183 183 183 183 183 183 183 183 183 183 183 183 183 183 183 183 183 

M = 261:
261 261 261 261 261 261 261 261 261 261 261 261 261 261 261 261 261 261 261 261 261 261 261 261 261 261 261 261 261 261 261 261 261 261 261 261 261 261 261 229 229 229 229 259 259 259 259 259 259 259 259 259 259 259 259 259 259 259 259 259 259 259 259 259 259 259 259 

M = 130:
194 194 194 194 194 194 194 197 197 197 127 127 127 130 130 130 130 130 193 193 193 127 127 127 197 197 197 193 193 193 193 193 193 193 193 193 193 193 193 127 127 127 130 130 130 130 130 130 130 130 130 193 193 193 130 130 130 130 130 130 193 193 193 130 130 130 130 130 130 193 193 193 130 130 130 127 127 127 127 127 127 197 197 197 130 130 130 130 130 130 193 193 193 130 130 130 130 130 130 197 197 197 130 130 130 196 196 196 196 196 196 196 196 196 196 132 132 196 196 196 196 196 196 134 134 196 196 196 196 196 196 196 196 196 196 196 196 196 196 134 134 134 134 134 134 196 196 

M = 274:
277 277 277 277 277 272 272 272 272 272 272 272 272 269 269 269 269 271 271 271 274 274 271 271 271 274 274 274 271 271 271 274 274 274 278 278 278 278 278 278 

M = 178:
180 180 180 180 180 180 180 180 180 180 180 178 178 178 178 178 178 178 178 178 178 178 178 178 178 178 178 178 178 178 178 178 178 178 178 178 178 178 178 178 178 178 178 178 178 178 178 178 178 178 178 178 178 178 178 178 178 178 178 

M = 165:
164 164 164 164 164 164 164 164 164 164 164 164 164 164 164 164 164 164 164 164 164 164 164 164 164 164 164 164 164 164 164 164 164 164 164 164 164 164 164 164 164 164 167 167 167 167 167 167 165 165 165 165 165 165 165 165 165 165 165 167 167 167 167 167 167 165 165 165 165 165 165 165 165 165 165 165 165 167 167 167 167 167 167 167 167 167 167 167 167 167 167 167 167 167 167 165 165 165 165 165 165 167 167 167 167 167 167 167 167 167 167 167 167 165 165 165 165 165 165 167 167 167 167 167 167 165 165 165 165 165 165 165 165 165 165 165 165 167 167 167 167 167 167 167 167 167 167 167 167 167 167 167 167 167 167 167 167 167 167 167 167 165 165 165 165 165 165 165 165 165 165 165 165 165 165 165 165 165 165 167 167 167 167 167 167 162 162 162 162 162 162 165 165 165 165 165 165 165 165 165 165 165 165 165 165 165 165 165 165 165 165 165 165 165 165 165 165 165 165 165 165 167 167 167 167 167 167 167 167 167 167 167 167 167 167 167 167 167 167 163 163 163 163 163 163 163 163 163 163 163 163 163 163 163 163 163 163 163 163 163 163 163 163 163 163 163 163 

M = 326:
326 326 326 326 326 326 326 326 326 326 326 326 326 326 326 326 326 326 326 326 326 326 326 326 326 326 326 326 326 326 326 326 326 326 326 326 326 326 325 325 

M = 249:
249 249 249 249 249 249 249 249 249 249 249 249 249 249 249 249 249 249 249 249 249 249 249 249 249 249 249 249 249 249 249 249 249 249 249 249 249 249 249 249 249 249 249 249 249 249 249 249 249 249 249 249 249 248 248 248 248 248 248 249 249 249 249 249 249 249 249 249 249 249 249 249 249 249 249 249 249 249 249 249 249 249 249 249 249 249 249 249 249 249 249 249 249 249 249 249 249 249 249 249 249 251 251 251 251 251 251 251 251 251 251 251 251 251 251 251 251 251 251 251 251 251 251 251 251 251 158 158 158 158 158 250 250 250 250 250 251 251 251 251 251 251 251 251 251 251 251 251 251 251 251 251 251 251 251 251 251 251 251 251 251 251 251 251 251 251 251 251 251 251 251 251 251 251 251 251 251 251 251 251 251 251 251 251 251 251 250 250 250 250 250 251 251 251 251 251 160 160 

M = 444:
359 359 359 359 359 359 359 359 359 359 359 359 359 359 359 359 359 359 359 359 444 444 444 444 444 444 444 444 444 444 444 444 444 444 444 444 444 362 362 362 362 362 362 444 444 444 444 444 444 444 444 444 443 443 443 443 358 358 358 358 443 443 361 361 443 443 358 358 443 443 361 361 443 443 443 443 358 358 443 443 443 443 443 443 443 443 443 443 443 443 

M = 290:
290 290 290 290 290 290 290 290 290 290 290 290 290 290 290 290 290 290 290 290 290 290 290 290 290 290 290 290 290 290 290 290 290 290 290 290 290 290 290 290 290 290 290 290 289 289 289 289 284 284 281 281 284 284 281 281 281 281 289 289 281 281 281 281 284 284 281 281 281 281 281 281 281 281 281 281 281 281 281 281 281 281 289 289 289 289 289 289 281 281 281 281 281 281 281 281 

M = 220:
218 218 218 218 218 218 218 218 219 219 219 219 219 219 219 215 215 215 215 215 215 215 215 215 215 215 215 215 215 215 215 215 215 215 215 220 220 220 220 220 220 220 220 220 220 220 220 220 220 220 220 220 220 220 220 220 220 220 220 220 220 220 220 220 220 220 140 140 140 140 220 220 220 220 220 220 220 220 220 220 220 220 220 220 220 220 220 220 220 220 216 216 216 216 220 220 220 220 216 216 216 216 220 220 220 220 220 220 220 220 139 139 139 139 139 139 213 213 

