M = 146:
266 266 266 266 266 266 266 146 146 146 146 146 146 146 146 146 146 146 146 146 146 146 146 146 146 146 146 146 146 146 146 146 146 146 146 146 146 146 146 146 146 146 146 146 146 146 146 146 146 146 146 146 146 146 146 146 146 146 146 146 146 146 146 146 146 146 146 146 146 266 266 266 266 266 266 266 146 146 146 146 146 146 146 146 146 146 146 146 146 146 146 146 146 146 146 146 146 146 146 146 146 146 146 146 146 146 146 146 146 146 146 266 266 266 266 266 266 266 146 146 146 146 146 146 146 268 268 268 268 268 147 147 147 147 147 268 268 268 268 268 147 147 147 147 147 268 268 268 268 268 147 147 147 147 147 268 268 268 268 268 147 147 147 147 147 142 142 142 142 270 270 270 270 270 270 270 270 148 148 

M = 308:
311 311 311 311 311 311 311 311 311 311 308 308 308 308 308 308 308 308 308 308 308 312 312 312 312 312 312 312 312 312 307 307 307 307 307 307 307 307 307 307 307 307 307 307 307 307 307 307 

M = 319:
322 322 322 322 322 322 322 322 322 322 327 327 327 327 323 323 323 323 319 319 319 319 319 319 319 319 319 319 319 323 323 323 323 323 323 323 323 319 319 319 319 319 319 319 319 319 319 319 319 318 318 318 318 318 318 318 318 318 318 318 318 318 318 318 318 318 318 318 318 318 318 318 318 314 314 314 318 318 318 316 316 316 316 316 316 316 316 316 316 316 316 

M = 338:
335 335 335 334 334 334 334 334 334 335 335 335 335 335 335 335 335 335 334 334 334 335 335 335 336 336 401 401 401 401 339 339 339 339 341 341 377 377 401 401 377 377 401 401 336 336 379 379 379 379 336 336 338 401 401 339 339 379 379 401 401 401 401 346 346 339 339 377 377 331 331 339 339 379 379 346 346 379 379 401 401 379 379 379 379 401 401 346 346 379 379 336 336 339 339 339 339 401 401 346 346 379 379 379 379 401 401 339 339 336 336 401 401 338 338 336 336 346 346 401 401 346 346 336 336 339 339 379 379 401 401 339 339 339 339 336 336 401 401 379 379 336 336 336 336 

M = 301:
300 300 300 300 301 301 301 301 301 301 301 301 301 301 301 

M = 441:
441 441 441 441 441 441 441 441 441 441 441 329 329 329 329 441 441 441 441 329 329 329 329 441 441 441 441 441 441 441 441 441 441 441 441 329 329 329 329 439 439 439 439 439 439 439 439 439 439 439 439 439 439 439 439 439 439 434 434 436 436 436 436 393 393 436 436 434 434 434 434 393 393 393 393 393 393 434 434 434 434 434 434 434 434 434 434 436 436 436 436 

M = 303:
303 303 305 305 305 272 272 272 272 272 272 303 303 303 305 305 305 303 303 303 303 303 303 303 303 303 272 272 272 303 303 303 272 272 272 305 305 305 272 272 272 305 305 305 272 272 272 305 305 305 272 272 272 303 303 303 272 272 272 305 305 305 305 305 305 303 303 303 

M = 242:
245 245 245 245 245 245 245 245 245 245 245 245 242 242 242 242 242 242 242 242 242 242 242 242 242 242 242 242 242 242 242 242 242 242 242 242 242 

M = 261:
262 262 262 262 262 262 262 262 262 262 262 262 230 230 230 261 261 261 261 261 229 229 229 261 261 261 230 230 230 261 261 261 261 261 261 261 261 261 261 261 261 261 261 261 230 230 230 261 261 261 258 258 258 258 258 258 259 259 259 259 258 258 259 259 258 258 259 259 258 258 259 259 258 258 

M = 123:
121 121 121 121 121 121 119 119 119 119 120 120 120 120 120 120 120 120 119 119 119 119 119 119 119 119 123 123 127 127 127 123 123 123 123 123 123 122 122 122 122 122 122 123 123 123 122 122 122 126 126 126 123 123 123 122 122 122 122 122 122 127 127 127 123 123 123 122 122 122 123 123 123 122 122 122 122 122 122 123 123 123 122 122 122 123 123 123 122 122 122 126 126 126 122 122 122 123 123 123 123 123 123 123 123 123 122 122 122 122 122 122 122 122 122 123 123 123 123 123 123 123 123 123 123 123 123 123 123 123 123 123 123 206 206 206 206 205 205 205 205 206 206 206 206 205 205 205 205 

M = 194:
194 194 194 194 194 194 194 194 194 194 194 194 194 194 194 194 194 194 194 194 194 194 194 194 194 194 194 194 194 194 194 194 194 194 194 194 194 194 194 194 194 194 194 194 194 194 194 194 194 193 193 193 193 193 193 193 193 193 193 193 193 193 193 193 193 193 193 193 193 193 193 193 193 130 130 240 240 130 130 130 130 240 240 130 130 130 130 130 130 130 130 130 130 240 240 130 130 130 130 192 192 130 130 130 130 240 240 130 130 130 130 130 130 

M = 136:
136 136 136 136 136 136 136 136 136 136 136 136 136 136 136 141 141 141 141 136 136 136 136 137 137 137 137 136 136 136 136 136 136 136 136 136 136 136 136 136 136 136 136 136 136 136 136 136 136 136 136 134 134 134 134 134 134 134 134 134 134 134 134 139 139 139 139 138 138 139 139 138 138 139 139 138 138 139 139 139 139 135 135 139 139 139 139 139 139 139 139 135 135 139 139 138 138 139 139 139 139 139 139 139 139 139 139 139 139 139 139 

M = 178:
180 180 180 180 180 180 180 180 180 180 180 180 180 180 180 180 180 180 180 180 180 180 180 180 178 178 178 178 182 182 182 182 182 178 178 178 178 178 178 178 178 178 178 178 178 178 178 178 178 178 178 178 178 178 178 178 178 178 178 178 178 178 178 178 178 178 178 178 178 178 178 178 178 178 178 178 178 178 178 178 178 178 178 178 178 178 178 178 178 178 178 178 178 178 178 178 178 178 178 178 178 178 178 177 177 177 177 177 177 177 177 177 177 177 177 177 177 177 177 177 177 177 177 177 177 177 177 177 177 177 177 177 177 177 177 177 177 177 177 183 183 183 183 183 183 183 183 183 183 183 183 183 183 183 183 183 183 183 183 183 183 183 183 183 183 183 183 183 183 183 183 183 183 183 183 

M = 164:
164 164 164 164 164 164 164 164 164 164 164 164 164 164 164 164 164 164 164 164 164 164 164 164 164 164 164 164 164 165 165 165 165 165 165 165 165 165 165 165 165 165 165 165 165 165 165 165 165 165 165 165 165 165 165 165 165 165 165 165 165 165 165 165 162 162 162 162 159 159 159 159 159 159 159 159 159 159 159 159 159 159 159 

M = 297:
297 297 297 297 297 297 297 297 297 297 297 297 297 297 297 296 296 296 299 299 299 299 299 299 299 299 299 299 299 299 281 281 293 293 293 293 281 281 281 281 284 284 281 281 293 293 281 281 293 293 281 281 293 293 281 281 281 281 281 281 293 293 281 281 293 293 281 281 293 293 281 281 281 281 293 293 293 293 281 281 281 281 

M = 167:
167 167 167 167 167 167 167 167 167 167 167 167 167 167 167 167 167 167 167 167 167 167 167 167 167 167 167 167 167 167 167 167 167 167 167 

M = 220:
219 219 219 219 219 219 219 219 219 219 219 219 217 217 217 217 217 217 217 217 218 218 218 218 217 217 217 217 217 217 217 217 218 218 218 218 217 217 217 217 218 218 218 218 218 218 218 218 220 220 190 190 190 220 220 220 220 220 220 190 190 190 220 220 220 190 190 190 220 220 220 190 190 190 220 220 220 220 220 220 220 220 220 220 220 220 190 190 190 190 190 190 220 220 220 190 190 190 220 220 220 190 190 190 220 220 220 220 220 220 220 220 220 220 220 220 190 190 190 220 220 220 190 190 190 

M = 248:
248 248 248 248 248 248 248 248 248 248 248 248 248 248 248 248 248 248 248 248 248 248 248 248 248 248 248 248 248 248 248 248 248 248 248 248 248 248 248 248 248 248 248 251 251 251 251 251 251 246 246 251 251 251 251 251 251 250 250 251 251 250 250 251 251 

M = 359:
359 359 359 359 359 359 359 359 359 359 359 359 359 359 359 359 359 359 359 359 359 359 359 359 359 359 359 359 359 359 359 359 359 359 359 360 360 360 360 360 360 360 360 360 360 360 360 360 360 360 360 360 360 360 360 360 362 362 

M = 358:
357 357 357 357 357 357 357 357 357 357 357 357 455 455 356 356 456 456 358 358 358 358 358 358 358 356 356 356 356 455 455 358 358 356 356 456 456 358 358 455 455 455 455 456 456 358 358 358 358 358 358 455 455 356 356 

