M = 146:
146 146 146 146 146 146 146 146 146 146 146 146 146 146 146 146 146 146 146 146 146 146 146 146 146 146 146 146 146 146 146 147 147 147 147 147 147 147 147 147 147 147 147 147 147 147 147 147 147 147 147 147 147 147 147 

M = 318:
319 319 318 318 318 318 318 318 318 316 316 312 312 316 316 319 319 318 318 312 312 318 318 318 318 318 318 319 319 319 319 318 318 319 319 319 319 318 318 318 318 318 318 322 322 319 319 312 312 318 318 319 319 319 319 318 318 

M = 122:
122 122 122 122 122 122 122 122 122 122 122 122 122 122 122 122 122 122 122 122 122 122 122 122 122 122 122 122 122 122 122 123 123 123 123 123 123 123 123 123 123 123 123 123 123 123 123 123 123 123 123 212 212 212 124 124 124 212 212 212 124 124 124 212 212 212 211 211 211 211 211 211 

M = 135:
136 136 136 136 135 135 135 135 135 135 135 135 135 135 135 135 135 135 135 135 135 135 135 136 136 136 136 135 135 135 135 136 136 136 136 135 135 135 135 135 135 135 135 134 134 134 134 134 134 134 134 134 132 132 132 134 134 134 134 134 134 

M = 141:
142 142 142 142 142 143 143 143 143 143 143 143 143 143 143 143 143 140 140 140 141 141 141 141 141 141 141 141 141 141 141 140 140 140 141 141 141 140 140 140 140 140 140 141 141 141 139 139 139 139 138 138 138 138 138 138 139 139 139 139 138 138 138 138 

M = 194:
242 242 242 242 242 242 242 242 244 244 244 244 244 244 244 244 244 244 244 244 244 244 244 244 244 244 244 244 244 240 240 240 240 240 240 193 193 193 193 193 193 193 193 193 193 194 194 194 194 194 194 194 194 194 194 194 194 194 194 193 193 193 193 193 194 194 194 194 194 194 194 194 194 194 130 130 130 130 130 130 130 130 130 130 130 130 130 130 130 130 130 130 130 130 130 130 130 130 192 192 192 192 

M = 305:
305 305 305 305 305 304 304 305 305 305 305 305 305 305 305 305 305 304 304 305 305 305 305 305 305 305 305 305 305 305 305 305 305 305 305 305 305 305 305 

M = 218:
217 217 217 217 217 190 190 190 190 190 217 217 217 217 217 190 190 190 190 190 190 190 190 190 190 218 218 218 218 218 216 216 216 218 218 218 218 218 218 215 215 215 215 215 215 215 215 

M = 293:
297 297 297 297 297 297 293 293 293 293 293 297 297 297 293 293 293 293 293 293 297 297 297 290 290 290 297 297 297 290 290 290 297 297 297 297 297 297 293 293 293 293 293 293 293 293 293 293 293 293 293 293 293 300 300 300 297 297 297 290 290 290 293 293 293 293 293 293 293 293 293 290 290 290 293 293 293 300 300 300 293 293 293 297 297 297 293 293 293 293 293 293 290 290 290 290 290 290 290 290 290 296 296 299 299 296 296 296 296 296 296 299 299 299 299 296 296 296 296 296 296 299 299 296 296 296 296 299 299 296 296 296 296 296 296 296 296 296 296 296 296 

M = 445:
356 356 356 356 356 356 359 359 359 445 445 445 444 444 445 445 360 360 361 361 445 445 362 362 444 444 354 354 444 444 361 361 362 362 444 444 445 445 444 444 362 362 445 445 361 361 361 361 444 444 445 445 362 362 444 444 361 361 361 361 445 445 444 444 362 362 445 445 445 445 445 445 445 445 355 355 444 444 285 285 362 362 445 445 355 355 445 445 444 444 360 360 444 444 444 444 

M = 261:
178 178 178 178 178 178 178 178 178 178 178 178 178 178 178 178 178 178 178 178 178 178 178 178 178 178 178 178 178 178 178 178 178 178 178 178 178 178 178 178 178 178 262 262 262 262 262 262 262 262 262 262 229 229 229 229 229 229 226 226 226 229 229 229 229 229 229 263 263 263 229 229 229 263 263 263 229 229 229 226 226 226 229 229 229 226 226 226 229 229 229 226 226 226 229 229 229 263 263 263 261 261 261 261 261 228 228 261 261 228 228 261 261 261 261 261 261 261 261 261 261 261 261 261 261 261 261 261 261 261 261 261 261 261 261 264 264 

M = 403:
403 403 403 403 403 403 403 403 403 403 403 337 337 403 403 339 339 337 337 337 337 403 403 339 339 403 403 337 337 403 403 337 337 337 337 403 403 337 337 337 337 403 403 403 403 403 403 337 337 

M = 333:
329 329 329 329 329 329 329 329 329 329 329 329 330 330 330 334 334 334 330 330 330 330 330 330 331 331 331 334 334 334 330 330 330 334 334 334 333 335 335 335 335 327 327 333 333 333 333 333 333 333 333 333 333 335 335 333 333 333 333 333 333 333 333 335 335 335 335 333 333 

M = 126:
127 127 127 127 126 126 126 127 127 127 127 127 127 127 127 126 126 126 126 126 126 126 126 127 127 127 127 128 128 208 208 199 199 128 128 206 206 199 199 208 208 208 208 208 208 208 208 125 125 208 208 199 199 208 208 208 208 208 208 128 128 208 208 208 208 128 128 

M = 400:
400 400 400 400 400 400 400 400 400 400 400 400 400 400 400 400 400 400 400 

M = 165:
164 164 164 164 164 164 164 164 165 165 165 165 165 165 165 165 165 165 165 165 165 165 165 165 165 165 165 165 165 165 165 165 165 165 165 165 165 165 165 165 165 165 165 165 165 165 165 165 165 165 165 165 165 165 165 165 165 165 165 165 165 165 165 165 165 165 165 165 165 165 163 163 163 163 163 163 163 163 163 163 163 163 163 163 163 163 163 163 163 163 167 167 167 167 167 167 167 167 167 167 167 167 167 167 167 167 167 167 167 167 167 167 167 167 167 167 167 167 167 167 167 167 167 167 167 167 

M = 269:
268 268 268 268 268 268 268 269 269 267 267 267 267 267 267 267 267 267 267 267 267 269 269 269 269 269 269 267 267 267 269 269 269 269 269 269 267 267 267 269 269 269 269 269 269 267 267 267 274 274 274 274 274 274 274 274 

M = 251:
250 250 250 250 250 249 249 249 249 249 249 249 249 249 249 249 249 249 249 249 249 249 249 249 249 249 249 249 249 157 157 157 157 249 249 249 249 249 249 249 249 157 157 157 157 249 249 249 249 249 249 249 249 251 251 251 251 251 251 251 251 161 161 161 251 251 251 251 251 251 251 251 251 251 251 251 251 251 251 251 251 251 251 251 251 251 251 251 251 251 251 205 205 205 251 251 251 251 251 251 158 158 158 158 158 158 158 158 158 158 158 158 158 158 158 158 158 158 158 158 158 158 158 158 158 158 

M = 375:
376 376 376 377 377 377 378 378 378 377 377 377 376 376 376 376 376 376 377 377 377 379 379 379 377 377 377 379 379 379 377 377 377 376 376 376 375 375 375 375 375 375 375 343 343 375 375 375 375 375 375 375 375 375 375 343 343 341 341 375 375 343 343 343 343 375 375 375 375 341 341 375 375 375 375 

M = 434:
439 439 439 441 441 441 434 434 434 434 434 434 434 434 434 434 434 434 434 437 437 

