M = 336:
336 336 336 336 336 336 336 336 336 336 336 407 407 407 407 407 407 336 336 336 407 407 407 407 407 407 336 336 336 336 336 336 337 337 335 335 335 335 337 337 335 335 337 337 335 335 

M = 339:
339 339 339 339 339 339 339 339 339 339 339 

M = 183:
180 180 180 180 180 180 184 184 184 182 182 182 184 184 184 184 184 184 182 182 182 179 179 179 184 184 184 184 184 184 184 184 184 182 182 182 182 182 182 183 183 183 183 183 183 183 183 183 183 183 183 183 183 183 183 183 183 183 183 183 183 183 183 183 183 183 183 183 183 183 183 183 183 183 

M = 334:
436 436 436 436 436 436 329 329 329 334 326 326 334 334 390 390 334 334 334 334 334 334 326 326 390 390 326 326 334 334 390 390 334 334 334 334 390 390 334 334 334 334 325 325 334 334 

M = 196:
130 130 130 130 130 130 130 130 130 130 130 130 248 248 248 248 248 248 130 130 130 130 130 130 248 248 248 248 248 248 130 130 130 130 130 130 196 196 196 196 127 127 127 127 127 196 196 196 196 196 127 127 127 127 127 127 127 127 127 127 196 196 196 196 196 196 196 196 196 196 127 127 127 127 127 196 196 196 196 196 196 196 196 196 196 193 193 193 193 237 237 237 237 194 194 194 194 193 193 193 193 193 193 193 193 193 193 193 193 193 193 193 193 194 194 194 194 193 193 193 193 193 193 193 193 194 194 194 194 193 193 193 193 193 193 193 193 194 194 194 194 194 194 194 194 194 194 194 194 194 194 194 194 193 193 193 193 194 194 194 194 197 197 197 197 197 197 197 197 197 197 197 197 250 250 250 199 199 199 197 197 197 197 197 197 197 197 197 197 197 197 197 197 197 197 197 197 250 250 250 250 250 250 197 197 197 

M = 454:
359 359 359 359 359 359 359 358 358 358 358 358 360 360 360 456 456 456 456 456 456 456 456 456 456 456 456 360 360 360 456 456 456 456 456 456 456 456 456 456 456 456 360 360 360 456 456 456 456 456 456 360 360 360 456 456 456 360 360 360 456 456 456 360 360 360 454 454 454 454 454 454 454 454 454 451 451 451 451 454 454 454 454 454 454 454 454 454 454 454 454 454 454 454 454 454 454 451 451 454 454 451 451 454 454 451 451 

M = 190:
169 169 169 169 169 190 190 190 190 190 190 190 190 190 190 190 190 190 190 190 190 190 190 190 190 190 190 190 190 190 190 190 190 190 190 190 218 218 218 217 217 217 191 191 191 220 220 220 220 171 171 220 220 170 170 171 171 171 171 220 220 220 220 171 171 170 170 171 171 171 171 171 171 171 171 220 220 220 220 220 220 171 171 220 220 220 220 171 171 171 171 220 220 220 220 170 170 170 170 171 171 220 220 171 171 

M = 242:
243 243 243 243 243 243 243 243 243 243 242 242 242 242 242 242 242 242 242 242 242 242 242 242 242 242 242 242 242 242 242 242 242 242 242 242 242 242 242 242 242 242 242 242 242 242 242 242 242 242 242 242 242 242 245 245 245 245 245 245 245 245 245 245 245 245 244 244 244 244 244 244 245 245 245 245 245 245 245 245 245 245 245 245 

M = 444:
440 440 440 440 440 440 440 440 440 440 440 440 440 440 356 356 356 356 356 356 356 440 440 440 440 440 440 440 438 438 438 438 438 438 443 443 443 443 443 443 443 443 443 443 443 443 362 362 362 362 362 362 443 443 443 443 443 443 438 438 438 438 438 438 443 443 443 443 443 443 438 438 438 438 438 438 444 444 444 444 444 444 444 444 444 444 444 444 444 444 444 444 444 444 444 444 444 444 444 444 444 444 444 444 444 444 444 444 444 444 365 365 365 361 361 361 361 361 361 361 361 361 361 

M = 262:
262 262 262 262 262 262 262 262 262 262 262 262 262 262 262 262 262 

M = 261:
261 261 261 261 261 261 261 261 261 261 261 261 261 261 261 261 261 261 261 261 261 261 261 261 261 261 261 261 261 261 261 261 

M = 123:
134 134 134 134 134 134 134 134 134 134 134 134 134 134 134 136 136 136 136 135 135 135 135 136 136 136 136 136 136 136 136 135 135 135 135 135 135 135 135 135 135 135 135 120 120 120 120 137 137 137 125 125 125 125 125 125 137 137 137 137 137 137 125 125 125 125 125 125 125 125 125 123 121 121 123 123 123 123 123 123 123 123 141 141 123 123 123 123 141 141 141 141 123 123 141 141 124 124 123 123 123 123 123 123 141 141 123 123 141 141 123 123 123 123 123 123 123 123 123 123 141 141 124 124 

M = 411:
410 410 410 410 410 410 410 410 410 410 410 410 410 410 410 410 410 410 389 389 368 368 368 368 412 412 368 368 368 368 411 437 437 412 412 368 368 368 368 368 368 368 368 411 411 368 368 368 368 368 368 

M = 228:
229 229 229 229 229 229 229 229 229 229 229 229 205 205 205 205 205 205 228 228 228 228 228 228 228 228 228 228 228 228 228 

M = 177:
178 178 178 178 178 178 178 178 178 178 178 178 178 178 178 178 178 178 178 178 178 178 178 178 178 145 145 145 145 145 145 145 145 145 145 145 145 144 144 144 144 145 145 145 145 145 145 145 145 177 177 177 177 177 177 177 177 177 177 177 177 177 177 177 177 177 177 177 177 142 142 142 177 177 177 

M = 167:
164 164 164 164 164 164 164 164 164 164 164 164 164 164 164 164 164 164 164 164 164 164 164 164 164 164 164 164 164 164 164 164 164 164 164 164 164 164 164 164 167 167 167 167 167 167 167 167 167 167 167 167 167 167 167 167 167 167 167 167 167 167 167 167 167 167 167 167 167 167 167 167 167 167 167 167 167 167 167 167 167 167 167 167 167 167 167 167 167 167 167 167 167 167 167 165 165 165 165 165 165 165 165 165 165 165 165 165 165 165 165 165 165 165 165 165 165 165 165 165 165 165 165 165 165 165 165 165 165 165 165 165 165 165 165 165 165 172 172 172 172 172 172 172 172 172 172 172 172 172 172 172 154 154 154 154 

M = 268:
266 266 266 266 266 266 266 266 266 266 268 268 268 267 267 267 267 267 267 267 267 268 268 268 268 268 268 268 268 268 268 268 268 267 267 267 267 267 267 267 267 268 268 268 268 268 268 268 268 267 267 267 267 268 268 268 268 

M = 293:
290 290 290 290 290 290 290 290 290 290 290 290 290 290 290 290 290 290 290 290 290 290 290 290 290 290 290 290 297 297 297 297 297 297 297 297 297 297 297 297 293 293 293 293 293 293 293 293 293 293 293 293 293 293 293 293 293 293 293 293 293 293 293 293 293 293 293 293 293 293 293 293 293 293 284 284 284 284 284 284 284 284 284 284 284 284 280 280 321 321 292 292 280 280 292 292 321 321 292 292 321 321 321 321 280 280 321 321 299 299 296 296 299 299 296 296 292 292 299 299 280 280 299 299 280 280 322 322 296 296 292 292 322 322 299 299 280 280 

M = 162:
162 162 162 162 162 162 162 162 162 162 162 162 162 162 162 162 162 162 162 162 162 162 162 162 162 162 162 162 162 162 162 162 162 162 160 160 160 160 160 160 160 160 156 156 156 156 

M = 341:
341 377 377 341 341 341 341 341 341 341 341 377 377 340 340 341 341 341 341 341 341 340 340 341 341 377 377 341 341 377 377 341 341 341 341 341 341 341 341 

