M = 214:
142 142 142 142 133 133 133 214 214 214 140 140 214 214 214 214 214 214 214 214 214 214 214 214 214 214 140 140 214 214 214 214 214 214 214 214 214 214 214 214 214 214 214 214 

M = 440:
440 440 440 390 390 440 440 438 438 440 440 438 438 438 438 438 438 440 440 440 440 440 440 390 390 440 440 440 440 438 438 438 438 390 390 390 390 440 440 390 390 440 440 440 440 440 440 

M = 194:
194 194 194 194 194 194 194 194 194 194 194 194 194 194 194 194 194 194 194 194 194 194 194 194 194 194 194 194 194 194 194 194 194 194 194 194 194 194 194 194 194 194 194 194 194 194 194 194 194 194 194 194 194 194 194 194 194 194 194 194 194 194 194 194 194 194 194 194 194 193 193 193 193 193 193 193 193 193 193 193 193 193 193 193 193 193 193 193 193 193 193 193 193 193 193 193 193 193 193 193 193 193 193 193 193 193 193 193 193 193 193 193 193 193 193 193 193 

M = 336:
339 339 339 339 339 336 336 336 336 336 336 336 336 336 336 336 336 336 336 336 336 336 336 336 330 330 330 330 336 336 336 336 336 336 336 336 336 336 336 336 330 330 330 330 336 336 336 336 338 338 338 335 335 335 408 408 408 410 410 410 410 410 410 338 338 338 408 408 408 410 410 410 407 407 407 407 407 407 408 408 408 408 408 408 410 410 410 335 335 335 408 408 408 408 408 408 408 408 408 408 408 408 410 410 410 329 329 329 329 329 329 329 329 329 329 329 329 334 334 329 329 337 337 406 406 329 329 334 334 

M = 402:
331 331 331 331 331 331 331 331 331 331 331 331 403 403 403 403 403 403 403 403 403 403 403 403 403 403 403 403 403 403 403 403 403 403 403 403 403 403 403 403 403 403 403 403 403 403 403 403 403 403 403 403 403 403 415 415 401 401 400 400 402 401 401 401 401 401 401 401 401 400 400 402 402 415 415 401 401 401 401 402 402 400 400 401 401 401 401 401 401 415 415 400 400 401 401 400 400 402 402 400 400 402 402 402 402 400 400 401 401 401 401 402 402 402 402 402 402 401 401 400 400 401 401 400 400 400 400 401 401 415 415 402 402 401 401 401 401 415 415 

M = 242:
242 242 242 242 242 242 242 242 242 242 242 242 242 242 242 242 242 242 242 242 242 242 242 242 242 242 242 242 242 242 242 242 242 242 242 242 242 242 242 242 242 242 242 242 242 242 242 242 242 242 242 242 242 242 242 242 242 242 242 242 242 242 242 242 242 242 242 242 242 242 242 242 242 242 242 242 242 246 246 246 246 246 

M = 219:
219 219 219 219 219 219 217 217 217 217 217 217 217 217 217 217 217 217 217 217 217 217 217 217 217 217 217 217 217 217 217 217 217 217 219 219 219 219 219 219 219 190 190 190 190 190 190 190 190 190 190 190 190 190 190 190 190 190 190 190 190 

M = 345:
342 342 342 342 345 345 344 344 344 344 344 344 344 344 344 345 345 345 379 379 379 344 344 344 344 344 344 344 344 344 345 345 345 345 345 345 346 346 346 346 346 346 346 346 346 346 346 346 346 346 346 346 

M = 122:
120 120 120 120 120 120 120 120 120 120 120 120 120 120 120 120 120 120 120 120 120 212 212 212 119 119 119 120 120 120 120 120 120 122 122 122 122 122 122 122 122 122 122 122 122 122 122 122 122 122 122 122 122 122 122 122 122 122 122 122 122 122 122 122 122 122 122 122 

M = 130:
127 127 127 128 128 128 127 127 127 127 127 127 127 127 127 128 128 128 127 127 127 127 127 127 128 128 128 130 130 130 130 130 130 130 130 130 130 130 130 130 130 130 130 130 130 130 130 130 130 130 130 130 130 130 

M = 275:
305 305 305 272 272 272 272 272 272 305 305 305 305 305 305 305 305 305 275 303 303 303 303 275 275 275 275 275 275 275 275 275 275 275 275 303 303 303 303 269 269 303 303 269 269 

M = 178:
178 178 178 178 178 178 178 178 178 178 178 178 178 178 178 178 178 178 178 178 178 178 178 146 146 146 146 146 146 146 146 146 146 146 146 146 146 146 146 146 146 146 146 146 146 146 146 180 180 180 180 180 180 146 146 146 146 146 146 180 180 180 180 180 180 146 146 146 146 146 146 178 178 178 178 178 178 178 178 178 178 178 178 266 266 266 266 266 266 266 266 266 266 177 177 177 177 265 265 265 265 177 177 177 177 177 177 177 177 265 265 265 265 265 265 265 265 265 265 265 265 181 181 181 181 177 177 177 177 265 265 265 265 184 184 184 184 184 184 262 262 262 184 184 184 184 184 184 261 261 261 184 184 184 261 261 261 261 261 261 261 261 261 184 184 184 261 261 261 261 261 261 262 262 262 261 261 261 262 262 262 261 261 261 261 261 261 261 261 261 261 261 261 261 261 261 261 261 261 261 261 261 258 258 259 259 182 182 258 258 259 259 182 182 258 258 229 229 259 259 229 229 229 229 229 229 229 229 228 228 229 229 228 228 259 259 258 258 229 229 182 182 228 228 264 264 259 259 263 263 263 263 229 229 182 182 259 259 259 259 263 263 259 259 182 182 228 228 259 259 182 182 259 259 259 259 229 229 182 182 182 182 259 259 182 182 263 263 

M = 164:
165 165 165 165 165 165 165 165 165 165 165 165 165 165 165 165 165 165 165 165 165 165 165 165 165 165 165 165 165 165 165 165 165 165 165 165 165 165 165 165 165 165 165 165 165 165 165 165 165 165 165 165 165 165 165 165 165 165 165 165 164 164 164 164 164 164 164 164 164 164 164 164 164 164 164 164 164 164 164 164 164 164 164 164 164 164 164 164 164 164 164 164 164 164 164 164 164 164 164 164 164 164 164 164 164 164 164 164 164 164 164 164 164 164 164 164 164 164 164 164 164 164 163 163 163 163 163 163 163 163 163 163 163 163 162 162 162 162 162 162 162 162 162 162 162 162 162 162 162 162 162 162 

M = 370:
450 450 349 349 348 348 349 349 370 450 450 369 369 370 370 450 450 370 370 370 370 369 369 347 347 370 370 348 348 370 370 450 450 369 369 349 349 348 348 370 370 347 347 370 370 370 370 370 370 370 370 370 370 369 369 370 370 369 369 348 348 370 370 369 369 450 450 347 347 450 450 369 369 347 347 370 370 349 349 370 370 347 347 450 450 370 370 369 369 348 348 

M = 251:
251 251 251 251 251 251 251 251 251 251 251 251 251 251 251 251 251 251 251 251 251 251 251 251 251 251 251 251 251 251 251 251 251 251 251 251 251 251 251 251 251 251 251 251 251 251 251 251 251 251 251 251 251 251 251 251 251 251 251 233 233 203 203 203 203 201 201 201 201 204 204 203 203 201 201 201 201 232 232 201 201 201 201 233 233 204 204 201 201 232 232 233 233 203 203 201 201 253 253 203 203 233 233 201 201 201 201 201 201 201 201 201 201 232 232 204 204 

M = 167:
169 169 169 169 169 169 167 167 167 167 167 167 167 167 167 167 167 167 167 167 167 167 167 167 167 167 167 167 167 167 167 167 167 167 167 167 167 167 167 167 167 167 167 167 167 167 167 167 167 167 167 167 167 167 167 167 167 167 167 167 167 167 167 167 167 167 167 167 167 167 167 167 167 

M = 249:
249 249 249 249 249 249 249 249 249 249 249 249 249 249 249 249 249 249 249 249 249 249 249 249 249 249 249 249 249 249 249 249 249 249 249 249 249 249 

M = 293:
297 297 293 293 293 281 281 293 293 293 293 293 293 293 293 293 293 297 297 297 297 293 293 281 281 281 281 281 281 293 293 281 281 281 281 293 293 293 293 293 293 281 281 293 293 281 281 293 293 281 281 281 281 293 293 281 281 

M = 360:
356 356 356 356 356 356 356 356 356 356 356 356 359 359 359 359 359 359 359 359 359 359 359 359 362 362 364 364 360 365 365 365 365 358 358 358 358 362 362 358 358 364 364 365 365 365 365 358 358 362 362 364 364 358 358 351 351 362 362 358 358 455 455 351 351 364 364 360 360 364 364 351 351 364 364 364 364 351 351 365 365 365 365 355 355 355 355 362 362 358 358 365 365 455 455 455 455 365 365 362 362 360 360 358 358 358 358 364 364 365 365 455 455 365 365 455 455 362 362 455 455 362 362 365 365 364 364 364 364 364 364 360 360 364 364 

M = 136:
136 136 136 136 136 136 136 136 139 139 139 136 136 136 136 136 136 136 136 136 136 136 136 136 136 136 136 136 136 136 136 136 136 136 136 

