M = 201:
204 204 204 204 204 204 204 204 204 204 204 204 201 201 201 201 201 201 201 201 201 201 201 201 201 201 201 201 201 201 201 201 201 201 201 201 201 201 201 201 201 201 201 201 201 201 201 201 201 201 201 201 201 201 201 201 201 201 201 205 205 205 253 253 253 205 205 205 234 234 234 234 234 234 234 234 199 199 234 234 234 234 234 234 234 234 

M = 123:
135 135 135 135 135 135 135 135 135 135 135 135 135 135 135 123 123 123 123 123 123 123 123 123 123 123 124 124 124 124 123 123 123 123 123 123 123 123 123 123 123 123 124 124 124 124 123 123 123 123 124 124 124 124 123 123 123 123 124 124 124 124 123 123 123 123 123 123 123 123 123 123 123 123 123 123 123 123 123 123 123 123 126 126 126 

M = 212:
144 144 144 144 144 144 212 212 212 212 212 212 212 212 212 212 212 138 138 138 138 138 138 138 138 

M = 140:
136 136 136 136 136 136 136 136 136 136 136 136 136 136 136 136 136 136 136 136 136 136 136 136 136 136 136 136 136 136 136 136 136 136 136 136 136 136 136 136 136 136 142 142 142 142 142 142 142 142 142 142 142 142 140 140 140 140 140 140 140 140 140 140 140 140 140 140 139 139 139 139 139 140 140 140 140 140 140 140 140 140 140 140 140 140 140 140 140 140 140 140 140 140 140 140 140 140 141 141 141 141 141 141 141 141 215 215 215 215 215 215 215 215 215 215 215 215 215 215 215 215 215 215 

M = 194:
242 242 242 242 242 242 242 242 242 193 193 193 193 193 193 193 193 193 193 193 193 193 193 244 244 244 244 244 244 244 193 193 193 193 193 193 193 193 193 193 193 193 193 193 194 194 194 194 194 194 194 194 194 194 194 194 194 194 194 194 194 194 194 194 194 194 194 194 194 194 194 194 194 192 192 192 192 240 240 240 240 

M = 290:
356 356 293 293 293 293 296 296 293 293 293 293 289 289 443 443 290 290 290 290 290 290 290 356 356 290 290 293 293 290 290 293 293 293 293 290 290 292 292 293 293 293 293 443 443 292 292 292 292 290 290 293 293 293 293 290 290 293 293 290 290 293 293 290 290 293 293 290 290 292 292 293 293 290 290 290 290 290 290 292 292 290 290 356 356 

M = 325:
326 326 326 326 326 326 326 326 326 326 326 326 326 326 326 326 326 326 326 326 436 436 436 329 329 329 329 329 329 329 329 329 329 329 329 329 329 329 436 436 436 436 436 436 329 329 329 333 333 321 321 333 333 325 321 321 318 318 318 318 325 325 441 441 322 322 333 333 321 321 321 321 441 441 441 441 322 322 333 333 333 333 321 321 333 333 333 333 322 322 322 322 322 322 439 439 333 333 318 318 390 390 333 333 441 441 333 333 333 333 325 325 321 321 333 333 321 321 333 333 325 325 322 322 321 321 441 441 325 325 

M = 122:
122 122 122 122 122 122 122 122 122 122 122 122 122 122 122 122 122 122 122 122 122 122 122 122 122 122 122 122 122 122 122 122 122 122 122 122 122 122 122 122 122 122 122 122 122 122 122 122 122 122 122 122 122 122 122 122 122 122 122 122 122 122 122 122 122 122 122 122 122 122 122 122 122 122 122 122 122 122 122 122 122 122 122 122 

M = 218:
217 217 217 217 217 217 216 216 216 216 216 216 218 218 218 218 218 218 218 218 218 218 218 218 218 218 218 190 190 190 190 190 190 190 190 190 

M = 121:
121 121 121 121 

M = 258:
259 259 259 259 258 258 258 258 258 258 258 258 258 258 258 258 258 258 258 259 259 259 259 259 259 259 259 258 258 258 258 258 258 258 258 258 258 258 258 259 259 259 259 259 259 259 259 258 258 258 258 258 258 258 258 152 152 152 152 152 152 152 152 152 152 152 152 152 152 

M = 130:
127 127 127 127 127 130 130 130 130 130 130 130 130 130 130 130 130 130 130 127 127 127 127 127 130 130 130 130 130 127 127 127 127 127 130 130 130 130 130 130 130 130 130 130 130 130 130 130 130 197 197 196 196 196 196 196 196 197 197 196 196 196 196 197 197 197 197 196 196 196 196 196 196 196 196 197 197 197 197 196 196 

M = 403:
336 336 336 336 336 336 336 336 336 336 336 336 336 336 336 336 336 336 336 336 336 336 336 336 336 336 336 336 338 338 338 338 338 407 407 407 407 407 338 338 338 338 338 408 408 408 408 335 335 335 335 403 400 400 403 403 403 403 400 400 403 403 403 403 400 400 403 403 403 403 400 400 400 400 419 419 403 403 400 400 400 400 403 403 404 404 403 403 400 400 400 400 403 403 400 400 419 419 403 403 403 403 404 404 403 403 403 403 403 403 

M = 261:
229 229 229 229 229 229 229 229 229 229 229 229 229 229 229 229 229 229 229 229 263 263 263 263 229 229 229 229 261 261 261 261 261 261 261 261 261 261 261 229 229 229 229 261 261 261 261 263 263 263 263 229 229 229 229 229 229 229 229 261 261 261 261 261 261 261 261 261 261 261 261 261 261 261 261 261 261 261 261 229 229 229 229 262 262 262 

M = 342:
339 339 339 339 339 339 339 341 341 341 341 341 341 377 377 377 377 377 377 377 377 377 377 377 377 377 377 377 377 376 376 376 343 343 343 343 342 342 342 343 343 342 342 343 343 378 378 343 343 343 343 342 342 342 342 343 343 342 342 342 342 342 342 343 343 343 343 342 342 343 343 378 378 343 343 343 343 342 342 343 343 

M = 178:
178 178 178 178 178 178 178 178 178 178 178 178 178 178 178 178 178 178 178 178 178 178 178 178 178 178 178 178 178 178 178 178 178 178 178 183 183 183 183 183 183 183 183 183 183 183 183 183 183 183 183 183 183 183 183 183 183 183 183 

M = 164:
164 164 164 164 164 164 164 164 164 164 164 164 164 164 164 164 164 164 164 164 164 164 164 165 165 165 165 165 165 165 165 165 165 165 165 165 165 165 165 165 165 165 165 165 165 165 165 164 164 164 164 164 164 164 164 165 165 165 165 165 165 165 165 165 165 165 165 165 165 165 165 165 165 165 165 165 165 165 165 164 164 164 164 164 164 164 164 165 165 165 165 165 165 165 165 164 164 164 164 164 164 164 164 164 164 164 164 164 164 164 164 164 164 164 164 164 164 164 164 165 165 165 165 165 165 165 165 165 165 165 165 165 165 165 165 164 164 164 164 164 164 164 164 163 163 163 163 163 163 163 163 163 163 163 163 163 163 163 163 163 163 163 163 163 163 163 163 157 157 157 157 157 162 162 162 162 162 162 162 162 160 160 160 160 169 169 169 169 162 162 162 162 162 162 162 162 162 162 162 162 154 154 154 154 

M = 268:
266 266 266 146 146 146 269 269 269 266 266 266 266 266 266 266 266 266 269 269 269 266 266 266 266 266 266 268 276 276 268 268 268 268 268 268 268 268 268 268 268 268 276 276 268 268 276 276 276 276 268 268 268 268 276 276 268 268 268 268 268 268 268 268 268 268 268 268 276 276 268 268 

M = 249:
248 248 248 248 248 248 248 248 248 248 248 248 248 248 248 248 248 248 248 248 248 248 248 248 248 248 248 248 248 248 246 246 246 246 246 246 158 158 158 158 158 158 246 246 246 246 246 246 249 249 249 249 251 251 251 251 251 159 159 159 159 159 249 249 249 249 249 249 249 249 249 249 251 251 251 251 251 249 249 249 249 249 249 249 249 249 249 249 249 249 249 249 249 249 249 249 249 249 249 249 249 249 237 237 237 237 237 237 237 237 237 237 237 237 237 237 237 237 237 237 237 237 237 237 237 237 237 237 237 237 239 239 239 239 239 239 

M = 232:
232 232 232 228 228 228 228 232 232 232 232 232 232 232 232 255 255 255 255 255 255 

