M = 147:
147 147 147 147 147 147 147 146 146 146 146 146 146 146 146 146 146 146 146 146 146 146 146 147 147 147 147 147 147 147 147 146 146 146 146 146 146 146 146 147 147 147 147 147 147 147 147 146 146 146 146 146 146 146 146 146 146 146 146 146 146 146 146 146 146 146 146 146 146 146 146 147 147 147 147 147 147 147 147 146 146 146 146 146 146 146 146 146 146 146 146 146 146 146 146 146 146 146 146 146 146 146 146 146 146 146 146 146 146 146 146 147 147 147 147 147 147 147 147 147 147 147 147 147 147 147 147 146 146 146 146 146 146 146 146 178 178 178 178 178 178 178 178 178 178 178 178 178 178 178 178 178 178 178 178 178 178 178 178 178 178 178 178 178 178 178 178 178 178 178 178 178 178 178 178 178 178 178 178 178 178 178 178 178 178 178 178 178 178 178 178 178 178 178 178 178 178 178 178 178 178 178 178 178 178 178 178 178 178 178 178 178 178 178 178 178 178 178 178 177 177 177 177 177 177 177 177 177 177 177 177 177 177 177 177 177 177 177 177 177 177 177 177 177 177 177 177 177 177 177 177 177 177 177 177 177 177 177 177 177 177 177 177 177 177 177 177 148 148 148 148 148 148 148 148 148 148 148 148 148 148 148 

M = 196:
245 245 245 245 245 245 245 245 245 194 194 194 194 194 194 194 194 193 193 193 193 193 193 244 244 244 244 244 244 244 244 244 244 244 244 244 244 244 244 244 244 126 126 126 126 126 126 126 126 126 126 126 126 196 197 197 239 239 127 127 134 134 197 197 197 197 127 127 127 127 127 127 197 197 196 196 134 134 196 196 127 127 134 134 196 196 197 197 134 134 196 196 197 197 197 197 239 239 196 196 196 196 239 239 197 197 196 196 239 239 134 134 196 196 134 134 239 239 197 197 134 134 196 196 197 197 134 134 134 134 197 197 134 134 196 196 127 127 197 197 197 197 196 196 196 196 196 196 127 127 239 239 196 196 127 127 239 239 239 239 134 134 197 197 134 134 134 134 239 239 197 197 197 197 239 239 239 239 196 196 196 196 127 127 197 197 197 197 

M = 265:
265 265 265 265 265 265 265 265 265 265 265 265 265 265 265 265 265 265 265 265 265 265 265 265 265 265 265 265 265 265 265 265 265 265 265 267 267 267 267 267 267 267 266 266 266 266 266 266 266 266 266 266 266 266 266 266 266 266 266 266 266 266 266 266 266 266 266 266 266 266 262 262 262 262 262 264 264 264 264 264 269 269 269 

M = 217:
219 219 219 219 219 219 219 219 218 218 218 218 218 218 218 218 218 218 218 218 218 218 218 218 218 218 218 218 218 217 217 217 217 217 217 217 217 217 217 217 217 217 217 217 217 217 217 217 217 217 217 217 217 217 217 217 217 217 217 217 217 217 217 217 216 216 216 216 

M = 259:
259 259 259 259 259 259 259 259 229 229 229 229 229 229 229 229 229 229 229 229 259 259 259 259 259 259 259 259 259 259 259 259 259 259 259 258 258 261 261 261 261 258 258 258 258 261 261 233 233 257 257 257 257 233 233 258 258 261 261 261 261 258 258 233 233 261 261 257 257 258 258 257 257 261 261 233 233 261 261 257 257 257 257 261 261 261 261 261 261 261 261 261 261 261 261 261 261 261 261 258 258 

M = 326:
326 326 326 326 326 325 325 325 325 325 325 325 325 325 325 325 325 329 329 329 326 326 326 325 325 325 326 326 326 326 326 326 325 325 325 326 326 326 329 329 329 326 326 326 325 325 325 328 328 333 333 393 393 333 333 334 334 327 327 393 393 393 393 393 393 328 328 327 327 330 330 328 328 333 333 333 333 334 334 333 333 334 334 334 334 

M = 303:
303 303 303 303 303 303 303 303 303 303 303 303 303 303 303 303 303 303 303 303 303 303 303 303 303 303 303 303 303 303 303 305 305 305 301 301 301 300 300 300 305 305 305 305 305 305 300 300 300 301 301 301 300 300 300 299 299 299 301 301 301 299 299 299 305 305 305 305 305 305 305 305 305 301 301 301 300 300 300 305 305 305 305 305 305 305 305 305 304 304 304 304 309 309 304 304 304 304 304 304 309 309 309 309 

M = 284:
281 281 281 281 281 281 281 281 281 281 281 281 281 281 281 281 281 281 281 281 281 281 281 281 281 281 281 281 281 281 281 281 281 281 281 281 281 281 281 281 281 281 284 284 284 284 284 284 284 284 284 284 284 284 284 284 284 284 284 284 284 284 284 284 284 284 284 284 284 284 284 284 284 284 284 284 284 284 284 284 284 284 284 284 284 284 284 284 284 284 284 284 284 284 284 284 284 284 285 285 283 283 283 283 285 285 286 286 283 283 285 285 286 286 283 283 286 286 283 283 283 283 286 286 285 285 285 285 285 285 283 283 283 283 

M = 122:
119 119 119 119 119 119 143 143 143 143 141 141 141 141 141 141 141 141 141 141 141 141 124 124 122 122 122 123 123 123 123 122 122 137 137 124 124 124 124 122 122 123 123 122 122 124 124 123 123 122 122 122 122 122 122 122 122 124 124 122 122 122 122 124 124 122 122 123 123 137 137 137 137 122 122 123 123 124 124 122 122 123 123 

M = 321:
321 318 318 321 321 321 321 321 321 322 322 321 321 322 322 322 322 321 321 322 322 318 318 398 398 321 321 321 321 318 318 321 321 

M = 274:
274 274 274 274 274 274 274 274 274 274 274 274 274 274 274 274 274 274 274 272 272 272 272 272 272 272 272 272 

M = 290:
293 293 293 293 293 290 290 290 290 290 290 290 290 290 290 290 290 290 290 290 290 290 290 290 290 290 290 290 290 290 290 290 290 290 290 290 290 290 290 290 290 290 290 290 290 290 290 290 290 290 290 290 290 290 290 290 290 290 290 290 290 290 290 290 290 290 290 290 292 292 292 292 292 292 292 292 292 296 296 296 292 292 292 292 292 292 296 296 296 292 292 292 292 292 292 296 296 296 292 292 292 443 443 443 443 443 443 443 443 443 443 289 289 443 443 443 443 443 443 

M = 440:
440 440 440 440 440 440 440 438 438 438 438 440 440 440 440 438 438 438 438 439 439 439 439 438 438 438 438 440 440 440 440 440 440 440 440 439 439 439 439 440 440 440 440 438 438 438 438 438 438 438 438 440 440 440 440 440 440 440 440 438 438 438 438 438 438 438 438 438 438 438 438 440 440 440 440 440 440 440 440 440 440 440 440 440 440 440 440 441 441 441 434 434 434 434 434 434 441 441 441 441 441 441 441 441 441 441 441 441 441 441 441 436 436 436 436 436 436 441 441 441 434 434 434 434 434 434 437 437 390 390 390 390 390 390 390 390 442 442 435 435 442 442 442 442 437 437 435 435 442 442 390 390 435 435 442 442 442 442 442 442 435 435 442 442 390 390 437 437 435 435 442 442 437 437 435 435 390 390 

M = 277:
277 277 277 277 277 277 277 277 277 280 280 280 280 280 277 277 277 277 277 277 277 277 277 277 277 277 277 277 277 280 280 280 280 280 278 278 278 278 278 278 279 279 279 279 279 279 279 279 279 279 279 279 279 279 279 279 279 279 

M = 164:
164 164 164 164 164 164 164 164 164 164 164 164 164 164 164 164 164 164 164 164 164 164 164 165 165 165 165 165 165 165 165 165 165 165 165 165 165 165 165 165 165 165 165 165 165 165 165 165 165 165 165 165 165 165 165 165 165 165 165 164 164 164 164 164 164 164 164 164 164 164 164 165 165 165 165 165 165 165 165 165 165 165 165 164 164 164 164 164 164 164 164 164 164 164 164 162 162 162 162 162 162 161 161 161 161 163 163 163 163 163 163 163 163 163 163 163 163 

M = 226:
181 181 181 181 181 181 181 181 182 182 182 182 182 182 182 182 182 205 205 205 182 182 182 226 208 208 226 226 208 208 226 226 208 208 226 226 208 208 208 208 208 208 206 206 226 226 208 208 226 226 228 228 208 208 226 226 208 208 228 228 206 206 226 226 226 226 206 206 208 208 206 206 206 206 226 226 226 226 

M = 167:
190 190 190 190 190 190 190 190 190 167 167 167 167 167 167 167 167 167 167 167 167 167 167 167 167 167 167 167 167 167 167 167 167 167 167 167 167 167 167 167 167 167 167 167 167 167 167 167 167 167 167 167 167 167 167 167 167 167 167 167 167 167 167 167 167 167 167 167 167 167 167 167 167 167 167 167 167 167 167 167 167 167 167 

M = 251:
248 248 248 248 248 250 250 250 250 250 250 250 250 250 250 250 250 250 250 250 250 251 251 249 249 249 249 249 249 249 249 249 251 251 251 251 251 251 251 251 251 249 249 249 249 249 249 251 251 251 249 249 249 251 251 251 251 251 251 251 251 251 251 251 251 249 249 249 249 249 249 251 251 251 251 251 251 249 249 249 249 249 249 251 251 251 249 249 249 249 249 249 235 235 158 158 158 158 235 235 235 235 235 235 235 235 204 204 158 158 158 158 158 158 235 235 235 235 158 158 160 160 235 235 253 253 158 158 158 158 158 158 235 235 235 235 237 237 158 158 157 157 235 235 158 158 235 235 158 158 235 235 235 235 235 235 158 158 204 204 235 235 158 158 253 253 158 158 158 158 157 157 235 235 235 235 

M = 172:
172 172 172 172 172 172 172 172 172 172 172 172 172 172 172 172 172 172 172 172 172 172 172 172 172 172 172 172 172 172 172 172 172 172 172 172 172 172 172 172 172 172 172 172 172 172 172 172 172 172 172 172 172 172 172 172 172 172 172 171 171 171 171 171 171 171 171 171 173 173 152 152 151 151 152 152 152 152 173 173 173 173 151 151 151 151 151 151 173 173 151 151 151 151 152 152 173 173 173 173 151 151 173 173 152 152 151 151 173 173 152 152 151 151 151 151 151 151 151 151 

M = 359:
356 356 356 356 356 356 356 356 356 356 356 356 359 359 359 359 359 359 359 359 359 359 359 359 359 359 359 359 359 359 359 359 359 359 359 359 359 359 359 359 359 359 359 360 360 360 360 360 360 421 421 358 358 360 360 360 360 421 421 421 421 358 358 360 360 421 421 421 421 360 360 360 360 360 360 358 358 358 358 421 421 360 360 

