M = 220:
190 190 190 190 190 190 190 190 190 190 190 190 190 190 190 219 219 219 219 219 219 219 219 219 219 190 190 190 190 190 190 190 190 190 190 220 220 220 220 220 215 215 215 220 220 220 220 220 220 220 220 220 220 220 220 220 220 220 220 220 220 215 215 215 215 215 215 215 215 215 217 217 217 220 220 220 220 220 220 220 220 220 220 220 220 220 220 220 220 220 220 220 220 220 220 220 220 215 215 215 220 220 220 142 142 142 142 142 142 142 142 213 213 142 142 213 213 213 213 142 142 142 142 

M = 167:
165 165 165 165 165 165 165 165 165 165 165 165 165 165 165 165 165 165 165 165 165 165 165 165 165 165 165 165 165 165 165 165 165 165 165 165 165 165 165 165 165 165 165 165 165 165 165 165 165 165 165 165 165 165 165 165 165 165 165 165 165 165 165 165 165 165 165 165 165 165 165 165 164 164 164 164 164 164 164 164 164 164 164 164 164 164 164 164 164 164 164 164 164 164 167 167 167 167 167 167 167 167 167 167 167 167 167 167 167 167 167 167 167 167 167 167 167 167 167 167 167 167 167 167 167 167 167 167 167 167 167 167 167 167 167 167 167 167 167 167 167 167 167 167 167 167 167 167 167 167 167 167 167 167 167 167 167 167 167 167 167 167 167 167 167 167 167 167 167 167 167 167 167 167 167 167 167 163 163 163 163 163 163 162 162 162 162 162 162 162 162 162 162 162 162 162 162 162 162 162 162 162 162 

M = 400:
400 400 400 400 400 400 400 400 400 400 400 399 399 399 399 399 399 399 399 399 399 399 399 

M = 194:
194 194 194 194 194 194 194 194 194 194 194 194 194 194 194 194 194 194 194 194 194 194 194 194 194 194 194 194 194 194 194 194 194 194 194 194 194 194 194 194 194 194 194 194 194 194 194 194 194 194 194 194 194 194 194 194 194 194 194 194 194 194 194 194 194 194 194 194 194 194 194 194 194 194 194 194 194 194 194 194 194 194 194 194 194 194 194 194 194 194 194 194 194 194 194 194 194 194 193 193 193 193 193 193 193 193 193 193 193 193 193 193 

M = 303:
303 300 300 303 303 303 303 300 300 305 305 303 303 303 303 305 305 305 305 303 303 306 306 303 303 303 303 303 303 300 300 305 305 305 305 305 305 305 305 305 305 

M = 261:
261 261 261 261 261 261 261 261 261 261 261 261 261 261 261 261 261 261 261 261 261 261 261 261 261 261 261 261 261 261 261 261 261 261 261 261 261 261 261 261 261 261 261 261 261 261 261 261 261 261 261 261 261 261 261 261 261 261 261 261 261 261 261 261 261 261 261 261 261 229 229 229 229 228 228 228 228 228 228 

M = 293:
313 313 313 313 313 313 313 313 313 313 288 288 288 288 288 288 288 288 288 293 297 297 296 296 293 293 293 293 291 291 291 291 296 296 297 297 293 293 296 296 293 293 293 293 296 296 291 291 293 293 291 291 293 293 291 291 296 296 312 312 291 291 293 293 296 296 312 312 293 293 293 293 293 293 296 296 293 293 291 291 296 296 312 312 312 312 296 296 

M = 178:
178 178 178 178 178 178 178 178 178 178 178 178 178 178 178 178 178 178 178 178 178 178 178 178 178 178 178 178 178 178 178 178 178 178 177 177 177 177 177 177 177 177 177 177 177 177 177 177 177 183 183 183 183 183 183 183 183 183 183 183 183 183 183 226 226 183 183 183 183 183 183 183 183 183 183 183 183 148 148 183 183 183 183 183 183 148 148 

M = 428:
428 428 428 428 428 428 428 428 428 428 428 428 428 428 428 428 428 428 428 428 428 428 428 426 426 426 426 426 426 426 426 426 426 426 426 426 426 426 426 426 426 426 426 426 426 426 426 426 426 426 426 430 430 430 359 359 359 430 430 430 359 359 359 356 356 356 430 430 430 430 430 430 430 430 430 356 356 356 430 430 430 

M = 180:
179 179 179 179 179 179 180 180 180 180 180 180 180 180 180 180 180 179 179 179 179 179 179 180 180 180 180 180 180 180 180 180 180 180 180 180 180 180 180 180 180 182 182 182 182 182 182 182 182 

M = 403:
335 335 335 335 335 335 335 335 335 335 335 335 335 335 335 335 335 335 335 335 335 335 335 335 335 403 403 403 403 403 403 403 403 403 403 403 403 403 403 403 403 403 403 403 403 403 403 403 403 403 403 403 403 403 403 403 403 403 403 403 403 403 403 403 403 403 403 403 338 338 338 338 403 403 403 403 403 403 403 403 403 403 403 403 403 403 403 403 336 336 336 336 336 336 336 336 336 336 336 336 336 336 336 339 339 339 339 341 341 339 339 339 339 339 339 339 339 341 341 341 341 341 341 341 341 339 339 339 339 341 341 341 341 339 339 339 339 341 341 341 341 

M = 136:
137 137 137 137 137 137 137 137 137 141 141 141 137 137 137 136 136 136 139 139 139 139 138 138 136 136 136 136 139 139 138 138 138 138 140 140 140 140 136 136 136 136 140 140 136 136 136 136 136 136 135 135 138 138 138 138 136 136 140 140 136 136 140 140 138 138 138 138 136 136 140 140 140 140 140 140 136 136 140 140 136 136 136 136 140 140 139 139 138 138 136 136 

M = 401:
401 401 401 401 401 401 401 396 396 396 396 401 401 401 401 401 401 401 401 401 401 401 401 396 396 396 396 396 396 396 396 396 396 396 396 401 401 401 401 401 401 401 401 401 401 401 401 396 396 396 396 401 401 401 401 396 396 396 396 396 396 396 396 396 396 396 396 401 401 401 401 396 396 396 396 401 401 401 401 396 396 396 396 401 401 401 401 

M = 242:
242 242 242 242 242 242 242 242 242 242 242 242 242 242 242 242 242 242 242 242 242 242 242 242 242 242 242 242 242 242 242 242 242 242 242 242 242 242 242 242 242 242 242 242 242 242 242 242 242 242 242 242 242 242 242 242 242 242 242 242 242 242 242 242 242 

M = 279:
283 283 283 283 283 283 283 283 283 283 283 283 275 275 275 280 280 280 279 279 275 275 275 280 280 280 279 279 279 279 279 279 279 279 279 279 279 279 281 281 281 281 281 281 

M = 267:
265 265 265 265 265 265 265 265 265 265 265 265 265 265 265 265 265 265 265 265 265 265 265 265 265 265 265 265 266 266 266 266 266 266 266 266 266 266 266 266 266 266 266 266 266 266 266 266 266 266 266 266 266 266 266 266 266 266 268 268 268 268 268 268 268 268 268 268 267 267 267 267 146 146 146 146 146 267 267 267 267 267 146 146 146 146 146 267 267 267 267 267 146 146 146 146 146 146 146 146 146 146 267 267 267 267 267 146 146 146 146 146 146 146 146 146 146 146 146 146 146 146 146 146 146 146 146 146 146 146 146 146 268 268 268 268 268 146 146 146 146 146 147 147 147 147 147 146 146 146 146 146 264 264 264 264 264 264 264 264 264 264 264 264 264 264 264 264 264 264 264 264 269 269 269 269 

M = 158:
249 249 249 249 249 250 250 250 158 158 158 158 158 158 158 158 158 

M = 326:
320 320 320 320 320 324 324 324 324 324 324 324 324 322 322 322 322 322 322 322 322 322 326 326 326 329 329 333 333 333 333 326 326 329 329 326 326 329 329 326 326 326 326 333 333 326 326 326 326 326 326 333 333 333 333 329 329 333 333 326 326 333 333 326 326 329 329 326 326 333 333 333 333 326 326 436 436 333 333 333 333 333 333 333 333 

M = 419:
421 421 421 421 421 421 379 379 379 379 379 379 379 379 379 379 379 379 379 379 379 379 379 379 379 379 419 419 419 377 377 377 377 419 419 419 419 419 419 419 419 423 423 423 423 419 419 419 419 377 377 377 377 423 423 423 423 419 419 419 419 419 419 419 419 419 419 419 419 419 419 419 419 419 419 419 419 419 419 419 419 419 419 419 419 378 378 380 380 376 376 378 378 380 380 380 380 378 378 

M = 408:
408 408 408 406 406 407 407 407 407 408 408 408 408 406 406 407 407 406 406 409 409 408 408 409 409 408 408 406 406 408 408 406 406 406 406 408 408 408 408 408 408 409 409 409 409 409 409 408 408 406 406 408 408 

