M = 146:
146 146 146 146 146 146 146 146 146 146 146 146 146 146 146 146 146 146 146 146 146 146 146 146 146 146 146 146 146 146 146 146 146 146 146 146 146 146 146 

M = 242:
242 242 242 242 242 242 242 242 242 242 242 242 242 242 242 242 242 242 242 242 242 242 242 242 242 242 242 242 242 242 242 242 242 242 245 245 245 245 245 245 245 245 245 245 245 245 245 245 245 244 244 244 244 248 248 244 244 241 241 248 248 

M = 215:
218 218 218 218 218 217 217 217 217 217 217 219 219 219 217 217 217 217 217 217 217 217 217 220 220 220 220 216 216 220 220 139 139 139 139 222 222 139 139 220 220 139 139 220 220 220 220 139 139 222 222 222 222 140 140 220 220 222 222 139 139 215 222 222 139 139 213 213 139 139 220 220 140 140 220 220 222 222 222 222 139 139 215 215 215 215 215 215 213 213 215 215 140 140 222 222 140 140 220 220 140 140 222 222 220 220 139 139 220 220 222 222 139 139 215 215 140 140 220 220 139 139 139 139 222 222 220 220 222 222 222 222 222 222 140 140 

M = 142:
142 142 142 142 142 142 142 142 142 142 142 142 142 142 142 142 142 142 142 142 142 142 142 121 121 143 143 141 141 143 143 141 141 141 141 121 121 121 121 141 141 141 141 121 121 141 141 

M = 438:
438 438 438 438 438 438 438 

M = 303:
303 303 303 303 303 303 303 303 303 304 304 

M = 312:
316 316 316 313 313 313 312 312 312 312 312 316 316 316 

M = 337:
335 335 335 335 335 335 335 335 335 335 336 336 336 336 336 336 336 336 336 336 335 335 335 335 335 335 335 335 335 335 336 336 336 336 336 336 336 336 336 336 335 335 335 335 335 337 337 339 339 339 339 339 339 337 337 337 337 337 337 337 337 337 337 337 337 341 341 406 406 408 408 408 408 407 407 408 408 341 341 406 406 409 409 406 406 409 409 406 406 408 408 341 341 406 406 408 408 408 408 341 341 409 409 409 409 409 409 410 410 341 341 408 408 

M = 440:
440 440 440 440 440 440 440 440 362 362 362 440 440 440 440 440 440 360 360 360 440 440 440 440 440 440 362 362 362 440 440 440 440 440 440 440 440 440 440 440 440 440 440 440 362 362 362 440 440 440 440 440 440 440 440 440 439 439 439 439 365 365 442 442 442 442 435 435 439 439 435 435 442 442 439 439 439 439 435 435 439 439 442 442 

M = 180:
180 180 180 180 180 180 180 180 180 180 180 180 180 182 182 182 182 182 182 120 120 

M = 193:
194 194 194 194 194 194 194 194 190 190 190 190 190 190 190 190 190 190 190 190 190 190 190 193 193 193 193 193 193 193 193 193 193 193 193 193 193 193 

M = 288:
324 324 324 324 324 324 324 324 324 324 324 324 288 288 288 288 288 288 288 288 288 288 288 288 288 288 288 288 288 288 288 288 283 283 283 356 356 356 288 288 288 356 356 356 283 283 283 283 283 283 288 288 288 356 356 356 288 288 288 288 288 288 288 288 288 288 288 288 283 283 283 288 288 288 445 445 445 445 445 445 445 445 445 445 445 445 286 286 285 285 

M = 261:
261 261 261 261 261 261 261 261 261 261 261 261 261 261 261 261 261 261 261 261 261 261 261 261 261 261 261 261 261 261 261 261 261 261 261 261 261 261 261 259 259 259 228 228 228 259 259 259 259 259 259 259 259 259 258 258 258 258 232 232 258 258 258 258 258 258 257 257 258 258 257 257 258 258 232 232 232 232 232 232 232 232 204 204 258 258 

M = 273:
272 272 272 272 272 272 272 272 272 280 280 280 272 272 272 272 272 272 272 272 272 272 272 272 272 272 272 273 273 273 273 273 172 172 275 275 273 273 273 273 273 273 273 273 273 273 273 273 273 273 273 273 273 273 273 273 273 273 275 275 172 172 273 273 

M = 267:
265 265 265 265 265 265 265 265 265 268 268 268 268 268 268 268 268 268 268 268 268 267 267 267 267 267 267 267 267 267 267 267 267 267 267 267 267 267 267 267 267 267 267 267 267 267 267 267 267 267 264 264 264 264 264 264 264 264 264 264 

M = 401:
401 401 401 401 401 401 401 401 401 399 399 399 399 399 401 401 401 401 401 401 401 401 401 401 401 401 401 401 401 401 401 401 401 401 401 401 401 401 401 401 401 401 401 401 400 400 400 400 400 401 401 401 401 401 401 401 401 401 401 399 399 399 399 399 401 401 401 401 401 399 399 399 399 399 401 401 401 401 401 401 401 401 401 401 401 401 401 401 401 403 403 403 403 403 403 403 403 403 403 403 403 403 403 403 403 403 403 428 428 428 403 403 403 403 403 403 403 403 403 403 403 403 403 403 403 403 403 403 403 403 403 428 428 428 403 403 403 403 403 403 403 403 403 403 403 403 396 396 

M = 178:
178 178 178 178 178 178 178 178 178 178 178 178 178 178 178 178 178 178 178 178 178 178 178 178 178 178 178 183 183 183 183 183 183 183 183 183 183 183 183 183 183 183 183 183 183 183 183 183 183 

M = 421:
421 421 421 421 421 421 421 421 421 421 421 379 379 379 379 421 421 421 421 421 421 421 421 421 421 421 421 379 379 379 379 421 421 421 421 379 379 379 379 377 377 377 359 359 359 377 377 377 378 378 378 378 378 378 359 359 359 377 377 377 377 377 377 377 377 377 359 359 359 376 376 426 426 376 376 426 426 426 426 426 426 426 426 426 426 376 376 

M = 165:
165 165 165 165 165 165 165 165 165 165 165 165 165 165 165 165 165 165 165 165 165 165 165 165 165 165 165 165 165 165 165 165 165 165 165 165 165 165 165 165 165 165 165 165 165 165 165 165 165 165 165 165 165 165 165 165 165 165 165 165 165 165 165 165 165 165 165 165 165 164 164 164 164 164 164 164 164 164 164 164 164 164 164 164 164 164 164 164 164 164 164 164 164 164 164 164 164 164 164 168 168 168 168 168 168 164 164 164 164 164 164 167 167 167 167 167 167 167 167 167 167 167 167 167 167 167 162 162 162 162 162 167 167 167 167 167 162 162 162 162 162 167 167 167 167 167 167 167 167 167 167 167 167 167 167 167 162 162 162 162 162 167 167 167 167 167 162 162 162 162 162 163 163 163 163 157 157 157 157 157 157 157 157 249 249 249 249 163 163 163 163 249 249 249 249 158 158 158 160 160 160 251 251 250 250 251 251 250 250 251 251 251 251 250 250 251 251 250 250 250 250 251 251 250 250 251 251 251 251 251 251 251 251 251 251 251 251 251 251 250 250 251 251 251 251 250 250 251 251 250 250 

M = 293:
297 297 297 297 293 293 293 293 293 281 281 290 290 297 297 290 290 297 297 293 293 290 290 290 290 293 293 293 293 293 293 293 293 293 293 293 293 293 293 293 293 290 290 293 293 290 290 293 293 293 293 293 293 290 290 

