M = 146:
146 146 146 146 146 146 146 146 146 146 146 146 146 146 146 146 146 146 146 147 147 147 147 146 146 146 146 265 265 265 265 265 265 265 265 265 265 265 265 265 265 265 265 265 265 265 265 265 270 270 

M = 339:
339 339 339 339 339 339 339 339 339 339 339 339 339 339 339 340 340 340 340 341 341 341 341 341 341 341 341 339 339 339 339 339 339 339 339 339 339 339 339 339 339 339 339 339 339 339 339 

M = 300:
307 307 300 300 300 300 300 312 312 300 300 300 300 300 300 307 307 308 308 307 307 312 312 300 300 307 307 

M = 337:
335 335 335 335 338 338 338 338 336 336 336 336 335 335 335 335 335 335 335 335 336 336 336 336 338 338 338 338 403 403 403 403 403 403 403 403 403 403 403 403 403 403 403 403 403 403 403 403 403 408 408 337 408 408 404 404 408 408 337 337 337 337 337 337 408 408 408 408 337 337 408 408 337 337 408 408 408 408 404 404 337 337 404 404 337 337 337 337 408 408 337 337 337 337 408 408 337 337 337 337 408 408 408 408 410 410 408 408 337 337 404 404 408 408 408 408 408 408 337 337 337 337 

M = 196:
127 127 127 127 127 127 127 127 127 127 127 127 127 127 127 127 127 127 127 127 196 196 196 196 196 196 196 197 197 197 197 196 196 196 196 196 196 196 196 197 197 197 197 197 197 197 197 196 196 196 196 197 197 197 197 196 196 196 196 196 196 196 196 196 196 196 196 196 196 196 196 126 126 126 126 196 196 196 196 196 196 196 196 197 197 197 197 197 197 197 197 199 199 199 

M = 191:
191 191 191 191 191 191 191 191 191 

M = 190:
190 190 190 218 218 190 190 190 190 218 218 190 190 190 190 190 190 190 190 190 190 218 218 190 190 190 190 

M = 419:
419 423 423 423 423 354 354 419 419 423 423 380 380 423 423 354 354 423 423 423 423 423 423 354 354 423 423 380 380 419 419 354 354 354 354 423 423 380 380 419 419 354 354 419 419 380 380 380 380 380 380 419 419 419 419 

M = 120:
120 120 120 120 120 120 120 120 120 120 120 120 120 120 120 120 120 120 120 120 120 120 120 120 120 120 120 120 120 119 119 119 119 119 120 120 120 120 120 124 124 124 123 123 123 124 124 124 124 124 124 123 123 123 124 124 124 124 124 124 124 124 124 123 123 123 123 123 123 123 123 123 124 124 124 

M = 346:
346 346 346 346 346 346 346 346 346 346 346 344 344 344 346 346 346 344 344 344 346 346 346 346 346 346 346 346 346 346 346 346 345 345 345 345 

M = 130:
130 130 130 130 130 130 130 130 130 130 130 130 130 193 193 193 193 193 193 193 130 130 130 130 130 130 130 193 193 193 193 193 193 193 130 130 130 130 130 130 130 130 130 130 130 130 130 130 130 130 130 130 130 130 130 130 130 130 130 130 130 130 193 193 193 193 193 193 193 130 130 130 130 130 130 130 130 130 130 130 130 130 130 193 193 193 193 193 193 193 193 193 193 193 193 193 193 193 193 193 193 193 193 193 130 130 130 130 130 130 130 130 130 130 130 130 130 130 133 133 133 133 133 133 

M = 261:
180 180 180 180 180 178 178 178 178 179 179 179 263 263 263 261 261 263 263 263 263 263 263 261 261 261 259 259 259 259 183 183 259 259 258 258 183 183 258 258 262 262 259 259 262 262 258 258 259 259 262 262 183 183 258 258 183 183 262 262 259 259 183 183 262 262 258 258 262 262 262 262 183 183 259 259 183 183 259 259 183 183 262 262 262 262 259 259 259 259 262 262 258 258 262 262 259 259 259 259 262 262 259 259 258 258 183 183 262 262 259 259 259 259 258 258 259 259 259 259 

M = 228:
229 229 229 229 229 229 228 228 228 228 228 228 228 228 205 205 205 181 181 181 181 181 181 229 229 229 181 181 181 181 181 181 205 205 205 205 205 205 182 182 232 232 233 233 231 231 182 182 231 231 

M = 164:
164 164 164 164 164 164 164 164 164 164 164 164 164 164 164 165 165 165 165 165 165 165 165 165 165 165 165 165 165 165 165 164 164 164 164 164 164 164 164 165 165 165 165 164 164 164 164 165 165 165 165 165 165 165 165 164 164 164 164 164 164 164 164 165 165 165 165 164 164 164 164 164 164 164 164 163 163 163 163 163 163 163 163 163 163 163 163 163 163 163 163 

M = 241:
241 241 241 241 241 241 241 241 241 241 241 241 241 241 241 241 241 241 241 241 241 241 241 241 241 241 241 241 241 241 241 241 241 241 241 241 241 241 241 242 242 242 242 242 242 242 242 242 242 242 242 242 242 242 242 242 242 242 242 242 242 242 242 242 242 242 242 194 194 194 194 194 246 246 246 

M = 139:
136 136 136 136 136 136 136 136 136 136 136 136 136 136 136 136 136 136 136 136 136 137 137 137 137 137 139 139 139 139 139 139 139 139 139 217 217 217 217 141 141 141 141 141 141 214 214 214 214 214 214 214 214 214 214 214 214 214 214 214 214 214 214 214 214 214 214 214 214 214 214 214 214 

M = 329:
329 329 329 329 329 329 329 329 334 334 334 329 329 329 330 330 330 333 333 323 323 323 323 323 323 333 333 323 323 390 390 323 323 323 323 390 390 

M = 249:
250 250 250 250 249 249 249 249 249 249 249 249 249 249 249 249 249 249 249 249 249 249 249 249 249 249 249 249 249 249 249 249 249 249 249 249 249 249 249 249 249 249 249 249 249 237 237 237 237 248 248 237 237 237 237 

M = 161:
159 159 159 161 158 158 358 358 161 161 158 158 358 358 358 358 358 358 358 358 358 358 161 161 160 160 359 359 158 158 160 160 359 359 358 358 158 158 358 358 158 158 158 158 158 158 359 359 

M = 377:
377 377 377 379 379 379 379 378 378 378 378 377 377 377 377 379 379 379 379 378 378 378 378 377 377 377 377 379 379 379 379 343 343 343 343 343 343 343 343 343 376 376 376 376 376 376 

