M = 408:
410 410 410 410 410 410 410 410 410 410 410 410 368 368 408 368 368 412 412 406 406 408 408 339 339 408 408 406 406 368 368 408 408 412 412 368 368 408 408 412 412 408 408 339 339 408 408 408 408 368 368 406 406 407 407 407 407 408 408 412 412 407 407 408 408 368 368 408 408 368 368 368 368 339 339 339 339 408 408 408 408 408 408 

M = 440:
440 440 440 440 440 438 438 438 440 440 440 438 438 438 442 442 442 440 440 440 438 438 438 440 440 440 442 442 442 440 440 440 440 440 440 438 438 438 438 438 438 440 440 440 438 438 438 440 440 440 438 438 438 439 439 439 439 441 441 

M = 142:
142 142 142 142 142 140 140 140 140 140 140 

M = 335:
329 329 329 329 329 329 329 329 400 400 400 400 330 330 330 401 401 401 334 334 334 401 401 401 334 334 334 401 401 401 401 401 401 331 331 331 334 334 334 324 324 324 401 401 401 324 324 324 324 324 324 401 401 401 399 399 399 399 399 399 327 327 327 401 401 401 334 334 334 334 334 334 324 324 324 401 401 401 403 403 403 403 338 338 333 333 403 403 333 333 403 403 336 336 336 336 403 403 403 403 335 325 325 337 337 403 403 337 337 336 336 337 337 337 337 403 403 337 337 337 337 337 337 403 403 337 337 337 337 403 403 336 336 333 333 337 337 403 403 337 337 335 335 336 336 340 340 335 335 335 335 337 337 336 336 336 336 335 335 403 403 333 333 335 335 336 336 336 336 333 333 337 337 403 403 336 336 335 335 333 333 403 403 333 333 336 336 333 333 403 403 336 336 335 335 

M = 194:
193 193 193 193 193 193 193 193 193 193 194 194 194 194 194 194 194 194 194 194 194 194 194 194 193 193 193 193 193 194 194 194 194 194 194 194 194 194 194 194 194 194 194 194 194 194 194 194 194 196 196 196 196 196 196 196 196 196 196 196 196 196 196 196 196 196 196 196 196 196 196 196 196 196 196 196 130 130 130 130 130 130 130 130 130 130 130 130 130 130 

M = 310:
283 283 283 283 283 283 283 283 283 317 317 317 316 316 316 317 317 317 283 283 283 283 283 283 313 313 313 306 306 306 283 283 283 283 283 283 283 283 283 313 313 313 283 283 283 283 283 283 283 283 283 306 306 306 283 283 283 306 306 306 310 305 305 310 310 310 310 309 309 310 310 308 308 309 309 310 310 309 309 310 310 310 310 310 310 310 310 310 310 310 310 310 310 310 310 308 308 310 310 305 305 308 308 310 310 305 305 310 310 305 305 310 310 309 309 

M = 178:
180 180 180 180 180 180 180 180 180 180 180 180 180 180 146 146 146 146 146 146 146 146 146 146 146 146 146 146 146 146 146 146 178 178 178 178 178 178 178 178 178 178 178 262 262 262 262 178 178 178 178 178 178 178 178 178 178 178 178 178 178 178 178 178 178 178 178 178 178 178 178 262 262 262 262 262 262 262 262 178 178 178 178 178 178 178 178 267 267 267 267 267 267 177 177 177 177 177 177 148 148 177 177 

M = 183:
228 228 228 228 228 228 229 229 229 229 229 229 182 182 182 182 182 182 181 181 181 181 181 181 183 183 183 183 183 183 183 183 261 261 261 261 226 226 261 261 261 261 261 261 261 261 261 261 

M = 122:
122 122 122 122 122 122 122 122 122 122 122 122 122 122 122 122 122 122 122 122 122 122 122 122 122 122 122 122 122 122 122 122 122 122 122 122 122 122 122 122 122 122 122 122 122 122 122 122 122 122 122 122 122 122 122 122 122 122 122 122 122 122 122 122 122 122 122 122 122 122 122 122 122 122 122 122 122 122 122 122 122 122 122 212 212 212 212 212 212 212 212 212 212 212 212 212 212 212 212 212 212 212 212 212 212 212 212 212 212 212 212 212 212 

M = 123:
123 123 123 124 124 123 123 123 123 124 124 124 124 124 124 124 124 124 124 123 123 123 123 123 123 123 123 124 124 123 123 123 123 124 124 124 124 124 124 123 123 123 123 123 123 124 124 

M = 390:
388 388 390 390 390 390 390 390 390 390 390 390 390 390 390 388 388 390 390 390 390 390 390 390 390 390 390 390 390 

M = 273:
272 272 272 272 272 272 272 272 272 272 272 272 273 273 273 279 279 273 273 273 273 273 273 273 273 279 279 273 273 273 273 273 273 273 273 273 273 273 273 273 273 279 279 273 273 

M = 126:
126 126 126 126 126 126 126 126 126 126 126 127 127 127 127 127 128 128 128 

M = 242:
242 242 242 242 242 242 242 242 242 242 242 242 242 242 242 242 242 242 242 242 242 242 242 242 242 242 242 242 242 242 242 242 242 242 242 242 242 242 242 243 243 243 243 243 243 243 243 243 243 242 242 242 242 242 242 242 242 242 242 242 242 242 242 242 242 242 242 242 242 242 242 242 242 242 242 242 242 242 242 242 242 242 242 242 242 242 242 242 242 

M = 164:
165 165 165 165 165 165 165 165 165 165 165 165 165 165 165 165 165 165 165 165 165 165 165 165 165 165 165 165 165 165 165 165 165 165 165 165 164 164 164 164 164 164 164 164 164 164 164 164 164 164 164 164 164 164 164 164 164 164 164 164 164 164 164 164 164 164 164 164 164 164 164 164 164 164 164 164 164 164 164 164 164 164 164 164 164 164 164 164 164 164 164 164 164 164 164 164 164 164 164 164 164 164 164 164 164 164 164 164 164 164 164 164 164 164 164 164 164 164 164 163 163 163 163 163 163 163 163 163 163 163 163 356 356 356 356 356 356 162 162 162 162 162 162 255 255 162 162 

M = 296:
322 322 322 286 286 297 297 296 293 293 286 286 296 296 296 296 297 297 286 286 321 321 296 296 293 293 296 296 286 286 296 296 296 296 293 293 297 297 286 286 286 286 297 297 296 296 286 286 286 286 293 293 296 296 297 297 286 286 297 297 296 296 286 286 286 286 293 293 293 293 286 286 296 296 296 296 286 286 296 296 296 296 296 296 297 297 

M = 373:
450 450 450 425 425 425 450 450 450 375 375 375 420 420 420 420 420 420 450 450 450 425 425 425 373 373 420 420 420 344 344 344 450 450 450 375 375 375 375 375 375 344 344 344 450 450 450 346 346 346 375 375 375 373 373 373 420 420 420 373 373 373 375 375 375 420 420 420 420 420 420 346 346 346 456 456 456 346 346 346 452 452 452 375 375 375 375 375 375 346 346 346 420 420 420 420 420 420 344 344 344 346 346 346 346 346 346 420 420 420 346 346 346 375 375 375 420 420 420 420 420 420 373 373 373 375 375 375 373 373 373 380 380 380 375 375 375 375 375 375 398 398 423 423 377 377 347 347 377 377 377 377 376 376 454 454 376 376 378 378 454 454 372 372 378 378 454 454 423 423 376 376 454 454 345 345 377 377 347 347 376 376 376 376 378 378 454 454 454 454 372 372 454 454 454 454 377 377 376 376 372 372 423 423 347 347 347 347 345 345 454 454 377 377 345 345 377 377 372 372 342 342 376 376 454 454 454 454 347 347 376 376 

M = 220:
219 219 219 219 219 219 219 219 190 190 190 190 219 219 219 219 219 219 219 219 190 190 190 190 190 190 190 190 217 217 217 217 217 217 217 217 217 217 217 217 220 220 220 220 220 220 220 220 220 220 220 220 220 220 220 220 220 220 220 220 220 220 220 220 220 220 220 220 220 171 171 

M = 249:
249 249 249 249 249 249 249 249 249 249 249 249 249 249 249 249 249 249 249 249 249 249 249 249 249 249 249 249 249 249 249 249 249 249 249 249 249 249 249 249 249 249 249 249 249 249 249 159 159 159 159 159 251 251 251 251 251 251 251 251 251 251 251 251 251 251 251 251 251 251 251 251 251 251 251 251 251 251 251 251 251 251 251 251 251 251 251 251 

M = 136:
136 136 136 136 136 136 136 136 136 136 136 136 136 136 136 136 136 136 136 136 136 136 136 136 136 136 136 136 136 136 136 136 136 136 136 135 135 135 135 135 135 135 135 

