M = 124:
120 120 120 120 120 208 208 208 124 124 208 208 208 124 124 124 208 208 208 208 208 208 208 208 208 124 124 124 208 208 208 208 208 208 208 208 208 208 208 208 124 124 124 122 122 123 123 123 123 123 123 211 211 123 123 123 123 122 122 123 123 123 123 

M = 143:
142 142 142 142 144 144 144 144 144 144 144 144 143 143 143 143 143 141 141 141 143 143 143 212 212 212 212 212 212 212 212 140 140 212 212 140 140 140 140 212 212 

M = 262:
178 178 178 178 262 262 262 262 262 262 262 261 261 262 262 262 262 261 261 261 261 262 262 261 261 262 262 262 262 262 262 262 262 261 261 262 262 262 262 262 262 261 261 262 262 261 261 

M = 196:
130 130 130 130 130 130 130 130 130 130 130 130 130 130 130 130 130 130 130 130 130 130 130 130 130 130 130 130 130 130 250 250 250 250 250 250 250 250 196 196 196 196 196 196 196 196 239 239 239 196 196 196 196 196 196 196 196 196 239 239 239 197 197 197 196 196 196 239 239 239 197 197 197 193 193 193 193 193 193 193 193 193 193 193 193 193 193 193 193 

M = 403:
403 403 403 335 335 335 335 403 403 403 403 338 338 338 338 338 338 338 338 403 403 403 403 403 403 403 403 403 403 403 403 403 403 403 403 336 336 336 336 403 403 403 403 403 403 403 403 403 403 403 403 403 403 403 403 403 403 403 403 403 403 403 403 403 403 403 403 335 335 335 335 403 403 403 403 336 336 336 336 403 403 403 403 338 338 338 338 403 403 403 403 403 403 403 403 403 403 403 403 400 400 337 337 404 404 400 400 400 400 337 337 337 337 404 404 400 400 337 337 404 404 400 400 337 337 400 400 337 337 337 337 400 400 400 400 404 404 337 337 

M = 182:
182 182 182 182 182 182 182 182 181 181 181 182 182 182 182 182 182 182 182 182 182 182 182 181 181 181 181 181 181 182 182 182 182 182 182 181 181 181 182 182 182 182 182 182 182 182 182 182 182 182 182 182 182 182 182 182 182 182 182 182 182 182 182 182 182 

M = 244:
244 244 244 244 244 244 244 244 244 244 244 244 244 244 244 244 244 244 244 244 244 244 244 245 245 245 245 245 245 243 243 243 243 243 243 245 245 245 245 245 245 

M = 180:
180 180 180 180 180 180 180 180 180 180 180 180 180 180 

M = 259:
231 231 231 231 230 230 230 230 259 259 259 259 259 259 259 259 259 233 233 259 259 232 232 259 259 232 232 259 259 233 233 259 259 233 233 259 259 259 259 259 259 259 259 259 259 259 259 

M = 267:
265 265 265 265 146 146 146 146 146 146 146 146 146 146 146 146 265 265 265 265 146 146 146 146 146 146 146 146 146 146 146 146 146 146 146 146 146 146 146 146 269 269 269 266 266 266 267 267 267 268 268 267 267 267 267 267 267 267 267 267 267 267 267 267 267 267 267 304 304 267 267 304 304 267 267 268 268 267 267 

M = 327:
329 329 329 329 329 329 329 329 334 334 334 327 327 334 334 334 327 327 327 323 323 323 323 323 323 323 323 323 323 323 323 

M = 135:
136 136 136 136 136 136 136 136 136 135 135 134 134 134 135 135 135 135 135 135 136 136 136 135 135 135 135 135 135 136 136 136 134 134 134 135 135 135 136 136 136 135 135 135 135 135 135 134 134 134 135 135 135 135 135 135 134 134 134 135 135 135 216 216 216 219 219 139 139 139 139 139 139 139 139 

M = 228:
203 203 203 229 229 229 229 229 229 228 228 228 228 228 228 228 228 228 228 228 228 228 228 203 203 203 207 207 207 228 228 228 207 207 207 202 202 202 202 

M = 241:
241 241 241 241 241 241 241 241 241 241 241 241 241 241 241 241 241 241 241 241 241 241 241 241 241 241 241 241 241 241 241 241 241 241 241 241 241 241 241 241 241 241 241 241 241 241 241 241 241 241 241 241 241 241 241 241 241 241 241 241 241 241 242 242 242 242 242 242 242 242 242 242 242 242 242 242 242 242 242 242 242 242 242 242 242 242 242 242 242 242 242 242 242 242 242 242 242 242 242 242 242 242 242 242 242 242 242 194 194 194 194 194 194 194 194 191 191 191 191 191 191 191 191 191 191 

M = 165:
165 165 165 165 165 165 165 165 165 165 165 165 165 165 165 251 251 251 251 165 165 165 165 165 165 165 165 165 165 165 165 165 165 165 165 165 165 165 165 165 165 165 165 165 165 165 165 165 165 165 165 165 165 165 165 159 159 159 160 160 160 160 160 160 164 164 161 161 190 190 164 164 190 190 190 190 190 190 253 253 164 164 161 161 190 190 190 190 190 190 190 190 164 164 190 190 190 190 164 164 190 190 164 164 164 164 

M = 127:
127 127 127 127 127 127 127 127 127 127 127 127 127 127 126 126 126 126 126 127 127 127 127 127 127 127 127 127 127 126 126 126 126 126 127 127 127 127 127 127 127 127 127 127 126 126 126 126 126 127 127 127 127 127 126 126 126 126 126 126 126 126 126 126 126 126 126 126 126 127 127 127 127 127 199 199 

M = 372:
344 344 344 344 344 344 344 344 344 344 346 346 346 346 346 346 346 346 346 346 346 346 346 346 346 346 346 346 346 346 346 346 346 346 346 346 346 346 372 359 359 345 345 455 455 372 372 347 347 370 370 373 373 372 372 345 345 373 373 348 348 349 349 370 370 369 369 370 370 370 370 372 372 349 349 370 370 369 369 372 372 372 372 372 372 370 370 372 372 370 370 370 370 370 370 372 372 370 370 372 372 369 369 370 370 372 372 365 365 370 370 374 374 345 345 372 372 347 347 347 347 372 372 369 369 345 345 347 347 370 370 369 369 374 374 359 359 370 370 345 345 374 374 

M = 419:
380 380 380 380 380 380 380 380 419 419 419 419 419 419 419 419 419 419 419 421 421 421 419 419 419 423 423 

M = 377:
377 377 377 377 377 377 377 377 377 377 377 377 377 377 377 377 377 377 377 377 377 377 377 377 377 377 377 377 377 377 377 377 377 377 377 377 377 377 377 377 377 376 376 376 376 

M = 341:
341 341 341 341 341 339 339 339 339 339 339 343 343 343 343 343 

