M = 146:
146 146 146 146 146 146 146 146 146 146 146 146 146 146 146 146 146 146 146 146 146 146 146 146 146 146 146 146 146 146 146 146 146 146 146 146 146 146 146 146 146 146 146 146 146 146 146 146 146 146 146 146 146 268 268 268 268 268 268 268 142 142 142 142 142 142 267 267 267 267 267 267 267 267 267 267 269 269 269 269 269 269 269 269 269 269 269 269 

M = 196:
194 194 194 194 194 194 194 194 194 194 194 193 193 193 193 193 193 193 193 193 193 193 193 193 193 193 193 193 193 193 193 193 193 193 193 193 193 193 193 193 193 193 193 193 193 193 193 193 193 193 193 193 193 193 193 193 193 193 193 193 193 127 127 127 127 127 127 127 127 130 130 130 130 130 130 130 130 127 127 127 127 127 127 127 127 130 130 130 130 127 127 127 127 130 130 130 130 130 130 130 130 127 127 127 127 130 130 130 130 130 130 130 130 127 127 127 127 196 197 197 196 196 197 197 196 196 196 196 196 196 197 197 197 197 196 196 197 197 196 196 196 196 196 196 197 197 197 197 197 197 196 196 197 197 196 196 197 197 196 196 196 196 196 196 196 196 196 196 197 197 197 197 197 197 197 197 196 196 196 196 197 197 197 197 

M = 135:
134 134 134 134 134 134 135 135 135 135 135 135 135 135 135 135 135 135 135 135 135 135 135 135 135 

M = 162:
162 162 162 162 162 162 162 162 162 162 162 162 162 162 162 162 162 162 162 162 162 162 162 163 163 163 163 163 163 

M = 301:
301 301 301 301 301 301 301 301 301 301 301 301 301 301 301 301 301 301 301 301 301 301 301 301 301 

M = 303:
303 303 303 303 303 303 303 303 303 303 303 303 303 303 303 303 303 303 303 303 303 303 303 305 305 304 304 305 305 305 305 305 305 305 305 304 304 

M = 261:
262 262 262 262 262 262 262 262 262 262 262 262 262 262 262 262 262 262 262 262 262 262 262 262 262 262 262 262 229 229 229 229 229 229 261 261 261 261 261 261 261 261 261 261 261 261 261 261 261 261 261 261 261 263 263 263 263 263 261 261 261 261 261 261 261 261 261 261 263 263 263 263 263 261 261 261 261 261 261 261 261 261 261 261 261 261 261 261 261 261 261 261 261 263 263 263 263 263 261 261 261 261 261 261 261 261 261 261 261 261 261 261 261 261 261 261 261 261 261 261 261 261 261 

M = 177:
177 177 177 177 177 177 177 177 177 177 177 177 177 177 177 177 177 177 177 177 177 177 177 177 177 177 177 177 177 177 177 177 177 177 177 177 177 177 177 177 177 177 177 177 177 177 177 

M = 122:
122 122 122 122 122 122 122 122 122 122 122 122 122 122 122 122 122 122 122 122 122 122 122 122 122 122 122 122 122 122 122 122 122 122 122 122 122 122 122 122 122 122 122 122 122 122 122 122 122 122 122 122 122 122 122 122 122 122 122 212 212 212 212 212 212 212 212 212 

M = 124:
123 123 123 123 123 123 123 123 123 123 123 123 123 123 123 123 123 123 123 123 123 123 123 123 123 123 123 123 123 123 123 123 123 123 123 123 123 123 123 123 123 123 123 123 123 123 123 123 123 123 123 123 123 123 123 123 208 208 208 208 208 208 208 208 208 208 208 208 208 208 208 208 208 208 208 208 208 208 208 208 210 210 210 210 210 210 210 210 210 210 210 210 210 210 210 210 210 210 210 210 124 124 124 126 126 126 126 125 125 125 125 124 124 124 124 124 124 124 124 124 124 124 124 124 124 124 124 126 126 126 126 124 124 124 124 126 126 126 126 126 126 126 126 125 125 125 125 126 126 126 126 126 126 126 126 124 124 124 124 126 126 126 126 125 125 125 125 126 126 126 126 124 124 124 124 126 126 126 126 209 209 209 209 209 209 209 209 209 209 209 209 209 209 

M = 136:
136 136 136 136 136 136 136 136 136 136 136 136 136 136 136 136 136 136 136 136 136 136 136 136 136 136 136 136 136 136 136 136 136 136 136 136 136 136 136 136 136 136 136 136 136 136 136 136 136 136 136 136 136 136 136 136 136 136 136 136 136 136 136 136 136 136 136 136 136 136 136 136 136 136 136 136 141 141 141 141 141 140 140 140 140 140 138 138 138 138 138 138 138 138 138 138 138 138 138 138 138 138 138 138 138 138 138 138 138 138 

M = 243:
243 243 243 243 243 243 243 243 243 243 243 243 243 243 243 243 243 243 243 243 243 243 243 243 243 243 243 243 243 243 243 243 244 244 244 244 244 244 244 244 244 244 242 242 242 242 242 242 242 242 242 

M = 178:
180 180 180 180 180 180 180 180 180 180 180 178 178 178 178 178 178 178 178 178 178 178 178 178 178 178 178 178 178 178 178 178 178 178 178 178 178 178 178 178 178 178 178 178 178 178 178 178 178 178 178 178 178 178 178 178 178 178 178 178 178 178 178 178 178 178 178 178 178 178 178 178 178 178 178 178 178 178 178 178 178 178 178 178 178 178 178 178 178 178 178 178 178 178 178 178 178 178 178 178 178 178 178 178 178 178 178 178 178 178 178 178 178 178 178 178 178 178 178 178 265 265 265 265 265 265 265 265 265 183 183 183 183 183 183 183 183 183 183 183 183 183 183 183 183 183 183 183 183 183 183 183 183 183 183 183 183 183 183 183 183 183 183 183 183 

M = 296:
377 377 299 299 296 299 299 299 299 341 341 296 296 299 299 299 299 341 341 341 341 341 341 299 299 341 341 296 296 296 296 299 299 

M = 226:
226 226 226 226 226 226 226 226 226 226 226 226 226 226 226 226 226 226 226 226 226 226 226 226 226 226 226 226 226 226 226 226 226 226 226 226 226 226 226 206 206 206 206 205 205 205 207 207 207 207 207 207 207 207 207 207 207 207 

M = 278:
281 281 281 281 281 281 281 281 281 281 281 281 281 281 281 281 280 280 280 274 274 274 274 278 278 278 274 274 278 278 278 278 278 278 274 274 274 274 274 274 278 278 274 274 277 277 278 278 277 277 278 278 278 278 274 274 278 278 274 274 274 274 274 274 278 278 278 278 278 278 278 278 274 274 

M = 167:
167 167 167 167 167 167 167 167 167 167 167 167 167 167 167 167 167 167 167 172 172 172 172 172 167 167 167 167 167 172 172 172 172 172 172 172 172 172 172 167 167 167 167 167 167 167 167 167 167 167 167 167 167 167 167 167 167 167 167 167 167 167 167 167 167 167 167 167 167 172 172 172 172 172 167 167 167 167 167 167 167 167 167 167 167 167 167 167 167 171 171 171 171 171 171 171 171 171 

M = 249:
248 248 248 249 249 249 249 249 249 249 249 248 248 248 248 248 248 249 249 249 248 248 248 248 248 248 248 248 248 249 249 249 249 249 249 249 249 249 249 249 249 248 248 248 249 249 249 249 249 249 249 249 249 249 249 249 248 248 248 249 249 249 248 248 248 249 249 249 249 249 249 250 250 250 250 250 250 250 250 

M = 165:
164 164 164 164 164 164 164 164 164 164 164 164 164 164 165 165 165 165 165 165 165 165 165 165 165 165 165 165 165 165 165 165 165 165 165 165 165 165 165 165 165 165 165 165 165 165 165 165 164 164 164 164 164 164 164 165 165 165 165 165 165 165 165 165 165 165 165 165 165 165 165 165 165 165 165 165 165 165 165 165 165 165 165 165 165 165 165 165 165 165 165 165 165 165 165 165 165 165 165 165 165 165 165 165 

M = 220:
219 219 219 219 219 219 219 219 218 218 218 218 218 218 218 190 190 190 190 190 190 190 190 190 190 190 190 220 220 220 215 215 220 220 220 220 220 220 220 220 220 220 220 220 220 220 220 220 215 215 215 215 220 220 220 220 220 220 220 220 220 220 220 220 220 220 

