M = 201:
235 235 235 201 201 201 201 201 204 204 204 201 201 201 235 235 235 201 201 201 201 201 201 201 201 201 235 235 235 201 201 201 204 204 204 201 201 201 201 201 201 201 201 201 201 201 201 201 201 201 201 201 201 235 235 235 201 201 201 204 204 204 233 233 203 203 233 233 233 233 233 233 233 233 233 233 203 203 233 233 233 233 233 233 

M = 303:
303 303 303 303 303 303 303 303 303 303 303 303 303 303 303 303 303 303 303 303 303 303 303 309 309 309 309 301 301 301 301 312 312 301 301 309 309 309 309 309 309 301 301 309 309 

M = 143:
143 143 143 143 143 143 143 143 143 143 143 143 143 143 143 143 143 143 143 143 143 143 143 143 143 143 143 143 143 143 143 143 143 143 143 143 143 143 143 143 143 140 140 140 140 140 140 140 140 140 140 140 140 212 212 212 212 212 212 212 212 212 212 212 212 212 212 212 212 212 212 212 212 

M = 356:
356 356 356 356 356 359 359 359 359 359 359 356 356 356 356 356 356 359 359 359 359 359 359 356 356 356 356 356 356 356 356 356 356 356 356 359 359 359 359 359 359 356 356 356 356 356 356 356 356 356 356 356 356 359 359 359 359 359 359 358 358 358 362 362 362 362 362 362 355 355 362 362 362 362 362 362 

M = 173:
171 171 171 171 172 172 172 172 172 172 172 172 172 172 172 172 172 172 172 172 171 171 171 171 172 172 172 172 150 150 150 150 150 150 150 150 150 150 150 150 173 173 173 257 257 151 151 173 173 257 257 173 173 151 151 151 151 151 151 173 173 151 151 173 173 173 173 257 257 257 257 151 151 173 173 257 257 151 151 151 151 

M = 290:
443 443 443 443 443 443 443 443 443 443 443 443 443 443 443 443 443 443 293 293 444 444 290 293 293 285 285 444 444 444 444 444 444 444 444 290 290 290 290 290 290 290 290 285 285 444 444 293 293 293 293 290 290 293 293 444 444 444 444 285 285 290 290 444 444 293 293 293 293 285 285 444 444 293 293 444 444 285 285 444 444 290 290 444 444 293 293 293 293 290 290 444 444 290 290 290 290 290 290 290 290 290 290 

M = 440:
440 438 438 440 440 438 438 440 440 438 438 440 440 440 440 440 440 440 440 440 440 440 440 440 440 440 440 438 438 440 440 440 440 440 440 440 440 440 440 440 440 440 440 438 438 

M = 261:
262 262 262 262 261 261 261 261 261 261 261 261 261 261 261 262 262 262 262 261 261 261 261 261 261 261 261 261 261 261 261 261 261 261 261 261 261 261 261 261 261 261 261 261 261 261 261 229 229 229 229 229 229 229 229 229 229 229 229 229 229 229 258 258 258 258 258 258 258 258 258 258 258 258 

M = 403:
326 326 419 419 400 400 327 327 339 339 403 403 403 339 339 403 403 339 339 379 379 338 338 339 339 379 379 326 326 339 339 403 403 339 339 377 377 400 400 400 400 377 377 331 331 379 379 419 419 403 403 400 400 377 377 338 338 340 340 403 403 403 403 338 338 338 338 400 400 339 339 419 419 400 400 327 327 403 403 339 339 400 400 338 338 339 339 330 330 403 403 339 339 331 331 331 331 403 403 379 379 419 419 

M = 183:
178 178 178 178 178 178 178 178 177 177 177 177 177 181 181 181 181 183 183 183 183 183 183 183 183 183 183 183 183 183 183 183 183 183 

M = 122:
120 120 120 120 120 120 122 122 122 122 122 122 122 122 122 122 122 122 122 122 122 122 122 122 122 122 122 122 122 122 122 

M = 267:
146 146 146 146 146 146 146 146 146 146 146 146 146 146 146 146 146 146 146 146 146 146 146 146 146 146 146 146 146 146 146 146 146 146 146 146 146 146 146 146 146 146 146 146 146 146 146 146 146 146 146 146 146 146 146 146 146 146 146 146 268 268 268 268 268 268 268 269 269 269 269 269 269 267 267 267 267 267 267 267 267 267 267 267 267 267 267 267 267 267 267 267 267 267 267 267 267 267 267 267 264 264 264 264 264 264 264 264 267 267 267 267 267 267 267 267 267 267 267 267 267 267 267 267 267 267 267 267 267 267 267 267 267 267 267 267 267 267 267 267 267 267 267 267 

M = 136:
136 136 136 136 136 136 136 136 136 136 136 136 136 136 136 136 136 136 136 

M = 165:
164 164 164 164 164 164 164 164 164 164 164 164 164 165 165 165 165 165 165 165 165 165 165 165 165 165 165 165 165 165 165 165 165 165 165 165 165 165 165 165 165 165 165 165 165 165 165 165 165 165 165 165 165 165 165 165 165 165 165 165 165 165 165 165 165 165 165 165 165 165 165 165 165 165 165 165 165 165 165 165 165 165 165 165 165 165 165 165 165 165 165 165 165 165 165 165 165 165 165 165 165 165 165 164 164 164 164 164 164 164 164 164 164 164 164 164 165 165 165 165 165 165 165 165 165 165 165 165 165 165 165 165 165 165 165 165 165 165 165 165 165 165 165 165 165 165 165 165 165 165 165 165 165 165 165 242 242 242 242 242 242 242 242 242 242 242 242 242 242 242 242 242 242 242 242 242 242 242 242 242 242 242 242 242 242 242 242 242 242 242 242 242 242 242 242 242 242 242 242 242 242 242 242 168 168 168 168 168 168 168 168 168 167 167 167 167 167 167 167 167 167 167 167 167 167 167 167 167 167 167 167 167 167 167 167 167 167 167 167 167 167 167 167 167 167 167 167 167 167 167 167 167 167 167 167 167 167 167 167 167 167 167 167 167 167 167 167 167 167 167 167 167 167 167 167 167 167 167 167 167 167 167 167 167 167 167 167 167 167 167 

M = 278:
277 277 277 277 277 277 277 277 277 277 278 278 278 278 278 278 278 278 278 278 278 

M = 274:
273 273 273 274 274 273 273 273 274 274 274 274 274 274 273 273 273 273 273 273 274 274 274 274 274 274 273 273 273 274 274 274 273 273 273 274 274 274 273 273 273 273 273 273 274 274 274 274 274 274 273 273 273 273 273 273 274 274 274 274 274 274 273 273 273 273 273 273 274 274 274 274 274 274 

M = 281:
281 281 281 281 281 281 281 281 281 281 281 281 281 281 281 281 281 281 281 281 281 281 281 281 281 281 281 281 281 281 281 281 281 281 281 281 281 281 281 281 281 281 281 281 281 281 281 281 281 281 281 281 281 281 281 281 281 281 281 281 281 281 281 281 281 281 281 281 281 281 281 280 280 280 280 280 280 280 280 280 280 280 280 284 284 

M = 249:
249 249 249 249 249 249 249 249 249 249 249 249 249 249 249 249 249 249 249 249 249 249 249 249 249 249 249 249 249 249 249 249 249 249 249 249 249 249 249 249 249 249 249 249 249 249 249 249 249 249 249 249 249 244 244 244 244 244 244 244 244 244 244 244 244 244 244 244 244 244 244 241 241 241 241 241 241 241 241 241 241 241 241 241 241 241 241 241 241 241 241 241 241 241 241 241 251 251 251 251 251 251 251 251 251 251 251 251 251 251 251 251 251 251 251 251 251 251 251 251 251 251 251 251 237 237 237 237 

M = 162:
163 163 163 163 163 163 163 163 162 162 162 162 162 162 162 162 162 162 162 162 162 160 160 160 

M = 220:
190 190 190 190 190 190 190 194 194 194 194 194 194 194 194 194 194 194 194 194 194 194 194 194 194 194 194 194 194 194 194 194 193 193 193 193 193 193 193 193 193 193 193 193 193 193 193 193 220 220 220 220 220 220 220 220 220 220 220 220 220 220 220 220 220 220 220 220 220 220 220 192 192 192 220 220 220 220 220 220 220 220 220 220 220 220 192 192 192 220 220 220 215 215 215 215 215 215 215 215 

