M = 146:
146 146 146 146 146 146 146 146 146 146 146 146 146 146 146 146 146 146 146 146 146 146 146 146 146 146 146 146 146 146 146 146 146 146 146 146 146 146 146 146 146 146 146 146 146 146 146 146 146 146 146 146 146 146 146 

M = 201:
235 235 201 201 201 235 235 199 199 235 235 201 201 201 201 201 201 201 201 201 201 204 204 201 201 201 201 201 201 201 201 201 201 201 201 201 201 201 201 201 201 201 201 

M = 273:
273 273 273 273 273 273 273 273 273 273 273 273 273 273 273 273 273 273 273 273 273 273 273 273 273 273 273 273 273 273 273 273 273 273 273 273 273 273 273 273 273 273 273 273 273 273 273 173 173 173 173 173 173 173 173 173 

M = 300:
300 300 301 301 301 300 300 300 300 300 300 300 300 300 300 300 300 301 301 301 300 300 300 301 301 301 300 300 300 301 301 301 300 300 300 297 297 297 297 297 297 297 297 297 297 297 297 297 297 297 297 297 297 

M = 249:
158 158 158 158 158 158 251 251 251 251 251 251 251 251 251 251 251 251 251 251 251 251 251 251 251 251 251 251 251 251 251 251 251 251 251 251 249 249 249 249 249 249 249 249 249 249 249 249 249 249 249 249 249 249 249 249 249 249 249 249 249 249 249 249 249 249 249 249 249 249 249 239 239 239 239 239 239 239 239 

M = 303:
303 303 303 303 303 303 303 303 303 303 303 303 303 303 303 303 303 303 303 303 303 303 303 303 303 303 303 303 303 303 303 303 303 303 303 303 303 303 303 303 303 303 303 303 303 303 303 306 306 306 302 302 302 302 302 302 302 302 302 306 306 306 306 306 306 302 302 302 306 306 306 302 302 302 306 306 306 306 306 306 306 306 306 306 306 306 302 302 302 308 308 308 308 308 308 

M = 316:
319 319 318 318 316 318 318 318 318 316 316 318 318 318 318 316 316 319 319 316 316 319 319 318 318 312 312 316 316 319 319 316 316 318 318 319 319 319 319 318 318 319 319 319 319 319 319 318 318 318 318 318 318 313 313 316 316 313 313 318 318 318 318 318 318 318 318 312 312 316 316 318 318 316 316 316 316 312 312 318 318 312 312 316 316 313 313 312 312 313 313 316 316 316 316 319 319 312 312 316 316 318 318 316 316 319 319 312 312 312 312 312 312 

M = 178:
178 178 178 178 178 178 178 178 178 178 178 178 178 178 178 178 178 178 178 178 178 178 178 178 178 178 178 178 178 178 178 178 178 178 178 178 178 178 178 178 178 178 178 178 178 178 178 178 178 178 178 

M = 263:
263 263 263 263 263 

M = 356:
357 357 357 362 362 362 357 357 357 357 357 357 359 359 285 285 356 356 356 356 356 356 356 356 356 359 359 356 356 356 356 356 356 

M = 122:
141 141 141 141 141 141 141 141 141 141 141 141 136 136 136 136 120 120 120 120 136 136 136 136 136 136 136 136 136 136 136 136 136 136 136 136 136 136 136 136 119 119 119 119 136 136 136 136 122 122 122 122 122 122 122 122 122 122 122 122 122 122 122 122 122 122 122 122 122 122 122 122 122 122 122 122 122 122 122 122 

M = 130:
242 242 242 242 242 242 242 242 242 242 242 242 242 242 244 244 244 244 244 244 244 244 244 244 244 244 193 193 193 193 193 193 193 193 193 130 130 130 130 130 130 130 130 130 130 130 130 130 130 130 130 130 130 130 130 130 130 130 130 130 130 130 130 130 130 130 130 130 130 130 130 130 130 130 130 130 130 130 130 130 130 130 130 127 127 127 127 127 127 127 127 127 127 127 127 127 127 127 126 126 126 126 196 196 196 196 196 196 196 196 196 196 196 196 196 196 196 196 196 196 196 196 196 196 196 196 196 196 196 196 196 196 196 196 196 196 196 196 

M = 267:
267 267 267 267 267 267 267 267 267 267 267 267 267 267 267 267 267 267 267 267 267 267 267 

M = 439:
439 439 439 439 439 439 439 439 439 439 439 439 439 439 439 439 439 

M = 177:
177 177 177 177 177 177 177 177 148 148 148 148 

M = 165:
164 164 164 164 164 164 164 164 164 164 164 165 165 165 165 165 165 165 165 165 165 165 165 165 165 165 165 165 165 165 165 165 164 164 164 164 164 164 164 164 164 164 164 165 165 165 165 165 165 165 165 165 165 165 165 165 165 165 165 165 165 165 165 165 165 165 165 165 165 165 165 165 165 165 165 165 164 164 164 164 164 164 164 164 164 164 164 165 165 165 165 165 165 165 165 165 165 165 165 165 165 165 165 165 165 165 165 165 165 163 163 163 163 163 163 163 163 163 163 163 163 163 163 163 163 163 163 

M = 278:
275 275 275 275 275 275 275 275 275 275 275 275 275 275 278 281 281 278 278 279 279 278 278 281 281 278 278 278 278 278 278 278 278 

M = 167:
167 167 167 167 167 167 167 167 167 167 167 167 167 167 167 167 167 167 167 167 167 167 167 167 167 167 167 167 167 167 167 167 167 167 167 167 167 167 167 167 167 167 167 167 167 167 167 167 167 167 167 167 167 167 167 167 167 167 167 167 167 167 167 167 167 167 167 167 167 167 167 161 161 161 161 161 161 161 161 161 161 171 171 171 171 171 171 171 171 170 170 170 170 171 171 171 171 162 162 162 162 162 162 162 162 162 

M = 180:
180 180 180 180 180 180 180 180 180 180 180 180 180 180 180 180 180 180 180 180 180 180 180 181 181 181 181 181 181 181 181 181 181 181 181 

M = 220:
191 191 191 191 191 191 191 140 140 140 140 140 140 140 191 191 191 191 191 191 191 191 191 191 191 191 191 191 190 190 190 190 190 190 219 219 219 219 219 219 190 190 190 190 190 190 219 219 219 219 219 219 190 190 190 190 190 190 220 188 188 220 220 220 220 220 220 220 220 220 220 188 188 220 220 220 220 188 188 188 188 188 188 188 188 188 188 220 220 220 220 220 220 220 220 188 188 220 220 220 220 220 220 220 220 220 220 188 188 188 188 220 220 188 188 188 188 188 188 

