M = 146:
268 268 268 268 268 268 146 146 146 146 146 146 146 146 146 146 146 146 146 146 146 146 146 146 146 146 146 146 146 146 146 146 146 146 146 146 146 146 146 146 146 146 146 146 146 146 146 146 146 146 146 146 146 147 147 147 147 147 177 177 177 177 177 177 177 177 177 177 177 177 148 148 148 148 

M = 201:
204 204 204 204 235 235 235 235 235 235 235 235 235 235 235 235 203 203 201 201 201 253 253 201 201 201 201 201 201 203 203 203 203 201 201 201 201 253 253 203 203 201 201 201 201 201 201 253 253 201 201 201 201 

M = 215:
218 218 218 218 218 215 215 215 215 215 215 215 215 215 215 215 215 215 215 

M = 173:
171 171 173 173 173 173 173 173 173 173 173 173 173 173 173 173 173 173 173 171 171 173 173 171 171 173 173 

M = 130:
194 194 194 194 194 194 194 194 194 194 194 194 194 194 194 194 194 194 194 194 130 130 130 130 130 130 130 193 193 193 193 193 193 193 193 193 193 193 193 193 193 193 193 130 130 130 130 130 130 130 130 193 193 193 193 193 193 193 193 130 130 130 130 130 130 130 130 130 130 130 130 130 130 130 130 193 193 193 193 193 193 193 193 130 130 130 130 130 130 130 130 127 127 127 127 127 127 127 127 127 127 127 127 127 127 128 128 128 128 128 128 196 196 196 196 196 196 196 196 196 196 196 196 196 196 196 196 196 196 196 196 197 197 197 197 197 133 133 133 133 133 133 133 133 133 133 133 133 133 133 133 133 133 133 133 133 133 133 133 133 

M = 122:
120 120 120 120 120 120 120 120 120 120 120 120 120 120 120 120 120 120 120 120 120 120 120 120 120 120 120 120 120 120 120 120 120 120 120 120 122 122 122 122 122 122 122 122 122 122 122 122 122 122 122 122 122 122 122 122 122 122 122 122 122 122 122 122 122 119 119 119 119 119 122 122 122 122 122 122 122 122 122 122 122 122 122 122 122 122 122 122 122 122 123 123 123 123 123 123 123 123 123 123 123 123 124 124 124 124 124 124 124 124 123 123 123 123 123 123 123 123 123 123 123 123 123 123 123 123 123 123 123 123 

M = 307:
303 303 303 303 303 303 303 305 305 305 305 305 305 305 305 305 305 300 300 300 312 312 312 313 313 313 312 312 312 312 312 312 312 312 312 312 312 312 312 312 312 312 312 312 312 312 312 312 312 312 307 307 307 311 311 307 307 307 307 308 308 302 302 311 311 307 307 311 311 308 308 311 311 307 307 311 311 308 308 307 307 307 307 308 308 

M = 182:
182 182 182 182 182 181 181 181 178 178 178 178 178 178 182 182 182 181 181 181 182 182 182 182 182 182 228 228 228 228 226 226 228 228 226 226 228 228 226 226 

M = 261:
229 229 229 229 229 229 262 262 263 263 261 261 261 263 263 261 261 261 261 261 261 230 230 261 261 261 261 261 261 261 261 261 261 261 261 261 261 261 261 

M = 273:
275 275 275 275 273 273 273 273 273 273 273 273 273 273 273 275 275 275 275 273 273 273 273 273 273 273 273 275 275 275 275 273 273 273 273 273 273 273 273 275 275 275 275 273 273 273 273 273 273 273 273 273 273 273 273 273 273 273 273 273 273 273 273 273 273 273 273 275 275 275 275 273 273 273 273 273 273 273 273 272 272 272 272 272 272 272 272 272 272 272 272 272 272 

M = 265:
265 265 265 265 265 265 265 265 265 267 267 267 267 267 267 267 267 

M = 242:
242 242 242 242 242 242 242 242 242 242 242 243 243 243 243 243 243 243 243 243 243 240 240 240 240 240 240 240 240 240 240 

M = 164:
164 164 164 164 164 164 164 164 164 164 164 164 164 164 164 164 164 164 164 164 164 164 164 162 162 162 162 163 163 163 163 162 162 162 162 162 162 162 162 163 163 163 163 

M = 165:
165 165 165 165 165 165 165 165 165 165 165 165 165 165 165 165 165 165 165 165 165 165 165 165 165 165 165 165 165 165 165 165 165 165 165 165 165 165 165 165 165 165 165 165 

M = 138:
136 136 136 136 136 136 136 136 136 136 136 136 136 136 136 136 138 138 138 138 138 138 138 138 138 138 138 138 138 138 138 138 138 138 138 138 138 138 138 138 138 138 138 138 138 141 141 141 141 141 141 138 138 138 141 141 141 141 141 141 212 212 212 212 212 212 212 212 212 212 212 212 212 212 212 212 212 212 212 212 212 212 212 212 212 212 212 212 212 212 

M = 167:
167 167 167 167 167 167 167 167 167 167 167 167 167 167 167 167 167 167 167 167 167 167 167 167 167 167 167 167 167 167 167 167 167 167 167 167 167 167 167 167 167 169 169 169 169 169 169 167 167 167 167 167 167 170 170 170 170 170 170 170 170 170 170 

M = 249:
251 251 251 251 251 251 251 251 251 251 251 251 251 251 251 251 251 251 251 251 251 251 251 251 251 251 251 251 251 251 251 251 251 251 251 251 251 251 251 251 251 251 251 251 251 251 251 251 251 251 251 251 251 251 251 251 251 251 251 251 251 251 251 251 251 251 251 251 251 251 251 251 251 251 251 251 251 251 251 251 251 251 251 251 251 251 251 251 249 249 249 249 249 249 249 249 249 249 249 249 249 249 249 249 249 249 249 249 249 249 249 249 249 249 249 249 249 249 249 249 249 249 249 249 249 249 249 249 249 249 249 249 249 249 249 249 249 249 249 249 249 249 249 249 249 249 249 249 249 249 249 249 249 249 249 249 249 249 249 249 249 249 249 249 249 249 249 249 249 249 249 249 249 249 249 249 249 249 249 249 249 249 249 249 249 249 249 249 249 249 249 249 249 249 249 249 249 249 249 239 239 239 239 239 239 239 239 239 237 237 237 237 

M = 282:
281 281 281 297 297 297 281 281 281 297 297 297 281 281 281 281 281 281 281 281 281 281 281 281 281 281 281 281 281 281 281 281 281 297 297 297 281 281 281 281 281 281 282 317 317 317 317 282 282 319 319 319 319 282 282 319 319 317 317 282 282 319 319 282 282 317 317 282 282 282 282 319 319 319 319 283 283 282 282 282 282 282 282 283 283 317 317 282 282 283 283 317 317 282 282 282 282 282 282 282 282 317 317 319 319 283 283 319 319 282 282 317 317 282 282 

M = 359:
359 362 362 359 359 

M = 220:
191 191 191 191 191 191 191 190 190 190 190 190 190 190 190 190 190 190 190 220 220 220 220 220 220 220 220 220 220 220 220 220 220 220 220 220 220 220 220 220 220 220 220 220 220 220 220 220 220 220 220 220 220 220 

