M = 308:
308 308 308 308 308 306 306 306 306 311 311 312 312 308 308 306 306 308 308 308 308 308 308 306 306 308 308 308 308 308 308 308 308 308 308 308 308 306 306 308 308 

M = 237:
237 237 237 237 237 237 237 237 237 237 237 237 237 237 237 

M = 157:
157 157 157 157 157 157 157 157 157 157 157 157 157 157 157 157 157 157 157 157 157 157 157 157 157 157 157 157 157 157 157 157 157 157 157 157 157 157 161 161 

M = 159:
159 159 159 159 159 159 159 159 159 159 159 

M = 208:
208 208 208 207 207 208 208 208 208 206 206 208 208 207 207 208 208 208 208 208 208 208 208 207 207 208 208 207 207 208 208 208 208 208 208 206 206 207 207 208 208 207 207 

M = 259:
259 259 259 259 259 259 259 259 259 231 231 231 231 259 259 231 231 231 231 259 259 231 231 232 232 259 259 259 259 231 231 232 232 259 259 259 259 231 231 232 232 259 259 231 231 231 231 231 231 

M = 196:
240 240 240 240 240 196 196 196 196 196 196 196 196 196 196 196 196 196 196 196 196 196 196 196 196 196 196 196 197 197 197 197 197 197 196 196 196 196 196 196 197 197 

M = 193:
194 194 194 194 194 193 193 193 193 193 193 193 193 193 193 193 191 191 191 191 

M = 130:
130 130 130 130 130 130 130 130 130 130 130 

M = 273:
273 273 273 273 273 268 268 268 273 273 273 273 273 273 266 266 266 273 273 273 273 273 273 273 273 273 273 273 273 266 266 266 273 273 273 273 273 273 273 273 273 273 273 273 266 266 266 268 268 268 273 273 273 273 273 273 273 273 273 273 273 273 266 266 266 273 273 273 265 265 146 146 147 147 275 275 146 146 146 146 147 147 146 146 146 146 146 146 146 146 147 147 147 147 146 146 265 265 

M = 124:
119 119 119 120 120 120 124 124 124 142 142 142 142 124 124 124 124 142 142 

M = 242:
242 242 242 242 242 242 242 242 243 243 243 243 243 243 243 243 243 244 244 244 244 244 244 244 244 241 241 241 241 241 241 241 

M = 234:
203 203 203 203 203 203 233 233 234 235 235 204 204 234 234 235 235 234 234 204 204 234 234 235 235 235 235 234 234 

M = 389:
339 339 390 390 390 390 389 389 389 390 390 339 339 389 389 390 390 390 390 338 338 412 412 338 338 339 339 339 339 339 339 389 389 389 389 389 389 389 389 339 339 412 412 390 390 390 390 339 339 390 390 389 389 390 390 339 339 339 339 389 389 390 390 389 389 

M = 127:
127 127 127 127 127 127 127 127 127 127 127 127 127 127 127 127 127 126 126 126 126 

M = 251:
250 250 250 250 251 251 251 251 251 251 251 251 251 251 251 251 251 251 251 251 251 251 251 251 251 251 251 251 251 251 

M = 249:
249 249 249 249 249 249 249 249 249 249 249 249 249 249 249 249 249 249 249 249 249 249 249 249 249 249 249 249 249 249 249 249 249 249 249 249 249 249 249 249 249 249 249 249 249 249 249 249 249 249 249 249 249 249 249 249 249 249 249 249 249 249 249 249 249 249 249 249 249 249 249 249 249 249 

M = 248:
248 248 248 248 248 248 248 248 248 248 248 248 248 248 248 248 248 239 239 239 

M = 165:
165 165 165 165 165 165 165 165 165 165 165 165 165 165 165 165 165 165 165 165 165 165 165 165 165 165 165 165 165 165 165 165 165 165 165 165 165 165 165 165 165 165 165 165 165 165 165 165 168 168 168 168 168 

M = 163:
164 164 164 164 164 164 163 163 163 163 163 163 163 163 163 162 162 162 162 162 162 

