M = 146:
178 178 178 178 178 178 178 178 178 178 177 177 177 177 177 146 146 146 146 146 146 146 146 146 178 178 178 178 178 146 146 146 146 146 146 146 146 146 146 178 178 178 178 178 178 178 178 178 178 178 178 178 178 178 146 146 146 146 146 178 178 178 178 178 266 266 266 266 266 266 266 266 268 268 268 268 268 268 268 268 268 268 268 268 268 268 268 268 268 268 268 268 268 268 268 268 268 268 268 268 268 268 268 268 268 268 268 268 268 268 268 

M = 372:
383 383 372 379 379 424 424 345 345 372 372 377 377 424 424 377 377 346 346 424 424 377 377 383 383 344 344 383 383 383 383 383 383 372 372 372 372 424 424 343 343 383 383 424 424 343 343 379 379 424 424 372 372 372 372 345 345 344 344 377 377 379 379 424 424 372 372 383 383 346 346 379 379 343 343 346 346 346 346 424 424 421 421 372 372 346 346 344 344 343 343 346 346 346 346 346 346 377 377 372 372 383 383 343 343 372 372 424 424 372 372 372 372 377 377 377 377 342 342 383 383 372 372 383 383 421 421 379 379 424 424 

M = 141:
142 142 142 142 142 142 142 142 142 142 142 142 140 140 140 142 142 142 140 140 140 142 142 142 142 142 142 139 139 139 139 138 138 139 139 138 138 139 139 139 139 141 139 139 141 141 141 141 138 138 141 141 141 141 141 141 141 141 139 139 141 141 141 141 139 139 141 141 141 141 139 139 138 138 141 141 141 141 141 141 141 141 139 139 141 141 139 139 139 139 139 139 141 141 139 139 138 138 141 141 139 139 

M = 313:
313 313 313 313 313 319 319 319 313 313 313 313 313 313 313 313 313 313 313 313 313 313 313 319 319 319 313 313 313 

M = 194:
242 242 242 242 242 242 242 242 242 242 242 242 242 242 242 242 242 242 242 242 242 242 242 242 194 194 194 194 194 194 194 194 194 194 194 194 194 194 194 194 194 194 194 194 194 194 194 194 194 194 194 194 194 245 245 245 245 193 193 193 193 130 130 193 193 130 130 193 193 193 193 130 130 130 130 193 193 130 130 193 193 193 193 130 130 193 193 130 130 130 130 130 130 193 193 130 130 193 193 130 130 

M = 259:
259 259 259 259 259 259 259 259 259 259 259 259 259 259 261 261 261 259 259 259 259 259 259 259 259 259 261 261 261 259 259 259 259 259 259 228 228 228 259 259 259 259 259 259 259 259 259 258 258 258 258 258 258 258 258 258 258 258 258 258 258 258 258 258 258 

M = 440:
440 440 440 440 440 440 440 440 440 440 440 440 440 440 440 440 440 440 440 440 440 440 440 440 440 440 440 440 440 440 440 440 440 440 440 440 440 440 440 440 440 440 440 440 438 438 438 438 438 438 438 438 438 438 439 439 439 439 439 439 439 439 441 441 441 435 435 435 441 441 441 435 435 435 441 441 441 434 434 434 434 434 434 434 434 434 434 434 434 434 434 434 434 434 434 

M = 333:
401 401 401 401 334 334 334 334 334 334 334 334 336 336 336 336 334 334 334 334 329 329 329 329 401 401 401 401 334 334 334 334 401 401 401 401 336 336 336 336 401 401 401 401 335 335 335 335 331 331 331 331 331 331 403 403 403 403 338 338 393 393 338 338 333 403 403 403 403 406 406 403 403 403 403 406 406 393 393 393 393 393 393 393 393 403 403 393 393 393 393 403 403 405 405 406 406 393 393 333 333 403 403 393 393 405 405 403 403 406 406 406 406 393 393 403 403 333 333 403 403 393 393 333 333 403 403 333 333 403 403 403 403 333 333 406 406 333 333 393 393 

M = 219:
190 190 190 190 190 190 190 190 190 190 219 219 219 219 219 219 219 217 217 218 218 134 134 134 134 134 134 217 217 218 218 217 217 134 134 218 218 

M = 288:
400 400 400 400 400 400 400 400 398 398 398 324 324 324 320 320 320 324 324 324 324 324 324 324 324 324 324 324 324 324 324 324 324 324 324 291 291 288 288 288 291 291 288 288 288 288 288 288 288 288 288 288 287 287 291 291 288 288 287 287 291 291 291 291 288 288 287 287 291 291 291 291 288 288 288 288 291 291 287 287 291 291 291 291 288 288 291 291 288 288 288 288 291 291 

M = 123:
119 119 119 119 119 119 119 119 122 122 122 122 122 122 122 122 122 122 122 122 122 122 122 122 122 122 122 122 122 122 122 122 122 122 122 122 122 122 122 122 122 122 122 122 122 122 122 122 122 122 122 122 122 122 122 122 122 122 122 122 123 123 123 123 123 123 123 123 123 123 123 123 123 123 123 123 123 123 123 123 123 123 123 123 123 123 123 123 123 123 123 123 123 123 123 123 123 123 123 123 123 123 123 123 123 123 123 123 123 123 123 123 123 210 210 210 210 210 210 124 124 127 127 210 210 124 124 210 210 124 124 124 124 124 124 124 124 127 127 127 127 124 124 210 210 124 124 210 210 127 127 124 124 210 210 124 124 210 210 210 210 210 210 210 210 210 210 124 124 

M = 390:
411 411 411 411 411 411 411 411 391 391 391 391 391 391 391 391 391 391 391 391 411 411 411 411 391 391 391 391 391 391 391 391 411 411 411 411 391 391 391 391 411 411 411 411 408 408 408 408 408 408 388 388 388 408 408 408 408 408 408 408 408 408 408 408 408 390 390 390 390 390 390 390 390 390 390 390 413 413 390 390 390 390 409 409 410 410 

M = 368:
368 368 368 368 368 368 368 368 368 368 368 368 368 368 368 368 368 368 368 368 368 368 368 385 385 385 368 368 368 368 368 368 369 369 415 415 387 387 369 369 369 369 369 369 369 369 369 369 369 369 387 387 369 369 369 369 369 369 369 369 369 369 369 369 

M = 208:
226 226 226 226 126 126 126 126 126 126 208 205 205 208 208 205 205 208 208 205 205 205 205 208 208 205 205 205 205 205 205 208 208 208 208 208 208 208 208 205 205 208 208 205 205 205 205 208 208 205 205 208 208 205 205 208 208 208 208 208 208 208 208 205 205 208 208 208 208 

M = 165:
164 164 164 164 164 164 164 164 164 164 165 165 165 165 165 165 165 165 165 165 165 165 165 165 165 165 165 165 165 165 165 165 165 165 165 165 165 165 165 165 165 165 165 165 165 165 165 165 165 165 165 165 165 165 165 165 165 165 165 165 165 165 165 165 165 165 165 165 165 165 165 165 159 159 159 159 163 163 163 163 163 163 163 163 249 249 249 249 249 249 249 249 249 249 249 249 249 249 249 249 249 249 249 249 249 249 249 249 249 249 249 249 249 249 249 249 249 249 249 249 249 249 249 249 249 249 249 249 249 250 250 250 250 250 250 250 250 250 250 

M = 167:
168 168 168 168 168 168 168 168 167 167 167 167 167 167 167 167 167 167 167 167 167 167 167 167 167 167 167 167 167 167 167 167 167 167 167 167 167 167 167 167 167 167 167 167 167 167 167 167 167 167 167 167 167 167 167 167 167 167 167 167 167 167 162 162 162 162 162 162 162 162 162 162 167 167 167 167 167 167 167 167 167 167 167 167 167 167 167 167 167 167 167 167 

M = 282:
282 282 282 282 282 282 282 282 282 282 282 282 282 282 282 282 282 283 283 283 283 283 283 

M = 444:
444 444 444 444 444 444 444 444 444 444 444 444 444 444 444 444 444 444 444 444 444 444 444 444 444 444 444 444 444 444 444 444 444 444 444 444 444 444 444 444 444 444 444 444 444 444 444 360 360 360 360 360 360 363 363 363 360 360 360 360 360 360 360 360 360 360 360 360 361 361 428 428 356 356 356 356 428 428 428 428 361 361 428 428 

M = 293:
293 293 293 293 293 293 293 293 293 293 293 293 293 293 293 293 293 293 293 297 297 293 293 293 293 293 293 293 293 293 293 

M = 301:
301 300 300 301 301 300 300 300 300 301 301 301 301 

