M = 147:
147 147 147 147 265 265 265 265 265 144 144 144 144 144 146 146 146 146 146 142 142 142 142 142 146 146 146 146 146 147 147 147 147 147 142 142 142 142 142 142 142 142 142 142 268 268 268 268 266 266 266 266 266 266 266 266 266 266 266 266 266 266 266 266 267 267 267 178 178 178 178 178 178 

M = 318:
318 318 318 318 318 318 318 318 318 316 316 315 315 318 318 318 318 318 318 318 318 318 318 318 318 318 318 316 316 319 319 

M = 172:
217 217 217 217 217 217 171 171 173 173 171 171 173 173 173 173 172 172 172 172 172 173 173 173 173 171 171 173 173 172 172 172 172 173 173 172 172 172 172 173 173 172 172 173 173 171 171 172 172 172 172 172 172 172 172 172 172 140 140 140 140 172 172 172 172 173 173 172 172 171 171 173 173 172 172 171 171 

M = 329:
406 406 329 326 326 326 326 329 329 329 329 406 406 329 329 329 329 329 329 326 326 326 326 326 326 326 326 329 329 326 326 329 329 329 329 329 329 406 406 329 329 339 339 326 326 339 339 329 329 406 406 

M = 441:
390 390 390 390 390 390 390 390 390 390 390 390 390 390 390 441 441 441 441 441 441 441 441 441 441 441 441 441 441 441 441 441 441 441 442 442 441 441 

M = 440:
440 440 440 440 440 440 440 440 440 440 440 440 440 440 440 440 440 440 440 440 440 440 440 440 440 440 440 440 440 440 440 440 440 440 440 440 440 440 435 435 435 435 435 435 435 435 435 435 435 435 

M = 454:
456 456 456 456 456 456 456 456 456 456 456 456 452 452 454 454 454 452 452 454 454 452 452 454 454 454 454 454 454 453 453 454 454 454 454 454 454 454 454 454 454 452 452 454 454 454 454 454 454 454 454 454 454 454 454 

M = 258:
259 259 258 258 258 259 259 259 259 258 258 259 259 259 259 258 258 258 258 258 258 258 258 258 258 259 259 259 259 258 258 259 259 259 259 259 259 258 258 259 259 258 258 

M = 307:
307 307 307 307 307 301 301 296 296 307 307 307 307 307 307 307 307 307 307 311 311 307 307 307 307 307 307 311 311 312 312 307 307 

M = 261:
263 263 263 263 263 263 263 263 262 262 262 262 262 262 262 262 261 261 261 261 261 261 261 261 261 261 261 261 261 261 261 261 261 261 261 261 261 261 261 261 261 261 261 261 261 261 261 261 261 261 261 261 261 261 264 264 264 264 229 229 264 264 264 264 

M = 274:
278 278 272 272 274 274 274 278 278 272 272 274 274 278 278 278 278 272 272 274 274 272 272 274 274 274 274 274 274 278 278 277 277 272 272 272 272 272 272 278 278 274 274 274 274 274 274 272 272 274 274 278 278 278 278 272 272 278 278 274 274 274 274 

M = 438:
437 437 437 438 438 438 438 438 438 438 438 438 438 438 438 438 438 438 438 438 438 438 438 

M = 350:
423 423 425 425 349 349 349 349 346 346 450 450 423 423 349 349 426 426 450 450 349 349 426 426 350 426 426 424 424 426 426 423 423 350 350 423 423 349 349 450 450 450 450 349 349 349 349 350 350 349 349 425 425 450 450 425 425 350 350 349 349 348 348 350 350 450 450 350 350 425 425 373 373 425 425 426 426 426 426 426 426 426 426 350 350 426 426 426 426 350 350 346 346 349 349 426 426 346 346 350 350 350 350 346 346 423 423 346 346 350 350 350 350 350 350 450 450 450 450 422 422 425 425 426 426 349 349 450 450 350 350 426 426 426 426 349 349 350 350 350 350 349 349 346 346 350 350 

M = 281:
297 297 297 297 297 297 281 297 297 281 281 281 281 281 281 297 297 297 297 281 281 297 297 281 281 281 281 281 281 281 281 281 281 281 281 281 281 281 281 281 281 281 281 281 281 

M = 226:
204 204 204 204 235 235 235 181 181 181 119 119 119 181 181 181 181 181 181 181 181 181 203 203 203 203 203 203 235 235 235 235 235 235 119 119 119 120 120 122 122 226 226 226 120 120 212 212 212 212 212 212 212 212 122 122 122 122 122 122 120 120 122 122 226 226 226 226 212 212 226 226 122 122 212 212 120 120 122 122 122 122 226 226 226 226 120 120 226 226 122 122 226 226 226 226 122 122 120 120 122 122 212 212 212 212 

M = 398:
400 400 400 400 400 400 400 400 400 400 400 400 400 400 400 400 398 398 399 399 399 398 398 398 399 399 399 398 398 398 399 399 399 399 399 399 399 399 399 399 399 399 419 419 421 421 421 421 421 421 421 421 379 379 421 421 378 378 421 421 421 421 421 421 379 379 419 419 379 379 378 378 421 421 421 421 421 421 421 421 421 421 379 379 421 421 419 419 

M = 362:
362 362 362 362 362 362 362 362 362 362 362 362 362 362 362 362 362 362 362 362 362 362 362 362 362 362 362 362 362 

M = 363:
363 363 363 363 363 389 389 363 363 363 363 363 363 363 363 389 389 363 363 389 389 363 363 363 363 

M = 165:
165 165 165 165 165 165 165 165 165 165 243 243 243 243 243 243 243 243 243 243 243 165 165 165 165 165 165 165 165 165 165 165 165 165 165 165 165 165 165 165 165 165 165 164 164 164 164 164 164 164 164 164 164 164 165 165 165 165 165 165 165 165 165 165 165 242 242 242 242 242 242 242 242 242 242 242 165 165 165 165 165 165 165 165 165 165 165 165 165 165 165 165 165 165 165 165 165 165 165 165 165 165 165 165 165 165 165 165 165 164 164 164 164 164 164 164 164 164 164 164 165 165 165 165 165 165 165 165 165 165 165 244 244 244 244 244 244 244 244 244 194 194 194 194 194 194 194 194 194 194 194 194 194 194 241 241 241 241 241 241 241 241 241 241 241 241 241 241 241 241 241 241 241 241 241 241 241 241 241 241 241 241 241 241 241 241 241 241 241 241 241 241 241 241 241 241 163 163 163 163 163 163 163 163 163 163 163 163 163 163 163 163 163 163 163 163 251 251 251 251 190 190 190 190 250 250 250 250 251 251 251 251 251 251 251 251 190 190 190 190 251 251 251 251 251 251 251 251 251 251 251 251 251 251 251 251 251 251 251 251 251 251 251 251 190 190 190 190 251 251 251 251 190 190 190 190 251 251 251 251 251 251 251 251 251 251 251 251 190 190 190 190 249 249 249 249 249 249 130 130 130 249 249 249 134 134 134 130 130 130 130 130 130 249 249 249 249 249 249 239 239 239 134 134 134 130 130 130 249 249 249 249 249 249 249 249 249 249 249 249 249 249 249 130 130 130 249 249 249 249 249 249 196 196 162 162 237 237 196 196 196 196 162 162 196 196 196 196 237 237 160 160 196 196 196 196 162 162 162 162 196 196 162 162 196 196 162 162 196 196 237 237 196 196 237 237 

M = 439:
439 439 439 439 439 436 436 436 439 439 439 

