M = 235:
235 203 203 203 203 206 206 206 206 235 235 235 235 235 235 235 235 235 235 203 203 235 235 235 235 206 206 235 235 206 206 235 235 235 235 235 235 203 203 235 235 206 206 206 206 206 206 203 203 235 235 203 203 203 203 235 235 203 203 206 206 206 206 235 235 235 235 235 235 203 203 206 206 206 206 206 206 206 206 235 235 

M = 120:
120 120 120 120 120 120 120 120 120 120 120 120 120 120 120 120 120 120 120 120 120 120 120 120 119 119 119 119 119 119 119 119 119 119 119 119 119 119 119 119 119 119 119 119 119 119 119 119 

M = 264:
265 265 265 265 265 264 264 264 264 264 263 263 263 

M = 251:
249 249 249 249 249 249 249 249 249 249 249 249 249 249 249 249 249 249 249 249 250 250 250 250 249 249 249 249 249 249 249 249 251 251 251 251 251 251 251 251 158 158 158 251 251 251 158 158 158 251 251 251 251 251 251 251 251 251 251 251 251 251 251 251 251 251 251 251 251 251 251 251 251 160 160 160 160 160 160 160 160 

M = 441:
441 441 441 441 441 442 442 442 441 441 441 441 441 441 441 441 441 441 441 441 441 441 441 441 441 441 442 442 442 441 441 441 326 326 326 326 434 434 326 326 326 326 434 434 390 390 326 326 326 326 434 434 326 326 434 434 326 326 326 326 390 390 326 326 326 326 326 326 326 326 326 326 326 326 434 434 390 390 326 326 434 434 326 326 326 326 326 326 390 390 434 434 434 434 

M = 440:
440 440 440 440 440 440 440 440 440 440 440 440 440 440 440 438 438 438 438 438 438 438 438 438 438 438 438 440 440 440 440 440 440 440 440 438 438 438 438 438 438 438 438 440 440 440 440 440 440 440 440 440 440 440 440 440 440 440 440 435 435 435 435 435 435 435 435 435 435 435 435 435 435 435 435 435 435 435 435 435 435 435 435 436 436 436 436 

M = 261:
261 261 261 261 261 261 261 261 261 261 261 261 261 261 261 261 261 261 261 262 262 262 262 261 261 261 261 261 261 261 261 261 261 261 261 261 261 261 261 261 261 261 261 261 261 261 261 262 262 262 262 228 228 228 228 228 228 229 229 229 229 228 228 

M = 379:
419 419 419 377 377 377 419 419 419 377 377 377 379 379 379 379 379 379 379 379 379 379 379 379 379 379 377 377 377 379 379 379 379 379 379 419 419 419 379 379 379 379 379 379 377 377 377 379 379 379 379 379 379 379 379 379 419 419 419 379 379 379 419 419 419 379 379 379 419 419 419 379 379 379 419 419 419 379 379 379 378 378 378 378 378 378 378 378 378 378 378 378 378 378 378 378 378 378 

M = 122:
122 122 212 212 212 212 212 212 122 122 122 122 122 122 122 122 122 212 212 212 212 212 212 122 122 122 212 212 212 122 122 122 122 122 122 122 122 122 212 212 212 122 122 122 212 212 212 216 216 208 208 124 124 124 124 208 208 124 124 208 208 124 124 124 124 124 124 208 208 124 124 208 208 124 124 216 216 208 208 208 208 124 124 216 216 124 124 208 208 208 208 124 124 124 124 

M = 259:
258 258 258 258 258 258 258 258 258 258 258 258 259 259 259 259 259 259 259 259 259 259 259 259 259 259 259 259 259 259 259 259 259 259 259 259 259 

M = 403:
329 329 329 329 329 329 329 329 329 329 329 329 329 329 329 329 329 329 329 329 329 329 329 329 400 400 400 400 400 400 400 400 400 400 400 400 400 400 400 403 403 403 406 406 403 403 406 406 403 403 403 403 403 403 403 403 406 406 407 407 403 403 406 406 403 403 406 406 403 403 403 403 403 403 403 403 403 403 403 403 403 403 406 406 

M = 357:
357 357 357 357 357 357 357 357 357 357 357 456 456 357 357 356 356 357 357 456 456 357 357 356 356 456 456 356 356 456 456 356 356 356 356 357 357 357 357 356 356 

M = 342:
339 339 339 345 345 344 344 342 342 342 344 344 342 342 342 342 345 345 345 345 341 341 342 342 342 342 341 341 345 345 342 342 344 344 342 342 342 342 341 341 343 343 342 342 343 343 342 342 344 344 344 344 345 345 341 341 342 342 342 342 344 344 

M = 178:
145 145 145 145 181 181 181 181 181 181 181 181 179 179 179 179 178 178 182 182 182 178 178 178 178 178 178 178 178 178 178 178 178 178 178 178 178 178 178 177 177 177 177 177 177 183 183 226 226 177 177 177 177 226 226 183 183 177 177 226 226 226 226 177 177 226 226 

M = 241:
242 242 242 242 242 242 242 242 242 242 243 243 243 243 243 243 243 243 243 243 244 244 244 244 244 244 244 244 244 244 243 243 243 243 243 243 243 243 243 243 242 242 242 242 242 242 242 242 242 242 194 194 194 194 194 194 241 241 241 241 241 241 241 241 241 241 241 194 194 194 194 194 194 241 241 241 241 241 241 194 194 194 194 194 194 194 194 194 194 194 194 241 241 241 241 241 241 241 241 241 241 241 241 241 241 241 241 241 241 194 194 194 194 194 194 194 194 194 194 194 194 130 130 130 130 130 130 130 130 130 130 130 130 239 239 130 130 130 130 130 130 130 130 130 130 130 130 130 130 130 130 

M = 268:
268 268 268 268 268 268 268 268 268 268 268 268 268 146 146 146 146 146 146 146 146 146 146 146 146 146 146 146 146 146 146 303 303 303 303 303 303 267 267 267 303 303 303 303 303 303 303 303 303 303 303 303 267 267 267 272 272 272 272 272 272 

M = 167:
169 169 169 169 162 162 162 190 190 190 190 190 190 162 162 162 190 190 190 162 162 162 162 162 162 190 190 190 162 162 162 167 167 167 167 167 167 167 167 167 167 167 167 167 167 167 167 167 167 167 167 167 167 167 167 167 

M = 173:
171 171 171 171 173 173 173 173 173 173 173 173 173 171 171 173 173 173 173 277 277 173 173 173 173 274 274 173 173 171 171 173 173 

M = 293:
293 293 293 293 293 293 293 293 293 293 293 293 293 293 293 293 293 293 293 293 293 293 293 293 293 293 293 296 296 296 296 293 293 293 293 293 293 293 293 318 318 318 318 293 293 293 293 293 293 293 293 293 293 293 293 293 293 293 293 293 293 293 293 280 280 280 280 280 280 292 292 292 292 292 292 297 297 297 280 280 280 280 280 280 280 280 280 280 280 280 280 280 280 280 280 280 280 280 280 300 300 312 312 281 281 281 281 281 281 281 281 281 281 281 281 308 308 311 311 311 311 281 281 281 281 

M = 165:
165 165 165 165 165 165 165 165 165 165 165 165 165 165 165 165 165 165 165 165 165 165 165 165 165 165 165 165 165 165 165 165 165 165 165 165 165 165 165 165 165 165 165 165 165 165 165 165 165 165 165 165 165 165 165 165 165 165 165 165 165 165 165 165 165 165 165 165 165 165 165 165 165 165 165 165 165 165 165 164 164 164 164 164 164 164 164 164 164 164 164 164 164 164 164 164 164 163 163 163 163 163 163 163 163 

