M = 342:
345 345 345 342 342 345 345 345 342 342 342 342 342 342 342 342 342 341 341 341 342 342 342 342 342 342 341 341 341 345 345 345 342 342 342 342 342 342 342 342 342 341 341 341 343 343 343 342 342 342 343 343 343 342 342 342 345 345 345 345 345 345 342 342 342 341 341 341 342 342 342 342 342 342 344 344 344 344 344 344 344 344 

M = 303:
303 303 303 303 303 303 303 303 303 303 303 303 303 303 303 303 303 303 303 303 303 303 303 303 303 303 300 300 271 271 308 308 

M = 438:
438 438 438 438 438 438 438 438 438 438 438 438 438 438 

M = 206:
203 203 203 203 203 203 203 203 203 206 208 208 208 208 208 208 208 208 207 207 208 208 206 206 207 207 206 206 206 206 206 206 206 206 208 208 206 206 206 206 208 208 207 207 208 208 206 206 206 206 208 208 206 206 206 206 206 206 

M = 194:
194 194 194 194 194 194 194 194 194 194 194 194 194 194 194 194 194 194 194 194 194 194 194 194 194 194 194 194 194 194 194 194 194 194 194 194 194 194 194 194 194 241 241 241 241 241 241 241 241 241 241 241 241 241 241 241 241 241 241 241 241 241 241 241 241 241 241 241 241 241 241 241 241 241 241 241 241 130 130 130 130 130 130 130 130 130 130 130 130 130 130 130 130 130 130 130 130 130 130 130 130 133 133 133 133 133 133 133 133 133 133 133 133 133 133 133 133 133 133 133 133 133 

M = 337:
406 406 406 406 406 406 407 407 407 406 406 406 406 406 406 406 406 406 330 330 330 330 336 336 337 336 336 337 337 337 337 330 330 337 337 337 337 336 336 336 336 337 337 

M = 440:
440 440 440 440 440 440 440 440 440 440 440 440 440 440 440 440 440 442 442 442 440 440 440 440 440 440 440 440 440 440 440 440 440 440 440 440 440 440 440 440 440 442 442 442 441 441 441 441 441 441 441 441 441 441 441 441 441 441 441 441 441 441 441 441 

M = 163:
165 165 165 165 165 165 164 164 164 164 164 164 164 164 164 164 164 164 164 164 164 162 162 162 157 157 157 162 162 162 162 162 162 157 157 157 157 157 157 163 160 160 163 163 160 160 160 160 160 160 

M = 261:
261 261 261 261 261 261 261 261 261 261 261 261 261 261 261 261 261 261 261 262 262 262 262 261 261 261 261 261 261 261 261 261 261 261 261 261 261 261 261 261 261 261 261 261 261 261 261 262 262 262 262 258 258 258 264 264 264 258 258 258 258 258 258 264 264 264 258 258 258 259 259 259 259 259 259 259 259 259 259 259 259 230 230 259 259 229 229 229 229 259 259 259 259 230 230 259 259 259 259 259 259 259 259 230 230 

M = 218:
218 218 218 218 218 218 218 218 218 218 218 190 190 190 218 218 218 218 218 218 218 218 218 218 218 218 218 218 218 218 218 218 218 218 218 218 218 218 216 216 216 218 218 218 218 218 218 190 190 190 218 218 218 218 218 218 218 218 218 218 218 218 218 218 218 171 171 217 217 220 220 220 220 220 220 220 220 220 220 220 220 220 220 171 171 140 140 220 220 220 220 220 220 220 220 220 220 217 217 220 220 171 171 220 220 220 220 220 220 217 217 220 220 171 171 217 217 

M = 379:
419 419 419 419 419 419 377 377 377 377 377 377 379 379 379 379 379 379 379 379 377 377 377 379 379 379 379 379 379 419 419 419 379 379 379 379 379 379 377 377 377 379 379 379 379 379 379 379 379 379 419 419 419 379 379 379 379 379 379 379 379 379 379 379 379 379 379 379 419 419 419 379 379 379 378 378 378 378 378 378 378 378 378 378 378 378 378 378 378 378 

M = 122:
122 122 122 122 122 122 122 122 122 122 122 122 122 122 122 122 122 122 122 122 122 122 122 122 122 122 122 122 122 122 122 120 120 120 120 120 120 136 136 119 119 212 212 135 135 135 135 119 119 119 119 212 212 212 212 212 212 212 212 119 119 212 212 136 136 119 119 212 212 

M = 403:
400 400 400 329 329 329 329 329 329 329 329 329 400 400 400 400 400 400 329 329 329 329 329 329 400 400 400 329 329 329 400 400 400 398 398 397 397 403 326 326 326 326 326 326 326 326 403 403 403 403 403 403 326 326 403 403 326 326 326 326 403 403 403 403 326 326 326 326 403 403 397 397 326 326 326 326 326 326 326 326 397 397 397 397 398 398 403 403 403 403 403 403 397 397 326 326 403 403 326 326 326 326 403 403 403 403 397 397 403 403 403 403 397 397 

M = 243:
242 242 242 242 242 242 242 242 242 242 243 243 243 243 243 243 243 243 243 243 243 243 243 243 243 243 243 243 243 243 243 243 243 243 243 243 244 244 244 244 244 244 244 244 244 244 244 244 244 244 

M = 178:
268 268 268 268 268 146 146 146 146 146 268 268 268 268 268 146 146 146 146 146 266 266 266 266 266 179 179 179 179 178 178 178 178 178 178 178 178 178 178 178 178 178 178 181 181 181 178 178 178 178 178 178 181 181 181 178 178 178 178 178 178 178 178 178 178 178 178 178 178 178 178 178 178 226 226 226 226 226 226 226 226 226 226 182 182 

M = 251:
251 251 251 251 251 251 251 251 251 251 251 251 251 251 251 251 251 251 251 158 158 158 158 251 251 251 251 251 251 251 251 251 251 251 251 251 251 251 251 235 235 235 

M = 249:
249 249 249 249 249 249 249 249 249 249 249 249 249 249 249 249 249 249 249 249 249 249 249 

M = 293:
318 318 318 318 318 318 296 296 296 318 318 318 318 318 318 280 280 280 280 297 297 293 293 293 280 280 293 293 293 293 292 292 292 292 292 292 293 293 293 293 297 297 297 297 280 280 280 280 280 280 280 280 280 280 293 293 312 312 293 293 280 280 293 293 293 293 280 280 297 297 297 297 293 293 293 293 293 293 293 293 280 280 293 293 280 280 293 293 311 311 292 292 311 311 293 293 292 292 280 280 280 280 

M = 435:
390 390 390 390 390 390 435 389 389 435 435 389 389 389 389 435 435 435 435 435 435 389 389 389 389 389 389 389 389 435 435 435 435 435 435 435 435 435 435 389 389 389 389 435 435 435 435 435 435 

M = 361:
362 362 362 362 362 362 357 357 363 363 361 357 357 363 363 354 354 354 354 354 354 363 363 363 363 363 363 363 363 354 354 361 361 354 354 357 357 361 361 363 363 363 363 361 361 361 361 363 363 354 354 357 357 354 354 357 357 354 354 

