M = 217:
216 216 216 216 216 216 217 217 217 217 217 217 217 

M = 336:
339 339 339 339 406 406 406 407 407 407 406 406 406 411 411 411 411 336 336 336 411 411 336 336 411 411 336 336 336 336 336 336 337 337 336 336 336 336 

M = 243:
244 244 244 244 244 244 244 244 244 244 244 243 243 243 243 243 243 243 243 243 243 243 243 243 243 243 243 243 243 243 

M = 379:
419 419 419 419 419 419 377 377 377 377 377 377 379 379 379 379 379 379 379 379 377 377 377 379 379 379 379 379 379 419 419 419 379 379 379 379 379 379 377 377 377 379 379 379 379 379 379 379 379 379 419 419 419 379 379 379 379 379 379 379 379 379 379 379 379 379 379 379 419 419 419 379 379 379 378 378 345 345 344 344 342 342 342 342 344 344 342 342 342 342 342 342 378 378 345 345 342 342 345 345 378 378 342 342 344 344 378 378 344 344 378 378 342 342 342 342 343 343 342 342 378 378 343 343 342 342 345 345 345 345 342 342 378 378 342 342 342 342 378 378 378 378 

M = 440:
440 440 440 440 440 440 440 440 438 438 438 438 438 438 438 438 438 440 440 440 440 440 440 442 442 442 440 440 440 440 440 440 440 440 440 440 440 440 440 440 440 440 440 440 438 438 438 438 438 438 440 440 440 440 440 440 442 442 442 441 441 435 435 435 435 435 435 435 435 441 441 441 441 435 435 441 441 441 441 435 435 441 441 435 435 435 435 435 435 435 435 441 441 435 435 435 435 441 441 441 441 441 441 435 435 

M = 329:
329 329 329 329 329 329 329 329 329 329 329 390 390 390 329 329 329 390 390 390 329 329 329 330 330 389 389 330 330 389 389 330 330 389 389 

M = 122:
122 122 212 212 212 122 122 122 122 122 122 122 122 122 212 212 212 212 212 212 122 122 122 212 212 212 122 122 122 122 122 122 122 122 122 212 212 212 212 212 212 

M = 403:
403 403 403 403 403 403 403 403 403 403 403 403 403 403 403 403 403 403 403 403 403 403 403 403 403 403 403 403 403 403 403 

M = 120:
120 120 120 120 120 120 120 120 120 120 120 120 120 120 120 120 120 120 120 119 119 119 119 119 119 119 119 119 119 

M = 281:
293 293 293 293 293 293 293 293 293 293 293 293 293 293 293 293 293 293 293 293 293 296 296 296 293 293 293 293 293 293 293 293 293 293 293 293 293 293 293 293 293 293 293 293 293 303 303 280 280 280 280 274 274 297 297 274 274 280 280 300 300 272 272 292 292 272 272 292 292 292 292 274 274 297 297 297 297 280 280 292 292 280 280 280 280 274 274 280 280 312 312 281 281 281 303 303 280 280 274 274 280 280 274 274 303 303 274 274 297 297 303 303 297 297 277 277 272 272 297 297 303 303 281 281 281 281 280 280 281 281 274 274 308 308 280 280 311 311 274 274 274 274 280 280 274 274 311 311 297 297 281 281 281 281 274 274 281 281 303 303 292 292 280 280 280 280 274 274 

M = 397:
400 400 400 400 400 400 400 400 400 400 400 400 400 400 400 398 398 397 397 397 397 397 397 397 398 398 397 397 397 397 397 397 

M = 130:
130 130 130 130 130 130 130 130 130 130 130 130 130 130 130 130 130 130 130 130 130 130 130 130 130 130 130 130 130 130 130 130 130 130 130 130 130 130 130 130 130 130 130 130 130 130 130 130 130 130 130 130 130 130 130 130 130 130 130 130 130 130 130 130 131 131 131 131 128 128 131 131 134 134 128 128 128 128 128 128 134 134 128 128 128 128 

M = 326:
318 318 318 318 318 318 318 318 318 318 318 318 326 326 326 326 326 326 326 319 319 326 326 326 326 326 326 326 326 326 326 326 326 326 326 326 326 326 326 326 326 326 326 326 326 319 319 

M = 357:
357 357 357 356 356 357 357 357 357 357 357 357 357 357 357 356 356 356 356 357 357 356 356 356 356 357 357 356 356 

M = 261:
261 261 261 261 261 261 261 261 261 261 261 261 261 261 261 261 261 261 261 262 262 262 262 261 261 261 261 261 261 261 261 261 261 261 261 261 261 261 261 261 261 261 261 261 261 261 261 262 262 262 262 258 258 258 264 264 264 258 258 258 258 258 258 264 264 264 258 258 258 259 259 259 259 259 259 259 259 259 259 259 259 230 230 259 259 229 229 229 229 259 259 259 259 230 230 259 259 259 259 259 259 259 259 230 230 

M = 178:
268 268 268 268 268 268 268 180 180 180 180 180 180 146 146 146 146 146 146 146 146 146 146 146 146 265 265 265 265 265 266 266 266 266 266 181 181 181 181 181 181 181 181 179 179 179 179 178 178 178 178 178 178 178 178 178 178 178 178 178 178 178 178 178 178 178 178 178 178 178 178 178 178 178 178 178 178 178 178 178 178 178 178 178 178 226 226 267 267 226 226 226 226 226 226 226 226 182 182 

M = 241:
242 242 242 242 242 242 242 242 242 242 242 242 242 242 242 242 242 242 242 242 194 194 194 194 194 194 194 194 241 241 241 241 241 241 241 241 241 241 241 241 241 241 241 241 241 241 241 241 241 241 241 241 241 241 241 241 241 241 241 241 241 241 241 241 241 241 241 241 241 239 239 

M = 235:
251 251 251 251 251 251 251 251 251 251 251 251 251 251 251 251 251 251 251 251 251 251 251 251 251 251 251 251 251 251 251 251 251 251 251 251 251 251 251 251 158 158 158 158 158 158 160 160 160 160 160 160 235 235 235 203 203 235 235 235 235 235 235 235 235 203 203 235 235 235 235 235 235 235 235 235 235 235 235 203 203 203 203 203 203 235 235 235 235 203 203 203 203 235 235 203 203 235 235 235 235 235 235 235 235 203 203 

M = 167:
169 169 169 169 162 162 162 167 167 167 167 167 167 167 167 190 190 190 167 167 167 167 167 167 190 190 190 167 167 167 167 167 167 167 167 167 167 167 167 167 167 167 190 190 190 167 167 167 167 167 167 167 167 167 162 162 162 190 190 190 162 162 162 167 167 167 167 167 167 

M = 165:
165 165 165 165 165 165 165 165 165 165 165 165 165 165 165 165 165 165 165 165 165 165 165 165 165 165 165 165 165 165 165 165 165 165 165 165 165 165 165 165 165 165 165 165 165 165 165 165 165 164 164 164 164 164 164 164 164 164 164 164 164 164 164 164 164 164 164 164 164 164 164 164 164 164 164 164 249 249 249 249 249 249 249 249 249 249 249 249 249 249 249 249 249 249 249 249 249 249 249 249 249 249 249 249 249 249 249 249 249 249 249 249 249 249 249 163 163 163 163 163 163 

