M = 201:
201 201 201 201 201 201 201 204 204 204 204 201 201 201 201 201 201 201 201 201 201 201 201 201 201 201 201 201 201 201 201 203 203 203 203 201 201 201 201 201 201 201 201 201 201 201 201 203 203 203 203 205 205 205 205 201 201 201 201 201 201 201 201 201 201 201 201 201 201 201 201 205 205 205 205 201 201 201 201 201 201 201 201 204 204 204 204 201 201 201 201 205 205 205 205 208 208 208 208 208 208 

M = 146:
266 266 266 266 266 268 268 268 268 147 147 147 147 146 146 146 146 146 146 146 265 265 265 265 265 265 265 265 146 146 146 146 146 146 146 146 268 268 268 268 146 146 146 146 268 268 268 268 265 265 265 265 147 147 147 147 147 147 147 147 144 144 144 145 145 145 142 142 142 142 142 142 145 145 145 142 142 142 145 145 145 145 145 145 143 143 143 143 143 143 143 143 143 143 143 143 267 267 143 143 143 143 143 143 143 143 143 143 143 143 143 143 267 267 143 143 

M = 220:
190 190 190 190 190 190 190 190 190 190 190 190 190 190 218 218 218 218 218 218 217 217 217 217 217 217 217 217 216 216 216 216 216 216 216 216 217 217 217 217 216 216 216 216 216 216 216 216 220 220 220 220 220 220 220 220 220 220 220 220 220 220 220 220 220 220 220 220 220 220 220 220 220 220 220 220 220 220 220 220 220 220 220 220 220 220 220 220 220 220 220 220 220 220 220 220 220 220 140 140 215 215 140 140 140 140 140 140 141 141 141 141 141 141 141 141 139 139 141 141 139 139 140 140 141 141 140 140 141 141 141 141 140 140 141 141 215 215 140 140 140 140 141 141 140 140 140 140 

M = 167:
167 167 167 167 167 167 167 167 167 167 167 167 167 167 167 167 167 167 167 167 167 167 167 167 167 167 167 167 167 167 167 167 167 167 167 167 167 167 167 167 167 167 167 167 167 167 167 167 167 167 167 167 167 167 167 170 170 170 170 170 170 170 170 

M = 156:
159 159 159 159 159 159 159 159 257 257 257 257 257 257 257 257 257 156 156 156 156 156 156 156 156 156 156 156 156 156 156 156 156 156 156 156 156 156 156 156 156 156 156 156 156 156 156 156 156 156 

M = 454:
454 456 456 454 454 454 454 456 456 454 454 454 454 456 456 456 456 456 456 456 456 454 454 456 456 456 456 454 454 454 454 454 454 454 454 456 456 456 456 454 454 454 454 454 454 454 454 454 454 456 456 454 454 456 456 

M = 337:
401 401 335 335 335 335 401 401 336 336 339 339 339 339 337 337 337 339 339 407 407 407 407 401 401 407 407 335 335 337 337 407 407 335 335 401 401 407 407 337 337 336 336 401 401 401 401 401 401 339 339 337 337 407 407 339 339 407 407 409 409 407 407 401 401 407 407 407 407 407 407 401 401 401 401 407 407 407 407 336 336 336 336 339 339 335 335 335 335 407 407 337 337 335 335 401 401 407 407 336 336 336 336 401 401 401 401 337 337 336 336 335 335 339 339 330 330 334 334 401 401 339 339 407 407 336 336 407 407 337 337 337 337 

M = 317:
312 312 312 312 312 312 312 312 312 317 319 319 311 311 319 319 400 400 320 320 311 311 400 400 320 320 311 311 317 317 311 311 317 317 317 317 311 311 400 400 311 311 291 291 307 307 311 311 320 320 311 311 400 400 291 291 320 320 400 400 311 311 400 400 291 291 317 317 400 400 311 311 311 311 311 311 320 320 311 311 311 311 311 311 317 317 311 311 317 317 319 319 291 291 291 291 327 327 400 400 

M = 130:
193 193 193 193 193 193 241 241 241 241 241 241 241 241 241 241 241 241 241 241 241 241 241 241 240 240 240 240 240 240 130 197 197 136 136 130 130 124 124 124 124 136 136 136 136 124 124 130 130 130 130 124 124 136 136 130 130 136 136 130 130 137 137 136 136 130 130 124 124 130 130 130 130 126 126 130 130 130 130 130 130 130 130 136 136 136 136 130 130 124 124 136 136 130 130 130 130 197 197 197 197 130 130 130 130 124 124 124 124 

M = 182:
229 229 229 229 229 229 229 229 229 229 229 229 229 229 229 229 229 229 229 229 120 120 120 120 120 120 120 120 120 120 120 120 120 120 120 120 120 120 120 120 120 120 120 120 120 120 120 120 120 120 120 120 182 182 182 182 182 182 182 182 182 182 182 119 119 119 182 182 182 228 228 228 228 228 228 182 182 182 261 261 261 228 228 228 261 261 261 119 119 119 182 182 182 119 119 119 228 228 228 261 261 261 261 261 261 121 121 121 182 182 182 261 261 261 121 121 121 119 119 119 261 261 261 261 261 261 261 261 261 182 182 182 261 261 261 182 182 182 228 228 228 261 261 261 261 261 261 261 261 261 182 182 182 182 182 182 259 259 183 183 259 259 259 259 178 178 178 178 259 259 179 179 259 259 259 259 179 179 230 230 183 183 179 179 179 179 178 178 178 178 226 226 183 183 178 178 183 183 179 179 259 259 226 226 230 230 226 226 259 259 178 178 179 179 259 259 178 178 259 259 230 230 

M = 355:
355 355 355 355 355 355 355 355 355 355 355 

M = 273:
273 273 273 273 273 273 273 273 273 273 273 273 273 273 273 273 273 273 273 273 273 273 273 273 273 273 273 273 273 273 273 269 269 269 269 273 273 273 273 173 173 173 173 173 173 173 173 173 173 173 173 173 173 173 173 173 173 173 173 173 272 272 272 272 150 150 150 150 272 272 272 272 305 305 272 272 150 150 150 150 150 150 150 150 272 272 306 306 272 272 272 272 272 272 150 150 150 150 272 272 306 306 272 272 272 272 305 305 306 306 150 150 

M = 165:
164 164 164 164 164 164 164 164 164 164 164 164 164 165 165 165 165 165 165 165 165 165 165 165 165 165 165 165 165 165 165 165 165 165 165 165 165 165 165 165 165 165 165 165 165 165 165 165 165 165 165 165 165 165 165 165 165 165 165 165 165 165 165 165 165 165 165 165 165 165 165 165 165 165 165 165 165 165 165 165 165 165 165 165 165 165 165 165 165 165 165 165 165 165 165 165 165 165 165 165 165 165 165 164 164 164 164 164 164 164 164 164 164 164 164 164 165 165 165 165 165 165 165 165 165 165 165 165 165 165 165 165 165 165 165 165 165 165 165 165 165 165 

M = 281:
284 284 284 284 284 281 281 281 281 284 284 284 284 284 281 281 281 281 281 281 281 281 281 281 281 281 281 281 281 284 284 284 284 284 281 281 281 281 281 281 281 281 281 281 300 300 300 300 301 301 301 301 301 301 285 285 285 285 285 285 

M = 235:
235 235 235 235 235 235 235 235 235 235 235 235 235 235 235 235 235 235 235 235 235 235 235 235 235 235 235 235 235 235 235 235 235 235 235 235 235 235 235 235 235 235 235 235 235 235 235 235 235 235 235 235 235 235 235 235 235 235 235 235 235 235 235 235 235 235 235 235 235 235 235 235 235 235 235 

M = 434:
436 436 436 436 436 436 440 440 440 440 434 440 440 434 434 329 329 440 440 329 329 329 329 434 434 440 440 329 329 440 440 434 434 329 329 440 440 329 329 440 440 329 329 440 440 434 434 434 434 440 440 329 329 390 390 440 440 329 329 434 434 440 440 440 440 440 440 440 440 440 440 434 434 440 440 329 329 

M = 251:
251 251 251 251 251 251 251 251 251 251 251 251 251 251 251 251 251 251 251 251 251 251 251 251 251 251 251 251 251 251 251 251 251 251 251 251 251 251 251 251 251 251 251 251 251 251 251 251 251 251 251 251 251 251 251 251 251 251 251 251 251 251 251 251 251 251 251 251 251 251 251 251 251 251 251 251 251 251 251 251 251 251 251 251 251 251 251 251 251 251 251 251 251 251 251 251 251 251 251 251 251 251 251 249 249 249 249 249 249 249 249 249 249 249 249 249 249 249 249 249 249 249 249 249 249 249 249 249 249 249 249 249 249 249 249 249 249 249 249 249 249 249 249 249 249 249 249 249 249 249 249 249 237 237 237 237 237 237 237 237 237 239 239 239 239 239 239 

M = 188:
171 171 171 122 122 122 122 122 122 122 122 122 122 122 122 172 172 172 172 172 172 122 122 122 122 122 122 171 171 171 122 122 122 122 122 122 172 172 172 122 122 122 172 172 172 171 171 171 188 188 188 188 188 188 188 188 188 188 188 188 188 188 188 188 188 188 188 188 188 188 188 188 188 

M = 162:
163 163 163 163 163 163 163 163 163 163 163 163 162 162 162 162 162 162 162 162 162 162 162 162 162 162 162 162 162 162 162 162 162 162 162 162 

M = 361:
361 361 361 361 361 

