M = 282:
312 312 312 312 312 312 312 312 312 312 312 312 312 312 312 318 318 318 318 282 282 283 283 283 313 313 313 283 283 283 317 317 317 282 282 282 282 282 282 317 317 317 282 282 282 282 282 282 282 282 282 283 283 283 282 282 282 283 283 283 283 283 283 317 317 317 282 282 282 283 283 283 283 283 283 283 283 283 283 283 283 282 282 282 282 282 282 317 317 317 317 317 317 283 283 283 282 282 282 283 283 283 282 282 282 314 314 284 284 284 284 284 284 279 279 355 355 284 284 355 355 281 281 284 284 355 355 284 284 284 284 281 281 281 281 281 281 281 281 279 279 355 355 356 356 291 291 291 291 355 355 284 284 291 291 284 284 355 355 281 281 284 284 281 281 281 281 355 355 281 281 355 355 281 281 355 355 281 281 284 284 281 281 284 284 314 314 284 284 358 358 284 284 284 284 279 279 284 284 314 314 355 355 281 281 355 355 291 291 284 284 291 291 356 356 281 281 281 281 284 284 355 355 

M = 303:
303 303 303 303 303 303 303 303 303 303 303 303 303 303 303 303 303 303 303 303 303 303 303 305 305 305 305 305 305 305 305 306 306 311 311 306 306 306 306 306 306 306 306 306 306 

M = 143:
142 142 142 142 142 142 141 141 141 141 141 143 143 143 143 143 143 143 143 143 143 143 143 143 143 143 143 143 143 143 143 143 143 143 143 143 143 143 143 143 143 143 143 143 143 143 213 213 213 212 212 212 213 213 213 213 213 213 

M = 207:
206 206 206 206 206 206 206 206 206 206 206 206 206 206 206 208 208 208 226 226 226 204 204 204 205 205 205 226 226 226 208 208 208 208 208 208 205 205 205 205 205 205 226 226 226 208 208 208 208 208 208 208 208 208 226 226 226 226 226 226 208 208 208 205 205 205 207 207 207 207 207 203 203 203 203 207 207 207 207 207 207 207 207 203 203 203 203 203 203 207 207 203 203 203 203 207 207 203 203 207 207 207 207 207 207 207 207 

M = 259:
258 258 258 258 258 258 258 258 258 257 257 257 258 258 258 257 257 257 257 257 257 257 257 257 258 258 258 259 259 259 259 259 259 259 231 231 231 231 233 233 233 233 231 231 231 231 259 259 232 232 231 231 259 259 232 232 232 232 232 232 231 231 231 231 

M = 196:
196 196 127 127 127 196 196 196 127 127 127 196 196 196 196 196 196 127 127 127 196 196 196 196 196 196 196 196 196 127 127 127 196 196 196 127 127 127 127 127 127 196 196 196 197 197 197 197 197 197 

M = 261:
229 229 229 229 229 262 262 262 262 262 229 229 229 229 229 262 262 262 262 262 262 262 262 262 262 261 261 261 261 261 261 261 261 261 261 261 261 261 261 261 261 261 261 261 261 261 261 261 261 261 261 261 261 261 261 261 261 261 261 261 261 261 261 261 261 261 261 261 261 261 261 261 228 228 228 228 228 228 228 228 228 228 228 228 228 228 228 228 228 228 

M = 193:
193 193 193 193 193 193 193 193 193 193 193 193 193 193 193 193 193 193 193 217 217 217 217 217 194 194 194 194 194 193 193 193 193 193 193 193 193 193 193 193 193 193 193 193 193 193 193 193 193 217 217 217 217 217 130 130 130 130 130 130 130 130 218 218 218 218 218 218 218 218 219 219 219 219 130 130 130 130 130 130 130 130 130 130 130 130 219 219 219 219 130 130 130 130 219 219 219 219 130 130 130 130 130 130 130 130 219 219 219 219 130 130 130 130 130 130 130 130 130 130 130 130 130 130 130 130 218 218 218 218 130 130 130 130 130 130 130 130 130 130 130 130 219 219 219 219 190 190 190 190 190 190 190 190 190 190 190 190 190 190 190 190 190 190 190 190 190 190 190 190 220 220 220 220 220 220 220 220 220 220 220 220 220 220 220 220 220 220 220 220 220 220 220 220 220 220 220 220 220 220 220 220 220 220 220 220 

M = 149:
146 146 146 146 146 146 146 146 146 146 146 146 146 146 146 146 146 146 146 146 146 146 146 146 146 146 146 146 146 146 267 267 267 267 267 267 267 267 264 264 264 264 264 264 149 149 149 148 148 149 149 150 150 149 149 150 150 149 149 150 150 149 149 150 150 149 149 149 149 149 149 149 149 149 149 149 149 149 149 150 150 150 150 149 149 149 149 150 150 149 149 149 149 150 150 149 149 

M = 401:
326 326 401 401 401 400 400 401 401 400 400 327 327 401 401 401 401 327 327 327 327 400 400 400 400 326 326 326 326 456 456 331 331 400 400 331 331 456 456 456 456 331 331 401 401 401 401 400 400 326 326 401 401 327 327 456 456 456 456 327 327 399 399 401 401 331 331 359 359 400 400 401 401 401 401 401 401 327 327 401 401 456 456 456 456 327 327 

M = 122:
122 122 122 122 122 124 124 124 124 124 124 124 124 124 122 122 122 122 122 122 122 122 122 122 122 122 122 122 122 122 122 122 125 125 125 124 124 124 124 124 124 122 122 122 122 122 122 122 122 122 124 124 124 122 122 122 122 122 122 122 122 122 124 124 124 124 124 124 

M = 273:
273 273 273 273 273 273 273 273 273 273 273 273 273 273 273 273 273 273 273 273 273 273 273 273 273 273 273 273 273 273 273 273 273 273 273 273 273 273 273 273 273 273 273 273 273 273 273 273 273 273 273 273 273 273 273 273 273 273 273 

M = 241:
242 242 242 242 242 242 242 242 242 242 242 242 242 242 242 242 242 242 242 242 242 242 242 242 242 242 242 242 242 242 242 242 242 242 242 242 242 242 242 242 243 243 243 243 243 243 243 243 243 243 243 243 243 243 243 243 243 243 241 241 241 241 241 241 241 241 241 241 241 240 240 240 240 240 240 241 241 241 241 241 241 241 241 241 241 241 241 241 241 241 241 241 241 241 241 241 241 241 241 241 241 241 241 241 241 244 244 244 244 244 244 241 241 241 241 241 241 241 241 241 241 241 241 241 241 241 241 241 241 241 241 241 241 241 241 241 241 241 241 241 241 

M = 135:
136 136 136 136 136 136 136 136 136 136 139 139 139 139 139 135 135 135 135 135 135 135 135 135 135 135 135 135 135 135 135 135 135 135 135 135 135 135 135 135 135 135 135 135 135 135 135 135 135 135 135 135 135 135 135 135 135 135 134 134 134 138 138 138 138 138 138 

M = 178:
177 177 177 177 178 178 178 178 178 178 178 177 177 177 177 179 179 179 179 178 178 178 178 177 177 177 177 178 178 178 178 178 178 178 178 178 178 178 178 178 178 178 178 

M = 274:
274 274 274 274 274 274 274 274 274 274 274 274 274 274 274 274 274 274 274 274 274 274 274 274 274 274 274 274 274 274 274 274 274 274 274 274 274 274 274 274 274 274 274 274 274 274 274 274 274 274 274 275 275 275 275 275 275 275 275 275 275 275 275 275 275 275 275 275 275 275 275 275 

M = 167:
167 167 171 171 171 171 171 171 167 167 167 167 167 167 167 167 167 167 167 167 171 171 171 167 167 167 167 167 167 167 167 167 167 167 167 167 167 167 167 167 167 167 167 167 167 167 167 171 171 171 167 167 167 167 167 167 171 171 171 162 162 162 162 162 162 162 162 162 162 162 162 162 162 162 162 162 162 162 162 

M = 251:
159 159 159 159 159 159 159 159 159 159 250 250 250 250 250 251 251 235 235 235 251 251 251 251 251 251 235 235 235 251 251 251 251 251 251 251 251 251 251 251 251 251 251 251 251 251 251 251 251 251 251 251 251 251 251 251 235 235 235 235 235 235 251 251 251 251 251 251 251 251 251 237 237 237 237 237 237 237 237 237 237 237 237 

M = 249:
249 249 249 249 249 249 249 249 249 249 249 249 249 249 249 249 249 249 249 249 249 249 249 249 249 249 249 249 249 249 249 249 249 249 249 249 249 249 249 249 249 249 249 249 249 249 249 249 249 249 249 249 249 249 249 249 249 249 249 249 249 249 249 249 249 249 249 249 249 249 249 249 249 249 249 249 249 

M = 165:
164 164 164 164 164 164 164 164 164 165 165 165 165 165 165 165 165 165 165 165 165 165 165 165 165 165 164 164 164 164 164 164 164 164 164 165 165 165 165 165 165 165 165 165 165 165 165 165 165 165 165 165 165 165 165 165 165 165 165 165 165 165 165 165 165 165 165 165 165 165 165 165 165 165 165 165 165 165 165 165 165 165 165 165 165 165 165 165 165 165 165 165 165 165 165 165 165 165 165 165 165 165 165 165 165 165 165 165 165 165 165 165 165 165 165 165 163 163 163 163 163 163 163 

