M = 146:
146 146 146 146 146 146 146 146 146 146 146 146 146 146 146 146 146 146 146 146 146 146 146 146 146 146 146 146 146 146 146 146 146 146 146 146 146 146 146 146 146 146 146 146 146 146 146 146 146 146 146 146 146 146 146 146 146 146 146 

M = 282:
281 281 281 281 281 281 281 281 281 281 281 281 281 281 281 281 281 281 281 281 281 281 281 281 281 281 281 281 281 281 281 281 281 281 281 281 281 281 281 281 297 297 297 297 297 297 297 297 297 293 293 293 293 293 293 293 293 293 293 293 293 293 293 293 293 293 293 293 293 293 293 293 293 293 293 293 293 293 293 279 279 279 293 293 293 293 293 293 293 293 293 293 293 293 293 293 293 282 282 282 282 282 282 282 319 319 315 315 312 312 282 282 290 290 290 290 290 290 282 282 282 282 290 290 290 290 282 282 282 282 282 282 282 282 290 290 316 316 290 290 282 282 282 282 315 315 282 282 290 290 282 282 290 290 290 290 290 290 290 290 282 282 282 282 

M = 119:
119 119 119 119 119 119 119 119 119 119 119 119 119 119 120 120 120 120 120 120 120 120 120 120 

M = 215:
141 141 141 141 141 141 141 216 216 216 216 216 216 216 216 212 212 212 212 212 212 212 212 212 212 212 212 212 212 212 212 212 212 215 215 215 215 215 215 215 215 215 215 215 215 215 

M = 173:
172 172 172 172 172 172 172 172 172 172 172 172 172 172 172 172 172 172 172 172 172 172 172 172 171 171 171 171 171 171 171 171 171 171 171 171 171 171 171 171 171 171 171 171 171 171 171 171 171 171 171 171 171 171 173 173 173 173 173 173 173 173 173 173 173 173 173 173 173 173 173 173 173 173 173 173 173 173 173 173 173 173 173 173 173 173 173 173 173 173 173 173 173 173 173 173 173 173 173 173 173 173 173 173 173 173 173 173 173 173 173 173 173 173 173 173 173 173 173 173 173 173 173 173 173 258 258 258 258 258 258 258 258 258 258 

M = 303:
303 303 303 303 303 303 303 303 303 303 303 303 303 303 303 303 303 303 303 303 303 303 303 303 303 303 303 303 303 305 305 305 305 305 305 305 305 305 305 305 305 308 308 308 308 299 299 302 302 299 299 299 299 308 308 308 308 302 302 308 308 308 308 299 299 302 302 302 302 308 308 308 308 299 299 308 308 308 308 306 306 302 302 302 302 302 302 308 308 306 306 308 308 299 299 302 302 308 308 299 299 308 308 308 308 302 302 

M = 277:
280 280 280 280 280 280 280 280 280 280 280 280 280 280 280 280 280 280 280 280 280 280 280 280 280 280 280 280 280 280 280 280 277 277 277 277 277 277 277 277 277 277 277 277 277 277 277 277 277 277 277 277 277 277 277 277 277 277 277 277 277 277 277 277 277 277 277 277 277 277 277 277 277 278 278 278 278 278 278 278 277 277 277 277 277 277 277 277 277 277 277 277 277 277 277 277 277 277 277 277 277 277 277 277 277 277 277 277 277 277 277 277 277 277 277 277 277 277 277 277 277 277 277 277 277 277 277 277 277 276 276 276 276 

M = 444:
356 356 356 356 356 356 356 356 356 356 356 356 356 356 356 356 356 356 362 362 362 362 362 362 362 362 362 362 362 362 362 362 362 362 362 362 362 362 362 440 440 440 440 440 440 440 440 438 438 438 438 438 438 438 438 438 438 438 438 440 440 440 440 440 440 440 440 440 440 440 440 438 438 438 438 440 440 440 440 438 438 438 438 440 440 440 440 440 440 440 440 440 440 440 440 440 440 440 440 444 444 360 360 360 444 444 444 444 444 444 444 444 444 444 444 444 358 358 358 358 358 358 360 360 360 444 444 444 358 358 358 444 444 444 444 444 444 444 444 444 444 444 444 358 358 358 360 360 360 444 444 444 444 444 444 444 444 444 444 444 444 444 444 444 437 437 428 428 428 428 437 437 437 437 428 428 428 428 428 428 437 437 428 428 428 428 437 437 428 428 428 428 428 428 428 428 428 428 428 428 

M = 379:
419 419 419 419 377 377 419 419 377 377 377 377 379 379 379 379 379 419 419 419 419 379 379 419 419 379 379 419 419 379 379 419 419 379 379 419 419 379 379 377 377 379 379 419 419 419 419 419 419 379 379 379 379 419 419 377 377 340 340 379 379 379 379 419 419 

M = 178:
179 179 179 179 179 177 177 177 177 177 179 179 179 179 179 179 179 179 179 179 177 177 177 177 177 181 181 181 181 178 178 178 178 178 178 178 178 178 178 178 178 178 178 178 178 178 178 178 178 262 262 262 262 262 262 262 262 262 262 262 262 262 262 262 262 

M = 273:
273 273 273 273 273 273 273 273 273 273 273 273 273 273 273 273 273 273 273 273 273 273 273 273 273 273 273 273 273 273 273 273 273 

M = 267:
265 265 265 265 265 265 265 265 265 265 265 265 267 267 267 267 267 267 267 267 267 267 267 267 267 267 267 267 267 267 267 267 267 267 267 

M = 401:
398 398 398 401 401 401 401 401 401 401 401 401 401 401 401 401 401 398 398 398 324 324 324 398 398 398 398 398 398 401 401 401 324 324 324 324 324 324 401 401 401 324 324 324 324 324 324 398 398 398 401 401 401 401 401 401 401 401 401 324 324 324 401 401 401 324 324 324 398 398 398 324 324 324 403 403 400 400 403 403 403 403 403 403 403 403 400 400 403 403 403 403 403 403 400 400 331 331 403 403 400 400 400 400 403 403 403 403 400 400 400 400 403 403 400 400 403 403 400 400 403 403 403 403 403 403 403 403 

M = 242:
242 242 242 242 242 242 242 242 242 242 242 242 242 242 242 194 194 194 194 194 194 194 194 194 194 194 194 194 194 194 194 194 194 194 194 194 194 194 194 242 242 242 242 242 242 242 242 244 244 244 240 240 240 240 240 240 

M = 274:
274 274 274 274 274 274 274 274 274 274 274 274 274 274 274 274 274 274 274 274 274 274 274 274 274 274 274 274 274 274 274 274 274 274 274 274 274 274 274 274 274 274 274 274 274 274 274 274 274 274 274 274 274 274 274 274 274 274 274 274 274 274 274 274 275 275 275 275 275 275 

M = 167:
167 167 167 167 167 167 167 167 167 167 167 167 167 167 167 167 167 167 167 167 167 167 167 167 167 167 167 167 167 167 167 167 167 167 167 167 167 167 167 167 167 167 167 167 167 167 167 167 167 167 167 167 167 162 162 162 162 

M = 249:
249 249 249 249 249 249 249 249 249 249 249 248 248 249 249 249 249 249 249 249 249 249 249 249 249 249 249 248 248 249 249 249 249 249 249 

M = 284:
284 284 284 284 284 284 284 284 284 284 284 284 284 284 284 284 284 284 284 284 284 284 284 284 284 284 284 284 284 284 284 284 284 284 284 285 285 285 285 283 283 283 283 285 285 285 285 283 283 283 283 283 283 283 283 285 285 285 285 285 285 285 285 285 285 285 285 285 285 285 285 283 283 283 283 286 286 286 286 286 286 286 286 286 286 286 286 286 286 286 286 286 286 286 286 286 286 286 286 

M = 165:
164 164 164 164 164 164 164 164 164 164 164 165 165 165 165 165 165 165 165 165 165 165 165 165 165 165 165 165 165 165 165 165 165 165 165 165 165 165 165 165 165 165 165 165 165 165 165 165 165 165 165 165 165 165 165 165 165 165 165 165 165 165 165 165 165 163 163 163 163 163 163 163 163 

M = 220:
190 190 190 190 190 190 190 190 190 190 190 190 190 190 190 190 190 190 190 190 190 190 220 220 220 220 220 220 220 220 220 220 220 220 220 220 220 220 220 220 220 220 220 220 220 220 220 220 220 220 220 220 220 220 220 220 220 220 220 220 220 220 220 220 220 220 220 220 220 220 220 220 193 193 193 193 193 193 193 193 193 193 193 193 

