M = 146:
146 146 146 146 146 146 146 146 146 146 146 146 146 146 146 146 146 146 146 146 146 146 146 146 146 146 146 146 146 146 146 146 146 146 146 

M = 147:
147 147 147 147 147 147 147 147 147 147 147 147 147 147 147 147 147 147 147 147 147 147 147 147 147 147 147 147 147 148 148 148 148 148 148 148 148 

M = 210:
208 208 208 208 208 208 208 208 208 208 208 208 208 208 208 208 208 208 210 210 210 210 210 210 210 210 210 210 210 210 210 210 210 210 210 210 210 210 210 210 210 210 210 

M = 264:
264 

M = 440:
440 440 440 440 440 440 440 440 440 440 440 440 440 440 440 440 440 440 440 440 440 440 440 440 440 440 440 440 440 440 440 440 440 440 440 440 440 440 440 440 440 440 440 440 440 440 440 440 440 440 440 440 440 440 440 440 440 440 440 440 440 440 440 440 440 440 440 440 440 440 440 440 440 440 440 440 440 440 440 440 440 440 440 440 440 440 440 440 440 438 438 438 438 438 438 438 438 434 434 434 434 434 434 436 436 436 434 434 434 434 434 434 434 434 434 434 434 434 436 436 436 434 434 434 329 329 329 329 329 329 329 329 329 329 

M = 299:
296 296 296 296 296 299 278 278 299 299 299 299 299 299 299 299 299 299 299 299 278 278 

M = 190:
190 190 190 190 190 190 190 190 190 190 190 190 190 190 190 190 190 190 190 190 190 190 190 190 190 190 190 190 190 190 190 190 190 190 190 190 190 190 217 217 217 217 217 217 217 217 217 217 217 217 217 217 217 217 217 217 217 217 217 217 217 217 217 217 217 217 217 217 217 217 217 217 217 217 220 220 220 220 220 220 220 220 220 220 170 170 170 170 170 170 171 171 171 171 171 171 171 171 171 171 171 171 216 216 216 216 192 192 192 192 192 192 171 171 

M = 120:
120 120 120 120 120 120 119 119 119 119 119 119 119 120 120 120 120 120 120 120 119 119 119 119 119 119 119 119 119 119 119 119 119 119 120 120 120 120 120 120 120 

M = 244:
243 243 243 243 243 243 243 243 243 243 243 243 243 243 244 244 244 244 244 244 244 244 244 244 244 244 244 244 244 244 244 244 244 244 244 244 244 

M = 122:
122 122 122 122 122 122 122 122 122 122 122 122 122 122 122 122 122 122 122 122 122 122 122 122 122 122 122 122 122 122 122 122 122 122 122 

M = 137:
142 142 142 137 137 137 137 137 137 137 137 137 

M = 290:
281 281 281 281 281 281 281 281 281 281 281 281 281 281 281 281 281 281 281 281 281 281 281 281 293 293 293 293 293 293 293 290 290 290 290 290 290 290 290 290 290 290 290 290 290 290 290 290 444 444 444 444 444 444 290 290 290 290 290 290 290 290 290 290 290 290 290 290 290 290 290 290 290 290 290 290 290 290 290 290 290 290 290 290 290 290 290 290 290 290 290 290 290 290 290 290 290 290 290 290 290 290 443 443 443 443 443 443 443 443 443 443 443 443 443 443 443 443 443 443 443 443 443 443 443 443 443 443 443 443 443 443 445 445 445 445 285 285 445 445 445 445 284 284 292 292 325 325 325 325 325 325 292 292 294 294 325 325 294 294 285 285 321 321 280 280 445 445 325 325 322 322 285 285 292 292 284 284 322 322 325 325 445 445 325 325 284 284 294 294 285 285 325 325 285 285 284 284 285 285 322 322 325 325 325 325 322 322 325 325 292 292 325 325 292 292 

M = 229:
182 182 182 182 182 182 229 229 229 229 229 229 229 229 229 229 229 229 229 229 229 229 229 229 229 229 229 229 229 229 229 

M = 178:
179 179 179 179 179 179 181 181 181 181 181 181 178 178 178 178 178 178 178 178 178 178 178 178 178 178 178 178 178 178 178 178 178 178 178 178 178 178 178 178 178 178 178 178 178 178 178 178 178 178 178 178 178 178 178 178 178 178 178 178 178 178 178 178 178 178 178 178 178 178 178 262 262 262 262 262 262 262 262 262 262 262 262 262 262 262 262 262 262 

M = 177:
177 177 177 177 177 177 177 177 177 177 177 177 177 177 177 177 177 177 177 177 177 177 177 177 177 177 177 177 177 177 177 177 177 177 177 

M = 241:
242 242 242 242 242 242 242 242 242 242 242 242 242 242 242 242 241 241 241 241 241 241 241 241 241 241 241 241 241 241 241 241 241 241 241 241 241 241 241 241 241 241 241 241 241 241 241 241 241 241 193 193 193 193 193 193 193 193 193 193 193 193 193 193 193 193 193 193 193 193 193 193 193 193 193 193 193 193 193 193 193 193 193 193 193 193 193 193 193 193 

M = 251:
249 249 249 249 248 248 248 248 249 249 249 249 157 157 157 158 158 158 157 157 157 251 251 251 251 251 251 251 251 251 251 251 251 251 251 251 251 251 251 251 251 251 

M = 245:
245 245 245 

M = 165:
164 164 164 164 164 164 164 164 164 164 164 164 164 164 164 164 164 164 165 165 165 165 165 165 165 165 165 165 165 165 165 165 165 165 165 165 165 165 165 165 165 165 165 165 165 165 165 165 165 165 165 165 165 165 165 165 165 165 165 165 165 165 165 165 165 165 165 165 165 165 165 165 165 165 165 165 165 165 165 165 165 165 165 165 165 165 165 165 165 165 165 165 165 165 165 165 165 167 167 167 167 167 167 167 167 167 167 167 167 162 162 162 162 162 162 162 162 162 162 162 162 163 163 163 163 163 163 163 163 

M = 358:
356 356 356 356 356 356 356 356 356 356 356 362 362 362 362 362 362 362 362 362 362 362 358 358 358 358 358 358 358 358 358 358 358 358 358 358 

