M = 201:
204 204 204 204 204 204 204 204 204 204 204 204 204 204 204 204 235 235 235 235 235 235 235 235 235 235 235 235 235 235 235 235 235 235 235 235 235 235 235 235 201 201 201 201 201 201 201 201 201 201 201 201 201 201 201 201 201 201 201 201 201 201 201 201 205 205 205 205 205 201 201 201 201 201 201 201 201 201 201 205 205 205 205 205 201 201 201 201 201 201 201 201 201 201 201 201 201 201 201 201 201 201 201 201 201 201 201 201 201 201 201 201 201 201 208 208 208 208 208 208 208 208 208 208 208 208 208 208 208 208 208 208 208 208 208 208 208 208 208 208 208 208 208 208 208 208 233 233 

M = 146:
267 267 267 267 267 267 267 267 267 267 267 267 267 267 267 267 267 267 267 267 144 144 144 144 144 146 146 146 146 146 146 146 146 146 146 146 146 146 146 146 146 146 146 146 146 146 146 146 146 146 146 146 266 266 266 266 266 266 266 266 266 266 266 266 145 145 145 145 270 270 145 145 145 145 270 270 270 270 145 145 269 269 145 145 

M = 157:
158 158 158 158 158 158 158 158 158 158 158 158 158 158 158 158 159 159 159 159 159 159 159 159 159 159 161 161 161 161 163 163 163 163 163 163 163 163 160 160 160 160 163 163 163 163 157 157 157 157 157 157 157 157 157 157 157 162 162 162 162 162 162 156 156 154 154 156 156 156 156 156 156 

M = 141:
141 141 141 142 142 142 142 141 141 141 141 141 141 141 141 141 141 141 141 141 141 141 141 140 140 140 140 140 140 140 140 140 

M = 375:
377 377 377 377 379 379 379 379 379 379 379 379 379 379 379 379 379 379 379 379 376 376 376 376 376 376 344 344 375 375 375 344 344 375 375 375 375 375 375 344 344 380 380 380 380 375 375 375 375 375 375 380 380 380 380 375 375 375 375 

M = 302:
303 303 303 303 303 303 303 303 303 303 303 303 303 303 303 303 303 303 303 303 303 303 303 303 303 305 305 305 305 305 305 305 305 305 305 305 305 305 305 305 300 300 300 300 302 302 302 300 300 300 300 299 299 299 299 302 302 302 302 299 299 299 299 299 299 299 299 302 302 302 302 302 302 302 302 301 301 301 301 302 302 302 302 296 296 296 296 302 302 302 302 307 307 307 297 297 297 297 297 297 297 297 297 297 297 297 297 297 297 307 307 307 297 297 297 297 297 297 307 307 307 297 297 297 297 297 297 311 311 311 297 297 297 297 297 297 311 311 311 307 307 307 297 297 297 274 274 314 314 272 272 274 274 272 272 272 272 292 292 314 314 292 292 274 274 292 292 274 274 274 274 272 272 274 274 292 292 274 274 272 272 274 274 314 314 274 274 272 272 272 272 272 272 314 314 272 272 272 272 314 314 274 274 272 272 272 272 274 274 314 314 292 292 314 314 314 314 274 274 274 274 272 272 274 274 274 274 314 314 292 292 292 292 272 272 274 274 

M = 196:
127 127 127 127 127 127 127 127 127 127 127 127 127 127 127 127 127 127 197 197 197 197 197 197 196 196 196 196 196 196 196 196 196 196 196 196 196 196 196 196 196 196 196 196 196 196 196 196 196 196 196 196 196 196 196 196 196 196 196 196 196 196 196 196 196 196 196 196 196 196 196 196 196 196 196 196 196 196 196 196 196 196 196 196 196 196 196 196 196 196 196 196 196 196 196 196 196 196 

M = 122:
124 124 124 124 124 124 123 123 123 123 123 123 124 124 124 124 124 124 123 123 123 123 123 123 123 123 123 123 123 123 122 122 122 122 122 122 122 122 122 122 122 122 122 122 122 122 122 122 122 122 122 122 122 122 122 122 122 122 122 122 122 122 122 122 122 122 122 122 122 122 122 122 122 122 122 122 122 122 122 120 120 120 120 120 120 120 120 120 120 120 120 125 125 125 125 125 125 125 125 125 125 125 125 

M = 219:
217 217 217 217 217 217 219 219 219 219 219 219 219 219 219 219 219 219 219 219 190 190 190 190 190 190 190 190 190 190 190 190 

M = 261:
261 261 261 261 261 229 229 229 261 261 261 261 261 261 261 261 261 261 261 261 229 229 229 229 229 229 261 261 261 261 261 261 261 261 261 261 261 261 261 261 261 261 261 261 261 261 261 261 261 261 261 261 261 229 229 229 259 259 259 259 262 262 264 264 264 264 264 264 264 264 259 259 264 264 264 264 264 264 262 262 264 264 232 232 262 262 264 264 259 259 259 259 259 259 

M = 130:
134 134 134 134 134 134 134 134 134 134 134 134 134 134 134 134 134 134 134 134 134 134 134 134 134 130 130 130 130 130 130 130 130 130 130 130 130 130 130 130 130 130 130 130 130 130 130 130 130 130 130 130 130 130 130 130 130 130 130 130 130 130 130 130 130 130 130 130 130 130 130 130 130 130 130 130 130 130 130 130 130 130 130 130 130 130 130 130 

M = 240:
245 245 245 245 245 245 245 245 245 242 242 242 242 239 239 239 239 239 239 194 194 194 239 239 239 240 240 240 240 240 240 240 240 240 

M = 178:
265 265 265 181 181 181 180 180 180 178 178 178 178 178 182 182 178 178 178 178 178 178 178 178 178 178 178 178 178 178 178 178 178 178 178 178 178 178 178 178 178 178 178 178 182 182 

M = 165:
165 165 164 164 164 165 165 165 165 165 165 165 165 165 165 165 165 165 165 165 165 165 165 165 165 165 165 165 165 164 164 164 164 164 164 165 165 165 165 165 165 165 165 165 165 165 165 164 164 164 165 165 165 165 165 165 165 165 165 165 165 165 

M = 139:
136 136 136 136 136 136 136 136 136 136 136 136 136 136 136 136 136 136 136 136 136 136 136 136 136 136 136 136 137 137 137 137 137 137 137 139 139 139 139 139 139 139 139 139 139 139 139 139 139 139 139 139 139 139 139 139 139 139 139 139 139 139 139 139 139 139 139 139 139 139 139 139 139 138 138 138 138 138 138 138 138 138 138 

M = 251:
251 251 251 251 251 251 251 251 251 251 251 251 251 251 251 251 251 251 251 251 251 251 251 251 251 251 251 251 251 251 251 251 251 251 251 251 251 251 251 251 251 251 251 251 251 251 251 251 251 251 251 251 251 251 251 251 251 251 251 251 251 251 237 237 237 237 237 237 237 237 237 237 237 237 250 250 250 250 250 250 253 253 253 253 253 253 

M = 249:
249 249 249 249 249 249 249 249 249 249 249 249 249 249 249 249 249 249 249 249 249 249 249 249 249 249 249 249 249 249 249 249 249 249 249 249 249 249 249 249 249 249 249 249 249 249 249 

M = 419:
419 419 419 403 403 403 403 403 403 403 403 419 419 419 419 421 421 398 398 403 403 419 419 422 422 419 419 330 330 422 422 403 403 419 419 400 400 403 403 421 421 403 403 400 400 421 421 419 419 422 422 419 419 419 419 403 403 421 421 403 403 419 419 330 330 403 403 330 330 419 419 

M = 359:
359 359 359 359 359 359 359 359 359 359 359 359 359 359 359 359 359 

M = 341:
341 341 341 341 341 341 341 341 341 341 341 341 341 341 341 341 341 341 341 341 341 341 341 341 341 341 341 341 341 341 341 341 341 341 341 341 341 341 341 341 341 341 341 341 341 341 341 341 341 341 341 341 341 

