M = 308:
308 308 308 308 308 307 307 307 

M = 201:
206 206 206 206 206 206 206 206 206 206 205 205 205 205 205 205 204 204 204 204 204 204 205 205 205 205 205 205 235 235 235 235 235 208 208 208 208 208 235 235 235 235 235 208 208 208 208 208 235 235 235 235 235 208 208 208 208 208 208 208 208 208 208 201 201 201 201 201 201 201 201 201 201 201 201 201 201 201 201 201 201 201 201 201 201 201 201 201 201 201 201 201 201 201 201 201 201 201 201 201 201 201 233 233 233 233 233 233 233 233 233 232 232 232 233 233 233 232 232 232 232 232 232 232 232 232 233 233 233 232 232 232 232 232 232 232 232 232 

M = 242:
242 242 242 242 242 242 242 242 242 242 242 242 242 242 242 242 242 242 242 242 242 242 242 242 242 242 242 242 242 242 242 242 242 242 242 242 242 242 242 242 242 242 242 242 242 242 242 242 242 242 242 242 242 242 242 242 242 242 242 242 242 242 242 242 242 242 242 242 242 242 242 242 242 242 242 242 242 242 242 241 241 241 241 241 241 241 241 241 241 241 241 241 241 241 241 241 241 241 241 

M = 156:
157 157 157 157 157 157 157 157 157 157 159 159 159 159 159 157 157 157 157 157 156 156 156 156 156 156 156 253 253 156 156 156 156 156 156 156 156 156 156 156 156 156 156 156 156 156 156 156 156 253 253 156 156 156 156 

M = 194:
194 194 194 194 194 194 194 194 194 194 194 194 194 194 194 194 194 194 194 194 194 194 194 194 194 194 194 194 194 194 194 194 194 194 194 194 194 194 194 194 194 194 194 194 194 194 194 191 191 

M = 311:
299 299 299 299 299 299 299 299 299 299 299 299 299 299 299 299 299 299 299 299 311 311 311 311 311 311 311 311 311 311 311 296 296 296 296 311 311 311 311 311 311 311 311 311 311 311 311 311 311 311 311 341 341 318 318 341 341 318 318 318 318 280 280 341 341 341 341 341 341 341 341 318 318 341 341 341 341 341 341 284 284 341 341 318 318 341 341 341 341 341 341 

M = 196:
127 127 127 127 127 127 127 127 127 127 127 127 127 127 127 127 127 127 127 127 127 127 197 197 197 197 197 197 197 197 196 196 196 196 196 196 196 196 196 196 196 196 196 196 196 196 196 196 196 196 196 196 196 196 196 196 196 196 196 196 196 196 196 196 196 196 196 196 196 239 239 239 239 239 239 239 239 239 

M = 305:
303 303 303 303 303 305 305 305 305 305 305 305 305 305 305 305 305 305 305 305 305 305 305 305 305 305 305 305 305 303 303 303 303 303 303 303 303 303 303 303 303 303 303 303 303 303 303 303 303 305 305 305 305 305 305 305 305 305 305 305 305 305 305 305 305 305 305 305 305 305 305 305 305 305 305 305 305 305 305 303 303 303 303 303 305 305 305 305 305 301 301 301 301 269 269 269 272 272 272 272 272 272 269 269 269 272 272 272 269 269 269 277 277 277 277 277 277 277 277 277 277 277 277 277 277 277 277 277 277 277 277 277 277 277 277 277 277 

M = 193:
193 193 193 193 193 193 193 193 193 193 193 193 193 193 193 193 193 193 193 

M = 178:
144 144 144 144 144 268 268 268 268 268 146 146 146 146 146 268 268 268 268 268 146 146 146 146 146 146 146 146 146 146 146 146 146 146 146 178 178 178 178 178 178 178 178 178 178 178 267 267 267 267 267 267 267 267 267 178 178 178 178 178 178 261 261 261 178 178 178 261 261 261 178 178 178 178 178 178 261 261 261 266 266 266 178 178 178 261 261 261 178 178 178 261 261 261 178 178 178 178 178 178 178 178 178 261 261 261 261 261 261 178 178 178 178 178 178 261 261 261 178 178 178 261 261 261 178 178 178 261 261 261 178 178 178 261 261 261 267 267 267 261 261 261 261 261 261 261 261 261 266 266 266 261 261 261 267 267 267 263 263 262 262 145 145 263 263 145 145 

M = 244:
244 244 244 244 244 244 244 244 244 

M = 122:
119 119 119 119 119 119 119 119 123 123 123 123 123 123 124 124 124 124 124 124 124 124 124 124 124 124 123 123 123 123 123 123 123 123 123 123 123 123 123 123 123 123 123 123 122 122 122 122 122 122 122 122 122 122 122 122 122 122 122 122 122 122 122 122 122 122 122 122 122 122 122 122 122 122 122 122 122 122 122 122 122 122 122 122 122 122 122 122 122 122 122 122 122 122 122 122 122 122 122 122 122 122 122 141 141 141 141 141 141 138 138 138 138 138 138 138 138 

M = 130:
130 130 130 130 130 130 130 130 130 130 130 130 130 130 130 130 130 130 130 130 130 130 130 130 130 130 130 130 130 130 130 130 130 130 130 130 130 130 130 130 130 130 130 130 130 130 130 130 130 130 130 130 130 130 130 130 130 130 130 130 130 130 130 130 130 130 130 130 130 

M = 218:
218 218 218 218 218 218 218 218 218 218 218 216 216 216 219 219 219 216 216 216 

M = 134:
134 134 134 134 134 134 134 134 134 134 134 134 134 136 136 136 136 136 136 136 136 136 136 132 132 132 132 

M = 165:
164 164 164 164 164 164 164 164 164 164 164 164 165 165 165 165 165 165 165 165 165 165 165 165 165 165 165 165 165 165 165 165 165 165 165 165 165 165 165 165 165 165 165 165 165 165 165 165 165 165 165 165 165 165 165 165 165 165 165 165 165 165 165 165 165 165 165 165 165 165 165 165 165 165 165 165 165 165 165 168 168 168 168 168 168 169 169 169 169 169 169 169 169 169 169 169 169 169 169 

M = 251:
158 158 158 158 158 158 158 158 251 251 251 251 251 251 251 251 251 251 251 251 251 251 251 251 251 251 251 251 237 237 237 237 237 237 237 237 237 237 237 237 237 237 251 251 251 251 251 251 251 251 251 251 251 251 251 251 251 251 251 251 251 251 251 251 251 251 251 251 251 251 251 251 251 251 251 251 251 251 251 251 251 251 251 251 251 251 251 251 251 251 251 249 249 249 249 249 249 249 249 249 249 249 249 249 249 249 249 249 249 249 249 249 249 249 249 249 249 249 249 249 249 249 249 249 249 249 249 

M = 220:
190 190 190 190 190 190 190 190 190 190 190 190 190 190 190 220 220 220 220 220 220 220 220 220 220 220 140 140 220 220 220 220 220 220 220 220 220 220 140 140 140 140 220 220 220 220 220 220 

M = 162:
163 163 163 163 163 163 162 162 162 162 162 162 162 162 162 162 162 163 163 163 

M = 182:
229 229 229 229 181 181 181 181 182 259 259 182 182 259 259 259 259 182 182 182 182 182 182 182 182 182 182 259 259 182 182 182 182 259 259 259 259 259 259 259 259 182 182 182 182 182 182 259 259 182 182 259 259 259 259 259 259 259 259 259 259 182 182 182 182 182 182 182 182 

