M = 146:
147 147 147 147 147 147 147 147 147 147 146 146 146 146 146 146 146 146 146 146 146 146 146 146 146 146 146 146 146 146 146 146 146 146 146 146 146 145 145 

M = 142:
144 144 144 142 142 142 142 142 144 144 144 142 142 142 144 144 144 144 144 144 144 144 144 142 142 142 142 142 142 142 142 142 

M = 206:
126 126 126 126 119 119 119 119 119 119 119 119 119 206 206 206 204 204 206 206 205 205 206 206 205 205 205 205 205 205 205 205 204 204 204 204 206 206 206 206 203 203 206 206 208 208 206 206 205 205 205 205 203 203 206 206 206 206 204 204 204 204 204 204 

M = 440:
362 362 440 362 362 440 440 362 362 441 441 362 362 362 362 437 437 362 362 441 441 362 362 437 437 440 440 440 440 440 440 362 362 362 362 440 440 362 362 440 440 440 440 440 440 441 441 440 440 440 440 362 362 

M = 193:
193 193 193 193 193 193 193 193 193 193 193 193 193 193 193 193 193 193 193 193 193 193 193 193 193 193 193 193 193 193 193 193 193 193 193 190 190 190 190 218 218 218 218 218 218 218 218 218 218 218 218 218 218 218 218 190 190 190 190 218 218 218 218 218 218 218 218 218 218 218 218 218 218 218 218 218 218 218 218 190 190 190 190 190 190 190 190 218 218 218 218 190 190 190 190 218 218 218 218 127 127 127 127 127 127 127 127 127 127 127 127 127 127 127 219 219 219 127 127 127 127 127 127 127 127 127 127 127 127 130 130 130 130 194 194 130 130 130 130 130 130 130 130 194 194 130 130 194 194 130 130 194 194 194 194 130 130 194 194 194 194 130 130 

M = 379:
377 377 377 377 377 378 378 378 379 379 379 379 379 379 379 379 379 379 379 419 419 376 376 419 419 376 376 419 419 419 419 376 376 419 419 

M = 262:
262 262 262 262 262 262 262 262 262 262 262 178 178 178 182 182 182 182 182 182 182 182 

M = 261:
261 261 261 261 261 261 261 261 261 261 261 261 261 261 261 261 261 261 261 261 261 261 261 261 261 261 261 261 261 261 261 261 261 261 261 261 261 261 261 261 261 261 261 261 261 261 261 261 261 261 261 261 261 261 261 261 261 261 261 

M = 403:
336 336 336 336 336 336 336 336 336 336 336 336 336 336 336 336 336 336 403 403 403 339 339 339 339 403 403 403 403 339 339 339 339 403 403 403 403 403 403 403 403 339 339 339 339 403 403 403 403 339 339 339 339 403 403 403 403 403 403 403 403 403 403 403 403 339 339 339 339 403 403 403 403 339 339 339 339 403 403 403 403 339 339 339 339 339 339 339 339 400 400 400 337 337 337 400 400 400 400 400 400 337 337 337 337 337 337 400 400 400 400 400 400 337 337 337 400 400 400 406 406 406 406 406 406 406 406 406 406 

M = 136:
134 134 134 134 134 134 136 136 136 139 139 139 139 136 136 136 136 136 136 136 136 136 136 136 136 136 136 136 136 136 136 136 136 136 136 136 136 139 139 139 139 121 121 121 122 122 122 122 122 122 122 122 122 122 122 122 122 122 

M = 412:
408 408 412 411 411 365 365 365 365 365 365 410 410 412 412 410 410 412 412 412 412 388 388 365 365 390 390 408 408 365 365 411 411 388 388 410 410 388 388 410 410 412 412 410 410 411 411 390 390 410 410 365 365 410 410 410 410 390 390 410 410 410 410 388 388 388 388 410 410 

M = 242:
242 242 242 242 242 242 242 242 242 242 242 242 242 242 242 242 242 242 242 242 242 242 242 242 242 242 242 242 242 242 242 242 242 242 242 242 242 242 242 

M = 296:
319 319 319 319 305 305 305 305 318 318 318 318 319 319 319 319 319 319 319 319 305 305 305 305 319 319 319 319 318 318 318 318 305 305 305 305 305 305 305 305 312 312 312 312 312 312 275 275 275 275 293 293 293 293 296 293 293 297 297 293 293 299 299 300 300 297 297 275 275 296 296 297 297 297 297 299 299 275 275 275 275 275 275 299 299 293 293 314 314 296 296 314 314 296 296 296 296 299 299 297 297 293 293 296 296 293 293 297 297 293 293 297 297 297 297 297 297 293 293 293 293 275 275 299 299 293 293 293 293 292 292 314 314 293 293 293 293 314 314 314 314 314 314 289 289 311 311 293 293 314 314 314 314 293 293 314 314 293 293 275 275 293 293 297 297 297 297 293 293 297 297 314 314 299 299 

M = 241:
241 241 241 241 241 241 241 241 241 241 241 241 241 241 241 241 241 241 241 241 241 241 241 241 241 241 241 241 241 241 241 241 241 241 241 241 241 241 241 240 240 240 

M = 244:
245 245 245 245 245 245 245 245 245 243 243 243 243 243 243 243 243 243 244 244 244 244 244 244 244 244 244 244 244 244 244 244 244 

M = 329:
334 334 334 334 334 335 335 335 335 335 334 334 334 334 334 334 334 334 334 334 334 334 334 334 334 322 322 322 322 322 323 323 323 323 323 334 334 334 334 334 326 326 326 326 329 329 329 333 333 333 333 329 329 329 329 326 326 326 326 329 329 329 329 329 329 329 329 326 326 326 326 326 326 326 326 326 326 326 326 333 333 333 333 326 326 326 326 333 333 333 333 329 329 329 329 329 329 329 329 325 325 325 325 325 325 325 325 325 325 325 325 321 321 321 321 321 321 321 321 321 321 321 321 

M = 249:
159 159 159 159 159 250 250 250 250 250 250 250 250 249 249 249 249 249 249 249 249 239 239 239 158 158 158 249 249 249 249 249 249 249 249 249 249 249 249 249 249 249 251 251 251 249 249 249 249 249 249 249 249 249 249 249 249 249 249 249 249 249 249 249 249 249 249 249 249 237 237 237 237 237 237 237 237 237 237 237 237 237 237 237 237 237 237 

M = 164:
164 164 164 164 164 164 164 164 164 164 164 164 164 164 164 164 164 164 164 164 164 164 164 164 164 164 164 164 164 164 164 164 164 164 164 164 164 164 164 164 164 164 164 164 164 164 164 164 164 164 164 164 164 164 164 161 161 161 161 163 163 163 163 163 163 163 163 163 163 163 163 163 163 163 163 163 163 163 163 163 163 163 163 163 163 163 163 163 163 163 163 163 163 163 163 167 167 162 162 167 167 162 162 167 167 167 167 162 162 167 167 167 167 162 162 167 167 162 162 167 167 162 162 160 160 167 167 157 157 162 162 167 167 162 162 167 167 160 160 157 157 162 162 162 162 167 167 167 167 167 167 162 162 167 167 

M = 165:
165 165 165 165 165 165 165 165 165 165 165 165 165 165 165 165 165 165 165 165 165 165 165 165 165 165 165 165 165 165 165 165 165 165 165 165 165 165 165 165 165 169 169 169 172 172 172 172 172 172 172 172 

M = 266:
265 265 265 265 265 265 265 265 265 265 265 265 265 265 265 266 266 266 266 265 265 265 265 265 266 266 266 266 266 265 265 265 265 265 266 266 266 266 266 266 266 266 266 266 266 266 266 266 266 266 266 266 266 266 272 272 272 272 267 267 267 267 267 267 267 267 267 267 267 267 267 267 267 267 267 267 267 267 267 273 273 273 273 273 273 

