M = 147:
146 146 146 146 146 146 146 146 146 146 146 146 146 146 146 146 146 146 146 146 146 146 146 146 179 179 179 179 179 265 265 265 265 265 268 268 268 268 268 147 147 147 147 147 147 147 147 147 179 179 179 179 179 147 147 147 147 147 181 181 181 181 181 147 147 147 147 147 263 263 263 263 178 178 178 178 178 178 178 178 178 178 178 178 178 178 178 267 267 267 267 267 267 267 267 267 267 270 270 267 267 267 267 267 267 

M = 251:
251 251 251 251 251 251 251 251 251 251 251 251 251 251 251 251 251 251 251 251 251 251 251 251 251 251 251 251 251 251 251 251 251 251 251 251 251 251 251 251 251 251 251 251 251 251 251 251 251 251 251 251 251 251 251 249 249 249 249 249 249 249 249 249 249 249 249 249 249 249 249 249 249 249 249 249 249 249 249 249 249 249 157 157 157 157 157 157 157 157 157 157 157 157 157 157 

M = 205:
205 205 205 205 205 205 205 205 205 205 205 205 205 205 205 205 205 205 205 205 205 205 205 205 205 205 205 205 205 205 205 205 205 205 205 205 205 205 205 205 205 205 205 205 205 205 205 205 205 205 205 

M = 140:
217 217 217 217 217 217 140 140 140 140 140 140 140 140 140 140 140 140 140 140 140 140 140 140 140 140 140 140 140 140 140 140 140 140 140 140 140 140 140 140 140 140 140 140 140 140 140 140 140 140 140 140 140 143 143 143 143 143 143 143 143 143 143 

M = 206:
206 206 206 206 206 206 206 206 206 206 206 206 206 206 206 206 206 206 206 206 206 206 206 206 206 206 206 206 206 206 206 206 206 206 206 206 206 206 201 201 201 201 201 201 201 201 201 201 201 201 201 201 201 201 201 201 201 201 201 201 201 201 201 201 201 201 201 201 201 201 201 201 

M = 259:
258 258 258 229 229 229 229 229 229 258 258 258 229 229 229 258 258 258 258 258 258 229 229 229 258 258 258 258 258 258 258 258 258 258 258 258 182 182 182 258 258 258 259 259 259 255 255 255 255 259 259 259 259 259 259 259 259 259 259 259 259 259 259 259 259 259 259 259 259 259 259 259 259 259 259 255 255 259 259 257 257 255 255 

M = 400:
398 398 398 398 400 400 400 400 400 400 400 400 400 400 400 400 400 400 400 400 400 400 400 400 400 400 400 400 400 400 400 400 400 319 319 319 419 419 327 327 323 323 419 419 327 327 419 419 419 419 419 419 419 419 419 419 323 323 419 419 419 419 323 323 419 419 419 419 419 419 419 419 

M = 336:
336 336 336 336 336 336 336 410 410 336 336 409 409 336 336 336 336 409 409 336 336 336 336 410 410 410 410 336 336 336 336 

M = 305:
305 305 305 305 305 305 305 305 305 305 305 305 305 305 305 306 306 306 306 306 306 306 306 306 306 306 306 306 306 306 

M = 193:
194 194 194 194 194 193 193 193 193 219 219 219 219 219 193 193 193 193 193 193 193 193 193 193 193 193 193 193 193 194 194 194 194 194 219 219 219 219 219 193 193 193 193 193 194 194 194 194 194 194 194 194 194 194 194 194 194 194 194 194 194 194 194 194 190 190 190 190 190 190 190 190 130 130 130 130 130 130 130 130 130 130 130 130 130 130 130 130 130 130 130 130 130 196 196 196 196 196 196 196 196 196 196 196 196 196 196 

M = 122:
120 120 120 120 120 120 120 119 119 119 119 119 122 122 122 122 122 122 122 122 122 122 122 122 122 122 122 122 122 122 122 122 122 122 122 122 122 122 122 122 122 122 122 122 122 122 122 122 122 122 122 122 122 122 122 122 122 122 122 122 122 122 

M = 123:
135 135 135 135 135 135 135 135 135 135 135 135 123 123 123 123 123 123 123 123 123 123 123 123 123 123 123 123 123 123 123 123 123 123 123 123 123 123 123 123 123 123 123 123 123 123 123 123 123 123 124 124 124 124 124 124 124 124 124 124 124 124 124 124 124 124 124 124 124 124 124 124 124 124 124 124 132 132 124 124 

M = 340:
341 341 341 340 340 377 377 377 377 377 377 340 340 340 341 341 341 341 341 341 341 341 341 340 340 340 340 340 340 377 377 377 340 340 340 340 340 340 377 377 377 339 339 376 376 339 339 376 376 379 379 338 338 339 339 379 379 376 376 338 338 376 376 339 339 338 338 376 376 376 376 

M = 126:
127 127 127 127 127 127 127 127 127 127 126 126 126 126 126 126 126 126 126 126 126 126 126 126 126 126 126 126 126 126 126 126 126 126 

M = 242:
243 243 243 243 243 243 243 243 242 242 242 242 242 242 242 242 242 242 242 242 242 242 242 242 242 242 242 242 242 242 242 242 242 242 242 242 242 242 242 241 241 241 240 240 240 240 240 240 241 241 241 241 241 241 241 241 241 239 239 239 239 

M = 297:
316 316 316 316 297 301 301 301 301 297 297 301 301 297 297 297 297 297 297 297 297 297 297 297 297 301 301 301 301 297 297 297 297 301 301 297 297 297 297 297 297 297 297 301 301 301 301 301 301 297 297 301 301 297 297 297 297 297 297 301 301 301 301 301 301 

M = 283:
286 286 286 286 283 283 283 284 284 284 284 283 283 283 283 283 283 283 283 284 284 284 284 286 286 286 286 283 283 283 283 286 286 286 286 283 283 283 283 283 283 283 283 284 284 284 284 286 286 286 286 283 283 283 283 280 280 280 291 291 290 290 291 291 290 290 281 281 290 290 277 277 290 290 290 290 291 291 291 291 281 281 281 281 290 290 281 281 277 277 281 281 290 290 291 291 290 290 291 291 

M = 167:
164 164 164 164 164 164 164 164 164 164 164 164 164 164 164 164 164 164 164 164 164 167 167 167 167 167 167 167 167 167 167 167 167 167 167 167 167 167 167 167 165 165 165 165 165 167 167 167 167 167 162 162 162 162 162 162 162 162 162 162 162 162 162 162 162 165 165 165 165 165 165 165 165 165 165 167 167 167 167 167 167 167 167 167 167 167 167 167 167 167 165 165 165 165 165 165 165 165 165 165 162 162 162 162 162 167 167 167 167 167 162 162 162 162 162 165 165 165 165 165 162 162 162 162 162 165 165 165 165 165 165 165 165 165 165 167 167 167 167 167 162 162 162 162 162 169 169 169 169 169 169 169 169 163 163 163 

M = 360:
360 360 356 356 356 360 360 360 356 356 356 356 356 356 360 360 360 356 356 356 356 356 356 356 356 356 360 360 360 370 370 370 370 370 370 370 370 370 370 370 370 370 370 370 370 370 370 370 370 370 370 370 370 

M = 426:
428 428 426 426 426 421 421 426 426 428 428 428 428 426 426 426 426 421 421 428 428 428 428 426 426 426 426 426 426 426 426 428 428 428 428 428 428 

