M = 201:
204 204 204 204 204 204 204 204 204 204 204 204 204 204 204 204 204 204 204 204 204 204 204 204 204 204 204 204 204 204 204 204 204 204 204 208 208 208 208 208 208 208 208 208 208 208 208 208 208 208 208 208 208 208 208 201 201 201 201 201 201 201 201 201 201 201 201 201 201 201 201 201 201 201 201 201 201 201 201 201 201 201 201 201 201 201 201 201 201 201 201 201 201 201 201 201 203 203 203 203 203 203 203 203 

M = 120:
120 120 120 120 120 120 120 120 119 119 119 119 119 119 119 119 119 

M = 123:
127 127 127 127 127 127 127 127 127 127 127 127 127 127 127 127 127 127 127 127 123 123 123 123 123 123 123 123 123 123 123 123 123 123 123 123 123 123 123 123 123 123 123 123 123 123 123 123 123 123 123 123 123 123 123 123 123 123 123 123 123 123 123 123 123 123 123 123 136 136 136 136 136 136 136 136 136 136 136 136 136 136 136 136 136 136 136 136 136 136 136 136 136 136 136 136 136 136 125 125 125 125 125 125 125 125 125 125 125 125 125 125 125 125 125 125 

M = 228:
228 228 228 228 228 228 228 228 228 228 228 228 228 228 184 184 182 182 182 182 184 184 182 182 184 184 182 182 182 182 

M = 194:
194 194 194 194 194 194 194 194 194 194 194 194 194 194 194 194 194 194 194 194 194 194 194 194 194 194 194 194 194 194 194 194 194 194 194 194 194 194 194 194 194 194 194 194 240 240 240 194 194 194 196 196 196 196 196 196 196 196 196 196 196 196 196 196 196 196 

M = 242:
242 242 242 242 242 242 242 242 242 242 242 242 242 242 242 242 242 242 242 242 242 242 242 242 242 242 242 242 242 242 242 242 242 242 242 242 242 242 242 244 244 244 244 244 244 244 244 242 242 242 242 242 242 242 242 242 242 242 242 242 242 242 242 242 242 242 242 242 242 242 242 242 242 242 242 242 242 242 242 

M = 407:
408 408 408 408 408 408 408 408 408 408 408 408 408 408 408 408 408 408 408 408 408 408 408 408 408 411 411 411 411 407 407 407 407 407 407 407 407 407 407 407 411 411 411 411 335 335 335 335 335 335 335 335 335 335 335 335 336 336 336 412 412 412 412 412 412 335 335 335 336 336 336 335 335 335 412 412 412 335 335 335 336 336 336 335 335 335 336 336 336 336 336 336 335 335 335 336 336 336 335 335 335 334 334 337 337 334 334 334 334 337 337 337 337 437 437 334 334 

M = 455:
452 452 452 452 455 455 455 452 452 452 452 455 455 452 452 455 455 452 452 455 455 455 455 455 455 452 452 455 455 455 455 452 452 455 455 455 455 455 455 452 452 

M = 219:
190 190 190 190 190 190 190 190 190 190 190 190 190 190 190 190 190 190 190 190 191 191 191 191 217 217 217 140 140 140 219 219 219 218 218 219 219 219 219 218 218 219 219 219 219 219 219 219 219 219 219 219 219 218 218 219 219 219 219 219 219 218 218 219 219 

M = 344:
343 343 343 343 343 343 345 345 344 344 344 344 344 345 345 344 344 344 344 

M = 122:
122 122 122 122 122 122 122 122 122 122 122 122 122 122 122 122 122 122 122 122 122 122 122 122 122 122 122 122 122 122 122 122 122 122 122 122 122 122 122 122 122 122 122 122 122 122 122 122 122 122 122 122 122 141 141 141 141 141 141 141 141 141 141 141 141 138 138 138 138 

M = 259:
230 230 230 261 261 261 230 230 230 263 263 263 261 261 261 259 259 259 259 259 259 259 259 259 232 232 259 259 259 259 259 259 232 232 232 232 259 259 259 259 259 259 232 232 259 259 259 259 259 259 232 232 259 259 232 232 259 259 

M = 146:
142 142 142 142 142 142 142 142 146 146 144 144 144 147 147 147 144 144 144 268 268 268 146 146 146 146 146 146 146 146 146 146 146 146 146 146 146 146 146 146 268 268 268 146 146 146 147 147 147 144 144 144 264 264 265 265 264 264 264 264 265 265 264 264 266 266 143 143 264 264 265 265 264 264 264 264 143 143 265 265 143 143 

M = 401:
400 400 400 400 400 400 400 400 400 400 400 400 401 324 324 401 401 396 396 401 401 323 323 401 401 323 323 401 401 401 401 401 401 428 428 396 396 396 396 319 319 396 396 324 324 323 323 323 323 324 324 401 401 428 428 396 396 401 401 324 324 324 324 324 324 401 401 396 396 401 401 324 324 428 428 396 396 401 401 401 401 428 428 324 324 401 401 428 428 396 396 324 324 396 396 401 401 401 401 324 324 396 396 324 324 

M = 369:
349 349 347 347 369 369 369 369 369 369 369 369 369 369 369 368 368 347 347 369 369 370 370 369 369 369 369 369 369 347 347 369 369 369 369 369 369 370 370 

M = 421:
421 421 421 421 421 

M = 283:
305 305 305 276 276 283 276 276 288 288 283 283 283 283 303 303 312 312 303 303 288 288 288 288 312 312 313 313 312 312 317 317 276 276 283 283 276 276 283 283 288 288 303 303 283 283 309 309 283 283 316 316 312 312 283 283 283 283 312 312 276 276 288 288 312 312 316 316 312 312 288 288 283 283 276 276 312 312 283 283 316 316 

M = 180:
180 180 180 180 180 180 180 180 180 180 180 180 180 180 180 180 180 180 180 180 180 180 180 180 180 180 180 180 180 181 181 181 181 181 262 262 262 262 262 262 262 262 179 179 179 178 178 178 178 178 178 178 178 178 178 178 178 178 178 178 178 

M = 375:
377 377 377 375 342 342 342 342 375 375 376 376 378 378 375 375 375 375 342 342 375 375 342 342 378 378 376 376 378 378 342 342 375 375 342 342 375 375 

M = 163:
164 164 164 164 164 164 164 164 164 164 164 164 164 164 164 164 164 164 164 164 164 164 164 164 164 164 164 164 164 164 164 164 164 164 164 164 164 164 164 164 164 164 164 164 164 164 164 164 164 164 164 164 164 164 164 164 164 164 164 164 164 164 164 164 164 164 250 250 250 250 250 159 159 159 159 159 250 250 250 250 250 165 165 165 165 165 250 250 250 250 250 159 159 159 159 159 165 165 165 165 165 250 250 250 250 250 162 162 162 162 162 250 250 250 250 250 165 165 165 165 165 162 162 162 162 162 165 165 165 165 165 162 162 162 162 162 250 250 250 250 250 162 162 162 162 162 168 168 168 168 168 250 250 250 250 250 250 250 250 250 250 168 168 168 168 168 167 167 167 167 161 161 161 161 167 167 167 167 167 167 167 167 167 167 167 167 167 167 167 167 167 167 167 167 167 167 167 167 167 167 167 167 167 167 167 167 167 167 167 167 167 167 167 167 167 167 167 167 167 167 167 167 167 167 167 167 167 167 167 167 167 167 167 167 251 251 251 251 251 251 251 251 251 163 163 157 157 157 157 157 157 251 251 251 163 163 163 251 251 251 157 157 157 251 251 251 251 251 251 157 157 157 251 251 251 163 163 163 163 163 163 163 163 163 251 251 251 249 249 249 249 249 249 253 253 249 249 249 249 249 249 249 249 249 249 253 253 249 249 249 249 249 249 253 253 249 249 249 249 

