M = 146:
265 265 265 265 265 265 146 146 146 146 146 146 146 146 146 146 146 265 265 265 265 265 265 146 146 146 146 146 146 146 146 146 146 146 146 144 144 144 144 144 142 142 142 142 142 268 268 268 268 268 142 142 142 142 142 142 142 142 142 142 267 267 267 267 267 267 274 274 148 148 274 274 148 148 274 274 274 274 274 274 148 148 148 148 274 274 148 148 274 274 177 177 275 275 274 274 274 274 272 272 

M = 220:
140 140 140 140 140 190 190 190 190 218 218 218 218 190 190 190 190 218 218 218 218 190 190 190 190 218 218 218 218 190 190 190 190 217 217 217 217 217 217 217 217 190 190 190 190 190 190 190 190 218 218 218 218 190 190 190 190 219 219 219 219 219 219 219 219 219 219 219 219 219 219 219 219 219 219 220 220 220 220 220 220 220 220 220 220 220 220 220 215 215 220 220 220 220 220 220 220 220 215 215 220 220 220 220 215 215 220 220 220 220 215 215 215 215 220 220 220 220 215 215 215 215 

M = 400:
400 400 400 400 400 400 400 400 400 400 400 

M = 450:
358 358 358 358 359 359 359 359 359 359 359 359 359 359 359 359 356 356 345 345 425 425 422 422 349 349 348 348 455 455 349 349 422 422 425 425 348 348 425 425 425 425 423 423 348 348 422 422 356 356 451 451 453 453 425 425 356 356 450 451 451 454 454 348 348 422 422 454 454 422 422 349 349 356 356 422 422 423 423 356 356 454 454 451 451 345 345 348 348 345 345 345 345 425 425 425 425 345 345 453 453 345 345 454 454 451 451 425 425 450 450 349 349 453 453 425 425 422 422 452 452 454 454 422 422 348 348 

M = 194:
191 191 191 191 191 191 194 194 194 194 194 194 194 194 194 194 194 194 194 194 194 194 194 194 194 194 194 194 194 194 194 194 194 194 194 196 196 196 193 193 193 193 193 193 193 193 193 193 193 193 193 193 193 193 193 193 196 196 196 193 193 193 193 193 193 196 196 196 196 196 196 193 193 193 193 193 193 193 193 193 196 196 196 196 196 196 196 196 196 240 240 240 240 197 197 240 240 240 240 239 239 197 197 197 197 239 239 239 239 240 240 239 239 239 239 197 197 

M = 440:
438 438 438 438 438 438 438 438 438 438 438 438 438 438 438 440 441 441 440 440 440 440 440 440 439 439 439 439 441 441 441 441 442 442 441 441 439 439 441 441 441 441 441 441 440 440 439 439 440 440 440 440 440 440 439 439 440 440 441 441 440 440 439 439 

M = 180:
180 180 180 180 180 180 180 180 180 180 180 180 180 180 180 180 180 181 181 181 181 181 181 181 181 181 178 178 178 178 178 

M = 133:
127 127 127 127 136 136 136 136 130 130 130 130 130 130 130 130 127 127 127 127 130 130 130 130 130 130 130 130 130 130 130 130 133 132 132 135 135 135 135 133 133 133 133 133 133 132 132 135 135 135 135 135 135 132 132 133 133 133 133 135 135 133 133 135 135 

M = 122:
124 124 124 124 124 124 124 208 208 208 208 208 208 208 124 124 124 124 124 124 124 124 124 124 124 124 124 124 141 141 141 141 122 122 123 123 123 122 122 122 122 122 122 122 122 122 122 122 122 122 122 122 123 123 123 122 122 122 122 122 122 123 123 123 122 122 122 122 122 122 122 122 122 122 122 122 123 123 123 122 122 122 122 122 122 123 123 123 123 123 123 123 123 123 122 122 122 122 122 122 122 122 122 123 123 123 123 123 123 123 123 123 

M = 260:
262 262 262 262 262 262 262 262 262 262 262 262 262 262 262 262 262 262 263 263 263 263 263 261 261 261 261 261 261 261 261 261 261 230 230 230 230 259 259 259 259 259 259 259 259 259 231 231 231 231 231 231 259 259 259 226 226 226 259 259 259 259 259 259 175 175 264 264 260 175 175 175 175 260 260 175 175 260 260 260 260 175 175 260 260 175 175 260 260 175 175 260 260 

M = 411:
411 411 411 411 411 411 411 411 411 411 411 

M = 412:
412 412 412 412 412 413 413 

M = 242:
242 242 242 242 242 242 242 242 242 242 242 242 242 242 242 242 242 242 242 242 242 242 242 243 243 243 243 243 243 242 242 242 242 242 242 242 242 242 242 242 242 242 242 242 242 242 242 242 242 242 242 242 242 242 242 242 242 242 242 242 242 242 242 242 242 242 242 242 242 242 242 

M = 388:
390 390 390 390 388 388 388 388 388 388 388 388 388 388 388 388 388 388 387 387 387 387 387 387 389 389 387 387 387 387 389 389 387 387 365 365 

M = 235:
206 206 206 206 206 206 206 206 206 206 206 206 250 250 250 250 251 251 251 203 203 203 251 251 251 203 203 203 251 251 251 251 251 251 159 159 159 203 203 203 251 251 251 251 251 251 251 251 251 251 251 251 251 251 251 251 251 251 251 251 251 203 203 203 251 251 251 251 251 251 251 251 251 251 251 251 203 203 203 251 251 251 207 207 207 203 203 203 159 159 159 203 203 203 235 235 235 201 201 235 235 235 235 204 204 201 201 201 201 235 235 235 235 235 235 235 235 201 201 201 201 201 201 201 201 235 235 201 201 235 235 204 204 204 204 235 235 235 235 235 235 235 235 201 201 235 235 235 235 235 235 204 204 201 201 201 201 235 235 235 235 

M = 167:
169 169 169 169 162 162 162 162 162 162 161 161 161 162 162 162 162 162 162 162 162 162 162 162 162 162 162 162 162 162 162 167 167 167 167 167 167 167 167 167 167 167 167 167 167 167 167 167 167 167 167 167 167 167 

M = 334:
336 336 336 336 336 336 336 336 337 337 337 334 334 337 337 337 334 334 334 337 337 337 337 337 337 334 334 334 337 337 337 329 329 333 333 338 338 333 333 333 333 329 329 329 329 329 329 329 329 329 329 329 329 329 329 333 333 329 329 338 338 338 338 329 329 329 329 338 338 329 329 333 333 333 333 333 333 333 333 

M = 293:
297 297 297 297 297 293 293 293 293 293 293 293 293 293 293 293 293 293 293 293 293 293 293 293 293 293 293 293 293 293 293 293 293 293 293 293 293 300 300 300 293 293 293 300 300 300 305 305 305 278 278 278 303 303 290 290 321 321 315 315 289 289 284 284 290 290 303 303 302 302 302 302 289 289 321 321 289 289 284 284 303 303 303 303 290 290 290 290 284 284 290 290 290 290 303 303 284 284 321 321 284 284 290 290 302 302 303 303 303 303 306 306 284 284 303 303 290 290 321 321 315 315 306 306 284 284 290 290 289 289 315 315 290 290 290 290 284 284 284 284 284 284 284 284 290 290 289 289 289 289 284 284 290 290 290 290 284 284 290 290 290 290 303 303 321 321 321 321 

M = 165:
164 164 164 164 164 164 164 164 164 164 164 164 164 164 164 164 164 164 164 164 164 164 164 164 164 164 164 164 164 164 165 165 165 165 165 165 165 165 165 165 165 165 165 165 165 165 165 165 165 165 165 165 165 165 165 165 165 165 165 165 165 165 165 165 165 165 165 165 165 165 165 165 165 165 165 165 165 165 165 165 165 165 165 165 165 165 165 165 165 

M = 408:
339 339 339 339 339 339 339 339 408 408 341 341 341 409 409 409 408 408 408 406 406 406 409 409 409 408 408 408 409 409 409 342 342 

