341 405 
341 345 
341 375 
341 344 
405 414 
390 393 
390 414 
389 390 
390 432 
390 392 
390 391 
396 419 
375 419 
372 419 
419 421 
393 396 
389 393 
393 432 
392 393 
393 430 
393 395 
391 393 
389 414 
392 414 
395 414 
391 414 
345 375 
345 372 
344 345 
345 370 
396 432 
392 396 
396 428 
396 430 
395 396 
389 432 
389 392 
389 395 
389 391 
392 432 
430 432 
395 432 
391 432 
372 375 
344 375 
392 430 
392 395 
391 392 
428 430 
395 428 
395 430 
344 372 
370 372 
391 395 
421 423 
370 451 
364 370 
