430 432 
430 443 
428 430 
430 445 
402 430 
430 442 
395 430 
379 419 
375 419 
380 419 
419 421 
402 419 
418 419 
419 420 
372 419 
377 379 
375 377 
344 377 
377 380 
375 379 
344 379 
379 380 
379 421 
379 418 
379 420 
346 375 
344 346 
346 380 
346 370 
346 369 
345 346 
346 372 
432 443 
432 445 
432 442 
395 432 
443 445 
442 443 
395 443 
344 375 
375 380 
345 375 
375 418 
375 420 
372 375 
344 380 
344 345 
344 372 
380 421 
345 380 
380 418 
380 420 
372 380 
428 445 
418 428 
356 428 
395 428 
442 445 
357 445 
356 445 
395 445 
345 370 
370 451 
370 385 
370 372 
418 421 
421 423 
420 421 
369 385 
369 372 
345 372 
405 406 
385 405 
402 405 
405 418 
405 414 
385 406 
406 409 
406 414 
385 402 
385 418 
385 388 
372 385 
385 414 
388 409 
409 414 
402 418 
402 420 
395 402 
402 414 
356 357 
418 420 
395 418 
372 418 
420 423 
372 420 
388 414 
395 414 
