149 150 152 
149 152 173 
149 152 172 
149 152 175 
150 152 173 
150 152 172 
150 152 175 
152 173 175 
152 172 175 
152 232 259 
149 150 173 
149 150 172 
149 150 175 
149 173 175 
144 149 175 
149 172 175 
149 175 261 
150 173 175 
150 172 175 
204 205 206 
201 204 206 
201 204 205 
126 206 208 
205 206 208 
201 205 206 
201 206 208 
206 208 226 
201 206 226 
140 217 220 
139 217 220 
217 219 220 
139 140 217 
140 217 219 
139 217 219 
126 127 196 
126 127 208 
126 127 130 
124 126 127 
127 130 196 
124 127 208 
127 130 135 
127 134 135 
124 127 135 
127 130 134 
140 142 144 
126 130 196 
124 126 208 
201 205 208 
201 208 226 
122 124 208 
124 208 226 
130 134 135 
134 135 140 
134 135 136 
134 135 139 
134 135 138 
135 136 140 
135 139 140 
135 138 140 
122 124 135 
122 135 138 
124 135 138 
135 136 139 
135 136 138 
135 138 139 
182 229 261 
229 259 261 
232 259 261 
229 232 261 
130 134 219 
130 219 220 
134 136 140 
134 139 140 
134 138 140 
134 140 219 
134 136 139 
134 136 138 
134 138 139 
134 139 219 
139 140 220 
138 140 220 
140 219 220 
138 139 220 
139 219 220 
158 250 251 
139 140 142 
138 140 142 
138 139 142 
182 226 229 
136 139 140 
136 138 140 
138 139 140 
139 140 219 
122 124 138 
229 232 259 
136 138 139 
158 159 251 
