180 181 262 
147 180 262 
178 180 262 
180 182 262 
178 180 181 
180 181 182 
147 178 180 
178 180 182 
181 229 262 
178 181 262 
181 182 262 
181 261 262 
147 262 263 
147 178 262 
147 262 264 
147 149 262 
178 262 263 
262 263 264 
149 262 263 
259 262 263 
261 262 263 
178 229 262 
182 229 262 
229 259 262 
229 261 262 
178 182 262 
178 262 264 
149 178 262 
178 261 262 
182 261 262 
149 262 264 
261 262 264 
149 261 262 
259 261 262 
178 181 229 
181 182 229 
181 229 261 
178 181 182 
178 181 261 
181 182 261 
147 178 263 
147 263 264 
147 149 263 
147 178 264 
147 149 178 
147 150 178 
147 149 264 
147 150 264 
147 149 150 
137 141 142 
140 141 142 
139 141 142 
137 140 142 
137 139 142 
139 140 142 
178 263 264 
149 178 263 
178 261 263 
149 263 264 
261 263 264 
149 261 263 
259 261 263 
178 182 229 
178 229 261 
182 229 261 
229 259 261 
136 137 141 
136 140 141 
136 139 141 
122 137 141 
137 140 141 
137 139 141 
139 140 141 
178 182 261 
149 178 264 
150 178 264 
178 261 264 
149 150 178 
149 178 261 
124 126 127 
124 127 208 
126 127 208 
126 127 196 
126 127 197 
127 196 197 
150 152 258 
150 257 258 
152 258 259 
258 259 261 
257 258 259 
152 257 258 
134 136 137 
134 136 140 
134 136 139 
136 137 140 
136 137 139 
136 139 140 
134 137 140 
134 137 139 
134 140 219 
134 139 140 
134 139 219 
134 193 219 
124 126 208 
122 124 208 
126 196 197 
149 150 264 
149 261 264 
149 150 173 
149 152 173 
149 150 152 
149 150 172 
149 152 172 
150 152 173 
150 173 257 
152 173 257 
150 152 172 
150 152 257 
150 172 257 
152 257 259 
196 197 237 
196 237 248 
193 196 197 
196 197 248 
156 237 250 
156 250 251 
156 235 250 
197 237 250 
237 250 251 
237 248 250 
235 237 250 
197 248 250 
248 250 251 
235 250 251 
156 237 251 
156 235 237 
156 235 251 
137 139 140 
204 235 237 
204 205 235 
140 217 218 
140 217 219 
139 140 217 
217 218 219 
139 217 218 
139 217 219 
152 172 257 
197 237 248 
237 248 251 
235 237 251 
140 218 219 
139 140 218 
139 140 219 
139 218 219 
193 218 219 
