242mSER: 01,02,07,12,16,22,23,24,26,28|10|3.8653
242mALA: 01,02,07,12,16,22,23,24,26,28|10|3.7415
242mGLU: 01,02,07,12,16,22,23,24,26,28|10|6.1279
242mILE: 01,02,07,12,16,22,23,24,26,28|10|2.3022
242mLEU: 01,02,07,12,16,22,23,24,26,28|10|1.6244
265mGLU: 00,04,05,08,09,15,21,27,29|9|4.5081
265mTHR: 00,04,05,08,09,15,21,27,29|9|4.9309
180mGLU: 00,04,05,08,09,15,21,27,29|9|7.9095
180mTHR: 00,04,05,08,09,15,21,27,29|9|7.1423
165mASP: 02,12,16,22,23,24,26,28|8|5.1506
164mGLU: 02,12,16,22,23,24,26,28|8|8.1583
165mMET: 02,12,16,22,23,24,26,28|8|3.3083
165mGLU: 02,12,16,22,23,24,26,28|8|8.742
178mGLU: 00,04,08,09,15,21,27,29|8|3.35
165mASN: 02,12,16,22,23,24,26,28|8|4.7023
165mHIS: 02,12,16,22,23,24,26,28|8|3.8685
165mSER: 02,12,16,22,23,24,26,28|8|6.5988
178mTHR: 00,04,08,09,15,21,27,29|8|2.9811
165mGLY: 02,12,16,22,23,24,26,28|8|6.8975
165mLEU: 02,12,16,22,23,24,26,28|8|5.1123
165mILE: 02,12,16,22,23,24,26,28|8|4.759
164mTHR: 02,12,16,22,23,24,26,28|8|6.4164
165mLYS: 02,12,16,22,23,24,26,28|8|4.5299
165mGLN: 02,12,16,22,23,24,26,28|8|3.3703
165mTHR: 02,12,16,22,23,24,26,28|8|6.4252
165mALA: 02,12,16,22,23,24,26,28|8|7.2758
219mTHR: 02,07,12,16,22,26,28|7|2.0607
119mSER: 00,05,08,09,10,11,21|7|1.6068
146mGLY: 00,04,05,09,10,21,27|7|6.724
146mLYS: 00,04,05,09,10,21,27|7|4.7348
146mTHR: 00,04,05,09,10,21,27|7|4.2295
146mHIS: 00,04,05,09,10,21,27|7|4.4583
146mASP: 00,04,05,09,10,21,27|7|4.0717
146mILE: 00,04,05,09,10,21,27|7|3.2777
146mLEU: 00,04,05,09,10,21,27|7|3.9626
146mGLU: 00,04,05,09,10,21,27|7|6.405
146mSER: 00,04,05,09,10,21,27|7|5.9862
146mALA: 00,04,05,09,10,21,27|7|6.1964
168mGLU: 12,16,22,23,24,26,28|7|3.5781
217mHIS: 07,10,12,16,21,28|6|2.001
193mHIS: 03,07,16,19,26,28|6|1.4439
193mSER: 03,07,16,19,26,28|6|1.0316
268mALA: 00,04,05,10,21,27|6|1.7497
267mGLU: 00,04,05,10,21,27|6|1.8037
193mGLY: 03,07,16,19,26,28|6|1.3439
190mGLU: 02,12,16,23,26,28|6|2.6275
261mALA: 00,04,05,08,15,29|6|2.4991
261mMET: 00,04,05,08,15,29|6|3.0213
261mGLY: 00,04,05,08,15,29|6|4.4264
263mGLY: 00,04,05,08,15,29|6|1.1584
261mASP: 00,04,05,08,15,29|6|2.478
268mGLY: 00,04,05,10,21,27|6|1.7031
261mGLU: 00,04,05,08,15,29|6|3.9986
261mGLN: 00,04,05,08,15,29|6|1.99
261mSER: 00,04,05,08,15,29|6|3.907
261mTHR: 00,04,05,08,15,29|6|3.7579
261mASN: 00,04,05,08,15,29|6|4.1457
261mHIS: 00,04,05,08,15,29|6|3.2936
261mLYS: 00,04,05,08,15,29|6|2.6245
145mGLU: 00,04,05,10,21,27|6|1.6534
249mASN: 01,02,23,24,26|5|1.2502
249mILE: 01,02,23,24,26|5|1.0895
249mHIS: 01,02,23,24,26|5|1.353
182mTHR: 04,05,08,09,29|5|3.2347
159mGLU: 01,02,22,23,24|5|3.2675
228mGLY: 05,08,09,15,29|5|1.3542
136mGLU: 07,10,11,12,19|5|3.2072
249mSER: 01,02,23,24,26|5|1.4715
249mTHR: 01,02,23,24,26|5|1.6696
136mASP: 07,10,11,12,19|5|2.6108
136mTHR: 07,10,11,12,19|5|2.3923
249mTRP: 01,02,23,24,26|5|1.0083
248mASN: 01,02,22,23,24|5|1.0709
249mALA: 01,02,23,24,26|5|1.4801
162mGLU: 02,16,22,23,26|5|1.144
249mGLY: 01,02,23,24,26|5|1.6769
249mASP: 01,02,23,24,26|5|1.1288
248mTHR: 01,02,22,23,24|5|1.2671
249mLEU: 01,02,23,24,26|5|1.325
249mGLN: 01,02,23,24,26|5|1.2684
249mGLU: 01,02,23,24,26|5|1.8553
401mGLN: 06,17,20,25|4|1.2343
335mTHR: 06,14,20,25|4|1.4413
401mTHR: 06,17,20,25|4|1.3573
127mTHR: 03,07,11,19|4|2.1414
400mSER: 06,17,20,25|4|1.5616
167mASN: 22,23,26,28|4|1.826
127mGLY: 03,07,11,19|4|1.5675
401mLEU: 06,17,20,25|4|1.1487
177mGLU: 05,10,21,27|4|1.5572
401mGLY: 06,17,20,25|4|1.3548
336mGLU: 06,14,20,25|4|3.1289
177mTHR: 05,10,21,27|4|1.087
401mMET: 06,17,20,25|4|1.5493
127mASN: 03,07,11,19|4|1.4165
401mASN: 06,17,20,25|4|1.1745
167mGLU: 22,23,26,28|4|2.9838
167mGLY: 22,23,26,28|4|1.3645
122mSER: 00,10,21,27|4|1.0044
127mGLU: 03,07,11,19|4|2.4069
400mGLY: 06,17,20,25|4|1.7414
122mASN: 00,10,21,27|4|1.1149
122mGLY: 00,10,21,27|4|1.2616
167mALA: 22,23,26,28|4|1.6196
400mTHR: 06,17,20,25|4|2.3334
167mLEU: 22,23,26,28|4|1.5287
401mTRP: 06,17,20,25|4|1.0668
167mGLN: 22,23,26,28|4|1.4455
401mGLU: 06,17,20,25|4|1.3946
167mASP: 22,23,26,28|4|1.5561
400mHIS: 06,17,20,25|4|1.2262
127mSER: 03,07,11,19|4|1.5127
400mGLU: 06,17,20,25|4|2.3056
401mSER: 06,17,20,25|4|1.1183
122mGLU: 00,10,21,27|4|1.0445
167mSER: 22,23,26,28|4|1.4792
400mASN: 06,17,20,25|4|1.8319
335mGLU: 06,14,20,25|4|1.9909
167mILE: 22,23,26,28|4|1.6807
336mTHR: 06,14,20,25|4|2.2644
336mGLY: 06,14,20,25|4|2.0101
167mPHE: 22,23,26,28|4|1.7042
167mTHR: 22,23,26,28|4|2.3316
122mHIS: 00,10,21,27|4|1.2822
401mVAL: 06,17,20,25|4|1.0423
167mVAL: 22,23,26,28|4|1.6305
401mHIS: 06,17,20,25|4|1.4599
167mTRP: 22,23,26,28|4|1.2863
196mGLN: 01,07,11|3|1.6104
403mPHE: 06,17,20|3|1.0899
197mMET: 01,03,11|3|1.1233
403mLEU: 06,17,20|3|1.39
329mHIS: 06,20,25|3|1.6176
157mGLY: 01,02,24|3|1.2994
329mTHR: 06,20,25|3|1.0499
197mGLU: 01,03,11|3|1.1061
139mGLU: 10,12,19|3|1.1966
196mGLU: 01,07,11|3|2.1345
403mALA: 06,17,20|3|1.2182
196mVAL: 01,07,11|3|1.4317
157mSER: 01,02,24|3|1.1836
403mGLN: 06,17,20|3|1.4798
337mTHR: 14,20,25|3|1.0491
196mGLY: 01,07,11|3|1.3684
157mASN: 01,02,24|3|1.2886
329mSER: 06,20,25|3|1.2519
419mGLY: 06,17,25|3|1.8601
337mASP: 14,20,25|3|1.021
419mALA: 06,17,25|3|1.3518
403mILE: 06,17,20|3|1.2011
329mMET: 06,20,25|3|1.2386
320mTHR: 06,17,25|3|1.0378
403mHIS: 06,17,20|3|1.5811
196mMET: 01,07,11|3|1.118
341mTHR: 13,14,20|3|1.1792
197mTHR: 01,03,11|3|1.0494
196mASN: 01,07,11|3|1.2139
196mTHR: 01,07,11|3|1.6708
157mHIS: 01,02,24|3|1.3096
320mGLU: 06,17,25|3|1.6833
196mCYS: 01,07,11|3|2.2184
403mGLU: 06,17,20|3|2.0525
419mLYS: 06,17,25|3|1.4913
419mSER: 06,17,25|3|1.6202
157mGLU: 01,02,24|3|1.5847
157mGLN: 01,02,24|3|1.0081
403mASN: 06,17,20|3|1.6952
196mASP: 01,07,11|3|2.0576
403mSER: 06,17,20|3|1.5792
157mTHR: 01,02,24|3|1.4066
337mLYS: 14,20,25|3|1.1385
329mGLU: 06,20,25|3|1.4043
141mGLU: 10,21,27|3|1.492
403mTHR: 06,17,20|3|1.855
196mPRO: 01,07,11|3|1.5104
409mASN: 13,14,20|3|1.1982
419mTHR: 06,17,25|3|1.6363
403mVAL: 06,17,20|3|1.3683
403mTRP: 06,17,20|3|1.3059
329mASN: 06,20,25|3|1.0612
403mMET: 06,17,20|3|1.6431
337mALA: 14,20,25|3|1.0805
409mLYS: 13,14,20|3|1.7261
419mASN: 06,17,25|3|1.338
403mGLY: 06,17,20|3|1.6668
157mMET: 01,02,24|3|1.3128
135mGLU: 07,11,19|3|1.0979
337mGLY: 14,20,25|3|1.238
329mGLY: 06,20,25|3|1.3698
403mASP: 06,17,20|3|1.0428
419mGLU: 06,17,25|3|1.2992
356mCYS: 18,23|2|1.5365
130mGLU: 07,16|2|1.0094
444mGLU: 18,23|2|1.6434
208mGLY: 08,11|2|1.5369
290mGLU: 18,23|2|1.3508
208mASN: 08,11|2|1.2903
251mTHR: 01,24|2|1.2348
208mTHR: 08,11|2|1.0106
158mGLU: 01,24|2|1.8735
290mGLY: 18,23|2|1.3432
251mLEU: 01,24|2|1.2131
356mGLU: 18,23|2|1.4001
290mTHR: 18,23|2|1.0737
290mASP: 18,23|2|1.57
362mGLU: 18,23|2|1.4289
362mGLY: 18,23|2|1.4285
208mASP: 08,11|2|1.6212
303mGLU: 10,21|2|1.1237
444mCYS: 18,23|2|1.7908
251mGLU: 01,24|2|1.4896
355mASP: 18,23|2|1.1628
356mTHR: 18,23|2|1.0081
444mTHR: 18,23|2|1.1268
362mSER: 18,23|2|1.1574
444mASP: 18,23|2|1.6469
158mTHR: 01,24|2|1.3494
444mGLY: 18,23|2|1.0797
208mLYS: 08,11|2|1.1008
362mTHR: 18,23|2|1.1586
250mTHR: 01,24|2|1.1163
355mCYS: 18,23|2|1.0227
251mCYS: 01,24|2|1.4587
290mLYS: 18,23|2|1.1948
290mSER: 18,23|2|1.0296
444mALA: 18,23|2|1.0477
250mGLU: 01,24|2|1.0726
356mASP: 18,23|2|1.6766
286mCYS: 17|1|1.1608
124mTHR: 11|1|1.0389
438mTHR: 18|1|1.2315
123mGLU: 19|1|1.0266
440mLYS: 18|1|1.8864
438mGLU: 18|1|1.622
438mASN: 18|1|1.0373
313mGLU: 17|1|1.0255
274mCYS: 21|1|1.0415
438mGLY: 18|1|1.097
438mSER: 18|1|1.019
342mGLU: 13|1|1.386
281mASN: 23|1|1.0324
440mTHR: 18|1|1.7188
235mCYS: 01|1|1.0415
438mLYS: 18|1|1.0188
123mASN: 19|1|1.0118
426mASP: 17|1|1.0787
286mGLU: 17|1|1.1282
440mASN: 18|1|1.5548
