164mTHR: 04,06,09,14,16,19,21,23,25,29|10|3.9552
164mGLU: 04,06,09,14,16,19,21,23,25,29|10|6.6646
165mALA: 04,06,09,14,19,21,23,25,29|9|5.7017
165mGLU: 04,06,09,14,19,21,23,25,29|9|8.2124
242mALA: 01,04,06,09,14,21,23,27,29|9|3.8051
165mSER: 04,06,09,14,19,21,23,25,29|9|6.1056
242mGLU: 01,04,06,09,14,21,23,27,29|9|5.576
165mGLY: 04,06,09,14,19,21,23,25,29|9|5.8047
165mASP: 04,06,09,14,19,21,23,25,29|9|4.2661
165mILE: 04,06,09,14,19,21,23,25,29|9|3.6009
165mTHR: 04,06,09,14,19,21,23,25,29|9|6.3568
242mTHR: 01,04,06,09,14,21,23,27,29|9|3.9028
146mTHR: 00,05,07,12,19,22,24,28|8|5.4142
180mALA: 00,05,07,12,13,18,22,24|8|4.1718
146mGLU: 00,05,07,12,19,22,24,28|8|7.1915
303mGLY: 00,02,05,12,19,24,28|7|3.3515
194mTHR: 04,09,10,14,19,23,29|7|2.7497
194mHIS: 04,09,10,14,19,23,29|7|2.6738
303mASN: 00,02,05,12,19,24,28|7|4.786
194mILE: 04,09,10,14,19,23,29|7|1.0249
303mGLU: 00,02,05,12,19,24,28|7|6.0881
194mGLU: 04,09,10,14,19,23,29|7|2.6684
303mTHR: 00,02,05,12,19,24,28|7|5.1305
194mGLN: 04,09,10,14,19,23,29|7|1.5907
303mASP: 00,02,05,12,19,24,28|7|4.9632
194mSER: 04,09,10,14,19,23,29|7|2.8073
194mLYS: 04,09,10,14,19,23,29|7|2.0792
194mGLY: 04,09,10,14,19,23,29|7|3.0906
194mALA: 04,09,10,14,19,23,29|7|2.4635
249mLYS: 04,06,09,23,25,27|6|1.0567
127mTHR: 01,06,07,10,26,29|6|1.3897
249mASN: 04,06,09,23,25,27|6|1.9811
272mTHR: 00,02,05,12,24,28|6|1.0104
178mSER: 00,05,07,12,13,24|6|2.08
274mASP: 00,02,05,12,19,28|6|2.5071
178mGLY: 00,05,07,12,13,24|6|2.2033
178mLEU: 00,05,07,12,13,24|6|1.1767
127mGLU: 01,06,07,10,26,29|6|1.9816
249mSER: 04,06,09,23,25,27|6|1.6634
249mTHR: 04,06,09,23,25,27|6|1.6428
178mGLU: 00,05,07,12,13,24|6|1.8761
272mGLU: 00,02,05,12,24,28|6|1.796
178mMET: 00,05,07,12,13,24|6|1.8133
178mTHR: 00,05,07,12,13,24|6|1.7609
274mASN: 00,02,05,12,19,28|6|3.037
178mHIS: 00,05,07,12,13,24|6|2.2217
178mGLN: 00,05,07,12,13,24|6|1.0717
249mGLY: 04,06,09,23,25,27|6|1.7712
178mALA: 00,05,07,12,13,24|6|1.3437
120mGLU: 00,05,07,12,13,22|6|2.1901
249mGLU: 04,06,09,23,25,27|6|1.6008
167mASN: 04,16,19,21,25|5|2.8327
305mTHR: 02,05,12,24,28|5|3.8461
121mGLU: 00,05,07,12,22|5|1.6994
258mTHR: 14,16,18,21,27|5|1.0127
251mGLY: 04,09,16,25,27|5|2.6659
251mTHR: 04,09,16,25,27|5|1.9718
244mGLY: 01,06,10,23,29|5|2.1033
278mGLU: 00,02,05,21,28|5|1.4957
258mCYS: 14,16,18,21,27|5|2.6472
158mGLU: 04,09,16,26,27|5|1.5274
305mMET: 02,05,12,24,28|5|2.3976
190mGLU: 09,10,19,21,23|5|2.6947
305mGLN: 02,05,12,24,28|5|2.0027
167mTHR: 04,16,19,21,25|5|2.8
267mGLU: 12,18,19,22,28|5|1.62
167mGLU: 04,16,19,21,25|5|3.2937
167mGLY: 04,16,19,21,25|5|1.8613
167mSER: 04,16,19,21,25|5|2.4219
244mTHR: 01,06,10,23,29|5|1.7926
167mLYS: 04,16,19,21,25|5|1.371
251mLEU: 04,09,16,25,27|5|1.6848
251mMET: 04,09,16,25,27|5|1.9165
251mHIS: 04,09,16,25,27|5|2.4672
251mGLU: 04,09,16,25,27|5|2.1395
277mGLU: 00,05,14,21,28|5|1.5721
251mSER: 04,09,16,25,27|5|2.4597
251mLYS: 04,09,16,25,27|5|1.6512
167mASP: 04,16,19,21,25|5|2.3838
305mASP: 02,05,12,24,28|5|3.103
244mGLU: 01,06,10,23,29|5|3.6632
259mTHR: 13,16,18,26,27|5|2.0404
251mILE: 04,09,16,25,27|5|1.1294
259mASP: 13,16,18,26,27|5|1.3576
158mTHR: 04,09,16,26,27|5|1.1522
190mTHR: 09,10,19,21,23|5|1.5074
251mASP: 04,09,16,25,27|5|2.0459
259mGLU: 13,16,18,26,27|5|2.9869
251mTRP: 04,09,16,25,27|5|1.0017
251mGLN: 04,09,16,25,27|5|1.4866
251mALA: 04,09,16,25,27|5|2.7389
305mSER: 02,05,12,24,28|5|2.1724
305mALA: 02,05,12,24,28|5|3.2764
258mGLU: 14,16,18,21,27|5|1.9524
305mGLY: 02,05,12,24,28|5|2.8209
305mGLU: 02,05,12,24,28|5|4.9831
251mASN: 04,09,16,25,27|5|1.1514
261mHIS: 12,13,16,18|4|1.0627
275mTHR: 02,05,12,28|4|1.5021
284mASP: 14,19,21,25|4|1.7037
229mGLY: 12,13,18,22|4|1.3274
229mCYS: 12,13,18,22|4|2.1862
220mSER: 00,19,24,28|4|1.1655
336mVAL: 08,11,17,20|4|1.4028
220mTHR: 00,19,24,28|4|1.123
339mGLY: 08,11,17,20|4|1.7742
232mCYS: 13,16,26,27|4|2.3352
232mGLY: 13,16,26,27|4|1.475
261mALA: 12,13,16,18|4|1.3879
220mGLY: 00,19,24,28|4|1.0773
261mGLY: 12,13,16,18|4|1.5228
220mASP: 00,19,24,28|4|1.4267
119mGLY: 07,12,13,22|4|1.974
257mGLU: 14,16,21,27|4|1.6582
220mASN: 00,19,24,28|4|1.4959
359mHIS: 04,14,21,25|4|1.6983
217mTHR: 00,19,21,29|4|1.3043
217mGLU: 00,19,21,29|4|1.5256
336mLEU: 08,11,17,20|4|1.4784
257mTHR: 14,16,21,27|4|1.2509
261mGLU: 12,13,16,18|4|1.8427
336mGLU: 08,11,17,20|4|2.0536
261mSER: 12,13,16,18|4|1.633
261mTHR: 12,13,16,18|4|1.5091
336mTHR: 08,11,17,20|4|1.1341
359mSER: 04,14,21,25|4|1.416
220mLYS: 00,19,24,28|4|1.0552
275mGLU: 02,05,12,28|4|2.2877
232mSER: 13,16,26,27|4|1.2701
261mLYS: 12,13,16,18|4|1.0624
359mGLY: 04,14,21,25|4|1.5337
197mASN: 01,06,26|3|1.1052
440mGLU: 14,19,21|3|2.0729
122mALA: 05,12,13|3|1.3786
293mHIS: 02,19,21|3|1.6364
326mGLY: 03,15,20|3|1.386
300mCYS: 02,19,21|3|1.2015
326mTHR: 03,15,20|3|1.8752
293mGLY: 02,19,21|3|1.9678
197mGLY: 01,06,26|3|1.1118
237mASP: 01,26,27|3|1.0828
301mTHR: 02,21,28|3|1.1535
440mLEU: 14,19,21|3|1.2524
262mGLU: 12,13,18|3|1.0219
300mGLU: 02,19,21|3|1.2893
281mTHR: 14,19,21|3|1.8251
301mMET: 02,21,28|3|1.0042
237mCYS: 01,26,27|3|1.518
297mASN: 02,19,21|3|2.1363
297mSER: 02,19,21|3|2.0558
297mGLU: 02,19,21|3|3.4923
262mALA: 12,13,18|3|1.2071
326mALA: 03,15,20|3|1.4417
293mASN: 02,19,21|3|1.4834
296mGLY: 02,19,21|3|1.1194
440mTHR: 14,19,21|3|1.162
197mMET: 01,06,26|3|1.0696
440mPHE: 14,19,21|3|1.053
293mGLU: 02,19,21|3|2.074
281mGLN: 14,19,21|3|1.144
326mSER: 03,15,20|3|1.0702
293mMET: 02,19,21|3|1.5911
341mALA: 08,11,17|3|1.17
345mGLU: 08,11,17|3|1.3714
273mTHR: 02,12,21|3|1.2321
293mLEU: 02,19,21|3|1.7824
297mHIS: 02,19,21|3|2.1017
440mALA: 14,19,21|3|1.9291
440mGLY: 14,19,21|3|1.6893
297mVAL: 02,19,21|3|2.1934
297mGLY: 02,19,21|3|2.4888
281mMET: 14,19,21|3|1.7039
297mALA: 02,19,21|3|1.9197
281mALA: 14,19,21|3|1.8651
122mCYS: 05,12,13|3|1.6619
197mGLU: 01,06,26|3|1.5787
281mHIS: 14,19,21|3|2.0476
341mCYS: 08,11,17|3|3.3941
281mASN: 14,19,21|3|1.2516
440mSER: 14,19,21|3|1.1324
293mTHR: 02,19,21|3|2.094
273mCYS: 02,12,21|3|1.0992
293mLYS: 02,19,21|3|1.2969
326mGLU: 03,15,20|3|2.277
297mGLN: 02,19,21|3|2.2602
281mSER: 14,19,21|3|2.0662
293mALA: 02,19,21|3|2.0258
326mMET: 03,15,20|3|1.3344
297mLEU: 02,19,21|3|2.496
281mGLU: 14,19,21|3|2.119
297mTHR: 02,19,21|3|3.0594
262mGLY: 12,13,18|3|1.2886
293mVAL: 02,19,21|3|1.8952
293mSER: 02,19,21|3|1.9639
440mVAL: 14,19,21|3|1.2074
273mGLU: 02,12,21|3|1.648
262mSER: 12,13,18|3|1.1726
301mGLU: 02,21,28|3|1.4909
197mGLN: 01,06,26|3|1.001
126mGLU: 06,07,26|3|1.3859
326mLEU: 03,15,20|3|1.8008
281mASP: 14,19,21|3|1.4347
281mLYS: 14,19,21|3|1.3519
440mPRO: 14,19,21|3|1.1373
341mASP: 08,11,17|3|1.153
440mASP: 14,19,21|3|2.2491
341mGLU: 08,11,17|3|2.8101
330mCYS: 15,17,20|3|1.3897
281mGLY: 14,19,21|3|1.9938
197mTHR: 01,06,26|3|1.5317
357mCYS: 14,21,25|3|1.169
297mMET: 02,19,21|3|2.6083
281mLEU: 14,19,21|3|1.386
197mALA: 01,06,26|3|1.1005
283mILE: 15,25|2|1.2708
401mTHR: 03,20|2|1.2255
283mPRO: 15,25|2|1.145
411mCYS: 08,17|2|1.0654
172mGLN: 00,28|2|1.1424
208mGLY: 13,22|2|1.2797
283mGLN: 15,25|2|1.1424
319mCYS: 03,15|2|1.224
137mGLU: 00,07|2|1.0002
172mILE: 00,28|2|1.2708
302mTHR: 02,28|2|1.0066
401mGLY: 03,20|2|1.0205
208mTHR: 13,22|2|1.2325
456mVAL: 16,25|2|1.1115
280mGLU: 14,21|2|1.5104
124mASP: 07,13|2|1.0563
401mASN: 03,20|2|1.3374
136mGLU: 00,01|2|1.8867
283mPHE: 15,25|2|1.3998
182mALA: 13,22|2|1.2544
208mCYS: 13,22|2|1.6892
283mLEU: 15,25|2|1.2874
172mGLU: 00,28|2|1.852
283mASP: 15,25|2|1.2682
302mGLU: 02,28|2|1.3002
456mGLU: 16,25|2|1.6431
208mASP: 13,22|2|1.107
283mVAL: 15,25|2|1.2319
136mTHR: 00,01|2|1.2653
283mCYS: 15,25|2|1.9001
172mLEU: 00,28|2|1.2874
356mGLU: 14,25|2|1.5984
283mTRP: 15,25|2|1.035
172mTRP: 00,28|2|1.035
438mCYS: 14,21|2|2.8702
401mGLU: 03,20|2|1.5191
356mTHR: 14,25|2|1.3348
175mASN: 19,24|2|1.1189
172mASP: 00,28|2|1.2682
136mASN: 00,01|2|1.3991
401mSER: 03,20|2|1.1749
356mASP: 14,25|2|1.8685
283mGLU: 15,25|2|1.852
136mSER: 00,01|2|1.1709
456mGLY: 16,25|2|1.5435
302mASN: 02,28|2|1.1185
208mALA: 13,22|2|1.8242
172mCYS: 00,28|2|1.9001
172mPRO: 00,28|2|1.145
208mLYS: 13,22|2|1.2443
172mVAL: 00,28|2|1.2319
208mSER: 13,22|2|1.3285
206mGLU: 13,26|2|1.1149
319mGLU: 03,15|2|1.2226
172mALA: 00,28|2|1.1264
456mLEU: 16,25|2|1.2685
172mPHE: 00,28|2|1.3998
456mALA: 16,25|2|1.3126
283mTHR: 15,25|2|1.5008
172mTHR: 00,28|2|1.5008
183mHIS: 18,22|2|1.0268
401mHIS: 03,20|2|1.0746
283mALA: 15,25|2|1.1264
456mSER: 16,25|2|1.0877
208mGLU: 13,22|2|1.5931
438mALA: 14,21|2|1.3752
286mCYS: 15|1|1.0415
376mCYS: 08|1|1.5446
368mCYS: 17|1|1.0415
441mCYS: 21|1|1.11
442mCYS: 21|1|1.0368
372mGLU: 11|1|1.0255
