297mGLY: 00,01,04,05,06,07,10,12,13,14,24,25,26|13|6.8258
293mHIS: 00,01,04,06,07,10,12,14,24,25,26|11|4.856
293mGLN: 00,01,04,06,07,10,12,14,24,25,26|11|4.4881
293mLEU: 00,01,04,06,07,10,12,14,24,25,26|11|5.7821
293mGLY: 00,01,04,06,07,10,12,14,24,25,26|11|7.2345
293mGLU: 00,01,04,06,07,10,12,14,24,25,26|11|6.2713
293mMET: 00,01,04,06,07,10,12,14,24,25,26|11|4.3359
303mASP: 00,01,07,09,10,13,14,15,16,19,24|11|3.5941
299mGLU: 00,01,04,05,06,07,10,13,14,24,26|11|3.1936
293mTHR: 00,01,04,06,07,10,12,14,24,25,26|11|6.2209
293mALA: 00,01,04,06,07,10,12,14,24,25,26|11|8.5238
293mLYS: 00,01,04,06,07,10,12,14,24,25,26|11|3.5905
293mSER: 00,01,04,06,07,10,12,14,24,25,26|11|6.0238
293mILE: 00,01,04,06,07,10,12,14,24,25,26|11|4.4982
278mGLU: 00,01,06,12,14,16,24,26|8|2.1481
278mCYS: 00,01,06,12,14,16,24,26|8|3.3646
172mGLN: 01,04,12,20,24,25,26|7|5.1907
277mVAL: 01,04,12,14,24,25,26|7|6.2824
172mGLY: 01,04,12,20,24,25,26|7|4.1639
277mSER: 01,04,12,14,24,25,26|7|3.4264
172mILE: 01,04,12,20,24,25,26|7|5.1805
292mGLU: 00,01,04,06,14,24,26|7|2.8079
305mTHR: 05,07,09,13,15,16,21|7|6.9123
305mMET: 05,07,09,13,15,16,21|7|2.8683
305mGLN: 05,07,09,13,15,16,21|7|4.4511
172mMET: 01,04,12,20,24,25,26|7|4.2862
277mPRO: 01,04,12,14,24,25,26|7|5.6682
165mGLU: 08,12,17,18,20,25,26|7|4.2889
277mTHR: 01,04,12,14,24,25,26|7|6.8974
277mLEU: 01,04,12,14,24,25,26|7|6.9375
277mMET: 01,04,12,14,24,25,26|7|5.6729
172mGLU: 01,04,12,20,24,25,26|7|7.6284
165mHIS: 08,12,17,18,20,25,26|7|2.3814
172mALA: 01,04,12,20,24,25,26|7|4.6484
165mSER: 08,12,17,18,20,25,26|7|3.4249
172mASN: 01,04,12,20,24,25,26|7|4.1708
277mGLU: 01,04,12,14,24,25,26|7|7.7181
268mSER: 07,09,13,15,16,19,21|7|3.5104
268mLEU: 07,09,13,15,16,19,21|7|7.6112
277mTRP: 01,04,12,14,24,25,26|7|5.8404
277mASP: 01,04,12,14,24,25,26|7|6.2065
172mLEU: 01,04,12,20,24,25,26|7|5.6147
277mTYR: 01,04,12,14,24,25,26|7|1.8561
305mASP: 05,07,09,13,15,16,21|7|5.9471
277mILE: 01,04,12,14,24,25,26|7|6.1392
277mGLY: 01,04,12,14,24,25,26|7|4.8499
165mGLY: 08,12,17,18,20,25,26|7|3.6795
268mGLY: 07,09,13,15,16,19,21|7|5.557
277mCYS: 01,04,12,14,24,25,26|7|8.8985
277mPHE: 01,04,12,14,24,25,26|7|6.7263
281mCYS: 00,01,04,06,07,12,14|7|2.5611
165mLYS: 08,12,17,18,20,25,26|7|2.8661
172mVAL: 01,04,12,20,24,25,26|7|5.2717
277mGLN: 01,04,12,14,24,25,26|7|6.3729
305mSER: 05,07,09,13,15,16,21|7|3.8684
277mASN: 01,04,12,14,24,25,26|7|4.2072
218mTHR: 01,04,12,19,20,24,26|7|2.2767
172mSER: 01,04,12,20,24,25,26|7|3.3108
277mALA: 01,04,12,14,24,25,26|7|5.4078
268mALA: 07,09,13,15,16,19,21|7|7.2316
277mHIS: 01,04,12,14,24,25,26|7|3.3983
172mTHR: 01,04,12,20,24,25,26|7|6.442
305mGLY: 05,07,09,13,15,16,21|7|4.8984
305mGLU: 05,07,09,13,15,16,21|7|9.0345
172mTRP: 01,04,12,20,24,25,26|7|4.6505
168mGLU: 01,04,12,17,20,25,26|7|2.9224
440mGLU: 04,10,12,24,25,26|6|5.834
440mTHR: 04,10,12,24,25,26|6|4.2327
440mLEU: 04,10,12,24,25,26|6|3.1662
164mGLU: 08,12,17,18,25,26|6|4.755
280mGLU: 00,01,04,12,25,26|6|1.973
440mSER: 04,10,12,24,25,26|6|2.4307
440mASN: 04,10,12,24,25,26|6|2.7006
190mGLU: 01,12,17,20,25,26|6|2.4318
440mTRP: 04,10,12,24,25,26|6|2.0382
242mALA: 08,12,17,18,20,25|6|3.0824
440mASP: 04,10,12,24,25,26|6|5.2616
440mALA: 04,10,12,24,25,26|6|4.0779
440mILE: 04,10,12,24,25,26|6|3.2175
440mGLY: 04,10,12,24,25,26|6|3.5858
440mCYS: 04,10,12,24,25,26|6|7.9735
242mILE: 08,12,17,18,20,25|6|1.4296
242mTHR: 08,12,17,18,20,25|6|3.0649
440mGLN: 04,10,12,24,25,26|6|3.2257
164mTHR: 08,12,17,18,25,26|6|3.6541
280mTHR: 00,01,04,12,25,26|6|1.0277
247mCYS: 08,12,17,20,27|5|1.8642
248mASP: 02,03,08,18,27|5|6.8208
146mTHR: 09,15,16,19,21|5|2.5343
244mASP: 03,08,17,18,20|5|3.3737
245mASP: 03,08,17,18,27|5|4.128
146mASP: 09,15,16,19,21|5|3.9961
248mGLY: 02,03,08,18,27|5|4.6737
146mGLU: 09,15,16,19,21|5|3.3355
245mCYS: 03,08,17,18,27|5|6.2821
248mCYS: 02,03,08,18,27|5|9.2435
248mGLU: 02,03,08,18,27|5|6.8912
167mASN: 18,20,25,26|4|2.2247
267mHIS: 09,15,16,19|4|1.1006
120mCYS: 09,15,16,19|4|5.0633
120mTHR: 09,15,16,19|4|2.4907
267mGLY: 09,15,16,19|4|1.6234
159mGLU: 08,12,18,27|4|1.5189
267mLEU: 09,15,16,19|4|1.0827
271mCYS: 07,09,15,19|4|1.7354
167mTHR: 18,20,25,26|4|2.3554
167mGLU: 18,20,25,26|4|3.2999
167mGLY: 18,20,25,26|4|2.0116
159mTHR: 08,12,18,27|4|1.2292
158mCYS: 02,08,18,27|4|3.1245
167mSER: 18,20,25,26|4|2.2129
167mALA: 18,20,25,26|4|1.7338
163mGLU: 08,12,18,27|4|1.4078
237mGLU: 02,08,18,27|4|1.4444
158mGLY: 02,08,18,27|4|1.2105
250mALA: 02,08,18,27|4|1.2027
157mGLU: 08,12,18,27|4|1.3993
167mGLN: 18,20,25,26|4|1.2695
158mALA: 02,08,18,27|4|2.3471
167mASP: 18,20,25,26|4|1.803
267mALA: 09,15,16,19|4|1.9512
267mSER: 09,15,16,19|4|1.2136
441mCYS: 04,10,12,26|4|1.106
141mGLU: 09,15,16,19|4|2.6389
250mCYS: 02,08,18,27|4|1.872
120mGLU: 09,15,16,19|4|4.0398
267mASP: 09,15,16,19|4|1.2817
197mASN: 02,08,27|3|1.5171
319mASP: 05,10,22|3|1.9325
122mALA: 09,15,19|3|1.3789
251mGLY: 02,18,27|3|3.2639
119mILE: 02,09,16|3|1.1138
235mALA: 02,18,27|3|1.5058
197mGLU: 02,08,27|3|3.1266
356mGLY: 04,12,25|3|1.264
319mCYS: 05,10,22|3|2.803
235mCYS: 02,18,27|3|1.9091
251mALA: 02,18,27|3|3.3097
251mTHR: 02,18,27|3|3.075
272mCYS: 09,13,15|3|1.175
249mMET: 08,18,27|3|1.0518
362mALA: 12,25,26|3|1.1637
194mCYS: 12,17,20|3|2.6329
251mLEU: 02,18,27|3|2.305
122mTHR: 09,15,19|3|1.8893
122mCYS: 09,15,19|3|2.5991
197mCYS: 02,08,27|3|4.0319
119mLEU: 02,09,16|3|1.2866
122mPHE: 09,15,19|3|1.8164
362mGLU: 12,25,26|3|1.1615
197mMET: 02,08,27|3|1.4286
241mCYS: 03,12,20|3|1.5949
362mGLY: 12,25,26|3|1.4032
119mCYS: 02,09,16|3|2.5518
251mMET: 02,18,27|3|1.987
249mTHR: 08,18,27|3|1.0794
362mCYS: 12,25,26|3|1.7245
322mCYS: 05,10,22|3|1.007
197mASP: 02,08,27|3|2.7086
119mGLY: 02,09,16|3|1.0782
251mHIS: 02,18,27|3|2.2738
251mGLU: 02,18,27|3|3.5187
197mVAL: 02,08,27|3|2.1892
197mLEU: 02,08,27|3|2.1817
197mGLY: 02,08,27|3|1.6536
119mASP: 02,09,16|3|1.0421
251mSER: 02,18,27|3|3.0643
251mLYS: 02,18,27|3|1.8519
356mGLU: 04,12,25|3|1.462
180mCYS: 09,15,16|3|1.4503
122mVAL: 09,15,19|3|1.5718
197mPRO: 02,08,27|3|2.5098
122mPRO: 09,15,19|3|1.4717
122mGLU: 09,15,19|3|2.336
251mILE: 02,18,27|3|2.0639
197mSER: 02,08,27|3|1.0111
122mGLN: 09,15,19|3|1.4778
122mILE: 09,15,19|3|1.6101
249mGLY: 08,18,27|3|1.1914
119mGLU: 02,09,16|3|1.2094
144mCYS: 09,16,19|3|3.3976
251mASP: 02,18,27|3|2.3304
251mTRP: 02,18,27|3|1.5475
251mGLN: 02,18,27|3|2.0708
285mCYS: 04,12,22|3|1.0444
356mSER: 04,12,25|3|1.3149
249mALA: 08,18,27|3|1.1251
197mGLN: 02,08,27|3|2.1107
362mPRO: 12,25,26|3|1.0646
119mALA: 02,09,16|3|1.4688
122mTRP: 09,15,19|3|1.3199
147mGLU: 09,15,16|3|1.268
249mLEU: 08,18,27|3|1.0679
144mALA: 09,16,19|3|1.37
197mPHE: 02,08,27|3|2.432
122mASP: 09,15,19|3|1.6252
197mILE: 02,08,27|3|2.1018
126mCYS: 02,03,27|3|1.0727
180mGLU: 09,15,16|3|1.7978
197mTHR: 02,08,27|3|2.3529
362mASP: 12,25,26|3|1.6893
122mLEU: 09,15,19|3|1.6974
197mTRP: 02,08,27|3|2.084
249mGLU: 08,18,27|3|1.1243
197mALA: 02,08,27|3|1.73
170mGLU: 20,25|2|1.1828
403mLEU: 11,23|2|1.8622
359mALA: 12,25|2|1.5353
377mTHR: 11,23|2|1.7835
343mCYS: 11,23|2|2.5944
377mSER: 11,23|2|1.6638
403mPHE: 11,23|2|1.8393
403mALA: 11,23|2|1.6451
403mPRO: 11,23|2|1.46
134mPHE: 03,20|2|1.1094
134mGLU: 03,20|2|1.7001
134mASP: 03,20|2|1.3995
403mGLN: 11,23|2|1.7706
377mCYS: 11,23|2|3.8544
206mASP: 02,27|2|1.7567
379mMET: 11,23|2|1.097
330mALA: 22,23|2|1.2343
403mVAL: 11,23|2|1.7946
377mGLU: 11,23|2|1.9584
134mCYS: 03,20|2|2.4086
134mLEU: 03,20|2|1.2677
134mILE: 03,20|2|1.2045
313mGLU: 05,22|2|1.1061
377mGLN: 11,23|2|1.5646
403mILE: 11,23|2|1.7646
379mASN: 11,23|2|1.1166
377mALA: 11,23|2|2.9472
313mTHR: 05,22|2|1.0494
378mCYS: 11,23|2|1.7399
327mALA: 22,23|2|1.4172
403mCYS: 11,23|2|2.1549
313mMET: 05,22|2|1.1233
341mGLY: 11,23|2|1.4433
208mCYS: 02,27|2|1.0567
377mILE: 11,23|2|1.1011
341mALA: 11,23|2|1.8566
134mALA: 03,20|2|1.4336
379mTHR: 11,23|2|1.5317
403mGLU: 11,23|2|2.4841
379mLEU: 11,23|2|1.1069
377mASP: 11,23|2|2.1593
379mGLY: 11,23|2|1.3103
401mGLU: 22,23|2|1.0094
403mASN: 11,23|2|1.6007
379mGLN: 11,23|2|1.448
341mCYS: 11,23|2|2.7547
403mSER: 11,23|2|1.3735
343mALA: 11,23|2|1.7892
359mLYS: 12,25|2|1.185
203mCYS: 02,27|2|1.8907
341mASP: 11,23|2|2.4432
170mCYS: 20,25|2|1.2309
403mHIS: 11,23|2|1.0965
403mTHR: 11,23|2|2.1523
379mVAL: 11,23|2|1.2038
359mCYS: 12,25|2|1.8327
377mGLY: 11,23|2|2.0448
206mCYS: 02,27|2|2.057
134mTHR: 03,20|2|1.3607
403mTRP: 11,23|2|1.6242
377mLEU: 11,23|2|2.2016
403mMET: 11,23|2|1.5419
403mGLY: 11,23|2|1.5566
294mCYS: 01,04|2|1.3208
330mCYS: 22,23|2|2.7825
359mASP: 12,25|2|1.1747
327mCYS: 22,23|2|2.4563
403mASP: 11,23|2|1.716
379mGLU: 11,23|2|1.976
343mASP: 11,23|2|1.0856
359mGLY: 12,25|2|1.1021
283mCYS: 22|1|2.083
283mPRO: 22|1|1.3384
261mILE: 21|1|1.6314
323mCYS: 22|1|1.1829
283mTRP: 22|1|1.2548
261mPRO: 21|1|1.2723
130mCYS: 03|1|1.0318
263mALA: 21|1|1.1916
323mALA: 22|1|1.1061
283mPHE: 22|1|1.5182
283mLEU: 22|1|1.505
283mMET: 22|1|1.1374
261mALA: 21|1|1.6932
283mASP: 22|1|1.399
261mMET: 21|1|1.2303
283mVAL: 22|1|1.3648
261mGLY: 21|1|1.2855
283mILE: 22|1|1.3636
286mGLU: 22|1|1.2245
283mGLN: 22|1|1.3558
261mASP: 21|1|2.1584
334mALA: 23|1|1.0513
261mLEU: 21|1|1.8855
261mVAL: 21|1|1.8259
283mGLU: 22|1|1.653
205mASP: 02|1|1.1911
263mCYS: 21|1|1.2907
261mGLU: 21|1|2.4362
334mASP: 23|1|1.0844
261mGLN: 21|1|1.7741
261mTHR: 21|1|1.9729
334mLEU: 23|1|1.0394
334mCYS: 23|1|2.1456
261mTRP: 21|1|1.4139
261mPHE: 21|1|1.583
336mCYS: 23|1|1.408
283mTHR: 22|1|1.462
334mGLU: 23|1|1.0552
261mCYS: 21|1|2.4557
283mALA: 22|1|1.19
205mCYS: 02|1|1.3871
