142mSER: 02,06,10,11,13,19,24,26,29|9|4.1224
142mGLU: 02,06,10,11,13,19,24,26,29|9|4.0461
142mGLY: 02,06,10,11,13,19,24,26,29|9|3.8215
142mLYS: 02,06,10,11,13,19,24,26,29|9|2.9375
265mALA: 00,01,02,06,21,25,28,29|8|4.5608
146mGLY: 00,01,02,06,11,13,26,29|8|9.2715
146mLYS: 00,01,02,06,11,13,26,29|8|6.9604
146mTHR: 00,01,02,06,11,13,26,29|8|5.4792
265mGLU: 00,01,02,06,21,25,28,29|8|3.8558
147mGLY: 00,01,02,06,11,25,28,29|8|3.1186
146mHIS: 00,01,02,06,11,13,26,29|8|7.9166
146mILE: 00,01,02,06,11,13,26,29|8|4.3244
146mLEU: 00,01,02,06,11,13,26,29|8|4.7437
180mGLU: 00,01,02,06,11,25,28,29|8|4.8278
146mGLU: 00,01,02,06,11,13,26,29|8|7.1697
146mSER: 00,01,02,06,11,13,26,29|8|7.6041
146mALA: 00,01,02,06,11,13,26,29|8|8.5785
146mVAL: 00,01,02,06,11,13,26,29|8|5.0513
147mMET: 00,01,02,06,11,25,28,29|8|1.6901
146mASP: 00,01,02,06,11,13,26,29|8|4.3977
266mALA: 00,01,21,25,26,28,29|7|2.1953
136mVAL: 09,10,12,13,24,26|6|2.8444
136mLYS: 09,10,12,13,24,26|6|4.2182
229mHIS: 00,01,02,25,28,29|6|1.5649
229mGLY: 00,01,02,25,28,29|6|2.624
122mLEU: 01,02,09,11,13,26|6|1.5955
139mALA: 10,12,13,19,24,26|6|1.5973
122mSER: 01,02,09,11,13,26|6|2.0831
136mGLU: 09,10,12,13,24,26|6|5.315
122mALA: 01,02,09,11,13,26|6|1.0453
122mASN: 01,02,09,11,13,26|6|2.0953
122mGLY: 01,02,09,11,13,26|6|2.4324
136mALA: 09,10,12,13,24,26|6|5.231
136mASP: 09,10,12,13,24,26|6|3.9483
122mMET: 01,02,09,11,13,26|6|2.7753
229mMET: 00,01,02,25,28,29|6|1.4601
122mVAL: 01,02,09,11,13,26|6|1.4407
122mGLU: 01,02,09,11,13,26|6|2.0706
136mSER: 09,10,12,13,24,26|6|3.4392
122mGLN: 01,02,09,11,13,26|6|1.8947
122mTHR: 01,02,09,11,13,26|6|2.1109
136mGLY: 09,10,12,13,24,26|6|4.506
136mILE: 09,10,12,13,24,26|6|2.108
136mHIS: 09,10,12,13,24,26|6|3.4884
122mTRP: 01,02,09,11,13,26|6|1.5712
122mHIS: 01,02,09,11,13,26|6|2.9211
217mHIS: 12,13,19,24,26|5|1.7576
341mHIS: 04,08,14,15,18|5|1.9275
217mGLY: 12,13,19,24,26|5|1.9549
182mHIS: 00,06,11,25,28|5|1.7958
341mGLY: 04,08,14,15,18|5|2.1719
261mMET: 02,16,21,25,28|5|2.0463
261mGLY: 02,16,21,25,28|5|3.2374
261mASP: 02,16,21,25,28|5|2.746
217mTHR: 12,13,19,24,26|5|2.4812
261mVAL: 02,16,21,25,28|5|2.8909
341mSER: 04,08,14,15,18|5|1.6587
261mTRP: 02,16,21,25,28|5|1.3774
217mSER: 12,13,19,24,26|5|2.1869
140mGLU: 10,13,19,24,26|5|2.3813
261mGLU: 02,16,21,25,28|5|3.4143
261mGLN: 02,16,21,25,28|5|1.8577
261mSER: 02,16,21,25,28|5|2.394
261mTHR: 02,16,21,25,28|5|2.2378
261mASN: 02,16,21,25,28|5|2.0668
379mALA: 04,05,08,14,17|5|1.7637
261mHIS: 02,16,21,25,28|5|2.6546
217mGLU: 12,13,19,24,26|5|2.4353
218mTHR: 12,13,19,24,26|5|1.0672
178mVAL: 02,06,28,29|4|1.1541
283mHIS: 16,17,20,21|4|1.5212
178mSER: 02,06,28,29|4|1.5054
178mLYS: 02,06,28,29|4|1.0083
344mGLU: 05,14,15,18|4|1.5865
347mGLY: 05,14,15,18|4|2.304
347mLEU: 05,14,15,18|4|1.4328
377mGLU: 04,05,08,17|4|2.4219
344mTHR: 05,14,15,18|4|1.563
159mALA: 03,16,23,27|4|2.558
178mGLY: 02,06,28,29|4|1.9527
164mGLU: 03,22,23,27|4|2.3892
339mSER: 04,08,15,18|4|2.3642
346mVAL: 05,14,15,18|4|1.2978
339mHIS: 04,08,15,18|4|1.3839
346mHIS: 05,14,15,18|4|1.9166
346mGLY: 05,14,15,18|4|2.5631
215mHIS: 12,13,19,26|4|1.1541
339mGLY: 04,08,15,18|4|1.9742
215mGLY: 12,13,19,26|4|1.1094
159mCYS: 03,16,23,27|4|2.4591
178mGLU: 02,06,28,29|4|1.5175
283mGLY: 16,17,20,21|4|1.4179
346mSER: 05,14,15,18|4|2.2981
377mHIS: 04,05,08,17|4|1.3532
347mALA: 05,14,15,18|4|2.1594
346mLEU: 05,14,15,18|4|1.916
158mCYS: 03,16,23,27|4|3.0643
178mMET: 02,06,28,29|4|1.4149
346mGLU: 05,14,15,18|4|2.2579
344mALA: 05,14,15,18|4|1.252
178mTHR: 02,06,28,29|4|1.1143
135mHIS: 09,10,12,13|4|1.1413
283mSER: 16,17,20,21|4|1.2879
283mGLU: 16,17,20,21|4|1.0346
344mGLY: 05,14,15,18|4|1.4962
158mALA: 03,16,23,27|4|1.5738
164mTHR: 03,22,23,27|4|2.085
346mLYS: 05,14,15,18|4|1.3211
347mILE: 05,14,15,18|4|1.1098
178mHIS: 02,06,28,29|4|2.1319
344mLYS: 05,14,15,18|4|1.1553
377mASP: 04,05,08,17|4|1.0549
178mALA: 02,06,28,29|4|1.4318
347mLYS: 05,14,15,18|4|1.0868
377mGLY: 04,05,08,17|4|2.264
346mALA: 05,14,15,18|4|2.2018
347mGLU: 05,14,15,18|4|1.2032
346mMET: 05,14,15,18|4|1.6914
377mALA: 04,05,08,17|4|3.0943
347mVAL: 05,14,15,18|4|1.201
347mSER: 05,14,15,18|4|1.8248
344mSER: 05,14,15,18|4|2.0646
219mLEU: 12,19,24|3|1.0264
303mGLY: 13,19,26|3|2.6715
303mLEU: 13,19,26|3|1.671
127mTHR: 09,10,12|3|1.0918
247mMET: 03,23,27|3|1.0035
400mSER: 08,17,20|3|1.1983
408mTHR: 04,15,18|3|2.2095
219mASN: 12,19,24|3|1.6134
219mTHR: 12,19,24|3|1.5513
251mGLY: 03,23,27|3|1.5954
193mHIS: 12,19,24|3|1.291
127mGLY: 09,10,12|3|1.7617
219mSER: 12,19,24|3|1.8823
219mHIS: 12,19,24|3|2.6082
123mGLU: 09,10,12|3|2.3478
408mSER: 04,15,18|3|2.5689
408mGLN: 04,15,18|3|1.1862
411mSER: 04,15,18|3|1.3504
251mTHR: 03,23,27|3|1.5656
303mVAL: 13,19,26|3|1.4207
408mHIS: 04,15,18|3|3.2574
411mHIS: 04,15,18|3|2.1975
242mSER: 03,23,27|3|2.1184
251mLEU: 03,23,27|3|1.4863
411mGLY: 04,15,18|3|1.8648
247mHIS: 03,23,27|3|1.5021
123mCYS: 09,10,12|3|2.072
242mGLY: 03,23,27|3|2.344
303mSER: 13,19,26|3|2.6134
303mGLN: 13,19,26|3|2.0146
127mGLU: 09,10,12|3|2.1077
400mGLY: 08,17,20|3|1.332
219mGLU: 12,19,24|3|1.4987
303mASN: 13,19,26|3|2.2352
408mLEU: 04,15,18|3|1.5552
303mGLU: 13,19,26|3|2.2203
408mVAL: 04,15,18|3|1.0968
408mASN: 04,15,18|3|1.8942
408mALA: 04,15,18|3|1.1184
251mGLU: 03,23,27|3|2.3853
303mTHR: 13,19,26|3|2.2162
242mMET: 03,23,27|3|2.6408
251mSER: 03,23,27|3|1.2727
303mASP: 13,19,26|3|1.2383
251mLYS: 03,23,27|3|1.295
408mGLU: 04,15,18|3|2.2845
303mLYS: 13,19,26|3|1.1957
303mTRP: 13,19,26|3|1.7167
242mGLU: 03,23,27|3|1.5408
410mSER: 04,15,18|3|1.0016
251mVAL: 03,23,27|3|1.6358
303mHIS: 13,19,26|3|3.57
205mHIS: 09,27,28|3|1.3544
123mASP: 09,10,12|3|1.1394
251mILE: 03,23,27|3|1.3403
242mLEU: 03,23,27|3|1.0824
205mASP: 09,27,28|3|1.2742
205mMET: 09,27,28|3|1.338
411mMET: 04,15,18|3|1.2063
205mTHR: 09,27,28|3|1.0208
408mMET: 04,15,18|3|2.82
251mASP: 03,23,27|3|1.3878
123mVAL: 09,10,12|3|1.5593
219mGLY: 12,19,24|3|2.0649
251mALA: 03,23,27|3|2.2106
219mMET: 12,19,24|3|2.2272
303mMET: 13,19,26|3|3.1055
305mASN: 20,21,26|3|1.3155
242mGLN: 03,23,27|3|1.5096
415mHIS: 04,15,18|3|1.2383
242mASN: 03,23,27|3|2.0304
251mCYS: 03,23,27|3|3.4888
303mALA: 13,19,26|3|1.4782
405mHIS: 04,15,18|3|1.0038
242mTRP: 03,23,27|3|1.1976
242mHIS: 03,23,27|3|3.1112
219mGLN: 12,19,24|3|1.117
242mTHR: 03,23,27|3|1.696
408mGLY: 04,15,18|3|2.7783
205mGLU: 09,27,28|3|1.3379
123mALA: 09,10,12|3|1.7188
440mLYS: 07,22|2|1.1313
440mGLU: 07,22|2|1.1501
259mASN: 16,21|2|2.289
403mLEU: 08,17|2|1.0161
249mASN: 03,23|2|1.1035
267mCYS: 00,26|2|2.1048
259mALA: 16,21|2|2.0748
259mSER: 16,21|2|2.9986
334mCYS: 04,08|2|1.89
403mVAL: 08,17|2|1.0046
403mALA: 08,17|2|1.3006
249mHIS: 03,23|2|1.7044
336mALA: 04,08|2|1.4451
133mHIS: 12,24|2|1.0038
249mMET: 03,23|2|1.1165
124mGLU: 09,10|2|1.0355
290mGLY: 07,22|2|1.1843
336mGLU: 04,08|2|2.4558
419mSER: 08,17|2|1.449
259mLEU: 16,21|2|1.1673
324mCYS: 17,20|2|1.4732
290mTHR: 07,22|2|1.2591
380mHIS: 05,14|2|1.0083
370mASP: 15,18|2|1.147
370mGLU: 15,18|2|1.5923
165mMET: 03,23|2|1.3876
206mHIS: 09,27|2|1.3328
197mCYS: 03,09|2|1.2728
258mGLU: 16,21|2|1.092
290mALA: 07,22|2|1.1926
403mHIS: 08,17|2|1.4765
336mASP: 04,08|2|1.0582
370mILE: 15,18|2|1.403
419mVAL: 08,17|2|1.0428
290mMET: 07,22|2|1.0009
369mCYS: 15,18|2|3.4727
359mCYS: 22,23|2|1.4356
282mMET: 17,20|2|1.0407
249mSER: 03,23|2|1.0393
419mASN: 08,17|2|1.0565
249mTHR: 03,23|2|1.0943
387mCYS: 15,18|2|2.824
165mASN: 03,23|2|1.0824
419mALA: 08,17|2|1.1248
165mHIS: 03,23|2|1.6228
165mSER: 03,23|2|1.1264
370mCYS: 15,18|2|1.9564
259mLYS: 16,21|2|2.2185
419mLEU: 08,17|2|1.0667
206mGLY: 09,27|2|1.0005
369mGLU: 15,18|2|1.6946
290mASP: 07,22|2|1.0752
438mCYS: 07,22|2|1.6762
440mILE: 07,22|2|1.0521
259mMET: 16,21|2|1.6062
370mGLY: 15,18|2|1.6807
259mHIS: 16,21|2|2.7065
440mGLY: 07,22|2|1.355
370mALA: 15,18|2|1.6623
124mHIS: 09,10|2|1.1814
403mSER: 08,17|2|1.3922
165mGLY: 03,23|2|1.2392
259mILE: 16,21|2|1.1673
358mCYS: 22,23|2|3.3416
249mALA: 03,23|2|1.031
369mALA: 15,18|2|1.426
370mSER: 15,18|2|2.0224
369mGLY: 15,18|2|1.0388
419mHIS: 08,17|2|1.6773
308mGLU: 20,21|2|1.4041
249mGLY: 03,23|2|1.346
259mGLN: 16,21|2|1.9025
419mGLY: 08,17|2|1.6326
358mGLU: 22,23|2|1.1373
259mGLU: 16,21|2|2.6625
291mHIS: 17,20|2|1.2012
419mMET: 08,17|2|1.4588
440mCYS: 07,22|2|1.6806
206mGLU: 09,27|2|1.2919
336mTHR: 04,08|2|1.319
336mGLY: 04,08|2|1.646
290mVAL: 07,22|2|1.2235
259mTHR: 16,21|2|2.8405
206mTHR: 09,27|2|1.1147
259mASP: 16,21|2|1.7265
259mGLY: 16,21|2|2.5148
249mVAL: 03,23|2|1.0185
259mVAL: 16,21|2|1.6104
403mMET: 08,17|2|1.2159
336mCYS: 04,08|2|2.375
282mHIS: 17,20|2|1.2171
290mHIS: 07,22|2|1.2642
403mGLY: 08,17|2|1.6748
440mALA: 07,22|2|1.6099
370mLYS: 15,18|2|1.4785
290mGLU: 07,22|2|1.4978
206mMET: 09,27|2|1.3693
440mSER: 07,22|2|1.2589
419mGLU: 08,17|2|1.0883
249mGLU: 03,23|2|1.2181
438mALA: 07,22|2|1.0323
307mCYS: 20|1|1.0415
293mCYS: 07|1|2.4274
450mHIS: 05|1|1.1418
293mGLU: 07|1|1.4041
426mCYS: 16|1|1.2224
208mCYS: 09|1|1.632
388mCYS: 18|1|2.1025
293mTHR: 07|1|1.146
293mALA: 07|1|1.2123
412mCYS: 18|1|1.4838
289mCYS: 07|1|1.1856
293mASP: 07|1|1.1658
293mVAL: 07|1|1.1992
239mCYS: 03|1|1.1315
292mCYS: 07|1|1.4687
