146mILE: 00,05,08,11,13,14,15,21,24,26,27,28,29|13|4.2715
146mVAL: 00,05,08,11,13,14,15,21,24,26,27,28,29|13|4.8214
268mALA: 08,11,13,14,15,18,21,24,27,28,29|11|9.0769
180mGLU: 00,05,11,13,14,21,24,25,26,27,29|11|4.1358
142mGLU: 00,05,08,11,14,15,21,24,27,28|10|3.8472
266mGLY: 05,11,13,14,18,21,24,26,28,29|10|6.5233
245mGLU: 01,02,03,04,06,07,12,16,19|9|6.4321
218mGLY: 07,08,10,11,15,20,23,28|8|1.4222
178mVAL: 05,11,13,14,21,26,29|7|2.2309
164mILE: 01,03,06,07,10,19,20|7|3.463
178mSER: 05,11,13,14,21,26,29|7|2.9036
178mLYS: 05,11,13,14,21,26,29|7|2.0608
178mGLY: 05,11,13,14,21,26,29|7|3.0123
178mLEU: 05,11,13,14,21,26,29|7|1.7041
219mALA: 03,04,07,10,16,20,23|7|1.3062
194mGLU: 03,04,06,07,10,16,20|7|1.6421
178mALA: 05,11,13,14,21,26,29|7|2.7032
164mVAL: 01,03,06,07,10,19,20|7|4.2892
164mLEU: 01,03,06,07,10,19,20|7|3.3114
164mGLY: 01,03,06,07,10,19,20|7|6.8593
178mILE: 05,11,13,14,21,26,29|7|1.7685
164mALA: 01,03,06,07,10,19,20|7|6.659
164mSER: 01,03,06,07,10,19,20|7|5.5152
167mASN: 01,03,06,07,10,19|6|2.1588
184mALA: 00,14,21,24,25,27|6|2.1958
249mILE: 01,02,03,06,07,19|6|1.4816
184mVAL: 00,14,21,24,25,27|6|1.5728
165mASP: 01,03,06,07,10,19|6|3.7277
249mHIS: 01,02,03,06,07,19|6|3.6586
119mSER: 00,05,14,24,25,27|6|3.5823
249mLYS: 01,02,03,06,07,19|6|2.0439
249mMET: 01,02,03,06,07,19|6|3.2951
165mARG: 01,03,06,07,10,19|6|1.6258
242mSER: 01,03,06,07,16,19|6|3.3859
167mHIS: 01,03,06,07,10,19|6|3.6184
165mTRP: 01,03,06,07,10,19|6|1.8052
165mMET: 01,03,06,07,10,19|6|4.6492
167mGLU: 01,03,06,07,10,19|6|2.142
242mGLY: 01,03,06,07,16,19|6|3.2036
167mGLY: 01,03,06,07,10,19|6|3.6467
182mVAL: 00,05,14,24,25,26|6|2.9813
167mSER: 01,03,06,07,10,19|6|3.3484
184mILE: 00,14,21,24,25,27|6|1.4148
165mGLU: 01,03,06,07,10,19|6|4.8453
167mLYS: 01,03,06,07,10,19|6|2.422
167mALA: 01,03,06,07,10,19|6|3.0496
249mASN: 01,02,03,06,07,19|6|3.0083
184mLYS: 00,14,21,24,25,27|6|1.6218
249mSER: 01,02,03,06,07,19|6|3.199
184mSER: 00,14,21,24,25,27|6|1.4026
249mTHR: 01,02,03,06,07,19|6|2.7461
165mASN: 01,03,06,07,10,19|6|4.342
167mTHR: 01,03,06,07,10,19|6|2.0891
242mALA: 01,03,06,07,16,19|6|3.8696
184mGLY: 00,14,21,24,25,27|6|1.5192
119mGLY: 00,05,14,24,25,27|6|4.1336
165mHIS: 01,03,06,07,10,19|6|5.8454
165mSER: 01,03,06,07,10,19|6|5.7453
167mILE: 01,03,06,07,10,19|6|2.4044
242mMET: 01,03,06,07,16,19|6|2.408
167mLEU: 01,03,06,07,10,19|6|2.5409
167mPHE: 01,03,06,07,10,19|6|1.1845
182mALA: 00,05,14,24,25,26|6|2.9812
249mTRP: 01,02,03,06,07,19|6|1.2822
242mGLU: 01,03,06,07,16,19|6|1.8469
167mGLN: 01,03,06,07,10,19|6|1.64
248mGLY: 01,02,03,06,07,19|6|1.6964
165mGLY: 01,03,06,07,10,19|6|6.3372
165mLEU: 01,03,06,07,10,19|6|3.5409
182mGLY: 00,05,14,24,25,26|6|2.9265
249mALA: 01,02,03,06,07,19|6|2.1912
165mILE: 01,03,06,07,10,19|6|3.5841
242mLEU: 01,03,06,07,16,19|6|2.4288
167mMET: 01,03,06,07,10,19|6|3.0435
162mGLU: 01,06,07,10,19,20|6|1.416
165mLYS: 01,03,06,07,10,19|6|4.2327
249mGLY: 01,02,03,06,07,19|6|3.4996
119mGLU: 00,05,14,24,25,27|6|4.1902
165mGLN: 01,03,06,07,10,19|6|3.2626
119mALA: 00,05,14,24,25,27|6|4.6848
249mVAL: 01,02,03,06,07,19|6|2.0411
165mTHR: 01,03,06,07,10,19|6|4.4396
249mLEU: 01,02,03,06,07,19|6|1.6343
184mLEU: 00,14,21,24,25,27|6|1.0702
165mALA: 01,03,06,07,10,19|6|5.567
242mASN: 01,03,06,07,16,19|6|1.3576
182mHIS: 00,05,14,24,25,26|6|2.0719
165mVAL: 01,03,06,07,10,19|6|4.6294
167mVAL: 01,03,06,07,10,19|6|2.7441
167mARG: 01,03,06,07,10,19|6|1.0174
182mSER: 00,05,14,24,25,26|6|2.0488
167mTRP: 01,03,06,07,10,19|6|1.0999
242mHIS: 01,03,06,07,16,19|6|3.2306
242mTHR: 01,03,06,07,16,19|6|2.9729
249mGLN: 01,02,03,06,07,19|6|1.8456
249mGLU: 01,02,03,06,07,19|6|2.1656
251mGLY: 01,02,03,06,19|5|4.0379
215mASN: 11,15,20,27,28|5|1.3731
251mTHR: 01,02,03,06,19|5|3.857
300mLEU: 08,10,15,20,23|5|1.2585
251mLEU: 01,02,03,06,19|5|4.0379
251mPHE: 01,02,03,06,19|5|2.7835
261mALA: 05,13,18,26,29|5|2.8617
251mMET: 01,02,03,06,19|5|2.9789
300mVAL: 08,10,15,20,23|5|1.2632
261mGLY: 05,13,18,26,29|5|2.4213
215mGLU: 11,15,20,27,28|5|1.0924
158mGLY: 01,02,03,06,19|5|3.0524
250mALA: 01,02,03,06,19|5|2.4327
251mHIS: 01,02,03,06,19|5|2.6324
251mGLU: 01,02,03,06,19|5|4.722
251mSER: 01,02,03,06,19|5|3.6677
251mLYS: 01,02,03,06,19|5|2.1745
261mASP: 05,13,18,26,29|5|1.5643
215mTHR: 11,15,20,27,28|5|1.3373
261mLEU: 05,13,18,26,29|5|1.851
251mVAL: 01,02,03,06,19|5|3.9914
251mILE: 01,02,03,06,19|5|3.7171
261mGLU: 05,13,18,26,29|5|2.2973
300mGLU: 08,10,15,20,23|5|1.1173
251mASP: 01,02,03,06,19|5|2.5157
261mSER: 05,13,18,26,29|5|2.3387
251mTRP: 01,02,03,06,19|5|1.275
251mGLN: 01,02,03,06,19|5|2.2484
261mTHR: 05,13,18,26,29|5|1.4308
251mALA: 01,02,03,06,19|5|4.5397
215mHIS: 11,15,20,27,28|5|2.2682
261mLYS: 05,13,18,26,29|5|1.8914
250mGLU: 01,02,03,06,19|5|2.236
251mASN: 01,02,03,06,19|5|2.5035
305mTHR: 08,18,21,28|4|2.7578
297mGLY: 07,10,20,23|4|1.5059
293mHIS: 09,10,20,23|4|3.2287
136mLYS: 11,12,15,27|4|1.1664
220mGLN: 11,15,20,28|4|1.0164
136mALA: 11,12,15,27|4|1.8536
301mGLY: 08,10,15,20|4|2.0869
272mTHR: 08,18,21,28|4|1.7216
293mLEU: 09,10,20,23|4|1.1017
293mGLY: 09,10,20,23|4|2.1224
359mALA: 06,07,10,20|4|4.1337
220mILE: 11,15,20,28|4|1.0791
301mCYS: 08,10,15,20|4|3.5719
220mALA: 11,15,20,28|4|1.3381
220mVAL: 11,15,20,28|4|1.2308
305mCYS: 08,18,21,28|4|6.0242
220mSER: 11,15,20,28|4|1.9135
220mTHR: 11,15,20,28|4|1.36
297mILE: 07,10,20,23|4|2.2183
136mGLU: 11,12,15,27|4|1.0171
293mGLN: 09,10,20,23|4|1.6157
269mCYS: 13,18,21,28|4|1.7724
301mALA: 08,10,15,20|4|2.255
293mMET: 09,10,20,23|4|1.9983
303mTHR: 08,15,21,28|4|2.1462
220mMET: 11,15,20,28|4|1.6215
226mCYS: 00,14,24,25|4|1.502
297mALA: 07,10,20,23|4|2.475
229mGLU: 05,13,26,29|4|1.8003
305mASP: 08,18,21,28|4|2.4291
293mASN: 09,10,20,23|4|2.1575
293mTHR: 09,10,20,23|4|2.6548
293mLYS: 09,10,20,23|4|1.686
359mILE: 06,07,10,20|4|1.4911
359mLYS: 06,07,10,20|4|2.3991
136mSER: 11,12,15,27|4|1.27
140mGLU: 11,15,27,28|4|1.4552
301mILE: 08,10,15,20|4|2.2052
220mASN: 11,15,20,28|4|1.5698
293mSER: 09,10,20,23|4|2.4902
136mGLY: 11,12,15,27|4|1.4651
220mLEU: 11,15,20,28|4|1.1821
163mSER: 01,02,03,06|4|1.1789
136mILE: 11,12,15,27|4|1.1656
163mHIS: 01,02,03,06|4|1.3447
359mSER: 06,07,10,20|4|1.9153
220mLYS: 11,15,20,28|4|1.0875
220mHIS: 11,15,20,28|4|1.9262
163mGLY: 01,02,03,06|4|1.3218
297mCYS: 07,10,20,23|4|5.1443
216mCYS: 04,11,15,20|4|2.9982
220mGLY: 11,15,20,28|4|1.9764
293mVAL: 09,10,20,23|4|1.301
305mGLU: 08,18,21,28|4|3.3322
303mILE: 08,15,21,28|4|1.0787
220mGLU: 11,15,20,28|4|1.6776
305mALA: 08,18,21,28|4|2.7191
359mGLY: 06,07,10,20|4|2.5853
440mGLU: 09,20,23|3|2.265
130mGLU: 02,04,12|3|1.1102
326mGLY: 09,17,23|3|2.4224
440mTHR: 09,20,23|3|2.0522
193mGLU: 04,12,20|3|1.022
326mTHR: 09,17,23|3|3.2424
197mGLU: 02,12,25|3|1.5041
193mALA: 04,12,20|3|1.3199
440mMET: 09,20,23|3|1.6473
193mCYS: 04,12,20|3|1.0916
193mSER: 04,12,20|3|1.0812
444mLYS: 07,10,20|3|1.146
326mVAL: 09,17,23|3|2.8704
139mALA: 11,15,27|3|1.1627
183mHIS: 05,26,29|3|1.1639
290mGLY: 09,10,20|3|1.2236
440mSER: 09,20,23|3|1.6502
183mMET: 05,26,29|3|1.0042
326mALA: 09,17,23|3|2.4328
130mGLY: 02,04,12|3|1.0232
326mGLN: 09,17,23|3|2.9834
290mALA: 09,10,20|3|1.0177
193mGLY: 04,12,20|3|1.1907
326mASN: 09,17,23|3|2.0932
441mALA: 09,20,23|3|1.0684
444mGLU: 07,10,20|3|1.6927
326mSER: 09,17,23|3|1.7584
326mHIS: 09,17,23|3|1.8838
296mALA: 09,10,20|3|1.3624
130mSER: 02,04,12|3|1.0927
440mTRP: 09,20,23|3|1.0598
326mILE: 09,17,23|3|2.7302
441mLYS: 09,20,23|3|1.0639
444mSER: 07,10,20|3|1.2263
441mTHR: 09,20,23|3|1.3273
440mALA: 09,20,23|3|1.5806
208mVAL: 00,24,25|3|1.3095
441mSER: 09,20,23|3|1.585
208mCYS: 00,24,25|3|1.5518
440mGLY: 09,20,23|3|1.7424
444mTHR: 07,10,20|3|1.1804
183mGLY: 05,26,29|3|1.2151
326mGLU: 09,17,23|3|3.5856
326mMET: 09,17,23|3|2.8294
326mTRP: 09,17,23|3|2.7034
440mVAL: 09,20,23|3|1.0046
326mLEU: 09,17,23|3|3.175
444mASP: 07,10,20|3|1.2315
208mGLU: 00,24,25|3|1.037
130mHIS: 02,04,12|3|1.4101
440mASP: 09,20,23|3|1.8364
296mCYS: 09,10,20|3|2.1067
440mGLN: 09,20,23|3|1.2373
441mASN: 09,20,23|3|1.4871
290mHIS: 09,10,20|3|1.0444
290mSER: 09,10,20|3|1.083
440mASN: 09,20,23|3|1.7669
444mALA: 07,10,20|3|1.5164
183mSER: 05,26,29|3|1.0597
296mGLY: 09,10,20|3|1.3426
197mTHR: 02,12,25|3|1.127
130mMET: 02,04,12|3|1.2114
148mCYS: 00,15,21|3|1.0918
205mPHE: 00,25|2|1.1835
206mALA: 00,25|2|1.2048
122mHIS: 00,05|2|1.2171
443mGLU: 09,20|2|1.0039
281mVAL: 07,20|2|1.0428
205mGLN: 00,25|2|1.3308
124mHIS: 00,25|2|1.4247
205mSER: 00,25|2|1.2709
281mLEU: 07,20|2|1.0667
205mTHR: 00,25|2|2.137
289mHIS: 09,10|2|1.2799
205mGLY: 00,25|2|1.5926
206mILE: 00,25|2|1.0889
281mMET: 07,20|2|1.4588
281mALA: 07,20|2|1.1248
438mCYS: 09,23|2|1.6269
206mVAL: 00,25|2|1.2128
281mHIS: 07,20|2|1.6773
205mVAL: 00,25|2|2.1891
281mASN: 07,20|2|1.0565
205mILE: 00,25|2|1.7564
124mGLY: 00,25|2|1.0072
281mSER: 07,20|2|1.449
206mLEU: 00,25|2|1.0294
281mGLU: 07,20|2|1.0883
205mALA: 00,25|2|2.2931
205mASP: 00,25|2|1.7058
205mMET: 00,25|2|1.2215
196mHIS: 02,25|2|1.1667
206mGLU: 00,25|2|1.2092
439mALA: 09,23|2|1.379
206mTHR: 00,25|2|1.1781
206mCYS: 00,25|2|1.8293
205mLEU: 00,25|2|2.1263
439mGLY: 09,23|2|1.2584
123mHIS: 00,25|2|1.0268
122mMET: 00,05|2|1.0407
281mGLY: 07,20|2|1.6326
205mCYS: 00,25|2|2.8713
205mGLU: 00,25|2|2.3634
403mPHE: 17|1|1.0899
403mLEU: 17|1|1.2547
349mGLY: 22|1|1.1067
364mSER: 22|1|1.0571
403mALA: 17|1|1.139
419mCYS: 17|1|2.2266
403mGLN: 17|1|1.2911
370mGLN: 22|1|1.3203
403mVAL: 17|1|1.2451
349mMET: 22|1|1.0555
455mILE: 22|1|1.3114
370mHIS: 22|1|1.9211
419mALA: 17|1|1.5201
403mILE: 17|1|1.1468
356mALA: 20|1|1.5244
349mASN: 22|1|1.0844
370mGLU: 22|1|1.3273
349mGLU: 22|1|1.0318
400mGLY: 17|1|1.1805
201mLEU: 25|1|1.0616
201mCYS: 25|1|1.6396
370mTHR: 22|1|1.7444
201mTHR: 25|1|1.0186
370mVAL: 22|1|1.4715
370mMET: 22|1|1.5098
403mGLU: 17|1|1.8599
370mALA: 22|1|1.3965
347mHIS: 22|1|1.0182
356mGLU: 20|1|1.3029
377mASP: 17|1|1.1554
403mASN: 17|1|1.4414
370mGLY: 22|1|1.6738
370mLEU: 22|1|1.1185
356mTHR: 20|1|1.1543
370mASN: 22|1|1.4676
403mSER: 17|1|1.3144
347mMET: 22|1|1.0118
356mASP: 20|1|1.8696
455mLEU: 22|1|1.2211
370mSER: 22|1|1.8356
455mALA: 22|1|2.0136
455mCYS: 22|1|3.1553
356mCYS: 20|1|1.946
403mHIS: 17|1|1.1922
201mPHE: 25|1|1.0748
349mTHR: 22|1|1.1191
356mGLY: 20|1|1.364
419mGLY: 17|1|1.0011
403mTHR: 17|1|1.643
347mTHR: 22|1|1.153
455mGLY: 22|1|1.4653
377mHIS: 17|1|1.2639
370mLYS: 22|1|1.1105
356mSER: 20|1|1.1903
204mCYS: 25|1|2.0913
403mTRP: 17|1|1.1562
201mGLU: 25|1|1.2096
377mALA: 17|1|1.1733
403mMET: 17|1|1.313
403mGLY: 17|1|1.3738
403mASP: 17|1|1.0345
356mLYS: 20|1|1.1694
