242mGLU: 01,05,06,09,11,12,14,19,20,23|10|5.424
243mTHR: 01,05,06,09,11,12,14,20,23|9|4.9286
243mASP: 01,05,06,09,11,12,14,20,23|9|4.864
243mGLU: 01,05,06,09,11,12,14,20,23|9|4.6521
194mTHR: 01,05,06,09,11,14,22|7|3.5738
194mPRO: 01,05,06,09,11,14,22|7|1.8429
244mTHR: 01,05,06,11,14,20,22|7|5.1765
244mGLU: 01,05,06,11,14,20,22|7|5.4016
194mSER: 01,05,06,09,11,14,22|7|2.6605
194mLYS: 01,05,06,09,11,14,22|7|4.2122
194mGLY: 01,05,06,09,11,14,22|7|1.9247
194mALA: 01,05,06,09,11,14,22|7|3.4465
241mALA: 05,06,09,11,14,22|6|3.1097
241mGLY: 05,06,09,11,14,22|6|2.4645
241mGLN: 05,06,09,11,14,22|6|2.1447
241mTHR: 05,06,09,11,14,22|6|3.5054
165mLYS: 01,05,06,09,12,19|6|1.5016
241mSER: 05,06,09,11,14,22|6|2.3145
241mGLU: 05,06,09,11,14,22|6|3.1606
164mGLU: 05,09,12,14,19|5|3.1985
268mALA: 02,07,17,24,25|5|3.696
146mTHR: 02,07,17,25,29|5|1.614
164mCYS: 05,09,12,14,19|5|4.694
268mVAL: 02,07,17,24,25|5|3.9222
146mGLU: 02,07,17,25,29|5|1.9586
164mTHR: 05,09,12,14,19|5|2.746
266mTHR: 02,07,17,24,25|5|4.0674
251mTHR: 08,12,19,23|4|3.7547
251mCYS: 08,12,19,23|4|3.187
251mGLY: 08,12,19,23|4|2.3845
122mASP: 07,15,27,29|4|2.3886
130mALA: 05,06,09,22|4|3.2526
251mSER: 08,12,19,23|4|1.6964
130mSER: 05,06,09,22|4|1.6859
122mTHR: 07,15,27,29|4|3.0067
130mILE: 05,06,09,22|4|1.9543
130mGLY: 05,06,09,22|4|2.1157
122mSER: 07,15,27,29|4|1.6475
251mASP: 08,12,19,23|4|4.1254
122mASN: 07,15,27,29|4|2.3605
122mGLY: 07,15,27,29|4|2.3111
261mALA: 02,17,24,25|4|4.4595
261mGLY: 02,17,24,25|4|2.7567
251mPRO: 08,12,19,23|4|2.5446
251mGLU: 08,12,19,23|4|4.0884
261mCYS: 02,17,24,25|4|5.6572
130mASP: 05,06,09,22|4|3.0184
261mASP: 02,17,24,25|4|3.6248
261mPRO: 02,17,24,25|4|1.5457
262mTHR: 02,07,17,25|4|1.8242
122mPRO: 07,15,27,29|4|1.7378
122mGLU: 07,15,27,29|4|3.1328
122mGLN: 07,15,27,29|4|1.9854
130mLEU: 05,06,09,22|4|2.1527
261mGLU: 02,17,24,25|4|2.2101
261mGLN: 02,17,24,25|4|1.6097
261mSER: 02,17,24,25|4|2.3386
251mGLN: 08,12,19,23|4|2.4608
261mTHR: 02,17,24,25|4|2.1631
261mILE: 02,17,24,25|4|1.7398
261mLYS: 02,17,24,25|4|2.3355
262mLYS: 02,07,17,25|4|2.1672
251mASN: 08,12,19,23|4|3.1647
440mGLU: 00,18,21|3|3.4172
406mGLU: 03,13,26|3|1.2277
440mLYS: 00,18,21|3|4.0924
203mGLU: 08,12,19|3|1.7167
178mVAL: 07,17,29|3|1.4268
345mGLY: 03,16,26|3|1.7277
419mASP: 03,10,13|3|1.8221
258mGLY: 02,24,25|3|1.6749
419mCYS: 03,10,13|3|1.4775
440mTHR: 00,18,21|3|3.7103
178mSER: 07,17,29|3|1.6771
377mTHR: 03,13,16|3|2.9316
264mTHR: 02,24,25|3|1.6319
438mTHR: 00,18,21|3|2.4157
342mGLY: 03,16,26|3|2.2989
218mVAL: 05,18,28|3|2.0472
345mASP: 03,16,26|3|2.1685
342mARG: 03,16,26|3|1.2229
218mGLU: 05,18,28|3|2.4795
342mILE: 03,16,26|3|1.7894
438mGLU: 00,18,21|3|1.9728
218mPHE: 05,18,28|3|2.2773
178mGLY: 07,17,29|3|1.7817
133mCYS: 05,22,28|3|1.5093
377mCYS: 03,13,16|3|2.1466
218mALA: 05,18,28|3|1.785
438mASP: 00,18,21|3|2.3804
379mCYS: 03,13,16|3|5.0246
342mTHR: 03,16,26|3|2.0076
379mSER: 03,13,16|3|1.67
218mPRO: 05,18,28|3|2.0076
218mGLN: 05,18,28|3|2.0337
218mASN: 05,18,28|3|1.2684
329mALA: 00,13,21|3|1.3255
379mASN: 03,13,16|3|2.1758
178mARG: 07,17,29|3|1.0062
440mASN: 00,18,21|3|3.2926
440mPRO: 00,18,21|3|2.5503
362mGLU: 00,18,23|3|1.6638
341mTHR: 03,16,26|3|2.1893
342mLYS: 03,16,26|3|1.7615
235mASP: 08,12,19|3|2.1088
318mASP: 04,18,21|3|1.4607
258mLYS: 02,24,25|3|1.434
218mGLY: 05,18,28|3|1.4565
264mGLU: 02,24,25|3|1.5345
181mGLU: 07,15,17|3|1.7025
178mGLU: 07,17,29|3|1.3098
342mCYS: 03,16,26|3|4.4189
218mILE: 05,18,28|3|2.0454
379mASP: 03,13,16|3|3.3667
341mASP: 03,16,26|3|2.6194
379mTHR: 03,13,16|3|3.6938
419mTHR: 03,10,13|3|1.1782
379mPHE: 03,13,16|3|3.6771
440mALA: 00,18,21|3|1.748
345mCYS: 03,16,26|3|4.128
218mSER: 05,18,28|3|1.0008
178mLYS: 07,17,29|3|2.4605
379mILE: 03,13,16|3|3.3162
377mGLU: 03,13,16|3|2.7545
379mLEU: 03,13,16|3|3.5449
342mGLU: 03,16,26|3|1.9514
390mTHR: 00,21,26|3|1.2543
318mALA: 04,18,21|3|1.0991
133mASP: 05,22,28|3|1.2781
379mGLY: 03,13,16|3|2.2806
440mILE: 00,18,21|3|1.2612
181mTHR: 07,15,17|3|1.745
178mTHR: 07,17,29|3|2.0788
379mGLN: 03,13,16|3|3.1761
440mGLY: 00,18,21|3|2.8355
342mASP: 03,16,26|3|3.1583
342mALA: 03,16,26|3|3.1881
440mSER: 00,18,21|3|2.8874
178mILE: 07,17,29|3|1.3659
343mCYS: 03,16,26|3|2.0601
218mMET: 05,18,28|3|1.7061
440mCYS: 00,18,21|3|2.5502
342mPRO: 03,16,26|3|1.5649
157mCYS: 12,19,23|3|1.7781
203mTHR: 08,12,19|3|1.2024
343mALA: 03,16,26|3|1.2319
342mLEU: 03,16,26|3|2.0062
438mALA: 00,18,21|3|1.6888
178mPRO: 07,17,29|3|1.0716
379mMET: 03,13,16|3|2.4784
345mLYS: 03,16,26|3|1.5745
438mGLY: 00,18,21|3|1.1854
379mTRP: 03,13,16|3|2.9172
178mASN: 07,17,29|3|1.5915
303mGLU: 24,28,29|3|1.1839
178mALA: 07,17,29|3|2.7931
258mASP: 02,24,25|3|2.0668
218mTRP: 05,18,28|3|1.8822
157mASP: 12,19,23|3|1.3192
345mALA: 03,16,26|3|3.0873
218mCYS: 05,18,28|3|3.1245
318mGLU: 04,18,21|3|1.2877
362mTHR: 00,18,23|3|1.1957
390mGLU: 00,21,26|3|1.6063
440mASP: 00,18,21|3|4.0935
218mASP: 05,18,28|3|2.0985
379mVAL: 03,13,16|3|3.2791
440mGLN: 00,18,21|3|2.5163
379mALA: 03,13,16|3|2.9114
341mGLU: 03,16,26|3|2.5755
218mTHR: 05,18,28|3|2.193
342mGLN: 03,16,26|3|2.4158
342mSER: 03,16,26|3|2.5156
218mLEU: 05,18,28|3|2.2575
379mGLU: 03,13,16|3|4.3315
419mGLU: 03,10,13|3|1.5551
379mPRO: 03,13,16|3|3.1526
357mLYS: 18,23|2|1.2107
280mASP: 18,24|2|2.2535
326mCYS: 13,21|2|1.7202
363mCYS: 18,23|2|1.2229
217mCYS: 18,28|2|1.0272
326mTHR: 13,21|2|1.4499
220mGLN: 05,28|2|1.1179
259mALA: 02,24|2|1.4781
326mPRO: 13,21|2|1.403
220mPHE: 05,28|2|1.0916
336mALA: 13,26|2|1.2482
249mLYS: 12,23|2|1.2047
403mGLN: 03,13|2|1.4889
435mPRO: 00,18|2|1.1681
326mVAL: 13,21|2|1.3292
220mVAL: 05,28|2|1.0614
280mGLU: 18,24|2|2.1711
435mGLN: 00,18|2|1.6808
326mALA: 13,21|2|1.0553
280mPRO: 18,24|2|1.7432
435mASN: 00,18|2|1.4889
220mTHR: 05,28|2|1.2474
280mGLY: 18,24|2|1.6042
326mGLN: 13,21|2|1.6528
403mHIS: 03,13|2|1.1508
441mALA: 18,21|2|1.0338
312mCYS: 04,24|2|1.6707
326mPHE: 13,21|2|1.32
293mGLU: 18,21|2|1.6046
403mLEU: 03,13|2|1.1825
259mCYS: 02,24|2|2.082
354mCYS: 18,23|2|1.6097
280mASN: 18,24|2|2.323
119mCYS: 15,27|2|1.0172
326mASP: 13,21|2|1.2729
119mGLU: 15,27|2|1.2038
293mASP: 18,21|2|1.2716
280mGLN: 18,24|2|1.1377
361mCYS: 18,23|2|1.2788
441mTHR: 18,21|2|1.3116
249mSER: 12,23|2|1.1107
220mGLU: 05,28|2|1.419
403mGLU: 03,13|2|1.3229
220mMET: 05,28|2|1.0409
344mCYS: 03,16|2|1.5327
378mALA: 03,16|2|1.4645
435mGLY: 00,18|2|1.7734
403mASN: 03,13|2|1.0731
217mTHR: 18,28|2|1.054
293mTHR: 18,21|2|1.2284
403mSER: 03,13|2|1.285
293mPHE: 18,21|2|1.0208
280mLYS: 18,24|2|2.5829
435mSER: 00,18|2|1.8501
220mCYS: 05,28|2|1.4717
435mLYS: 00,18|2|1.9959
293mALA: 18,21|2|1.0488
378mGLU: 03,16|2|1.0068
435mTHR: 00,18|2|1.8811
249mASP: 12,23|2|1.6291
119mTHR: 15,27|2|1.4164
326mTRP: 13,21|2|1.0566
249mGLY: 12,23|2|1.1094
403mTHR: 03,13|2|1.2795
220mLEU: 05,28|2|1.2137
326mGLU: 13,21|2|1.6276
206mGLU: 15,27|2|1.3051
336mTHR: 13,26|2|1.2441
354mALA: 18,23|2|1.2937
378mLYS: 03,16|2|1.2097
326mLEU: 13,21|2|1.5278
206mTHR: 15,27|2|1.0882
435mASP: 00,18|2|2.7453
435mALA: 00,18|2|1.1779
403mVAL: 03,13|2|1.0298
217mGLU: 18,28|2|1.1839
337mLYS: 13,26|2|1.1878
403mGLY: 03,13|2|1.0577
378mTHR: 03,16|2|2.6153
441mLYS: 18,21|2|1.5018
119mLYS: 15,27|2|1.003
435mGLU: 00,18|2|1.95
280mTHR: 18,24|2|2.2896
307mTHR: 04|1|1.5008
307mCYS: 04|1|1.9001
360mCYS: 23|1|1.0187
228mLYS: 07|1|1.1545
307mPHE: 04|1|1.3998
421mCYS: 10|1|1.9152
172mGLN: 05|1|1.1424
355mCYS: 18|1|1.0743
421mILE: 10|1|1.0695
124mSER: 27|1|1.2132
375mGLU: 16|1|1.1835
421mGLU: 10|1|1.2963
421mGLY: 10|1|1.014
307mILE: 04|1|1.2708
172mGLU: 05|1|1.852
307mALA: 04|1|1.1264
307mVAL: 04|1|1.2319
444mCYS: 18|1|1.5222
172mLEU: 05|1|1.2874
455mCYS: 19|1|1.6781
172mASP: 05|1|1.2682
177mCYS: 29|1|1.1496
421mSER: 10|1|1.0003
444mALA: 18|1|1.1196
456mCYS: 19|1|1.3094
172mCYS: 05|1|1.9001
307mGLN: 04|1|1.1424
172mPRO: 05|1|1.145
307mTRP: 04|1|1.035
307mGLU: 04|1|1.852
172mVAL: 05|1|1.2319
421mTHR: 10|1|1.5251
172mALA: 05|1|1.1264
322mCYS: 21|1|1.4546
421mASP: 10|1|1.6637
307mPRO: 04|1|1.145
307mASP: 04|1|1.2682
172mPHE: 05|1|1.3998
172mTHR: 05|1|1.5008
380mCYS: 10|1|1.0415
172mTRP: 05|1|1.035
375mTHR: 16|1|1.3033
172mILE: 05|1|1.2708
421mGLN: 10|1|1.2877
205mGLU: 15|1|1.1653
307mLEU: 04|1|1.2874
