411mGLU: 04,06,14|3|1.453
411mCYS: 04,06,14|3|2.065
411mALA: 04,06,14|3|2.2617
411mLEU: 04,06,14|3|1.1171
411mGLY: 04,06,14|3|1.5774
436mASP: 02,06,14|3|1.2716
411mLYS: 04,06,14|3|1.2855
411mSER: 04,06,14|3|1.4894
411mASP: 04,06,14|3|1.4083
388mLYS: 02,14|2|1.4783
388mCYS: 02,14|2|2.5153
345mASN: 04,06|2|1.5384
441mVAL: 02,14|2|1.1974
345mTHR: 04,06|2|1.6324
408mLYS: 04,06|2|2.2918
391mASP: 06,14|2|1.0024
345mGLY: 04,06|2|1.3769
408mTHR: 04,06|2|1.4864
441mSER: 02,14|2|1.1342
438mLYS: 02,14|2|2.3667
388mGLU: 02,14|2|1.4902
441mHIS: 02,14|2|1.1465
441mALA: 02,14|2|1.6358
388mGLY: 02,14|2|1.776
388mSER: 02,14|2|1.3947
438mTHR: 02,14|2|1.7343
408mALA: 04,06|2|2.5661
408mSER: 04,06|2|1.2969
388mASP: 02,14|2|2.1367
438mGLU: 02,14|2|1.0198
441mGLY: 02,14|2|1.513
438mALA: 02,14|2|2.0355
408mILE: 04,06|2|1.0377
408mVAL: 04,06|2|1.4547
345mGLU: 04,06|2|1.3309
388mALA: 02,14|2|2.1142
408mGLY: 04,06|2|2.043
345mSER: 04,06|2|1.0432
408mASN: 04,06|2|1.2835
438mGLY: 02,14|2|1.083
441mLYS: 02,14|2|1.31
347mLYS: 04|1|1.2205
339mASN: 06|1|1.0701
347mCYS: 04|1|1.2321
346mGLU: 04|1|1.0632
339mGLY: 06|1|1.163
365mCYS: 14|1|1.3033
339mSER: 06|1|1.2796
343mCYS: 04|1|2.0259
339mASP: 06|1|1.2224
439mCYS: 02|1|1.0916
343mALA: 04|1|1.4799
339mHIS: 06|1|1.731
347mALA: 04|1|1.7371
339mGLU: 06|1|1.4669
339mTHR: 06|1|1.213
