346mGLY: 04,05,08,11,19,21,28|7|1.8201
346mGLU: 04,05,08,11,19,21,28|7|2.4323
406mGLY: 03,04,07,13,16,19,28|7|2.1767
346mTHR: 04,05,08,11,19,21,28|7|2.2449
339mALA: 02,04,09,13,16,19|6|4.7236
339mSER: 02,04,09,13,16,19|6|3.7605
339mHIS: 02,04,09,13,16,19|6|2.6258
339mGLY: 02,04,09,13,16,19|6|5.1292
339mASP: 02,04,09,13,16,19|6|4.8917
339mLYS: 02,04,09,13,16,19|6|4.8687
339mGLU: 02,04,09,13,16,19|6|5.8143
345mGLY: 04,07,08,19,28|5|4.3831
400mASN: 02,13,15,21,25|5|2.4057
400mGLY: 02,13,15,21,25|5|3.1277
407mCYS: 03,07,13,16,19|5|2.3433
400mGLU: 02,13,15,21,25|5|2.8924
345mSER: 04,07,08,19,28|5|3.3251
345mALA: 04,07,08,19,28|5|3.164
401mTHR: 02,13,16,25|4|1.7778
419mASP: 13,15,21,25|4|2.6998
419mCYS: 13,15,21,25|4|3.3921
423mGLU: 05,08,11,21|4|1.1378
342mGLY: 04,07,08,28|4|1.9452
403mALA: 02,13,16,25|4|3.3846
401mGLY: 02,13,16,25|4|2.8485
403mLYS: 02,13,16,25|4|3.0839
342mTHR: 04,07,08,28|4|1.7534
401mASP: 02,13,16,25|4|3.9795
401mASN: 02,13,16,25|4|1.7211
403mCYS: 02,13,16,25|4|3.9589
403mGLU: 02,13,16,25|4|3.1641
419mLYS: 13,15,21,25|4|2.4527
419mSER: 13,15,21,25|4|2.2954
342mGLU: 04,07,08,28|4|1.778
401mGLU: 02,13,16,25|4|2.4852
403mSER: 02,13,16,25|4|2.7183
415mASP: 04,07,16,28|4|1.5187
419mALA: 13,15,21,25|4|3.1978
401mSER: 02,13,16,25|4|1.5912
401mALA: 02,13,16,25|4|2.141
419mGLY: 13,15,21,25|4|3.2429
401mCYS: 02,13,16,25|4|3.4487
455mGLY: 05,08,11,21|4|1.3498
401mLYS: 02,13,16,25|4|3.048
403mGLY: 02,13,16,25|4|3.8761
342mSER: 04,07,08,28|4|1.3374
403mASP: 02,13,16,25|4|4.6557
419mGLU: 13,15,21,25|4|2.0342
441mHIS: 10,15,25|3|1.903
435mHIS: 03,10,12|3|1.0865
404mGLY: 02,13,16|3|1.7856
441mMET: 10,15,25|3|1.609
405mGLY: 02,13,16|3|1.0278
441mGLY: 10,15,25|3|1.4235
441mTHR: 10,15,25|3|1.0185
421mGLY: 15,21,25|3|1.1779
441mSER: 10,15,25|3|1.2825
443mHIS: 10,15,25|3|1.5575
441mASN: 10,15,25|3|1.2275
440mGLU: 10,12|2|1.3064
440mLYS: 10,12|2|1.291
440mTHR: 10,12|2|1.724
438mTHR: 10,12|2|1.7743
438mGLU: 10,12|2|1.7599
362mALA: 10,12|2|1.5158
438mASP: 10,12|2|1.4227
438mASN: 10,12|2|1.3356
440mASN: 10,12|2|1.4285
402mASP: 13,16|2|1.0606
362mLYS: 10,12|2|3.0914
402mALA: 13,16|2|1.4124
402mCYS: 13,16|2|1.815
440mGLY: 10,12|2|1.2052
362mSER: 10,12|2|1.8301
362mHIS: 10,12|2|1.1122
391mHIS: 03,12|2|1.2845
438mGLY: 10,12|2|1.011
362mTHR: 10,12|2|2.4675
391mMET: 03,12|2|1.0182
391mTHR: 03,12|2|1.0526
380mCYS: 08,21|2|1.7765
356mCYS: 10|1|1.4426
418mASP: 15|1|1.0111
