M = 324 326 331 
293 296 299 | 329 331 336 | 335 336 339 | 359 360 364 | 279 282 283 | 344 345 346 | 438 439 440 | 323 324 329 | 316 319 322 | 345 346 370 | 326 329 334 | 288 293 313 | 336 339 408 | 341 377 379 | 277 281 284 | 385 408 412 | 281 284 290 | 356 359 361 | 336 337 408 | 388 410 411 | 290 317 318 | 290 293 297 | 438 439 440 | 336 339 403 | 408 410 411 | 286 290 293 | 312 316 319 | 341 377 378 | 336 337 339 | 345 346 347 | 293 297 300 | 284 286 288 | 336 408 409 | 318 319 322 | 339 341 415 | 331 336 403 | 336 339 403 | 281 290 293 | 341 343 377 | 293 297 300 | 299 305 311 | 323 326 327 | 312 317 318 | 362 443 444 | 434 438 440 | 341 344 379 | 296 300 308 | 312 318 319 | 336 339 403 | 336 407 408 | 

M = 146 178 265 
146 266 267 | 146 265 269 | 119 123 124 | 144 146 147 | 146 178 179 | 146 265 266 | 146 178 179 | 267 268 273 | 147 178 180 | 147 262 263 | 146 264 266 | 299 303 309 | 177 261 265 | 120 124 208 | 265 266 268 | 181 261 262 | 146 147 178 | 119 120 121 | 178 229 261 | 178 261 265 | 178 261 265 | 267 272 274 | 147 178 180 | 146 266 268 | 146 147 268 | 301 303 305 | 146 177 178 | 299 303 305 | 279 303 306 | 146 266 267 | 147 178 180 | 178 182 261 | 177 178 180 | 146 147 268 | 146 266 268 | 146 266 268 | 142 145 146 | 258 259 261 | 146 265 268 | 119 120 122 | 146 178 264 | 146 266 268 | 146 266 268 | 119 123 124 | 146 265 269 | 146 147 266 | 146 147 178 | 147 266 268 | 146 265 266 | 146 264 265 | 178 182 261 | 146 147 265 | 119 123 124 | 146 267 268 | 177 180 262 | 265 266 268 | 178 181 261 | 142 143 146 | 119 120 122 | 299 303 305 | 146 265 270 | 119 122 123 | 

M = 193 239 242 
203 205 206 | 193 194 242 | 242 245 248 | 122 123 124 | 201 204 206 | 164 165 249 | 193 194 242 | 157 165 249 | 194 196 242 | 194 242 245 | 135 136 141 | 164 165 249 | 164 165 167 | 164 165 167 | 126 206 208 | 242 245 248 | 157 164 165 | 130 134 219 | 161 164 167 | 123 124 127 | 242 243 244 | 242 243 245 | 194 242 245 | 165 248 249 | 194 242 244 | 165 190 194 | 242 243 246 | 164 165 167 | 194 242 244 | 196 237 239 | 191 194 241 | 194 241 243 | 242 245 248 | 126 206 208 | 196 242 244 | 165 247 248 | 242 245 248 | 194 196 242 | 164 165 249 | 161 164 167 | 242 245 248 | 193 194 242 | 124 126 127 | 243 244 245 | 206 235 237 | 241 242 245 | 158 235 251 | 194 196 242 | 163 164 249 | 196 242 244 | 193 196 242 | 196 242 245 | 242 245 248 | 194 242 243 | 125 127 197 | 165 190 194 | 242 243 244 | 157 235 251 | 194 242 243 | 165 190 194 | 123 127 135 | 157 164 165 | 164 165 168 | 193 194 242 | 165 248 249 | 193 194 242 | 193 196 242 | 242 243 245 | 164 165 167 | 164 165 249 | 237 248 251 | 242 244 245 | 165 167 190 | 242 243 244 | 241 242 244 | 123 127 134 | 158 249 251 | 242 243 245 | 158 250 251 | 242 245 248 | 193 241 242 | 194 242 244 | 

FREQUENCIES
242: 39
146: 31
194: 20
165: 19
178: 18
245: 16
265: 15
266: 14
164: 14
268: 13
147: 12
244: 11
243: 11
248: 11
336: 11
196: 9
193: 9
249: 9
261: 9
123: 8
293: 7
119: 7
339: 7
167: 7
124: 7
408: 6
127: 5
341: 5
267: 5
299: 5
206: 5
303: 5
241: 5
290: 5
251: 5
180: 5
403: 4
120: 4
122: 4
319: 4
318: 4
305: 4
190: 4
177: 4
157: 4
126: 3
345: 3
346: 3
281: 3
284: 3
262: 3
264: 3
377: 3
312: 3
300: 3
440: 3
438: 3
331: 3
297: 3
158: 3
235: 3
237: 3
326: 3
329: 3
208: 3
135: 2
134: 2
344: 2
269: 2
379: 2
410: 2
411: 2
296: 2
279: 2
439: 2
337: 2
179: 2
288: 2
182: 2
181: 2
317: 2
142: 2
316: 2
161: 2
286: 2
239: 2
322: 2
323: 2
324: 2
359: 2
219: 1
130: 1
136: 1
347: 1
343: 1
283: 1
282: 1
409: 1
378: 1
412: 1
370: 1
313: 1
197: 1
191: 1
203: 1
270: 1
272: 1
273: 1
274: 1
277: 1
143: 1
415: 1
443: 1
364: 1
362: 1
360: 1
361: 1
308: 1
309: 1
301: 1
306: 1
444: 1
247: 1
246: 1
385: 1
388: 1
434: 1
335: 1
334: 1
258: 1
259: 1
250: 1
407: 1
311: 1
168: 1
229: 1
163: 1
327: 1
201: 1
144: 1
145: 1
205: 1
204: 1
141: 1
263: 1
121: 1
356: 1
125: 1
