D102m2.txt,0, | 206 235 237 | 278 299 303 | 175 178 267 | ,Score: 0

D106m3.txt,0, | 128 132 194 | 178 261 265 | 336 403 406 | ,Score: 0

D107m0.txt,0, | 296 311 318 | 196 245 248 | 123 127 208 | ,Score: 0

D110m2.txt,0, | 122 124 138 | 283 286 288 | 275 280 283 | ,Score: 0

D202m2.txt,0, | 325 331 401 | 158 162 251 | 157 165 249 | ,Score: 0

D203m5.txt,0, | 344 346 375 | 165 190 194 | 346 349 370 | ,Score: 0

D204m0.txt,0, | 160 163 251 | 274 277 302 | 193 197 241 | ,Score: 0

D206mR.txt,0, | 131 194 241 | 283 288 291 | 167 172 190 | ,Score: 0

D210m8.txt,0, | 122 135 141 | 157 164 249 | 146 178 266 | ,Score: 0

D214m3.txt,0, | 146 178 265 | 178 181 261 | 388 391 412 | ,Score: 0

D215m7.txt,0, | 242 245 248 | 177 182 261 | 123 127 208 | ,Score: 0

D216m1.txt,0, | 137 139 142 | 178 263 267 | 293 299 313 | ,Score: 0

D217m3.txt,0, | 288 313 319 | 281 290 296 | 146 178 266 | ,Score: 0

D218m7.txt,0, | 139 218 220 | 165 190 194 | 123 127 208 | ,Score: 0

D221m4.txt,0, | 165 167 190 | 123 134 139 | 196 245 248 | ,Score: 0

D222m6.txt,0, | 274 278 302 | 299 302 309 | 436 438 441 | ,Score: 0

D228m5.txt,0, | 123 127 134 | 157 164 249 | 336 339 408 | ,Score: 0

D229m1.txt,0, | 191 215 218 | 237 240 249 | 146 265 268 | ,Score: 0

D231m7.txt,0, | 178 181 261 | 147 179 262 | 164 165 249 | ,Score: 0

D239m5.txt,0, | 179 261 265 | 178 229 261 | 165 190 194 | ,Score: 0

D301m9.txt,0, | 178 261 265 | 146 178 265 | 165 190 194 | ,Score: 0

D302m1.txt,0, | 179 261 265 | 146 178 265 | 163 165 249 | ,Score: 0

D304m4.txt,0, | 278 297 301 | 274 278 303 | 232 258 261 | ,Score: 0

D305m1.txt,0, | 385 388 412 | 391 438 440 | 147 178 263 | ,Score: 0

D306m2.txt,0, | 169 194 219 | 145 178 267 | 191 194 219 | ,Score: 0

D307m2.txt,0, | 146 178 267 | 128 193 241 | 267 270 273 | ,Score: 0

D308m5.txt,0, | 239 249 251 | 299 302 311 | 123 127 208 | ,Score: 0

D310m9.txt,0, | 134 139 219 | 123 134 139 | 194 196 245 | ,Score: 0

D311m8.txt,0, | 272 278 303 | 157 164 249 | 197 241 248 | ,Score: 0

D312m9.txt,0, | 279 301 306 | 194 196 244 | 157 164 249 | ,Score: 0

D313m5.txt,0, | 146 178 267 | 162 165 167 | 388 411 415 | ,Score: 0

D314m8.txt,0, | 146 150 178 | 241 248 249 | 281 290 297 | ,Score: 0

D315m6.txt,0, | 290 293 297 | 232 233 259 | 165 194 239 | ,Score: 0

D317m4.txt,0, | 437 439 441 | 177 182 262 | 287 293 321 | ,Score: 0

D318m3.txt,0, | 130 190 194 | 164 165 249 | 124 127 135 | ,Score: 0

D319m6.txt,0, | 194 242 244 | 438 439 441 | 146 178 266 | ,Score: 0

D320m3.txt,0, | 201 237 251 | 122 124 132 | 157 165 249 | ,Score: 0

D321m1.txt,0, | 312 316 319 | 203 232 235 | 157 164 249 | ,Score: 0

D322m0.txt,0, | 190 194 220 | 165 240 249 | 158 235 251 | ,Score: 0

D323m1.txt,0, | 193 196 242 | 145 265 268 | 336 339 408 | ,Score: 0

D324m6.txt,0, | 178 261 265 | 193 196 242 | 158 161 251 | ,Score: 0

D325m0.txt,0, | 292 299 311 | 163 165 249 | 123 127 135 | ,Score: 0

D326m0.txt,0, | 158 163 250 | 178 262 267 | 127 208 210 | ,Score: 0

D327m7.txt,0, | 162 164 167 | 194 242 243 | 125 127 197 | ,Score: 0

D328m3.txt,0, | 262 265 267 | 165 190 194 | 388 407 410 | ,Score: 0

D330m1.txt,0, | 146 178 267 | 169 194 220 | 201 237 251 | ,Score: 0

D331m0.txt,0, | 177 181 261 | 165 190 194 | 146 178 266 | ,Score: 0

D332m4.txt,0, | 299 301 303 | 134 193 219 | 177 182 261 | ,Score: 0

D333m4.txt,0, | 123 127 134 | 165 240 249 | 147 262 267 | ,Score: 0

D403m6.txt,0, | 163 168 169 | 165 169 194 | 336 339 406 | ,Score: 0

D407m5.txt,0, | 331 336 403 | 336 339 403 | 146 178 266 | ,Score: 0

D408m8.txt,0, | 167 172 190 | 436 438 441 | 147 178 266 | ,Score: 0

D409m5.txt,0, | 165 167 190 | 146 265 268 | 147 178 266 | ,Score: 0

D410mR.txt,0, | 197 241 249 | 340 343 377 | 126 130 196 | ,Score: 0

D413m2.txt,0, | 203 206 235 | 281 293 297 | 163 249 251 | ,Score: 0

D414m2.txt,0, | 167 172 190 | 165 190 194 | 177 262 267 | ,Score: 0

D421m7.txt,0, | 196 242 248 | 201 233 235 | 241 244 245 | ,Score: 0

D428m7.txt,0, | 162 164 167 | 143 146 177 | 165 191 240 | ,Score: 0

D430mR.txt,0, | 194 241 244 | 146 265 268 | 178 262 265 | ,Score: 0

D431m9.txt,0, | 196 241 249 | 213 218 219 | 178 262 267 | ,Score: 0

D438m9.txt,0, | 157 165 167 | 290 443 444 | 434 440 443 | ,Score: 0

D450m5.txt,0, | 299 303 308 | 123 127 208 | 196 237 249 | ,Score: 0

D453m0.txt,0, | 194 196 242 | 158 249 251 | 146 265 271 | ,Score: 0

D459m2.txt,0, | 344 347 372 | 281 293 297 | 144 146 147 | ,Score: 0

D462m1.txt,0, | 322 326 329 | 163 165 249 | 333 337 403 | ,Score: 0

D464m0.txt,0, | 157 165 167 | 120 122 208 | 336 407 408 | ,Score: 0

