M = 146 178 267 
274 301 303 | 293 296 297 | 179 261 265 | 146 266 268 | 144 146 147 | 146 178 179 | 146 178 266 | 293 296 300 | 177 178 182 | 147 178 180 | 312 316 319 | 145 146 147 | 259 261 263 | 146 264 266 | 232 259 261 | 299 301 303 | 181 261 262 | 146 147 267 | 146 178 266 | 147 178 180 | 178 265 267 | 258 259 261 | 178 261 265 | 146 178 265 | 275 303 305 | 229 259 261 | 147 178 180 | 182 229 261 | 145 146 268 | 146 147 268 | 267 268 273 | 146 266 268 | 297 299 301 | 293 296 297 | 299 303 305 | 146 266 267 | 281 283 284 | 147 178 180 | 146 267 268 | 290 292 293 | 177 178 180 | 261 263 264 | 178 180 182 | 262 265 266 | 312 316 319 | 146 266 268 | 299 300 308 | 146 178 264 | 146 266 268 | 146 266 268 | 318 319 322 | 146 147 266 | 146 147 178 | 146 265 266 | 178 181 182 | 146 265 266 | 265 266 268 | 178 182 261 | 146 267 268 | 229 261 262 | 301 303 305 | 177 180 262 | 143 145 146 | 178 180 262 | 265 266 268 | 178 261 265 | 312 317 318 | 142 143 146 | 146 147 178 | 299 303 305 | 146 178 266 | 178 180 184 | 146 265 270 | 312 318 319 | 142 144 146 | 147 180 262 | 

M = 123 127 134 
139 141 220 | 126 127 130 | 140 217 219 | 126 127 128 | 135 136 141 | 206 208 226 | 127 130 134 | 123 126 127 | 119 120 121 | 126 127 197 | 126 206 208 | 119 120 122 | 123 126 127 | 205 206 235 | 190 218 220 | 193 194 219 | 134 193 219 | 130 194 219 | 121 122 124 | 119 120 122 | 126 127 208 | 119 120 124 | 126 127 131 | 119 120 121 | 123 127 135 | 140 141 142 | 191 217 219 | 205 206 235 | 205 206 208 | 119 120 122 | 119 122 123 | 

M = 164 165 249 
203 205 206 | 336 339 403 | 335 336 339 | 203 205 206 | 164 165 168 | 438 439 440 | 324 400 401 | 377 379 380 | 344 345 346 | 438 439 440 | 164 165 167 | 248 250 251 | 323 324 329 | 400 403 419 | 194 242 243 | 164 165 167 | 242 243 244 | 201 235 251 | 242 245 248 | 357 358 359 | 438 440 441 | 242 243 244 | 336 339 408 | 163 164 165 | 194 242 245 | 165 248 249 | 242 245 248 | 165 240 248 | 359 360 362 | 439 440 441 | 336 337 403 | 385 408 412 | 281 284 290 | 196 241 244 | 165 190 194 | 336 337 408 | 164 165 167 | 242 243 244 | 345 346 370 | 388 410 411 | 436 438 441 | 290 293 297 | 203 205 206 | 336 339 403 | 408 410 411 | 286 290 293 | 157 158 251 | 197 237 249 | 241 242 245 | 158 250 251 | 341 377 378 | 194 242 244 | 194 196 242 | 438 439 440 | 284 286 288 | 336 337 405 | 341 376 405 | 337 408 409 | 337 339 408 | 158 235 251 | 164 165 167 | 194 242 243 | 339 341 415 | 164 165 168 | 336 339 407 | 331 335 336 | 336 339 403 | 281 290 293 | 401 403 419 | 241 242 244 | 193 241 242 | 158 249 251 | 242 243 245 | 439 440 441 | 162 164 167 | 434 440 443 | 206 235 237 | 438 440 441 | 165 190 194 | 158 250 251 | 194 242 245 | 336 339 403 | 336 407 408 | 

FREQUENCIES
146: 30
178: 23
165: 17
266: 16
242: 15
164: 14
261: 12
268: 12
336: 12
147: 12
265: 11
127: 10
194: 10
180: 10
249: 9
339: 9
206: 9
126: 8
440: 8
403: 7
408: 7
267: 7
119: 7
293: 7
251: 7
262: 6
303: 6
244: 6
243: 6
245: 6
438: 6
205: 6
120: 6
219: 5
123: 5
299: 5
441: 5
248: 5
290: 5
439: 5
337: 5
182: 5
167: 5
158: 5
235: 5
122: 5
297: 4
319: 4
301: 4
305: 4
241: 4
259: 4
312: 4
208: 4
130: 3
134: 3
341: 3
281: 3
284: 3
264: 3
296: 3
318: 3
203: 3
193: 3
142: 3
141: 3
190: 3
177: 3
250: 3
229: 3
145: 3
121: 3
217: 2
135: 2
345: 2
346: 2
401: 2
400: 2
263: 2
410: 2
411: 2
419: 2
377: 2
197: 2
196: 2
300: 2
335: 2
179: 2
407: 2
405: 2
181: 2
316: 2
168: 2
220: 2
286: 2
237: 2
324: 2
144: 2
143: 2
140: 2
124: 2
359: 2
218: 1
131: 1
136: 1
139: 1
344: 1
283: 1
163: 1
409: 1
128: 1
379: 1
378: 1
412: 1
292: 1
376: 1
201: 1
191: 1
270: 1
273: 1
274: 1
275: 1
415: 1
443: 1
362: 1
360: 1
308: 1
380: 1
240: 1
388: 1
436: 1
434: 1
385: 1
331: 1
258: 1
288: 1
184: 1
370: 1
317: 1
226: 1
162: 1
157: 1
232: 1
322: 1
323: 1
329: 1
357: 1
358: 1
