D102m2.txt,0, | 274 278 301 | 139 218 220 | 123 127 208 | ,Score: 0

D106m3.txt,0, | 146 178 265 | 178 261 263 | 336 403 406 | ,Score: 0

D107m0.txt,0, | 296 311 318 | 124 127 135 | 146 265 271 | ,Score: 0

D110m2.txt,0, | 165 168 191 | 126 127 130 | 164 165 249 | ,Score: 0

D202m2.txt,0, | 437 439 441 | 324 327 401 | 331 335 402 | ,Score: 0

D203m5.txt,0, | 190 194 219 | 344 346 375 | 346 349 370 | ,Score: 0

D204m0.txt,0, | 171 190 219 | 162 165 167 | 158 235 250 | ,Score: 0

D206mR.txt,0, | 146 178 267 | 288 317 324 | 123 127 135 | ,Score: 0

D210m8.txt,0, | 122 135 141 | 146 265 268 | 146 178 266 | ,Score: 0

D214m3.txt,0, | 194 242 243 | 165 190 194 | 242 243 244 | ,Score: 0

D215m7.txt,0, | 145 146 178 | 178 182 261 | 178 181 226 | ,Score: 0

D216m1.txt,0, | 157 235 250 | 157 164 249 | 357 359 360 | ,Score: 0

D217m3.txt,0, | 147 178 266 | 282 290 296 | 291 313 316 | ,Score: 0

D218m7.txt,0, | 147 178 262 | 229 259 262 | 124 127 208 | ,Score: 0

D221m4.txt,0, | 123 127 134 | 242 245 248 | 134 140 219 | ,Score: 0

D222m6.txt,0, | 274 278 302 | 293 299 300 | 278 300 303 | ,Score: 0

D228m5.txt,0, | 157 164 167 | 130 194 219 | 157 163 250 | ,Score: 0

D229m1.txt,0, | 157 164 249 | 196 245 248 | 165 191 240 | ,Score: 0

D231m7.txt,0, | 359 362 364 | 147 179 262 | 147 178 267 | ,Score: 0

D239m5.txt,0, | 179 181 261 | 146 178 265 | 439 440 441 | ,Score: 0

D301m9.txt,0, | 146 178 267 | 147 178 180 | 178 265 267 | ,Score: 0

D302m1.txt,0, | 229 259 262 | 179 262 265 | 146 179 265 | ,Score: 0

D304m4.txt,0, | 272 275 303 | 178 229 261 | 165 191 194 | ,Score: 0

D305m1.txt,0, | 385 388 412 | 147 178 263 | 391 435 439 | ,Score: 0

D306m2.txt,0, | 178 262 267 | 134 135 140 | 143 145 146 | ,Score: 0

D307m2.txt,0, | 146 178 267 | 267 270 273 | 143 146 177 | ,Score: 0

D308m5.txt,0, | 299 303 307 | 197 237 248 | 296 299 302 | ,Score: 0

D310m9.txt,0, | 123 127 134 | 134 139 216 | 122 138 141 | ,Score: 0

D311m8.txt,0, | 281 293 296 | 281 290 297 | 146 268 271 | ,Score: 0

D312m9.txt,0, | 157 165 249 | 161 164 167 | 194 243 245 | ,Score: 0

D313m5.txt,0, | 146 178 267 | 408 411 415 | 388 411 415 | ,Score: 0

D314m8.txt,0, | 436 438 441 | 290 296 317 | 146 150 178 | ,Score: 0

D315m6.txt,0, | 232 259 261 | 290 293 297 | 203 205 206 | ,Score: 0

D317m4.txt,0, | 290 296 318 | 177 182 262 | 324 331 401 | ,Score: 0

D318m3.txt,0, | 408 410 411 | 124 127 135 | 123 124 127 | ,Score: 0

D319m6.txt,0, | 179 182 262 | 179 262 265 | 146 178 266 | ,Score: 0

D320m3.txt,0, | 158 235 251 | 206 235 237 | 157 165 249 | ,Score: 0

D321m1.txt,0, | 157 235 250 | 312 316 319 | 203 232 235 | ,Score: 0

D322m0.txt,0, | 274 278 301 | 341 377 378 | 190 218 220 | ,Score: 0

D323m1.txt,0, | 194 242 244 | 193 194 219 | 134 193 219 | ,Score: 0

D324m6.txt,0, | 130 194 219 | 193 196 242 | 157 164 249 | ,Score: 0

D325m0.txt,0, | 436 438 439 | 292 299 311 | 123 127 135 | ,Score: 0

D326m0.txt,0, | 119 122 124 | 178 262 267 | 126 208 210 | ,Score: 0

D327m7.txt,0, | 336 337 405 | 178 264 267 | 341 376 405 | ,Score: 0

D328m3.txt,0, | 336 337 408 | 336 339 407 | 388 408 411 | ,Score: 0

D330m1.txt,0, | 158 235 251 | 146 178 267 | 201 206 235 | ,Score: 0

D331m0.txt,0, | 127 131 135 | 161 164 167 | 193 194 242 | ,Score: 0

D332m4.txt,0, | 182 230 262 | 299 300 303 | 146 178 266 | ,Score: 0

D333m4.txt,0, | 122 135 141 | 136 140 141 | 147 262 267 | ,Score: 0

D403m6.txt,0, | 339 341 406 | 165 190 194 | 336 339 407 | ,Score: 0

D407m5.txt,0, | 330 331 336 | 335 339 403 | 178 262 266 | ,Score: 0

D408m8.txt,0, | 147 178 262 | 436 438 441 | 147 178 266 | ,Score: 0

D409m5.txt,0, | 264 265 268 | 396 403 419 | 147 265 268 | ,Score: 0

D410mR.txt,0, | 241 242 244 | 191 193 242 | 191 217 219 | ,Score: 0

D413m2.txt,0, | 158 163 250 | 194 243 245 | 164 165 249 | ,Score: 0

D414m2.txt,0, | 267 269 274 | 177 262 267 | 178 229 262 | ,Score: 0

D421m7.txt,0, | 201 205 208 | 438 439 441 | 299 305 311 | ,Score: 0

D428m7.txt,0, | 162 164 167 | 177 180 262 | 143 146 177 | ,Score: 0

D430mR.txt,0, | 146 178 265 | 146 265 268 | 178 262 265 | ,Score: 0

D431m9.txt,0, | 178 262 267 | 139 142 212 | 178 226 229 | ,Score: 0

D438m9.txt,0, | 146 147 178 | 177 179 182 | 293 297 300 | ,Score: 0

D450m5.txt,0, | 201 237 251 | 299 305 308 | 299 303 308 | ,Score: 0

D453m0.txt,0, | 178 180 184 | 293 297 300 | 146 265 271 | ,Score: 0

D459m2.txt,0, | 190 217 219 | 158 163 250 | 190 193 218 | ,Score: 0

D462m1.txt,0, | 322 326 329 | 147 262 265 | 333 337 403 | ,Score: 0

D464m0.txt,0, | 336 407 408 | 142 144 146 | 120 123 208 | ,Score: 0

