D102m2.txt,25, | 274 301 303 | 139 141 220 | 203 205 206 | ,Score: 46.6127

D106m3.txt,19, | 293 296 297 | 179 261 265 | 336 339 403 | ,Score: 27.9981

D107m0.txt,20, | 335 336 339 | 203 205 206 | 146 266 268 | ,Score: 37.4012

D110m2.txt,12, | 164 165 168 | 126 127 130 | 164 165 249 | ,Score: 34.4286

D202m2.txt,12, | 438 439 440 | 324 400 401 | 377 379 380 | ,Score: 35.9078

D203m5.txt,16, | 140 217 219 | 344 345 346 | 438 439 440 | ,Score: 21.4855

D204m0.txt,14, | 144 146 147 | 164 165 167 | 248 250 251 | ,Score: 34.9026

D206mR.txt,16, | 146 178 179 | 323 324 329 | 126 127 128 | ,Score: 37.5011

D210m8.txt,14, | 135 136 141 | 400 403 419 | 146 178 266 | ,Score: 29.1441

D214m3.txt,8, | 194 242 243 | 164 165 167 | 242 243 244 | ,Score: 40.8071

D215m7.txt,19, | 293 296 300 | 177 178 182 | 206 208 226 | ,Score: 26.2689

D216m1.txt,9, | 201 235 251 | 242 245 248 | 357 358 359 | ,Score: 32.5437

D217m3.txt,19, | 147 178 180 | 438 440 441 | 312 316 319 | ,Score: 36.0207

D218m7.txt,16, | 145 146 147 | 259 261 263 | 127 130 134 | ,Score: 30.5637

D221m4.txt,18, | 123 126 127 | 242 243 244 | 146 264 266 | ,Score: 25.4761

D222m6.txt,19, | 232 259 261 | 336 339 408 | 299 301 303 | ,Score: 25.8699

D228m5.txt,12, | 163 164 165 | 194 242 245 | 164 165 249 | ,Score: 34.8981

D229m1.txt,12, | 165 248 249 | 242 245 248 | 165 240 248 | ,Score: 71.1355

D231m7.txt,16, | 359 360 362 | 181 261 262 | 146 147 267 | ,Score: 42.4364

D239m5.txt,20, | 119 120 121 | 146 178 266 | 439 440 441 | ,Score: 36.0667

D301m9.txt,13, | 336 337 403 | 147 178 180 | 178 265 267 | ,Score: 23.8525

D302m1.txt,8, | 258 259 261 | 178 261 265 | 146 178 265 | ,Score: 31.9152

D304m4.txt,17, | 275 303 305 | 229 259 261 | 126 127 197 | ,Score: 25.1636

D305m1.txt,19, | 385 408 412 | 147 178 180 | 281 284 290 | ,Score: 23.1464

D306m2.txt,18, | 182 229 261 | 196 241 244 | 145 146 268 | ,Score: 25.95

D307m2.txt,14, | 146 147 268 | 267 268 273 | 165 190 194 | ,Score: 25.1529

D308m5.txt,19, | 146 266 268 | 126 206 208 | 297 299 301 | ,Score: 49.8767

D310m9.txt,20, | 123 127 134 | 336 337 408 | 146 178 267 | ,Score: 32.162

D311m8.txt,17, | 293 296 297 | 299 303 305 | 119 120 122 | ,Score: 48.3639

D312m9.txt,15, | 164 165 249 | 164 165 167 | 242 243 244 | ,Score: 51.8349

D313m5.txt,18, | 146 266 267 | 345 346 370 | 388 410 411 | ,Score: 23.0155

D314m8.txt,19, | 436 438 441 | 281 283 284 | 147 178 180 | ,Score: 23.9656

D315m6.txt,14, | 146 267 268 | 290 293 297 | 203 205 206 | ,Score: 25.2035

D317m4.txt,22, | 290 292 293 | 177 178 180 | 336 339 403 | ,Score: 30.215

D318m3.txt,13, | 408 410 411 | 261 263 264 | 123 126 127 | ,Score: 17.2837

D319m6.txt,15, | 178 180 182 | 262 265 266 | 286 290 293 | ,Score: 16.2864

D320m3.txt,17, | 157 158 251 | 197 237 249 | 241 242 245 | ,Score: 36.556

D321m1.txt,19, | 158 250 251 | 312 316 319 | 205 206 235 | ,Score: 42.8966

D322m0.txt,15, | 146 266 268 | 341 377 378 | 190 218 220 | ,Score: 29.2712

D323m1.txt,9, | 194 242 244 | 193 194 219 | 134 193 219 | ,Score: 24.4476

D324m6.txt,8, | 130 194 219 | 194 196 242 | 164 165 249 | ,Score: 27.893

D325m0.txt,15, | 438 439 440 | 299 300 308 | 121 122 124 | ,Score: 24.6764

D326m0.txt,17, | 119 120 122 | 284 286 288 | 126 127 208 | ,Score: 31.3661

D327m7.txt,16, | 336 337 405 | 146 178 264 | 341 376 405 | ,Score: 23.1482

D328m3.txt,12, | 337 408 409 | 337 339 408 | 146 266 268 | ,Score: 24.9818

D330m1.txt,12, | 158 235 251 | 146 266 268 | 119 120 124 | ,Score: 30.1327

D331m0.txt,11, | 126 127 131 | 164 165 167 | 194 242 243 | ,Score: 30.4046

D332m4.txt,17, | 119 120 121 | 318 319 322 | 146 147 266 | ,Score: 27.4539

D333m4.txt,13, | 123 127 135 | 140 141 142 | 146 147 178 | ,Score: 34.7155

D403m6.txt,10, | 339 341 415 | 164 165 168 | 336 339 407 | ,Score: 24.8181

D407m5.txt,11, | 331 335 336 | 336 339 403 | 146 265 266 | ,Score: 29.7506

D408m8.txt,15, | 178 181 182 | 281 290 293 | 146 265 266 | ,Score: 36.5474

D409m5.txt,15, | 265 266 268 | 401 403 419 | 178 182 261 | ,Score: 30.0794

D410mR.txt,9, | 241 242 244 | 193 241 242 | 191 217 219 | ,Score: 37.0829

D413m2.txt,13, | 158 249 251 | 242 243 245 | 164 165 249 | ,Score: 69.1741

D414m2.txt,15, | 146 267 268 | 164 165 249 | 229 261 262 | ,Score: 23.9009

D421m7.txt,15, | 205 206 235 | 439 440 441 | 301 303 305 | ,Score: 27.8425

D428m7.txt,15, | 162 164 167 | 177 180 262 | 143 145 146 | ,Score: 29.5517

D430mR.txt,8, | 178 180 262 | 265 266 268 | 178 261 265 | ,Score: 33.7504

D431m9.txt,19, | 312 317 318 | 142 143 146 | 205 206 208 | ,Score: 25.0867

D438m9.txt,13, | 146 147 178 | 119 120 122 | 434 440 443 | ,Score: 29.3014

D450m5.txt,18, | 206 235 237 | 299 303 305 | 146 178 266 | ,Score: 36.7507

D453m0.txt,14, | 178 180 184 | 438 440 441 | 146 265 270 | ,Score: 27.0386

D459m2.txt,11, | 165 190 194 | 158 250 251 | 194 242 245 | ,Score: 31.4376

D462m1.txt,16, | 312 318 319 | 142 144 146 | 336 339 403 | ,Score: 24.9779

D464m0.txt,19, | 336 407 408 | 147 180 262 | 119 122 123 | ,Score: 25.9625

