M = 146 178 267 
274 301 303 | 178 180 182 | 146 150 269 | 305 307 311 | 120 123 208 | 229 259 261 | 146 265 267 | 267 273 274 | 119 123 210 | 147 180 262 | 146 178 179 | 147 178 180 | 147 262 263 | 146 265 266 | 232 258 261 | 299 301 303 | 178 181 261 | 178 180 181 | 146 178 265 | 146 265 269 | 275 278 283 | 178 229 261 | 147 178 180 | 146 266 268 | 146 147 268 | 146 266 268 | 301 303 305 | 119 120 122 | 299 303 305 | 146 266 267 | 147 178 180 | 232 259 261 | 177 178 180 | 258 259 261 | 146 147 268 | 268 273 274 | 146 265 268 | 119 120 122 | 146 178 264 | 146 266 268 | 146 266 268 | 146 147 266 | 146 147 178 | 146 265 266 | 229 261 262 | 178 181 182 | 146 264 265 | 146 267 268 | 232 258 261 | 301 303 305 | 177 180 262 | 178 181 261 | 146 149 267 | 146 147 178 | 119 120 122 | 297 299 301 | 146 178 266 | 178 180 184 | 146 265 270 | 144 146 147 | 119 122 123 | 147 180 262 | 

M = 324 325 401 
388 411 415 | 329 331 336 | 335 336 339 | 377 379 380 | 438 439 440 | 344 345 346 | 387 388 409 | 288 292 320 | 293 296 297 | 319 322 326 | 291 293 297 | 400 401 419 | 279 282 297 | 336 339 403 | 359 360 362 | 315 318 320 | 439 440 441 | 400 401 403 | 438 440 441 | 342 343 377 | 281 293 296 | 282 290 293 | 385 408 412 | 387 407 412 | 288 316 318 | 330 401 403 | 388 410 411 | 290 317 318 | 281 284 290 | 297 299 311 | 283 284 290 | 336 403 407 | 290 292 293 | 336 408 409 | 286 290 293 | 312 316 319 | 341 377 379 | 439 440 442 | 284 286 288 | 400 401 403 | 341 342 405 | 400 401 419 | 408 409 410 | 329 335 336 | 318 319 322 | 293 296 318 | 438 439 440 | 339 341 415 | 336 339 403 | 438 440 442 | 283 284 290 | 341 377 379 | 338 339 403 | 323 324 327 | 378 379 419 | 435 438 440 | 312 317 318 | 434 440 443 | 438 440 441 | 354 357 359 | 319 325 326 | 336 339 403 | 336 407 408 | 

M = 194 197 241 
125 126 206 | 164 165 249 | 126 127 130 | 164 165 168 | 193 194 242 | 164 165 249 | 122 123 208 | 237 248 249 | 242 243 244 | 241 242 243 | 123 126 127 | 206 208 226 | 201 235 251 | 242 245 248 | 157 159 251 | 123 134 136 | 126 127 130 | 163 164 165 | 194 242 245 | 164 165 249 | 240 242 245 | 165 248 249 | 242 245 248 | 136 141 215 | 124 127 135 | 194 241 242 | 165 190 194 | 126 206 208 | 123 127 134 | 165 190 194 | 242 243 244 | 164 165 167 | 161 164 167 | 123 135 136 | 123 126 127 | 157 235 251 | 157 158 251 | 196 242 245 | 158 250 251 | 123 134 136 | 235 250 251 | 123 134 136 | 196 242 244 | 194 242 244 | 157 249 250 | 194 196 242 | 164 165 249 | 132 194 196 | 193 194 197 | 205 206 235 | 194 242 243 | 164 165 167 | 123 126 127 | 136 137 139 | 123 127 135 | 164 165 168 | 136 137 140 | 241 242 244 | 130 193 219 | 193 241 242 | 164 165 249 | 201 235 251 | 242 243 245 | 164 165 249 | 127 130 197 | 164 167 169 | 124 127 208 | 206 235 237 | 194 242 245 | 158 250 251 | 

FREQUENCIES
146: 26
242: 18
178: 18
165: 14
123: 13
164: 13
194: 12
147: 12
127: 10
180: 10
261: 9
268: 9
440: 9
249: 9
336: 9
266: 9
265: 8
403: 8
251: 8
136: 7
126: 7
245: 7
293: 7
290: 7
401: 6
267: 6
318: 6
438: 6
339: 6
235: 6
262: 5
297: 5
119: 5
303: 5
301: 5
244: 5
241: 5
243: 5
206: 5
208: 5
122: 5
130: 4
341: 4
400: 4
284: 4
408: 4
120: 4
379: 4
299: 4
377: 4
319: 4
134: 4
193: 4
305: 4
248: 4
439: 4
250: 4
181: 4
196: 4
167: 4
157: 4
135: 3
288: 3
283: 3
409: 3
296: 3
419: 3
274: 3
441: 3
388: 3
258: 3
259: 3
407: 3
197: 3
229: 3
158: 3
232: 3
264: 2
137: 2
281: 2
282: 2
269: 2
415: 2
410: 2
411: 2
412: 2
292: 2
201: 2
311: 2
317: 2
190: 2
273: 2
442: 2
335: 2
177: 2
182: 2
312: 2
342: 2
316: 2
168: 2
387: 2
286: 2
237: 2
322: 2
320: 2
326: 2
324: 2
325: 2
329: 2
124: 2
359: 2
215: 1
210: 1
219: 1
132: 1
139: 1
169: 1
344: 1
346: 1
125: 1
291: 1
270: 1
275: 1
278: 1
279: 1
378: 1
141: 1
362: 1
360: 1
443: 1
307: 1
240: 1
380: 1
434: 1
435: 1
385: 1
338: 1
331: 1
330: 1
179: 1
345: 1
405: 1
184: 1
343: 1
315: 1
226: 1
161: 1
163: 1
150: 1
159: 1
323: 1
327: 1
144: 1
205: 1
140: 1
149: 1
263: 1
357: 1
354: 1
