D102m2.txt,0, | 274 278 301 | 202 206 228 | 124 127 208 | ,Score: 0

D106m3.txt,0, | 146 150 178 | 388 412 415 | 338 403 415 | ,Score: 0

D107m0.txt,0, | 296 300 307 | 322 325 329 | 123 127 208 | ,Score: 0

D110m2.txt,0, | 165 168 191 | 123 126 127 | 164 165 167 | ,Score: 0

D202m2.txt,0, | 401 403 419 | 124 126 207 | 435 438 441 | ,Score: 0

D203m5.txt,0, | 263 265 267 | 345 347 370 | 165 190 194 | ,Score: 0

D204m0.txt,0, | 146 178 267 | 196 199 249 | 157 165 249 | ,Score: 0

D206mR.txt,0, | 324 330 401 | 124 128 135 | 282 292 299 | ,Score: 0

D210m8.txt,0, | 317 321 324 | 262 263 266 | 177 262 267 | ,Score: 0

D214m3.txt,0, | 194 241 244 | 241 242 243 | 165 190 194 | ,Score: 0

D215m7.txt,0, | 178 182 261 | 293 297 300 | 123 127 208 | ,Score: 0

D216m1.txt,0, | 201 235 251 | 196 245 248 | 157 164 249 | ,Score: 0

D217m3.txt,0, | 147 178 266 | 291 313 318 | 282 290 296 | ,Score: 0

D218m7.txt,0, | 147 178 262 | 229 259 262 | 124 127 135 | ,Score: 0

D221m4.txt,0, | 229 259 261 | 196 245 248 | 134 140 219 | ,Score: 0

D222m6.txt,0, | 229 259 261 | 274 278 302 | 293 299 315 | ,Score: 0

D228m5.txt,0, | 157 164 167 | 130 194 219 | 157 163 250 | ,Score: 0

D229m1.txt,0, | 191 196 242 | 158 163 251 | 240 245 248 | ,Score: 0

D231m7.txt,0, | 366 391 412 | 316 319 323 | 147 179 262 | ,Score: 0

D239m5.txt,0, | 179 261 265 | 284 355 356 | 136 141 215 | ,Score: 0

D301m9.txt,0, | 146 178 265 | 401 403 419 | 435 438 441 | ,Score: 0

D302m1.txt,0, | 341 342 345 | 335 336 338 | 179 261 265 | ,Score: 0

D304m4.txt,0, | 169 194 219 | 274 278 303 | 175 183 261 | ,Score: 0

D305m1.txt,0, | 281 284 290 | 366 391 412 | 147 178 263 | ,Score: 0

D306m2.txt,0, | 145 178 267 | 135 138 140 | 196 241 244 | ,Score: 0

D307m2.txt,0, | 146 178 267 | 387 407 411 | 190 193 218 | ,Score: 0

D308m5.txt,0, | 126 130 197 | 262 265 267 | 299 302 311 | ,Score: 0

D310m9.txt,0, | 231 259 261 | 347 351 368 | 123 134 139 | ,Score: 0

D311m8.txt,0, | 341 343 378 | 168 172 190 | 281 293 296 | ,Score: 0

D312m9.txt,0, | 190 193 216 | 194 196 244 | 157 164 249 | ,Score: 0

D313m5.txt,0, | 146 178 267 | 388 411 415 | 161 164 167 | ,Score: 0

D314m8.txt,0, | 146 150 178 | 290 295 317 | 281 293 296 | ,Score: 0

D315m6.txt,0, | 232 259 261 | 297 299 311 | 290 293 297 | ,Score: 0

D317m4.txt,0, | 334 390 407 | 177 182 262 | 287 293 321 | ,Score: 0

D318m3.txt,0, | 336 340 403 | 261 264 265 | 124 127 135 | ,Score: 0

D319m6.txt,0, | 393 440 441 | 146 265 268 | 147 179 262 | ,Score: 0

D320m3.txt,0, | 201 237 251 | 157 164 249 | 193 197 241 | ,Score: 0

D321m1.txt,0, | 157 235 250 | 201 203 233 | 312 317 319 | ,Score: 0

D322m0.txt,0, | 171 190 218 | 232 233 235 | 292 298 311 | ,Score: 0

D323m1.txt,0, | 123 127 134 | 193 196 242 | 194 241 244 | ,Score: 0

D324m6.txt,0, | 157 237 250 | 193 196 242 | 157 164 249 | ,Score: 0

D325m0.txt,0, | 126 132 196 | 436 439 442 | 299 303 308 | ,Score: 0

D326m0.txt,0, | 123 127 134 | 120 124 208 | 178 262 267 | ,Score: 0

D327m7.txt,0, | 125 132 197 | 336 403 405 | 341 376 405 | ,Score: 0

D328m3.txt,0, | 146 265 268 | 337 339 408 | 388 408 411 | ,Score: 0

D330m1.txt,0, | 146 178 267 | 125 130 197 | 336 339 403 | ,Score: 0

D331m0.txt,0, | 196 242 248 | 161 164 167 | 123 127 135 | ,Score: 0

D332m4.txt,0, | 296 300 307 | 177 182 261 | 121 123 137 | ,Score: 0

D333m4.txt,0, | 333 335 403 | 124 127 135 | 138 142 211 | ,Score: 0

D403m6.txt,0, | 289 293 318 | 336 403 406 | 169 191 220 | ,Score: 0

D407m5.txt,0, | 331 336 403 | 178 181 261 | 181 229 261 | ,Score: 0

D408m8.txt,0, | 434 439 442 | 281 286 290 | 147 178 266 | ,Score: 0

D409m5.txt,0, | 147 180 183 | 396 403 419 | 147 265 268 | ,Score: 0

D410mR.txt,0, | 130 241 246 | 191 193 219 | 191 193 241 | ,Score: 0

D413m2.txt,0, | 158 163 251 | 204 206 235 | 194 243 245 | ,Score: 0

D414m2.txt,0, | 140 212 220 | 268 273 274 | 177 262 267 | ,Score: 0

D421m7.txt,0, | 201 205 208 | 127 132 196 | 299 305 311 | ,Score: 0

D428m7.txt,0, | 441 442 444 | 178 180 182 | 177 182 262 | ,Score: 0

D430mR.txt,0, | 178 261 265 | 342 344 378 | 435 438 441 | ,Score: 0

D431m9.txt,0, | 231 233 257 | 135 140 212 | 178 226 229 | ,Score: 0

D438m9.txt,0, | 147 178 262 | 178 182 262 | 293 297 300 | ,Score: 0

D450m5.txt,0, | 296 299 308 | 299 303 308 | 201 237 253 | ,Score: 0

D453m0.txt,0, | 146 178 265 | 438 441 442 | 146 265 271 | ,Score: 0

D459m2.txt,0, | 354 356 359 | 165 190 194 | 158 163 250 | ,Score: 0

D462m1.txt,0, | 293 297 314 | 322 326 329 | 333 337 403 | ,Score: 0

D464m0.txt,0, | 142 143 146 | 178 182 262 | 228 259 262 | ,Score: 0

