M = 146 178 267 
146 266 267 | 146 150 269 | 146 266 268 | 229 259 261 | 146 265 267 | 119 122 210 | 273 274 277 | 145 147 268 | 146 178 179 | 147 178 180 | 259 261 262 | 146 265 266 | 299 303 309 | 181 229 262 | 139 141 142 | 178 180 181 | 178 261 265 | 146 178 265 | 147 178 180 | 146 266 268 | 177 261 262 | 146 266 268 | 119 120 122 | 299 303 305 | 146 266 267 | 146 178 266 | 232 259 261 | 177 178 180 | 146 147 178 | 268 273 274 | 146 265 268 | 119 120 122 | 146 178 264 | 146 266 268 | 146 266 268 | 146 147 266 | 146 147 178 | 146 265 266 | 178 181 182 | 146 265 269 | 146 267 268 | 301 303 305 | 232 258 261 | 177 180 262 | 178 181 261 | 142 143 146 | 119 120 122 | 146 147 178 | 297 299 301 | 146 266 268 | 146 265 270 | 144 146 147 | 147 180 262 | 119 122 123 | 

M = 396 401 403 
293 296 299 | 336 339 403 | 290 293 296 | 335 336 339 | 377 379 380 | 438 439 440 | 344 345 346 | 387 388 409 | 288 292 320 | 400 403 419 | 296 297 311 | 293 296 297 | 341 377 379 | 291 293 297 | 279 282 297 | 290 293 318 | 336 339 403 | 359 360 362 | 439 440 441 | 336 403 407 | 336 337 403 | 342 343 377 | 339 341 376 | 331 333 337 | 435 438 440 | 336 403 407 | 281 291 297 | 292 316 318 | 330 336 403 | 408 411 412 | 362 443 444 | 290 317 318 | 286 290 293 | 336 403 407 | 290 292 293 | 400 403 419 | 408 409 411 | 283 286 290 | 312 316 319 | 341 377 379 | 329 335 336 | 284 286 288 | 400 401 403 | 341 342 405 | 400 401 419 | 408 409 410 | 326 329 334 | 318 319 322 | 338 339 341 | 288 293 318 | 438 439 440 | 339 341 415 | 336 339 403 | 346 349 369 | 438 440 442 | 283 284 290 | 341 377 379 | 288 323 324 | 435 438 440 | 377 379 380 | 312 317 318 | 434 440 443 | 336 337 338 | 293 297 300 | 325 326 333 | 342 377 379 | 336 407 408 | 

M = 194 197 241 
203 205 206 | 123 124 126 | 164 165 168 | 126 127 130 | 165 167 168 | 193 194 242 | 164 165 249 | 122 123 208 | 194 242 243 | 241 242 244 | 201 235 251 | 201 235 251 | 242 245 248 | 248 249 251 | 135 136 141 | 127 130 134 | 126 127 130 | 159 163 251 | 163 164 165 | 194 242 245 | 248 249 251 | 242 245 248 | 165 248 249 | 136 140 215 | 159 251 253 | 164 165 169 | 164 165 167 | 124 127 135 | 190 193 218 | 126 206 208 | 123 127 134 | 242 243 244 | 164 165 249 | 164 165 167 | 162 164 165 | 127 196 197 | 123 135 136 | 123 134 136 | 201 205 206 | 196 242 245 | 157 158 251 | 158 250 251 | 122 123 124 | 235 250 251 | 196 242 244 | 194 242 244 | 193 194 242 | 194 196 242 | 164 165 249 | 130 194 219 | 132 194 196 | 158 161 251 | 205 206 235 | 194 242 243 | 164 165 167 | 123 126 127 | 205 206 208 | 164 165 168 | 136 137 140 | 164 165 249 | 241 242 244 | 193 241 242 | 158 249 251 | 242 243 245 | 164 165 249 | 164 165 249 | 127 130 197 | 164 167 169 | 205 206 208 | 206 235 237 | 139 217 219 | 194 242 245 | 158 250 251 | 

FREQUENCIES
146: 28
242: 17
178: 16
165: 16
164: 15
403: 12
266: 12
336: 12
251: 12
194: 11
268: 10
249: 10
293: 9
147: 9
123: 8
265: 8
127: 8
341: 7
261: 7
297: 7
377: 7
206: 7
440: 7
290: 7
339: 7
122: 7
379: 6
318: 6
245: 6
180: 6
267: 6
126: 5
130: 5
136: 5
262: 5
196: 5
119: 5
244: 5
248: 5
438: 5
167: 5
158: 5
235: 5
205: 5
288: 4
400: 4
408: 4
299: 4
296: 4
193: 4
241: 4
243: 4
407: 4
181: 4
208: 4
135: 3
134: 3
342: 3
409: 3
120: 3
124: 3
292: 3
419: 3
201: 3
303: 3
439: 3
337: 3
259: 3
177: 3
250: 3
197: 3
401: 3
168: 3
286: 3
219: 2
139: 2
346: 2
283: 2
284: 2
301: 2
269: 2
411: 2
291: 2
319: 2
317: 2
273: 2
274: 2
362: 2
443: 2
305: 2
380: 2
338: 2
335: 2
333: 2
312: 2
142: 2
316: 2
169: 2
229: 2
163: 2
159: 2
232: 2
326: 2
329: 2
140: 2
141: 2
435: 2
217: 1
215: 1
210: 1
264: 1
218: 1
132: 1
137: 1
344: 1
281: 1
282: 1
415: 1
410: 1
412: 1
311: 1
190: 1
270: 1
396: 1
277: 1
279: 1
300: 1
369: 1
360: 1
309: 1
442: 1
441: 1
444: 1
388: 1
434: 1
376: 1
334: 1
331: 1
330: 1
144: 1
258: 1
179: 1
253: 1
345: 1
405: 1
182: 1
162: 1
343: 1
161: 1
387: 1
349: 1
150: 1
157: 1
237: 1
322: 1
323: 1
320: 1
324: 1
325: 1
203: 1
145: 1
143: 1
359: 1
