D102m2.txt,0, | 281 293 298 | 274 301 303 | 125 206 208 | ,Score: 0

D106m3.txt,0, | 337 403 415 | 177 261 265 | 150 269 273 | ,Score: 0

D107m0.txt,0, | 122 208 210 | 318 322 325 | 124 127 135 | ,Score: 0

D110m2.txt,0, | 165 168 191 | 123 126 127 | 165 167 168 | ,Score: 0

D202m2.txt,0, | 401 403 419 | 124 126 207 | 435 438 441 | ,Score: 0

D203m5.txt,0, | 263 265 267 | 345 347 370 | 165 190 194 | ,Score: 0

D204m0.txt,0, | 157 165 249 | 143 177 224 | 281 290 297 | ,Score: 0

D206mR.txt,0, | 328 392 396 | 124 128 135 | 282 292 299 | ,Score: 0

D210m8.txt,0, | 324 400 401 | 177 262 267 | 314 317 321 | ,Score: 0

D214m3.txt,0, | 241 243 244 | 194 242 243 | 241 242 244 | ,Score: 0

D215m7.txt,0, | 178 182 226 | 293 296 318 | 197 249 250 | ,Score: 0

D216m1.txt,0, | 157 235 250 | 196 245 248 | 157 164 249 | ,Score: 0

D217m3.txt,0, | 288 313 319 | 282 291 296 | 178 261 265 | ,Score: 0

D218m7.txt,0, | 146 150 178 | 124 127 135 | 127 130 135 | ,Score: 0

D221m4.txt,0, | 130 134 219 | 396 400 419 | 229 259 261 | ,Score: 0

D222m6.txt,0, | 274 278 302 | 436 438 441 | 336 339 408 | ,Score: 0

D228m5.txt,0, | 157 235 250 | 157 164 249 | 130 194 219 | ,Score: 0

D229m1.txt,0, | 158 163 251 | 191 240 242 | 165 191 240 | ,Score: 0

D231m7.txt,0, | 183 260 263 | 147 179 262 | 363 387 391 | ,Score: 0

D239m5.txt,0, | 352 356 444 | 179 261 265 | 352 368 369 | ,Score: 0

D301m9.txt,0, | 435 440 443 | 146 178 265 | 123 127 208 | ,Score: 0

D302m1.txt,0, | 341 342 345 | 178 261 265 | 233 234 259 | ,Score: 0

D304m4.txt,0, | 169 194 219 | 275 281 283 | 175 183 261 | ,Score: 0

D305m1.txt,0, | 385 388 408 | 147 178 263 | 435 440 443 | ,Score: 0

D306m2.txt,0, | 145 178 267 | 196 241 244 | 135 139 212 | ,Score: 0

D307m2.txt,0, | 337 403 407 | 143 147 175 | 177 182 261 | ,Score: 0

D308m5.txt,0, | 126 130 197 | 296 301 307 | 178 262 267 | ,Score: 0

D310m9.txt,0, | 123 134 139 | 351 366 369 | 123 127 208 | ,Score: 0

D311m8.txt,0, | 146 267 271 | 330 336 403 | 278 284 294 | ,Score: 0

D312m9.txt,0, | 193 196 242 | 158 162 251 | 161 164 167 | ,Score: 0

D313m5.txt,0, | 146 178 267 | 408 412 415 | 388 408 411 | ,Score: 0

D314m8.txt,0, | 143 147 175 | 290 296 314 | 147 150 267 | ,Score: 0

D315m6.txt,0, | 267 271 274 | 197 239 248 | 203 232 233 | ,Score: 0

D317m4.txt,0, | 287 428 444 | 287 293 321 | 177 182 261 | ,Score: 0

D318m3.txt,0, | 123 126 208 | 400 403 419 | 336 408 409 | ,Score: 0

D319m6.txt,0, | 393 440 441 | 143 146 147 | 147 179 262 | ,Score: 0

D320m3.txt,0, | 201 206 208 | 196 237 249 | 157 164 249 | ,Score: 0

D321m1.txt,0, | 311 317 318 | 157 235 237 | 201 203 233 | ,Score: 0

D322m0.txt,0, | 279 298 306 | 190 216 218 | 327 333 402 | ,Score: 0

D323m1.txt,0, | 196 242 248 | 193 196 242 | 193 194 242 | ,Score: 0

D324m6.txt,0, | 193 196 242 | 157 164 249 | 134 193 219 | ,Score: 0

D325m0.txt,0, | 292 299 311 | 126 132 197 | 341 375 378 | ,Score: 0

D326m0.txt,0, | 119 123 124 | 178 262 267 | 124 127 199 | ,Score: 0

D327m7.txt,0, | 125 132 197 | 336 403 405 | 341 376 405 | ,Score: 0

D328m3.txt,0, | 337 403 407 | 146 265 268 | 388 408 411 | ,Score: 0

D330m1.txt,0, | 146 178 267 | 334 337 407 | 124 128 135 | ,Score: 0

D331m0.txt,0, | 193 196 242 | 159 162 251 | 123 127 135 | ,Score: 0

D332m4.txt,0, | 296 300 307 | 177 182 261 | 337 340 403 | ,Score: 0

D333m4.txt,0, | 124 132 138 | 333 336 403 | 157 237 249 | ,Score: 0

D403m6.txt,0, | 165 170 191 | 289 293 321 | 339 408 415 | ,Score: 0

D407m5.txt,0, | 178 261 265 | 330 336 403 | 346 349 369 | ,Score: 0

D408m8.txt,0, | 434 439 442 | 281 286 290 | 177 262 267 | ,Score: 0

D409m5.txt,0, | 146 178 265 | 396 403 419 | 147 265 268 | ,Score: 0

D410mR.txt,0, | 196 241 249 | 196 242 246 | 193 196 241 | ,Score: 0

D413m2.txt,0, | 201 251 252 | 235 249 251 | 164 249 252 | ,Score: 0

D414m2.txt,0, | 140 212 220 | 336 339 403 | 177 262 267 | ,Score: 0

D421m7.txt,0, | 296 299 307 | 203 232 235 | 123 127 208 | ,Score: 0

D428m7.txt,0, | 177 182 261 | 165 190 194 | 288 396 443 | ,Score: 0

D430mR.txt,0, | 178 261 265 | 379 419 421 | 343 378 380 | ,Score: 0

D431m9.txt,0, | 136 213 215 | 228 232 261 | 149 172 274 | ,Score: 0

D438m9.txt,0, | 178 182 229 | 147 178 262 | 290 296 297 | ,Score: 0

D450m5.txt,0, | 296 301 307 | 201 233 253 | 299 303 308 | ,Score: 0

D453m0.txt,0, | 146 178 265 | 438 441 442 | 281 293 297 | ,Score: 0

D459m2.txt,0, | 139 217 219 | 190 193 218 | 163 166 251 | ,Score: 0

D462m1.txt,0, | 318 322 325 | 147 262 265 | 333 337 403 | ,Score: 0

D464m0.txt,0, | 146 178 267 | 122 141 143 | 228 259 262 | ,Score: 0

