M = 146 178 267 
119 120 123 | 146 266 268 | 229 259 261 | 140 217 219 | 267 273 274 | 119 122 210 | 146 147 178 | 145 147 268 | 146 178 179 | 206 208 226 | 147 265 268 | 205 206 228 | 182 229 262 | 123 134 136 | 146 264 265 | 299 303 309 | 134 135 136 | 229 261 262 | 139 141 142 | 178 180 181 | 178 261 265 | 136 140 215 | 146 265 269 | 147 178 180 | 146 266 268 | 146 147 268 | 146 266 268 | 299 303 305 | 119 120 122 | 146 266 267 | 147 178 180 | 232 259 261 | 177 178 180 | 258 259 261 | 123 135 136 | 123 134 136 | 146 147 178 | 123 134 136 | 268 273 274 | 123 134 136 | 146 265 268 | 146 178 265 | 146 178 264 | 146 266 268 | 146 266 268 | 119 120 121 | 146 147 266 | 146 147 178 | 146 265 266 | 152 258 259 | 178 181 182 | 265 268 269 | 136 137 140 | 146 267 268 | 146 266 268 | 177 180 262 | 178 181 261 | 142 143 146 | 119 120 122 | 299 303 305 | 119 122 123 | 146 265 270 | 119 122 123 | 144 146 147 | 136 140 141 | 119 122 123 | 

M = 165 248 249 
203 205 206 | 205 206 235 | 164 165 168 | 126 127 130 | 164 167 168 | 164 165 249 | 126 127 208 | 237 248 249 | 164 165 167 | 194 197 241 | 242 243 244 | 242 245 248 | 157 159 251 | 201 235 251 | 242 243 244 | 123 126 127 | 194 242 245 | 164 165 249 | 163 164 165 | 157 164 165 | 242 245 248 | 164 165 169 | 194 241 242 | 124 127 135 | 165 190 194 | 126 206 208 | 123 127 134 | 165 190 194 | 242 243 244 | 164 165 167 | 162 164 165 | 157 158 251 | 197 237 249 | 196 242 245 | 158 250 251 | 235 250 251 | 241 242 244 | 194 242 244 | 157 249 250 | 194 196 242 | 164 165 249 | 132 194 196 | 126 127 208 | 196 197 248 | 205 206 235 | 164 165 167 | 196 242 248 | 123 126 127 | 164 165 168 | 241 242 244 | 193 241 242 | 191 217 219 | 164 165 167 | 164 165 249 | 242 243 245 | 164 165 249 | 205 206 235 | 164 165 167 | 156 237 251 | 194 242 245 | 

M = 396 401 403 
293 296 299 | 336 339 403 | 290 293 296 | 335 336 339 | 438 439 440 | 377 379 380 | 344 345 346 | 438 439 440 | 320 325 327 | 324 325 401 | 438 439 440 | 288 293 313 | 400 401 419 | 336 339 403 | 359 360 362 | 439 440 441 | 336 403 407 | 336 337 403 | 438 440 441 | 341 343 345 | 339 341 376 | 331 333 337 | 435 438 440 | 336 403 407 | 281 291 297 | 292 316 318 | 330 336 403 | 362 443 444 | 410 411 412 | 290 317 318 | 286 290 293 | 436 439 440 | 336 403 407 | 290 292 293 | 336 408 409 | 283 286 290 | 312 316 319 | 341 377 379 | 293 297 300 | 400 401 419 | 341 342 379 | 408 409 410 | 400 401 419 | 326 329 334 | 359 360 362 | 318 319 322 | 288 293 318 | 438 439 440 | 339 341 415 | 336 339 403 | 346 349 369 | 290 442 444 | 341 377 379 | 293 296 297 | 361 363 444 | 288 323 324 | 435 438 440 | 377 379 380 | 312 317 318 | 434 440 443 | 279 296 297 | 336 337 338 | 293 297 300 | 354 357 359 | 281 293 297 | 336 339 403 | 336 407 408 | 

FREQUENCIES
146: 26
165: 19
164: 17
242: 16
178: 16
268: 13
336: 13
123: 12
403: 10
440: 10
293: 10
147: 10
136: 9
266: 9
265: 9
194: 9
249: 9
119: 8
127: 7
438: 7
339: 7
206: 7
126: 6
134: 6
341: 6
261: 6
267: 6
297: 6
244: 6
248: 6
245: 6
290: 6
439: 6
251: 6
167: 6
122: 6
401: 5
379: 5
318: 5
196: 5
241: 5
180: 5
235: 5
205: 5
120: 4
299: 4
296: 4
377: 4
243: 4
259: 4
407: 4
157: 4
140: 4
208: 4
135: 3
288: 3
400: 3
262: 3
419: 3
197: 3
362: 3
303: 3
444: 3
337: 3
250: 3
181: 3
168: 3
229: 3
408: 3
237: 3
359: 3
217: 2
219: 2
346: 2
281: 2
409: 2
286: 2
264: 2
269: 2
410: 2
292: 2
319: 2
317: 2
190: 2
273: 2
274: 2
142: 2
141: 2
300: 2
360: 2
443: 2
441: 2
305: 2
380: 2
435: 2
258: 2
177: 2
345: 2
182: 2
312: 2
316: 2
158: 2
324: 2
325: 2
215: 1
210: 1
132: 1
130: 1
137: 1
139: 1
344: 1
283: 1
349: 1
415: 1
411: 1
412: 1
376: 1
201: 1
313: 1
193: 1
270: 1
396: 1
369: 1
363: 1
361: 1
309: 1
442: 1
436: 1
434: 1
338: 1
335: 1
334: 1
331: 1
330: 1
333: 1
144: 1
179: 1
342: 1
191: 1
343: 1
169: 1
228: 1
226: 1
162: 1
163: 1
152: 1
156: 1
159: 1
279: 1
232: 1
322: 1
323: 1
320: 1
326: 1
327: 1
329: 1
203: 1
145: 1
143: 1
121: 1
291: 1
357: 1
354: 1
124: 1
