D102m2.txt,0, | 277 281 298 | 141 211 220 | 125 206 208 | ,Score: 0

D106m3.txt,0, | 337 403 415 | 146 150 178 | 120 123 124 | ,Score: 0

D107m0.txt,0, | 318 322 325 | 123 127 208 | 146 178 266 | ,Score: 0

D110m2.txt,0, | 165 168 191 | 123 126 127 | 164 167 168 | ,Score: 0

D202m2.txt,0, | 124 126 207 | 325 331 401 | 380 418 421 | ,Score: 0

D203m5.txt,0, | 344 346 375 | 165 190 194 | 346 349 370 | ,Score: 0

D204m0.txt,0, | 146 178 267 | 127 199 210 | 157 164 249 | ,Score: 0

D206mR.txt,0, | 147 178 262 | 288 325 396 | 126 131 197 | ,Score: 0

D210m8.txt,0, | 288 314 321 | 148 262 266 | 157 237 249 | ,Score: 0

D214m3.txt,0, | 165 190 194 | 194 197 241 | 194 242 243 | ,Score: 0

D215m7.txt,0, | 145 146 178 | 178 182 226 | 197 249 250 | ,Score: 0

D216m1.txt,0, | 248 249 251 | 157 164 249 | 201 204 235 | ,Score: 0

D217m3.txt,0, | 291 313 318 | 147 265 270 | 182 228 262 | ,Score: 0

D218m7.txt,0, | 400 401 419 | 146 150 178 | 124 127 135 | ,Score: 0

D221m4.txt,0, | 191 196 242 | 230 258 261 | 123 134 139 | ,Score: 0

D222m6.txt,0, | 275 302 306 | 229 259 261 | 434 436 441 | ,Score: 0

D228m5.txt,0, | 130 194 219 | 157 163 251 | 163 165 167 | ,Score: 0

D229m1.txt,0, | 165 240 249 | 158 163 251 | 191 240 242 | ,Score: 0

D231m7.txt,0, | 178 260 263 | 363 387 391 | 147 179 183 | ,Score: 0

D239m5.txt,0, | 179 261 265 | 289 293 321 | 352 368 369 | ,Score: 0

D301m9.txt,0, | 435 440 443 | 146 178 265 | 123 127 208 | ,Score: 0

D302m1.txt,0, | 178 261 265 | 338 341 342 | 342 345 346 | ,Score: 0

D304m4.txt,0, | 169 194 219 | 275 281 283 | 175 183 261 | ,Score: 0

D305m1.txt,0, | 385 388 408 | 391 440 443 | 147 178 263 | ,Score: 0

D306m2.txt,0, | 145 178 267 | 134 138 139 | 124 135 212 | ,Score: 0

D307m2.txt,0, | 337 403 407 | 190 193 218 | 145 178 267 | ,Score: 0

D308m5.txt,0, | 126 130 197 | 296 301 307 | 178 262 267 | ,Score: 0

D310m9.txt,0, | 231 232 261 | 123 134 139 | 351 366 369 | ,Score: 0

D311m8.txt,0, | 280 286 294 | 293 296 313 | 168 172 190 | ,Score: 0

D312m9.txt,0, | 190 193 216 | 194 196 244 | 157 164 249 | ,Score: 0

D313m5.txt,0, | 146 178 267 | 388 412 415 | 388 408 411 | ,Score: 0

D314m8.txt,0, | 143 147 175 | 290 296 314 | 150 178 267 | ,Score: 0

D315m6.txt,0, | 286 290 293 | 436 438 440 | 232 258 261 | ,Score: 0

D317m4.txt,0, | 334 390 407 | 177 182 261 | 287 293 321 | ,Score: 0

D318m3.txt,0, | 336 340 403 | 261 264 265 | 124 127 135 | ,Score: 0

D319m6.txt,0, | 393 440 441 | 143 146 147 | 147 179 262 | ,Score: 0

D320m3.txt,0, | 157 235 251 | 206 235 237 | 130 197 241 | ,Score: 0

D321m1.txt,0, | 311 317 318 | 201 237 251 | 156 158 250 | ,Score: 0

D322m0.txt,0, | 279 298 306 | 190 216 218 | 327 333 402 | ,Score: 0

D323m1.txt,0, | 123 127 134 | 196 242 248 | 193 196 242 | ,Score: 0

D324m6.txt,0, | 157 237 250 | 193 196 242 | 157 164 249 | ,Score: 0

D325m0.txt,0, | 292 299 311 | 196 237 249 | 123 127 135 | ,Score: 0

D326m0.txt,0, | 178 262 267 | 124 127 199 | 336 405 408 | ,Score: 0

D327m7.txt,0, | 197 248 250 | 125 132 197 | 336 403 405 | ,Score: 0

D328m3.txt,0, | 146 265 268 | 407 410 412 | 400 403 418 | ,Score: 0

D330m1.txt,0, | 146 178 267 | 334 337 407 | 124 128 135 | ,Score: 0

D331m0.txt,0, | 359 360 362 | 159 162 251 | 126 131 196 | ,Score: 0

D332m4.txt,0, | 293 296 299 | 183 230 261 | 146 178 266 | ,Score: 0

D333m4.txt,0, | 130 132 211 | 124 132 138 | 333 336 403 | ,Score: 0

D403m6.txt,0, | 165 170 191 | 289 293 321 | 339 408 415 | ,Score: 0

D407m5.txt,0, | 331 336 403 | 178 261 265 | 346 349 369 | ,Score: 0

D408m8.txt,0, | 148 262 266 | 177 182 261 | 434 440 443 | ,Score: 0

D409m5.txt,0, | 396 403 419 | 267 269 273 | 146 178 266 | ,Score: 0

D410mR.txt,0, | 196 241 249 | 130 191 241 | 191 217 219 | ,Score: 0

D413m2.txt,0, | 164 167 252 | 158 163 251 | 235 249 251 | ,Score: 0

D414m2.txt,0, | 336 339 403 | 235 249 251 | 177 262 267 | ,Score: 0

D421m7.txt,0, | 201 208 226 | 299 306 311 | 296 299 307 | ,Score: 0

D428m7.txt,0, | 290 442 444 | 327 396 402 | 177 182 261 | ,Score: 0

D430mR.txt,0, | 178 261 265 | 355 362 444 | 343 378 380 | ,Score: 0

D431m9.txt,0, | 190 215 217 | 135 140 212 | 231 258 261 | ,Score: 0

D438m9.txt,0, | 178 182 229 | 286 290 443 | 279 296 299 | ,Score: 0

D450m5.txt,0, | 201 233 253 | 296 301 307 | 123 139 212 | ,Score: 0

D453m0.txt,0, | 146 178 265 | 438 441 442 | 281 293 297 | ,Score: 0

D459m2.txt,0, | 354 356 359 | 281 293 297 | 165 190 194 | ,Score: 0

D462m1.txt,0, | 122 123 135 | 147 262 265 | 325 329 333 | ,Score: 0

D464m0.txt,0, | 142 143 146 | 178 262 267 | 120 123 208 | ,Score: 0

