D102m2.txt,26, | 293 296 299 | 146 178 267 | 203 205 206 | ,Score: 59.4071

D106m3.txt,17, | 336 339 403 | 290 293 296 | 119 120 123 | ,Score: 26.3264

D107m0.txt,20, | 335 336 339 | 205 206 235 | 146 266 268 | ,Score: 38.0528

D110m2.txt,12, | 164 165 168 | 126 127 130 | 164 167 168 | ,Score: 33.178

D202m2.txt,16, | 229 259 261 | 438 439 440 | 377 379 380 | ,Score: 32.352

D203m5.txt,16, | 344 345 346 | 140 217 219 | 438 439 440 | ,Score: 21.4855

D204m0.txt,15, | 267 273 274 | 119 122 210 | 164 165 249 | ,Score: 25.5018

D206mR.txt,17, | 146 147 178 | 320 325 327 | 126 127 208 | ,Score: 32.7717

D210m8.txt,17, | 324 325 401 | 145 147 268 | 237 248 249 | ,Score: 20.4212

D214m3.txt,9, | 164 165 167 | 194 197 241 | 242 243 244 | ,Score: 32.253

D215m7.txt,21, | 146 178 179 | 206 208 226 | 438 439 440 | ,Score: 32.1395

D216m1.txt,9, | 242 245 248 | 157 159 251 | 201 235 251 | ,Score: 33.7852

D217m3.txt,19, | 288 293 313 | 147 265 268 | 205 206 228 | ,Score: 22.9625

D218m7.txt,18, | 400 401 419 | 182 229 262 | 123 134 136 | ,Score: 25.3003

D221m4.txt,19, | 242 243 244 | 146 264 265 | 123 126 127 | ,Score: 25.2668

D222m6.txt,21, | 299 303 309 | 134 135 136 | 336 339 403 | ,Score: 25.6775

D228m5.txt,12, | 194 242 245 | 164 165 249 | 163 164 165 | ,Score: 34.8981

D229m1.txt,12, | 165 248 249 | 157 164 165 | 242 245 248 | ,Score: 64.0014

D231m7.txt,17, | 229 261 262 | 359 360 362 | 139 141 142 | ,Score: 35.8444

D239m5.txt,20, | 178 180 181 | 439 440 441 | 336 403 407 | ,Score: 44.2978

D301m9.txt,16, | 336 337 403 | 178 261 265 | 136 140 215 | ,Score: 24.1967

D302m1.txt,15, | 146 265 269 | 438 440 441 | 341 343 345 | ,Score: 21.4766

D304m4.txt,19, | 164 165 169 | 339 341 376 | 146 178 267 | ,Score: 24.7597

D305m1.txt,19, | 331 333 337 | 435 438 440 | 147 178 180 | ,Score: 25.4212

D306m2.txt,18, | 146 266 268 | 194 241 242 | 124 127 135 | ,Score: 26.5198

D307m2.txt,17, | 336 403 407 | 165 190 194 | 146 147 268 | ,Score: 23.4505

D308m5.txt,21, | 126 206 208 | 281 291 297 | 146 266 268 | ,Score: 45.5613

D310m9.txt,20, | 146 178 267 | 123 127 134 | 292 316 318 | ,Score: 33.4409

D311m8.txt,20, | 330 336 403 | 299 303 305 | 119 120 122 | ,Score: 32.711

D312m9.txt,15, | 165 190 194 | 242 243 244 | 164 165 167 | ,Score: 49.0931

D313m5.txt,19, | 146 266 267 | 362 443 444 | 410 411 412 | ,Score: 28.5426

D314m8.txt,19, | 162 164 165 | 290 317 318 | 147 178 180 | ,Score: 25.9747

D315m6.txt,13, | 286 290 293 | 436 439 440 | 232 259 261 | ,Score: 25.8756

D317m4.txt,22, | 336 403 407 | 177 178 180 | 290 292 293 | ,Score: 30.5386

D318m3.txt,15, | 336 408 409 | 258 259 261 | 123 135 136 | ,Score: 17.7662

D319m6.txt,18, | 283 286 290 | 123 134 136 | 146 147 178 | ,Score: 20.8529

D320m3.txt,17, | 157 158 251 | 197 237 249 | 196 242 245 | ,Score: 36.8332

D321m1.txt,21, | 312 316 319 | 123 134 136 | 158 250 251 | ,Score: 41.9556

D322m0.txt,16, | 268 273 274 | 235 250 251 | 341 377 379 | ,Score: 27.4869

D323m1.txt,9, | 123 134 136 | 241 242 244 | 194 242 244 | ,Score: 28.5755

D324m6.txt,8, | 157 249 250 | 194 196 242 | 164 165 249 | ,Score: 26.0001

D325m0.txt,19, | 293 297 300 | 132 194 196 | 146 265 268 | ,Score: 39.8962

D326m0.txt,18, | 146 178 265 | 126 127 208 | 400 401 419 | ,Score: 30.7351

D327m7.txt,19, | 196 197 248 | 146 178 264 | 341 342 379 | ,Score: 23.9024

D328m3.txt,13, | 146 266 268 | 408 409 410 | 400 401 419 | ,Score: 29.2977

D330m1.txt,16, | 146 266 268 | 326 329 334 | 205 206 235 | ,Score: 31.5786

D331m0.txt,11, | 359 360 362 | 164 165 167 | 196 242 248 | ,Score: 23.3458

D332m4.txt,17, | 318 319 322 | 119 120 121 | 146 147 266 | ,Score: 27.4539

D333m4.txt,18, | 146 147 178 | 123 126 127 | 288 293 318 | ,Score: 36.3453

D403m6.txt,12, | 164 165 168 | 438 439 440 | 339 341 415 | ,Score: 24.9352

D407m5.txt,14, | 336 339 403 | 146 265 266 | 346 349 369 | ,Score: 28.8712

D408m8.txt,16, | 152 258 259 | 178 181 182 | 290 442 444 | ,Score: 20.0716

D409m5.txt,17, | 341 377 379 | 265 268 269 | 136 137 140 | ,Score: 24.1756

D410mR.txt,9, | 241 242 244 | 193 241 242 | 191 217 219 | ,Score: 37.0829

D413m2.txt,13, | 164 165 167 | 164 165 249 | 242 243 245 | ,Score: 81.6838

D414m2.txt,18, | 396 401 403 | 164 165 249 | 146 267 268 | ,Score: 21.9546

D421m7.txt,16, | 205 206 235 | 146 266 268 | 293 296 297 | ,Score: 35.7808

D428m7.txt,18, | 361 363 444 | 288 323 324 | 177 180 262 | ,Score: 27.6135

D430mR.txt,15, | 178 181 261 | 435 438 440 | 377 379 380 | ,Score: 28.9674

D431m9.txt,18, | 164 165 167 | 142 143 146 | 312 317 318 | ,Score: 26.7433

D438m9.txt,14, | 119 120 122 | 434 440 443 | 279 296 297 | ,Score: 25.2079

D450m5.txt,19, | 156 237 251 | 299 303 305 | 119 122 123 | ,Score: 35.5726

D453m0.txt,14, | 146 265 270 | 336 337 338 | 293 297 300 | ,Score: 22.6774

D459m2.txt,11, | 354 357 359 | 281 293 297 | 194 242 245 | ,Score: 25.404

D462m1.txt,16, | 119 122 123 | 144 146 147 | 336 339 403 | ,Score: 25.0543

D464m0.txt,17, | 136 140 141 | 336 407 408 | 119 122 123 | ,Score: 26.713

