M = 336 339 403 
335 336 339 | 377 379 380 | 344 345 346 | 400 403 419 | 341 377 379 | 400 401 419 | 336 403 407 | 400 401 403 | 345 347 370 | 342 343 377 | 339 341 376 | 385 408 412 | 336 403 407 | 343 345 346 | 330 336 403 | 410 411 412 | 336 403 407 | 400 403 419 | 408 409 411 | 341 377 379 | 341 342 379 | 400 401 419 | 408 409 410 | 326 329 334 | 338 339 341 | 339 341 415 | 341 377 379 | 396 401 403 | 377 379 380 | 336 337 338 | 336 407 408 | 

M = 281 291 297 
274 301 303 | 290 293 296 | 146 266 268 | 438 439 440 | 273 274 277 | 320 325 327 | 296 297 311 | 293 296 297 | 291 293 313 | 279 282 297 | 299 303 309 | 359 360 362 | 439 440 441 | 281 282 284 | 146 266 268 | 146 266 268 | 292 316 318 | 299 303 305 | 293 296 297 | 146 266 267 | 362 443 444 | 290 317 318 | 286 290 293 | 290 292 293 | 286 290 293 | 312 316 319 | 268 273 274 | 436 438 440 | 439 440 442 | 284 286 288 | 146 266 268 | 146 266 268 | 359 360 362 | 318 319 322 | 146 147 266 | 288 293 318 | 438 439 440 | 283 284 290 | 438 440 442 | 301 303 305 | 288 323 324 | 434 440 443 | 299 303 305 | 293 297 300 | 437 438 440 | 

M = 165 190 194 
203 205 206 | 122 141 211 | 119 120 123 | 205 206 235 | 164 165 168 | 164 165 249 | 126 127 130 | 229 259 261 | 146 265 267 | 193 194 242 | 164 165 249 | 119 122 210 | 146 147 178 | 126 127 208 | 145 147 268 | 123 126 127 | 242 243 244 | 164 165 167 | 206 208 226 | 146 178 179 | 201 235 251 | 242 245 248 | 248 249 251 | 147 178 180 | 182 229 262 | 123 134 136 | 146 265 266 | 126 127 130 | 134 135 136 | 194 242 245 | 164 165 249 | 235 249 251 | 164 165 249 | 248 249 251 | 242 245 248 | 139 141 142 | 261 262 263 | 178 180 181 | 146 178 265 | 146 178 265 | 159 251 253 | 164 165 169 | 146 178 267 | 147 178 180 | 164 165 167 | 124 127 135 | 146 147 268 | 126 206 208 | 123 134 136 | 242 243 244 | 164 165 249 | 164 165 167 | 162 164 165 | 146 178 266 | 201 205 206 | 146 267 268 | 177 178 180 | 123 135 136 | 123 134 136 | 146 147 268 | 157 235 251 | 196 242 245 | 157 158 251 | 158 250 251 | 123 134 136 | 123 134 136 | 194 242 244 | 241 242 244 | 157 249 250 | 194 196 242 | 164 165 249 | 132 194 196 | 146 265 268 | 119 120 122 | 158 161 251 | 146 178 264 | 125 127 197 | 205 206 235 | 164 165 167 | 196 242 248 | 123 127 135 | 146 147 178 | 164 165 168 | 158 250 251 | 146 265 266 | 178 181 182 | 136 137 140 | 146 264 265 | 193 241 242 | 164 165 249 | 241 242 244 | 164 165 249 | 242 243 245 | 158 249 251 | 146 267 268 | 164 165 249 | 127 130 197 | 232 258 261 | 164 167 169 | 177 180 262 | 178 181 261 | 161 164 167 | 164 165 167 | 140 141 142 | 231 258 261 | 119 120 122 | 178 181 182 | 156 237 251 | 119 122 123 | 146 265 270 | 139 217 219 | 194 242 245 | 158 250 251 | 144 146 147 | 119 122 123 | 147 262 265 | 

FREQUENCIES
146: 26
164: 20
165: 19
242: 15
178: 15
249: 14
251: 13
403: 12
268: 12
123: 11
336: 11
266: 10
147: 10
265: 9
293: 9
136: 8
127: 8
440: 8
339: 8
341: 7
194: 7
167: 7
122: 6
379: 6
297: 6
377: 6
134: 6
119: 6
245: 6
290: 6
158: 6
206: 6
126: 5
400: 5
267: 5
303: 5
244: 5
248: 5
438: 5
180: 5
235: 5
261: 5
135: 4
401: 4
408: 4
262: 4
296: 4
419: 4
318: 4
205: 4
439: 4
250: 4
407: 4
181: 4
196: 4
130: 3
345: 3
284: 3
120: 3
299: 3
274: 3
141: 3
362: 3
305: 3
241: 3
243: 3
288: 3
182: 3
286: 3
157: 3
208: 3
264: 2
139: 2
346: 2
281: 2
282: 2
409: 2
410: 2
411: 2
412: 2
292: 2
291: 2
319: 2
193: 2
273: 2
442: 2
360: 2
443: 2
301: 2
380: 2
338: 2
258: 2
177: 2
197: 2
342: 2
343: 2
316: 2
168: 2
169: 2
229: 2
161: 2
201: 2
142: 2
140: 2
359: 2
217: 1
210: 1
211: 1
219: 1
132: 1
137: 1
344: 1
347: 1
283: 1
415: 1
313: 1
311: 1
317: 1
190: 1
270: 1
396: 1
277: 1
300: 1
309: 1
441: 1
444: 1
385: 1
436: 1
437: 1
434: 1
376: 1
335: 1
334: 1
337: 1
330: 1
144: 1
259: 1
179: 1
253: 1
312: 1
370: 1
226: 1
162: 1
156: 1
159: 1
279: 1
237: 1
231: 1
232: 1
322: 1
323: 1
320: 1
326: 1
327: 1
324: 1
325: 1
329: 1
203: 1
145: 1
263: 1
124: 1
125: 1
