D102m2.txt,0, | 277 281 298 | 201 208 226 | 124 127 211 | ,Score: 0

D106m3.txt,0, | 337 403 415 | 146 150 178 | 120 123 124 | ,Score: 0

D107m0.txt,0, | 318 322 325 | 123 127 208 | 146 178 266 | ,Score: 0

D110m2.txt,0, | 165 168 191 | 164 165 249 | 123 124 127 | ,Score: 0

D202m2.txt,0, | 124 126 207 | 325 331 401 | 380 418 421 | ,Score: 0

D203m5.txt,0, | 263 265 267 | 345 347 370 | 165 190 194 | ,Score: 0

D204m0.txt,0, | 157 165 249 | 143 177 224 | 281 290 297 | ,Score: 0

D206mR.txt,0, | 147 178 262 | 288 325 396 | 126 131 197 | ,Score: 0

D210m8.txt,0, | 401 403 419 | 177 262 267 | 314 317 321 | ,Score: 0

D214m3.txt,0, | 123 126 127 | 194 241 243 | 165 190 194 | ,Score: 0

D215m7.txt,0, | 201 208 226 | 293 296 318 | 177 182 261 | ,Score: 0

D216m1.txt,0, | 157 235 250 | 196 245 248 | 157 164 249 | ,Score: 0

D217m3.txt,0, | 178 261 265 | 291 313 318 | 282 290 297 | ,Score: 0

D218m7.txt,0, | 229 259 262 | 146 150 178 | 124 127 135 | ,Score: 0

D221m4.txt,0, | 229 259 261 | 130 134 219 | 396 400 419 | ,Score: 0

D222m6.txt,0, | 275 302 306 | 229 259 261 | 434 436 441 | ,Score: 0

D228m5.txt,0, | 163 165 167 | 157 163 250 | 157 235 250 | ,Score: 0

D229m1.txt,0, | 158 163 251 | 196 237 248 | 165 191 240 | ,Score: 0

D231m7.txt,0, | 148 179 261 | 363 387 391 | 178 261 264 | ,Score: 0

D239m5.txt,0, | 352 356 444 | 179 261 265 | 352 368 369 | ,Score: 0

D301m9.txt,0, | 285 290 443 | 401 403 419 | 347 370 450 | ,Score: 0

D302m1.txt,0, | 341 342 345 | 178 261 265 | 233 234 259 | ,Score: 0

D304m4.txt,0, | 169 194 219 | 183 259 262 | 275 281 283 | ,Score: 0

D305m1.txt,0, | 366 391 412 | 147 263 267 | 147 178 263 | ,Score: 0

D306m2.txt,0, | 145 178 267 | 130 196 241 | 135 139 212 | ,Score: 0

D307m2.txt,0, | 146 178 267 | 337 403 407 | 143 147 175 | ,Score: 0

D308m5.txt,0, | 126 130 197 | 296 301 307 | 178 262 267 | ,Score: 0

D310m9.txt,0, | 347 351 368 | 123 134 139 | 366 368 388 | ,Score: 0

D311m8.txt,0, | 278 284 294 | 330 336 403 | 293 296 313 | ,Score: 0

D312m9.txt,0, | 193 196 242 | 158 162 251 | 161 164 167 | ,Score: 0

D313m5.txt,0, | 146 178 267 | 435 440 443 | 388 411 415 | ,Score: 0

D314m8.txt,0, | 143 147 175 | 290 296 314 | 147 150 267 | ,Score: 0

D315m6.txt,0, | 286 290 293 | 201 203 233 | 267 271 273 | ,Score: 0

D317m4.txt,0, | 287 293 321 | 287 428 444 | 177 182 261 | ,Score: 0

D318m3.txt,0, | 123 126 208 | 400 403 419 | 336 408 409 | ,Score: 0

D319m6.txt,0, | 134 136 140 | 393 440 441 | 147 179 262 | ,Score: 0

D320m3.txt,0, | 201 237 251 | 130 197 241 | 157 164 249 | ,Score: 0

D321m1.txt,0, | 311 317 318 | 157 235 250 | 204 206 235 | ,Score: 0

D322m0.txt,0, | 274 279 301 | 327 333 402 | 342 346 375 | ,Score: 0

D323m1.txt,0, | 123 127 134 | 193 196 242 | 196 242 244 | ,Score: 0

D324m6.txt,0, | 157 237 250 | 193 196 242 | 157 164 249 | ,Score: 0

D325m0.txt,0, | 126 132 197 | 299 303 308 | 325 329 401 | ,Score: 0

D326m0.txt,0, | 120 124 208 | 178 262 267 | 124 127 199 | ,Score: 0

D327m7.txt,0, | 178 261 264 | 125 132 197 | 336 403 405 | ,Score: 0

D328m3.txt,0, | 146 265 268 | 400 403 418 | 388 407 410 | ,Score: 0

D330m1.txt,0, | 146 178 267 | 334 337 407 | 124 128 135 | ,Score: 0

D331m0.txt,0, | 359 360 362 | 159 162 251 | 126 131 196 | ,Score: 0

D332m4.txt,0, | 296 300 307 | 337 340 403 | 177 182 261 | ,Score: 0

D333m4.txt,0, | 124 132 138 | 147 262 267 | 333 336 403 | ,Score: 0

D403m6.txt,0, | 165 170 191 | 289 293 321 | 339 408 415 | ,Score: 0

D407m5.txt,0, | 181 229 262 | 335 339 403 | 146 178 266 | ,Score: 0

D408m8.txt,0, | 290 442 443 | 436 438 441 | 177 262 267 | ,Score: 0

D409m5.txt,0, | 396 403 419 | 134 137 140 | 147 265 268 | ,Score: 0

D410mR.txt,0, | 130 191 241 | 196 241 249 | 196 241 244 | ,Score: 0

D413m2.txt,0, | 164 249 252 | 194 243 245 | 201 235 251 | ,Score: 0

D414m2.txt,0, | 267 269 274 | 336 339 403 | 177 262 267 | ,Score: 0

D421m7.txt,0, | 196 241 248 | 296 299 307 | 201 208 226 | ,Score: 0

D428m7.txt,0, | 288 396 443 | 165 190 194 | 177 182 261 | ,Score: 0

D430mR.txt,0, | 146 178 266 | 228 259 262 | 343 378 380 | ,Score: 0

D431m9.txt,0, | 190 215 217 | 136 213 215 | 149 177 261 | ,Score: 0

D438m9.txt,0, | 146 178 179 | 181 229 262 | 290 296 297 | ,Score: 0

D450m5.txt,0, | 201 233 253 | 296 301 307 | 123 139 212 | ,Score: 0

D453m0.txt,0, | 438 440 442 | 146 178 265 | 281 293 297 | ,Score: 0

D459m2.txt,0, | 139 217 219 | 190 193 218 | 163 166 251 | ,Score: 0

D462m1.txt,0, | 293 297 314 | 387 388 411 | 333 337 403 | ,Score: 0

D464m0.txt,0, | 120 122 208 | 143 146 147 | 228 259 262 | ,Score: 0

