D102m2.txt,26, | 274 301 303 | 203 205 206 | 122 141 211 | ,Score: 46.4984

D106m3.txt,17, | 336 339 403 | 290 293 296 | 119 120 123 | ,Score: 26.3264

D107m0.txt,20, | 335 336 339 | 205 206 235 | 146 266 268 | ,Score: 38.0528

D110m2.txt,12, | 164 165 168 | 164 165 249 | 126 127 130 | ,Score: 34.4286

D202m2.txt,16, | 229 259 261 | 438 439 440 | 377 379 380 | ,Score: 32.352

D203m5.txt,20, | 146 265 267 | 344 345 346 | 193 194 242 | ,Score: 20.1823

D204m0.txt,15, | 164 165 249 | 119 122 210 | 273 274 277 | ,Score: 25.1454

D206mR.txt,17, | 146 147 178 | 320 325 327 | 126 127 208 | ,Score: 32.7717

D210m8.txt,15, | 400 403 419 | 145 147 268 | 296 297 311 | ,Score: 24.8003

D214m3.txt,9, | 123 126 127 | 242 243 244 | 164 165 167 | ,Score: 31.9617

D215m7.txt,21, | 206 208 226 | 293 296 297 | 146 178 179 | ,Score: 34.568

D216m1.txt,9, | 201 235 251 | 242 245 248 | 248 249 251 | ,Score: 33.3359

D217m3.txt,20, | 147 178 180 | 291 293 313 | 341 377 379 | ,Score: 27.279

D218m7.txt,18, | 182 229 262 | 400 401 419 | 123 134 136 | ,Score: 25.3003

D221m4.txt,21, | 146 265 266 | 126 127 130 | 279 282 297 | ,Score: 21.5987

D222m6.txt,21, | 299 303 309 | 134 135 136 | 336 339 403 | ,Score: 25.6775

D228m5.txt,12, | 194 242 245 | 164 165 249 | 235 249 251 | ,Score: 28.9098

D229m1.txt,12, | 164 165 249 | 248 249 251 | 242 245 248 | ,Score: 64.773

D231m7.txt,17, | 139 141 142 | 359 360 362 | 261 262 263 | ,Score: 35.0411

D239m5.txt,20, | 439 440 441 | 178 180 181 | 336 403 407 | ,Score: 44.2978

D301m9.txt,16, | 146 178 265 | 400 401 403 | 345 347 370 | ,Score: 24.5391

D302m1.txt,15, | 342 343 377 | 146 178 265 | 159 251 253 | ,Score: 23.5976

D304m4.txt,19, | 164 165 169 | 146 178 267 | 339 341 376 | ,Score: 24.7597

D305m1.txt,19, | 385 408 412 | 281 282 284 | 147 178 180 | ,Score: 22.262

D306m2.txt,18, | 146 266 268 | 164 165 167 | 124 127 135 | ,Score: 26.5458

D307m2.txt,17, | 146 147 268 | 336 403 407 | 165 190 194 | ,Score: 23.4505

D308m5.txt,21, | 126 206 208 | 281 291 297 | 146 266 268 | ,Score: 45.5613

D310m9.txt,21, | 343 345 346 | 123 134 136 | 292 316 318 | ,Score: 25.0888

D311m8.txt,19, | 299 303 305 | 330 336 403 | 293 296 297 | ,Score: 44.8243

D312m9.txt,15, | 242 243 244 | 164 165 249 | 164 165 167 | ,Score: 51.8349

D313m5.txt,19, | 146 266 267 | 362 443 444 | 410 411 412 | ,Score: 28.5426

D314m8.txt,18, | 162 164 165 | 290 317 318 | 146 178 266 | ,Score: 25.8169

D315m6.txt,15, | 286 290 293 | 201 205 206 | 146 267 268 | ,Score: 25.7891

D317m4.txt,22, | 290 292 293 | 336 403 407 | 177 178 180 | ,Score: 30.5386

D318m3.txt,15, | 123 135 136 | 400 403 419 | 408 409 411 | ,Score: 16.045

D319m6.txt,18, | 123 134 136 | 286 290 293 | 146 147 268 | ,Score: 23.4125

D320m3.txt,17, | 157 235 251 | 196 242 245 | 157 158 251 | ,Score: 48.4889

D321m1.txt,21, | 312 316 319 | 158 250 251 | 123 134 136 | ,Score: 41.9556

D322m0.txt,17, | 268 273 274 | 436 438 440 | 341 377 379 | ,Score: 26.7936

D323m1.txt,9, | 123 134 136 | 194 242 244 | 241 242 244 | ,Score: 28.5755

D324m6.txt,8, | 157 249 250 | 194 196 242 | 164 165 249 | ,Score: 26.0001

D325m0.txt,18, | 132 194 196 | 146 265 268 | 439 440 442 | ,Score: 35.0885

D326m0.txt,18, | 119 120 122 | 284 286 288 | 158 161 251 | ,Score: 28.4873

D327m7.txt,19, | 146 178 264 | 125 127 197 | 341 342 379 | ,Score: 25.4953

D328m3.txt,13, | 146 266 268 | 400 401 419 | 408 409 410 | ,Score: 29.2977

D330m1.txt,16, | 146 266 268 | 326 329 334 | 205 206 235 | ,Score: 31.5786

D331m0.txt,11, | 359 360 362 | 164 165 167 | 196 242 248 | ,Score: 23.3458

D332m4.txt,17, | 318 319 322 | 338 339 341 | 146 147 266 | ,Score: 25.9029

D333m4.txt,18, | 123 127 135 | 146 147 178 | 288 293 318 | ,Score: 36.7899

D403m6.txt,12, | 164 165 168 | 438 439 440 | 339 341 415 | ,Score: 24.9352

D407m5.txt,12, | 158 250 251 | 336 339 403 | 146 265 266 | ,Score: 27.5897

D408m8.txt,16, | 283 284 290 | 438 440 442 | 178 181 182 | ,Score: 28.047

D409m5.txt,17, | 341 377 379 | 136 137 140 | 146 264 265 | ,Score: 27.0176

D410mR.txt,9, | 193 241 242 | 164 165 249 | 241 242 244 | ,Score: 45.1804

D413m2.txt,13, | 164 165 249 | 242 243 245 | 158 249 251 | ,Score: 69.1741

D414m2.txt,18, | 146 267 268 | 396 401 403 | 164 165 249 | ,Score: 21.9546

D421m7.txt,19, | 127 130 197 | 301 303 305 | 232 258 261 | ,Score: 26.0188

D428m7.txt,19, | 288 323 324 | 164 167 169 | 177 180 262 | ,Score: 28.4782

D430mR.txt,15, | 178 181 261 | 161 164 167 | 377 379 380 | ,Score: 25.4856

D431m9.txt,17, | 164 165 167 | 140 141 142 | 231 258 261 | ,Score: 28.1583

D438m9.txt,13, | 119 120 122 | 178 181 182 | 434 440 443 | ,Score: 29.1794

D450m5.txt,19, | 156 237 251 | 299 303 305 | 119 122 123 | ,Score: 35.5726

D453m0.txt,14, | 336 337 338 | 146 265 270 | 293 297 300 | ,Score: 22.6774

D459m2.txt,11, | 139 217 219 | 194 242 245 | 158 250 251 | ,Score: 28.0754

D462m1.txt,16, | 144 146 147 | 437 438 440 | 336 339 403 | ,Score: 23.0615

D464m0.txt,19, | 119 122 123 | 147 262 265 | 336 407 408 | ,Score: 22.3737

