M = 336 339 403 
335 336 339 | 377 379 380 | 344 345 346 | 387 388 409 | 341 377 379 | 331 400 403 | 336 337 403 | 342 343 377 | 339 341 376 | 331 333 337 | 336 403 407 | 343 345 346 | 388 410 411 | 326 329 334 | 336 408 409 | 341 377 379 | 400 401 419 | 400 401 403 | 341 342 405 | 400 401 419 | 408 409 410 | 326 329 334 | 341 344 377 | 346 349 369 | 341 377 379 | 396 401 403 | 377 379 380 | 336 337 338 | 336 407 408 | 

M = 288 293 318 
274 301 303 | 290 293 296 | 305 307 311 | 438 439 440 | 438 439 440 | 288 292 320 | 324 325 401 | 293 296 297 | 357 358 359 | 291 293 313 | 279 282 297 | 299 303 309 | 359 360 362 | 315 318 320 | 439 440 441 | 293 296 300 | 435 438 440 | 291 296 297 | 292 316 318 | 293 296 313 | 281 284 290 | 286 290 293 | 287 321 324 | 286 290 293 | 312 316 319 | 312 313 316 | 439 440 442 | 318 319 322 | 290 442 444 | 301 303 305 | 288 323 324 | 361 363 444 | 312 318 319 | 312 317 318 | 279 296 297 | 434 440 443 | 299 303 305 | 293 297 300 | 354 357 359 | 437 438 440 | 

M = 123 208 224 
158 235 251 | 122 141 211 | 146 265 268 | 120 123 208 | 164 165 168 | 164 165 249 | 126 127 130 | 229 259 261 | 140 217 219 | 267 273 274 | 164 165 249 | 122 123 208 | 145 147 268 | 237 248 249 | 242 243 244 | 194 242 243 | 123 126 127 | 206 208 226 | 146 178 179 | 201 235 251 | 242 245 248 | 147 178 180 | 259 261 262 | 119 122 123 | 123 134 136 | 261 264 265 | 126 127 130 | 134 135 136 | 159 163 251 | 194 242 245 | 157 163 164 | 158 159 251 | 165 248 249 | 242 245 248 | 178 181 261 | 178 180 181 | 178 261 265 | 136 140 215 | 178 261 265 | 164 165 169 | 146 178 267 | 147 178 180 | 146 266 268 | 164 165 167 | 124 135 212 | 190 193 218 | 177 261 262 | 146 266 268 | 126 206 208 | 123 134 136 | 146 267 268 | 158 235 251 | 242 243 244 | 194 242 243 | 164 165 167 | 146 266 267 | 161 164 167 | 147 178 180 | 201 205 206 | 146 267 268 | 122 123 208 | 177 178 180 | 258 259 261 | 123 135 136 | 123 126 127 | 146 147 268 | 157 235 251 | 196 242 245 | 157 158 251 | 158 250 251 | 268 273 274 | 235 250 251 | 194 242 244 | 196 242 244 | 193 241 242 | 194 196 242 | 164 165 249 | 130 194 219 | 132 194 196 | 146 265 268 | 146 178 265 | 126 127 208 | 146 178 264 | 146 266 268 | 146 266 268 | 205 206 235 | 194 242 243 | 164 165 167 | 123 126 127 | 147 178 266 | 137 139 142 | 123 127 135 | 146 147 178 | 266 267 268 | 164 165 168 | 146 265 266 | 146 265 266 | 178 182 261 | 136 137 140 | 146 264 265 | 130 193 219 | 164 165 249 | 241 242 244 | 158 249 251 | 242 243 245 | 164 165 249 | 146 267 268 | 164 165 249 | 232 258 261 | 127 130 197 | 177 180 262 | 178 181 261 | 142 143 146 | 205 206 208 | 119 120 122 | 156 237 251 | 119 122 124 | 146 265 270 | 194 242 245 | 158 250 251 | 144 146 147 | 147 180 262 | 119 122 123 | 

FREQUENCIES
146: 22
242: 16
178: 16
164: 14
165: 13
123: 13
268: 13
251: 12
261: 11
265: 10
336: 10
403: 9
266: 9
293: 9
194: 9
249: 9
147: 9
127: 8
208: 8
122: 7
267: 7
126: 7
377: 7
440: 7
180: 7
158: 7
136: 6
341: 6
296: 6
318: 6
245: 6
243: 6
339: 6
235: 6
130: 5
401: 5
379: 5
297: 5
244: 5
290: 5
206: 5
135: 4
167: 4
400: 4
262: 4
119: 4
303: 4
248: 4
438: 4
439: 4
312: 4
196: 4
219: 3
288: 3
346: 3
409: 3
264: 3
319: 3
313: 3
134: 3
274: 3
305: 3
337: 3
259: 3
177: 3
250: 3
193: 3
181: 3
316: 3
408: 3
157: 3
324: 3
205: 3
140: 3
359: 3
137: 2
344: 2
286: 2
120: 2
410: 2
299: 2
292: 2
291: 2
201: 2
273: 2
279: 2
442: 2
300: 2
301: 2
241: 2
388: 2
444: 2
380: 2
419: 2
334: 2
331: 2
258: 2
407: 2
345: 2
342: 2
343: 2
142: 2
168: 2
163: 2
159: 2
237: 2
320: 2
326: 2
329: 2
357: 2
124: 2
217: 1
215: 1
212: 1
211: 1
218: 1
132: 1
139: 1
281: 1
282: 1
284: 1
369: 1
411: 1
311: 1
317: 1
190: 1
315: 1
270: 1
396: 1
141: 1
443: 1
362: 1
363: 1
360: 1
361: 1
309: 1
441: 1
307: 1
437: 1
434: 1
376: 1
338: 1
335: 1
333: 1
179: 1
405: 1
182: 1
197: 1
169: 1
229: 1
226: 1
224: 1
161: 1
387: 1
349: 1
287: 1
156: 1
232: 1
322: 1
323: 1
321: 1
325: 1
144: 1
145: 1
143: 1
435: 1
354: 1
358: 1
