D102m2.txt,0, | 277 281 298 | 197 239 249 | 125 206 208 | ,Score: 0

D106m3.txt,0, | 337 403 415 | 177 261 265 | 150 268 273 | ,Score: 0

D107m0.txt,0, | 296 311 318 | 333 336 403 | 123 127 208 | ,Score: 0

D110m2.txt,0, | 165 168 191 | 164 165 249 | 123 124 127 | ,Score: 0

D202m2.txt,0, | 124 126 207 | 325 331 401 | 380 418 421 | ,Score: 0

D203m5.txt,0, | 165 190 194 | 345 346 375 | 346 349 370 | ,Score: 0

D204m0.txt,0, | 199 235 251 | 143 146 177 | 157 164 249 | ,Score: 0

D206mR.txt,0, | 366 389 391 | 288 325 396 | 124 128 135 | ,Score: 0

D210m8.txt,0, | 288 314 321 | 148 262 266 | 157 237 249 | ,Score: 0

D214m3.txt,0, | 241 243 244 | 194 242 243 | 165 190 194 | ,Score: 0

D215m7.txt,0, | 201 208 226 | 293 296 318 | 177 182 261 | ,Score: 0

D216m1.txt,0, | 201 235 251 | 157 164 249 | 357 359 360 | ,Score: 0

D217m3.txt,0, | 178 261 265 | 291 313 318 | 282 290 296 | ,Score: 0

D218m7.txt,0, | 146 150 178 | 123 127 208 | 123 127 135 | ,Score: 0

D221m4.txt,0, | 229 259 261 | 145 265 267 | 130 134 219 | ,Score: 0

D222m6.txt,0, | 229 259 261 | 275 302 306 | 434 436 441 | ,Score: 0

D228m5.txt,0, | 157 235 250 | 163 165 249 | 157 163 250 | ,Score: 0

D229m1.txt,0, | 158 235 251 | 157 164 249 | 165 191 240 | ,Score: 0

D231m7.txt,0, | 148 179 261 | 363 368 388 | 316 319 323 | ,Score: 0

D239m5.txt,0, | 179 261 265 | 352 368 369 | 281 293 297 | ,Score: 0

D301m9.txt,0, | 435 440 443 | 146 178 265 | 123 127 208 | ,Score: 0

D302m1.txt,0, | 341 342 345 | 146 178 265 | 229 259 262 | ,Score: 0

D304m4.txt,0, | 169 194 219 | 183 259 262 | 275 281 283 | ,Score: 0

D305m1.txt,0, | 385 388 408 | 391 440 443 | 147 178 263 | ,Score: 0

D306m2.txt,0, | 145 178 267 | 134 138 139 | 122 138 143 | ,Score: 0

D307m2.txt,0, | 337 403 407 | 143 147 175 | 177 182 261 | ,Score: 0

D308m5.txt,0, | 296 299 314 | 297 302 307 | 201 208 226 | ,Score: 0

D310m9.txt,0, | 366 369 387 | 123 134 139 | 288 293 318 | ,Score: 0

D311m8.txt,0, | 280 286 294 | 168 172 190 | 165 190 194 | ,Score: 0

D312m9.txt,0, | 242 243 245 | 193 196 242 | 157 164 249 | ,Score: 0

D313m5.txt,0, | 146 178 267 | 162 164 167 | 388 411 415 | ,Score: 0

D314m8.txt,0, | 143 147 175 | 281 290 296 | 293 313 318 | ,Score: 0

D315m6.txt,0, | 286 290 293 | 201 203 233 | 267 271 273 | ,Score: 0

D317m4.txt,0, | 123 126 208 | 177 182 261 | 287 293 321 | ,Score: 0

D318m3.txt,0, | 336 340 403 | 123 126 208 | 124 127 135 | ,Score: 0

D319m6.txt,0, | 393 440 441 | 179 182 262 | 146 178 266 | ,Score: 0

D320m3.txt,0, | 201 237 251 | 130 197 241 | 157 164 249 | ,Score: 0

D321m1.txt,0, | 311 316 318 | 282 313 317 | 157 235 237 | ,Score: 0

D322m0.txt,0, | 279 298 306 | 190 216 218 | 327 333 402 | ,Score: 0

D323m1.txt,0, | 194 242 244 | 196 242 248 | 193 196 242 | ,Score: 0

D324m6.txt,0, | 193 196 242 | 157 164 249 | 134 193 219 | ,Score: 0

D325m0.txt,0, | 126 132 197 | 299 303 308 | 325 329 401 | ,Score: 0

D326m0.txt,0, | 178 262 267 | 124 127 199 | 336 405 408 | ,Score: 0

D327m7.txt,0, | 125 132 197 | 336 403 405 | 341 376 405 | ,Score: 0

D328m3.txt,0, | 337 403 407 | 146 265 268 | 388 408 411 | ,Score: 0

D330m1.txt,0, | 146 178 267 | 334 337 407 | 124 128 135 | ,Score: 0

D331m0.txt,0, | 193 196 242 | 159 162 251 | 123 127 135 | ,Score: 0

D332m4.txt,0, | 182 230 262 | 293 296 299 | 177 182 261 | ,Score: 0

D333m4.txt,0, | 124 132 138 | 147 262 267 | 333 336 403 | ,Score: 0

D403m6.txt,0, | 147 178 267 | 289 290 443 | 169 191 220 | ,Score: 0

D407m5.txt,0, | 331 336 403 | 178 261 265 | 346 349 369 | ,Score: 0

D408m8.txt,0, | 147 178 266 | 177 182 261 | 434 440 443 | ,Score: 0

D409m5.txt,0, | 134 137 140 | 267 269 273 | 147 178 265 | ,Score: 0

D410mR.txt,0, | 191 193 196 | 157 164 249 | 193 197 241 | ,Score: 0

D413m2.txt,0, | 201 235 251 | 194 243 245 | 164 249 252 | ,Score: 0

D414m2.txt,0, | 267 269 274 | 336 339 403 | 177 262 267 | ,Score: 0

D421m7.txt,0, | 296 299 307 | 203 232 235 | 123 127 208 | ,Score: 0

D428m7.txt,0, | 288 324 396 | 177 182 261 | 433 440 443 | ,Score: 0

D430mR.txt,0, | 178 261 265 | 146 265 268 | 343 378 380 | ,Score: 0

D431m9.txt,0, | 136 213 215 | 228 232 261 | 149 172 274 | ,Score: 0

D438m9.txt,0, | 178 182 229 | 279 299 306 | 290 292 297 | ,Score: 0

D450m5.txt,0, | 157 235 237 | 296 301 307 | 232 258 261 | ,Score: 0

D453m0.txt,0, | 146 178 265 | 438 441 442 | 281 293 297 | ,Score: 0

D459m2.txt,0, | 354 356 359 | 190 193 218 | 163 166 251 | ,Score: 0

D462m1.txt,0, | 293 297 314 | 387 388 411 | 333 337 403 | ,Score: 0

D464m0.txt,0, | 146 178 267 | 122 141 143 | 228 259 262 | ,Score: 0

