456mALA: 02,05,06,07,08,17,27|7|3.6689
401mGLN: 03,09,10,11,15,25|6|2.027
401mTHR: 03,09,10,11,15,25|6|3.088
419mASP: 02,03,09,11,15,25|6|2.3409
400mSER: 03,09,10,11,15,25|6|1.7394
401mLEU: 03,09,10,11,15,25|6|2.9663
377mSER: 00,02,09,10,11,25|6|4.2002
419mPHE: 02,03,09,11,15,25|6|1.5187
401mGLY: 03,09,10,11,15,25|6|3.9861
379mSER: 00,02,09,11,15,25|6|1.8802
401mPHE: 03,09,10,11,15,25|6|1.0803
419mSER: 02,03,09,11,15,25|6|3.6085
401mMET: 03,09,10,11,15,25|6|3.0369
419mALA: 02,03,09,11,15,25|6|4.6532
401mASP: 03,09,10,11,15,25|6|1.9758
401mASN: 03,09,10,11,15,25|6|2.1348
400mGLY: 03,09,10,11,15,25|6|2.5551
419mVAL: 02,03,09,11,15,25|6|2.306
419mLYS: 02,03,09,11,15,25|6|2.6407
379mGLY: 00,02,09,11,15,25|6|2.5072
401mGLU: 03,09,10,11,15,25|6|3.5857
400mGLU: 03,09,10,11,15,25|6|2.9303
401mSER: 03,09,10,11,15,25|6|3.4807
401mALA: 03,09,10,11,15,25|6|3.4957
419mGLY: 02,03,09,11,15,25|6|4.0636
379mHIS: 00,02,09,11,15,25|6|2.4372
419mILE: 02,03,09,11,15,25|6|2.8006
377mGLY: 00,02,09,10,11,25|6|4.2729
377mHIS: 00,02,09,10,11,25|6|2.3966
401mLYS: 03,09,10,11,15,25|6|1.8239
401mVAL: 03,09,10,11,15,25|6|1.917
401mHIS: 03,09,10,11,15,25|6|3.3086
401mILE: 03,09,10,11,15,25|6|2.0726
419mLEU: 02,03,09,11,15,25|6|3.326
419mGLU: 02,03,09,11,15,25|6|3.9607
403mLEU: 00,09,10,11,25|5|3.3241
349mGLY: 02,06,08,17,27|5|1.8593
403mPHE: 00,09,10,11,25|5|1.2762
403mALA: 00,09,10,11,25|5|3.6517
339mALA: 00,09,10,11,25|5|6.5249
403mLYS: 00,09,10,11,25|5|2.7818
451mGLY: 05,06,08,17,27|5|1.5877
403mILE: 00,09,10,11,25|5|2.1148
339mSER: 00,09,10,11,25|5|7.0189
339mHIS: 00,09,10,11,25|5|5.8436
343mGLY: 00,02,11,17,25|5|1.2237
339mILE: 00,09,10,11,25|5|3.2376
403mHIS: 00,09,10,11,25|5|3.7118
403mCYS: 00,09,10,11,25|5|2.0148
339mGLY: 00,09,10,11,25|5|7.3297
349mGLU: 02,06,08,17,27|5|1.3256
339mPHE: 00,09,10,11,25|5|2.2647
403mGLU: 00,09,10,11,25|5|4.1972
339mGLN: 00,09,10,11,25|5|2.4957
403mSER: 00,09,10,11,25|5|4.1848
343mSER: 00,02,11,17,25|5|1.0254
339mASP: 00,09,10,11,25|5|4.2893
339mLEU: 00,09,10,11,25|5|5.1507
339mTHR: 00,09,10,11,25|5|5.4918
339mASN: 00,09,10,11,25|5|4.038
403mASP: 00,09,10,11,25|5|1.5099
339mLYS: 00,09,10,11,25|5|5.1273
403mVAL: 00,09,10,11,25|5|2.7664
403mMET: 00,09,10,11,25|5|3.3416
339mVAL: 00,09,10,11,25|5|4.8838
403mGLY: 00,09,10,11,25|5|4.3573
339mGLU: 00,09,10,11,25|5|8.4874
451mSER: 05,06,08,17,27|5|1.455
339mMET: 00,09,10,11,25|5|3.7506
426mGLY: 02,03,07,09,15|5|1.4309
451mGLU: 05,06,08,17,27|5|1.1243
349mSER: 02,06,08,17,27|5|1.629
450mGLY: 02,06,07,08|4|1.8228
421mALA: 02,03,09,15|4|1.6477
358mGLY: 05,07,08,27|4|1.0053
453mHIS: 02,06,07,15|4|1.6488
450mHIS: 02,06,07,08|4|1.8033
450mLEU: 02,06,07,08|4|1.0723
450mALA: 02,06,07,08|4|1.0636
453mMET: 02,06,07,15|4|1.2146
453mGLU: 02,06,07,15|4|1.4772
341mGLY: 00,10,11,25|4|1.547
450mSER: 02,06,07,08|4|1.6124
341mILE: 00,10,11,25|4|1.4677
341mALA: 00,10,11,25|4|2.4566
453mSER: 02,06,07,15|4|1.4428
418mALA: 03,09,15,25|4|1.1079
450mGLU: 02,06,07,08|4|1.3509
453mTHR: 02,06,07,15|4|1.1588
453mGLY: 02,06,07,15|4|1.4885
346mHIS: 02,08,17,27|4|1.1806
344mASN: 00,02,17|3|1.1711
420mLEU: 02,09,15|3|1.0895
430mGLU: 03,09,15|3|1.2177
344mGLU: 00,02,17|3|1.3955
420mILE: 02,09,15|3|1.2009
347mGLY: 08,17,27|3|1.5645
370mLEU: 08,17,27|3|2.2021
351mHIS: 08,17,27|3|1.0468
344mTHR: 00,02,17|3|1.2713
420mVAL: 02,09,15|3|1.1022
420mALA: 02,09,15|3|1.4862
417mHIS: 10,11,25|3|1.0038
370mMET: 08,17,27|3|2.4835
370mASP: 08,17,27|3|1.9142
370mGLU: 08,17,27|3|3.7237
428mGLU: 03,09,15|3|1.6685
430mGLY: 03,09,15|3|1.4465
394mSER: 03,10,15|3|1.026
370mILE: 08,17,27|3|2.0415
430mMET: 03,09,15|3|1.4372
420mSER: 02,09,15|3|1.2066
394mHIS: 03,10,15|3|1.5224
344mMET: 00,02,17|3|1.6915
370mHIS: 08,17,27|3|3.5301
428mMET: 03,09,15|3|1.3239
370mALA: 08,17,27|3|3.0981
370mVAL: 08,17,27|3|2.1037
370mGLY: 08,17,27|3|4.1826
428mHIS: 03,09,15|3|1.5841
428mSER: 03,09,15|3|1.5889
370mASN: 08,17,27|3|2.8907
370mTRP: 08,17,27|3|1.2115
420mLYS: 02,09,15|3|1.0426
428mASN: 03,09,15|3|1.2099
430mTHR: 03,09,15|3|1.1483
370mSER: 08,17,27|3|3.9471
430mSER: 03,09,15|3|1.3351
344mGLY: 00,02,17|3|1.834
370mGLN: 08,17,27|3|1.6151
420mGLY: 02,09,15|3|1.4328
370mTHR: 08,17,27|3|2.606
454mHIS: 05,07,27|3|1.1667
420mHIS: 02,09,15|3|1.0427
394mGLY: 03,10,15|3|1.1388
428mTHR: 03,09,15|3|1.4389
370mLYS: 08,17,27|3|2.8998
394mMET: 03,10,15|3|1.2872
428mGLY: 03,09,15|3|1.5514
370mCYS: 08,17,27|3|2.1995
344mHIS: 00,02,17|3|2.2116
430mHIS: 03,09,15|3|1.67
347mGLU: 08,17,27|3|2.1297
347mSER: 08,17,27|3|1.5085
344mSER: 00,02,17|3|1.7299
359mALA: 05,08|2|2.6419
359mSER: 05,08|2|1.2282
342mCYS: 10,25|2|1.3426
359mTHR: 05,08|2|1.396
359mGLU: 05,08|2|1.2519
359mLYS: 05,08|2|1.7378
359mCYS: 05,08|2|1.8357
359mLEU: 05,08|2|1.3233
407mHIS: 10,25|2|1.0083
359mGLY: 05,08|2|1.671
362mCYS: 05|1|1.6997
389mHIS: 10|1|1.0858
