265 266 
149 265 
262 265 
178 265 
147 265 
149 266 
262 266 
178 266 
147 266 
149 150 
150 173 
150 152 
150 258 
150 178 
147 150 
150 153 
150 175 
150 171 
149 173 
149 262 
149 152 
149 178 
147 149 
149 175 
162 167 
167 173 
164 167 
152 167 
156 167 
165 167 
153 167 
167 171 
162 164 
156 162 
159 162 
162 165 
153 162 
229 262 
178 229 
229 259 
229 232 
182 229 
152 173 
153 173 
173 175 
171 173 
156 164 
164 165 
178 262 
147 262 
259 262 
175 262 
182 262 
152 258 
152 259 
152 153 
152 175 
152 232 
152 171 
258 259 
153 258 
232 258 
147 178 
175 178 
178 182 
147 175 
156 250 
156 159 
156 165 
153 156 
153 259 
232 259 
247 250 
248 250 
197 250 
165 247 
165 248 
204 205 
127 196 
126 127 
127 197 
123 127 
124 127 
153 175 
153 232 
153 171 
196 247 
196 248 
126 196 
196 197 
196 244 
171 175 
247 248 
197 247 
244 247 
197 248 
126 197 
123 126 
124 126 
123 124 
171 219 
