152 258 
150 258 
257 258 
233 258 
151 258 
258 259 
258 261 
150 152 
152 257 
149 152 
152 173 
152 233 
151 152 
152 172 
152 259 
152 175 
152 171 
150 257 
149 150 
150 173 
150 151 
150 172 
150 175 
150 171 
173 257 
233 257 
151 257 
172 257 
257 259 
175 257 
149 265 
149 266 
149 173 
149 263 
149 151 
144 149 
149 172 
149 175 
149 261 
149 262 
265 266 
263 265 
261 265 
262 265 
263 266 
262 266 
135 136 
134 136 
123 136 
136 139 
136 137 
151 173 
173 175 
171 173 
162 164 
162 253 
162 165 
203 233 
203 253 
203 204 
203 228 
203 235 
143 144 
143 175 
139 143 
164 169 
164 165 
259 263 
261 263 
262 263 
127 135 
128 135 
130 135 
134 135 
123 135 
135 139 
124 135 
135 137 
151 233 
233 253 
233 259 
228 233 
233 235 
151 172 
151 259 
151 175 
151 261 
151 171 
151 262 
235 253 
144 175 
169 172 
172 175 
172 190 
171 172 
259 261 
228 259 
259 262 
165 169 
169 190 
169 171 
169 218 
169 219 
127 128 
127 196 
127 130 
127 134 
123 127 
126 127 
124 127 
127 197 
127 208 
165 190 
128 196 
128 130 
128 134 
126 128 
124 128 
128 197 
130 196 
126 196 
196 197 
130 134 
130 190 
126 130 
130 219 
130 197 
204 235 
175 261 
171 175 
175 262 
123 134 
134 139 
134 219 
134 137 
171 190 
190 218 
190 219 
190 217 
123 139 
119 123 
120 123 
123 126 
123 124 
123 137 
123 208 
228 261 
261 262 
139 218 
139 219 
137 139 
139 217 
228 262 
119 120 
119 124 
171 218 
171 219 
120 124 
120 208 
124 126 
126 197 
126 208 
218 219 
217 218 
124 208 
217 219 
