119 120 210 
119 120 122 
119 120 124 
119 120 123 
119 122 210 
119 124 210 
119 123 210 
119 122 124 
119 122 123 
119 123 124 
120 208 210 
120 122 210 
120 124 210 
120 123 210 
120 122 208 
120 124 208 
120 123 208 
120 122 124 
120 122 123 
120 123 124 
146 265 266 
178 265 266 
262 265 266 
265 266 268 
264 265 266 
265 266 267 
146 178 265 
146 177 265 
146 265 268 
146 264 265 
146 265 267 
177 178 265 
178 261 265 
178 262 265 
178 264 265 
178 265 267 
177 261 265 
177 262 265 
177 264 265 
177 265 267 
261 262 265 
261 264 265 
262 264 265 
262 265 267 
264 265 268 
265 267 268 
264 265 267 
146 178 266 
146 266 268 
146 264 266 
146 266 267 
178 262 266 
178 264 266 
178 266 267 
262 264 266 
262 266 267 
264 266 268 
266 267 268 
266 268 272 
264 266 267 
266 267 272 
146 177 178 
146 178 264 
146 178 267 
146 177 264 
146 177 267 
146 264 268 
146 267 268 
146 264 267 
122 208 210 
124 208 210 
126 208 210 
127 208 210 
123 208 210 
199 208 210 
125 208 210 
122 124 210 
122 123 210 
122 125 210 
124 126 210 
124 127 210 
123 124 210 
124 199 210 
124 125 210 
126 127 210 
123 126 210 
126 199 210 
125 126 210 
123 127 210 
127 199 210 
125 127 210 
123 125 210 
125 199 210 
178 182 229 
177 178 182 
178 182 261 
178 182 262 
182 229 261 
182 229 262 
182 228 229 
177 182 261 
177 182 262 
182 261 262 
182 228 261 
182 228 262 
178 229 261 
178 229 262 
177 178 261 
177 178 262 
177 178 264 
177 178 267 
178 261 262 
178 261 264 
178 262 264 
178 262 267 
178 264 267 
122 124 208 
122 123 208 
122 125 208 
124 126 208 
124 127 208 
123 124 208 
124 199 208 
124 125 208 
126 127 208 
123 126 208 
126 199 208 
125 126 208 
199 205 208 
123 127 208 
127 199 208 
125 127 208 
123 125 208 
125 199 208 
229 261 262 
228 229 261 
229 259 261 
228 229 262 
229 259 262 
228 229 259 
177 261 262 
177 261 264 
177 262 264 
177 262 267 
177 264 267 
261 262 264 
228 261 262 
259 261 262 
228 259 261 
258 259 261 
262 264 267 
228 259 262 
400 401 419 
398 400 401 
398 401 419 
283 286 288 
284 286 288 
283 284 286 
284 286 356 
284 286 355 
286 355 356 
398 400 419 
264 267 268 
267 268 272 
267 268 274 
268 272 274 
310 312 316 
122 123 124 
122 124 135 
122 124 125 
122 123 135 
122 123 125 
122 125 135 
124 126 127 
123 124 126 
124 126 199 
124 125 126 
123 124 127 
124 127 199 
124 127 135 
124 125 127 
123 124 135 
123 124 125 
124 125 199 
124 125 135 
267 272 274 
123 126 127 
126 127 199 
126 127 197 
125 126 127 
123 125 126 
126 197 199 
125 126 199 
125 126 197 
199 205 235 
272 274 303 
123 127 135 
123 125 127 
127 197 199 
125 127 199 
125 127 135 
125 127 197 
398 419 421 
283 284 288 
341 376 377 
158 159 251 
158 159 161 
156 158 159 
158 235 251 
158 161 251 
156 158 251 
156 158 235 
156 158 161 
303 305 310 
398 421 426 
159 161 251 
156 159 251 
156 159 161 
284 355 356 
123 125 135 
335 337 339 
337 339 341 
336 337 339 
337 339 405 
337 339 408 
335 336 339 
335 339 405 
339 341 376 
339 376 405 
339 341 405 
336 339 405 
336 339 408 
339 405 408 
199 235 251 
156 235 251 
156 161 251 
335 336 337 
335 337 405 
337 341 405 
336 337 405 
336 337 408 
337 405 408 
335 336 405 
341 376 405 
125 197 199 
336 405 408 
