438mGLU: 09,15,18|3|1.7281
438mASN: 09,15,18|3|1.2291
438mHIS: 09,15,18|3|1.0202
438mSER: 09,15,18|3|1.2945
438mLYS: 09,15,18|3|1.0441
440mGLU: 09,18|2|1.2092
280mASP: 09,18|2|1.4073
293mCYS: 09,18|2|3.8342
293mGLN: 09,18|2|1.4701
293mPRO: 09,18|2|1.7984
362mGLY: 09,18|2|1.0844
293mLEU: 09,18|2|1.6075
293mGLY: 09,18|2|1.4713
281mASP: 09,18|2|1.9048
164mGLU: 09,18|2|1.8975
362mALA: 09,18|2|2.1074
297mGLU: 09,18|2|1.2693
362mCYS: 09,18|2|2.5385
440mSER: 09,18|2|1.0443
293mPHE: 09,18|2|1.9536
362mGLU: 09,18|2|2.3621
293mGLU: 09,18|2|3.3643
293mASP: 09,18|2|2.1939
190mCYS: 09,18|2|1.4102
190mALA: 09,18|2|1.2462
293mTHR: 09,18|2|2.5107
362mSER: 09,18|2|1.08
293mLYS: 09,18|2|1.2508
293mSER: 09,18|2|1.3921
293mALA: 09,18|2|2.2666
281mLYS: 09,18|2|1.0659
293mASN: 09,18|2|1.8471
281mGLU: 09,18|2|1.0512
293mVAL: 09,18|2|2.089
362mTHR: 09,18|2|1.4787
440mHIS: 09,18|2|1.0407
293mILE: 09,18|2|2.009
362mASP: 09,18|2|2.1587
167mASN: 18|1|1.2616
296mGLU: 09|1|1.0673
434mTHR: 15|1|1.1017
407mGLU: 15|1|1.0255
390mALA: 15|1|1.2966
167mGLU: 18|1|2.2379
167mLYS: 18|1|1.1499
167mPRO: 18|1|1.2217
167mALA: 18|1|1.6343
167mTHR: 18|1|1.64
167mPHE: 18|1|1.212
390mCYS: 15|1|1.0719
318mCYS: 09|1|1.0415
333mCYS: 15|1|1.5759
434mCYS: 15|1|2.3364
167mASP: 18|1|1.5243
391mGLU: 15|1|1.1264
167mCYS: 18|1|2.8747
434mALA: 15|1|1.096
334mCYS: 15|1|1.4685
436mGLU: 15|1|1.0144
296mCYS: 09|1|1.03
167mGLY: 18|1|1.0318
167mVAL: 18|1|1.4386
334mGLU: 15|1|1.1285
290mCYS: 09|1|1.5727
167mILE: 18|1|1.3191
434mGLU: 15|1|1.6996
290mGLU: 09|1|1.1463
329mCYS: 15|1|1.286
