440mGLU: 01,18,28|3|2.1414
440mSER: 01,18,28|3|1.9818
440mLYS: 01,18,28|3|2.2893
440mILE: 01,18,28|3|1.2606
440mTHR: 01,18,28|3|1.7642
438mLYS: 01,18,28|3|1.2855
290mALA: 01,18,28|3|1.3962
438mSER: 01,18,28|3|1.579
440mGLY: 01,18,28|3|2.0265
440mHIS: 01,18,28|3|1.1394
440mLEU: 01,18,28|3|1.3346
440mCYS: 01,18,28|3|1.6022
438mGLU: 01,18,28|3|2.4766
290mLYS: 01,18,28|3|1.4657
438mALA: 01,18,28|3|2.8078
438mASP: 01,18,28|3|2.4416
438mGLY: 01,18,28|3|1.9636
440mASP: 01,18,28|3|1.1093
290mGLY: 01,18,28|3|1.1209
440mALA: 01,18,28|3|2.9591
164mASN: 18,28|2|1.0418
168mASN: 18,28|2|1.3475
285mGLU: 18,28|2|1.1214
285mASP: 18,28|2|1.4756
439mLYS: 01,26|2|1.1989
357mALA: 18,28|2|1.2461
437mGLY: 01,28|2|1.0815
167mGLU: 18,28|2|1.2446
437mALA: 01,28|2|1.1964
359mALA: 18,28|2|1.9715
441mALA: 01,26|2|1.5132
435mASP: 18,28|2|1.0373
435mALA: 18,28|2|1.0277
167mSER: 18,28|2|1.0296
165mGLU: 18,28|2|1.6024
167mLYS: 18,28|2|1.1504
443mALA: 01,18|2|1.3559
167mCYS: 18,28|2|1.8016
437mASP: 01,28|2|1.0619
167mASP: 18,28|2|1.1514
164mCYS: 18,28|2|1.0112
441mGLY: 01,26|2|1.0044
167mALA: 18,28|2|1.6376
164mLYS: 18,28|2|1.3684
164mGLU: 18,28|2|1.8331
165mASN: 18,28|2|1.3945
168mSER: 18,28|2|1.0576
358mLYS: 18,28|2|1.4689
165mLYS: 18,28|2|1.244
165mSER: 18,28|2|1.1367
359mLYS: 18,28|2|1.3343
358mALA: 18,28|2|1.8063
354mALA: 18,28|2|1.1559
168mGLU: 18,28|2|1.6887
356mGLU: 18|1|1.5032
356mTHR: 18|1|1.701
356mASN: 18|1|2.0615
334mALA: 26|1|1.1119
334mCYS: 26|1|1.1237
356mGLY: 18|1|1.5156
356mASP: 18|1|2.1357
356mPRO: 18|1|1.2512
334mGLU: 26|1|1.0124
444mALA: 18|1|1.2549
390mGLU: 26|1|1.0913
444mCYS: 18|1|1.7088
356mLYS: 18|1|2.0076
