440mGLU: 02,03,05,07,08,13,14,17,18,20,21,28|12|6.5847
370mLEU: 01,04,07,09,11,13,15,20,24,25,27,29|12|8.1405
438mTHR: 02,03,05,07,13,14,17,18,19,20,21,28|12|4.6377
438mGLU: 02,03,05,07,13,14,17,18,19,20,21,28|12|5.5836
411mSER: 01,02,07,11,13,14,15,19,20,23,24,29|12|4.6646
412mGLY: 01,02,07,11,13,14,15,19,20,23,24,29|12|2.9748
370mMET: 01,04,07,09,11,13,15,20,24,25,27,29|12|9.2236
370mASP: 01,04,07,09,11,13,15,20,24,25,27,29|12|6.0424
370mGLU: 01,04,07,09,11,13,15,20,24,25,27,29|12|9.8904
370mTHR: 01,04,07,09,11,13,15,20,24,25,27,29|12|8.5372
370mPHE: 01,04,07,09,11,13,15,20,24,25,27,29|12|3.6927
438mHIS: 02,03,05,07,13,14,17,18,19,20,21,28|12|5.924
411mGLY: 01,02,07,11,13,14,15,19,20,23,24,29|12|5.3689
440mALA: 02,03,05,07,08,13,14,17,18,20,21,28|12|5.3178
370mHIS: 01,04,07,09,11,13,15,20,24,25,27,29|12|10.2769
370mALA: 01,04,07,09,11,13,15,20,24,25,27,29|12|8.9069
370mGLY: 01,04,07,09,11,13,15,20,24,25,27,29|12|10.33
362mHIS: 03,04,07,08,13,14,15,17,18,20,21,27|12|3.2155
370mSER: 01,04,07,09,11,13,15,20,24,25,27,29|12|10.0533
370mGLN: 01,04,07,09,11,13,15,20,24,25,27,29|12|5.5847
438mGLY: 02,03,05,07,13,14,17,18,19,20,21,28|12|5.7894
370mLYS: 01,04,07,09,11,13,15,20,24,25,27,29|12|6.6046
435mGLY: 02,03,07,08,13,14,17,18,19,20,21|11|3.0049
435mTHR: 02,03,07,08,13,14,17,18,19,20,21|11|2.234
435mGLU: 02,03,07,08,13,14,17,18,19,20,21|11|3.2916
388mHIS: 01,02,07,11,13,14,15,20,24,29|10|3.5938
388mMET: 01,02,07,11,13,14,15,20,24,29|10|2.6108
388mGLY: 01,02,07,11,13,14,15,20,24,29|10|3.0377
388mSER: 01,02,07,11,13,14,15,20,24,29|10|2.963
368mLEU: 01,07,11,13,14,15,23,24,29|9|1.5418
356mGLY: 00,04,05,06,08,16,21,26,28|9|2.0644
368mGLU: 01,07,11,13,14,15,23,24,29|9|3.5888
368mALA: 01,07,11,13,14,15,23,24,29|9|2.3541
391mGLU: 01,02,07,11,13,14,17,19,20|9|3.0528
391mALA: 01,02,07,11,13,14,17,19,20|9|1.7633
346mHIS: 01,09,10,12,22,24,25,29|8|3.5128
346mGLY: 01,09,10,12,22,24,25,29|8|4.2049
346mSER: 01,09,10,12,22,24,25,29|8|4.0903
346mGLU: 01,09,10,12,22,24,25,29|8|3.879
346mTHR: 01,09,10,12,22,24,25,29|8|2.3744
439mLYS: 02,03,05,17,18,19,21,28|8|2.7441
366mHIS: 01,07,13,14,15,20,29|7|1.9265
366mMET: 01,07,13,14,15,20,29|7|1.6714
390mLEU: 01,02,07,11,13,14,19|7|1.8199
344mGLU: 09,10,12,22,24,25,29|7|2.0111
366mALA: 01,07,13,14,15,20,29|7|1.1024
390mGLY: 01,02,07,11,13,14,19|7|3.8723
390mSER: 01,02,07,11,13,14,19|7|3.3656
358mGLY: 00,03,04,06,18,26,27|7|2.32
366mSER: 01,07,13,14,15,20,29|7|1.6465
366mGLU: 01,07,13,14,15,20,29|7|1.7632
390mMET: 01,02,07,11,13,14,19|7|3.6661
358mHIS: 00,03,04,06,18,26,27|7|2.0926
366mGLY: 01,07,13,14,15,20,29|7|1.6038
390mTHR: 01,02,07,11,13,14,19|7|2.6241
344mALA: 09,10,12,22,24,25,29|7|2.78
358mMET: 00,03,04,06,18,26,27|7|1.6468
358mSER: 00,03,04,06,18,26,27|7|2.4172
390mLYS: 01,02,07,11,13,14,19|7|1.4947
390mHIS: 01,02,07,11,13,14,19|7|4.564
390mGLU: 01,02,07,11,13,14,19|7|2.4987
366mTHR: 01,07,13,14,15,20,29|7|1.4707
390mALA: 01,02,07,11,13,14,19|7|2.2485
390mVAL: 01,02,07,11,13,14,19|7|1.7454
345mGLY: 01,09,15,24,25,29|6|1.1577
454mALA: 00,18,20,22,26,27|6|1.3185
367mGLU: 01,11,13,14,15,24|6|1.0851
454mLEU: 00,18,20,22,26,27|6|1.3083
454mGLY: 00,18,20,22,26,27|6|1.7318
454mTHR: 00,18,20,22,26,27|6|1.6521
454mSER: 00,18,20,22,26,27|6|1.7893
454mHIS: 00,18,20,22,26,27|6|1.9265
454mGLU: 00,18,20,22,26,27|6|2.0278
454mMET: 00,18,20,22,26,27|6|1.702
443mALA: 05,08,16,21,28|5|2.5433
436mGLY: 02,07,13,14,19|5|1.0418
443mGLU: 05,08,16,21,28|5|2.908
436mSER: 02,07,13,14,19|5|1.063
443mGLY: 05,08,16,21,28|5|2.3449
443mMET: 05,08,16,21,28|5|1.7007
443mHIS: 05,08,16,21,28|5|1.8167
443mSER: 05,08,16,21,28|5|2.376
436mGLU: 02,07,13,14,19|5|1.0085
443mTHR: 05,08,16,21,28|5|2.0283
341mHIS: 10,12,23,29|4|2.3355
341mSER: 10,12,23,29|4|1.449
450mLYS: 09,22,25|3|1.6299
450mALA: 09,22,25|3|1.5377
389mALA: 11,19,24|3|1.2469
389mLYS: 11,19,24|3|1.1297
389mGLY: 11,19,24|3|1.2577
389mVAL: 11,19,24|3|1.0225
450mTHR: 09,22,25|3|1.2355
389mTHR: 11,19,24|3|1.1325
450mVAL: 09,22,25|3|1.2978
