119 120 124 
119 120 123 
119 120 122 
120 123 124 
120 124 208 
120 122 124 
120 123 208 
120 122 123 
120 122 208 
180 181 262 
147 180 262 
178 180 262 
180 182 262 
178 180 181 
180 181 182 
147 178 180 
178 180 182 
119 123 124 
119 122 124 
119 122 123 
181 229 262 
178 181 262 
181 182 262 
181 261 262 
147 262 263 
147 178 262 
147 262 264 
147 149 262 
178 262 263 
262 263 264 
149 262 263 
259 262 263 
261 262 263 
178 229 262 
182 229 262 
229 259 262 
229 261 262 
178 182 262 
178 262 264 
149 178 262 
178 261 262 
182 261 262 
149 262 264 
261 262 264 
149 261 262 
259 261 262 
178 181 229 
181 182 229 
181 229 261 
178 181 182 
178 181 261 
181 182 261 
147 178 263 
147 263 264 
147 149 263 
147 178 264 
147 149 178 
147 150 178 
147 149 264 
147 150 264 
147 149 150 
140 141 142 
137 141 142 
139 141 142 
137 140 142 
139 140 142 
137 139 142 
178 263 264 
149 178 263 
178 261 263 
149 263 264 
261 263 264 
149 261 263 
259 261 263 
123 134 136 
134 136 140 
134 136 137 
134 136 139 
136 140 141 
136 137 141 
136 139 141 
123 136 137 
123 136 139 
136 137 140 
136 139 140 
136 137 139 
178 182 229 
178 229 261 
182 229 261 
229 259 261 
123 127 134 
123 134 137 
123 134 139 
134 193 219 
134 140 219 
134 139 219 
134 137 140 
134 139 140 
134 137 139 
124 126 127 
126 127 196 
123 126 127 
126 127 208 
126 127 197 
123 124 126 
124 126 208 
126 196 197 
123 126 208 
137 140 141 
139 140 141 
122 137 141 
137 139 141 
178 182 261 
149 178 264 
150 178 264 
178 261 264 
149 150 178 
149 178 261 
123 124 127 
124 127 208 
127 196 197 
123 127 208 
150 152 258 
150 257 258 
152 258 259 
258 259 261 
257 258 259 
152 257 258 
123 124 208 
122 123 124 
122 124 208 
194 196 244 
196 242 244 
196 241 244 
194 242 244 
194 243 244 
194 241 244 
242 243 244 
241 242 244 
241 243 244 
190 194 219 
190 193 219 
190 217 219 
190 218 219 
190 193 194 
190 193 218 
190 217 218 
168 172 190 
149 150 264 
149 261 264 
156 250 251 
156 235 250 
235 250 251 
193 194 196 
194 196 242 
194 196 197 
194 196 241 
193 196 242 
193 196 197 
193 196 241 
196 241 242 
196 197 241 
122 123 208 
122 123 137 
123 137 139 
193 194 219 
193 218 219 
140 217 219 
217 218 219 
139 217 219 
140 218 219 
139 140 219 
139 218 219 
149 150 173 
149 152 173 
149 150 152 
149 150 172 
149 152 172 
193 194 242 
193 194 197 
193 194 241 
194 242 243 
194 241 242 
194 241 243 
194 197 241 
193 241 242 
193 197 241 
150 152 173 
150 173 257 
152 173 257 
241 242 243 
201 205 208 
201 204 205 
204 205 235 
201 204 235 
140 217 218 
139 140 217 
139 217 218 
150 152 172 
150 152 257 
150 172 257 
139 140 218 
137 139 140 
201 205 235 
152 257 259 
156 235 251 
152 172 257 
201 235 251 
