274 303 
303 305 
301 303 
299 303 
146 267 
146 266 
146 269 
146 175 
146 178 
267 274 
269 274 
274 301 
266 267 
267 269 
175 267 
178 267 
205 206 
206 235 
203 206 
206 237 
206 208 
301 305 
299 305 
139 217 
217 218 
205 235 
203 205 
205 208 
139 141 
122 141 
266 269 
178 266 
158 251 
235 251 
237 251 
248 251 
127 208 
123 127 
124 127 
127 197 
158 235 
158 237 
299 301 
175 178 
139 218 
123 139 
203 235 
235 237 
180 182 
178 180 
237 248 
197 237 
122 208 
122 123 
122 124 
245 248 
197 248 
123 208 
124 208 
178 182 
123 124 
