206mALA: 00,05,08,10,17,18,24|7|3.1921
205mGLY: 00,08,10,17,18,24,28|7|3.4811
119mGLU: 01,02,05,08,10,12,18|7|1.717
251mCYS: 00,10,13,14,17,24|6|4.2045
251mGLY: 00,10,13,14,17,24|6|3.5519
127mGLY: 00,05,08,15,18,24|6|3.0708
251mASN: 00,10,13,14,17,24|6|2.4127
251mTHR: 00,10,13,14,17,24|6|4.2828
127mALA: 00,05,08,15,18,24|6|2.1662
127mGLU: 00,05,08,15,18,24|6|3.1893
237mGLU: 00,08,10,17,18,24|6|1.4125
251mASP: 00,10,13,14,17,24|6|3.4076
158mGLY: 00,13,14,17,24,28|6|2.6683
251mHIS: 00,10,13,14,17,24|6|2.1663
251mGLU: 00,10,13,14,17,24|6|5.2508
251mSER: 00,10,13,14,17,24|6|2.5395
237mTHR: 00,08,10,17,18,24|6|1.141
127mSER: 00,05,08,15,18,24|6|1.4678
251mVAL: 00,10,13,14,17,24|6|2.8143
158mTHR: 00,13,14,17,24,28|6|2.7328
251mGLN: 00,10,13,14,17,24|6|3.126
127mASP: 00,05,08,15,18,24|6|4.1664
201mLEU: 00,13,17,18,24|5|1.5987
235mALA: 00,13,14,24,28|5|3.0208
235mCYS: 00,13,14,24,28|5|4.9455
235mGLY: 00,13,14,24,28|5|2.293
201mTRP: 00,13,17,18,24|5|1.1447
201mGLY: 00,13,17,18,24|5|1.4552
201mASP: 00,13,17,18,24|5|1.3897
146mTHR: 01,02,12,20,26|5|2.8189
235mASP: 00,13,14,24,28|5|3.0161
201mTHR: 00,13,17,18,24|5|1.5887
124mASP: 00,05,08,10,18|5|2.0665
146mILE: 01,02,12,20,26|5|1.7977
146mLEU: 01,02,12,20,26|5|1.7232
201mHIS: 00,13,17,18,24|5|1.0436
201mILE: 00,13,17,18,24|5|1.2487
146mGLU: 01,02,12,20,26|5|2.7791
201mGLN: 00,13,17,18,24|5|1.4099
201mGLU: 00,13,17,18,24|5|1.7291
201mMET: 00,13,17,18,24|5|1.3988
146mGLY: 01,02,12,20,26|5|3.0981
146mALA: 01,02,12,20,26|5|4.2055
201mALA: 00,13,17,18,24|5|1.4984
124mCYS: 00,05,08,10,18|5|3.0661
146mASP: 01,02,12,20,26|5|2.0273
268mILE: 01,02,12,20|4|4.1722
217mCYS: 01,15,20,26|4|4.878
178mSER: 01,02,12,20|4|1.3337
268mGLU: 01,02,12,20|4|5.0705
268mMET: 01,02,12,20|4|3.7567
142mALA: 01,12,20,26|4|1.1505
120mALA: 01,02,10,12|4|1.67
178mGLY: 01,02,12,20|4|2.1568
217mALA: 01,15,20,26|4|4.2749
268mASN: 01,02,12,20|4|2.5553
120mTHR: 01,02,10,12|4|1.8332
244mGLY: 05,08,15,18|4|2.6776
268mALA: 01,02,12,20|4|3.8314
217mGLY: 01,15,20,26|4|3.9583
217mILE: 01,15,20,26|4|2.1565
267mGLU: 01,02,12,20|4|1.4443
268mCYS: 01,02,12,20|4|6.2352
244mTHR: 05,08,15,18|4|2.2443
268mPHE: 01,02,12,20|4|4.3147
268mGLN: 01,02,12,20|4|3.9379
147mGLY: 01,02,12,20|4|1.4223
120mGLN: 01,02,10,12|4|1.3173
144mALA: 01,12,20,26|4|1.5179
268mVAL: 01,02,12,20|4|4.2298
181mALA: 02,10,12,28|4|2.2756
268mSER: 01,02,12,20|4|2.4016
268mLEU: 01,02,12,20|4|4.6622
120mCYS: 01,02,10,12|4|4.6085
178mALA: 01,02,12,20|4|2.2523
178mTHR: 01,02,12,20|4|1.2978
217mTHR: 01,15,20,26|4|3.8996
244mGLU: 05,08,15,18|4|3.1962
120mLEU: 01,02,10,12|4|1.7307
244mSER: 05,08,15,18|4|1.1571
217mGLU: 01,15,20,26|4|4.2897
180mGLU: 01,02,12,28|4|1.2834
268mTRP: 01,02,12,20|4|3.5402
268mGLY: 01,02,12,20|4|3.4684
120mILE: 01,02,10,12|4|1.3371
217mSER: 01,15,20,26|4|3.1987
268mASP: 01,02,12,20|4|3.9277
244mALA: 05,08,15,18|4|3.5019
120mASP: 01,02,10,12|4|1.7947
268mTHR: 01,02,12,20|4|4.3013
267mCYS: 01,02,12,20|4|1.5846
268mPRO: 01,02,12,20|4|3.3555
120mGLU: 01,02,10,12|4|2.4421
217mLYS: 01,15,20,26|4|4.8934
266mCYS: 01,02,12,20|4|5.0005
268mHIS: 01,02,12,20|4|2.3216
326mCYS: 09,19,29|3|3.2949
303mGLY: 01,25,26|3|1.715
326mGLY: 09,19,29|3|1.9995
326mTHR: 09,19,29|3|1.8193
303mLYS: 01,25,26|3|1.4219
304mCYS: 25,26,29|3|2.951
136mMET: 05,20,26|3|1.1154
182mASP: 10,12,28|3|2.1413
140mLYS: 01,20,26|3|1.6408
303mLEU: 01,25,26|3|1.2516
377mCYS: 06,09,19|3|1.1165
303mCYS: 01,25,26|3|3.0667
141mLEU: 01,20,26|3|3.0611
326mALA: 09,19,29|3|1.8286
136mGLU: 05,20,26|3|1.3443
303mSER: 01,25,26|3|1.3793
326mSER: 09,19,29|3|1.1887
141mSER: 01,20,26|3|1.7828
141mILE: 01,20,26|3|2.265
303mGLU: 01,25,26|3|1.2679
141mGLY: 01,20,26|3|2.3796
136mTHR: 05,20,26|3|1.1024
134mALA: 05,15,18|3|1.4735
141mHIS: 01,20,26|3|1.7773
141mVAL: 01,20,26|3|2.3215
303mTHR: 01,25,26|3|1.0911
182mCYS: 10,12,28|3|3.4836
141mASP: 01,20,26|3|2.9183
182mALA: 10,12,28|3|2.3886
303mASP: 01,25,26|3|1.678
141mMET: 01,20,26|3|2.5047
141mGLN: 01,20,26|3|1.8123
326mGLU: 09,19,29|3|2.4157
136mSER: 05,20,26|3|1.2516
141mTHR: 01,20,26|3|2.4392
141mGLU: 01,20,26|3|3.596
326mASP: 09,19,29|3|2.1382
136mGLY: 05,20,26|3|1.048
125mCYS: 05,10,18|3|1.3454
136mHIS: 05,20,26|3|1.3721
141mPHE: 01,20,26|3|2.5388
141mCYS: 01,20,26|3|4.2631
303mALA: 01,25,26|3|2.6798
141mALA: 01,20,26|3|3.1381
319mASP: 09,29|2|1.5233
401mGLN: 09,19|2|1.2343
403mPHE: 09,19|2|1.288
401mTHR: 09,19|2|1.3573
130mGLU: 05,18|2|1.3894
293mHIS: 25,29|2|1.7241
403mLEU: 09,19|2|1.8161
293mGLY: 25,29|2|2.0565
401mLEU: 09,19|2|1.1487
440mLEU: 25,29|2|1.3224
293mGLU: 25,29|2|1.5166
139mGLU: 20,26|2|1.357
403mVAL: 09,19|2|1.2724
403mALA: 09,19|2|1.7158
130mCYS: 05,18|2|1.2473
336mALA: 06,19|2|2.1428
401mGLY: 09,19|2|1.3548
339mALA: 06,19|2|1.9425
419mCYS: 09,19|2|1.4507
403mGLN: 09,19|2|1.6273
263mASP: 12,28|2|1.2328
336mGLU: 06,19|2|2.5946
196mCYS: 05,24|2|1.331
401mMET: 09,19|2|1.5493
403mILE: 09,19|2|1.4661
339mSER: 06,19|2|1.1035
440mLYS: 25,29|2|1.2952
293mASN: 25,29|2|1.6852
401mASN: 09,19|2|1.1745
130mGLY: 05,18|2|1.079
261mHIS: 12,28|2|1.0177
336mASP: 06,19|2|2.4316
403mCYS: 09,19|2|2.2823
441mALA: 25,29|2|1.0246
130mASN: 05,18|2|1.1452
339mGLY: 06,19|2|1.4183
400mGLY: 09,19|2|1.0675
319mCYS: 09,29|2|2.8937
123mGLY: 08,18|2|1.2425
403mHIS: 09,19|2|1.261
261mALA: 12,28|2|1.6738
261mMET: 12,28|2|1.3667
263mCYS: 12,28|2|1.329
261mGLY: 12,28|2|2.4223
220mASP: 20,26|2|1.1942
220mGLU: 20,26|2|1.248
403mGLU: 09,19|2|1.9465
440mGLY: 25,29|2|1.7408
401mTRP: 09,19|2|1.0668
319mGLY: 09,29|2|1.3002
261mASP: 12,28|2|2.8756
243mGLU: 13,15|2|1.2343
440mILE: 25,29|2|1.3872
401mGLU: 09,19|2|1.3946
208mCYS: 08,10|2|1.779
403mASN: 09,19|2|1.0137
293mGLN: 25,29|2|1.2642
130mASP: 05,18|2|1.7125
196mASP: 05,24|2|1.0998
440mSER: 25,29|2|1.3968
293mTHR: 25,29|2|1.5592
403mSER: 09,19|2|1.1946
261mVAL: 12,28|2|1.1446
400mGLU: 09,19|2|1.0889
293mLYS: 25,29|2|1.2832
339mASP: 06,19|2|1.3798
401mSER: 09,19|2|1.1183
300mCYS: 25,26|2|1.1971
157mCYS: 17,24|2|1.3125
440mALA: 25,29|2|2.046
123mASP: 08,18|2|1.5291
335mSER: 06,09|2|1.0913
337mCYS: 06,19|2|1.3465
441mCYS: 25,29|2|1.4672
400mALA: 09,19|2|1.4154
261mGLU: 12,28|2|2.5449
403mTHR: 09,19|2|1.8061
261mGLN: 12,28|2|1.3921
261mSER: 12,28|2|1.8321
261mTHR: 12,28|2|2.2879
440mCYS: 25,29|2|2.4886
336mTHR: 06,19|2|1.4799
261mASN: 12,28|2|2.3567
336mGLY: 06,19|2|1.4126
318mGLU: 25,29|2|1.1653
293mSER: 25,29|2|1.6396
440mHIS: 25,29|2|1.1125
135mASP: 08,18|2|1.3523
403mTRP: 09,19|2|1.3621
319mALA: 09,29|2|1.8971
220mGLY: 20,26|2|1.1257
440mASP: 25,29|2|1.0214
293mASP: 25,29|2|1.0782
401mVAL: 09,19|2|1.0423
403mMET: 09,19|2|1.6162
336mCYS: 06,19|2|3.5401
293mVAL: 25,29|2|1.3218
403mGLY: 09,19|2|1.6726
401mHIS: 09,19|2|1.4599
130mTHR: 05,18|2|1.1458
261mCYS: 12,28|2|1.0117
301mCYS: 25,26|2|1.3125
261mLYS: 12,28|2|1.2719
403mASP: 09,19|2|1.6071
123mALA: 08,18|2|1.0392
329mCYS: 06,29|2|2.5868
335mGLY: 06,09|2|1.2344
421mCYS: 09|1|1.2665
407mGLU: 06|1|1.7928
407mPRO: 06|1|1.1611
407mTHR: 06|1|1.6212
305mCYS: 26|1|1.017
325mALA: 29|1|1.4124
407mPHE: 06|1|1.4654
410mCYS: 06|1|1.0823
407mLEU: 06|1|1.5875
334mALA: 06|1|1.1558
325mASP: 29|1|1.0606
407mMET: 06|1|1.4147
409mCYS: 06|1|1.0643
407mASN: 06|1|1.0466
325mCYS: 29|1|1.815
407mCYS: 06|1|1.8455
407mTRP: 06|1|1.3517
341mCYS: 06|1|1.2652
161mASP: 14|1|1.0609
407mVAL: 06|1|1.4352
421mLYS: 09|1|1.2222
407mALA: 06|1|1.2164
161mCYS: 14|1|1.6144
407mILE: 06|1|1.3651
407mGLY: 06|1|1.2112
407mASP: 06|1|1.3545
407mGLN: 06|1|1.4917
164mASP: 14|1|1.0111
421mASP: 09|1|1.0035
334mCYS: 06|1|2.5722
421mTHR: 09|1|1.044
