346mSER: 01,02,15,21,23,26,29|7|2.63
347mSER: 01,02,15,23,25,26|6|2.6107
422mTHR: 01,02,15,21,26,29|6|1.2854
347mALA: 01,02,15,23,25,26|6|2.2042
440mGLU: 00,04,08,11,16|5|1.2167
444mLYS: 00,04,06,08,16|5|1.6769
419mCYS: 10,12,21,27,29|5|1.9564
400mSER: 10,12,21,27,29|5|1.2935
450mGLY: 01,15,21,26,29|5|1.3056
443mASN: 00,04,06,08,16|5|1.4312
356mGLY: 00,06,08,16,27|5|2.8282
444mILE: 00,04,06,08,16|5|1.268
444mHIS: 00,04,06,08,16|5|3.529
443mGLU: 00,04,06,08,16|5|1.4036
444mTRP: 00,04,06,08,16|5|1.3305
450mASN: 01,15,21,26,29|5|1.6343
421mGLU: 10,15,21,27,29|5|2.7269
444mGLN: 00,04,06,08,16|5|1.9911
444mGLU: 00,04,06,08,16|5|2.2279
400mGLY: 10,12,21,27,29|5|1.4187
444mASN: 00,04,06,08,16|5|2.6283
443mGLY: 00,04,06,08,16|5|1.2455
444mSER: 00,04,06,08,16|5|3.0389
419mTHR: 10,12,21,27,29|5|1.7286
419mLYS: 10,12,21,27,29|5|2.1843
400mTHR: 10,12,21,27,29|5|1.9767
356mGLU: 00,06,08,16,27|5|3.2105
421mASN: 10,15,21,27,29|5|1.2729
356mTHR: 00,06,08,16,27|5|4.0906
444mTHR: 00,04,06,08,16|5|2.7704
419mALA: 10,12,21,27,29|5|1.5882
443mHIS: 00,04,06,08,16|5|1.2447
400mGLU: 10,12,21,27,29|5|1.6744
421mSER: 10,15,21,27,29|5|2.2208
443mTHR: 00,04,06,08,16|5|1.3765
421mLYS: 10,15,21,27,29|5|3.3691
400mASN: 10,12,21,27,29|5|1.9737
444mMET: 00,04,06,08,16|5|2.8766
443mSER: 00,04,06,08,16|5|1.1843
444mGLY: 00,04,06,08,16|5|3.0655
356mSER: 00,06,08,16,27|5|2.6182
450mTHR: 01,15,21,26,29|5|2.1245
356mASN: 00,06,08,16,27|5|2.2118
444mLEU: 00,04,06,08,16|5|1.7769
421mTHR: 10,15,21,27,29|5|3.3075
444mALA: 00,04,06,08,16|5|1.9751
444mVAL: 00,04,06,08,16|5|1.6241
438mTHR: 04,11,16,25|4|2.2841
438mGLU: 04,11,16,25|4|1.689
454mASP: 01,08,23,25|4|1.428
438mASN: 04,11,16,25|4|1.6622
438mGLY: 04,11,16,25|4|1.7126
454mLYS: 01,08,23,25|4|1.6405
454mALA: 01,08,23,25|4|1.8825
438mSER: 04,11,16,25|4|1.2941
454mLEU: 01,08,23,25|4|1.1667
454mGLY: 01,08,23,25|4|1.8829
438mALA: 04,11,16,25|4|1.4035
370mTHR: 01,02,23,25|4|1.4627
454mTHR: 01,08,23,25|4|1.7804
454mSER: 01,08,23,25|4|2.03
454mHIS: 01,08,23,25|4|1.1739
370mLYS: 01,02,23,25|4|1.6986
409mLYS: 05,11,18,20|4|1.6335
454mGLU: 01,08,23,25|4|1.7583
401mTHR: 10,12,27|3|1.9167
435mHIS: 05,16,25|3|1.0133
401mGLY: 10,12,27|3|1.874
391mSER: 05,18,25|3|1.1264
401mASP: 10,12,27|3|2.0392
391mASN: 05,18,25|3|1.0824
401mASN: 10,12,27|3|1.9762
391mGLY: 05,18,25|3|1.2392
401mGLU: 10,12,27|3|2.2474
406mGLY: 05,18,20|3|1.1127
401mSER: 10,12,27|3|1.5639
401mALA: 10,12,27|3|1.4101
391mHIS: 05,18,25|3|1.6228
401mLYS: 10,12,27|3|1.924
391mMET: 05,18,25|3|1.3876
342mGLY: 18,26|2|1.3763
339mALA: 10,12|2|1.3794
403mLYS: 10,12|2|1.5772
447mASN: 00,27|2|1.0283
339mSER: 10,12|2|1.1862
447mGLU: 00,27|2|1.0431
339mGLY: 10,12|2|1.3111
342mLYS: 18,26|2|1.2221
439mTHR: 04,16|2|1.5134
342mCYS: 18,26|2|1.1797
441mTHR: 04,10|2|1.0091
403mGLU: 10,12|2|1.2005
342mGLU: 18,26|2|1.2225
403mASN: 10,12|2|1.6334
342mASP: 18,26|2|2.1329
342mASN: 18,26|2|1.021
403mTHR: 10,12|2|1.4489
339mTHR: 10,12|2|1.7773
439mLYS: 04,16|2|1.6078
339mLYS: 10,12|2|1.6527
403mGLY: 10,12|2|1.621
339mGLU: 10,12|2|1.1361
403mASP: 10,12|2|1.7476
418mASP: 12|1|1.0111
