164mTHR: 05,06,08,10,12,14,24,29|8|8.1869
164mILE: 05,06,08,10,12,14,24,29|8|4.0723
164mGLU: 05,06,08,10,12,14,24,29|8|8.7659
164mMET: 05,06,08,10,12,14,24,29|8|4.0718
164mGLN: 05,06,08,10,12,14,24,29|8|5.1511
164mGLY: 05,06,08,10,12,14,24,29|8|9.1402
164mVAL: 05,06,08,10,12,14,24,29|8|3.9763
164mLEU: 05,06,08,10,12,14,24,29|8|3.3445
164mLYS: 05,06,08,10,12,14,24,29|8|8.2078
164mHIS: 05,06,08,10,12,14,24,29|8|6.3782
164mALA: 05,06,08,10,12,14,24,29|8|7.4786
164mASN: 05,06,08,10,12,14,24,29|8|7.0926
164mSER: 05,06,08,10,12,14,24,29|8|7.6061
284mSER: 06,10,14,20,21,29|6|1.9933
179mGLU: 01,03,04,11,13,28|6|1.8963
122mGLN: 07,11,13,17,18,28|6|1.661
284mALA: 06,10,14,20,21,29|6|3.1341
280mGLU: 06,10,14,20,21,29|6|1.2709
122mTHR: 07,11,13,17,18,28|6|2.0182
228mGLY: 01,04,08,13,27,28|6|1.248
165mLYS: 05,06,10,12,14,29|6|2.8505
242mGLY: 05,06,12,14,24,29|6|1.887
165mTHR: 05,06,10,12,14,29|6|3.3472
284mTRP: 06,10,14,20,21,29|6|2.0155
122mSER: 07,11,13,17,18,28|6|1.8346
122mASP: 07,11,13,17,18,28|6|2.613
165mGLU: 05,06,10,12,14,29|6|4.0004
122mASN: 07,11,13,17,18,28|6|2.272
179mASP: 01,03,04,11,13,28|6|1.7832
122mGLY: 07,11,13,17,18,28|6|2.7368
181mGLU: 01,04,11,13,27,28|6|2.4923
242mALA: 05,06,12,14,24,29|6|2.1665
165mHIS: 05,06,10,12,14,29|6|4.2915
165mSER: 05,06,10,12,14,29|6|2.7317
284mGLN: 06,10,14,20,21,29|6|2.5772
122mLYS: 07,11,13,17,18,28|6|2.1974
284mGLY: 06,10,14,20,21,29|6|2.6611
229mGLU: 01,03,04,13,27,28|6|1.2289
242mVAL: 05,06,12,14,24,29|6|1.8255
181mTHR: 01,04,11,13,27,28|6|2.3253
122mVAL: 07,11,13,17,18,28|6|1.7604
242mGLU: 05,06,12,14,24,29|6|2.2862
242mASP: 05,06,12,14,24,29|6|1.9779
165mLEU: 05,06,10,12,14,29|6|2.4896
165mASP: 05,06,10,12,14,29|6|3.5779
165mILE: 05,06,10,12,14,29|6|2.2564
122mGLU: 07,11,13,17,18,28|6|2.85
284mTHR: 06,10,14,20,21,29|6|3.2255
284mASN: 06,10,14,20,21,29|6|1.3901
284mILE: 06,10,14,20,21,29|6|2.2702
165mGLN: 05,06,10,12,14,29|6|2.5564
165mGLY: 05,06,10,12,14,29|6|3.6976
284mGLU: 06,10,14,20,21,29|6|3.8064
242mLYS: 05,06,12,14,24,29|6|2.4535
284mVAL: 06,10,14,20,21,29|6|1.8125
165mMET: 05,06,10,12,14,29|6|2.8583
122mHIS: 07,11,13,17,18,28|6|2.7276
165mALA: 05,06,10,12,14,29|6|4.0586
242mASN: 05,06,12,14,24,29|6|1.7041
242mHIS: 05,06,12,14,24,29|6|2.5652
262mLYS: 01,03,04,09,13,18|6|1.7125
284mLEU: 06,10,14,20,21,29|6|2.9808
242mTHR: 05,06,12,14,24,29|6|2.1619
440mGLU: 00,10,15,16,23|5|3.4328
440mLYS: 00,10,15,16,23|5|3.4391
293mHIS: 06,10,22,23,29|5|2.626
440mTHR: 00,10,15,16,23|5|2.8823
293mGLY: 06,10,22,23,29|5|3.1907
293mGLU: 06,10,22,23,29|5|4.3855
243mGLY: 06,12,14,24,29|5|1.3303
167mSER: 05,06,10,14,29|5|3.0429
281mTHR: 06,10,14,22,29|5|1.4982
167mHIS: 05,06,10,14,29|5|2.8701
190mGLU: 06,10,14,24,29|5|2.5868
440mSER: 00,10,15,16,23|5|2.8142
147mLYS: 03,09,11,13,18|5|3.2192
293mASN: 06,10,22,23,29|5|3.3687
167mGLU: 05,06,10,14,29|5|2.8824
293mGLN: 06,10,22,23,29|5|2.2568
167mLYS: 05,06,10,14,29|5|3.0096
440mASP: 00,10,15,16,23|5|2.475
440mALA: 00,10,15,16,23|5|2.5194
167mGLN: 05,06,10,14,29|5|1.5545
190mHIS: 06,10,14,24,29|5|2.2197
147mCYS: 03,09,11,13,18|5|7.4741
440mILE: 00,10,15,16,23|5|1.9499
167mASP: 05,06,10,14,29|5|2.7864
440mGLY: 00,10,15,16,23|5|3.3858
293mTHR: 06,10,22,23,29|5|3.6318
169mGLY: 06,10,14,24,29|5|1.2515
293mSER: 06,10,22,23,29|5|2.4588
293mALA: 06,10,22,23,29|5|2.5708
169mHIS: 06,10,14,24,29|5|2.0845
281mGLU: 06,10,14,22,29|5|2.5239
167mTHR: 05,06,10,14,29|5|2.0755
190mTHR: 06,10,14,24,29|5|1.4122
293mVAL: 06,10,22,23,29|5|2.3388
167mCYS: 05,06,10,14,29|5|3.2526
440mHIS: 00,10,15,16,23|5|1.7838
281mASP: 06,10,14,22,29|5|2.8336
147mGLU: 03,09,11,13,18|5|2.6745
250mALA: 05,08,12,26,27|5|1.2458
293mILE: 06,10,22,23,29|5|1.8386
293mASP: 06,10,22,23,29|5|3.0942
167mGLY: 05,06,10,14,29|5|3.752
440mGLN: 00,10,15,16,23|5|1.5024
147mASP: 03,09,11,13,18|5|2.8297
243mSER: 06,12,14,24,29|5|1.2151
281mGLY: 06,10,14,22,29|5|2.1753
190mGLY: 06,10,14,24,29|5|1.6027
123mLYS: 07,17,25,28|4|2.9569
178mVAL: 03,04,13,18|4|2.0233
127mCYS: 07,17,25,26|4|3.4184
194mTHR: 06,14,24,29|4|1.5956
193mGLU: 06,14,24,25|4|2.0239
172mTHR: 06,10,14,29|4|1.2739
251mGLY: 05,08,12,27|4|2.2276
127mGLY: 07,17,25,26|4|1.661
194mASP: 06,14,24,29|4|1.5446
178mLYS: 03,04,13,18|4|3.7965
126mASP: 07,17,25,26|4|3.3848
438mTHR: 00,10,16,23|4|2.3229
172mGLN: 06,10,14,29|4|1.0891
123mGLU: 07,17,25,28|4|3.1038
251mALA: 05,08,12,27|4|3.6211
265mCYS: 03,09,13,18|4|4.2067
172mGLY: 06,10,14,29|4|1.2407
261mPRO: 03,04,09,13|4|2.5058
438mGLU: 00,10,16,23|4|2.447
178mGLY: 03,04,13,18|4|3.0819
172mHIS: 06,10,14,29|4|1.6689
251mASN: 05,08,12,27|4|1.3951
191mHIS: 06,14,24,29|4|2.0822
438mASN: 00,10,16,23|4|2.2655
191mGLU: 06,14,24,29|4|2.7482
251mLEU: 05,08,12,27|4|1.3237
146mGLY: 03,11,13,18|4|3.4443
178mPRO: 03,04,13,18|4|2.8007
127mALA: 07,17,25,26|4|1.0611
146mLYS: 03,11,13,18|4|3.377
178mARG: 03,04,13,18|4|1.4761
193mGLY: 06,14,24,25|4|1.5746
191mTHR: 06,14,24,29|4|1.3722
194mHIS: 06,14,24,29|4|1.531
438mGLY: 00,10,16,23|4|2.0034
191mCYS: 06,14,24,29|4|9.5336
172mMET: 06,10,14,29|4|1.6466
146mTHR: 03,11,13,18|4|2.0828
251mSER: 05,08,12,27|4|1.6709
126mGLY: 07,17,25,26|4|2.7751
194mILE: 06,14,24,29|4|1.0139
172mGLU: 06,10,14,29|4|1.4317
123mASN: 07,17,25,28|4|2.3371
326mASP: 15,19,21,23|4|1.096
178mGLU: 03,04,13,18|4|3.8137
178mASP: 03,04,13,18|4|4.4004
261mGLY: 03,04,09,13|4|2.8345
136mTHR: 07,17,18,25|4|1.3782
251mASP: 05,08,12,27|4|3.2894
251mHIS: 05,08,12,27|4|1.845
191mASP: 06,14,24,29|4|2.3765
251mPRO: 05,08,12,27|4|1.6735
194mGLU: 06,14,24,29|4|1.7155
251mGLU: 05,08,12,27|4|3.0138
261mCYS: 03,04,09,13|4|5.6775
178mCYS: 03,04,13,18|4|4.9418
191mVAL: 06,14,24,29|4|2.2683
178mALA: 03,04,13,18|4|2.0879
251mLYS: 05,08,12,27|4|2.9643
261mASP: 03,04,09,13|4|3.9398
126mALA: 07,17,25,26|4|3.3437
146mHIS: 03,11,13,18|4|2.7696
178mTHR: 03,04,13,18|4|2.8529
251mTHR: 05,08,12,27|4|2.1426
178mILE: 03,04,13,18|4|1.1367
194mVAL: 06,14,24,29|4|1.5539
251mVAL: 05,08,12,27|4|2.2826
126mLYS: 07,17,25,26|4|2.0566
146mGLU: 03,11,13,18|4|3.9343
251mILE: 05,08,12,27|4|1.8654
123mTHR: 07,17,25,28|4|2.5027
194mLYS: 06,14,24,29|4|2.4128
146mCYS: 03,11,13,18|4|4.9714
126mTHR: 07,17,25,26|4|1.477
178mHIS: 03,04,13,18|4|2.1636
191mALA: 06,14,24,29|4|3.2171
146mSER: 03,11,13,18|4|2.7836
268mASP: 03,09,11,18|4|1.117
261mGLU: 03,04,09,13|4|3.1092
178mASN: 03,04,13,18|4|3.0038
127mLYS: 07,17,25,26|4|2.0269
261mGLN: 03,04,09,13|4|1.2062
194mGLY: 06,14,24,29|4|1.4308
261mSER: 03,04,09,13|4|1.6718
146mALA: 03,11,13,18|4|4.1476
251mGLN: 05,08,12,27|4|1.2915
261mTHR: 03,04,09,13|4|3.3987
131mASP: 07,17,25,26|4|1.2048
193mASN: 06,14,24,25|4|1.1582
261mASN: 03,04,09,13|4|2.3243
126mGLU: 07,17,25,26|4|2.7251
172mSER: 06,10,14,29|4|1.1153
194mALA: 06,14,24,29|4|2.6024
193mASP: 06,14,24,25|4|1.5386
261mILE: 03,04,09,13|4|2.0282
251mCYS: 05,08,12,27|4|6.2236
127mGLU: 07,17,25,26|4|1.9077
146mASP: 03,11,13,18|4|3.981
135mGLU: 07,17,25,28|4|1.5298
191mLYS: 06,14,24,29|4|3.0853
261mLYS: 03,04,09,13|4|3.6229
126mCYS: 07,17,25,26|4|4.3453
123mASP: 07,17,25,28|4|2.6939
231mGLY: 01,04,08,27|4|1.1249
191mGLY: 06,14,24,29|4|1.4904
127mASP: 07,17,25,26|4|2.6458
230mASP: 01,04,08,27|4|1.0611
219mCYS: 06,24,29|3|5.1249
259mGLY: 01,04,08|3|1.4714
419mASP: 02,20,21|3|1.5843
288mCYS: 02,20,21|3|5.162
362mGLY: 00,10,16|3|1.4353
240mASP: 05,14,24|3|1.02
327mHIS: 02,19,21|3|1.1756
259mALA: 01,04,08|3|1.45
359mALA: 10,12,16|3|2.6926
259mSER: 01,04,08|3|1.0063
421mHIS: 02,20,21|3|2.1758
245mGLU: 12,25,26|3|1.2894
336mSER: 02,15,19|3|1.7583
163mASP: 05,08,12|3|1.4548
138mGLU: 07,18,28|3|1.7349
144mGLY: 11,13,18|3|1.3081
336mASN: 02,15,19|3|2.0006
217mALA: 06,24,29|3|1.0864
263mASP: 03,04,09|3|1.5783
278mGLU: 10,14,22|3|2.2584
362mALA: 00,10,16|3|1.7132
359mLYS: 10,12,16|3|1.6457
124mGLU: 07,17,28|3|1.934
217mGLY: 06,24,29|3|1.6496
240mALA: 05,14,24|3|1.3404
362mCYS: 00,10,16|3|3.3796
240mCYS: 05,14,24|3|5.4704
288mALA: 02,20,21|3|1.8632
362mASN: 00,10,16|3|1.1302
329mALA: 15,19,23|3|1.0766
421mGLU: 02,20,21|3|2.0408
435mASN: 00,10,16|3|1.7741
428mGLU: 02,20,21|3|1.5578
161mLYS: 05,08,12|3|1.0099
362mGLU: 00,10,16|3|2.0576
141mSER: 11,13,18|3|1.0529
201mLYS: 07,08,27|3|1.9149
245mASP: 12,25,26|3|1.4574
241mCYS: 14,24,25|3|2.1124
201mASP: 07,08,27|3|1.6864
330mALA: 02,19,21|3|1.3684
283mASP: 02,20,21|3|1.2604
400mASP: 02,20,21|3|1.0161
288mASP: 02,20,21|3|1.447
163mGLU: 05,08,12|3|1.5521
362mLYS: 00,10,16|3|1.3514
138mCYS: 07,18,28|3|1.0529
201mTHR: 07,08,27|3|1.6668
283mGLY: 02,20,21|3|1.4311
124mCYS: 07,17,28|3|2.572
419mTHR: 02,20,21|3|1.098
241mALA: 14,24,25|3|1.0391
419mSER: 02,20,21|3|1.1779
400mTHR: 02,20,21|3|1.7381
263mGLY: 03,04,09|3|1.0806
240mLYS: 05,14,24|3|1.274
124mALA: 07,17,28|3|1.009
124mASP: 07,17,28|3|1.7342
421mGLY: 02,20,21|3|2.3158
141mMET: 11,13,18|3|1.405
435mGLY: 00,10,16|3|2.0685
421mASN: 02,20,21|3|2.0386
163mLYS: 05,08,12|3|1.7023
217mTHR: 06,24,29|3|1.6165
159mLYS: 05,08,12|3|1.6465
428mASN: 02,20,21|3|1.4311
400mGLU: 02,20,21|3|1.9337
421mSER: 02,20,21|3|1.7887
435mSER: 00,10,16|3|1.4752
435mLYS: 00,10,16|3|2.2901
138mTHR: 07,18,28|3|1.3153
217mGLU: 06,24,29|3|1.5394
157mCYS: 05,08,12|3|1.5362
435mTHR: 00,10,16|3|1.9384
329mGLU: 15,19,23|3|1.0947
217mSER: 06,24,29|3|1.2347
330mASP: 02,19,21|3|1.3207
400mASN: 02,20,21|3|1.469
259mTHR: 01,04,08|3|1.2894
419mGLY: 02,20,21|3|1.4628
141mGLU: 11,13,18|3|1.2798
336mGLU: 02,15,19|3|2.2875
330mGLY: 02,19,21|3|1.0507
259mGLU: 01,04,08|3|1.7884
141mGLY: 11,13,18|3|1.2961
288mLYS: 02,20,21|3|1.5062
138mASP: 07,18,28|3|1.8715
141mTHR: 11,13,18|3|1.1338
336mTHR: 02,15,19|3|1.9696
336mGLY: 02,15,19|3|2.6881
124mGLY: 07,17,28|3|1.274
428mTHR: 02,20,21|3|1.012
362mPRO: 00,10,16|3|1.0876
362mTHR: 00,10,16|3|1.4836
208mGLU: 01,07,28|3|1.2425
435mASP: 00,10,16|3|1.6816
259mASP: 01,04,08|3|2.2357
201mASN: 07,08,27|3|1.6797
435mALA: 00,10,16|3|1.199
201mGLY: 07,08,27|3|1.4052
201mGLU: 07,08,27|3|2.041
128mCYS: 07,25,26|3|2.5868
141mALA: 11,13,18|3|1.1055
259mLYS: 01,04,08|3|1.7992
330mCYS: 02,19,21|3|3.0695
141mHIS: 11,13,18|3|1.4861
320mCYS: 02,20,21|3|2.7282
217mASP: 06,24,29|3|1.6286
421mTHR: 02,20,21|3|1.6986
362mASP: 00,10,16|3|2.4071
263mLYS: 03,04,09|3|1.4578
419mGLU: 02,20,21|3|1.4923
435mGLU: 00,10,16|3|2.1131
124mTHR: 07,17,28|3|1.2197
388mLYS: 00,16|2|1.1641
334mLYS: 15,19|2|1.7992
220mLYS: 06,29|2|2.1792
324mCYS: 02,21|2|6.2121
220mTHR: 06,29|2|1.2237
361mLYS: 10,16|2|1.5937
267mCYS: 13,18|2|1.0981
249mILE: 05,12|2|1.8274
409mGLU: 15,19|2|1.8626
291mCYS: 02,20|2|1.8466
249mVAL: 05,12|2|2.5837
277mVAL: 10,14|2|1.2319
321mALA: 02,20|2|1.0242
299mASP: 22,23|2|1.1276
377mGLU: 02,19|2|1.0577
277mASP: 10,14|2|1.2682
403mALA: 02,19|2|1.9106
249mHIS: 05,12|2|1.9341
324mPRO: 02,21|2|1.1628
390mALA: 00,15|2|1.1221
355mCYS: 10,29|2|3.548
249mLYS: 05,12|2|3.2282
377mCYS: 02,19|2|1.6466
277mTRP: 10,14|2|1.035
220mALA: 06,29|2|2.229
355mALA: 10,29|2|1.401
324mVAL: 02,21|2|1.5541
220mVAL: 06,29|2|1.7955
196mCYS: 25,26|2|3.3936
133mGLY: 17,25|2|1.2891
277mTHR: 10,14|2|1.5008
199mCYS: 26,27|2|1.4999
299mLYS: 22,23|2|1.5163
401mASP: 02,21|2|1.0657
133mPRO: 17,25|2|1.0349
249mPHE: 05,12|2|1.269
249mPRO: 05,12|2|2.1924
403mCYS: 02,19|2|1.7249
277mPRO: 10,14|2|1.145
361mVAL: 10,16|2|1.0771
277mCYS: 10,14|2|1.9001
277mLEU: 10,14|2|1.2874
232mCYS: 04,08|2|1.467
324mLYS: 02,21|2|2.1986
361mALA: 10,16|2|1.5799
249mASN: 05,12|2|1.5512
361mASP: 10,16|2|1.2724
356mCYS: 10,29|2|2.3936
361mGLU: 10,16|2|1.3832
409mSER: 15,19|2|1.0826
361mCYS: 10,16|2|4.5581
249mSER: 05,12|2|1.1026
220mGLU: 06,29|2|1.7697
196mLYS: 25,26|2|1.6412
306mASP: 09,20|2|1.1702
388mCYS: 00,16|2|3.0673
277mGLU: 10,14|2|1.852
220mPRO: 06,29|2|1.5474
133mLYS: 17,25|2|1.4832
390mCYS: 00,15|2|4.432
277mALA: 10,14|2|1.1264
249mTHR: 05,12|2|1.993
220mASP: 06,29|2|1.9887
267mALA: 13,18|2|1.0778
388mGLY: 00,16|2|1.0642
401mGLU: 02,21|2|1.2495
196mASP: 25,26|2|1.7437
277mILE: 10,14|2|1.2708
324mASP: 02,21|2|1.8138
403mSER: 02,19|2|1.1237
401mCYS: 02,21|2|3.2388
249mALA: 05,12|2|3.231
220mCYS: 06,29|2|5.3265
388mASP: 00,16|2|1.7235
249mCYS: 05,12|2|7.2417
325mCYS: 15,23|2|2.3725
401mALA: 02,21|2|1.2931
335mCYS: 02,19|2|1.0528
360mCYS: 10,16|2|2.5924
133mGLU: 17,25|2|1.5902
277mPHE: 10,14|2|1.3998
249mGLY: 05,12|2|1.8421
196mVAL: 25,26|2|1.0211
377mASP: 02,19|2|1.5331
196mGLU: 25,26|2|1.7504
390mLYS: 00,15|2|1.1568
133mASN: 17,25|2|1.4899
235mCYS: 08,27|2|1.7324
220mILE: 06,29|2|1.1982
249mASP: 05,12|2|2.8434
239mALA: 05,26|2|1.097
409mGLY: 15,19|2|1.4656
277mGLN: 10,14|2|1.1424
377mGLY: 02,19|2|1.3714
269mLYS: 03,09|2|1.0028
328mCYS: 02,23|2|2.065
409mTHR: 15,19|2|1.5547
409mASN: 15,19|2|1.7566
133mASP: 17,25|2|1.8538
401mLYS: 02,21|2|1.3235
220mHIS: 06,29|2|1.4619
197mCYS: 07,26|2|1.5576
249mARG: 05,12|2|1.0401
249mLEU: 05,12|2|1.0286
377mALA: 02,19|2|1.8078
130mCYS: 25,26|2|1.4107
299mCYS: 22,23|2|1.3947
409mLYS: 15,19|2|1.4091
220mGLY: 06,29|2|1.2498
334mGLU: 15,19|2|1.0146
321mCYS: 02,20|2|3.0892
403mGLY: 02,19|2|1.408
239mCYS: 05,26|2|3.162
324mGLU: 02,21|2|1.8516
292mCYS: 22,23|2|1.536
388mALA: 00,16|2|1.4176
355mLYS: 10,29|2|1.1242
403mASP: 02,19|2|1.2507
249mGLN: 05,12|2|1.0296
324mALA: 02,21|2|2.2014
239mLYS: 05,26|2|1.0638
334mCYS: 15,19|2|1.5486
133mTHR: 17,25|2|1.2661
249mGLU: 05,12|2|2.8812
335mGLY: 02,19|2|1.092
387mALA: 16|1|1.059
392mTHR: 15|1|1.164
396mLYS: 21|1|1.3012
258mCYS: 04|1|1.1362
392mLYS: 15|1|1.801
207mTHR: 01|1|1.1078
392mPRO: 15|1|1.3798
430mCYS: 21|1|1.3761
392mGLY: 15|1|1.1814
391mCYS: 15|1|1.7755
364mCYS: 16|1|2.1731
351mCYS: 16|1|1.177
387mCYS: 16|1|1.5129
207mASN: 01|1|1.0356
444mCYS: 10|1|1.7755
333mCYS: 15|1|3.1213
434mCYS: 15|1|1.9795
341mCYS: 19|1|1.0491
392mASP: 15|1|1.674
207mLYS: 01|1|1.1071
396mVAL: 21|1|1.0454
177mCYS: 11|1|1.3761
446mCYS: 10|1|1.177
392mILE: 15|1|1.147
352mCYS: 16|1|1.177
396mALA: 21|1|1.3344
396mASP: 21|1|1.1742
393mCYS: 15|1|1.0491
207mGLU: 01|1|1.0467
252mCYS: 12|1|1.3676
392mHIS: 15|1|1.3228
392mALA: 15|1|1.8342
192mCYS: 06|1|1.3589
333mGLU: 15|1|1.132
289mCYS: 22|1|1.1856
333mALA: 15|1|1.1756
392mGLU: 15|1|1.528
396mGLU: 21|1|1.0282
171mCYS: 29|1|1.177
287mCYS: 21|1|1.3676
396mCYS: 21|1|3.3994
411mASP: 16|1|1.0071
333mLYS: 15|1|1.206
392mCYS: 15|1|3.8992
392mVAL: 15|1|1.5452
