164mGLU: 00,06,09,10,11,15,20,23,24,25|10|9.8316
245mGLU: 00,04,07,09,11,12,14,21,23|9|8.2158
245mASN: 00,04,07,09,11,12,14,21,23|9|3.4307
245mTRP: 00,04,07,09,11,12,14,21,23|9|5.4532
245mALA: 00,04,07,09,11,12,14,21,23|9|6.6571
245mVAL: 00,04,07,09,11,12,14,21,23|9|6.0235
245mILE: 00,04,07,09,11,12,14,21,23|9|6.5386
245mMET: 00,04,07,09,11,12,14,21,23|9|5.3619
245mGLY: 00,04,07,09,11,12,14,21,23|9|5.1842
245mGLN: 00,04,07,09,11,12,14,21,23|9|6.3431
245mHIS: 00,04,07,09,11,12,14,21,23|9|2.8497
245mSER: 00,04,07,09,11,12,14,21,23|9|3.4162
245mTHR: 00,04,07,09,11,12,14,21,23|9|7.2206
245mLEU: 00,04,07,09,11,12,14,21,23|9|7.6117
165mASP: 00,06,09,11,15,20,23,24|8|8.4001
165mTHR: 00,06,09,11,15,20,23,24|8|6.6242
165mGLU: 00,06,09,11,15,20,23,24|8|8.6419
165mASN: 00,06,09,11,15,20,23,24|8|6.1787
165mSER: 00,06,09,11,15,20,23,24|8|5.7078
243mGLU: 00,06,09,11,14,20,23,24|8|6.118
165mGLY: 00,06,09,11,15,20,23,24|8|6.0074
165mILE: 00,06,09,11,15,20,23,24|8|2.2718
165mLYS: 00,06,09,11,15,20,23,24|8|4.2046
165mGLN: 00,06,09,11,15,20,23,24|8|4.9682
244mGLY: 00,04,07,09,11,20,24|7|1.2797
163mGLU: 04,09,11,12,14,23,24|7|1.3095
158mASN: 04,12,14,21,22,29|6|2.6547
249mLYS: 00,04,07,14,21,24|6|1.2546
249mSER: 00,04,07,14,21,24|6|1.1102
237mGLU: 04,07,12,14,21,22|6|2.6519
249mGLY: 00,04,07,14,21,24|6|1.9466
249mASP: 00,04,07,14,21,24|6|2.7826
249mGLN: 00,04,07,14,21,24|6|1.0496
249mGLU: 00,04,07,14,21,24|6|1.9753
268mILE: 01,03,05,19,28|5|5.203
293mGLN: 06,10,15,18,25|5|2.1675
251mGLY: 04,12,14,21,22|5|2.5625
293mGLY: 06,10,15,18,25|5|2.76
274mASP: 02,03,10,15,19|5|2.1375
268mGLU: 01,03,05,19,28|5|7.5
268mMET: 01,03,05,19,28|5|4.282
301mTHR: 02,06,10,15,18|5|2.0938
265mVAL: 01,05,17,19,28|5|1.539
265mALA: 01,05,17,19,28|5|2.0046
218mGLU: 02,03,06,10,15|5|2.3874
300mTHR: 02,06,10,15,18|5|3.1777
268mASN: 01,03,05,19,28|5|4.1201
251mTHR: 04,12,14,21,22|5|2.3912
268mALA: 01,03,05,19,28|5|5.7857
251mASN: 04,12,14,21,22|5|1.8991
146mCYS: 01,03,05,19,28|5|2.3673
218mASN: 02,03,06,10,15|5|1.1097
146mTHR: 01,03,05,19,28|5|2.3045
293mASN: 06,10,15,18,25|5|3.3582
293mGLU: 06,10,15,18,25|5|4.0066
268mGLN: 01,03,05,19,28|5|5.1526
265mGLU: 01,05,17,19,28|5|1.347
293mASP: 06,10,15,18,25|5|3.2184
268mLEU: 01,03,05,19,28|5|5.6126
266mGLU: 01,05,17,19,28|5|5.0446
300mGLU: 02,06,10,15,18|5|3.4182
268mVAL: 01,03,05,19,28|5|6.0386
268mSER: 01,03,05,19,28|5|3.2845
251mSER: 04,12,14,21,22|5|1.9417
251mLYS: 04,12,14,21,22|5|1.6271
293mTHR: 06,10,15,18,25|5|3.115
293mLYS: 06,10,15,18,25|5|2.7584
293mSER: 06,10,15,18,25|5|2.6477
268mGLY: 01,03,05,19,28|5|4.8779
266mTHR: 01,05,17,19,28|5|4.5929
268mASP: 01,03,05,19,28|5|4.3389
190mTHR: 00,02,10,15,25|5|1.83
146mALA: 01,03,05,19,28|5|1.025
251mGLN: 04,12,14,21,22|5|2.0681
268mTHR: 01,03,05,19,28|5|7.0249
301mGLU: 02,06,10,15,18|5|2.8409
205mGLU: 04,07,14,22,29|5|2.8838
240mASP: 00,11,20,23|4|2.2204
377mTHR: 08,13,16,26|4|1.482
377mCYS: 08,13,16,26|4|4.1105
220mLYS: 02,03,10,15|4|1.3141
220mSER: 02,03,10,15|4|1.1378
167mTHR: 09,10,15,25|4|1.8047
220mTHR: 02,03,10,15|4|1.2436
167mGLU: 09,10,15,25|4|2.3597
167mGLY: 09,10,15,25|4|1.8826
219mGLU: 02,10,15,20|4|1.1367
167mSER: 09,10,15,25|4|1.4827
442mGLU: 06,15,18,25|4|1.1647
167mPRO: 09,10,15,25|4|1.165
167mALA: 09,10,15,25|4|2.3565
220mGLY: 02,03,10,15|4|1.5062
220mGLU: 02,03,10,15|4|1.8052
167mLEU: 09,10,15,25|4|2.0203
377mGLU: 08,13,16,26|4|2.6897
203mGLU: 12,14,22,29|4|1.2719
220mASN: 02,03,10,15|4|1.7755
167mASP: 09,10,15,25|4|1.8626
220mASP: 02,03,10,15|4|1.9183
167mGLN: 09,10,15,25|4|1.3988
203mTHR: 12,14,22,29|4|1.0492
378mGLU: 08,13,16,26|4|1.2078
167mMET: 09,10,15,25|4|1.2858
167mILE: 09,10,15,25|4|1.9723
167mCYS: 09,10,15,25|4|3.3202
284mASP: 06,10,15,25|4|1.7205
167mTRP: 09,10,15,25|4|1.1495
378mTHR: 08,13,16,26|4|1.6738
440mGLU: 06,18,25|3|2.5495
299mCYS: 10,15,18|3|2.9018
401mGLN: 13,16,26|3|1.0675
259mASP: 17,22,29|3|1.0098
235mPHE: 12,22,29|3|3.0364
440mLYS: 06,18,25|3|1.5216
259mGLY: 17,22,29|3|1.858
401mTHR: 13,16,26|3|1.1823
239mGLU: 04,07,21|3|1.0063
140mVAL: 02,03,19|3|1.6543
162mCYS: 09,24,25|3|1.0687
440mTHR: 06,18,25|3|2.5153
259mASN: 17,22,29|3|1.2528
278mTHR: 02,10,15|3|1.4218
194mASP: 11,23,24|3|2.7419
235mALA: 12,22,29|3|2.38
259mSER: 17,22,29|3|1.5018
438mTHR: 06,18,25|3|1.1809
235mPRO: 12,22,29|3|2.6768
235mTHR: 12,22,29|3|2.924
235mHIS: 12,22,29|3|1.2116
278mASP: 02,10,15|3|2.4698
235mGLU: 12,22,29|3|3.306
438mGLU: 06,18,25|3|1.8369
401mSER: 13,16,26|3|1.1935
140mLYS: 02,03,19|3|2.1999
401mGLY: 13,16,26|3|1.5624
330mASP: 13,16,27|3|1.4939
278mGLU: 02,10,15|3|1.8426
206mASP: 04,07,14|3|3.1561
290mGLY: 15,18,25|3|1.6569
290mASN: 15,18,25|3|1.7028
440mSER: 06,18,25|3|1.4548
290mTHR: 15,18,25|3|1.5625
401mASP: 13,16,26|3|2.3621
140mGLY: 02,03,19|3|1.4851
401mASN: 13,16,26|3|1.6838
235mGLY: 12,22,29|3|1.942
235mILE: 12,22,29|3|2.7272
341mGLY: 08,13,16|3|2.056
299mASP: 10,15,18|3|1.0472
341mTHR: 08,13,16|3|2.0217
143mPRO: 03,19,28|3|1.2353
143mTHR: 03,19,28|3|1.1434
400mASP: 13,16,26|3|1.2706
235mGLN: 12,22,29|3|2.7116
341mALA: 08,13,16|3|1.3088
235mVAL: 12,22,29|3|2.7296
140mTHR: 02,03,19|3|1.7423
278mGLY: 02,10,15|3|1.7891
235mLEU: 12,22,29|3|3.01
194mGLU: 11,23,24|3|2.2611
440mALA: 06,18,25|3|2.4863
143mGLY: 03,19,28|3|1.2721
140mILE: 02,03,19|3|1.3678
206mGLY: 04,07,14|3|2.8171
194mGLY: 11,23,24|3|1.8747
290mASP: 15,18,25|3|2.6049
440mILE: 06,18,25|3|1.4901
401mGLU: 13,16,26|3|2.1606
235mSER: 12,22,29|3|1.3344
440mGLY: 06,18,25|3|2.3104
341mGLN: 08,13,16|3|1.2386
299mGLU: 10,15,18|3|1.0822
341mASN: 08,13,16|3|1.7686
440mCYS: 06,18,25|3|2.4983
341mVAL: 08,13,16|3|1.4007
235mMET: 12,22,29|3|2.2748
140mASN: 02,03,19|3|1.8369
278mLYS: 02,10,15|3|1.6903
140mGLU: 02,03,19|3|1.1755
311mMET: 10,19,27|3|1.1233
311mGLU: 10,19,27|3|1.1061
235mASN: 12,22,29|3|1.6912
140mSER: 02,03,19|3|1.2783
341mSER: 08,13,16|3|1.229
259mGLU: 17,22,29|3|1.3978
235mASP: 12,22,29|3|2.798
235mCYS: 12,22,29|3|4.166
440mVAL: 06,18,25|3|1.5419
143mALA: 03,19,28|3|1.5641
239mASP: 04,07,21|3|1.2335
206mGLU: 04,07,14|3|3.7567
311mTHR: 10,19,27|3|1.0494
140mALA: 02,03,19|3|2.0953
206mCYS: 04,07,14|3|3.7991
290mGLN: 15,18,25|3|1.3799
278mGLN: 02,10,15|3|1.1122
440mASP: 06,18,25|3|2.3489
440mPRO: 06,18,25|3|1.7461
278mASN: 02,10,15|3|1.8889
440mGLN: 06,18,25|3|1.5208
290mLYS: 15,18,25|3|1.7164
290mSER: 15,18,25|3|1.8959
401mLYS: 13,16,26|3|1.412
278mSER: 02,10,15|3|1.3
341mGLU: 08,13,16|3|2.5184
440mASN: 06,18,25|3|2.0151
330mCYS: 13,16,27|3|2.7301
290mCYS: 15,18,25|3|1.478
290mGLU: 15,18,25|3|2.3253
143mVAL: 03,19,28|3|1.0245
235mTRP: 12,22,29|3|2.5096
278mPRO: 02,10,15|3|1.2205
278mCYS: 02,10,15|3|1.1394
356mCYS: 06,15|2|1.418
280mASP: 10,15|2|1.4756
360mALA: 06,25|2|1.0195
379mLEU: 16,26|2|3.0925
332mGLN: 13,26|2|1.2142
403mLYS: 13,26|2|1.0943
332mGLU: 13,26|2|1.668
379mMET: 16,26|2|2.5521
379mSER: 16,26|2|1.5464
233mCYS: 22,29|2|1.2902
280mGLU: 10,15|2|1.1214
379mASN: 16,26|2|1.8922
327mASP: 13,16|2|1.612
332mSER: 13,26|2|1.1546
403mGLU: 13,26|2|1.6597
332mLYS: 13,26|2|1.3016
332mTHR: 13,26|2|1.1226
232mGLY: 22,29|2|1.2333
201mASP: 14,22|2|1.2881
379mVAL: 16,26|2|2.8
379mCYS: 16,26|2|3.9285
329mASP: 13,27|2|1.3135
201mTHR: 14,22|2|1.2431
356mASP: 06,15|2|1.087
379mASP: 16,26|2|2.7535
327mGLU: 13,16|2|2.0891
356mALA: 06,15|2|1.118
332mGLY: 13,26|2|1.4998
379mTHR: 16,26|2|3.0832
379mPHE: 16,26|2|2.9836
379mILE: 16,26|2|2.7287
356mGLU: 06,15|2|1.3174
379mGLY: 16,26|2|2.1822
232mGLU: 22,29|2|1.46
403mASN: 13,26|2|1.2961
379mGLN: 16,26|2|2.8475
233mGLU: 22,29|2|1.3686
356mTHR: 06,15|2|1.0379
379mPRO: 16,26|2|2.4995
360mCYS: 06,25|2|2.6019
332mASP: 13,26|2|2.0222
327mTHR: 13,16|2|1.0445
379mHIS: 16,26|2|1.5477
379mTRP: 16,26|2|2.6065
306mGLU: 05,17|2|1.6026
201mASN: 14,22|2|1.1592
292mSER: 10,18|2|1.0063
332mASN: 13,26|2|1.4416
201mGLY: 14,22|2|1.0815
201mGLU: 14,22|2|1.7521
379mALA: 16,26|2|2.4064
332mPRO: 13,26|2|1.049
402mASP: 13,26|2|1.1834
403mGLY: 13,26|2|1.1456
306mCYS: 05,17|2|1.0379
327mCYS: 13,16|2|1.6591
273mASP: 01,17|2|1.1868
403mASP: 13,26|2|1.6841
379mGLU: 16,26|2|3.4458
298mLYS: 10,15|2|1.1706
329mCYS: 13,27|2|2.2287
171mASP: 02,15|2|1.1271
345mGLY: 08|1|2.26
139mTHR: 03|1|1.4936
283mPRO: 17|1|1.1529
139mLEU: 03|1|1.5486
283mGLY: 17|1|1.0264
156mTHR: 29|1|1.0494
139mGLU: 03|1|1.7678
283mGLN: 17|1|1.1897
345mASP: 08|1|1.6258
375mCYS: 08|1|1.1849
136mCYS: 03|1|1.5758
368mCYS: 08|1|1.55
318mCYS: 27|1|1.0415
139mGLN: 03|1|1.1162
196mCYS: 04|1|1.0318
283mTRP: 17|1|1.0025
342mLYS: 08|1|1.0415
283mPHE: 17|1|1.2278
139mVAL: 03|1|1.2919
279mGLU: 17|1|1.1544
283mGLU: 17|1|1.5011
283mASP: 17|1|1.5303
283mLEU: 17|1|1.4853
346mASP: 08|1|1.2705
345mPRO: 08|1|2.0037
283mILE: 17|1|1.2973
283mCYS: 17|1|2.5915
156mGLU: 29|1|1.1061
333mCYS: 27|1|1.0382
346mGLU: 08|1|1.1786
139mILE: 03|1|1.2153
139mCYS: 03|1|2.1142
139mALA: 03|1|1.2563
139mASP: 03|1|1.3052
372mCYS: 08|1|1.3871
345mSER: 08|1|1.2586
313mCYS: 17|1|1.0415
156mMET: 29|1|1.1233
334mASP: 27|1|1.0844
345mGLU: 08|1|1.6543
345mASN: 08|1|1.8757
139mPHE: 03|1|1.3684
345mTHR: 08|1|1.1587
334mLEU: 27|1|1.0394
345mLYS: 08|1|2.7712
345mVAL: 08|1|1.4625
139mPRO: 03|1|1.0292
345mALA: 08|1|1.676
139mMET: 03|1|1.0182
436mGLU: 27|1|1.0255
335mASP: 26|1|1.2348
283mTHR: 17|1|1.3219
372mASP: 08|1|1.1911
334mGLU: 27|1|1.0552
345mCYS: 08|1|1.1219
283mALA: 17|1|1.4972
334mALA: 27|1|1.0513
334mCYS: 27|1|2.1456
