242mSER: 02,03,04,06,07,08,10,12,15,20,24,25,29|13|6.1956
242mGLY: 02,03,04,06,07,08,10,12,15,20,24,25,29|13|8.2334
242mALA: 02,03,04,06,07,08,10,12,15,20,24,25,29|13|8.599
242mVAL: 02,03,04,06,07,08,10,12,15,20,24,25,29|13|3.9884
242mILE: 02,03,04,06,07,08,10,12,15,20,24,25,29|13|5.064
242mLYS: 02,03,04,06,07,08,10,12,15,20,24,25,29|13|7.2418
165mASP: 02,03,04,06,10,11,12,15,25,29|10|3.1024
165mGLU: 02,03,04,06,10,11,12,15,25,29|10|6.9962
165mGLY: 02,03,04,06,10,11,12,15,25,29|10|7.4797
194mILE: 02,03,06,07,10,11,12,18,24,25|10|2.4693
165mASN: 02,03,04,06,10,11,12,15,25,29|10|5.4675
194mSER: 02,03,06,07,10,11,12,18,24,25|10|3.4363
194mVAL: 02,03,06,07,10,11,12,18,24,25|10|1.8311
194mLYS: 02,03,06,07,10,11,12,18,24,25|10|2.9413
165mLYS: 02,03,04,06,10,11,12,15,25,29|10|6.703
194mGLY: 02,03,06,07,10,11,12,18,24,25|10|4.4533
194mALA: 02,03,06,07,10,11,12,18,24,25|10|2.9769
165mTHR: 02,03,04,06,10,11,12,15,25,29|10|5.9352
194mLEU: 02,03,06,07,10,11,12,18,24,25|10|1.7333
164mILE: 02,03,04,06,10,12,15,25,29|9|4.8095
164mGLU: 02,03,04,06,10,12,15,25,29|9|9.9783
164mGLY: 02,03,04,06,10,12,15,25,29|9|8.8268
164mVAL: 02,03,04,06,10,12,15,25,29|9|3.258
164mLEU: 02,03,04,06,10,12,15,25,29|9|2.7277
164mALA: 02,03,04,06,10,12,15,25,29|9|7.2466
164mSER: 02,03,04,06,10,12,15,25,29|9|7.4589
193mGLU: 02,07,11,12,18,20,24,29|8|3.4239
193mHIS: 02,07,11,12,18,20,24,29|8|2.3899
193mSER: 02,07,11,12,18,20,24,29|8|3.4929
193mGLY: 02,07,11,12,18,20,24,29|8|4.3914
193mTHR: 02,07,11,12,18,20,24,29|8|2.3461
193mASN: 02,07,11,12,18,20,24,29|8|1.3877
219mSER: 02,07,11,12,18,24,29|7|1.8441
217mALA: 07,11,12,18,19,24,29|7|3.4784
217mLYS: 07,11,12,18,19,24,29|7|2.9931
217mGLU: 07,11,12,18,19,24,29|7|3.8951
217mSER: 07,11,12,18,19,24,29|7|3.1458
219mGLY: 02,07,11,12,18,24,29|7|2.2879
178mVAL: 00,05,16,17,19,21|6|1.2454
178mSER: 00,05,16,17,19,21|6|1.4685
178mGLY: 00,05,16,17,19,21|6|1.8506
146mGLY: 00,05,16,17,19,21|6|4.8208
146mLYS: 00,05,16,17,19,21|6|3.938
146mASN: 00,05,16,17,19,21|6|3.9885
146mTHR: 00,05,16,17,19,21|6|5.8166
180mALA: 00,05,16,17,19,21|6|1.5308
146mASP: 00,05,16,17,19,21|6|3.1246
180mGLU: 00,05,16,17,19,21|6|3.8896
146mGLU: 00,05,16,17,19,21|6|6.579
178mALA: 00,05,16,17,19,21|6|1.8714
251mGLY: 04,08,15,23,25|5|4.3762
251mALA: 04,08,15,23,25|5|3.9856
251mTHR: 04,08,15,23,25|5|3.5185
251mASN: 04,08,15,23,25|5|3.081
251mSER: 04,08,15,23,25|5|3.7317
266mGLU: 00,05,16,17,19|5|2.1372
251mHIS: 04,08,15,23,25|5|2.5788
251mGLU: 04,08,15,23,25|5|4.4374
251mLYS: 04,08,15,23,25|5|3.7301
251mPRO: 04,08,15,23,25|5|1.3823
251mVAL: 04,08,15,23,25|5|2.6874
251mILE: 04,08,15,23,25|5|3.5216
266mTHR: 00,05,16,17,19|5|1.8504
251mASP: 04,08,15,23,25|5|2.475
339mTHR: 01,09,22,26,28|5|1.4104
167mASN: 06,10,12,29|4|1.1854
190mSER: 06,11,18,29|4|1.1811
265mLYS: 00,05,17,19|4|2.8568
331mSER: 01,22,26,28|4|1.2605
167mMET: 06,10,12,29|4|1.664
167mSER: 06,10,12,29|4|1.5889
190mASN: 06,11,18,29|4|1.1235
336mALA: 01,22,26,28|4|3.8211
336mSER: 01,22,26,28|4|2.2393
167mHIS: 06,10,12,29|4|1.9413
190mGLU: 06,11,18,29|4|1.6173
167mGLU: 06,10,12,29|4|1.156
336mASP: 01,22,26,28|4|2.0091
265mGLU: 00,05,17,19|4|3.2438
142mGLU: 05,16,19,21|4|2.6302
167mALA: 06,10,12,29|4|1.0791
167mLEU: 06,10,12,29|4|1.0771
265mTHR: 00,05,17,19|4|2.8338
356mGLU: 04,12,13,25|4|1.5176
331mGLY: 01,22,26,28|4|2.1321
336mGLU: 01,22,26,28|4|3.048
265mSER: 00,05,17,19|4|1.4498
336mLEU: 01,22,26,28|4|2.3804
181mGLY: 00,05,17,21|4|1.0478
190mTHR: 06,11,18,29|4|1.2582
330mGLY: 01,22,26,28|4|1.5765
336mTHR: 01,22,26,28|4|1.7725
336mGLY: 01,22,26,28|4|2.5516
167mGLY: 06,10,12,29|4|1.8007
336mCYS: 01,22,26,28|4|4.0397
167mVAL: 06,10,12,29|4|1.0411
265mGLY: 00,05,17,19|4|1.952
190mGLY: 06,11,18,29|4|1.2003
336mILE: 01,22,26,28|4|1.4512
120mILE: 05,16,21|3|1.7001
403mPHE: 01,26,28|3|1.1316
305mTHR: 16,17,19|3|1.3828
345mGLY: 09,14,27|3|1.1174
403mLEU: 01,26,28|3|2.2365
136mALA: 07,21,24|3|1.1807
127mGLY: 07,08,20|3|1.1612
359mALA: 04,13,25|3|2.488
120mCYS: 05,16,21|3|4.2714
136mLYS: 07,21,24|3|1.0465
262mGLU: 00,05,17|3|1.279
120mALA: 05,16,21|3|3.3351
403mALA: 01,26,28|3|3.4266
249mHIS: 03,08,29|3|1.0424
249mLYS: 03,08,29|3|1.1889
120mTHR: 05,16,21|3|1.2053
403mLYS: 01,26,28|3|2.0958
335mALA: 22,26,28|3|2.0182
408mHIS: 01,09,22|3|1.4077
410mCYS: 01,09,22|3|1.9811
403mILE: 01,26,28|3|2.5707
410mGLY: 01,09,22|3|1.1317
136mGLU: 07,21,24|3|1.556
403mHIS: 01,26,28|3|2.0961
403mCYS: 01,26,28|3|4.1505
261mALA: 00,05,17|3|2.6083
359mLYS: 04,13,25|3|1.9026
249mASN: 03,08,29|3|1.0741
249mSER: 03,08,29|3|1.0484
261mMET: 00,05,17|3|1.2902
249mTHR: 03,08,29|3|1.0661
120mGLY: 05,16,21|3|2.5972
261mGLY: 00,05,17|3|2.8945
136mTHR: 07,21,24|3|1.0394
359mTHR: 04,13,25|3|1.4025
403mGLU: 01,26,28|3|1.5066
120mSER: 05,16,21|3|1.9326
120mLYS: 05,16,21|3|2.4789
408mGLU: 01,09,22|3|1.3541
261mASP: 00,05,17|3|1.2609
344mCYS: 09,14,27|3|1.2218
261mLEU: 00,05,17|3|1.6405
403mSER: 01,26,28|3|2.5878
261mVAL: 00,05,17|3|1.6759
136mASN: 07,21,24|3|1.1886
136mSER: 07,21,24|3|1.4505
119mTHR: 05,16,21|3|1.1802
249mGLY: 03,08,29|3|1.352
261mGLU: 00,05,17|3|2.4794
408mSER: 01,09,22|3|1.3811
120mASP: 05,16,21|3|1.5247
262mLYS: 00,05,17|3|1.5429
136mGLY: 07,21,24|3|1.3081
261mSER: 00,05,17|3|2.5284
261mTHR: 00,05,17|3|1.8105
272mLYS: 16,17,19|3|1.1107
261mASN: 00,05,17|3|1.692
408mASN: 01,09,22|3|1.4336
305mASN: 16,17,19|3|1.2507
261mILE: 00,05,17|3|2.0705
403mVAL: 01,26,28|3|2.2746
120mGLU: 05,16,21|3|1.8956
403mMET: 01,26,28|3|1.6671
261mHIS: 00,05,17|3|1.876
403mGLY: 01,26,28|3|3.2664
305mGLU: 16,17,19|3|1.0542
261mLYS: 00,05,17|3|2.5099
408mGLY: 01,09,22|3|1.6204
410mALA: 01,09,22|3|1.7435
249mGLU: 03,08,29|3|1.041
440mGLU: 12,13|2|2.0843
440mLYS: 12,13|2|2.0799
259mGLY: 00,23|2|1.0559
360mALA: 13,27|2|1.6555
401mTHR: 26,28|2|1.3392
130mGLU: 11,18|2|1.4412
400mSER: 26,28|2|1.2077
122mALA: 16,21|2|1.9999
440mTHR: 12,13|2|1.5814
259mASN: 00,23|2|1.1973
349mGLY: 14,27|2|1.05
348mGLY: 14,27|2|1.1182
349mALA: 14,27|2|1.3029
401mLEU: 26,28|2|1.0583
438mTHR: 12,13|2|1.0268
229mGLY: 00,05|2|1.1987
201mLYS: 08,23|2|1.025
365mCYS: 13,27|2|2.9026
438mGLU: 12,13|2|1.0101
401mSER: 26,28|2|1.7503
365mILE: 13,27|2|1.0355
229mCYS: 00,05|2|1.5686
401mGLY: 26,28|2|1.6079
358mGLY: 04,25|2|1.1245
229mSER: 00,05|2|1.0628
362mALA: 12,13|2|1.0367
293mLYS: 12,13|2|1.2597
358mALA: 04,25|2|2.0463
401mVAL: 26,28|2|1.2159
401mILE: 26,28|2|1.2421
400mALA: 26,28|2|1.0653
122mTHR: 16,21|2|1.0332
229mALA: 00,05|2|1.6122
369mILE: 13,27|2|1.065
401mASN: 26,28|2|1.4884
364mALA: 13,27|2|1.3085
370mGLU: 13,27|2|1.1651
130mASN: 11,18|2|1.3371
401mGLU: 26,28|2|1.8558
400mGLY: 26,28|2|1.2092
122mASP: 16,21|2|1.2346
364mCYS: 13,27|2|1.5385
122mCYS: 16,21|2|2.5876
369mCYS: 13,27|2|2.3951
122mGLY: 16,21|2|1.9117
349mCYS: 14,27|2|2.3535
201mTHR: 08,23|2|1.3441
233mTHR: 04,23|2|1.5666
346mSER: 14,27|2|1.4616
201mGLU: 08,23|2|1.2442
122mLYS: 16,21|2|1.8584
229mGLU: 00,05|2|1.5633
401mHIS: 26,28|2|1.1751
182mALA: 00,05|2|1.2736
281mALA: 12,13|2|1.2643
365mALA: 13,27|2|1.7685
440mILE: 12,13|2|1.0054
346mGLU: 14,27|2|2.562
259mHIS: 00,23|2|1.0852
346mASP: 14,27|2|1.1621
440mGLY: 12,13|2|1.5025
293mASN: 12,13|2|1.2656
440mSER: 12,13|2|1.1835
293mTHR: 12,13|2|1.4177
346mTHR: 14,27|2|1.5736
390mGLY: 01,22|2|1.0377
400mGLU: 26,28|2|1.3424
346mILE: 14,27|2|1.1129
440mCYS: 12,13|2|2.768
182mGLY: 00,05|2|1.1909
281mSER: 12,13|2|1.0691
369mALA: 13,27|2|2.0923
293mALA: 12,13|2|1.0023
369mGLY: 13,27|2|1.4756
440mALA: 12,13|2|1.7912
203mTHR: 08,23|2|1.2648
401mALA: 26,28|2|1.4805
233mASN: 04,23|2|1.5341
122mGLU: 16,21|2|1.2507
130mSER: 11,18|2|1.2516
214mSER: 07,24|2|1.0257
281mGLU: 12,13|2|1.4538
400mASN: 26,28|2|1.2477
346mLYS: 14,27|2|1.1518
259mTHR: 00,23|2|1.1671
122mILE: 16,21|2|1.5124
358mLYS: 04,25|2|1.3097
293mSER: 12,13|2|1.2021
346mGLY: 14,27|2|1.582
365mLEU: 13,27|2|1.2014
369mSER: 13,27|2|1.1798
122mHIS: 16,21|2|1.025
400mLYS: 26,28|2|1.047
365mGLY: 13,27|2|1.082
130mLYS: 11,18|2|1.3901
346mALA: 14,27|2|1.9499
214mHIS: 07,24|2|1.1299
362mTHR: 12,13|2|1.0528
130mGLY: 11,18|2|1.4063
201mASN: 08,23|2|1.3555
281mASP: 12,13|2|1.325
370mTHR: 13,27|2|1.0181
401mLYS: 26,28|2|1.3463
440mASP: 12,13|2|1.1232
364mGLY: 13,27|2|1.3353
130mTHR: 11,18|2|1.3061
122mSER: 16,21|2|1.4195
360mCYS: 13,27|2|2.0403
214mGLY: 07,24|2|1.1811
376mASN: 26|1|1.1541
375mASN: 14|1|1.12
267mTHR: 19|1|1.4668
451mGLY: 27|1|1.0191
267mGLU: 19|1|1.3669
376mGLU: 26|1|1.104
376mLYS: 26|1|1.0246
267mLYS: 19|1|1.1477
267mASN: 19|1|1.4782
267mSER: 19|1|1.0332
376mTHR: 26|1|1.1845
435mTHR: 13|1|1.0456
435mASN: 13|1|1.0152
375mPRO: 14|1|1.0937
267mGLY: 19|1|1.0889
451mCYS: 27|1|1.0589
451mGLU: 27|1|1.0528
375mTHR: 14|1|1.3296
