165mASP: 01,02,06,07,10,14,15,16,17,19,29|11|7.3725
243mTHR: 01,02,06,07,08,10,14,15,16,19,29|11|7.1241
165mCYS: 01,02,06,07,10,14,15,16,17,19,29|11|8.1128
165mGLU: 01,02,06,07,10,14,15,16,17,19,29|11|8.4855
164mCYS: 01,02,06,07,10,14,15,16,17,19,29|11|8.0462
165mSER: 01,02,06,07,10,14,15,16,17,19,29|11|5.4799
242mGLU: 01,02,06,07,08,10,14,15,16,19,29|11|8.3
165mPRO: 01,02,06,07,10,14,15,16,17,19,29|11|6.6394
165mGLY: 01,02,06,07,10,14,15,16,17,19,29|11|6.7003
165mILE: 01,02,06,07,10,14,15,16,17,19,29|11|5.6357
164mTHR: 01,02,06,07,10,14,15,16,17,19,29|11|9.9806
165mTHR: 01,02,06,07,10,14,15,16,17,19,29|11|10.2989
244mTHR: 01,02,06,07,08,10,13,15,29|9|6.0115
194mTHR: 06,07,08,14,15,16,19|7|2.4522
194mGLU: 06,07,08,14,15,16,19|7|2.059
241mALA: 01,08,10,15,16,19|6|1.9886
241mGLN: 01,08,10,15,16,19|6|1.2961
241mVAL: 01,08,10,15,16,19|6|2.1277
241mTHR: 01,08,10,15,16,19|6|2.6287
241mSER: 01,08,10,15,16,19|6|1.1009
241mGLU: 01,08,10,15,16,19|6|2.341
147mTHR: 12,24,25,27,28|5|2.5112
265mCYS: 04,12,24,27,28|5|3.3331
146mTHR: 04,12,24,25,28|5|2.1263
163mGLU: 02,14,17,19,29|5|1.302
142mASN: 12,24,25,27,28|5|2.2105
146mGLU: 04,12,24,25,28|5|1.4308
147mGLU: 12,24,25,27,28|5|2.7359
142mLYS: 12,24,25,27,28|5|1.8379
142mTHR: 12,24,25,27,28|5|1.9111
163mTHR: 02,14,17,19,29|5|1.804
251mTHR: 09,10,14,17|4|4.0988
250mCYS: 09,10,14,17|4|2.1469
251mALA: 09,10,14,17|4|4.8927
263mASP: 04,12,24,28|4|1.529
268mALA: 04,12,24,28|4|1.5037
251mSER: 09,10,14,17|4|2.619
266mASP: 04,12,24,28|4|2.4076
266mASN: 04,12,24,28|4|1.0791
251mASP: 09,10,14,17|4|4.5647
251mGLY: 09,10,14,17|4|3.2304
251mLEU: 09,10,14,17|4|3.4575
263mCYS: 04,12,24,28|4|2.8035
266mGLU: 04,12,24,28|4|3.0872
251mPRO: 09,10,14,17|4|3.0793
251mGLU: 09,10,14,17|4|4.5076
400mTHR: 03,18,20,22|4|2.1085
190mCYS: 06,07,15,23|4|3.0692
262mTHR: 04,12,24,27|4|1.0359
400mGLU: 03,18,20,22|4|1.0675
251mILE: 09,10,14,17|4|3.224
400mASN: 03,18,20,22|4|1.658
266mTHR: 04,12,24,28|4|3.4904
251mTRP: 09,10,14,17|4|1.9889
251mGLN: 09,10,14,17|4|3.1466
204mALA: 09,14,17,25|4|1.1554
251mCYS: 09,10,14,17|4|7.3636
190mASP: 06,07,15,23|4|1.2308
262mLYS: 04,12,24,27|4|2.4452
398mTHR: 18,20,22|3|1.768
440mGLU: 00,11,21|3|2.393
440mLYS: 00,11,21|3|4.7648
440mTHR: 00,11,21|3|4.1255
399mLYS: 18,20,22|3|2.8455
235mALA: 09,14,17|3|1.3813
438mTHR: 00,11,21|3|2.6422
261mLEU: 04,18,28|3|1.0898
181mASN: 12,25,27|3|1.6652
119mTHR: 12,25,27|3|1.1014
130mALA: 06,08,16|3|2.4298
438mGLU: 00,11,21|3|2.4595
181mLYS: 12,25,27|3|2.258
249mLYS: 10,17,29|3|2.3399
438mASP: 00,11,21|3|2.4812
398mLYS: 18,20,22|3|2.4477
134mCYS: 06,08,13|3|2.3679
438mASN: 00,11,21|3|1.8642
440mARG: 00,11,21|3|1.1491
130mILE: 06,08,16|3|1.5856
399mPRO: 18,20,22|3|1.2584
456mILE: 09,18,20|3|1.0872
130mGLY: 06,08,16|3|1.5511
440mASN: 00,11,21|3|3.6583
440mPRO: 00,11,21|3|3.3755
249mPRO: 10,17,29|3|1.1748
261mALA: 04,18,28|3|2.067
439mTHR: 00,11,21|3|1.4927
217mTHR: 13,16,23|3|1.2028
178mGLU: 12,24,28|3|1.1743
398mASN: 18,20,22|3|1.2188
261mGLY: 04,18,28|3|1.2126
440mASP: 00,11,21|3|1.6593
456mALA: 09,18,20|3|1.6273
261mCYS: 04,18,28|3|2.3235
181mGLU: 12,25,27|3|1.4301
178mCYS: 12,24,28|3|1.0423
130mASP: 06,08,16|3|1.6696
261mASP: 04,18,28|3|1.4807
440mILE: 00,11,21|3|2.0739
181mTHR: 12,25,27|3|3.1846
438mSER: 00,11,21|3|1.5104
249mTHR: 10,17,29|3|1.7539
440mGLY: 00,11,21|3|2.1238
440mSER: 00,11,21|3|1.5888
440mCYS: 00,11,21|3|1.6699
203mTHR: 09,14,17|3|1.0368
249mASP: 10,17,29|3|2.0927
399mTHR: 18,20,22|3|2.4893
456mGLY: 09,18,20|3|1.1798
249mGLY: 10,17,29|3|1.6221
438mGLY: 00,11,21|3|1.343
261mGLU: 04,18,28|3|1.0616
456mCYS: 09,18,20|3|1.9678
261mSER: 04,18,28|3|1.4437
235mASP: 09,14,17|3|1.5892
235mCYS: 09,14,17|3|2.3664
439mLYS: 00,11,21|3|1.1546
399mASN: 18,20,22|3|1.971
436mTHR: 00,21,26|3|1.0491
438mLYS: 00,11,21|3|2.5623
439mALA: 00,11,21|3|1.0785
390mGLU: 00,21,26|3|1.0794
119mLYS: 12,25,27|3|1.8964
249mCYS: 10,17,29|3|2.7119
440mGLN: 00,11,21|3|1.6111
440mALA: 00,11,21|3|1.7861
261mLYS: 04,18,28|3|1.3437
249mGLU: 10,17,29|3|1.1513
274mTHR: 23,24|2|1.0494
297mASP: 06,23|2|1.2747
258mGLY: 04,18|2|1.3106
423mTHR: 18,20|2|1.8981
425mSER: 18,20|2|1.3025
362mGLY: 00,11|2|2.334
329mHIS: 00,21|2|1.5925
423mGLU: 18,20|2|1.728
259mALA: 04,18|2|1.3189
329mTHR: 00,21|2|1.0007
421mCYS: 18,20|2|3.1136
237mASP: 09,14|2|2.142
172mGLN: 06,23|2|1.7428
196mGLU: 08,13|2|1.2527
226mTHR: 12,25|2|1.4022
172mGLY: 06,23|2|1.4029
421mALA: 18,20|2|1.7873
454mASP: 09,18|2|1.3279
421mILE: 18,20|2|1.5066
421mPRO: 18,20|2|1.7913
258mCYS: 04,18|2|2.4773
362mALA: 00,11|2|1.7923
379mCYS: 03,20|2|2.5915
329mSER: 00,21|2|1.484
329mGLN: 00,21|2|1.2014
297mGLU: 06,23|2|1.385
362mCYS: 00,11|2|2.6418
272mGLY: 24,28|2|1.0588
362mASN: 00,11|2|2.0673
122mTHR: 25,27|2|1.5595
421mGLU: 18,20|2|2.9253
421mGLY: 18,20|2|1.5596
421mTHR: 18,20|2|2.9846
362mGLU: 00,11|2|2.1188
441mALA: 11,21|2|1.2931
172mMET: 06,23|2|1.2532
454mLYS: 09,18|2|1.1628
281mTHR: 06,23|2|1.1478
122mASN: 25,27|2|1.0609
264mLYS: 24,28|2|1.0869
274mGLU: 23,24|2|1.1061
318mASP: 05,11|2|1.2146
435mCYS: 00,11|2|2.2742
258mLYS: 04,18|2|1.2242
172mGLU: 06,23|2|3.0173
441mLYS: 11,21|2|1.1518
264mASP: 24,28|2|1.6595
226mGLU: 12,25|2|1.0551
196mASN: 08,13|2|1.0363
362mLYS: 00,11|2|2.9885
426mVAL: 18,20|2|1.2152
196mTHR: 08,13|2|1.3979
258mALA: 04,18|2|1.9313
379mASP: 03,20|2|1.5303
237mGLU: 09,14|2|1.8754
172mASN: 06,23|2|1.593
426mLYS: 18,20|2|1.0976
281mMET: 06,23|2|1.0593
172mLEU: 06,23|2|1.9048
297mALA: 06,23|2|1.1132
281mALA: 06,23|2|1.2859
379mGLY: 03,20|2|1.0264
122mCYS: 25,27|2|1.0178
160mALA: 09,17|2|1.0367
378mALA: 03,20|2|1.0582
264mTHR: 24,28|2|1.3569
346mGLU: 18,20|2|1.1298
454mTHR: 09,18|2|1.3598
421mASN: 18,20|2|1.7577
281mHIS: 06,23|2|1.3748
272mASN: 24,28|2|1.7442
423mLYS: 18,20|2|1.2236
362mSER: 00,11|2|1.5043
172mASP: 06,23|2|1.7924
421mSER: 18,20|2|1.8614
421mLYS: 18,20|2|1.7259
454mGLY: 09,18|2|1.0547
281mSER: 06,23|2|1.3747
122mGLU: 25,27|2|1.2124
362mILE: 00,11|2|1.2111
435mTHR: 00,11|2|2.3102
329mGLU: 00,21|2|1.0691
281mGLU: 06,23|2|1.3779
120mASP: 25,27|2|1.2331
172mCYS: 06,23|2|2.5212
226mPRO: 12,25|2|1.0252
258mASP: 04,18|2|1.3654
172mPRO: 06,23|2|1.4435
426mALA: 18,20|2|1.8206
307mGLU: 05,11|2|1.1653
172mVAL: 06,23|2|1.8518
272mLYS: 24,28|2|2.0859
172mALA: 06,23|2|1.6842
172mSER: 06,23|2|1.2168
318mGLU: 05,11|2|1.2384
454mASN: 09,18|2|1.1023
362mPRO: 00,11|2|1.763
426mGLY: 18,20|2|1.0048
362mTHR: 00,11|2|2.1901
421mASP: 18,20|2|2.598
435mASP: 00,11|2|2.1369
281mASP: 06,23|2|1.0865
120mGLU: 25,27|2|1.0017
272mTHR: 24,28|2|1.9428
172mPHE: 06,23|2|1.9877
172mTHR: 06,23|2|2.4298
454mGLU: 09,18|2|1.3153
379mALA: 03,20|2|1.4972
237mTHR: 09,14|2|2.4383
172mTRP: 06,23|2|1.5395
122mPRO: 25,27|2|1.1825
171mCYS: 06,23|2|1.0273
281mGLY: 06,23|2|1.2889
172mILE: 06,23|2|1.8613
421mGLN: 18,20|2|2.0583
362mASP: 00,11|2|2.6587
264mCYS: 24,28|2|1.5628
435mGLU: 00,11|2|1.8601
237mCYS: 09,14|2|1.6181
274mMET: 23,24|2|1.1233
396mTYR: 22|1|1.1214
293mCYS: 21|1|1.7584
293mHIS: 21|1|1.1374
396mLYS: 22|1|2.811
377mTHR: 03|1|1.5496
342mTRP: 03|1|1.0348
366mALA: 00|1|1.2284
411mCYS: 26|1|1.0182
342mGLY: 03|1|1.4079
293mGLU: 21|1|1.0681
356mGLY: 11|1|1.2389
201mLYS: 14|1|1.0189
342mILE: 03|1|1.2635
396mILE: 22|1|1.497
365mCYS: 00|1|1.3773
407mGLU: 26|1|1.0709
366mLYS: 00|1|1.0371
366mCYS: 00|1|1.3205
139mALA: 13|1|1.2094
407mTHR: 26|1|1.1536
293mLYS: 21|1|1.0188
396mTRP: 22|1|1.4031
288mTHR: 22|1|1.491
342mTHR: 03|1|1.7031
323mALA: 22|1|1.1898
273mLYS: 28|1|1.1264
167mGLU: 23|1|1.1264
396mPRO: 22|1|2.2239
396mGLN: 22|1|1.4532
396mGLY: 22|1|1.6341
288mPRO: 22|1|1.2057
342mLYS: 03|1|1.0367
366mASP: 00|1|1.2273
293mASP: 21|1|1.2649
288mASP: 22|1|1.3275
396mTHR: 22|1|2.6967
342mCYS: 03|1|2.1686
288mGLY: 22|1|1.1269
444mCYS: 11|1|1.5222
345mCYS: 03|1|1.0322
407mCYS: 26|1|1.0937
377mGLU: 03|1|1.2862
342mGLU: 03|1|1.6823
356mGLU: 11|1|1.39
365mALA: 00|1|1.0326
396mARG: 22|1|1.3029
139mCYS: 13|1|2.0585
342mASP: 03|1|2.0396
396mSER: 22|1|1.1895
356mTHR: 11|1|1.9572
342mALA: 03|1|1.5417
342mASN: 03|1|1.1884
407mVAL: 26|1|1.0568
407mALA: 26|1|1.1245
342mPRO: 03|1|1.3966
356mASP: 11|1|1.4818
293mALA: 21|1|1.1595
288mLYS: 22|1|1.6186
327mLYS: 22|1|1.1093
342mLEU: 03|1|1.3405
396mASP: 22|1|1.761
444mALA: 11|1|1.1196
409mTHR: 26|1|1.0214
396mCYS: 22|1|1.4184
273mTHR: 28|1|1.0502
356mASN: 11|1|1.9149
396mASN: 22|1|2.4111
288mGLU: 22|1|1.1451
342mPHE: 03|1|1.1178
288mASN: 22|1|1.5439
396mGLU: 22|1|2.0328
342mGLN: 03|1|2.1893
342mSER: 03|1|1.978
205mGLU: 25|1|1.1653
356mPRO: 11|1|1.5143
356mLYS: 11|1|2.1229
