M = 324 326 331 
293 296 299 | 329 331 336 | 335 336 339 | 359 360 364 | 279 282 283 | 438 439 440 | 344 345 346 | 323 324 329 | 316 319 322 | 345 346 370 | 438 439 440 | 326 329 334 | 288 293 313 | 336 339 408 | 341 377 379 | 336 337 403 | 278 281 284 | 385 408 412 | 281 284 290 | 356 359 361 | 336 337 408 | 388 410 411 | 290 317 318 | 336 339 403 | 290 292 293 | 408 410 411 | 286 290 293 | 319 322 326 | 312 316 319 | 336 337 339 | 345 346 347 | 293 297 300 | 284 286 288 | 336 337 405 | 341 376 405 | 336 408 409 | 318 319 322 | 339 341 415 | 336 339 403 | 281 290 293 | 401 403 419 | 339 340 341 | 341 343 377 | 293 297 300 | 299 305 311 | 323 326 327 | 312 317 318 | 434 440 443 | 438 440 441 | 341 344 379 | 296 300 308 | 336 339 403 | 336 407 408 | 

M = 146 178 265 
146 266 267 | 146 265 269 | 146 265 266 | 119 123 124 | 144 146 147 | 147 262 265 | 146 265 266 | 146 178 179 | 267 268 273 | 147 178 180 | 147 262 263 | 146 264 266 | 299 303 309 | 177 261 265 | 265 266 268 | 120 124 208 | 181 261 262 | 146 147 178 | 119 120 121 | 181 229 261 | 178 261 265 | 178 229 261 | 147 178 180 | 146 266 268 | 146 147 268 | 301 303 305 | 299 303 305 | 279 303 306 | 146 266 267 | 147 178 180 | 232 259 261 | 177 178 180 | 146 147 268 | 146 266 268 | 146 266 268 | 142 145 146 | 258 259 261 | 146 265 268 | 119 120 122 | 146 266 268 | 146 266 268 | 146 265 269 | 146 147 266 | 146 147 178 | 147 266 268 | 146 265 266 | 146 265 266 | 146 265 268 | 146 267 268 | 177 180 262 | 265 266 268 | 178 181 261 | 146 264 267 | 119 120 122 | 299 303 305 | 144 146 147 | 

M = 197 241 249 
203 205 206 | 193 194 242 | 196 245 248 | 201 204 206 | 165 190 194 | 193 194 242 | 165 167 190 | 194 242 245 | 164 165 249 | 122 123 135 | 164 165 167 | 242 245 248 | 242 245 248 | 157 164 165 | 130 134 219 | 161 164 167 | 127 196 197 | 242 243 244 | 242 243 245 | 194 242 245 | 165 248 249 | 194 242 244 | 165 190 194 | 242 243 246 | 164 165 249 | 190 217 220 | 194 242 244 | 194 241 242 | 196 237 239 | 194 241 243 | 201 206 208 | 242 245 248 | 122 123 138 | 196 242 244 | 237 248 251 | 242 245 248 | 164 165 249 | 194 196 242 | 161 164 167 | 242 245 248 | 123 136 139 | 164 165 249 | 193 194 242 | 124 126 127 | 243 244 245 | 132 193 197 | 157 158 251 | 158 163 250 | 165 167 190 | 206 235 237 | 196 242 244 | 193 196 242 | 196 242 245 | 242 245 248 | 242 243 244 | 165 190 194 | 157 235 251 | 242 243 244 | 159 162 251 | 128 131 194 | 165 190 194 | 157 164 165 | 127 130 135 | 164 165 168 | 193 194 242 | 165 248 249 | 193 194 242 | 193 196 242 | 242 244 245 | 205 206 235 | 164 165 249 | 165 167 168 | 242 245 248 | 123 127 208 | 163 164 165 | 242 243 244 | 241 242 244 | 164 165 167 | 123 127 134 | 158 249 251 | 242 243 245 | 242 245 248 | 242 243 244 | 123 127 208 | 164 165 167 | 

FREQUENCIES
242: 34
146: 29
165: 21
194: 17
266: 16
245: 16
265: 15
268: 14
164: 14
147: 13
244: 12
248: 12
336: 12
178: 12
243: 10
196: 9
249: 9
193: 8
339: 8
167: 8
261: 8
123: 7
293: 7
190: 7
127: 6
341: 6
408: 6
403: 5
267: 5
299: 5
303: 5
290: 5
251: 5
180: 5
206: 5
120: 4
262: 4
122: 4
319: 4
119: 4
440: 4
305: 4
241: 4
337: 4
157: 4
326: 4
208: 4
345: 3
346: 3
281: 3
284: 3
318: 3
197: 3
300: 3
438: 3
177: 3
181: 3
158: 3
235: 3
237: 3
322: 3
329: 3
124: 3
130: 2
135: 2
134: 2
344: 2
264: 2
269: 2
379: 2
410: 2
411: 2
296: 2
377: 2
317: 2
279: 2
439: 2
331: 2
259: 2
288: 2
405: 2
312: 2
316: 2
163: 2
168: 2
229: 2
161: 2
286: 2
297: 2
323: 2
324: 2
201: 2
144: 2
205: 2
359: 2
217: 1
126: 1
219: 1
132: 1
131: 1
136: 1
139: 1
138: 1
347: 1
401: 1
343: 1
283: 1
282: 1
409: 1
128: 1
415: 1
412: 1
370: 1
292: 1
376: 1
313: 1
273: 1
278: 1
443: 1
364: 1
360: 1
361: 1
308: 1
309: 1
301: 1
441: 1
306: 1
246: 1
385: 1
388: 1
419: 1
434: 1
335: 1
334: 1
258: 1
179: 1
250: 1
203: 1
407: 1
340: 1
311: 1
142: 1
162: 1
220: 1
159: 1
239: 1
232: 1
327: 1
145: 1
204: 1
263: 1
121: 1
356: 1
