D102m2.txt,0, | 206 235 237 | 278 299 303 | 175 178 267 | ,Score: 0

D106m3.txt,0, | 128 132 194 | 178 261 265 | 157 164 249 | ,Score: 0

D107m0.txt,0, | 126 130 197 | 296 311 318 | 146 265 271 | ,Score: 0

D110m2.txt,0, | 122 124 138 | 283 286 288 | 275 280 283 | ,Score: 0

D202m2.txt,0, | 325 331 401 | 157 163 250 | 191 194 242 | ,Score: 0

D203m5.txt,0, | 438 439 441 | 345 347 370 | 165 190 194 | ,Score: 0

D204m0.txt,0, | 130 194 220 | 157 163 167 | 196 237 249 | ,Score: 0

D206mR.txt,0, | 320 324 327 | 279 284 291 | 165 190 240 | ,Score: 0

D210m8.txt,0, | 157 164 249 | 158 237 250 | 146 178 266 | ,Score: 0

D214m3.txt,0, | 146 178 265 | 178 181 261 | 388 391 412 | ,Score: 0

D215m7.txt,0, | 293 296 300 | 178 182 261 | 123 127 208 | ,Score: 0

D216m1.txt,0, | 157 235 250 | 293 299 313 | 142 144 146 | ,Score: 0

D217m3.txt,0, | 291 313 316 | 281 290 296 | 146 178 266 | ,Score: 0

D218m7.txt,0, | 147 178 262 | 134 193 219 | 126 130 196 | ,Score: 0

D221m4.txt,0, | 123 134 139 | 196 245 248 | 242 244 245 | ,Score: 0

D222m6.txt,0, | 274 278 302 | 299 302 309 | 436 438 441 | ,Score: 0

D228m5.txt,0, | 123 127 134 | 157 164 249 | 336 339 408 | ,Score: 0

D229m1.txt,0, | 266 268 271 | 237 240 249 | 146 265 268 | ,Score: 0

D231m7.txt,0, | 178 181 261 | 147 179 262 | 164 165 249 | ,Score: 0

D239m5.txt,0, | 179 261 265 | 165 190 194 | 181 229 261 | ,Score: 0

D301m9.txt,0, | 324 400 401 | 146 178 265 | 165 190 194 | ,Score: 0

D302m1.txt,0, | 163 249 253 | 165 190 194 | 179 261 265 | ,Score: 0

D304m4.txt,0, | 267 273 274 | 278 297 301 | 165 190 194 | ,Score: 0

D305m1.txt,0, | 385 388 412 | 391 438 440 | 147 178 263 | ,Score: 0

D306m2.txt,0, | 169 194 219 | 145 178 267 | 124 127 135 | ,Score: 0

D307m2.txt,0, | 146 178 267 | 128 193 241 | 267 270 273 | ,Score: 0

D308m5.txt,0, | 157 235 251 | 196 197 249 | 299 302 311 | ,Score: 0

D310m9.txt,0, | 146 178 267 | 123 134 139 | 194 196 245 | ,Score: 0

D311m8.txt,0, | 157 235 250 | 272 278 303 | 165 247 249 | ,Score: 0

D312m9.txt,0, | 158 163 250 | 157 162 167 | 194 196 244 | ,Score: 0

D313m5.txt,0, | 146 178 267 | 162 165 167 | 388 411 415 | ,Score: 0

D314m8.txt,0, | 146 150 178 | 241 248 249 | 281 290 297 | ,Score: 0

D315m6.txt,0, | 162 164 167 | 193 239 242 | 163 249 251 | ,Score: 0

D317m4.txt,0, | 177 182 262 | 287 293 321 | 290 292 297 | ,Score: 0

D318m3.txt,0, | 130 190 194 | 164 165 249 | 124 127 135 | ,Score: 0

D319m6.txt,0, | 194 242 244 | 438 439 441 | 146 178 266 | ,Score: 0

D320m3.txt,0, | 201 237 251 | 157 165 249 | 146 178 266 | ,Score: 0

D321m1.txt,0, | 319 322 326 | 157 235 250 | 312 316 319 | ,Score: 0

D322m0.txt,0, | 274 278 301 | 165 190 240 | 163 249 251 | ,Score: 0

D323m1.txt,0, | 145 265 268 | 123 127 208 | 336 339 408 | ,Score: 0

D324m6.txt,0, | 178 261 265 | 193 196 242 | 158 161 251 | ,Score: 0

D325m0.txt,0, | 293 297 299 | 300 303 308 | 163 165 249 | ,Score: 0

D326m0.txt,0, | 119 122 124 | 178 262 267 | 163 249 251 | ,Score: 0

D327m7.txt,0, | 337 341 405 | 341 376 405 | 165 190 194 | ,Score: 0

D328m3.txt,0, | 262 265 267 | 407 410 412 | 165 190 194 | ,Score: 0

D330m1.txt,0, | 146 178 267 | 201 237 251 | 169 194 220 | ,Score: 0

D331m0.txt,0, | 157 162 165 | 120 123 124 | 161 164 167 | ,Score: 0

D332m4.txt,0, | 299 301 303 | 190 193 218 | 177 182 261 | ,Score: 0

D333m4.txt,0, | 122 124 132 | 165 190 194 | 127 130 135 | ,Score: 0

D403m6.txt,0, | 163 165 168 | 336 339 406 | 168 171 190 | ,Score: 0

D407m5.txt,0, | 331 336 403 | 178 262 266 | 165 190 194 | ,Score: 0

D408m8.txt,0, | 167 172 190 | 436 438 441 | 147 178 266 | ,Score: 0

D409m5.txt,0, | 396 403 419 | 165 190 194 | 147 265 268 | ,Score: 0

D410mR.txt,0, | 335 339 403 | 341 344 378 | 126 196 199 | ,Score: 0

D413m2.txt,0, | 132 194 197 | 158 235 249 | 281 293 297 | ,Score: 0

D414m2.txt,0, | 163 165 249 | 168 172 190 | 177 262 267 | ,Score: 0

D421m7.txt,0, | 196 242 248 | 201 233 235 | 120 123 208 | ,Score: 0

D428m7.txt,0, | 327 400 401 | 143 146 177 | 165 191 240 | ,Score: 0

D430mR.txt,0, | 194 241 244 | 146 265 268 | 178 262 265 | ,Score: 0

D431m9.txt,0, | 178 262 267 | 130 190 240 | 282 313 317 | ,Score: 0

D438m9.txt,0, | 157 165 249 | 434 440 443 | 147 177 179 | ,Score: 0

D450m5.txt,0, | 193 197 241 | 299 303 308 | 201 235 251 | ,Score: 0

D453m0.txt,0, | 146 178 265 | 158 249 251 | 146 265 271 | ,Score: 0

D459m2.txt,0, | 354 356 428 | 281 293 297 | 144 146 147 | ,Score: 0

D462m1.txt,0, | 193 241 242 | 326 329 334 | 147 262 266 | ,Score: 0

D464m0.txt,0, | 157 162 165 | 120 122 208 | 165 168 190 | ,Score: 0

