M = 178 261 265 
175 178 267 | 203 205 206 | 178 179 265 | 203 205 206 | 265 268 271 | 204 206 235 | 274 302 303 | 178 181 262 | 177 180 262 | 206 208 226 | 177 178 182 | 178 180 182 | 182 229 261 | 178 261 263 | 230 258 259 | 181 261 262 | 178 229 261 | 119 120 121 | 178 180 181 | 178 265 267 | 258 259 261 | 178 261 262 | 275 303 305 | 229 259 261 | 178 261 263 | 145 267 268 | 182 229 261 | 267 268 273 | 267 268 270 | 201 206 208 | 301 303 305 | 177 178 180 | 299 303 305 | 119 120 122 | 178 182 261 | 178 182 261 | 203 205 206 | 177 178 180 | 261 263 264 | 178 180 182 | 178 179 180 | 205 206 235 | 121 122 124 | 299 305 311 | 178 182 261 | 178 261 264 | 180 182 262 | 119 120 124 | 205 206 235 | 119 120 121 | 230 261 262 | 178 262 267 | 178 262 265 | 178 181 182 | 267 268 273 | 178 261 264 | 201 206 208 | 301 303 305 | 177 180 262 | 178 181 261 | 262 264 265 | 228 261 262 | 119 120 122 | 299 303 305 | 119 122 123 | 270 271 272 | 178 180 184 | 261 262 265 | 119 122 123 | 228 261 262 | 

M = 165 190 194 
274 301 303 | 123 132 136 | 164 165 168 | 126 127 130 | 130 191 219 | 140 217 219 | 190 217 220 | 126 127 128 | 135 136 141 | 194 241 244 | 164 165 167 | 201 235 251 | 235 249 251 | 127 130 134 | 123 126 127 | 191 217 219 | 134 135 136 | 130 194 219 | 159 163 251 | 163 164 165 | 165 248 249 | 157 164 165 | 248 249 251 | 126 127 197 | 196 241 244 | 123 127 134 | 123 127 134 | 168 172 190 | 164 165 249 | 164 165 167 | 130 190 194 | 124 126 127 | 157 235 251 | 193 197 241 | 157 158 251 | 158 250 251 | 190 218 220 | 140 218 220 | 164 165 167 | 193 194 219 | 134 193 219 | 130 194 196 | 126 130 196 | 164 165 249 | 164 165 249 | 126 127 208 | 140 141 144 | 126 127 131 | 193 194 219 | 248 250 251 | 122 123 135 | 123 127 135 | 190 191 217 | 164 168 169 | 130 193 241 | 164 165 249 | 191 217 219 | 158 249 251 | 164 165 249 | 164 165 249 | 127 130 197 | 162 164 167 | 140 141 142 | 157 237 251 | 158 250 251 | 

M = 434 440 443 
329 331 336 | 335 336 339 | 324 325 326 | 438 439 440 | 377 379 380 | 438 439 440 | 344 345 346 | 323 324 329 | 400 403 419 | 438 439 440 | 357 358 359 | 312 316 319 | 438 440 441 | 299 303 309 | 438 440 441 | 359 360 362 | 439 440 441 | 336 337 403 | 385 408 412 | 281 284 290 | 336 337 408 | 292 319 322 | 345 346 370 | 388 410 411 | 281 283 284 | 436 438 441 | 438 439 440 | 438 439 440 | 336 339 403 | 408 410 411 | 283 286 290 | 312 316 319 | 341 377 378 | 400 401 419 | 336 337 405 | 341 376 405 | 408 409 410 | 336 337 409 | 318 319 322 | 339 341 415 | 331 336 403 | 335 336 339 | 436 438 440 | 399 400 401 | 335 336 403 | 323 326 327 | 312 317 318 | 434 438 440 | 438 440 441 | 354 357 359 | 354 356 357 | 336 339 403 | 329 334 336 | 336 407 408 | 

FREQUENCIES
178: 30
261: 25
165: 16
164: 14
262: 13
336: 13
127: 12
440: 12
265: 11
438: 11
251: 11
249: 10
182: 10
180: 10
130: 9
206: 9
194: 9
219: 8
123: 8
126: 8
190: 8
303: 8
267: 7
119: 7
403: 6
305: 6
439: 6
235: 6
122: 6
217: 5
134: 5
408: 5
268: 5
193: 5
441: 5
339: 5
177: 5
181: 5
205: 5
120: 5
264: 4
135: 4
299: 4
319: 4
191: 4
241: 4
337: 4
229: 4
167: 4
157: 4
158: 4
140: 4
208: 4
136: 3
341: 3
400: 3
263: 3
410: 3
312: 3
197: 3
196: 3
250: 3
301: 3
248: 3
335: 3
259: 3
168: 3
220: 3
329: 3
201: 3
203: 3
141: 3
121: 3
357: 3
124: 3
359: 3
218: 2
345: 2
346: 2
401: 2
281: 2
283: 2
163: 2
284: 2
409: 2
411: 2
419: 2
377: 2
318: 2
270: 2
271: 2
273: 2
274: 2
244: 2
290: 2
436: 2
434: 2
331: 2
258: 2
179: 2
405: 2
316: 2
228: 2
230: 2
322: 2
323: 2
326: 2
324: 2
354: 2
132: 1
131: 1
344: 1
128: 1
379: 1
378: 1
412: 1
370: 1
292: 1
376: 1
272: 1
275: 1
142: 1
399: 1
415: 1
362: 1
302: 1
360: 1
309: 1
443: 1
380: 1
385: 1
388: 1
334: 1
144: 1
175: 1
172: 1
407: 1
184: 1
311: 1
317: 1
169: 1
226: 1
162: 1
286: 1
159: 1
237: 1
327: 1
325: 1
145: 1
204: 1
356: 1
358: 1
