D102m2.txt,0, | 277 281 284 | 278 299 303 | 123 127 208 | ,Score: 0

D106m3.txt,0, | 123 132 136 | 178 261 265 | 336 403 406 | ,Score: 0

D107m0.txt,0, | 127 130 197 | 124 127 135 | 318 322 325 | ,Score: 0

D110m2.txt,0, | 165 168 191 | 126 127 130 | 130 191 219 | ,Score: 0

D202m2.txt,0, | 324 327 331 | 437 438 440 | 327 331 402 | ,Score: 0

D203m5.txt,0, | 438 439 440 | 345 347 370 | 190 193 219 | ,Score: 0

D204m0.txt,0, | 190 217 220 | 158 235 250 | 167 171 190 | ,Score: 0

D206mR.txt,0, | 288 317 324 | 179 262 265 | 123 127 135 | ,Score: 0

D210m8.txt,0, | 122 135 141 | 400 403 419 | 145 178 265 | ,Score: 0

D214m3.txt,0, | 194 241 244 | 165 190 194 | 164 165 167 | ,Score: 0

D215m7.txt,0, | 179 181 226 | 178 181 261 | 177 181 226 | ,Score: 0

D216m1.txt,0, | 157 235 250 | 157 164 249 | 235 249 250 | ,Score: 0

D217m3.txt,0, | 288 313 319 | 279 283 291 | 438 439 441 | ,Score: 0

D218m7.txt,0, | 229 259 262 | 178 229 262 | 124 127 208 | ,Score: 0

D221m4.txt,0, | 123 127 134 | 134 139 219 | 130 190 219 | ,Score: 0

D222m6.txt,0, | 302 306 311 | 278 299 302 | 268 273 275 | ,Score: 0

D228m5.txt,0, | 130 134 219 | 157 249 250 | 157 164 249 | ,Score: 0

D229m1.txt,0, | 165 240 249 | 158 163 251 | 196 237 249 | ,Score: 0

D231m7.txt,0, | 179 181 261 | 178 262 267 | 178 229 262 | ,Score: 0

D239m5.txt,0, | 179 261 265 | 439 440 441 | 178 179 181 | ,Score: 0

D301m9.txt,0, | 400 401 403 | 178 261 265 | 178 265 267 | ,Score: 0

D302m1.txt,0, | 229 259 261 | 179 262 265 | 178 229 262 | ,Score: 0

D304m4.txt,0, | 272 275 303 | 178 229 261 | 165 191 194 | ,Score: 0

D305m1.txt,0, | 385 388 412 | 178 263 267 | 391 435 439 | ,Score: 0

D306m2.txt,0, | 140 143 144 | 134 135 140 | 182 229 262 | ,Score: 0

D307m2.txt,0, | 145 178 267 | 267 270 273 | 267 268 270 | ,Score: 0

D308m5.txt,0, | 237 239 251 | 296 302 307 | 124 127 135 | ,Score: 0

D310m9.txt,0, | 123 134 139 | 134 139 216 | 123 124 127 | ,Score: 0

D311m8.txt,0, | 277 280 284 | 272 278 303 | 281 292 296 | ,Score: 0

D312m9.txt,0, | 157 165 249 | 161 164 167 | 165 190 194 | ,Score: 0

D313m5.txt,0, | 345 346 370 | 388 411 415 | 161 164 167 | ,Score: 0

D314m8.txt,0, | 290 296 318 | 162 164 167 | 436 438 441 | ,Score: 0

D315m6.txt,0, | 232 259 261 | 203 232 233 | 203 205 206 | ,Score: 0

D317m4.txt,0, | 437 439 441 | 177 182 262 | 287 318 324 | ,Score: 0

D318m3.txt,0, | 123 124 135 | 123 127 135 | 123 124 127 | ,Score: 0

D319m6.txt,0, | 179 182 262 | 438 439 441 | 178 179 180 | ,Score: 0

D320m3.txt,0, | 201 237 251 | 157 165 249 | 157 237 251 | ,Score: 0

D321m1.txt,0, | 157 235 250 | 312 316 319 | 203 232 235 | ,Score: 0

D322m0.txt,0, | 278 299 301 | 190 218 220 | 140 218 220 | ,Score: 0

D323m1.txt,0, | 164 165 167 | 193 194 219 | 134 193 219 | ,Score: 0

D324m6.txt,0, | 130 194 219 | 127 130 196 | 157 164 249 | ,Score: 0

D325m0.txt,0, | 123 132 136 | 292 299 311 | 126 132 197 | ,Score: 0

D326m0.txt,0, | 119 122 124 | 178 262 267 | 182 229 262 | ,Score: 0

D327m7.txt,0, | 178 261 264 | 337 341 405 | 341 376 405 | ,Score: 0

D328m3.txt,0, | 408 411 412 | 388 408 411 | 336 339 408 | ,Score: 0

D330m1.txt,0, | 140 142 144 | 178 180 182 | 201 235 251 | ,Score: 0

D331m0.txt,0, | 127 131 135 | 131 193 194 | 161 164 167 | ,Score: 0

D332m4.txt,0, | 299 301 303 | 177 182 261 | 178 229 262 | ,Score: 0

D333m4.txt,0, | 122 135 141 | 178 262 267 | 123 127 135 | ,Score: 0

D403m6.txt,0, | 165 169 191 | 336 339 406 | 162 164 168 | ,Score: 0

D407m5.txt,0, | 331 336 403 | 178 181 262 | 336 339 408 | ,Score: 0

D408m8.txt,0, | 434 436 439 | 177 262 267 | 177 181 262 | ,Score: 0

D409m5.txt,0, | 396 400 428 | 401 403 419 | 178 265 267 | ,Score: 0

D410mR.txt,0, | 130 193 241 | 130 191 241 | 191 217 219 | ,Score: 0

D413m2.txt,0, | 158 163 250 | 165 190 194 | 164 165 249 | ,Score: 0

D414m2.txt,0, | 177 264 267 | 267 269 274 | 178 229 262 | ,Score: 0

D421m7.txt,0, | 120 124 208 | 127 132 196 | 201 203 233 | ,Score: 0

D428m7.txt,0, | 162 164 167 | 327 400 401 | 177 180 262 | ,Score: 0

D430mR.txt,0, | 178 261 265 | 178 181 261 | 262 264 265 | ,Score: 0

D431m9.txt,0, | 178 262 267 | 139 142 212 | 178 226 229 | ,Score: 0

D438m9.txt,0, | 434 436 440 | 177 179 182 | 434 440 443 | ,Score: 0

D450m5.txt,0, | 299 305 308 | 123 127 208 | 201 235 251 | ,Score: 0

D453m0.txt,0, | 438 440 441 | 265 270 271 | 178 180 184 | ,Score: 0

D459m2.txt,0, | 354 356 359 | 354 356 357 | 190 193 218 | ,Score: 0

D462m1.txt,0, | 322 326 329 | 336 339 403 | 333 336 403 | ,Score: 0

D464m0.txt,0, | 120 122 123 | 140 141 144 | 120 123 208 | ,Score: 0

