M = 178 262 267 
274 301 303 | 178 180 182 | 181 229 261 | 145 265 268 | 145 178 179 | 178 182 226 | 283 284 291 | 178 180 182 | 261 262 263 | 182 229 261 | 230 258 259 | 274 301 303 | 299 303 309 | 181 261 262 | 178 261 262 | 229 261 262 | 178 180 181 | 178 261 265 | 181 229 261 | 275 303 305 | 178 180 262 | 145 267 268 | 182 229 261 | 267 268 274 | 301 303 305 | 177 178 267 | 301 303 305 | 296 315 318 | 296 299 301 | 258 259 261 | 178 182 261 | 178 180 182 | 178 182 261 | 177 178 180 | 178 180 182 | 178 180 262 | 312 316 319 | 274 278 301 | 303 305 308 | 178 182 261 | 178 261 264 | 180 182 262 | 178 181 182 | 178 180 262 | 301 303 305 | 178 261 265 | 178 181 182 | 178 262 265 | 177 181 182 | 178 261 265 | 178 261 264 | 229 261 262 | 267 268 273 | 143 145 177 | 178 181 182 | 179 181 182 | 177 178 181 | 299 303 305 | 178 181 261 | 270 271 272 | 178 180 184 | 265 270 271 | 261 262 265 | 228 261 262 | 

M = 157 164 249 
203 205 206 | 335 336 339 | 164 165 168 | 400 401 403 | 377 379 380 | 324 400 401 | 344 345 346 | 379 418 419 | 400 403 419 | 164 165 167 | 201 235 251 | 248 249 251 | 163 164 165 | 401 403 419 | 248 250 251 | 157 164 165 | 165 248 249 | 158 159 251 | 157 164 165 | 164 165 168 | 164 165 167 | 358 451 454 | 408 410 412 | 410 411 412 | 203 232 233 | 203 205 206 | 336 339 403 | 400 401 419 | 157 235 251 | 157 158 251 | 158 250 251 | 341 377 378 | 164 165 167 | 164 165 249 | 164 165 249 | 400 401 419 | 341 376 405 | 408 409 410 | 336 337 409 | 158 235 251 | 248 250 251 | 164 165 167 | 319 322 326 | 376 377 379 | 339 341 415 | 164 168 169 | 331 336 403 | 335 336 339 | 399 400 401 | 335 336 403 | 248 249 251 | 164 165 249 | 158 249 251 | 158 235 251 | 232 233 235 | 327 400 401 | 162 164 165 | 248 250 251 | 158 250 251 | 335 336 339 | 334 335 336 | 

M = 126 130 196 
123 124 126 | 123 136 139 | 126 127 130 | 130 191 219 | 190 217 219 | 190 194 219 | 194 241 244 | 206 208 226 | 127 130 134 | 139 217 218 | 134 135 136 | 130 194 219 | 196 241 244 | 126 206 208 | 123 134 136 | 127 130 196 | 165 190 194 | 130 190 194 | 122 123 208 | 193 197 241 | 205 206 235 | 190 218 220 | 134 193 219 | 193 194 219 | 130 194 196 | 122 124 132 | 126 127 208 | 125 127 197 | 205 206 235 | 131 135 136 | 122 123 135 | 190 191 217 | 130 193 241 | 194 241 244 | 130 193 194 | 127 130 197 | 206 235 237 | 130 193 194 | 122 123 208 | 123 127 208 | 

FREQUENCIES
178: 29
261: 21
182: 16
165: 15
164: 15
251: 14
262: 13
130: 12
180: 11
181: 11
194: 10
303: 9
249: 8
336: 8
235: 8
265: 7
401: 7
400: 7
123: 7
127: 7
301: 7
158: 7
206: 7
219: 6
403: 6
190: 6
305: 6
248: 6
193: 6
229: 6
208: 6
126: 5
419: 5
241: 5
339: 5
335: 5
177: 5
250: 5
157: 5
267: 5
136: 4
134: 4
268: 4
196: 4
274: 4
167: 4
145: 4
205: 4
122: 4
217: 3
135: 3
341: 3
379: 3
410: 3
299: 3
377: 3
197: 3
244: 3
168: 3
203: 3
264: 2
218: 2
139: 2
409: 2
408: 2
124: 2
412: 2
296: 2
319: 2
191: 2
270: 2
271: 2
376: 2
258: 2
259: 2
179: 2
226: 2
232: 2
233: 2
132: 1
131: 1
169: 1
344: 1
345: 1
346: 1
283: 1
220: 1
284: 1
331: 1
263: 1
125: 1
378: 1
411: 1
418: 1
291: 1
318: 1
315: 1
272: 1
273: 1
275: 1
278: 1
399: 1
415: 1
308: 1
309: 1
380: 1
451: 1
337: 1
454: 1
405: 1
184: 1
312: 1
316: 1
228: 1
162: 1
163: 1
159: 1
237: 1
230: 1
322: 1
326: 1
327: 1
324: 1
201: 1
143: 1
334: 1
358: 1
