D102m2.txt,0, | 203 206 235 | 274 301 303 | 123 127 208 | ,Score: 0

D106m3.txt,0, | ,Score: 0

D107m0.txt,0, | 126 206 208 | 123 127 208 | 123 127 135 | ,Score: 0

D110m2.txt,0, | 165 168 191 | 126 127 130 | 130 191 219 | ,Score: 0

D202m2.txt,0, | 331 335 402 | 379 419 421 | 327 331 401 | ,Score: 0

D203m5.txt,0, | 190 194 219 | 190 217 219 | 345 347 370 | ,Score: 0

D204m0.txt,0, | ,Score: 0

D206mR.txt,0, | ,Score: 0

D210m8.txt,0, | 400 401 419 | 400 403 419 | 145 178 265 | ,Score: 0

D214m3.txt,0, | 190 194 219 | 194 241 244 | 165 190 194 | ,Score: 0

D215m7.txt,0, | 206 208 226 | 178 182 261 | 178 181 226 | ,Score: 0

D216m1.txt,0, | 157 235 250 | 157 164 249 | 164 165 168 | ,Score: 0

D217m3.txt,0, | 291 313 316 | 279 283 291 | 178 182 262 | ,Score: 0

D218m7.txt,0, | 229 259 262 | 182 229 262 | 124 127 208 | ,Score: 0

D221m4.txt,0, | 123 127 134 | 130 134 219 | 190 193 218 | ,Score: 0

D222m6.txt,0, | 275 301 303 | 268 273 274 | 299 303 309 | ,Score: 0

D228m5.txt,0, | 157 164 167 | 163 165 249 | 157 163 250 | ,Score: 0

D229m1.txt,0, | 165 240 249 | 158 163 251 | 157 164 249 | ,Score: 0

D231m7.txt,0, | 179 181 261 | 178 262 267 | 178 229 262 | ,Score: 0

D239m5.txt,0, | 179 181 261 | 179 261 265 | 181 229 261 | ,Score: 0

D301m9.txt,0, | ,Score: 0

D302m1.txt,0, | ,Score: 0

D304m4.txt,0, | 272 274 278 | 275 278 303 | 229 259 262 | ,Score: 0

D305m1.txt,0, | ,Score: 0

D306m2.txt,0, | 145 178 267 | 124 127 135 | 182 229 262 | ,Score: 0

D307m2.txt,0, | ,Score: 0

D308m5.txt,0, | 272 274 303 | 299 302 307 | 197 237 250 | ,Score: 0

D310m9.txt,0, | 122 124 138 | 134 138 216 | 126 130 196 | ,Score: 0

D311m8.txt,0, | 272 278 303 | 292 296 315 | 292 299 315 | ,Score: 0

D312m9.txt,0, | 162 164 167 | 165 190 240 | 190 193 240 | ,Score: 0

D313m5.txt,0, | 408 411 415 | 408 410 412 | 410 411 412 | ,Score: 0

D314m8.txt,0, | 229 259 261 | 178 182 261 | 178 180 182 | ,Score: 0

D315m6.txt,0, | 232 259 261 | 203 232 233 | 203 205 206 | ,Score: 0

D317m4.txt,0, | 180 183 262 | 177 182 262 | 324 331 401 | ,Score: 0

D318m3.txt,0, | ,Score: 0

D319m6.txt,0, | 178 179 182 | 178 182 262 | 179 262 265 | ,Score: 0

D320m3.txt,0, | 201 237 251 | 157 165 249 | 158 237 251 | ,Score: 0

D321m1.txt,0, | 157 235 250 | 312 316 319 | 203 232 235 | ,Score: 0

D322m0.txt,0, | 274 278 301 | 341 377 378 | 190 218 220 | ,Score: 0

D323m1.txt,0, | 164 165 167 | 134 193 219 | 193 194 219 | ,Score: 0

D324m6.txt,0, | 130 194 219 | 157 164 249 | 126 130 196 | ,Score: 0

D325m0.txt,0, | 123 132 135 | 126 132 197 | 303 305 308 | ,Score: 0

D326m0.txt,0, | 178 261 265 | 126 208 210 | 182 229 262 | ,Score: 0

D327m7.txt,0, | 178 261 264 | 337 341 405 | 125 127 197 | ,Score: 0

D328m3.txt,0, | 388 408 411 | 409 410 412 | 336 339 408 | ,Score: 0

D330m1.txt,0, | 201 205 235 | 158 235 251 | 178 180 181 | ,Score: 0

D331m0.txt,0, | 127 131 135 | 159 161 251 | 161 164 167 | ,Score: 0

D332m4.txt,0, | 182 230 261 | 178 180 182 | 177 182 261 | ,Score: 0

D333m4.txt,0, | 376 377 379 | 178 262 267 | 123 127 135 | ,Score: 0

D403m6.txt,0, | 165 169 191 | 336 339 406 | 162 164 168 | ,Score: 0

D407m5.txt,0, | 331 336 403 | 178 181 262 | 336 339 408 | ,Score: 0

D408m8.txt,0, | 178 182 262 | 177 262 267 | 177 181 262 | ,Score: 0

D409m5.txt,0, | 396 400 428 | 401 403 419 | 178 265 267 | ,Score: 0

D410mR.txt,0, | 130 194 219 | 194 241 244 | 130 193 194 | ,Score: 0

D413m2.txt,0, | 248 249 251 | 164 165 249 | 158 163 250 | ,Score: 0

D414m2.txt,0, | 178 261 264 | 178 229 261 | 267 269 273 | ,Score: 0

D421m7.txt,0, | 204 206 235 | 127 132 196 | 203 232 235 | ,Score: 0

D428m7.txt,0, | 327 400 401 | 177 180 262 | 143 145 177 | ,Score: 0

D430mR.txt,0, | ,Score: 0

D431m9.txt,0, | ,Score: 0

D438m9.txt,0, | 178 179 181 | 179 181 182 | 177 178 181 | ,Score: 0

D450m5.txt,0, | 201 237 251 | 299 305 308 | 123 127 208 | ,Score: 0

D453m0.txt,0, | 270 271 272 | 178 180 184 | 265 270 271 | ,Score: 0

D459m2.txt,0, | 248 250 251 | 130 193 194 | 158 250 251 | ,Score: 0

D462m1.txt,0, | 335 339 403 | 335 336 339 | 329 334 336 | ,Score: 0

D464m0.txt,0, | 228 261 262 | 122 123 208 | 123 127 208 | ,Score: 0

