D102m2.txt,22, | 203 205 206 | 274 301 303 | 178 180 182 | ,Score: 44.0388

D106m3.txt,0, | ,Score: 0

D107m0.txt,16, | 335 336 339 | 123 124 126 | 123 136 139 | ,Score: 39.5317

D110m2.txt,11, | 164 165 168 | 126 127 130 | 130 191 219 | ,Score: 23.0389

D202m2.txt,6, | 400 401 403 | 377 379 380 | 324 400 401 | ,Score: 36.9192

D203m5.txt,16, | 181 229 261 | 190 217 219 | 344 345 346 | ,Score: 16.5465

D204m0.txt,0, | ,Score: 0

D206mR.txt,0, | ,Score: 0

D210m8.txt,13, | 379 418 419 | 400 403 419 | 145 265 268 | ,Score: 23.3788

D214m3.txt,8, | 190 194 219 | 194 241 244 | 164 165 167 | ,Score: 26.3806

D215m7.txt,17, | 206 208 226 | 145 178 179 | 178 182 226 | ,Score: 28.0825

D216m1.txt,7, | 201 235 251 | 248 249 251 | 163 164 165 | ,Score: 31.9275

D217m3.txt,16, | 401 403 419 | 283 284 291 | 178 180 182 | ,Score: 26.7906

D218m7.txt,15, | 261 262 263 | 182 229 261 | 127 130 134 | ,Score: 32.051

D221m4.txt,17, | 248 250 251 | 139 217 218 | 230 258 259 | ,Score: 24.0171

D222m6.txt,15, | 274 301 303 | 134 135 136 | 299 303 309 | ,Score: 33.5041

D228m5.txt,12, | 157 164 165 | 130 194 219 | 157 164 249 | ,Score: 26.2295

D229m1.txt,12, | 165 248 249 | 158 159 251 | 157 164 165 | ,Score: 49.1515

D231m7.txt,9, | 181 261 262 | 178 261 262 | 229 261 262 | ,Score: 37.8806

D239m5.txt,11, | 178 180 181 | 178 261 265 | 181 229 261 | ,Score: 55.0783

D301m9.txt,0, | ,Score: 0

D302m1.txt,0, | ,Score: 0

D304m4.txt,15, | 164 165 168 | 275 303 305 | 178 180 262 | ,Score: 26.5549

D305m1.txt,0, | ,Score: 0

D306m2.txt,18, | 145 267 268 | 196 241 244 | 182 229 261 | ,Score: 24.3795

D307m2.txt,0, | ,Score: 0

D308m5.txt,18, | 267 268 274 | 301 303 305 | 126 206 208 | ,Score: 48.0125

D310m9.txt,15, | 177 178 267 | 123 134 136 | 127 130 196 | ,Score: 36.2767

D311m8.txt,12, | 301 303 305 | 296 315 318 | 296 299 301 | ,Score: 53.0981

D312m9.txt,13, | 164 165 167 | 165 190 194 | 130 190 194 | ,Score: 33.6242

D313m5.txt,11, | 358 451 454 | 408 410 412 | 410 411 412 | ,Score: 24.496

D314m8.txt,9, | 258 259 261 | 178 182 261 | 178 180 182 | ,Score: 21.3999

D315m6.txt,10, | 178 182 261 | 203 232 233 | 203 205 206 | ,Score: 19.7914

D317m4.txt,15, | 177 178 180 | 122 123 208 | 336 339 403 | ,Score: 26.3714

D318m3.txt,0, | ,Score: 0

D319m6.txt,11, | 178 180 182 | 400 401 419 | 178 180 262 | ,Score: 18.6535

D320m3.txt,17, | 157 235 251 | 193 197 241 | 157 158 251 | ,Score: 43.0057

D321m1.txt,18, | 158 250 251 | 312 316 319 | 205 206 235 | ,Score: 41.7313

D322m0.txt,9, | 274 278 301 | 341 377 378 | 190 218 220 | ,Score: 19.8202

D323m1.txt,7, | 164 165 167 | 134 193 219 | 193 194 219 | ,Score: 21.0907

D324m6.txt,8, | 130 194 196 | 164 165 249 | 126 130 196 | ,Score: 22.6062

D325m0.txt,14, | 122 124 132 | 164 165 249 | 303 305 308 | ,Score: 22.9956

D326m0.txt,16, | 400 401 419 | 126 127 208 | 178 182 261 | ,Score: 27.0856

D327m7.txt,14, | 178 261 264 | 341 376 405 | 125 127 197 | ,Score: 19.2731

D328m3.txt,12, | 180 182 262 | 408 409 410 | 336 337 409 | ,Score: 28.6061

D330m1.txt,11, | 205 206 235 | 158 235 251 | 178 181 182 | ,Score: 22.0921

D331m0.txt,11, | 131 135 136 | 248 250 251 | 164 165 167 | ,Score: 22.636

D332m4.txt,15, | 319 322 326 | 178 180 262 | 301 303 305 | ,Score: 22.545

D333m4.txt,16, | 376 377 379 | 178 262 267 | 122 123 135 | ,Score: 22.0417

D403m6.txt,10, | 190 191 217 | 339 341 415 | 164 168 169 | ,Score: 25.138

D407m5.txt,11, | 331 336 403 | 178 261 265 | 335 336 339 | ,Score: 25.8003

D408m8.txt,10, | 178 181 182 | 178 262 265 | 177 181 182 | ,Score: 27.4578

D409m5.txt,15, | 399 400 401 | 335 336 403 | 178 261 265 | ,Score: 28.0898

D410mR.txt,7, | 130 193 241 | 194 241 244 | 130 193 194 | ,Score: 30.4148

D413m2.txt,9, | 248 249 251 | 164 165 249 | 158 249 251 | ,Score: 42.6832

D414m2.txt,11, | 178 261 264 | 229 261 262 | 267 268 273 | ,Score: 21.2744

D421m7.txt,12, | 158 235 251 | 127 130 197 | 232 233 235 | ,Score: 33.3334

D428m7.txt,14, | 327 400 401 | 162 164 165 | 143 145 177 | ,Score: 29.1894

D430mR.txt,0, | ,Score: 0

D431m9.txt,0, | ,Score: 0

D438m9.txt,6, | 178 181 182 | 179 181 182 | 177 178 181 | ,Score: 29.1386

D450m5.txt,18, | 206 235 237 | 299 303 305 | 178 181 261 | ,Score: 34.1766

D453m0.txt,11, | 270 271 272 | 178 180 184 | 265 270 271 | ,Score: 23.8181

D459m2.txt,8, | 248 250 251 | 130 193 194 | 158 250 251 | ,Score: 25.1976

D462m1.txt,11, | 261 262 265 | 335 336 339 | 334 335 336 | ,Score: 33.8618

D464m0.txt,12, | 228 261 262 | 122 123 208 | 123 127 208 | ,Score: 30.0737

