M = 400 403 419 
335 336 339 | 400 401 403 | 377 379 380 | 331 400 403 | 344 345 346 | 345 346 370 | 312 316 319 | 283 284 291 | 299 305 311 | 296 315 318 | 358 451 454 | 410 411 412 | 411 412 415 | 336 339 403 | 400 401 419 | 312 316 319 | 341 377 378 | 400 401 419 | 341 376 405 | 409 410 412 | 336 337 409 | 376 377 379 | 339 341 415 | 331 336 403 | 335 336 339 | 335 336 403 | 379 419 421 | 327 400 401 | 335 336 339 | 334 335 336 | 335 336 403 | 

M = 165 190 194 
274 301 303 | 123 135 136 | 164 165 249 | 164 165 168 | 130 191 219 | 123 135 136 | 164 165 167 | 194 241 244 | 164 165 249 | 157 165 249 | 122 123 124 | 130 190 219 | 134 135 136 | 157 164 165 | 164 165 249 | 130 194 219 | 196 240 244 | 158 237 249 | 165 191 240 | 164 165 168 | 196 241 244 | 123 134 136 | 134 136 216 | 274 278 303 | 130 190 194 | 194 240 244 | 164 165 167 | 122 123 137 | 157 158 235 | 193 197 241 | 157 164 165 | 156 158 159 | 274 278 301 | 190 218 220 | 134 193 219 | 193 194 219 | 164 165 167 | 130 194 196 | 194 196 244 | 164 165 249 | 164 165 249 | 122 124 135 | 131 135 136 | 193 194 219 | 164 165 167 | 122 123 135 | 164 165 168 | 169 190 191 | 130 193 194 | 194 241 244 | 130 193 241 | 158 163 249 | 165 167 190 | 164 165 167 | 130 196 197 | 162 164 165 | 157 235 237 | 122 123 124 | 299 303 305 | 130 193 194 | 

M = 178 181 229 
203 205 206 | 175 178 267 | 203 205 206 | 177 180 262 | 178 179 182 | 177 179 182 | 205 206 235 | 201 204 235 | 178 180 182 | 261 262 263 | 182 229 261 | 178 261 263 | 230 258 259 | 232 259 261 | 299 303 309 | 181 261 262 | 178 261 262 | 229 261 262 | 178 180 181 | 181 229 261 | 275 303 305 | 178 180 262 | 178 262 267 | 182 229 261 | 267 272 274 | 201 206 235 | 177 178 267 | 301 303 305 | 178 180 182 | 258 259 261 | 178 182 261 | 178 182 261 | 203 232 233 | 203 205 206 | 178 180 182 | 178 180 262 | 178 179 180 | 205 206 235 | 303 305 308 | 122 124 210 | 182 229 261 | 178 261 264 | 178 264 267 | 180 182 262 | 201 205 235 | 178 181 182 | 205 206 235 | 178 180 262 | 301 303 305 | 177 178 180 | 178 262 267 | 178 180 262 | 148 178 267 | 148 178 262 | 178 181 182 | 178 182 261 | 178 261 264 | 267 273 274 | 262 264 267 | 205 206 235 | 232 233 235 | 177 261 262 | 178 181 182 | 177 178 179 | 177 181 182 | 178 180 184 | 270 271 272 | 228 261 262 | 

FREQUENCIES
178: 31
165: 21
261: 18
262: 16
182: 16
164: 16
194: 13
180: 13
235: 10
130: 9
336: 9
267: 9
303: 8
249: 8
181: 8
205: 8
206: 8
403: 7
123: 7
190: 7
177: 7
193: 7
219: 6
136: 6
135: 6
400: 6
305: 6
244: 6
335: 6
229: 6
167: 6
122: 6
196: 5
274: 5
241: 5
339: 5
157: 5
134: 4
401: 4
124: 4
264: 4
419: 4
301: 4
179: 4
158: 4
203: 4
341: 3
379: 3
412: 3
299: 3
377: 3
191: 3
240: 3
259: 3
168: 3
232: 3
201: 3
345: 2
346: 2
409: 2
263: 2
415: 2
410: 2
411: 2
319: 2
272: 2
278: 2
376: 2
331: 2
258: 2
312: 2
197: 2
316: 2
237: 2
233: 2
148: 2
216: 1
210: 1
218: 1
131: 1
137: 1
169: 1
344: 1
283: 1
163: 1
284: 1
454: 1
296: 1
370: 1
291: 1
318: 1
311: 1
315: 1
270: 1
271: 1
273: 1
275: 1
378: 1
421: 1
308: 1
309: 1
380: 1
451: 1
337: 1
175: 1
405: 1
184: 1
228: 1
162: 1
220: 1
156: 1
159: 1
230: 1
327: 1
204: 1
334: 1
358: 1
