D102m2.txt,0, | 203 206 235 | 274 301 303 | 175 178 267 | ,Score: 0

D106m3.txt,0, | ,Score: 0

D107m0.txt,0, | 122 124 135 | 123 135 139 | 123 135 136 | ,Score: 0

D110m2.txt,0, | 165 168 191 | 164 165 168 | 130 191 219 | ,Score: 0

D202m2.txt,0, | 400 402 419 | 379 419 421 | 327 331 401 | ,Score: 0

D203m5.txt,0, | 190 194 219 | 344 346 375 | 346 349 370 | ,Score: 0

D204m0.txt,0, | ,Score: 0

D206mR.txt,0, | ,Score: 0

D210m8.txt,0, | 122 124 135 | 400 403 419 | 178 180 262 | ,Score: 0

D214m3.txt,0, | 165 167 190 | 194 241 244 | 165 190 194 | ,Score: 0

D215m7.txt,0, | 178 179 181 | 177 179 181 | 178 182 261 | ,Score: 0

D216m1.txt,0, | 163 164 249 | 163 165 249 | 157 164 249 | ,Score: 0

D217m3.txt,0, | 312 316 319 | 282 288 313 | 178 182 262 | ,Score: 0

D218m7.txt,0, | 229 259 262 | 182 229 261 | 178 182 262 | ,Score: 0

D221m4.txt,0, | 134 139 219 | 190 193 218 | 130 190 219 | ,Score: 0

D222m6.txt,0, | 134 135 136 | 275 301 303 | 275 303 306 | ,Score: 0

D228m5.txt,0, | 157 164 167 | 157 164 249 | 164 165 167 | ,Score: 0

D229m1.txt,0, | 165 240 249 | 157 164 249 | 165 191 240 | ,Score: 0

D231m7.txt,0, | 179 181 261 | 178 262 267 | 178 229 262 | ,Score: 0

D239m5.txt,0, | 178 181 261 | 178 180 181 | 181 229 261 | ,Score: 0

D301m9.txt,0, | ,Score: 0

D302m1.txt,0, | ,Score: 0

D304m4.txt,0, | 272 275 303 | 178 229 261 | 229 232 261 | ,Score: 0

D305m1.txt,0, | ,Score: 0

D306m2.txt,0, | 178 229 261 | 134 135 139 | 182 229 262 | ,Score: 0

D307m2.txt,0, | ,Score: 0

D308m5.txt,0, | 299 302 307 | 302 305 307 | 196 237 239 | ,Score: 0

D310m9.txt,0, | 123 134 139 | 134 139 216 | 123 138 139 | ,Score: 0

D311m8.txt,0, | 272 278 303 | 278 299 303 | 292 296 315 | ,Score: 0

D312m9.txt,0, | 130 190 194 | 190 194 240 | 165 190 194 | ,Score: 0

D313m5.txt,0, | 358 451 454 | 408 410 412 | 408 412 415 | ,Score: 0

D314m8.txt,0, | 178 182 229 | 229 259 261 | 178 182 261 | ,Score: 0

D315m6.txt,0, | 232 259 261 | 203 232 233 | 203 205 206 | ,Score: 0

D317m4.txt,0, | 122 123 137 | 177 180 183 | 177 182 261 | ,Score: 0

D318m3.txt,0, | ,Score: 0

D319m6.txt,0, | 178 179 182 | 178 179 180 | 178 182 262 | ,Score: 0

D320m3.txt,0, | 157 235 237 | 197 241 249 | 157 164 249 | ,Score: 0

D321m1.txt,0, | 157 235 237 | 203 205 235 | 233 257 259 | ,Score: 0

D322m0.txt,0, | 274 278 301 | 341 377 378 | 190 218 220 | ,Score: 0

D323m1.txt,0, | 134 193 219 | 193 194 219 | 164 165 167 | ,Score: 0

D324m6.txt,0, | 130 193 219 | 194 196 244 | 157 164 249 | ,Score: 0

D325m0.txt,0, | 124 132 135 | 122 124 132 | 122 124 135 | ,Score: 0

D326m0.txt,0, | 178 261 264 | 178 182 261 | 182 228 261 | ,Score: 0

D327m7.txt,0, | 178 261 264 | 337 341 405 | 178 264 267 | ,Score: 0

D328m3.txt,0, | 388 408 411 | 388 409 412 | 336 339 408 | ,Score: 0

D330m1.txt,0, | 201 205 235 | 178 180 181 | 205 206 235 | ,Score: 0

D331m0.txt,0, | 131 135 136 | 131 193 194 | 161 164 167 | ,Score: 0

D332m4.txt,0, | 182 230 262 | 315 318 322 | 177 182 261 | ,Score: 0

D333m4.txt,0, | 122 123 135 | 376 377 379 | 178 262 267 | ,Score: 0

D403m6.txt,0, | 165 168 191 | 336 339 406 | 169 191 194 | ,Score: 0

D407m5.txt,0, | 331 336 403 | 178 181 262 | 336 339 408 | ,Score: 0

D408m8.txt,0, | 148 177 267 | 177 262 267 | 177 181 262 | ,Score: 0

D409m5.txt,0, | 396 403 419 | 178 264 267 | 379 419 421 | ,Score: 0

D410mR.txt,0, | 130 193 219 | 194 241 244 | 130 194 241 | ,Score: 0

D413m2.txt,0, | 158 163 249 | 165 190 194 | 164 165 167 | ,Score: 0

D414m2.txt,0, | 178 261 264 | 267 269 273 | 178 264 267 | ,Score: 0

D421m7.txt,0, | 204 206 235 | 203 232 235 | 130 132 197 | ,Score: 0

D428m7.txt,0, | 177 180 262 | 229 261 262 | 177 261 262 | ,Score: 0

D430mR.txt,0, | ,Score: 0

D431m9.txt,0, | ,Score: 0

D438m9.txt,0, | 178 179 182 | 177 178 179 | 177 179 181 | ,Score: 0

D450m5.txt,0, | 201 205 235 | 123 134 136 | 299 305 308 | ,Score: 0

D453m0.txt,0, | 270 271 272 | 178 180 184 | ,Score: 0

D459m2.txt,0, | 130 193 194 | ,Score: 0

D462m1.txt,0, | 336 339 403 | 329 334 335 | 335 336 403 | ,Score: 0

D464m0.txt,0, | 228 261 262 | ,Score: 0

