401 402 419 
401 418 419 
401 402 418 
376 418 419 
376 381 419 
376 380 419 
376 419 420 
402 418 419 
381 402 419 
402 419 420 
418 419 421 
381 418 419 
380 418 419 
418 419 420 
381 419 421 
380 419 421 
419 420 421 
380 381 419 
381 419 420 
380 419 420 
341 343 376 
341 342 376 
341 345 376 
341 342 343 
341 343 345 
341 342 345 
342 343 376 
343 376 381 
343 345 376 
343 376 380 
376 381 418 
376 380 418 
376 418 420 
342 376 381 
342 345 376 
342 376 380 
345 376 381 
376 380 381 
376 381 420 
345 376 380 
376 380 420 
381 402 418 
402 418 420 
381 402 420 
391 392 414 
391 434 436 
392 434 436 
434 436 437 
391 432 434 
392 432 434 
391 392 434 
391 434 437 
391 392 436 
391 436 437 
342 343 381 
342 343 345 
342 343 380 
343 345 381 
343 380 381 
343 345 380 
381 418 421 
380 418 421 
418 420 421 
380 381 418 
381 418 420 
380 418 420 
380 381 421 
381 420 421 
380 420 421 
342 345 381 
342 380 381 
342 345 380 
391 392 432 
345 380 381 
380 381 420 
