393 401 430 
400 401 419 
400 401 418 
400 401 430 
401 418 419 
393 440 443 
435 440 443 
393 435 440 
435 438 440 
393 443 444 
393 430 443 
393 435 443 
362 443 444 
355 362 443 
362 443 446 
355 443 444 
430 443 444 
443 444 446 
355 430 443 
355 443 446 
430 443 446 
393 430 444 
400 418 419 
355 362 444 
361 362 444 
362 444 446 
355 359 362 
355 361 362 
355 362 446 
359 361 362 
359 362 446 
361 362 446 
418 419 421 
376 418 419 
375 376 419 
375 418 419 
372 418 419 
372 375 419 
355 356 444 
356 361 444 
356 444 446 
355 430 444 
355 361 444 
355 444 446 
361 430 444 
430 444 446 
361 444 446 
375 376 377 
343 376 377 
343 375 377 
355 356 359 
355 356 361 
355 356 446 
356 359 361 
356 359 446 
356 361 446 
355 359 361 
355 359 446 
355 361 430 
355 430 446 
355 426 446 
355 361 446 
421 423 426 
376 405 418 
405 415 418 
405 406 414 
405 406 415 
405 414 415 
375 376 418 
345 375 376 
343 375 376 
343 345 376 
359 361 446 
372 375 418 
372 415 418 
361 430 446 
347 348 372 
345 347 348 
347 348 349 
347 348 370 
345 347 372 
347 349 372 
347 370 372 
345 347 370 
347 349 370 
406 409 414 
406 409 415 
409 414 415 
406 414 415 
345 372 375 
343 372 375 
343 345 375 
345 348 372 
348 349 372 
348 370 372 
345 348 370 
348 349 370 
348 349 451 
348 370 451 
349 426 451 
345 370 372 
343 345 372 
349 370 372 
349 370 451 
