M = 273 279 
293 299 | 171 175 | 177 261 | 280 286 | 325 401 | 345 370 | 283 288 | 145 268 | 368 388 | 147 178 | 146 178 | 286 293 | 142 146 | 282 288 | 147 262 | 293 299 | 337 409 | 143 147 | 178 261 | 281 296 | 324 401 | 178 261 | 278 297 | 232 261 | 388 435 | 146 178 | 262 267 | 147 270 | 299 303 | 271 277 | 279 303 | 412 415 | 142 146 | 290 443 | 150 178 | 146 177 | 293 321 | 178 266 | 313 319 | 337 408 | 345 347 | 178 267 | 178 267 | 337 408 | 142 146 | 266 272 | 262 267 | 341 406 | 146 178 | 335 403 | 267 274 | 178 267 | 401 419 | 338 341 | 267 274 | 143 177 | 178 266 | 177 267 | 434 444 | 146 271 | 354 428 | 325 333 | 

M = 169 240 
164 249 | 127 208 | 164 249 | 124 138 | 241 249 | 190 194 | 171 219 | 196 237 | 239 251 | 126 130 | 167 172 | 193 197 | 193 197 | 193 242 | 197 249 | 237 240 | 164 249 | 167 190 | 190 194 | 165 190 | 130 190 | 165 194 | 197 249 | 123 139 | 130 190 | 241 249 | 196 249 | 163 251 | 193 197 | 130 190 | 164 249 | 165 194 | 201 251 | 122 132 | 156 237 | 162 251 | 190 240 | 123 127 | 235 249 | 140 144 | 164 249 | 164 249 | 165 194 | 190 194 | 196 237 | 157 167 | 124 128 | 134 219 | 132 194 | 163 169 | 165 190 | 126 196 | 163 251 | 132 194 | 165 190 | 157 237 | 123 127 | 165 191 | 165 194 | 193 240 | 165 190 | 201 251 | 193 218 | 196 249 | 165 190 | 165 190 | 122 141 | 157 165 | 

FREQUENCIES
190: 14
249: 13
178: 12
165: 12
194: 9
146: 8
267: 8
193: 6
251: 6
164: 6
197: 5
196: 5
237: 5
130: 4
261: 4
293: 4
240: 4
177: 4
147: 4
132: 3
401: 3
262: 3
123: 3
266: 3
127: 3
299: 3
337: 3
167: 3
163: 3
157: 3
142: 3
219: 2
288: 2
341: 2
408: 2
124: 2
126: 2
201: 2
271: 2
274: 2
279: 2
303: 2
241: 2
388: 2
171: 2
345: 2
169: 2
286: 2
325: 2
143: 2
122: 2
218: 1
134: 1
139: 1
138: 1
347: 1
403: 1
281: 1
280: 1
283: 1
282: 1
409: 1
128: 1
268: 1
415: 1
412: 1
296: 1
370: 1
290: 1
319: 1
313: 1
191: 1
270: 1
272: 1
273: 1
277: 1
278: 1
428: 1
368: 1
406: 1
443: 1
444: 1
242: 1
419: 1
434: 1
435: 1
338: 1
335: 1
333: 1
175: 1
172: 1
297: 1
162: 1
150: 1
156: 1
239: 1
235: 1
232: 1
321: 1
324: 1
144: 1
145: 1
140: 1
141: 1
208: 1
354: 1
