M = 178 267 
171 175 | 123 208 | 178 261 | 261 265 | 267 274 | 146 178 | 147 178 | 177 226 | 142 146 | 178 266 | 147 262 | 143 147 | 178 261 | 179 261 | 147 178 | 179 261 | 146 178 | 232 261 | 146 178 | 262 267 | 147 270 | 146 271 | 142 146 | 146 268 | 203 232 | 145 178 | 147 179 | 178 266 | 267 272 | 122 208 | 259 262 | 120 208 | 267 274 | 178 266 | 178 261 | 262 267 | 178 266 | 205 235 | 262 267 | 177 262 | 265 268 | 181 262 | 143 177 | 147 179 | 146 178 | 146 271 | 147 268 | 146 265 | 122 141 | 

M = 282 288 
278 299 | 329 336 | 296 318 | 280 286 | 325 331 | 401 419 | 345 370 | 283 288 | 401 419 | 368 388 | 297 311 | 286 293 | 274 302 | 436 441 | 337 409 | 281 296 | 324 401 | 336 339 | 277 301 | 388 435 | 281 293 | 299 303 | 278 297 | 279 303 | 412 415 | 284 356 | 281 293 | 293 321 | 286 293 | 313 319 | 278 284 | 293 299 | 337 408 | 400 419 | 296 301 | 341 406 | 336 406 | 335 403 | 281 290 | 401 419 | 335 339 | 343 378 | 293 299 | 434 444 | 299 307 | 354 428 | 325 333 | 336 408 | 

M = 165 194 
132 194 | 123 127 | 235 249 | 165 191 | 124 138 | 241 249 | 190 194 | 194 197 | 163 251 | 131 241 | 167 172 | 239 251 | 194 243 | 126 130 | 165 167 | 139 219 | 196 249 | 130 134 | 245 248 | 167 190 | 193 242 | 163 249 | 123 127 | 163 251 | 237 240 | 191 242 | 164 249 | 165 190 | 165 239 | 130 190 | 128 194 | 157 164 | 127 208 | 239 251 | 126 196 | 123 139 | 241 249 | 196 244 | 163 250 | 162 165 | 241 249 | 165 239 | 165 240 | 126 130 | 164 169 | 124 135 | 193 242 | 157 237 | 123 139 | 163 249 | 201 251 | 163 251 | 190 240 | 235 251 | 122 135 | 164 249 | 163 249 | 194 242 | 167 190 | 190 194 | 139 220 | 196 237 | 157 165 | 123 131 | 134 219 | 132 194 | 164 249 | 163 169 | 165 190 | 165 190 | 126 196 | 123 132 | 164 249 | 192 241 | 167 171 | 201 251 | 130 241 | 162 165 | 194 219 | 193 241 | 164 249 | 241 249 | 196 237 | 196 249 | 194 219 | 241 249 | 157 165 | 

FREQUENCIES
165: 20
178: 19
194: 18
249: 16
267: 11
146: 10
190: 9
241: 9
251: 8
163: 8
147: 8
262: 7
261: 7
123: 7
293: 7
196: 7
164: 7
130: 5
299: 5
167: 5
126: 4
219: 4
139: 4
401: 4
281: 4
266: 4
419: 4
336: 4
179: 4
242: 4
157: 4
239: 4
237: 4
208: 4
132: 3
286: 3
265: 3
127: 3
268: 3
296: 3
193: 3
274: 3
278: 3
240: 3
177: 3
235: 3
122: 3
131: 2
135: 2
134: 2
288: 2
284: 2
297: 2
201: 2
191: 2
271: 2
406: 2
301: 2
303: 2
388: 2
339: 2
335: 2
337: 2
171: 2
169: 2
162: 2
408: 2
232: 2
325: 2
142: 2
143: 2
124: 2
138: 1
403: 1
341: 1
400: 1
280: 1
283: 1
282: 1
409: 1
120: 1
128: 1
415: 1
412: 1
290: 1
319: 1
318: 1
313: 1
197: 1
192: 1
270: 1
272: 1
277: 1
279: 1
250: 1
378: 1
428: 1
368: 1
302: 1
441: 1
444: 1
245: 1
244: 1
243: 1
370: 1
307: 1
248: 1
436: 1
434: 1
435: 1
331: 1
333: 1
259: 1
175: 1
172: 1
345: 1
181: 1
311: 1
343: 1
226: 1
205: 1
220: 1
321: 1
324: 1
329: 1
203: 1
145: 1
141: 1
356: 1
354: 1
