D102m2.txt,0, | 171 175 | 123 208 | 278 299 | ,Score: 0

D106m3.txt,0, | 329 336 | 178 261 | 132 194 | ,Score: 0

D107m0.txt,0, | 123 127 | 296 318 | 235 249 | ,Score: 0

D110m2.txt,0, | 165 191 | 124 138 | 280 286 | ,Score: 0

D202m2.txt,0, | 325 331 | 241 249 | 401 419 | ,Score: 0

D203m5.txt,0, | 190 194 | 261 265 | 345 370 | ,Score: 0

D204m0.txt,0, | 194 197 | 163 251 | 267 274 | ,Score: 0

D206mR.txt,0, | 131 241 | 283 288 | 167 172 | ,Score: 0

D210m8.txt,0, | 401 419 | 146 178 | 239 251 | ,Score: 0

D214m3.txt,0, | 194 243 | 368 388 | 147 178 | ,Score: 0

D215m7.txt,0, | 177 226 | 126 130 | 165 167 | ,Score: 0

D216m1.txt,0, | 297 311 | 286 293 | 142 146 | ,Score: 0

D217m3.txt,0, | 178 266 | 165 194 | 282 288 | ,Score: 0

D218m7.txt,0, | 139 219 | 196 249 | 147 262 | ,Score: 0

D221m4.txt,0, | 130 134 | 245 248 | 167 190 | ,Score: 0

D222m6.txt,0, | 274 302 | 193 242 | 436 441 | ,Score: 0

D228m5.txt,0, | 163 249 | 123 127 | 337 409 | ,Score: 0

D229m1.txt,0, | 143 147 | 163 251 | 237 240 | ,Score: 0

D231m7.txt,0, | 191 242 | 178 261 | 164 249 | ,Score: 0

D239m5.txt,0, | 179 261 | 165 194 | 281 296 | ,Score: 0

D301m9.txt,0, | 324 401 | 165 194 | 147 178 | ,Score: 0

D302m1.txt,0, | 165 190 | 179 261 | 146 178 | ,Score: 0

D304m4.txt,0, | 232 261 | 336 339 | 277 301 | ,Score: 0

D305m1.txt,0, | 388 435 | 281 293 | 146 178 | ,Score: 0

D306m2.txt,0, | 165 239 | 262 267 | 130 190 | ,Score: 0

D307m2.txt,0, | 128 194 | 147 270 | 157 164 | ,Score: 0

D308m5.txt,0, | 299 303 | 127 208 | 239 251 | ,Score: 0

D310m9.txt,0, | 126 196 | 178 267 | 123 139 | ,Score: 0

D311m8.txt,0, | 278 297 | 146 271 | 241 249 | ,Score: 0

D312m9.txt,0, | 196 244 | 279 303 | 163 250 | ,Score: 0

D313m5.txt,0, | 162 165 | 412 415 | 142 146 | ,Score: 0

D314m8.txt,0, | 284 356 | 241 249 | 281 293 | ,Score: 0

D315m6.txt,0, | 165 239 | 146 268 | 203 232 | ,Score: 0

D317m4.txt,0, | 145 178 | 293 321 | 165 240 | ,Score: 0

D318m3.txt,0, | 126 130 | 164 169 | 124 135 | ,Score: 0

D319m6.txt,0, | 147 179 | 286 293 | 193 242 | ,Score: 0

D320m3.txt,0, | 157 237 | 123 139 | 178 266 | ,Score: 0

D321m1.txt,0, | 163 249 | 201 251 | 313 319 | ,Score: 0

D322m0.txt,0, | 163 251 | 278 284 | 190 240 | ,Score: 0

D323m1.txt,0, | 267 272 | 165 194 | 122 208 | ,Score: 0

D324m6.txt,0, | 259 262 | 235 251 | 165 194 | ,Score: 0

D325m0.txt,0, | 293 299 | 122 135 | 164 249 | ,Score: 0

D326m0.txt,0, | 120 208 | 163 249 | 267 274 | ,Score: 0

D327m7.txt,0, | 178 267 | 194 242 | 167 190 | ,Score: 0

D328m3.txt,0, | 337 408 | 190 194 | 400 419 | ,Score: 0

D330m1.txt,0, | 139 220 | 178 267 | 196 237 | ,Score: 0

D331m0.txt,0, | 157 165 | 178 266 | 123 131 | ,Score: 0

D332m4.txt,0, | 296 301 | 134 219 | 178 261 | ,Score: 0

D333m4.txt,0, | 132 194 | 262 267 | 164 249 | ,Score: 0

D403m6.txt,0, | 341 406 | 336 406 | 163 169 | ,Score: 0

D407m5.txt,0, | 178 266 | 165 194 | 335 403 | ,Score: 0

D408m8.txt,0, | 178 267 | 281 290 | 165 190 | ,Score: 0

D409m5.txt,0, | 178 267 | 165 190 | 401 419 | ,Score: 0

D410mR.txt,0, | 126 196 | 335 339 | 343 378 | ,Score: 0

D413m2.txt,0, | 123 132 | 205 235 | 164 249 | ,Score: 0

D414m2.txt,0, | 192 241 | 167 171 | 262 267 | ,Score: 0

D421m7.txt,0, | 201 251 | 293 299 | 130 241 | ,Score: 0

D428m7.txt,0, | 177 262 | 162 165 | 194 219 | ,Score: 0

D430mR.txt,0, | 265 268 | 181 262 | 165 194 | ,Score: 0

D431m9.txt,0, | 193 241 | 143 177 | 164 249 | ,Score: 0

D438m9.txt,0, | 434 444 | 241 249 | 147 179 | ,Score: 0

D450m5.txt,0, | 196 237 | 146 178 | 299 307 | ,Score: 0

D453m0.txt,0, | 146 271 | 196 249 | 194 219 | ,Score: 0

D459m2.txt,0, | 147 268 | 354 428 | 165 194 | ,Score: 0

D462m1.txt,0, | 146 265 | 325 333 | 241 249 | ,Score: 0

D464m0.txt,0, | 122 141 | 336 408 | 157 165 | ,Score: 0

