M = 156 237 
206 237 | 201 251 | 158 249 | 345 375 | 346 370 | 199 251 | 206 226 | 357 359 | 157 164 | 157 249 | 157 165 | 157 249 | 196 237 | 356 361 | 126 196 | 201 251 | 126 130 | 157 249 | 158 162 | 358 451 | 120 123 | 203 232 | 165 249 | 164 249 | 201 233 | 205 235 | 239 251 | 120 124 | 201 251 | 164 249 | 157 237 | 127 196 | 201 233 | 356 361 | 120 208 | 201 208 | 158 250 | 157 164 | 

M = 267 274 
178 267 | 278 299 | 403 406 | 290 296 | 178 261 | 296 318 | 401 428 | 379 419 | 325 441 | 142 146 | 288 324 | 147 178 | 146 178 | 401 419 | 145 178 | 288 313 | 282 297 | 178 266 | 147 262 | 273 280 | 339 408 | 293 299 | 179 261 | 147 262 | 441 444 | 178 261 | 181 229 | 401 403 | 147 265 | 178 261 | 146 179 | 259 262 | 334 336 | 259 262 | 120 122 | 275 303 | 385 412 | 147 263 | 391 440 | 262 267 | 146 178 | 299 303 | 178 267 | 281 293 | 146 268 | 272 303 | 412 415 | 142 146 | 290 443 | 146 178 | 178 267 | 331 334 | 146 178 | 293 321 | 340 403 | 286 293 | 147 179 | 274 301 | 293 299 | 284 288 | 262 267 | 178 267 | 337 408 | 182 262 | 146 267 | 178 181 | 142 146 | 296 301 | 146 268 | 177 261 | 147 269 | 178 226 | 341 406 | 147 262 | 406 415 | 262 266 | 331 336 | 178 181 | 178 267 | 439 441 | 147 266 | 178 265 | 401 419 | 146 268 | 268 274 | 262 267 | 177 262 | 143 145 | 265 268 | 181 262 | 275 282 | 178 226 | 290 297 | 147 179 | 303 307 | 299 307 | 146 271 | 289 441 | 322 329 | 333 337 | 147 262 | 

M = 165 194 
123 127 | 191 242 | 165 168 | 165 190 | 127 135 | 123 136 | 190 194 | 194 243 | 165 190 | 123 126 | 164 167 | 130 219 | 124 135 | 123 127 | 245 248 | 171 220 | 194 243 | 245 248 | 165 240 | 359 362 | 123 139 | 123 138 | 162 165 | 130 239 | 193 241 | 124 135 | 193 218 | 165 167 | 124 135 | 194 243 | 194 219 | 194 243 | 193 219 | 196 244 | 124 135 | 243 244 | 127 134 | 165 247 | 190 216 | 194 219 | 123 127 | 172 190 | 241 249 | 193 242 | 165 191 | 194 245 | 167 190 | 243 247 | 135 213 | 165 190 | 194 219 | 163 165 | 193 242 | 122 141 | 

FREQUENCIES
178: 20
165: 14
262: 13
146: 13
194: 11
147: 11
267: 11
123: 8
249: 8
190: 7
157: 7
135: 6
127: 6
201: 6
243: 6
219: 5
261: 5
124: 5
268: 5
299: 5
293: 5
193: 5
251: 5
164: 5
401: 4
120: 4
196: 4
274: 4
441: 4
303: 4
179: 4
181: 4
237: 4
265: 3
130: 3
406: 3
403: 3
266: 3
126: 3
296: 3
290: 3
245: 3
419: 3
288: 3
242: 3
226: 3
167: 3
158: 3
142: 3
282: 2
408: 2
415: 2
412: 2
297: 2
191: 2
275: 2
361: 2
301: 2
244: 2
247: 2
241: 2
307: 2
248: 2
334: 2
337: 2
336: 2
331: 2
259: 2
177: 2
162: 2
239: 2
233: 2
145: 2
206: 2
208: 2
122: 2
356: 2
359: 2
216: 1
218: 1
136: 1
139: 1
138: 1
213: 1
289: 1
346: 1
341: 1
451: 1
281: 1
280: 1
284: 1
269: 1
379: 1
375: 1
318: 1
199: 1
134: 1
313: 1
271: 1
391: 1
273: 1
278: 1
205: 1
141: 1
428: 1
362: 1
440: 1
345: 1
443: 1
444: 1
385: 1
370: 1
439: 1
240: 1
339: 1
333: 1
250: 1
172: 1
171: 1
182: 1
340: 1
163: 1
168: 1
229: 1
220: 1
272: 1
286: 1
156: 1
235: 1
232: 1
322: 1
321: 1
324: 1
325: 1
329: 1
203: 1
143: 1
263: 1
357: 1
358: 1
