D102m2.txt,0, | 178 267 | 206 237 | 278 299 | ,Score: 0

D106m3.txt,0, | 403 406 | 290 296 | 178 261 | ,Score: 0

D107m0.txt,0, | 123 127 | 201 251 | 296 318 | ,Score: 0

D110m2.txt,0, | 191 242 | 165 168 | 158 249 | ,Score: 0

D202m2.txt,0, | 401 428 | 379 419 | 325 441 | ,Score: 0

D203m5.txt,0, | 345 375 | 346 370 | 142 146 | ,Score: 0

D204m0.txt,0, | 165 190 | 267 274 | 199 251 | ,Score: 0

D206mR.txt,0, | 127 135 | 288 324 | 147 178 | ,Score: 0

D210m8.txt,0, | 146 178 | 401 419 | 123 136 | ,Score: 0

D214m3.txt,0, | 190 194 | 194 243 | 165 190 | ,Score: 0

D215m7.txt,0, | 145 178 | 123 126 | 206 226 | ,Score: 0

D216m1.txt,0, | 357 359 | 164 167 | 157 164 | ,Score: 0

D217m3.txt,0, | 288 313 | 282 297 | 178 266 | ,Score: 0

D218m7.txt,0, | 130 219 | 124 135 | 147 262 | ,Score: 0

D221m4.txt,0, | 123 127 | 273 280 | 245 248 | ,Score: 0

D222m6.txt,0, | 339 408 | 293 299 | 171 220 | ,Score: 0

D228m5.txt,0, | 157 249 | 157 165 | 194 243 | ,Score: 0

D229m1.txt,0, | 157 249 | 245 248 | 165 240 | ,Score: 0

D231m7.txt,0, | 359 362 | 179 261 | 147 262 | ,Score: 0

D239m5.txt,0, | 441 444 | 178 261 | 181 229 | ,Score: 0

D301m9.txt,0, | 401 403 | 147 265 | 178 261 | ,Score: 0

D302m1.txt,0, | 146 179 | 259 262 | 334 336 | ,Score: 0

D304m4.txt,0, | 259 262 | 120 122 | 275 303 | ,Score: 0

D305m1.txt,0, | 385 412 | 147 263 | 391 440 | ,Score: 0

D306m2.txt,0, | 123 139 | 196 237 | 262 267 | ,Score: 0

D307m2.txt,0, | 267 274 | 146 178 | 356 361 | ,Score: 0

D308m5.txt,0, | 126 196 | 299 303 | 201 251 | ,Score: 0

D310m9.txt,0, | 126 130 | 178 267 | 123 138 | ,Score: 0

D311m8.txt,0, | 281 293 | 146 268 | 272 303 | ,Score: 0

D312m9.txt,0, | 157 249 | 162 165 | 158 162 | ,Score: 0

D313m5.txt,0, | 412 415 | 142 146 | 358 451 | ,Score: 0

D314m8.txt,0, | 120 123 | 290 443 | 146 178 | ,Score: 0

D315m6.txt,0, | 178 267 | 203 232 | 130 239 | ,Score: 0

D317m4.txt,0, | 331 334 | 146 178 | 293 321 | ,Score: 0

D318m3.txt,0, | 193 241 | 340 403 | 124 135 | ,Score: 0

D319m6.txt,0, | 286 293 | 147 179 | 193 218 | ,Score: 0

D320m3.txt,0, | 165 167 | 165 249 | 164 249 | ,Score: 0

D321m1.txt,0, | 156 237 | 124 135 | 201 233 | ,Score: 0

D322m0.txt,0, | 274 301 | 205 235 | 239 251 | ,Score: 0

D323m1.txt,0, | 194 243 | 165 194 | 194 219 | ,Score: 0

D324m6.txt,0, | 194 243 | 193 219 | 165 194 | ,Score: 0

D325m0.txt,0, | 293 299 | 196 244 | 124 135 | ,Score: 0

D326m0.txt,0, | 284 288 | 262 267 | 120 124 | ,Score: 0

D327m7.txt,0, | 178 267 | 243 244 | 127 134 | ,Score: 0

D328m3.txt,0, | 337 408 | 182 262 | 146 267 | ,Score: 0

D330m1.txt,0, | 178 181 | 201 251 | 142 146 | ,Score: 0

D331m0.txt,0, | 165 247 | 190 216 | 194 219 | ,Score: 0

D332m4.txt,0, | 296 301 | 146 268 | 177 261 | ,Score: 0

D333m4.txt,0, | 147 269 | 123 127 | 178 226 | ,Score: 0

D403m6.txt,0, | 341 406 | 147 262 | 406 415 | ,Score: 0

D407m5.txt,0, | 262 266 | 331 336 | 178 181 | ,Score: 0

D408m8.txt,0, | 178 267 | 172 190 | 439 441 | ,Score: 0

D409m5.txt,0, | 147 266 | 178 265 | 401 419 | ,Score: 0

D410mR.txt,0, | 241 249 | 193 242 | 165 191 | ,Score: 0

D413m2.txt,0, | 194 245 | 167 190 | 164 249 | ,Score: 0

D414m2.txt,0, | 146 268 | 268 274 | 262 267 | ,Score: 0

D421m7.txt,0, | 157 237 | 127 196 | 201 233 | ,Score: 0

D428m7.txt,0, | 177 262 | 143 145 | 356 361 | ,Score: 0

D430mR.txt,0, | 265 268 | 181 262 | 243 247 | ,Score: 0

D431m9.txt,0, | 275 282 | 135 213 | 178 226 | ,Score: 0

D438m9.txt,0, | 120 208 | 290 297 | 147 179 | ,Score: 0

D450m5.txt,0, | 201 208 | 303 307 | 299 307 | ,Score: 0

D453m0.txt,0, | 158 250 | 146 271 | 289 441 | ,Score: 0

D459m2.txt,0, | 165 190 | 194 219 | 163 165 | ,Score: 0

D462m1.txt,0, | 322 329 | 333 337 | 193 242 | ,Score: 0

D464m0.txt,0, | 122 141 | 157 164 | 147 262 | ,Score: 0

