M = 178 267 
178 261 | 146 268 | 178 266 | 261 265 | 267 274 | 147 178 | 144 147 | 147 178 | 145 178 | 178 266 | 147 262 | 142 146 | 261 265 | 274 302 | 179 261 | 147 262 | 178 261 | 147 178 | 146 267 | 259 262 | 229 262 | 146 178 | 272 278 | 259 262 | 275 303 | 147 263 | 146 178 | 145 267 | 228 262 | 143 147 | 267 274 | 178 261 | 146 271 | 146 178 | 146 178 | 147 179 | 178 266 | 267 272 | 178 265 | 228 262 | 262 267 | 178 181 | 142 146 | 147 268 | 178 261 | 262 267 | 147 268 | 146 266 | 147 262 | 181 262 | 142 146 | 148 266 | 265 268 | 146 266 | 268 274 | 177 261 | 267 273 | 177 261 | 261 265 | 178 266 | 178 182 | 147 178 | 265 271 | 180 184 | 146 265 | 

M = 241 249 
165 248 | 164 167 | 165 167 | 158 249 | 193 242 | 157 235 | 171 219 | 197 249 | 165 190 | 190 194 | 194 243 | 242 244 | 206 235 | 157 164 | 165 249 | 164 249 | 196 244 | 196 244 | 163 249 | 158 161 | 194 243 | 158 163 | 157 249 | 164 169 | 240 245 | 165 248 | 196 237 | 201 251 | 239 245 | 157 249 | 162 165 | 193 242 | 158 162 | 159 251 | 203 232 | 130 239 | 130 241 | 164 167 | 242 248 | 165 249 | 158 249 | 157 237 | 201 233 | 235 251 | 239 242 | 164 167 | 165 167 | 193 242 | 165 194 | 194 244 | 193 242 | 165 194 | 242 244 | 196 244 | 197 250 | 243 244 | 158 237 | 206 235 | 190 193 | 161 167 | 194 242 | 165 190 | 242 244 | 193 242 | 164 249 | 194 245 | 164 249 | 163 164 | 167 190 | 196 245 | 201 251 | 243 247 | 242 244 | 127 196 | 201 251 | 190 193 | 163 165 | 164 169 | 194 219 | 193 242 | 157 165 | 

M = 289 441 
278 299 | 345 346 | 403 406 | 290 296 | 296 318 | 441 444 | 318 325 | 327 402 | 331 336 | 345 370 | 327 400 | 291 320 | 401 419 | 319 326 | 357 359 | 282 297 | 401 419 | 291 316 | 283 286 | 277 284 | 293 299 | 436 441 | 359 362 | 391 438 | 441 444 | 401 403 | 284 290 | 388 435 | 356 361 | 299 303 | 337 408 | 400 428 | 277 281 | 292 297 | 278 299 | 412 415 | 440 443 | 281 293 | 293 321 | 331 401 | 340 403 | 286 293 | 313 319 | 293 300 | 293 299 | 337 408 | 337 339 | 409 412 | 296 301 | 376 379 | 341 406 | 336 408 | 335 403 | 439 441 | 401 419 | 293 299 | 438 440 | 363 368 | 327 400 | 282 313 | 440 443 | 290 297 | 299 305 | 293 300 | 333 337 | 319 326 | 408 411 | 335 407 | 

M = 124 135 
206 237 | 123 139 | 126 206 | 140 142 | 127 135 | 124 208 | 123 127 | 124 127 | 134 219 | 119 121 | 119 120 | 120 121 | 136 137 | 120 122 | 123 139 | 124 127 | 123 127 | 122 138 | 120 122 | 119 123 | 120 123 | 122 208 | 126 130 | 193 218 | 205 235 | 122 135 | 120 124 | 125 197 | 127 134 | 190 216 | 123 134 | 120 124 | 143 212 | 135 213 | 122 208 | 122 141 | 

FREQUENCIES
178: 28
267: 16
242: 13
249: 13
165: 13
146: 13
147: 13
262: 11
261: 10
164: 10
194: 9
193: 9
244: 9
293: 8
124: 8
120: 7
123: 7
266: 7
265: 7
127: 7
299: 7
190: 7
167: 7
122: 7
135: 6
196: 6
157: 6
158: 6
401: 5
268: 5
441: 5
251: 5
235: 5
403: 4
201: 4
274: 4
245: 4
243: 4
337: 4
163: 4
408: 4
237: 4
142: 4
206: 4
219: 3
130: 3
134: 3
400: 3
296: 3
290: 3
319: 3
197: 3
278: 3
119: 3
440: 3
241: 3
248: 3
419: 3
297: 3
239: 3
327: 3
208: 3
126: 2
139: 2
300: 2
406: 2
281: 2
282: 2
284: 2
286: 2
412: 2
291: 2
318: 2
313: 2
271: 2
277: 2
443: 2
303: 2
444: 2
438: 2
335: 2
336: 2
331: 2
259: 2
179: 2
177: 2
345: 2
181: 2
169: 2
228: 2
161: 2
162: 2
272: 2
326: 2
145: 2
143: 2
121: 2
359: 2
216: 1
212: 1
218: 1
137: 1
136: 1
138: 1
213: 1
289: 1
346: 1
402: 1
283: 1
409: 1
363: 1
379: 1
415: 1
411: 1
370: 1
292: 1
391: 1
273: 1
275: 1
205: 1
141: 1
428: 1
368: 1
362: 1
302: 1
361: 1
301: 1
305: 1
247: 1
240: 1
388: 1
439: 1
436: 1
435: 1
339: 1
333: 1
250: 1
171: 1
203: 1
407: 1
182: 1
180: 1
184: 1
340: 1
341: 1
316: 1
229: 1
159: 1
232: 1
233: 1
320: 1
321: 1
325: 1
144: 1
140: 1
148: 1
263: 1
357: 1
356: 1
376: 1
125: 1
