D102m2.txt,0, | 178 267 | 206 237 | 123 139 | 278 299 | ,Score: 0

D106m3.txt,0, | 345 346 | 403 406 | 290 296 | 178 261 | ,Score: 0

D107m0.txt,0, | 146 268 | 178 266 | 126 206 | 296 318 | ,Score: 0

D110m2.txt,0, | 165 248 | 164 167 | 165 167 | 158 249 | ,Score: 0

D202m2.txt,0, | 441 444 | 318 325 | 327 402 | 331 336 | ,Score: 0

D203m5.txt,0, | 140 142 | 261 265 | 193 242 | 345 370 | ,Score: 0

D204m0.txt,0, | 157 235 | 267 274 | 171 219 | 197 249 | ,Score: 0

D206mR.txt,0, | 127 135 | 327 400 | 291 320 | 147 178 | ,Score: 0

D210m8.txt,0, | 401 419 | 319 326 | 144 147 | 147 178 | ,Score: 0

D214m3.txt,0, | 165 190 | 190 194 | 194 243 | 242 244 | ,Score: 0

D215m7.txt,0, | 145 178 | 206 235 | 124 208 | 123 127 | ,Score: 0

D216m1.txt,0, | 357 359 | 157 164 | 165 249 | 164 249 | ,Score: 0

D217m3.txt,0, | 282 297 | 178 266 | 401 419 | 291 316 | ,Score: 0

D218m7.txt,0, | 124 127 | 196 244 | 147 262 | 134 219 | ,Score: 0

D221m4.txt,0, | 283 286 | 196 244 | 142 146 | 277 284 | ,Score: 0

D222m6.txt,0, | 261 265 | 274 302 | 293 299 | 436 441 | ,Score: 0

D228m5.txt,0, | 163 249 | 158 161 | 194 243 | 158 163 | ,Score: 0

D229m1.txt,0, | 157 249 | 164 169 | 240 245 | 165 248 | ,Score: 0

D231m7.txt,0, | 359 362 | 179 261 | 391 438 | 147 262 | ,Score: 0

D239m5.txt,0, | 441 444 | 119 121 | 178 261 | 119 120 | ,Score: 0

D301m9.txt,0, | 120 121 | 401 403 | 147 178 | 146 267 | ,Score: 0

D302m1.txt,0, | 136 137 | 259 262 | 229 262 | 146 178 | ,Score: 0

D304m4.txt,0, | 272 278 | 259 262 | 120 122 | 275 303 | ,Score: 0

D305m1.txt,0, | 284 290 | 147 263 | 388 435 | 146 178 | ,Score: 0

D306m2.txt,0, | 123 139 | 145 267 | 196 237 | 228 262 | ,Score: 0

D307m2.txt,0, | 143 147 | 267 274 | 178 261 | 356 361 | ,Score: 0

D308m5.txt,0, | 299 303 | 124 127 | 201 251 | 239 245 | ,Score: 0

D310m9.txt,0, | 337 408 | 123 127 | 122 138 | 400 428 | ,Score: 0

D311m8.txt,0, | 146 271 | 277 281 | 292 297 | 278 299 | ,Score: 0

D312m9.txt,0, | 157 249 | 162 165 | 193 242 | 158 162 | ,Score: 0

D313m5.txt,0, | 178 267 | 412 415 | 120 122 | 119 123 | ,Score: 0

D314m8.txt,0, | 440 443 | 120 123 | 281 293 | 146 178 | ,Score: 0

D315m6.txt,0, | 178 267 | 159 251 | 203 232 | 130 239 | ,Score: 0

D317m4.txt,0, | 293 321 | 331 401 | 146 178 | 122 208 | ,Score: 0

D318m3.txt,0, | 126 130 | 340 403 | 130 241 | 124 135 | ,Score: 0

D319m6.txt,0, | 286 293 | 147 179 | 178 266 | 193 218 | ,Score: 0

D320m3.txt,0, | 164 167 | 242 248 | 165 249 | 158 249 | ,Score: 0

D321m1.txt,0, | 157 237 | 124 135 | 201 233 | 313 319 | ,Score: 0

D322m0.txt,0, | 235 251 | 239 242 | 205 235 | 293 300 | ,Score: 0

D323m1.txt,0, | 164 167 | 165 167 | 193 242 | 165 194 | ,Score: 0

D324m6.txt,0, | 194 244 | 193 242 | 165 194 | 242 244 | ,Score: 0

D325m0.txt,0, | 293 299 | 122 135 | 196 244 | 197 250 | ,Score: 0

D326m0.txt,0, | 267 272 | 178 265 | 228 262 | 120 124 | ,Score: 0

D327m7.txt,0, | 178 267 | 243 244 | 125 197 | 127 134 | ,Score: 0

D328m3.txt,0, | 337 408 | 337 339 | 262 267 | 409 412 | ,Score: 0

D330m1.txt,0, | 178 181 | 158 237 | 142 146 | 206 235 | ,Score: 0

D331m0.txt,0, | 190 193 | 161 167 | 190 216 | 194 242 | ,Score: 0

D332m4.txt,0, | 296 301 | 123 134 | 147 268 | 178 261 | ,Score: 0

D333m4.txt,0, | 241 249 | 376 379 | 124 135 | 262 267 | ,Score: 0

D403m6.txt,0, | 341 406 | 147 268 | 146 266 | 147 262 | ,Score: 0

D407m5.txt,0, | 336 408 | 181 262 | 142 146 | 335 403 | ,Score: 0

D408m8.txt,0, | 178 267 | 165 190 | 439 441 | 148 266 | ,Score: 0

D409m5.txt,0, | 178 267 | 265 268 | 146 266 | 401 419 | ,Score: 0

D410mR.txt,0, | 242 244 | 241 249 | 193 242 | 164 249 | ,Score: 0

D413m2.txt,0, | 194 245 | 164 249 | 163 164 | 167 190 | ,Score: 0

D414m2.txt,0, | 178 267 | 268 274 | 177 261 | 267 273 | ,Score: 0

D421m7.txt,0, | 196 245 | 201 251 | 293 299 | 120 124 | ,Score: 0

D428m7.txt,0, | 438 440 | 363 368 | 327 400 | 177 261 | ,Score: 0

D430mR.txt,0, | 261 265 | 243 247 | 178 266 | 242 244 | ,Score: 0

D431m9.txt,0, | 282 313 | 178 267 | 143 212 | 135 213 | ,Score: 0

D438m9.txt,0, | 440 443 | 290 297 | 178 182 | 147 178 | ,Score: 0

D450m5.txt,0, | 127 196 | 201 251 | 299 305 | 122 208 | ,Score: 0

D453m0.txt,0, | 265 271 | 180 184 | 289 441 | 293 300 | ,Score: 0

D459m2.txt,0, | 190 193 | 163 165 | 164 169 | 194 219 | ,Score: 0

D462m1.txt,0, | 146 265 | 333 337 | 193 242 | 319 326 | ,Score: 0

D464m0.txt,0, | 122 141 | 157 165 | 408 411 | 335 407 | ,Score: 0

